city011_099
PYUUMA
67
-0.334621 -0.084195 -0.060757 0.290463 0.158807 -0.008642 -0.005644 0.081631 -0.031682 -0.065729 0.131007 -0.045806 0.046520 -0.111557 0.103509 
0.707136 -0.589999 0.141048 0.078043 -0.130157 0.102459 0.006066 0.144303 0.060564 -0.141076 0.065151 -0.027656 0.066411 -0.110242 0.126437 
1.777744 -0.518309 0.504949 -0.161864 -0.195343 -0.055577 0.048190 0.095085 -0.120117 -0.193122 0.044377 -0.031510 0.018841 -0.062831 0.105662 
1.368799 -0.763970 0.739503 -0.217137 -0.068884 -0.055640 0.137121 0.091110 -0.199043 -0.161928 0.138071 -0.034808 -0.016117 -0.090120 0.160808 
1.290167 -0.732067 0.727662 -0.034873 -0.335782 -0.269375 0.058531 0.043635 -0.186222 0.043378 0.184518 -0.069270 0.031815 0.005689 0.034267 
1.760932 -0.498216 0.614829 -0.227271 -0.240227 -0.097769 -0.040520 -0.155655 -0.202184 -0.227649 0.102621 -0.143018 0.104802 0.027235 0.057554 
1.538529 -0.115938 0.862264 0.013387 -0.349591 -0.070442 -0.041610 -0.129271 -0.134273 -0.038778 0.124772 -0.110357 0.100452 0.002234 0.085712 
1.160451 -0.714428 1.204690 0.166548 -0.371794 0.038079 0.031172 0.006128 -0.210321 -0.032846 0.197809 -0.301742 0.140338 -0.006924 -0.038549 
0.749871 -1.124318 1.493295 0.108537 -0.400644 -0.025255 -0.141593 -0.014041 -0.389108 -0.157008 0.213527 -0.389683 0.091371 0.023381 -0.029294 
0.892543 -1.046653 1.500535 0.062617 -0.376266 -0.069941 -0.114124 0.023187 -0.413069 -0.154169 0.253412 -0.394576 0.077800 0.061176 -0.029611 
0.757041 -0.975357 1.448242 0.004680 -0.257302 -0.229926 0.025115 -0.066981 -0.375893 -0.116795 0.186766 -0.281389 -0.027186 0.154708 -0.075950 
0.691331 -0.951346 1.369319 0.012837 -0.192481 -0.307107 0.068209 -0.089281 -0.389745 -0.113133 0.189988 -0.292171 -0.025339 0.145322 -0.052858 
0.692955 -0.983608 1.340046 0.003382 -0.104279 -0.393152 0.081687 -0.076709 -0.403693 -0.148722 0.216988 -0.305563 -0.032256 0.140702 -0.042883 
0.764622 -1.070680 1.404122 -0.030016 -0.058531 -0.458325 0.070555 -0.059389 -0.407214 -0.151226 0.177853 -0.247552 -0.058438 0.166553 -0.079400 
0.723169 -1.017049 1.316319 0.056057 -0.103608 -0.445672 0.037287 -0.038925 -0.401740 -0.170813 0.172973 -0.239967 -0.036335 0.138538 -0.070000 
0.818927 -1.089893 1.284421 0.032029 -0.036475 -0.494584 0.041227 -0.059943 -0.373992 -0.228412 0.206984 -0.257864 -0.020949 0.122250 -0.081634 
0.867014 -1.152704 1.227664 0.072621 -0.007695 -0.465690 -0.025487 -0.069998 -0.346743 -0.250299 0.171389 -0.244857 -0.022493 0.103638 -0.077745 
0.857125 -1.187775 1.173412 0.125039 0.049046 -0.455820 -0.096459 -0.083426 -0.329612 -0.223568 0.110305 -0.278582 0.016732 0.085827 -0.071633 
0.934097 -1.152823 1.123910 0.130224 0.034134 -0.360797 -0.188645 -0.086855 -0.296953 -0.207056 0.087749 -0.328255 0.095853 0.046280 -0.058165 
1.079776 -1.106406 1.022313 0.051238 0.134327 -0.375204 -0.154866 -0.073414 -0.376635 -0.120133 0.047464 -0.286767 0.105619 -0.041530 0.002675 
1.242966 -1.052041 0.962492 -0.035801 0.155702 -0.345897 -0.145143 -0.045309 -0.387753 -0.127867 0.047304 -0.252089 0.121021 -0.051647 -0.022338 
1.346725 -1.023871 0.977224 -0.060374 0.114969 -0.271982 -0.222067 -0.022939 -0.302565 -0.100629 -0.007325 -0.210514 0.120291 -0.008320 -0.042923 
1.441460 -1.071086 1.085394 -0.071867 0.106576 -0.254143 -0.275145 -0.052137 -0.196696 -0.077128 -0.060890 -0.210307 0.155897 -0.004110 0.003727 
1.414518 -1.016938 1.200776 0.048001 0.035576 -0.188280 -0.370400 -0.060404 -0.171272 -0.054423 -0.113889 -0.272718 0.211835 -0.019945 0.029943 
1.275889 -1.002219 1.240489 0.044484 0.055523 -0.130135 -0.402269 -0.071576 -0.155607 -0.099624 -0.113957 -0.325201 0.178218 0.009130 -0.019023 
1.278098 -0.921602 1.211133 0.017485 0.048063 -0.110047 -0.338279 -0.118518 -0.136327 -0.119002 -0.069110 -0.327404 0.157990 0.005960 -0.029177 
1.382553 -0.935470 1.087071 -0.128809 0.169461 -0.086221 -0.247958 -0.166672 -0.204365 -0.147660 0.029833 -0.339529 0.086839 -0.023664 -0.031860 
1.460483 -0.918826 0.966265 -0.174203 0.215288 0.003174 -0.242949 -0.228696 -0.256494 -0.040795 0.033789 -0.372266 0.096486 -0.035839 -0.034909 
1.479200 -0.761505 0.898824 -0.143214 0.149519 0.034362 -0.273688 -0.200113 -0.240399 0.011725 0.071759 -0.387400 0.107406 0.014163 -0.010492 
1.518699 -0.707572 0.903913 -0.136121 0.124351 0.048983 -0.254496 -0.223402 -0.261121 0.041454 0.077152 -0.355906 0.053681 0.044928 0.014127 
1.591208 -0.796116 0.888238 -0.166059 0.140962 -0.001256 -0.219085 -0.221708 -0.228314 0.011427 0.105204 -0.341978 0.085932 0.012409 0.050465 
1.602938 -0.775237 0.875338 -0.171525 0.128329 -0.012247 -0.204622 -0.242364 -0.217566 0.024316 0.099298 -0.363008 0.116891 0.024466 0.024674 
1.581628 -0.758514 0.770121 -0.097424 0.107323 0.033182 -0.263414 -0.231542 -0.257248 0.043766 0.166864 -0.424191 0.112126 0.044302 0.031683 
1.532082 -0.713919 0.763528 -0.117809 0.069363 0.045532 -0.262842 -0.245286 -0.278621 0.065143 0.167372 -0.386832 0.106132 0.033023 0.066856 
1.591123 -0.780959 0.688417 -0.120501 0.014922 0.119371 -0.325658 -0.144482 -0.372709 0.072873 0.206024 -0.434342 0.192156 -0.015621 0.005730 
1.649568 -0.767551 0.578751 -0.098474 -0.061409 0.230776 -0.390048 -0.075149 -0.437863 0.043386 0.259011 -0.430365 0.181470 -0.000337 -0.039078 
1.696556 -0.702967 0.555224 -0.158324 -0.068731 0.215371 -0.313028 -0.148016 -0.413562 0.056767 0.250512 -0.391887 0.212948 -0.040193 -0.034800 
1.681820 -0.620264 0.426460 -0.127499 -0.136675 0.226609 -0.255548 -0.161571 -0.418203 0.013908 0.242098 -0.361567 0.238119 -0.034498 -0.074084 
1.675674 -0.603886 0.444209 -0.082478 -0.265939 0.288289 -0.137653 -0.165555 -0.392442 -0.101117 0.193953 -0.344468 0.294803 -0.072806 -0.086227 
1.373398 -0.444253 0.626055 0.203983 -0.357965 0.254229 -0.036463 -0.226731 -0.270944 0.006800 0.075776 -0.336899 0.189778 -0.081122 -0.061175 
1.276318 -0.477414 0.806534 0.418188 -0.277902 0.194484 -0.071283 -0.320782 -0.058074 -0.012303 -0.041902 -0.279729 0.056058 0.001203 -0.044166 
1.144053 -0.453795 0.807936 0.413167 -0.349074 0.195087 -0.098364 -0.278190 -0.088624 -0.010904 -0.040910 -0.288292 0.112284 -0.016406 -0.076211 
1.137497 -0.531006 0.816020 0.434592 -0.274053 0.143323 -0.101347 -0.264682 -0.086698 0.018061 -0.101795 -0.280734 0.152002 -0.106931 0.015368 
1.099246 -0.584320 0.853603 0.410469 -0.265411 0.117724 -0.092859 -0.281879 -0.080975 -0.013491 -0.049757 -0.360529 0.204034 -0.113839 0.010983 
0.993996 -0.565830 0.884363 0.451386 -0.261277 0.084065 -0.081284 -0.265978 -0.106070 0.048172 -0.136241 -0.291540 0.134662 -0.033120 -0.045944 
0.991782 -0.564947 0.783561 0.441823 -0.276121 0.155894 -0.069446 -0.339230 -0.066871 0.090694 -0.148125 -0.289975 0.168326 -0.089301 -0.007802 
1.624410 -0.887481 0.311912 -0.247039 -0.125912 0.220025 0.022631 -0.077837 -0.231490 0.176984 0.174006 -0.256975 0.261401 -0.173190 -0.023746 
1.777370 -1.071869 0.067634 -0.376794 0.042728 0.174093 -0.085928 -0.028167 -0.231609 0.272672 0.219187 -0.371236 0.255852 -0.186360 -0.008769 
1.589653 -1.056820 -0.068211 -0.429573 0.077497 0.107429 -0.008348 0.020502 -0.130074 0.323675 0.102700 -0.415374 0.181228 -0.152463 0.103655 
1.571651 -1.155388 -0.048246 -0.535389 0.100063 0.108581 -0.055091 0.050344 -0.093453 0.265762 0.172288 -0.476158 0.161403 -0.104250 0.113561 
1.532863 -1.203803 -0.048469 -0.578271 0.125597 0.138117 -0.059601 0.070323 -0.126785 0.273635 0.167595 -0.493412 0.172874 -0.097084 0.108031 
1.560298 -1.213276 -0.122048 -0.516220 0.077635 0.222493 -0.088705 0.119798 -0.184684 0.320018 0.118323 -0.509930 0.208476 -0.118131 0.110732 
1.618100 -1.231414 -0.081726 -0.488149 0.048428 0.262280 -0.066503 0.163108 -0.236867 0.356023 0.066206 -0.476909 0.207391 -0.156209 0.129638 
1.580933 -1.241182 -0.121459 -0.476204 0.078090 0.210571 -0.037213 0.149661 -0.235421 0.362332 0.043850 -0.459860 0.217484 -0.171052 0.156189 
1.602347 -1.233482 -0.135561 -0.501592 0.130501 0.144928 0.025228 0.061766 -0.152994 0.307521 0.026351 -0.424920 0.235089 -0.193518 0.185350 
1.515709 -1.188304 -0.124992 -0.490242 0.113787 0.190446 -0.012513 0.127240 -0.238792 0.368114 0.012716 -0.418974 0.212186 -0.175851 0.169402 
1.513695 -1.113496 -0.170510 -0.492479 0.133560 0.191276 -0.016949 0.107313 -0.232105 0.351212 0.032988 -0.413232 0.204075 -0.163804 0.164153 
1.476751 -1.094891 -0.212574 -0.455457 0.167100 0.141468 0.013837 0.074010 -0.241123 0.370870 -0.002446 -0.369925 0.206690 -0.169255 0.169914 
1.474512 -1.120211 -0.178420 -0.447409 0.167199 0.166240 0.021815 0.096872 -0.258157 0.370091 -0.009626 -0.371521 0.213583 -0.190175 0.199909 
1.405816 -1.002205 -0.190145 -0.477290 0.176468 0.099109 0.071419 0.037975 -0.207106 0.352267 0.003920 -0.388281 0.221228 -0.175661 0.182986 
1.400092 -0.949173 -0.185411 -0.425945 0.171118 0.115044 0.016943 0.073709 -0.205613 0.325677 -0.011364 -0.343096 0.227795 -0.181302 0.176169 
1.462374 -0.813710 -0.454290 -0.221914 0.053806 0.150222 0.095310 -0.026669 -0.114705 0.238555 0.030098 -0.363215 0.199599 -0.115652 0.171838 
1.422069 -0.822252 -0.447606 -0.269632 0.083853 0.144877 0.080311 -0.038012 -0.100658 0.233611 0.043043 -0.397469 0.227801 -0.119123 0.168944 
0.815477 -0.484098 -0.412942 -0.348722 0.105995 0.158681 0.158321 -0.071357 0.049151 0.231486 0.055297 -0.437735 0.041614 -0.045563 0.211144 
1.271834 -0.346630 -0.511359 -0.000264 0.024127 0.197473 0.101501 -0.114874 0.096235 0.136505 0.037190 -0.273404 0.142191 -0.120006 0.158542 
0.810088 -0.242559 -0.534722 -0.234291 0.067260 0.194336 0.061825 -0.073050 0.023686 0.241530 0.063852 -0.319861 0.011222 -0.070091 0.138744 
-0.315872 -0.335000 -0.344973 -0.037063 -0.018136 0.065922 -0.052912 0.057115 -0.025201 0.048405 0.080100 -0.232753 0.153707 -0.033315 0.035128 
