city011_092
JARI
44
-0.096963 -0.378119 0.114987 -0.302544 -0.088181 -0.195875 0.112260 -0.042751 0.067738 0.021303 0.007444 0.010855 0.062463 -0.169977 0.138000 
-0.515556 -0.395189 0.178504 -0.221572 0.134926 -0.084731 0.123303 -0.004156 0.124545 -0.046804 -0.177223 0.060071 0.200151 -0.220989 0.099949 
-0.283244 -0.372296 0.297454 -0.384512 0.288282 -0.051761 0.016250 -0.080390 0.118889 0.001624 -0.035315 -0.080754 0.137024 -0.075880 0.013160 
0.470677 -0.283243 0.513206 -0.319534 -0.145290 -0.302807 -0.071386 -0.182961 0.127141 -0.038742 0.009928 0.060327 0.244314 -0.224705 0.183167 
1.246823 -0.499148 0.742099 -0.179827 -0.121039 -0.194777 -0.334814 0.018660 -0.044406 -0.040020 -0.010175 -0.011834 0.272360 -0.180102 0.136287 
1.433050 -0.961206 0.793754 -0.160174 -0.204951 -0.285064 -0.416272 0.023179 0.010757 0.093038 0.007746 0.037914 0.360163 -0.180924 0.164528 
1.544467 -1.100930 0.556548 -0.218977 -0.257898 -0.259265 -0.418064 -0.074100 0.202106 0.094706 0.045277 -0.020367 0.409922 -0.111153 -0.020234 
1.557223 -1.202201 0.455589 -0.229817 -0.210480 -0.234768 -0.355041 0.060325 0.218247 0.178698 -0.052669 -0.068362 0.364116 -0.202355 -0.043364 
1.418095 -1.081574 0.218319 -0.383447 -0.112359 -0.357269 -0.170428 -0.035835 0.380561 0.181329 -0.038693 -0.097322 0.252964 -0.140118 -0.163524 
1.383152 -1.111188 0.176803 -0.507344 0.008357 -0.374060 -0.153171 0.118153 0.255853 0.245959 0.017907 -0.219136 0.104646 -0.019340 -0.157632 
1.305419 -1.270420 0.218669 -0.570301 0.028093 -0.322937 -0.085451 0.022691 0.305300 0.236444 0.033469 -0.309650 0.129438 -0.009268 -0.155667 
1.323116 -1.235800 0.238613 -0.551437 0.011631 -0.274191 -0.080654 -0.000505 0.320427 0.229743 0.018055 -0.332640 0.111724 0.031271 -0.158310 
1.265184 -1.218496 0.210402 -0.548186 0.001224 -0.255499 -0.102598 0.016359 0.294437 0.274220 0.008502 -0.339869 0.121510 0.013901 -0.170862 
1.271610 -1.238557 0.172182 -0.528709 -0.020183 -0.234116 -0.128574 0.014035 0.302075 0.288229 -0.000250 -0.309481 0.090447 0.027459 -0.180087 
1.309475 -1.249621 0.226425 -0.535376 -0.023811 -0.225589 -0.140578 -0.013674 0.294664 0.319694 -0.011975 -0.271641 0.064133 0.037512 -0.169918 
1.289547 -1.182951 0.219195 -0.506012 -0.036909 -0.243654 -0.131698 -0.009146 0.311927 0.292828 -0.027305 -0.276442 0.128420 -0.014102 -0.167457 
1.289890 -1.140826 0.268148 -0.514764 -0.020327 -0.276057 -0.141590 -0.001177 0.283450 0.302707 -0.020886 -0.260574 0.134160 0.008535 -0.195977 
1.218355 -1.104805 0.280976 -0.444949 -0.065315 -0.298947 -0.168836 0.023403 0.288993 0.285369 -0.011424 -0.264251 0.188723 0.002696 -0.255816 
1.285807 -1.127171 0.306477 -0.474192 -0.055281 -0.352057 -0.163082 0.003595 0.319225 0.231840 0.012886 -0.247505 0.242980 -0.021624 -0.259910 
1.196573 -1.124732 0.357891 -0.360454 -0.110196 -0.405602 -0.189331 0.034549 0.238268 0.248487 -0.005504 -0.157104 0.274950 -0.034257 -0.269404 
1.269390 -1.248656 0.515207 -0.244247 -0.160634 -0.396488 -0.259926 0.132329 0.074901 0.218548 -0.001217 -0.090938 0.318666 -0.085731 -0.169578 
1.395180 -1.268024 0.762986 -0.056514 -0.120995 -0.342474 -0.435097 0.227917 -0.115278 0.031864 0.056544 -0.084527 0.395909 -0.196712 0.073008 
0.681289 -0.400386 0.439947 0.387986 -0.024655 -0.340062 -0.153385 0.178930 -0.096259 -0.123768 0.009780 -0.047820 0.160897 -0.121204 0.005085 
0.855345 0.000684 0.401038 0.521980 0.193923 -0.115179 -0.219611 0.095039 0.027830 -0.187856 -0.165068 -0.124705 0.180549 -0.248772 -0.004658 
0.556095 0.055248 0.431962 0.622012 0.222657 -0.156358 -0.157468 0.057586 0.030452 -0.217418 -0.192885 -0.106053 0.102339 -0.267965 -0.003603 
0.611703 -0.655219 0.970962 -0.068810 0.088965 -0.052855 -0.206716 -0.092584 -0.168977 -0.047324 -0.043463 -0.140554 0.079229 -0.188493 0.239867 
0.892601 -0.862704 1.565161 -0.258140 -0.141767 -0.097352 -0.260233 0.022042 -0.281459 -0.136032 0.021868 -0.108381 0.102653 -0.215654 0.310437 
0.848741 -0.813775 1.600827 -0.312265 -0.152730 0.050711 -0.373258 0.101193 -0.274352 -0.186538 0.121308 -0.171035 0.031697 -0.077234 0.204918 
0.867291 -0.867967 1.726533 -0.424982 -0.095311 0.107751 -0.364536 0.090551 -0.297123 -0.202176 0.166946 -0.280666 0.047080 -0.054361 0.174438 
0.747812 -0.796075 1.691202 -0.401291 -0.050653 0.168905 -0.399434 0.094907 -0.305719 -0.216227 0.156792 -0.324470 0.014194 -0.015275 0.080596 
0.703899 -0.756636 1.663434 -0.406328 -0.010402 0.187455 -0.391183 0.077924 -0.312737 -0.231311 0.167946 -0.367505 0.006221 -0.009532 0.047169 
0.542055 -0.656744 1.598843 -0.345056 -0.033878 0.209992 -0.424242 0.093864 -0.337945 -0.225762 0.153889 -0.367184 -0.030653 0.038710 -0.006767 
0.765763 -0.816550 1.725953 -0.428968 0.021461 0.200867 -0.420705 0.090370 -0.346020 -0.249553 0.186358 -0.430904 0.011308 -0.004975 0.024526 
0.486928 -0.584723 1.535692 -0.299633 -0.021471 0.220534 -0.434582 0.081513 -0.352164 -0.226125 0.147765 -0.416873 -0.008888 0.021222 -0.027691 
0.614334 -0.769553 1.677100 -0.371669 0.029533 0.222469 -0.455993 0.072150 -0.324679 -0.274155 0.185175 -0.468328 0.017394 -0.005861 -0.008371 
0.427211 -0.609219 1.649246 -0.356206 -0.006997 0.231995 -0.467064 0.102168 -0.363164 -0.262123 0.185469 -0.472944 -0.001629 0.040126 -0.050535 
0.409127 -0.540690 1.732192 -0.366164 -0.054819 0.235812 -0.500258 0.170240 -0.431921 -0.254879 0.211258 -0.527874 0.037242 0.044104 -0.070321 
0.465905 -0.362648 1.769013 -0.352389 -0.107567 0.215050 -0.494134 0.186415 -0.477732 -0.220012 0.201248 -0.543002 0.086966 0.027409 -0.068293 
0.470695 -0.102776 1.558876 -0.312827 -0.195130 0.276032 -0.492332 0.120963 -0.410294 -0.256690 0.176489 -0.477112 0.043222 0.027229 -0.047919 
0.595825 0.187879 1.340107 -0.119156 -0.160780 0.116103 -0.312594 0.064603 -0.452752 -0.182285 0.157182 -0.513765 0.064103 0.024874 -0.076017 
0.470121 0.071459 1.250689 -0.142818 -0.144538 0.199802 -0.309788 0.095684 -0.449915 -0.180547 0.152634 -0.530539 0.076454 -0.055604 -0.026828 
0.201741 0.073913 0.987692 -0.158598 0.038960 0.046715 -0.194542 0.037101 -0.410468 -0.095705 0.160582 -0.452419 0.083283 -0.012037 -0.007032 
-0.166055 -0.102190 0.575095 0.199552 -0.060790 -0.073640 -0.217515 -0.001560 -0.152286 -0.089130 0.177155 -0.355347 0.117008 0.134936 -0.100706 
-0.251271 -0.244136 0.171295 0.087485 -0.057409 -0.084861 -0.159004 0.150672 -0.063094 -0.060902 0.191178 -0.226156 0.142958 -0.012814 -0.004417 
