city011_002
IKEBUKURO
85
-0.601538 -0.221416 -0.176243 0.011330 0.012472 0.137489 -0.041928 -0.109329 -0.032520 0.092306 0.037081 -0.057238 -0.012810 0.016287 -0.016225 
-0.662165 -0.006032 0.003746 0.049036 0.063273 0.217495 0.085290 -0.097621 -0.058981 0.061319 0.053514 -0.026932 0.014576 0.015888 -0.077132 
-0.048778 0.315811 0.853731 -0.202507 0.054986 0.172240 -0.154297 -0.065233 -0.317057 -0.074762 -0.010047 -0.247819 -0.042814 -0.005147 -0.050309 
-0.134679 0.349357 1.025652 0.005463 -0.012487 0.213074 -0.069925 -0.047074 -0.240080 -0.026012 -0.033119 -0.269920 -0.030794 -0.052631 -0.036406 
-0.014700 0.492059 0.497797 0.153590 0.174600 0.268720 -0.000957 -0.088500 -0.086766 0.016601 -0.006955 -0.114894 -0.023793 -0.086895 -0.008422 
-0.043886 0.313148 0.265692 0.303683 0.170119 0.150675 0.045845 -0.214878 -0.024363 -0.086504 0.081482 -0.093996 -0.113519 -0.072271 0.039956 
-0.501556 -0.098753 0.013656 0.002438 -0.000166 0.051311 0.016225 -0.007179 0.106891 -0.078140 -0.059319 0.068902 0.030573 -0.076765 0.028914 
-0.357655 -0.158426 -0.290473 -0.069983 -0.053276 0.050846 -0.030086 -0.036941 -0.000838 0.003080 0.107360 -0.066092 -0.040594 0.065011 -0.064791 
-0.553935 0.086705 -0.143857 -0.104595 -0.013580 0.220768 -0.030493 -0.131525 -0.161830 0.191416 0.013662 -0.059253 0.034688 -0.007910 -0.103017 
-0.560183 -0.131586 -0.131474 -0.007002 -0.033888 0.152514 0.096585 -0.029142 -0.090389 0.014745 0.014063 0.003490 0.007722 0.029724 -0.064211 
-0.385395 -0.094329 0.111942 -0.031838 0.151811 0.223325 -0.034109 0.087959 -0.021083 0.010403 0.001338 0.030119 0.046809 -0.042246 0.009149 
-0.375925 -0.991959 0.526078 -0.597722 0.141655 0.099391 -0.191393 0.174030 -0.068219 0.022178 0.024853 -0.031278 -0.000829 -0.021012 0.032453 
-0.367945 -0.677995 0.646069 -0.751874 0.109384 0.075530 -0.231876 0.034721 -0.012958 0.072378 0.065438 -0.016393 -0.050289 0.050065 -0.036318 
-0.092202 -0.510328 0.762828 -0.456492 0.299419 0.311512 -0.200288 -0.000315 -0.066455 -0.012804 0.142831 -0.021429 -0.099635 0.035968 0.018281 
0.529749 -0.727288 1.568254 -0.348691 -0.143241 0.126357 -0.383284 0.098847 -0.354884 -0.090680 0.044038 -0.184184 -0.003043 -0.002720 0.093856 
0.877602 -0.968936 1.528752 -0.458428 -0.135462 0.172877 -0.416332 0.009575 -0.398439 -0.110561 0.025233 -0.137384 -0.043403 -0.007404 0.152081 
0.974435 -1.099859 1.366148 -0.460053 -0.209923 0.143544 -0.388750 -0.016161 -0.370276 -0.073614 0.091249 -0.076285 0.002529 0.004587 0.164713 
0.982642 -1.155671 1.322551 -0.533874 -0.261123 0.055489 -0.351617 -0.053106 -0.364227 -0.021067 0.097324 -0.009813 0.072362 -0.010026 0.212344 
0.940330 -1.108843 1.274662 -0.502935 -0.295337 -0.063171 -0.337902 -0.040767 -0.291636 -0.017332 0.090310 0.061972 0.085064 0.006214 0.179938 
0.868824 -1.077116 1.215046 -0.547933 -0.263851 -0.166265 -0.246042 -0.101349 -0.234190 -0.052482 0.143962 0.103764 0.053501 0.048812 0.149039 
0.870932 -1.103176 1.179900 -0.506263 -0.301336 -0.156899 -0.250903 -0.087780 -0.263059 -0.008854 0.148513 0.087369 0.072362 0.054160 0.141087 
0.932981 -1.165609 1.169738 -0.471592 -0.250759 -0.211343 -0.236567 -0.079927 -0.236275 0.013995 0.093883 0.091585 0.117471 0.008312 0.100028 
0.985696 -1.124663 1.174440 -0.379952 -0.248513 -0.295477 -0.167589 -0.059537 -0.210825 -0.021605 0.055831 0.115750 0.103995 -0.035914 0.095953 
1.074339 -1.142289 1.200648 -0.206875 -0.239785 -0.302905 -0.196808 0.020691 -0.248271 -0.099472 0.050126 0.065663 0.094207 -0.031475 0.026808 
1.384319 -1.262708 1.107103 -0.006007 -0.193715 -0.184626 -0.432344 0.198581 -0.331670 -0.031752 0.002889 -0.139978 0.267076 -0.040656 -0.066221 
1.450577 -0.785151 0.788495 0.060544 -0.093262 -0.085140 -0.382271 0.148059 -0.065360 -0.090610 0.038159 -0.250000 0.228446 0.106770 -0.271321 
0.855267 -0.284488 0.742355 0.179210 -0.045076 0.198622 -0.128382 -0.017442 -0.075627 -0.161635 0.051417 -0.098325 -0.074143 -0.020942 -0.045489 
0.815924 -0.038551 0.510346 0.371700 -0.143707 0.121737 0.053519 -0.127545 -0.161728 -0.142111 -0.070754 -0.072860 -0.075637 -0.120121 -0.040993 
0.726840 -0.031949 0.527633 0.309845 -0.022946 0.137127 -0.026825 -0.091551 -0.210523 -0.212547 0.087697 -0.223911 -0.074229 -0.105458 -0.046732 
0.984875 -0.366804 0.566391 0.064516 0.025850 0.130396 -0.088777 0.012714 -0.183919 -0.119978 0.064849 -0.067893 -0.033887 -0.068001 0.003017 
1.398783 -0.585987 0.814654 -0.185151 0.080252 0.093449 -0.077978 0.058810 -0.383326 -0.014582 -0.009169 -0.241175 0.087894 0.003318 -0.182313 
1.503540 -0.962068 0.805211 -0.254870 0.133483 0.262846 -0.360605 0.005001 -0.277099 0.175671 0.060592 -0.293665 0.135815 -0.010339 -0.078322 
1.448434 -0.839377 0.808451 -0.423355 0.107479 0.066261 -0.412886 -0.192049 -0.235051 0.203851 -0.010541 -0.196108 0.144208 0.026228 0.021826 
1.488762 -0.837034 0.845377 -0.440846 0.144668 0.095114 -0.459750 -0.214831 -0.202577 0.196183 -0.049455 -0.187377 0.115056 0.042635 0.026502 
1.434256 -0.801626 0.789222 -0.416318 0.130502 0.105910 -0.439125 -0.235844 -0.214846 0.179768 -0.059573 -0.162373 0.101749 0.026961 0.018517 
1.511432 -0.820207 0.724640 -0.387679 0.129095 0.047298 -0.349935 -0.228941 -0.198136 0.155774 -0.076747 -0.136897 0.110819 0.004692 0.018515 
1.592015 -0.789659 0.751120 -0.399347 0.147743 0.101401 -0.366485 -0.198789 -0.346884 0.240408 -0.079596 -0.178886 0.128713 -0.062273 0.041938 
1.557479 -0.628662 0.698578 -0.292636 0.017249 0.184414 -0.325504 -0.163637 -0.416179 0.167277 -0.081445 -0.188632 0.183385 -0.148923 0.020593 
1.483276 -0.320027 0.485568 -0.197489 0.096087 0.292348 -0.137415 -0.299300 -0.328627 0.075191 -0.019692 -0.180480 0.098668 -0.193756 -0.045918 
1.170575 0.123063 0.230332 0.027923 0.090094 0.248413 0.018749 -0.278799 -0.273061 -0.000242 0.046327 -0.055881 -0.069265 -0.084047 -0.064072 
0.136614 0.093313 0.466627 0.385014 0.008030 0.141225 0.042287 -0.062014 0.017606 0.030449 -0.013399 -0.070620 0.043944 -0.021779 -0.055476 
-0.173230 -0.250871 0.184978 0.239103 -0.050140 0.048504 -0.062145 0.005523 -0.078780 -0.038834 0.118239 -0.068851 -0.001799 -0.047306 0.046652 
-0.245198 -0.237259 0.233907 0.209031 -0.240519 0.074567 -0.106086 -0.197243 -0.007124 0.068201 -0.002619 -0.063143 0.012204 0.053306 -0.021064 
-0.226687 -0.252819 0.055950 0.177486 -0.276089 -0.001450 -0.143999 -0.219174 0.001341 0.124102 0.023607 -0.057881 0.038126 0.058176 -0.001300 
0.613991 -1.041646 -0.685721 -0.061686 0.366228 0.321743 -0.121124 -0.226288 -0.034887 0.125846 -0.021248 0.094157 -0.080547 -0.056882 0.040929 
1.114447 -0.868816 -0.618582 -0.218330 0.191459 0.165543 -0.083710 -0.174206 0.068890 0.201439 -0.001981 -0.085032 -0.085689 -0.055011 0.129675 
0.840285 -0.573521 -0.122505 0.072992 0.131374 -0.165063 -0.310834 -0.236979 0.026589 0.147265 -0.013361 -0.031500 0.059317 -0.005322 0.130461 
0.327238 -0.842419 0.242145 0.167447 0.111282 -0.166123 -0.350644 -0.054005 0.034436 0.005411 0.019236 -0.030740 -0.005707 0.005714 0.123648 
0.835162 -0.601904 0.377780 0.339201 0.361228 0.054903 -0.237041 0.030902 -0.006787 -0.034199 0.043876 -0.063741 -0.063060 -0.078403 0.090317 
1.351310 -0.534856 0.490718 0.114650 0.056540 0.103798 -0.223729 -0.179110 -0.296039 0.017084 -0.034656 -0.298605 0.127619 -0.105519 -0.089765 
1.571537 -0.567790 0.626121 -0.001683 -0.000773 0.078164 -0.250940 -0.104563 -0.286419 -0.000992 -0.039039 -0.294446 0.137392 -0.029368 -0.111461 
1.603709 -0.684853 0.717110 -0.057026 0.011433 0.167981 -0.412044 -0.033262 -0.335465 0.064848 -0.000333 -0.334068 0.174621 -0.073166 -0.020420 
1.485440 -0.706322 0.771276 -0.123422 0.010280 0.146285 -0.384739 -0.033099 -0.383237 0.049035 -0.000220 -0.327906 0.161467 -0.027860 -0.097154 
1.481823 -0.812804 0.832071 -0.118289 0.046736 0.165528 -0.482976 -0.034596 -0.408144 0.100523 0.007383 -0.364830 0.161492 -0.047486 -0.021716 
1.389727 -0.804765 0.872867 -0.180636 0.100981 0.067034 -0.403489 -0.096128 -0.354231 0.072067 -0.055388 -0.304789 0.138592 -0.018461 -0.055791 
1.373915 -0.843432 0.816003 -0.097840 0.089474 0.068572 -0.488362 -0.099064 -0.225781 0.036189 -0.065983 -0.268484 0.080978 0.099692 -0.079925 
1.362957 -0.929761 0.839405 -0.013982 0.029132 0.127264 -0.548678 -0.084016 -0.172679 -0.040765 0.023518 -0.299190 0.025354 0.159313 -0.058704 
1.410691 -1.118233 0.826121 0.210367 -0.074465 0.136035 -0.530543 -0.077626 -0.134553 -0.076019 0.003027 -0.244774 -0.052017 0.159271 0.020282 
1.362140 -0.923972 0.191867 0.549194 0.113442 -0.172366 -0.384004 -0.058589 -0.031991 -0.091197 -0.052384 -0.149068 0.019772 0.055128 -0.003783 
1.401175 -1.070927 0.293526 0.508482 0.063510 -0.232147 -0.380766 -0.000763 -0.090961 -0.084640 -0.014970 -0.144029 0.023604 0.085167 -0.004327 
1.246579 -1.148205 0.502682 0.411601 0.045328 -0.162792 -0.380786 -0.049912 -0.153620 -0.071678 0.069549 -0.229314 -0.032791 0.124124 0.037480 
1.419206 -1.062150 0.659996 0.029377 -0.021924 -0.057720 -0.474065 -0.166682 -0.210483 0.095334 0.031544 -0.214693 0.025420 0.194805 0.120503 
1.570528 -0.935620 0.596712 -0.214967 0.015187 -0.017476 -0.568347 -0.142427 -0.286119 0.147184 0.190971 -0.214058 0.015400 0.253217 0.100038 
1.662342 -0.879567 0.468877 -0.425458 0.018963 0.008435 -0.473555 -0.197011 -0.317688 0.175973 0.228381 -0.111037 0.076351 0.163154 0.000140 
1.782515 -1.058153 0.390151 -0.552016 -0.112901 0.207972 -0.484437 -0.147511 -0.314661 0.125539 0.291235 -0.065028 0.195869 0.068506 -0.136841 
1.754570 -1.088130 0.291016 -0.557968 -0.183666 0.039392 -0.290344 -0.102095 -0.308546 0.054774 0.171211 0.133939 0.291231 0.075401 -0.166973 
1.660577 -0.922152 0.257245 -0.564349 -0.241695 -0.096452 -0.173768 -0.051191 -0.226788 0.015189 0.054623 0.167967 0.307865 0.101332 -0.107672 
1.674651 -0.902885 0.262679 -0.646555 -0.271082 -0.021518 -0.159261 0.038799 -0.272012 -0.048989 0.039198 0.143191 0.358097 0.126987 -0.100841 
1.795085 -0.902612 0.180318 -0.548421 -0.413890 0.046770 -0.177831 0.112233 -0.177481 -0.148408 0.047856 0.091318 0.362097 0.115377 -0.052901 
1.715849 -0.850814 0.211697 -0.663227 -0.331707 -0.091084 -0.123052 0.126364 -0.133409 -0.098704 0.002942 0.028939 0.372482 0.133656 -0.049161 
1.625945 -0.757490 0.203746 -0.696408 -0.296723 -0.154978 -0.113573 0.180629 -0.152257 -0.064162 0.002976 -0.008101 0.376193 0.119266 -0.068316 
1.675286 -0.742619 0.194128 -0.685030 -0.320097 -0.156082 -0.112455 0.198501 -0.117890 -0.064598 -0.010333 0.006563 0.313821 0.122332 -0.056949 
1.707094 -0.767270 0.230596 -0.715705 -0.330460 -0.102792 -0.143957 0.242777 -0.142833 -0.045612 -0.034931 0.006564 0.289636 0.117401 -0.034122 
1.654936 -0.620351 0.115470 -0.702337 -0.300536 -0.132309 -0.122024 0.242037 -0.117013 -0.084552 0.006032 -0.029577 0.298159 0.095178 0.004505 
1.704203 -0.560688 0.118903 -0.734473 -0.296328 -0.077498 -0.184095 0.306652 -0.174842 -0.020701 -0.017720 -0.058798 0.278834 0.070346 0.043271 
1.791914 -0.407083 0.087327 -0.870723 -0.303609 0.048605 -0.174834 0.175823 -0.169089 0.044537 0.018447 -0.179854 0.363725 0.057704 0.014858 
1.630559 -0.280669 0.257049 -0.953249 -0.388708 0.143662 -0.101321 0.164684 -0.231864 0.081387 0.006533 -0.130228 0.352525 0.043132 -0.015984 
1.590619 -0.104881 0.212231 -0.966904 -0.401605 0.175495 -0.091238 0.164857 -0.299783 0.115821 -0.006284 -0.063759 0.362814 0.084827 -0.046478 
1.357939 0.185455 0.088465 -1.010742 -0.377957 0.082029 0.002688 0.066191 -0.254234 0.086316 0.053048 -0.046369 0.416177 0.143724 -0.117362 
1.489339 0.172241 -0.022982 -0.850203 -0.382084 0.133525 0.060981 0.006286 -0.174921 0.032761 0.014720 -0.049754 0.337117 0.107489 -0.115115 
1.550267 0.527019 -0.300809 -0.699342 -0.462460 -0.017127 0.139751 -0.040356 -0.184999 0.039224 0.024845 0.028530 0.335151 0.182860 -0.048946 
0.484215 0.273927 -0.194172 -0.699190 -0.480264 0.022164 0.132311 -0.174375 -0.098199 0.020336 0.043165 0.120650 0.313378 0.115468 -0.047964 
0.497426 0.070399 -0.022343 -0.758928 -0.274073 0.114266 0.070838 0.039913 -0.226749 0.114408 0.024754 -0.063275 0.242780 0.028772 -0.112792 
0.176551 0.111856 -0.240798 -0.292632 -0.161730 -0.128871 0.049363 -0.003200 -0.071216 0.107966 0.092133 -0.038096 0.012874 0.016197 -0.060414 
-0.111735 0.032019 -0.148751 -0.253492 -0.142504 -0.008772 -0.020667 -0.186561 -0.092052 0.113472 0.174702 -0.067127 0.048758 0.020361 -0.074600 
