city011_075
CHUUBU
76
-0.557172 -0.261991 0.159877 -0.540529 0.047473 -0.054152 -0.082096 0.228215 -0.144067 0.149502 0.030678 -0.188011 0.163437 -0.129946 0.065550 
-0.791144 -0.232406 0.522502 -0.398979 0.248194 -0.132179 0.052761 0.140871 -0.194067 0.138176 -0.049055 -0.057167 0.162484 -0.217670 0.199136 
-0.751427 -0.560596 0.473628 -0.752034 0.379215 0.065571 -0.038300 0.121898 -0.154879 0.032152 0.006562 -0.057382 0.143137 -0.135349 0.081432 
-0.635754 -0.733992 0.521307 -0.705539 0.281611 -0.231977 -0.057282 0.178568 -0.008967 0.034118 0.009434 -0.077225 0.087292 -0.110396 0.097117 
-0.515884 -0.898478 0.714892 -0.745942 0.347366 -0.219379 -0.022766 0.305766 -0.168444 -0.024972 0.068020 -0.086218 0.111721 -0.128148 0.091269 
-0.156448 -0.667087 0.830120 -0.661932 0.408630 -0.145667 0.033389 0.401336 -0.265799 0.011827 0.067062 -0.081537 0.089846 -0.030655 -0.025263 
0.065788 -0.674779 1.031798 -0.377470 0.168211 -0.230874 -0.004390 0.180243 -0.165006 -0.004645 0.012145 0.015747 0.088686 -0.184653 0.092877 
0.283622 -0.555805 0.867752 -0.406881 0.111979 -0.216817 0.077227 0.187918 -0.143206 0.004483 0.057015 -0.064185 0.113319 -0.135807 0.044863 
0.349005 -0.457830 0.854941 -0.585934 0.054711 -0.025583 0.092602 0.012807 -0.146790 0.123813 -0.078093 -0.052253 0.161098 -0.142900 0.053895 
0.365966 -0.498735 1.140735 -0.360514 0.182102 0.027335 -0.060437 0.066422 -0.121981 0.038078 -0.008951 -0.106968 0.172954 -0.169074 0.038882 
0.364904 -0.652612 0.888041 -0.416890 -0.058143 -0.222895 0.054092 0.082336 -0.106795 -0.047794 0.109610 -0.089312 0.183786 -0.222439 0.113972 
0.643305 -0.532354 1.298633 -0.158969 -0.015234 -0.187997 -0.041670 0.080373 -0.190474 -0.132035 0.089898 -0.113658 0.115075 -0.207766 0.131800 
0.923163 -1.111618 1.482622 -0.002911 -0.225541 -0.046059 -0.301858 0.034990 -0.234741 -0.275568 0.070004 -0.189416 0.090876 -0.098139 -0.026949 
0.831756 -1.116470 1.316276 0.084753 -0.284082 -0.046096 -0.298512 -0.039555 -0.245347 -0.273346 0.107667 -0.214628 0.059128 -0.015766 -0.050546 
0.955121 -1.241524 1.351465 -0.027170 -0.194161 -0.058293 -0.285249 -0.096333 -0.251145 -0.259495 0.135742 -0.236073 0.027957 0.027622 -0.027146 
0.876364 -1.144914 1.201708 0.060673 -0.252336 -0.043950 -0.308609 -0.112219 -0.241904 -0.241907 0.134205 -0.228009 0.038273 0.054066 -0.038723 
1.010048 -1.206555 1.231940 -0.017377 -0.193125 -0.109226 -0.236013 -0.173280 -0.194257 -0.289554 0.191635 -0.258997 0.070444 0.038520 -0.016129 
0.966244 -1.138070 1.165546 -0.017583 -0.151036 -0.157577 -0.202097 -0.188008 -0.203020 -0.256568 0.183384 -0.270987 0.101268 0.016794 -0.011915 
1.040685 -1.167564 1.160661 -0.061600 -0.028751 -0.256514 -0.173592 -0.156597 -0.266464 -0.179942 0.122464 -0.237531 0.087399 -0.003540 0.017042 
1.108546 -1.161137 1.106358 -0.095650 0.006065 -0.221856 -0.215346 -0.112945 -0.298663 -0.175357 0.125783 -0.222339 0.106095 -0.081209 0.090225 
1.250029 -1.232332 1.156098 -0.190584 0.054204 -0.225749 -0.195284 -0.106134 -0.301630 -0.167286 0.075596 -0.145969 0.090399 -0.115307 0.110034 
1.189748 -1.145321 1.085875 -0.121155 0.016653 -0.216360 -0.207174 -0.078742 -0.276394 -0.153880 0.041328 -0.117066 0.088632 -0.098386 0.071885 
1.184994 -1.181805 1.169682 -0.139135 0.057973 -0.288492 -0.163321 -0.096060 -0.245303 -0.163053 0.002218 -0.099654 0.071407 -0.048709 -0.012828 
1.081548 -1.103262 1.169850 -0.050108 0.007367 -0.285754 -0.200967 -0.066249 -0.220268 -0.179091 -0.018338 -0.114848 0.090313 -0.034756 -0.030310 
1.121375 -1.122887 1.251026 -0.078103 0.031942 -0.310642 -0.191042 -0.065794 -0.192919 -0.189529 -0.045767 -0.101880 0.094178 -0.034844 -0.037104 
1.143407 -1.073579 1.249982 0.006178 -0.009072 -0.315223 -0.198482 -0.071709 -0.149492 -0.223890 -0.058539 -0.107132 0.119889 -0.051265 -0.046123 
1.145601 -1.048568 1.245888 0.065839 -0.020869 -0.327687 -0.193546 -0.089185 -0.115321 -0.265183 -0.047324 -0.138864 0.135220 -0.039355 -0.084939 
1.089452 -1.051697 1.229864 0.096190 0.004172 -0.316720 -0.216126 -0.066527 -0.124715 -0.267976 -0.073222 -0.155971 0.134448 -0.034082 -0.120637 
1.043546 -1.078632 1.245359 0.105138 0.044521 -0.325723 -0.212675 -0.079641 -0.091965 -0.293545 -0.073713 -0.201284 0.164408 -0.037503 -0.162740 
1.051615 -1.091748 1.235767 0.124291 0.051479 -0.306066 -0.232338 -0.077115 -0.059305 -0.297608 -0.071920 -0.223152 0.178777 -0.024092 -0.180781 
1.072565 -1.063580 1.221863 0.138343 0.056821 -0.295128 -0.254577 -0.067956 -0.061563 -0.262053 -0.102493 -0.235415 0.203040 -0.028358 -0.198391 
1.159974 -1.051628 1.101090 0.157961 0.087972 -0.269168 -0.265655 -0.092958 -0.039578 -0.238720 -0.085433 -0.310313 0.261285 -0.051969 -0.187001 
1.268889 -1.064852 1.067539 0.120902 0.103615 -0.219457 -0.328610 -0.036657 -0.082022 -0.166381 -0.092096 -0.310159 0.229107 0.029786 -0.233522 
1.374187 -1.041693 1.030753 0.087698 0.110127 -0.187557 -0.370819 0.004780 -0.112206 -0.119231 -0.025337 -0.381896 0.276733 0.019153 -0.155060 
1.417423 -1.027472 1.025028 0.037937 0.120420 -0.150477 -0.422706 0.068034 -0.187987 -0.045874 -0.025635 -0.405846 0.325826 -0.034182 -0.115918 
1.475752 -0.976660 0.994944 0.061325 0.045894 -0.082236 -0.460387 0.108053 -0.232748 -0.040169 0.032048 -0.449340 0.350930 -0.046123 -0.110131 
1.558222 -0.982371 1.029935 0.005616 0.090466 -0.110956 -0.490642 0.110218 -0.211770 -0.064066 0.060149 -0.472834 0.352301 -0.003742 -0.115426 
1.493462 -0.906072 0.940102 0.051626 0.096663 -0.085395 -0.518619 0.057645 -0.213710 -0.018288 0.026855 -0.501412 0.345829 0.011661 -0.074424 
1.474052 -0.823896 0.830322 0.047781 0.061288 -0.020564 -0.543363 0.014698 -0.246546 0.012133 0.076982 -0.499322 0.277913 0.055288 -0.014712 
1.566326 -0.716634 0.652858 0.036159 0.056426 0.037245 -0.598168 -0.046376 -0.284392 -0.039829 0.154132 -0.569629 0.255406 0.088412 -0.005967 
1.572012 -0.414005 0.584737 -0.021827 0.081058 0.097095 -0.496336 -0.180637 -0.285429 0.082354 0.194238 -0.506741 0.167272 0.073613 0.070311 
1.566219 -0.187298 0.414577 0.119998 0.156218 0.119344 -0.288655 -0.128335 -0.247421 0.011076 0.218237 -0.391077 0.056682 -0.019383 0.068406 
1.312269 0.143375 0.300528 0.103801 0.142333 0.160933 -0.075150 -0.048811 -0.187248 -0.042373 0.277840 -0.256133 0.033491 0.007309 -0.021897 
0.614281 -0.099812 0.273778 0.323885 0.150024 0.114100 0.016186 -0.061877 -0.041566 0.013926 0.195134 -0.315228 0.177059 -0.039131 -0.032781 
0.812104 0.173172 0.363004 0.155305 -0.036429 0.085456 -0.107171 -0.230311 -0.146786 0.031258 0.069337 -0.326473 0.163116 -0.040943 -0.040395 
1.381264 0.072696 0.284615 0.206540 0.109746 0.009145 -0.162982 0.042785 -0.104296 -0.042639 0.038060 -0.262232 0.154841 -0.067211 -0.025810 
1.160484 -0.267570 0.447828 0.368965 0.300373 0.060552 -0.212450 -0.075365 -0.114956 0.063389 0.045133 -0.420741 0.062927 0.001948 0.019927 
1.557119 -0.377926 0.358148 0.187393 0.140408 -0.097878 -0.283466 -0.042666 -0.044430 0.117019 0.122886 -0.311469 0.130543 0.134744 0.014055 
1.873901 -0.413889 0.404759 0.114908 0.177453 0.011371 -0.254567 0.061701 -0.164466 -0.017300 0.097047 -0.451943 0.240746 -0.048081 -0.021055 
1.607240 -0.682801 0.701886 0.224209 -0.041653 -0.133602 -0.528077 0.047134 -0.130508 -0.045373 0.044335 -0.400145 0.326346 0.095976 -0.084456 
1.538835 -0.809344 0.725424 0.168863 -0.026733 -0.137485 -0.566798 0.077735 -0.218414 -0.067812 0.038230 -0.431784 0.350341 0.053956 -0.078319 
1.387275 -0.753078 0.780094 0.210927 -0.056354 -0.143533 -0.490548 0.085488 -0.174074 -0.087826 0.037540 -0.402792 0.339721 0.044735 -0.124997 
1.428365 -0.775329 0.781422 0.190807 -0.093488 -0.153801 -0.503941 0.071436 -0.194362 -0.114590 0.046498 -0.411831 0.384990 0.013134 -0.115323 
1.361207 -0.782345 0.866939 0.122598 -0.026259 -0.237270 -0.474633 0.040369 -0.184155 -0.132607 0.050388 -0.392515 0.354692 0.058985 -0.124422 
1.386988 -0.749335 0.818313 0.180831 -0.104584 -0.174310 -0.490034 0.016470 -0.189759 -0.138949 0.064461 -0.408034 0.354189 0.051212 -0.093522 
1.361135 -0.721607 0.799162 0.172628 -0.108156 -0.191899 -0.481421 0.010056 -0.203071 -0.149434 0.081614 -0.402305 0.339632 0.069715 -0.102405 
1.283224 -0.672235 0.812676 0.214332 -0.134516 -0.187878 -0.520121 0.076200 -0.246384 -0.135268 0.059264 -0.381358 0.349130 0.048752 -0.097886 
1.361511 -0.607034 0.819872 0.205453 -0.145544 -0.163137 -0.482901 0.000477 -0.180167 -0.179879 0.108282 -0.389494 0.310239 0.079251 -0.080833 
1.313311 -0.589769 0.835586 0.181095 -0.146752 -0.179424 -0.454618 0.023000 -0.223860 -0.168359 0.118427 -0.378595 0.311590 0.043735 -0.043535 
1.374126 -0.609681 0.818454 0.181398 -0.130591 -0.186456 -0.479534 0.049213 -0.241069 -0.137479 0.085508 -0.397546 0.358247 0.030166 -0.081934 
1.380057 -0.669267 0.775948 0.175830 -0.097434 -0.214562 -0.452734 0.022966 -0.208641 -0.172504 0.086818 -0.379650 0.342364 0.014506 -0.064998 
1.227918 -0.608465 0.720993 0.199193 -0.084537 -0.242806 -0.416702 0.018994 -0.225945 -0.158784 0.093506 -0.377228 0.310346 0.042379 -0.070179 
1.167944 -0.584010 0.778780 0.217044 -0.121317 -0.219071 -0.480430 0.073968 -0.195732 -0.227998 0.088092 -0.314782 0.313003 -0.014351 -0.038085 
1.259595 -0.410442 0.652274 0.209636 -0.119415 -0.248777 -0.420676 0.024900 -0.245110 -0.133427 0.088140 -0.343649 0.335423 0.010043 -0.039201 
1.154847 -0.360025 0.558453 0.371761 -0.147544 -0.255717 -0.382203 0.009823 -0.235665 -0.163643 0.055148 -0.320992 0.268874 0.018672 -0.040400 
1.136400 -0.492092 0.621473 0.299029 -0.101173 -0.267864 -0.365387 0.001867 -0.251708 -0.168117 0.091530 -0.397903 0.311591 0.009711 -0.041511 
0.349652 0.092018 0.486996 0.299774 -0.124370 -0.284399 -0.235190 -0.108803 -0.176519 -0.131316 0.055374 -0.317176 0.265347 0.044874 -0.111461 
0.750659 -0.128124 0.422107 0.371835 -0.082705 -0.190327 -0.192363 -0.102292 -0.189737 -0.122111 0.067949 -0.390478 0.251396 -0.053762 -0.026235 
0.393442 0.290016 0.610034 0.400773 0.022056 -0.228810 -0.145736 0.059059 -0.162729 -0.091208 0.036796 -0.305799 0.251445 -0.036548 -0.137991 
0.651464 0.220479 0.471310 0.443515 -0.037443 -0.228738 -0.116384 0.059440 -0.159543 -0.060009 0.039924 -0.246673 0.228355 -0.075162 -0.030672 
0.601730 0.331733 0.367941 0.364872 -0.049181 -0.222151 -0.078471 0.002209 -0.145353 0.012374 0.009360 -0.218041 0.242531 -0.093820 -0.012059 
0.746528 0.212971 0.321515 0.362291 -0.050652 -0.241716 -0.195970 0.030750 -0.089471 -0.012084 0.018107 -0.209056 0.296807 -0.093921 -0.004823 
0.639310 0.340898 0.247787 0.406152 -0.032282 -0.283453 -0.082317 0.015646 -0.017254 -0.016033 0.026100 -0.135307 0.262444 -0.111781 0.035981 
0.566072 0.193945 0.265363 0.323393 -0.105815 -0.225233 0.010511 0.026981 0.070123 0.134052 0.025736 -0.136351 0.296550 -0.063035 -0.079657 
0.394874 0.148245 0.255008 0.480128 0.096065 -0.090052 0.062141 -0.056024 0.003250 0.104783 0.027422 -0.304649 0.285569 -0.071865 -0.032766 
0.408641 0.184395 0.198131 0.263575 -0.051647 -0.054995 0.164350 0.058400 0.015037 0.127042 0.024234 -0.110922 0.206500 -0.094873 0.006821 
