city011_059
BIZEN
64
-0.071891 0.277485 0.313236 0.302372 0.124050 -0.018950 0.027345 0.050043 0.065193 -0.106414 0.085201 -0.045299 0.083695 -0.135618 0.138706 
0.185068 0.356857 0.330994 0.397746 0.145379 -0.052173 -0.051290 0.012506 0.001972 -0.075996 0.095709 -0.276906 0.210319 -0.126037 0.016765 
0.520774 0.693088 0.481879 0.454379 -0.012350 -0.103865 -0.044102 -0.015649 -0.183299 -0.115773 -0.038832 -0.227884 0.091921 -0.184546 0.020652 
0.489017 0.562787 0.630291 0.394218 0.043075 -0.137658 -0.148166 -0.017770 -0.207343 -0.164281 -0.066183 -0.271087 0.099722 -0.168927 -0.013314 
0.505565 0.473186 0.531744 0.448181 -0.027102 -0.121644 -0.088726 -0.069808 -0.133719 -0.163591 -0.035409 -0.246292 0.105080 -0.152893 0.018518 
0.416061 0.380880 0.431653 0.351612 0.175353 -0.006726 -0.119554 -0.064461 0.020333 -0.182412 -0.035234 -0.202390 0.090599 -0.216801 0.101934 
0.211045 0.504423 0.365564 0.294132 0.239991 0.066419 -0.051805 -0.045635 -0.037022 -0.145858 0.022353 -0.166677 -0.009335 -0.151844 0.059440 
0.161593 0.431057 0.284329 0.293317 0.275256 0.005072 -0.017698 0.061264 -0.132414 -0.037396 0.081130 -0.179577 0.053528 -0.130071 0.092871 
0.094674 0.453686 0.459455 0.303327 0.103987 0.038457 -0.069853 0.035329 0.030947 -0.111636 0.011194 -0.086244 0.086057 -0.158509 0.100682 
0.273269 -0.686236 0.474004 0.020846 -0.117380 -0.020796 0.057793 0.035679 0.002682 0.018102 0.012602 -0.122160 0.204294 -0.170605 0.076915 
0.912059 -0.857914 1.148104 -0.088533 -0.166303 0.152752 -0.226104 -0.244266 -0.211470 -0.143055 0.046660 -0.283489 0.099145 -0.085634 0.021777 
1.006116 -0.873841 1.518222 -0.201887 -0.171432 0.331606 -0.335171 -0.013207 -0.243408 -0.254916 0.120285 -0.338012 0.040660 -0.129747 0.041842 
0.924110 -0.927382 1.621126 -0.335737 -0.158569 0.297950 -0.369093 -0.032146 -0.244921 -0.304797 0.145581 -0.288531 -0.045838 -0.061079 0.094907 
0.746661 -0.747763 1.674414 -0.332962 -0.161623 0.196638 -0.348751 -0.002799 -0.258952 -0.264313 0.126738 -0.282565 -0.033350 -0.031263 0.084251 
0.806238 -0.750700 1.742224 -0.431516 -0.092499 0.150067 -0.315818 -0.006090 -0.286320 -0.238787 0.110193 -0.295614 -0.009914 -0.059327 0.122403 
0.688908 -0.784610 1.610612 -0.385984 -0.063795 0.188078 -0.371586 -0.018140 -0.310289 -0.203202 0.079742 -0.272956 -0.069217 0.030724 0.033289 
0.629318 -0.855866 1.650098 -0.391548 -0.014748 0.102239 -0.315668 -0.096213 -0.250047 -0.234097 0.086668 -0.314315 0.012889 -0.052890 0.111750 
0.747158 -0.896992 1.549366 -0.348965 -0.031723 0.161790 -0.341367 -0.119954 -0.226991 -0.221000 0.084315 -0.296096 -0.001383 -0.048738 0.107151 
0.793509 -0.882087 1.617865 -0.259393 -0.175748 0.201214 -0.270497 -0.119343 -0.218638 -0.194456 0.028707 -0.230847 -0.036738 -0.052046 0.103456 
0.693071 -0.845166 1.696848 -0.163902 -0.220585 0.127823 -0.218383 -0.045736 -0.270712 -0.123852 -0.015313 -0.217764 0.041023 -0.158136 0.162414 
0.654997 -0.695774 1.436578 -0.088239 -0.212158 0.082765 -0.044821 -0.135438 -0.202329 -0.132406 0.031866 -0.218780 0.045169 -0.146815 0.116071 
0.743464 -0.709134 1.301817 -0.059054 -0.257700 -0.006847 0.041251 -0.090816 -0.175762 -0.064247 0.047088 -0.154538 0.114736 -0.201307 0.171570 
0.638952 -0.646390 1.145859 0.230838 -0.304481 0.040254 -0.017773 0.039538 -0.173858 -0.048543 0.046672 -0.130140 0.118324 -0.199476 0.130370 
0.515423 -0.547405 1.034964 0.369335 -0.232767 0.057744 0.000243 0.033827 -0.148875 -0.108937 0.071195 -0.174438 0.109146 -0.228993 0.119511 
0.403349 -0.338465 0.947373 0.388495 -0.164658 0.056119 -0.060723 0.090850 -0.080435 -0.163151 0.043410 -0.096783 0.094434 -0.245527 0.126397 
0.112496 -0.096896 0.818941 0.387615 -0.069457 -0.010646 -0.004226 0.044544 -0.007607 -0.194156 0.075620 -0.076202 0.032980 -0.188556 0.179222 
0.138667 -0.354276 0.557051 0.013269 -0.006924 0.305081 0.028254 -0.053181 0.087353 -0.029112 0.120010 -0.108922 0.154479 -0.116676 0.096779 
0.063403 -0.693185 0.375760 0.056253 -0.034325 0.120073 -0.157262 0.012159 -0.016817 0.016142 0.072518 -0.110766 0.052787 -0.033165 0.085503 
0.297779 -0.844152 0.286331 -0.158031 -0.079852 0.020510 0.097842 0.146782 -0.140759 0.028206 -0.012181 -0.041884 0.089224 -0.131673 0.188212 
0.623663 -0.657802 0.635119 -0.094369 -0.086014 0.078198 -0.058872 0.033659 -0.041541 -0.003202 -0.000666 -0.009086 0.085250 -0.178974 0.196027 
1.382836 -1.057516 1.137369 0.132398 -0.240534 -0.123172 -0.225543 0.007849 -0.179945 -0.129513 -0.021072 -0.091999 0.194497 -0.220854 0.142107 
1.398747 -1.199920 1.182188 -0.045262 -0.232504 -0.162849 -0.227688 -0.048076 -0.190482 -0.194444 0.007826 -0.005022 0.121748 -0.178509 0.161397 
1.139451 -1.178043 1.152076 -0.324066 -0.190815 -0.307995 -0.166504 -0.088401 -0.140297 -0.140196 0.106432 0.041320 0.166384 -0.108356 0.138616 
1.263779 -1.234913 0.903320 -0.350385 -0.247393 -0.218939 -0.087213 -0.014224 -0.076196 -0.138166 0.139869 0.093230 0.094288 -0.133036 0.131763 
1.254681 -1.221304 0.775507 -0.343469 -0.299620 -0.210120 -0.102503 0.040119 -0.075043 0.030732 0.100255 0.092091 0.062609 -0.090269 0.054992 
1.372642 -1.280157 0.748595 -0.288916 -0.348395 -0.118211 -0.106324 0.161323 -0.054433 0.000673 0.118418 0.012988 0.067085 -0.156419 0.065024 
1.359286 -1.296922 0.716070 -0.205924 -0.380385 -0.113762 -0.131813 0.216461 -0.028406 -0.038985 0.136760 -0.024591 0.108459 -0.186558 0.043009 
1.481425 -1.313010 0.726219 -0.135391 -0.387787 -0.107418 -0.142212 0.253551 0.014697 -0.000151 0.133021 -0.086836 0.110699 -0.150095 -0.019786 
1.584341 -1.439881 0.819078 -0.168506 -0.376577 -0.009874 -0.233257 0.237605 0.030138 0.076836 0.148472 -0.188727 0.152040 -0.106698 -0.037080 
1.558396 -1.349314 0.796565 -0.236286 -0.286172 -0.068561 -0.169805 0.176046 -0.027617 0.081698 0.139902 -0.171153 0.167090 -0.126576 0.023293 
1.598825 -1.365748 0.782686 -0.132519 -0.282292 -0.065705 -0.230529 0.210620 -0.022499 0.031041 0.152383 -0.190445 0.209545 -0.116216 -0.015608 
1.662141 -1.367481 0.714787 -0.070504 -0.305808 0.023665 -0.306847 0.173497 0.038183 0.000926 0.159591 -0.232460 0.219218 -0.047188 -0.080220 
1.626859 -1.319732 0.709972 0.002267 -0.351240 -0.045635 -0.208677 0.178942 -0.049007 0.044019 0.154030 -0.187138 0.176621 -0.050184 -0.070341 
1.630587 -1.312816 0.658661 0.023433 -0.322965 -0.055336 -0.204591 0.200116 -0.052878 0.037113 0.137435 -0.184703 0.175272 -0.042743 -0.078909 
1.637865 -1.245882 0.632722 0.015146 -0.338949 -0.027306 -0.201141 0.187444 -0.020255 0.057762 0.141918 -0.216248 0.191561 -0.048512 -0.064382 
1.597480 -1.243991 0.656852 0.047060 -0.293666 -0.063923 -0.247077 0.208559 -0.077324 0.092375 0.110994 -0.195792 0.208992 -0.054240 -0.048490 
1.572278 -1.241538 0.659692 0.042140 -0.190561 -0.124339 -0.217565 0.082100 -0.062477 0.065698 0.072774 -0.179814 0.214181 -0.037617 -0.031602 
1.647795 -1.221815 0.600078 0.181701 -0.222390 -0.085533 -0.245531 0.086049 -0.113646 0.165660 0.061590 -0.223606 0.219187 -0.024259 0.025063 
1.581717 -1.122533 0.539140 0.321319 -0.253543 -0.054515 -0.108496 -0.190880 -0.059812 0.005475 0.025435 -0.246103 0.277012 -0.126887 0.044977 
1.422484 -1.078641 0.671618 0.425997 -0.361906 0.118177 -0.154751 -0.208625 0.032459 0.019327 -0.026172 -0.228159 0.229557 -0.104502 0.074691 
1.073287 -1.013662 1.046154 0.447517 -0.268639 0.180177 -0.205818 -0.342544 0.100987 -0.046238 -0.185635 -0.284303 0.156770 -0.068250 0.016437 
0.993836 -0.923853 0.954682 0.621653 -0.416481 0.250699 -0.152118 -0.448712 0.163991 -0.043469 -0.229281 -0.218432 0.032122 0.058048 -0.048327 
0.898249 -0.962324 0.982746 0.569953 -0.362679 0.269015 -0.254155 -0.311895 0.096939 -0.113711 -0.112707 -0.340017 0.138957 -0.059469 0.000650 
0.845590 -0.851217 0.954398 0.581274 -0.341837 0.237197 -0.224601 -0.338438 0.084592 -0.102461 -0.162891 -0.318560 0.120973 -0.069795 -0.003830 
0.758820 -0.753990 0.914365 0.576140 -0.236090 0.111319 -0.154894 -0.352949 0.088997 -0.039327 -0.253034 -0.276325 0.106418 -0.016922 -0.081613 
0.852768 -0.776670 0.880351 0.612247 -0.296121 0.140396 -0.195797 -0.296851 0.062927 -0.079201 -0.178389 -0.298662 0.120538 -0.029362 -0.041227 
0.711397 -0.657492 0.807019 0.612245 -0.270357 0.131166 -0.185643 -0.282526 -0.053675 0.026398 -0.261429 -0.278599 0.122932 -0.111807 0.041098 
0.659917 -0.312960 0.667743 0.643345 -0.196199 0.020970 -0.081644 -0.331231 -0.038453 0.038569 -0.275579 -0.300374 0.153767 -0.109590 -0.018504 
0.608858 -0.259509 0.675832 0.527300 -0.140339 0.018130 -0.152984 -0.217945 0.009665 -0.077342 -0.182420 -0.226539 0.110649 -0.067290 -0.073721 
0.538166 -0.345218 0.604872 0.681415 -0.165271 0.098564 -0.152437 -0.243198 -0.056587 0.021308 -0.215376 -0.326564 0.110401 -0.088477 -0.038115 
0.388201 -0.415921 0.690613 0.659561 -0.099672 0.035321 -0.120267 -0.278903 -0.041124 0.052105 -0.252231 -0.369428 0.138486 -0.076737 -0.044844 
0.299043 -0.434758 0.726127 0.699688 -0.111199 0.031242 -0.088980 -0.304223 -0.005386 0.056469 -0.284495 -0.380065 0.172303 -0.107622 -0.046882 
0.384815 -0.137864 0.535572 0.572997 -0.006609 -0.041591 -0.113229 -0.197326 -0.030643 -0.077505 -0.144526 -0.310895 0.132403 -0.126776 -0.052481 
0.274321 -0.305205 0.687427 0.582893 -0.043997 0.044297 -0.185759 -0.208927 -0.058569 0.021707 -0.254481 -0.336884 0.134527 -0.115569 -0.034212 
