city011_064
PINPON
79
-0.532042 0.181280 0.123883 0.330089 0.091083 0.069348 0.036551 -0.135947 -0.031750 0.025748 0.094626 -0.062203 -0.089338 -0.005116 0.131472 
0.479043 -0.575191 0.618065 0.035074 -0.119631 -0.033214 -0.019693 0.133578 0.117127 -0.122260 0.053275 0.004691 0.069384 -0.088864 0.008551 
1.531335 -0.264927 0.796040 -0.289061 -0.000259 0.029150 0.013443 -0.100220 -0.163024 -0.032411 -0.047053 -0.065600 0.066849 -0.119185 0.087704 
1.434686 -0.194553 0.855348 -0.358168 0.040602 -0.005061 -0.056308 0.135501 -0.072767 0.010036 0.089943 -0.010194 0.031353 -0.070435 0.102826 
0.479013 -0.158667 0.730365 -0.459412 0.145386 0.250620 0.147137 0.255713 0.014454 -0.068985 0.109930 0.004285 0.028009 0.037081 0.129815 
0.408857 -0.083875 0.762463 -0.581422 -0.100447 -0.008691 -0.298193 0.093951 0.017052 -0.068448 0.185387 -0.059444 0.049168 0.012791 0.030869 
0.540711 -0.456398 1.442807 -0.220214 -0.041982 0.161503 -0.271045 0.076674 -0.165123 -0.216272 0.152195 -0.237895 -0.019779 -0.003294 0.025233 
0.762437 -0.710237 1.556547 -0.378098 -0.189046 0.178137 -0.518197 0.068138 -0.280034 -0.245001 0.187855 -0.289410 0.044121 0.068508 0.022162 
0.781573 -0.554493 1.635035 -0.492785 -0.240734 0.194109 -0.474592 0.035598 -0.269896 -0.219265 0.203285 -0.284410 0.062330 0.085140 0.011632 
0.878882 -0.576911 1.627049 -0.613220 -0.203969 0.198230 -0.453143 -0.002193 -0.225009 -0.227001 0.213008 -0.284807 0.084379 0.079726 -0.000070 
0.892404 -0.677544 1.649519 -0.643128 -0.203069 0.230507 -0.454574 -0.024137 -0.189197 -0.255403 0.220372 -0.285553 0.088156 0.061540 0.005564 
0.932815 -0.717951 1.623786 -0.638701 -0.204568 0.301849 -0.513366 -0.013820 -0.172223 -0.246429 0.215814 -0.287127 0.100220 0.062061 -0.034093 
0.873785 -0.701006 1.592211 -0.682882 -0.211093 0.374011 -0.523809 -0.020167 -0.200311 -0.203937 0.129838 -0.233641 0.075833 0.054338 -0.059356 
0.942120 -0.796266 1.588325 -0.643975 -0.260524 0.431834 -0.503666 -0.087477 -0.145452 -0.237677 0.152668 -0.267446 0.120802 0.010194 -0.045172 
0.832322 -0.805827 1.448116 -0.469514 -0.401854 0.432530 -0.375267 -0.140012 -0.238155 -0.184474 0.133669 -0.282621 0.113997 0.070334 -0.080427 
1.066442 -1.017166 1.366521 -0.123734 -0.452338 0.137250 -0.209931 -0.035183 -0.346741 -0.138685 0.284810 -0.394003 0.093111 0.164068 -0.129670 
1.072429 -1.051001 1.037441 0.187345 -0.311305 -0.046651 -0.212806 -0.024797 -0.290372 -0.165925 0.171521 -0.290364 0.086232 0.062865 -0.124111 
1.140775 -1.039643 1.072262 0.141510 -0.270121 0.098462 -0.217817 -0.177019 -0.185134 -0.042876 0.053981 -0.329272 0.150615 0.021451 -0.098858 
1.182876 -1.067079 1.053640 0.171375 -0.310950 0.147188 -0.261364 -0.172143 -0.183604 -0.050364 0.063431 -0.355760 0.185571 -0.006906 -0.086556 
1.108032 -1.044381 0.972543 0.231808 -0.242335 0.127888 -0.296405 -0.154749 -0.197991 -0.058087 0.059634 -0.375658 0.144840 0.031413 -0.108922 
1.129181 -1.007215 0.999414 0.244694 -0.201080 0.050325 -0.233455 -0.209180 -0.150205 -0.010596 0.011619 -0.395670 0.180581 0.047517 -0.097429 
1.269350 -1.119265 1.118539 0.205911 -0.247555 0.131503 -0.291175 -0.185982 -0.196246 -0.013407 0.033081 -0.421299 0.184038 0.012823 -0.060499 
1.117335 -0.948505 1.067540 0.233113 -0.284267 0.096278 -0.190487 -0.190629 -0.226951 -0.063053 0.038341 -0.380570 0.157428 -0.027609 -0.077063 
1.215167 -0.883057 1.174050 0.226754 -0.305776 0.025816 -0.170206 -0.141148 -0.206057 -0.098960 0.035357 -0.362224 0.200849 -0.045883 -0.099700 
1.187268 -0.798193 1.106694 0.312726 -0.309568 0.030354 -0.156711 -0.196852 -0.187032 -0.059764 -0.033308 -0.361351 0.199271 -0.042740 -0.103144 
1.153995 -0.726845 1.005329 0.383407 -0.304117 0.021036 -0.139286 -0.209281 -0.176844 -0.074886 -0.015743 -0.374941 0.167041 -0.005083 -0.127369 
1.156774 -0.623587 0.933994 0.401914 -0.311535 0.019976 -0.106438 -0.252041 -0.164552 -0.069850 -0.019770 -0.375409 0.172984 -0.025004 -0.109596 
1.100722 -0.478989 0.883699 0.436940 -0.308113 0.032016 -0.145113 -0.215505 -0.167285 -0.092226 -0.053955 -0.348494 0.157648 -0.048018 -0.113818 
1.030748 -0.303312 0.756034 0.525034 -0.296857 0.048892 -0.078601 -0.277136 -0.113307 -0.104013 -0.081633 -0.334038 0.107955 -0.054304 -0.114195 
1.039558 -0.116460 0.549372 0.498768 -0.095127 -0.008196 -0.118195 -0.268225 -0.096666 -0.034223 -0.132534 -0.353280 0.129583 -0.068653 -0.065824 
0.647855 -0.110321 0.303952 0.407132 -0.022172 0.014950 -0.260092 -0.412121 -0.063925 -0.003885 -0.112493 -0.364572 0.068194 0.039457 -0.001456 
0.241411 0.021484 0.503243 0.222234 -0.184790 0.120919 -0.088012 -0.367236 -0.130916 -0.086373 -0.016554 -0.223499 0.000244 -0.004434 -0.012315 
-0.117667 0.044355 0.424555 0.325713 0.035503 0.150702 -0.188893 -0.447177 -0.110689 -0.049593 0.009498 -0.339425 -0.139460 0.021339 0.065295 
-0.300610 0.069702 0.500842 0.377604 -0.011631 0.028467 -0.224746 -0.258285 -0.052791 -0.192817 0.035198 -0.305025 -0.106110 0.111285 -0.037156 
-0.462283 -0.066018 0.441054 0.254605 -0.110204 0.016457 -0.102900 -0.290494 0.017606 -0.050926 0.062952 -0.215390 -0.000601 0.119011 -0.019266 
-0.665025 -0.194128 0.234173 0.068821 -0.256857 0.049063 -0.021102 -0.163067 -0.019639 0.064271 0.069785 -0.093963 0.014854 0.070163 -0.020159 
-0.731969 -0.158305 0.085322 0.037663 -0.266692 -0.004263 -0.097765 -0.267608 0.118244 0.053351 0.098343 -0.048610 -0.049566 0.124650 0.024039 
-0.621515 -0.028230 0.240447 0.095726 -0.231646 -0.084183 -0.179335 -0.172520 0.025701 -0.039513 0.080461 -0.030557 0.020715 0.052098 0.075677 
-0.603518 -0.089245 0.145214 0.046597 -0.217331 0.015112 -0.030030 -0.250215 -0.017278 0.050530 0.124747 -0.090610 -0.029045 0.098670 0.021255 
-0.651590 -0.166288 0.057778 -0.039387 -0.130365 0.135595 0.052974 -0.229145 -0.039055 0.015678 0.182383 -0.101677 -0.035141 0.025061 0.046506 
-0.584220 -0.037555 0.226227 0.021789 -0.293607 0.033421 -0.032084 -0.225073 -0.008606 0.033158 0.094856 -0.088502 0.035420 0.063694 -0.021507 
-0.303310 -0.088987 0.058976 -0.068592 -0.200326 0.058697 0.071730 -0.163249 0.028837 -0.070066 0.136284 -0.067333 0.035323 -0.042312 0.062119 
1.102682 -0.349694 0.185183 -0.107381 -0.035836 0.208291 -0.048690 -0.149163 0.197405 -0.050027 0.061201 -0.068710 0.032351 -0.007391 -0.012263 
1.764582 -0.165413 -0.096253 -0.486790 -0.243224 0.163594 0.114804 -0.086028 -0.203818 -0.041053 0.055841 -0.094770 0.293404 0.004426 -0.071009 
1.834688 -1.118612 0.263910 -0.619808 -0.254735 0.096556 0.010347 0.202877 -0.208128 -0.060192 0.083967 -0.146533 0.374540 -0.079433 -0.091206 
1.587275 -1.076395 0.134975 -0.755050 -0.373801 0.113388 0.123368 0.192949 -0.187742 0.024290 0.086314 -0.165098 0.361822 -0.051104 -0.143129 
1.705433 -0.927791 0.207900 -0.798134 -0.361274 0.154201 0.204892 0.169233 -0.224052 0.089761 0.033089 -0.232952 0.352343 -0.085821 -0.063993 
1.842028 -0.937650 0.267250 -0.785191 -0.405787 0.285689 0.214104 0.195872 -0.235314 0.051374 0.033479 -0.267221 0.362482 -0.091624 -0.036110 
1.796940 -0.806516 0.295208 -0.723500 -0.445593 0.308479 0.230759 0.127508 -0.143882 0.019048 0.015035 -0.270386 0.302105 -0.052152 -0.005607 
1.726363 -0.733631 0.268986 -0.662015 -0.398007 0.294020 0.230311 0.123807 -0.108342 -0.010281 -0.002003 -0.246955 0.232848 -0.021546 0.022340 
1.652238 -0.735287 0.291337 -0.550794 -0.472349 0.349000 0.129800 0.122286 -0.041638 -0.059321 -0.007829 -0.253017 0.208215 -0.022932 0.059825 
1.726806 -0.838860 0.294639 -0.449471 -0.467862 0.336446 0.094256 0.162911 0.010510 -0.084412 -0.024844 -0.257810 0.161428 -0.020923 0.092665 
1.685360 -0.885507 0.346821 -0.422289 -0.429565 0.348368 0.092560 0.179759 0.043327 -0.074403 -0.063797 -0.235078 0.143445 -0.041948 0.110453 
1.580461 -0.919951 0.356968 -0.420135 -0.350501 0.322869 0.137719 0.145329 0.146515 -0.091400 -0.038059 -0.251370 0.112235 -0.055886 0.129255 
1.502281 -0.859735 0.346339 -0.333301 -0.330719 0.304585 0.124413 0.156032 0.167969 0.014769 -0.061800 -0.228486 0.059130 -0.050915 0.100444 
1.379199 -0.829878 0.366195 -0.331287 -0.332491 0.304733 0.085982 0.167622 0.213055 0.007951 -0.038164 -0.239022 0.049642 -0.081777 0.115352 
1.295572 -0.794513 0.368741 -0.326180 -0.314166 0.291210 0.067379 0.176766 0.244298 0.039638 -0.011604 -0.278490 0.059124 -0.102311 0.081913 
1.358795 -0.726153 0.343873 -0.200766 -0.429918 0.326674 -0.040099 0.215090 0.233182 0.052131 -0.004950 -0.266006 0.084014 -0.127251 0.052260 
1.242760 -0.662196 0.356311 -0.229338 -0.301993 0.254391 -0.012967 0.152950 0.271435 0.098535 0.011731 -0.239592 0.071266 -0.119642 0.040572 
1.230155 -0.694289 0.391507 -0.206686 -0.240854 0.186160 -0.012034 0.115797 0.265343 0.109417 0.037340 -0.257143 0.117719 -0.108540 0.003108 
1.220678 -0.613614 0.420465 -0.142911 -0.246458 0.167052 -0.058503 0.036802 0.212491 0.155579 0.077834 -0.208268 0.122723 -0.105672 0.016958 
1.075913 -0.555199 0.529019 -0.015854 -0.200653 0.069735 -0.110747 -0.122794 0.167953 0.165865 0.034351 -0.145294 0.151569 -0.039633 0.012734 
0.978421 -0.568567 0.668441 0.127380 -0.177294 0.101500 -0.242225 -0.193164 0.057752 0.063052 -0.022434 -0.212532 0.213557 -0.051989 0.015260 
0.967052 -0.479999 0.584365 0.182673 -0.173524 0.052584 -0.151118 -0.215494 0.057749 0.071130 -0.018683 -0.203805 0.198067 -0.048475 0.026204 
0.972708 -0.443719 0.605442 0.330614 -0.133364 0.036690 -0.139555 -0.282173 0.040965 -0.015562 -0.034136 -0.227711 0.120846 -0.036434 0.050281 
0.897119 -0.419697 0.617422 0.313099 -0.171103 0.078719 -0.190286 -0.233577 0.024227 0.007906 -0.075953 -0.215642 0.174405 -0.076119 0.021639 
1.019516 -0.349742 0.452761 0.177140 -0.206319 0.121550 -0.050239 -0.130255 -0.020141 0.051295 -0.011456 -0.139692 0.180177 -0.143742 0.062654 
1.014700 -0.215168 0.319352 0.212103 -0.169700 0.067665 -0.005966 -0.178524 0.084121 -0.029503 -0.020713 -0.084365 0.110189 -0.075886 0.021534 
0.882757 -0.360008 0.348993 0.173090 -0.161574 0.070635 -0.039579 -0.142975 0.053306 0.084498 0.052613 -0.164247 0.107355 -0.000304 0.020527 
0.807113 -0.429601 0.448427 0.096368 -0.263264 0.109183 0.043069 -0.089095 0.084897 0.040709 0.017366 -0.107044 0.148074 -0.100981 0.030939 
0.681555 -0.318999 0.585094 0.294545 -0.171230 -0.043359 -0.089200 -0.170992 -0.066748 0.008173 -0.056698 -0.176712 0.180299 -0.127364 0.054904 
0.800349 0.116934 0.272874 0.182820 -0.037169 -0.040473 0.051805 -0.217481 0.002087 -0.073514 -0.049914 -0.107405 0.115233 -0.111939 -0.021840 
0.476571 -0.037410 0.384153 0.439724 -0.145844 -0.006866 -0.072340 -0.273287 -0.035568 -0.094667 -0.086232 -0.143990 -0.002550 -0.011063 -0.015464 
0.372737 0.091195 0.443803 0.172394 -0.171359 0.126750 0.034320 -0.247138 -0.051457 -0.030410 -0.027811 -0.135477 0.107813 -0.138978 0.059786 
-0.062531 0.059356 0.507795 0.420745 0.005654 0.057467 0.020009 -0.365216 -0.026057 0.009042 -0.140784 -0.203073 -0.005638 -0.106538 0.040710 
0.201994 -0.088860 0.350997 0.313613 -0.073799 -0.017515 0.120503 -0.199771 0.039809 0.023189 0.001398 -0.131791 0.097999 -0.015317 -0.063765 
0.073292 0.214357 0.319707 0.255126 0.026598 0.177419 0.115589 -0.254249 -0.055599 0.000721 0.014202 -0.094254 -0.013267 -0.064176 -0.018469 
0.156760 0.279718 0.198699 0.209458 0.072451 0.113777 0.006317 -0.069680 0.010072 -0.068149 0.000337 -0.026238 0.067455 -0.161647 0.086883 
-0.011160 0.034527 0.231839 0.251149 -0.043172 0.143008 0.074378 -0.145492 0.027161 0.043009 0.044263 -0.107067 0.075788 -0.027238 -0.005570 
