city011_046
GINZA
71
-0.705098 0.039448 0.123104 -0.467041 0.211841 0.059307 -0.167114 -0.020363 -0.071228 0.016124 0.151401 -0.100297 0.030935 -0.030953 0.029629 
-0.319078 -0.208655 0.392642 -0.506946 0.024062 -0.128319 -0.182477 -0.014315 -0.048593 0.105010 0.105554 -0.081618 0.101572 -0.025399 0.019487 
-0.252232 -0.001006 0.563996 -0.385772 0.251332 0.058214 -0.407255 -0.136927 -0.155694 0.036314 0.055923 -0.169525 0.054914 -0.012047 0.084994 
-0.007715 0.328738 0.697506 -0.235524 0.288386 0.051901 -0.183182 -0.006657 -0.076882 -0.085425 0.037495 -0.146964 0.024811 -0.042955 0.003809 
0.296937 -0.332952 1.359839 -0.267080 0.128451 0.123629 -0.377023 0.175283 -0.276783 -0.269141 0.225998 -0.360630 -0.045805 0.047343 -0.035272 
0.420005 -0.383863 1.455816 -0.259568 0.031044 0.279436 -0.426003 0.185284 -0.285400 -0.308617 0.246643 -0.401899 -0.068864 0.037353 -0.073081 
0.512775 -0.455464 1.474475 -0.326851 0.092133 0.253326 -0.388295 0.110824 -0.258113 -0.232981 0.181536 -0.384608 -0.028298 0.034438 -0.075633 
0.509639 -0.410694 1.495785 -0.359688 0.015224 0.296173 -0.393139 0.137672 -0.258756 -0.251085 0.212292 -0.366697 -0.033438 0.043617 -0.065886 
0.668311 -0.541702 1.433404 -0.434895 0.183740 0.294792 -0.448454 0.056045 -0.247171 -0.223990 0.185920 -0.414582 0.008316 -0.004384 -0.054064 
0.804824 -0.369226 1.287234 -0.548994 0.118494 0.347640 -0.578410 0.015885 -0.190235 -0.193452 0.099409 -0.284903 0.050438 -0.012741 -0.047591 
1.029754 -0.440670 1.260594 -0.525382 0.137536 0.394435 -0.630386 -0.077907 -0.060621 -0.175496 0.113746 -0.274127 0.068299 -0.027181 0.015521 
1.034081 -0.494069 1.222582 -0.452212 0.137448 0.391306 -0.654284 -0.095464 -0.033877 -0.110268 0.060871 -0.262978 0.064954 -0.007830 0.035762 
1.074893 -0.634179 1.283099 -0.409260 0.147164 0.351861 -0.627679 -0.111995 -0.007339 -0.118321 0.057466 -0.304579 0.082067 -0.006273 0.041739 
1.066393 -0.672877 1.250077 -0.268663 0.117875 0.267957 -0.562431 -0.125197 0.002983 -0.112269 0.001119 -0.284990 0.063005 0.014064 0.045029 
1.098601 -0.719783 1.249173 -0.180037 0.070388 0.220128 -0.517117 -0.117785 -0.012376 -0.089369 -0.053179 -0.249048 0.074729 -0.017515 0.071202 
1.174474 -0.739232 1.215315 -0.089630 0.030051 0.182013 -0.466602 -0.130065 -0.016916 -0.087232 -0.069394 -0.240107 0.088618 -0.050001 0.096845 
1.328866 -0.711488 1.030195 0.062080 -0.018009 0.085330 -0.346704 -0.098371 -0.133290 -0.052469 -0.060678 -0.219449 0.075433 -0.081373 0.104559 
1.457549 -0.587847 0.759188 0.222609 -0.039478 -0.009260 -0.232202 -0.107047 -0.173173 -0.080440 0.006083 -0.214989 0.032267 -0.084392 0.131691 
1.322768 -0.835001 0.954145 0.235162 -0.185753 0.217561 -0.258186 -0.253774 -0.043369 -0.138313 -0.117144 -0.171540 0.049525 -0.180012 0.087358 
1.253421 -0.888637 1.003541 0.251165 -0.248823 0.248949 -0.304690 -0.278852 0.026426 -0.150016 -0.124947 -0.219542 0.134368 -0.165281 0.023660 
1.234403 -0.925669 0.983367 0.307019 -0.329238 0.331734 -0.358907 -0.253492 0.012588 -0.170201 -0.135269 -0.226415 0.156851 -0.199586 -0.001437 
1.306753 -0.981996 1.156270 0.185734 -0.230683 0.190360 -0.273336 -0.312551 0.061753 -0.132414 -0.134042 -0.260863 0.201099 -0.156710 -0.008848 
1.239738 -0.884000 1.104525 0.234164 -0.302071 0.263766 -0.328591 -0.304781 0.070186 -0.114187 -0.177649 -0.232307 0.186153 -0.124602 -0.058943 
1.232430 -0.911643 1.068595 0.273110 -0.330394 0.322039 -0.385990 -0.248778 0.013210 -0.099179 -0.199418 -0.231786 0.182181 -0.150574 -0.063428 
1.255364 -0.893760 1.092367 0.241511 -0.316381 0.299884 -0.353105 -0.293139 0.059608 -0.128682 -0.157646 -0.276509 0.226349 -0.169549 -0.050216 
1.242769 -0.871163 1.155692 0.212242 -0.267426 0.232113 -0.294186 -0.314188 0.060264 -0.089868 -0.162526 -0.291767 0.240915 -0.150754 -0.059458 
1.221974 -0.861320 1.145116 0.228327 -0.288659 0.248145 -0.300016 -0.332835 0.074148 -0.094774 -0.174443 -0.282658 0.227408 -0.130066 -0.079861 
1.250168 -0.861398 1.116603 0.264571 -0.301508 0.281175 -0.327739 -0.312725 0.050108 -0.081709 -0.182303 -0.295635 0.224599 -0.144300 -0.068198 
1.221584 -0.798763 1.103203 0.243674 -0.279921 0.315147 -0.342044 -0.351167 0.043315 -0.038767 -0.206349 -0.310194 0.208894 -0.126285 -0.068085 
1.188684 -0.748105 1.072574 0.254303 -0.254038 0.259707 -0.290586 -0.402192 0.095133 -0.067791 -0.207712 -0.304969 0.217822 -0.132795 -0.061275 
1.214878 -0.645081 1.103500 0.187723 -0.278535 0.278613 -0.317585 -0.337146 0.031923 -0.039547 -0.203623 -0.246884 0.193233 -0.113667 -0.068598 
1.217997 -0.771249 0.933638 0.333442 -0.231381 0.186029 -0.155833 -0.449359 0.017016 -0.000177 -0.206872 -0.293826 0.159559 -0.124242 -0.034732 
1.331226 -0.754158 0.863122 0.372663 -0.287256 0.214837 -0.158170 -0.385836 -0.041638 0.020497 -0.222335 -0.262079 0.187705 -0.189325 -0.015326 
1.306178 -0.649736 0.796569 0.421553 -0.315694 0.116330 -0.077005 -0.377421 -0.039454 0.004704 -0.291555 -0.165979 0.180877 -0.227634 0.005774 
1.245384 -0.587122 0.815238 0.472084 -0.248774 -0.023460 -0.044131 -0.403354 -0.004769 0.011766 -0.335183 -0.163339 0.182753 -0.183044 -0.025524 
1.188252 -0.490618 0.750367 0.562427 -0.229212 -0.073333 -0.026375 -0.381941 -0.029813 0.033921 -0.337506 -0.205178 0.213299 -0.190761 -0.029992 
1.102707 -0.425358 0.740911 0.568153 -0.196588 -0.148040 -0.048217 -0.249775 -0.026510 -0.037139 -0.383176 -0.065296 0.196385 -0.249857 -0.040446 
1.004552 -0.491772 0.655680 0.543207 -0.122965 -0.121438 -0.104453 -0.175475 -0.004403 -0.084017 -0.290063 -0.123655 0.211919 -0.219391 -0.075693 
0.734513 -0.444246 0.608379 0.580219 -0.040221 -0.054946 -0.145587 -0.201056 0.097827 -0.137452 -0.254036 -0.157125 0.137302 -0.116996 -0.158090 
0.728009 -0.383721 0.469881 0.283963 0.022858 0.026314 -0.175168 -0.042951 0.197525 -0.088196 -0.172665 -0.021303 0.213463 -0.159800 -0.025404 
0.353917 -0.605263 0.317549 0.298491 0.120179 0.012635 -0.131580 0.161082 0.111354 -0.133610 0.008116 0.038201 0.113487 -0.151836 0.061408 
0.362532 -0.544283 0.257237 0.125867 -0.074561 0.124264 0.024757 0.009002 0.057928 -0.032953 -0.001334 0.007372 0.049104 -0.090172 0.109151 
0.709789 -0.443256 0.439025 0.092324 0.007999 -0.046105 -0.263052 0.075147 0.087348 -0.130964 -0.077515 -0.002718 0.173290 -0.161625 0.042182 
1.246302 -0.783426 0.535658 0.152790 0.011695 -0.035935 -0.396171 -0.084209 0.091519 -0.052554 -0.200745 -0.094997 0.256202 -0.099157 -0.057346 
1.533732 -1.065050 0.713845 -0.076272 -0.006807 -0.182993 -0.460822 -0.099623 0.106720 -0.004202 -0.097239 -0.076750 0.310521 -0.058392 0.024700 
1.714659 -1.228350 0.581779 -0.163257 -0.087023 -0.106139 -0.577967 -0.047800 0.211108 0.036558 -0.047085 -0.040617 0.326511 -0.050762 -0.005156 
1.530087 -1.234993 0.488819 -0.372980 -0.036863 -0.300658 -0.441955 -0.077095 0.266245 0.160160 -0.036854 0.010508 0.355423 -0.105027 -0.014934 
1.364352 -1.050544 0.420176 -0.485157 -0.036706 -0.339483 -0.295336 -0.154093 0.348041 0.233799 -0.104155 0.045268 0.271352 -0.095428 -0.069998 
1.367778 -1.117352 0.278841 -0.522529 -0.093647 -0.172677 -0.247820 -0.096824 0.416501 0.268680 -0.139037 -0.068977 0.157842 -0.095528 -0.091763 
1.362179 -1.141363 0.230377 -0.554238 -0.017252 -0.214947 -0.160640 -0.057172 0.387479 0.291754 -0.093418 -0.182553 0.078539 -0.056959 -0.080981 
1.392688 -1.167866 0.161176 -0.600137 -0.015864 -0.167593 -0.113189 -0.058110 0.344005 0.329944 -0.133572 -0.184109 0.050919 -0.039052 -0.122407 
1.395256 -1.157883 0.187908 -0.667563 0.001660 -0.093761 -0.124646 -0.024577 0.339490 0.296275 -0.142446 -0.164070 -0.011755 -0.036345 -0.088741 
1.376810 -1.221885 0.263454 -0.659235 0.043761 -0.148823 -0.039575 -0.026145 0.330483 0.251959 -0.062178 -0.195274 -0.060600 -0.092057 0.033115 
1.398973 -1.292774 0.327921 -0.648083 0.005011 -0.125919 0.010660 -0.037230 0.267479 0.322745 -0.057600 -0.233239 -0.105618 -0.037994 0.029486 
1.349802 -1.268480 0.256003 -0.625471 -0.042082 -0.073206 -0.021653 0.009111 0.210323 0.355178 -0.084764 -0.235358 -0.110480 0.022441 -0.064684 
1.249157 -1.229241 0.206509 -0.618262 -0.035321 -0.081574 0.003008 -0.008506 0.218001 0.320497 -0.027862 -0.296802 -0.053210 -0.022718 -0.047503 
1.312548 -1.338349 0.250574 -0.692161 0.030990 -0.152007 0.021619 -0.013230 0.198469 0.369682 -0.057378 -0.280895 -0.027549 -0.046585 -0.081758 
1.263993 -1.250169 0.141865 -0.624068 -0.031894 -0.096541 -0.024398 -0.002301 0.185875 0.382847 -0.043976 -0.281056 -0.013587 -0.079893 -0.063267 
1.297947 -1.229018 0.129907 -0.635486 -0.017109 -0.090928 -0.018233 -0.024461 0.191084 0.386996 -0.042420 -0.273652 -0.037627 -0.061478 -0.060442 
1.384850 -1.304114 0.179678 -0.705489 0.053189 -0.135208 0.024097 -0.069301 0.207524 0.375581 -0.030311 -0.271741 -0.043072 -0.054785 -0.066210 
1.409213 -1.247454 0.066081 -0.671816 0.042899 -0.117232 -0.003903 -0.073886 0.211488 0.385606 -0.005131 -0.302083 -0.031189 -0.055193 -0.060625 
1.472402 -1.135789 -0.072088 -0.562566 -0.022269 -0.060031 -0.047817 -0.057106 0.205335 0.400817 -0.013577 -0.310445 -0.024415 -0.060164 -0.057550 
1.548145 -1.074005 -0.186652 -0.462954 -0.103057 0.002100 -0.039194 -0.086894 0.198047 0.404304 -0.022046 -0.281948 -0.052179 -0.051449 -0.052107 
1.557885 -1.140264 -0.211730 -0.437096 -0.115200 0.011215 -0.053871 -0.095514 0.258604 0.341251 -0.000648 -0.312950 0.009650 -0.095656 -0.034091 
1.771172 -1.311770 -0.262477 -0.326505 -0.257129 0.121619 -0.090414 -0.097915 0.313509 0.275103 0.052937 -0.362256 0.050705 -0.162053 0.004284 
1.490993 -1.172139 -0.287160 -0.347079 -0.212196 0.089366 -0.105495 -0.072866 0.296540 0.335478 -0.033804 -0.359026 0.073911 -0.145284 0.047804 
1.459304 -1.009535 -0.288427 -0.422255 -0.144891 0.064781 -0.049546 -0.072600 0.266693 0.336728 -0.028368 -0.396286 0.092417 -0.188518 0.087516 
0.911814 -0.663123 -0.387182 -0.334271 -0.243312 0.115370 -0.092960 -0.128533 0.326197 0.359599 -0.015860 -0.317262 -0.028173 -0.139679 0.049705 
0.484848 -0.380313 -0.318939 -0.245562 -0.014176 0.095181 -0.122454 -0.197424 0.275535 0.226804 -0.054695 -0.199944 0.039151 -0.065588 0.127101 
0.918738 -0.250955 -0.210782 -0.103901 -0.160146 0.182643 -0.047733 -0.291933 0.106673 0.154563 0.103952 -0.127201 0.018545 -0.049087 0.010351 
0.337467 -0.362710 -0.552390 -0.083789 -0.007474 0.106394 -0.085096 -0.200962 0.218565 0.149608 0.048014 -0.217023 -0.040340 0.064682 0.054396 
