city011_015
SOSHIGAYA
76
-0.351145 -0.493674 0.017037 -0.096843 0.014466 -0.040119 -0.150001 0.111121 0.116531 0.003500 -0.137049 0.043555 0.041045 -0.034021 0.014900 
-0.397823 -0.748571 -0.149413 0.010035 0.036391 -0.018857 -0.074004 -0.096897 0.094684 0.104792 -0.021598 -0.068942 0.020173 -0.059280 0.114657 
-0.189625 -0.710430 -0.007451 0.056003 0.066101 -0.162674 -0.057718 0.033479 0.063137 0.040020 -0.053105 -0.028916 0.011054 0.047517 -0.025471 
-0.265028 -0.650081 0.053220 -0.125202 0.244074 -0.088752 0.038689 -0.016413 -0.016527 0.065574 -0.033983 -0.043753 0.009703 0.072894 -0.039333 
-0.137878 -0.748522 0.316229 -0.032176 0.290620 -0.266461 -0.030105 -0.097291 -0.025664 0.231268 -0.177099 -0.004410 0.060691 -0.076910 0.136992 
0.493880 -0.643078 0.494382 -0.165026 0.271998 -0.168693 -0.075681 0.041841 -0.168559 0.066268 -0.097826 0.091721 0.031027 -0.162990 0.119882 
1.382524 -0.361421 0.381188 -0.212984 0.291468 -0.102150 -0.075323 0.100912 -0.263209 0.138083 -0.110887 -0.017463 0.054934 -0.082949 0.071698 
1.441234 -0.141300 0.284998 -0.224128 0.391959 0.016610 -0.205153 -0.122683 -0.192722 0.143389 -0.195937 -0.098679 0.087898 -0.140901 0.061992 
1.488410 0.018623 0.206650 -0.394169 0.401253 0.411535 -0.072228 -0.080931 -0.265623 0.139792 -0.091120 0.045093 0.102061 -0.232676 0.016572 
1.725310 -0.576923 0.164294 -0.544512 0.066748 -0.022209 -0.189327 0.045481 -0.406064 -0.082102 0.036696 -0.055807 0.269460 0.083979 -0.062661 
1.771504 -0.762039 0.126614 -0.522865 0.008924 -0.170186 -0.255880 0.082235 -0.330901 -0.059962 0.051762 0.047763 0.337829 0.078603 -0.048783 
1.802180 -0.835319 0.146649 -0.439012 0.003750 -0.156143 -0.286675 0.012732 -0.348674 -0.017856 0.038797 0.153328 0.276780 0.034844 -0.040632 
1.857806 -0.827115 0.169106 -0.383424 -0.037533 -0.131279 -0.191182 -0.040772 -0.452641 -0.001062 0.034864 0.214034 0.233575 -0.036954 0.011517 
1.719124 -0.004082 -0.016304 -0.755214 0.259725 0.016620 -0.333984 -0.154556 -0.346355 0.132385 -0.087477 0.046029 0.188495 -0.097480 0.148479 
1.535041 -0.349280 0.233151 -0.456024 0.249905 -0.085976 -0.296091 -0.130799 -0.392995 0.270573 -0.157974 -0.050325 0.235777 -0.154189 0.109365 
1.079720 -0.012741 0.619303 -0.196353 0.473043 -0.222030 0.019311 0.087701 -0.220756 0.198368 -0.132412 -0.054166 0.083390 -0.097063 0.052704 
0.198439 0.123356 0.796013 -0.103292 0.517911 -0.299744 0.041697 -0.077355 -0.050632 -0.020381 -0.179385 -0.022946 -0.006694 -0.107185 0.021235 
-0.222963 -0.172776 0.473893 0.060490 0.414144 -0.286534 0.153940 0.068476 0.057742 -0.045566 0.058825 0.018558 -0.026671 0.058881 -0.004656 
-0.810972 -0.210062 0.487300 -0.197061 0.304114 -0.191585 0.145471 -0.060950 0.085515 -0.059668 -0.001935 0.035416 0.022064 -0.075484 0.054209 
-0.765000 -0.391509 0.331873 -0.290863 0.305483 -0.349550 0.078551 0.009790 0.042242 -0.060363 0.042561 -0.020122 0.026634 -0.028597 0.011310 
-0.910665 -0.530656 0.318527 -0.331806 0.299138 -0.419610 0.114510 -0.007778 0.051145 0.015814 -0.017543 -0.013790 0.041943 -0.060137 0.084382 
-0.710626 -0.662075 0.160245 -0.398471 0.359117 -0.214730 0.200760 -0.015303 -0.028585 -0.053584 -0.032207 0.066116 0.063778 -0.125662 0.086440 
-0.414985 -0.576192 0.096765 -0.497840 0.170123 -0.103057 0.273398 -0.144006 -0.013466 0.003450 0.013764 -0.000580 0.053733 -0.133119 0.146218 
-0.632693 -0.441394 0.484880 -0.628081 0.093617 -0.076680 0.170995 -0.032283 0.103993 -0.064048 -0.060303 0.031576 0.018353 -0.057715 0.048806 
-0.534384 -0.682139 0.522553 -0.478141 0.067104 -0.163418 0.209254 0.011251 0.000629 -0.006718 -0.077295 0.071613 0.000221 -0.074408 0.066698 
-0.619536 -0.636566 0.471586 -0.519177 0.157931 -0.211209 0.164956 -0.023400 -0.021548 0.065484 -0.073579 0.042978 0.054246 -0.166559 0.156517 
-0.484841 -0.437681 0.801826 -0.533020 0.067701 -0.290876 0.208588 0.109091 -0.049493 -0.034045 0.050493 0.014929 -0.012619 -0.141980 0.155344 
0.070376 -0.415474 1.169919 -0.299212 0.101970 -0.121918 0.009575 -0.061252 -0.159123 -0.031929 -0.061719 0.053155 -0.098191 -0.084096 0.162659 
0.758802 -0.765821 1.451155 -0.132389 -0.202418 0.070078 -0.283174 0.025023 -0.180246 -0.168045 -0.087525 0.074968 -0.129104 -0.083443 0.141915 
0.534143 -0.801732 1.507141 -0.110147 -0.113017 0.079620 -0.328706 0.012942 -0.241854 -0.295854 -0.008113 -0.060365 -0.227466 -0.032828 0.105084 
0.594580 -0.916947 1.553959 -0.140920 -0.170732 0.175247 -0.367067 -0.058785 -0.187236 -0.385977 0.092348 -0.130861 -0.258659 0.054685 0.066356 
0.674960 -0.868425 1.512129 -0.228949 -0.139997 0.194818 -0.415229 0.002271 -0.266672 -0.310429 0.105092 -0.165995 -0.203764 0.059658 0.081611 
0.682024 -0.903731 1.604419 -0.279275 -0.127383 0.207978 -0.438351 0.035736 -0.324142 -0.256758 0.075282 -0.201947 -0.156875 0.025200 0.100003 
0.611647 -0.836952 1.760947 -0.283119 -0.213803 0.216461 -0.452981 0.092156 -0.401263 -0.177813 0.025960 -0.243494 -0.067950 -0.019510 0.088805 
0.474048 -0.708212 1.709045 -0.175842 -0.292306 0.248397 -0.399885 0.044084 -0.398077 -0.150242 -0.001350 -0.265874 -0.062959 -0.015236 0.055318 
0.601187 -0.813887 1.775645 -0.233632 -0.245407 0.218113 -0.322485 0.004307 -0.443555 -0.036346 -0.072156 -0.305133 0.023167 -0.065455 0.027868 
0.446229 -0.594866 1.572842 -0.141265 -0.262724 0.178064 -0.204094 -0.058367 -0.437910 -0.010823 -0.047247 -0.342113 0.040581 -0.039698 -0.011489 
0.765801 -0.755235 1.575513 -0.098840 -0.324121 0.156692 -0.157719 -0.010907 -0.525348 0.105583 -0.044041 -0.376722 0.096127 -0.008205 -0.068419 
0.744937 -0.722371 1.336710 -0.102435 -0.252795 0.081856 -0.049484 -0.103373 -0.488622 0.081066 -0.008156 -0.341606 0.054998 0.037308 -0.048741 
0.873986 -0.899895 1.259535 -0.082135 -0.275462 0.072061 -0.163117 -0.050142 -0.528456 0.089189 0.039139 -0.352256 0.115333 0.022558 -0.029696 
1.167487 -1.064034 1.119448 -0.098540 -0.184641 -0.038628 -0.408896 0.035864 -0.371487 0.114865 -0.031868 -0.230072 0.229892 -0.000480 0.017362 
1.343216 -1.127118 0.765704 -0.341124 -0.047301 -0.216432 -0.409861 0.012954 -0.201152 0.042753 0.064758 -0.053719 0.201568 0.125183 -0.090157 
1.486050 -1.217398 0.548292 -0.375471 0.032557 -0.305916 -0.431825 0.132920 -0.166537 0.245302 0.062126 -0.153712 0.242166 0.174361 -0.137827 
1.263787 -1.130274 0.479121 -0.398246 -0.034552 -0.415707 -0.263131 -0.020432 0.071265 0.365464 0.063802 -0.113884 0.147678 0.137317 -0.094455 
1.249945 -1.278301 0.353910 -0.492239 0.021304 -0.358971 -0.157905 0.064044 0.170348 0.293470 0.104286 -0.153026 -0.098717 0.123259 -0.036206 
1.295441 -1.397350 0.330496 -0.560382 0.003539 -0.271145 -0.133941 0.113108 0.185921 0.331113 -0.043693 -0.148898 -0.085503 0.032637 -0.002249 
1.289602 -1.225125 0.322648 -0.526114 -0.038913 -0.244440 -0.132649 0.094195 0.248587 0.348272 -0.099528 -0.171161 -0.058105 0.008640 -0.041945 
1.332079 -1.192937 0.311979 -0.481821 -0.084182 -0.319267 -0.045567 0.026146 0.294997 0.294950 -0.062661 -0.167543 -0.029818 0.038510 -0.120198 
1.271936 -1.155227 0.298618 -0.414093 -0.128184 -0.358386 -0.050921 0.053048 0.285547 0.290044 -0.093275 -0.128098 0.005324 0.047704 -0.198461 
1.316792 -1.247322 0.325515 -0.415379 -0.100457 -0.452838 -0.016645 0.041207 0.213905 0.316595 -0.068617 -0.105781 0.082834 -0.008943 -0.167548 
1.207392 -1.187615 0.262050 -0.306258 -0.175995 -0.469982 -0.067757 0.082755 0.186349 0.284174 -0.079996 -0.003376 0.116136 -0.035780 -0.188122 
1.223731 -1.222429 0.419286 -0.300839 -0.191610 -0.523079 -0.086124 0.082959 0.188894 0.175086 -0.024941 0.111736 0.087560 -0.050351 -0.102938 
1.151749 -1.100248 0.428294 -0.262793 -0.224287 -0.477642 -0.190843 0.053754 0.212248 0.129610 -0.082940 0.249586 0.184071 -0.182731 -0.052839 
1.152495 -1.085509 0.528418 -0.198114 -0.281830 -0.481662 -0.168383 -0.022228 0.205940 0.130550 -0.079552 0.222755 0.253736 -0.169567 -0.076477 
1.092753 -1.072494 0.578069 -0.230428 -0.255096 -0.481500 -0.187141 -0.022454 0.172248 0.138732 -0.090058 0.229882 0.271120 -0.172697 -0.056995 
1.060498 -1.136348 0.600211 -0.246914 -0.277529 -0.444091 -0.200567 -0.001857 0.160847 0.144028 -0.084276 0.228404 0.254378 -0.179480 -0.042707 
1.133164 -1.177588 0.590663 -0.233796 -0.247492 -0.460601 -0.189123 0.037190 0.182429 0.158875 -0.097269 0.193519 0.248824 -0.198606 -0.056955 
1.196912 -1.300248 0.514442 -0.221686 -0.269893 -0.362615 -0.242785 0.180115 0.151646 0.164944 -0.073320 0.099769 0.198755 -0.193713 -0.076051 
1.104803 -1.300153 0.357482 -0.327887 -0.197930 -0.397600 -0.151783 0.179979 0.163190 0.214723 -0.049688 -0.034918 0.219048 -0.144433 -0.232968 
1.100784 -1.283079 0.241279 -0.384708 -0.068165 -0.438711 -0.159518 0.299146 0.161051 0.186973 0.020730 -0.163131 0.110327 -0.025101 -0.271146 
1.069871 -1.308997 0.193285 -0.436958 -0.102760 -0.319464 -0.127654 0.197321 0.209228 0.286817 -0.092750 -0.184076 0.102134 -0.010604 -0.305247 
1.055019 -1.240478 0.169461 -0.551774 -0.029248 -0.226729 -0.078277 0.150659 0.203044 0.335699 -0.164009 -0.269831 0.125170 -0.041448 -0.224717 
1.176176 -1.197728 0.099395 -0.584573 -0.009731 -0.173646 -0.086435 0.140269 0.195069 0.325799 -0.125140 -0.321772 0.097304 0.013962 -0.212461 
1.162022 -1.272715 0.093318 -0.620153 -0.010537 -0.098995 -0.126739 0.124101 0.200656 0.348145 -0.109763 -0.328005 0.054718 0.015887 -0.171615 
1.227356 -1.216713 0.094426 -0.629459 -0.025592 -0.072046 -0.124150 0.106287 0.179145 0.322253 -0.060893 -0.331057 0.059985 0.022101 -0.176186 
1.177984 -1.249244 0.021915 -0.657364 -0.011634 -0.002576 -0.132704 0.077355 0.150784 0.338451 -0.021922 -0.337577 0.057748 -0.034898 -0.128468 
1.289834 -1.279312 0.022052 -0.630394 -0.039166 0.026089 -0.135980 0.041072 0.166538 0.337124 -0.003325 -0.332172 0.012617 0.007464 -0.121192 
1.391965 -1.324226 -0.070362 -0.562059 -0.062557 0.052045 -0.179916 0.080948 0.112449 0.358951 -0.024147 -0.313082 0.075705 -0.043005 -0.106005 
1.541252 -1.348871 0.043362 -0.648950 -0.089175 0.092413 -0.202009 0.151855 0.036717 0.414793 -0.106344 -0.273895 0.100162 -0.099320 -0.053188 
1.403476 -1.278101 0.085398 -0.544330 -0.118264 0.054948 -0.154339 0.133287 0.072602 0.416999 -0.166824 -0.269626 0.113890 -0.146180 0.011616 
1.374502 -0.945449 -0.032125 -0.409199 -0.123447 0.013132 -0.098459 0.066027 0.087767 0.439230 -0.144906 -0.313584 0.099153 -0.096106 -0.013909 
1.297829 -1.058585 -0.119109 -0.361458 -0.106687 0.016309 -0.082921 0.076361 0.071349 0.353702 -0.164516 -0.242093 0.106517 -0.064816 -0.023271 
0.832429 -0.920256 -0.313746 -0.275418 -0.166926 -0.083395 -0.045512 0.031966 0.238804 0.384937 -0.137342 -0.375460 0.133410 -0.097933 -0.114393 
1.168096 -0.445088 -0.233191 -0.209679 -0.014289 -0.020364 -0.075041 0.008675 0.143058 0.320476 -0.103212 -0.297282 0.102525 -0.039200 0.027242 
0.434700 -0.497537 -0.394634 -0.188559 -0.176797 -0.081901 -0.068737 0.055431 0.187554 0.395361 -0.092166 -0.344897 0.029859 -0.031250 -0.029405 
-0.170541 -0.765550 -0.324727 -0.099886 -0.093044 0.030497 0.073788 -0.068670 0.022333 0.273526 -0.126519 -0.191587 0.082984 -0.004809 0.003063 
