city011_089
GYANGU
69
-0.071354 0.421067 0.258135 0.253041 0.173489 0.100093 -0.078491 -0.172421 0.012733 -0.258889 0.109335 -0.103448 -0.163729 -0.036035 0.052066 
0.317355 0.561450 0.472302 0.504032 0.052406 -0.016246 0.060306 -0.087437 -0.005239 -0.127566 0.039617 -0.225376 0.013618 -0.004752 -0.119800 
0.382197 0.627626 0.543098 0.207055 -0.143520 -0.024183 0.088140 -0.157688 -0.212415 -0.230781 0.025476 -0.239749 -0.144140 -0.004627 -0.013094 
0.291498 0.480034 0.502556 0.388735 -0.101486 -0.006267 -0.099427 -0.165023 -0.092691 -0.249650 -0.066993 -0.138853 -0.138816 -0.007578 -0.053652 
0.223208 0.383881 0.459040 0.371115 0.032469 0.051059 -0.049268 -0.114365 -0.169616 -0.174589 0.012039 -0.261434 -0.052857 -0.124304 0.005566 
0.172877 -0.008691 0.583490 -0.127647 0.013943 0.288707 -0.208664 0.008231 -0.010032 -0.166122 0.150638 -0.114547 0.026872 -0.065680 0.077720 
0.153919 -0.245356 0.693677 -0.349845 -0.005514 0.256142 -0.291681 0.071280 -0.006670 -0.152921 0.143912 -0.069777 -0.002874 -0.005412 0.050007 
0.108337 -0.527688 0.598751 -0.507158 0.041207 0.052934 -0.261275 -0.031379 0.042141 -0.028541 0.110695 -0.048667 0.008257 0.029753 0.031076 
0.340032 -0.409893 1.109637 -0.404501 0.106371 0.000159 -0.360386 0.048123 -0.163796 -0.245721 0.181967 -0.187753 0.018439 0.005152 0.056530 
0.926559 -0.736335 1.399844 -0.266971 -0.186281 0.035014 -0.433492 0.109628 -0.244025 -0.273217 0.186654 -0.153036 0.015580 -0.042216 0.134496 
1.165875 -1.092113 1.133630 -0.469358 -0.208485 -0.050491 -0.364820 -0.065960 -0.145326 -0.092385 0.185935 -0.056099 0.168408 -0.048827 0.142894 
1.216884 -1.263266 0.831810 -0.466168 -0.223279 -0.161808 -0.330748 -0.002709 0.084625 0.114468 0.117942 -0.061012 0.266085 -0.094593 -0.043461 
1.227624 -1.281083 0.674923 -0.520311 -0.165547 -0.337271 -0.201253 0.064747 0.290486 0.086085 0.041695 -0.061145 0.288892 -0.190232 -0.187765 
1.126084 -1.307086 0.437233 -0.426071 -0.013063 -0.448639 -0.072746 0.281160 0.247245 0.048971 0.017872 -0.123022 0.011828 -0.052747 -0.145342 
1.097224 -1.406566 0.265584 -0.475017 0.088955 -0.357101 -0.032510 0.230638 0.283814 0.015289 -0.037943 -0.207215 -0.015956 0.099652 -0.207099 
1.132645 -1.388794 0.089195 -0.463120 0.235276 -0.258868 -0.004766 0.206202 0.190852 -0.048066 -0.089898 -0.162957 0.017933 0.163923 -0.139524 
1.189523 -1.512755 0.156996 -0.522294 0.295806 -0.198839 0.061290 0.017300 0.161775 -0.021935 -0.013465 -0.239299 0.117068 0.167069 -0.140652 
1.159351 -1.389523 0.123942 -0.459009 0.287976 -0.112626 -0.002092 0.008126 0.123646 0.065348 -0.054548 -0.246739 0.086922 0.202781 -0.095130 
1.257269 -1.428145 0.147919 -0.442847 0.301107 -0.125118 -0.021134 -0.014416 0.089380 0.107360 -0.046011 -0.209641 0.035130 0.231873 -0.105947 
1.290031 -1.413946 0.163595 -0.415318 0.266505 -0.106781 -0.040480 -0.060690 0.096725 0.128276 -0.003792 -0.216810 0.013474 0.207649 -0.078645 
1.304022 -1.388250 0.257315 -0.423735 0.280036 -0.096895 -0.069216 -0.102132 0.133610 0.132304 0.034213 -0.259465 0.018091 0.188450 -0.031533 
1.351111 -1.361980 0.359689 -0.470039 0.299339 -0.097572 -0.097239 -0.084179 0.135481 0.164764 0.020027 -0.275485 0.013848 0.200367 -0.036393 
1.298824 -1.281916 0.387986 -0.407066 0.254813 -0.101498 -0.104995 -0.048956 0.114889 0.180522 0.045937 -0.328561 0.066052 0.158632 -0.016575 
1.409004 -1.320676 0.430077 -0.358777 0.226760 -0.119317 -0.111546 -0.052020 0.057457 0.214891 0.053713 -0.337433 0.120468 0.110468 -0.022653 
1.518796 -1.346432 0.449989 -0.210200 0.095111 -0.066991 -0.146657 0.006705 -0.029614 0.270487 0.045512 -0.319290 0.161017 0.024483 -0.005205 
1.667701 -1.370258 0.495507 -0.039937 -0.062630 -0.010454 -0.124520 -0.068304 0.012521 0.271195 0.030184 -0.276587 0.173796 -0.048421 0.061557 
1.709939 -1.396470 0.580844 0.088586 -0.195237 0.080727 -0.202707 -0.202101 0.031094 0.222940 -0.043711 -0.215235 0.220354 -0.084190 0.097379 
1.618984 -1.395108 0.768991 0.098494 -0.201789 0.141389 -0.306161 -0.226422 0.015833 0.162985 -0.036904 -0.236621 0.214271 -0.063160 0.096088 
1.483865 -1.307981 0.885097 0.085222 -0.188934 0.109321 -0.284633 -0.271980 0.045200 0.082662 -0.046773 -0.236467 0.212144 -0.035503 0.046463 
1.327475 -1.154652 0.951774 0.148156 -0.283783 0.118042 -0.257731 -0.272095 -0.001032 0.061369 -0.082544 -0.235439 0.235459 -0.039852 -0.013680 
1.267166 -1.096405 1.019058 0.153503 -0.323992 0.177280 -0.286545 -0.255280 -0.008810 0.008548 -0.072665 -0.247950 0.237461 -0.059816 -0.032613 
1.247890 -1.079441 1.015295 0.170121 -0.335469 0.213399 -0.277497 -0.274016 -0.006221 -0.023171 -0.048947 -0.272352 0.236229 -0.077922 -0.033309 
1.271936 -1.024798 1.044834 0.154040 -0.321596 0.179324 -0.249941 -0.269760 -0.016437 0.008064 -0.054065 -0.277029 0.238221 -0.052346 -0.049440 
1.313593 -1.056239 0.989165 0.184164 -0.304079 0.252060 -0.306933 -0.301035 -0.024256 0.024572 -0.051929 -0.332961 0.236841 -0.056795 -0.034293 
1.261560 -0.973449 1.004069 0.172231 -0.328528 0.248344 -0.249627 -0.283090 -0.072100 0.013211 -0.036823 -0.313882 0.218136 -0.069837 -0.043109 
1.255123 -0.893071 1.072368 0.136192 -0.316919 0.198220 -0.181493 -0.286742 -0.067566 -0.022749 -0.026688 -0.297917 0.203818 -0.074342 -0.041916 
1.143014 -0.837647 1.056397 0.243539 -0.374214 0.178099 -0.180822 -0.245299 -0.088931 -0.044409 -0.057430 -0.284443 0.209063 -0.105317 -0.039708 
1.057560 -0.770083 1.043938 0.255454 -0.300363 0.131839 -0.167635 -0.293945 -0.065984 -0.028044 -0.091073 -0.307205 0.209094 -0.088289 -0.052083 
1.077941 -0.842404 0.965499 0.326261 -0.294983 0.155024 -0.195546 -0.309209 -0.057114 -0.010627 -0.094767 -0.348131 0.225955 -0.083841 -0.061727 
1.065206 -0.708949 1.044101 0.250226 -0.289327 0.091873 -0.143696 -0.277611 -0.069268 -0.016318 -0.096235 -0.294674 0.225895 -0.087287 -0.075021 
1.085882 -0.607730 0.953235 0.306451 -0.393613 0.126528 -0.122107 -0.223847 -0.138558 0.005417 -0.065312 -0.272941 0.210072 -0.099068 -0.047882 
1.082332 -0.548797 0.904790 0.311711 -0.417684 0.120669 -0.081768 -0.252317 -0.119033 -0.013273 -0.035569 -0.271342 0.199292 -0.081074 -0.058446 
1.041474 -0.524573 1.018728 0.281449 -0.327253 -0.039538 -0.016457 -0.278374 -0.096525 0.005677 -0.060726 -0.241560 0.210309 -0.043985 -0.086774 
1.021817 -0.406306 1.012436 0.227527 -0.415209 -0.017357 0.016278 -0.232422 -0.193308 0.012565 -0.015078 -0.247724 0.197378 -0.088268 -0.012590 
1.029801 -0.425674 0.939189 0.331907 -0.400663 0.008735 -0.037413 -0.214388 -0.193538 -0.018940 -0.021218 -0.281664 0.188171 -0.071171 -0.057520 
1.062534 -0.357587 0.861524 0.360337 -0.328085 -0.025570 -0.038215 -0.251112 -0.173428 -0.003737 -0.067919 -0.255126 0.144356 -0.025285 -0.074429 
1.013130 -0.244922 0.729867 0.530086 -0.277696 -0.072940 -0.029695 -0.292735 -0.075738 -0.064203 -0.082822 -0.279676 0.160153 -0.034597 -0.101101 
1.018765 -0.310981 0.426548 0.331931 0.044944 -0.106314 -0.068458 -0.358047 -0.073967 0.079951 -0.121342 -0.224288 0.019387 0.048217 0.007580 
1.030690 -0.062471 0.461300 0.426903 -0.010212 -0.111394 -0.082043 -0.218064 -0.183050 0.028969 -0.073106 -0.342118 0.153016 -0.084575 -0.013978 
1.019286 -0.281417 0.526631 0.243209 0.016035 0.003914 -0.167337 -0.198792 -0.247305 -0.058402 0.056289 -0.407507 0.118104 -0.080491 0.011386 
0.998631 -0.472379 0.699321 0.215972 -0.067355 0.077976 -0.267040 -0.107797 -0.299196 -0.054375 0.053994 -0.425992 0.140262 -0.063207 -0.034053 
1.129056 -0.639773 0.765308 0.182115 -0.046508 0.015745 -0.301055 -0.084869 -0.257744 -0.071734 0.103006 -0.452266 0.168507 0.000639 -0.044098 
1.129976 -0.716302 0.825475 0.154829 -0.072433 0.010157 -0.356273 -0.046522 -0.254213 -0.083904 0.117245 -0.433168 0.163427 0.046268 -0.059400 
1.194190 -0.778653 0.841756 0.132249 -0.078599 0.012373 -0.384899 -0.042231 -0.241308 -0.094489 0.117376 -0.399855 0.137277 0.082999 -0.073325 
1.287408 -0.586796 0.810238 0.126814 -0.126681 -0.013203 -0.343985 -0.125838 -0.174163 -0.047354 0.098736 -0.403347 0.215870 0.084012 -0.079483 
1.209223 -0.636669 0.758870 0.157485 -0.084137 -0.052429 -0.369664 -0.118853 -0.161041 -0.072596 0.103536 -0.384721 0.159984 0.126685 -0.049383 
1.242393 -0.705019 0.790070 0.089132 -0.093817 -0.017365 -0.417704 -0.123820 -0.169168 -0.057641 0.114662 -0.413500 0.205082 0.123644 -0.069006 
1.251839 -0.712641 0.733883 0.135146 -0.108610 -0.023044 -0.445168 -0.112272 -0.161855 -0.120554 0.133561 -0.413776 0.199057 0.118316 -0.058601 
1.220167 -0.707204 0.715663 0.110097 -0.127054 -0.003920 -0.463771 -0.056628 -0.225268 -0.123889 0.158016 -0.392554 0.177585 0.121464 -0.068896 
1.217489 -0.628373 0.717098 0.072455 -0.065211 -0.039470 -0.421704 -0.165770 -0.148740 -0.071754 0.123182 -0.381655 0.177601 0.124297 -0.020765 
1.220538 -0.666519 0.664763 0.081558 -0.055770 -0.035663 -0.411060 -0.156193 -0.220103 -0.064393 0.143261 -0.409108 0.181464 0.093878 -0.012915 
1.190140 -0.593263 0.584175 0.126813 -0.140017 0.035709 -0.454205 -0.153022 -0.212766 -0.083259 0.144853 -0.383431 0.171039 0.102303 -0.016679 
1.144388 -0.659344 0.595795 0.134702 -0.110511 0.040280 -0.480848 -0.163970 -0.197851 -0.093094 0.160798 -0.410495 0.158555 0.119617 -0.010187 
0.964083 -0.390208 0.494733 0.170130 -0.033063 -0.070240 -0.415459 -0.207268 -0.216894 -0.040109 0.130354 -0.445180 0.162721 0.152244 -0.008815 
1.009119 -0.164985 0.406134 0.168137 -0.004339 -0.165645 -0.351483 -0.245152 -0.203881 -0.013864 0.156191 -0.444711 0.185939 0.193184 -0.026712 
0.627187 -0.155492 0.441868 0.149453 -0.036483 -0.153150 -0.306225 -0.350863 -0.133709 -0.072545 0.096288 -0.394192 0.161002 0.181475 -0.066693 
1.019285 0.115519 0.312965 0.182282 -0.145918 -0.174025 -0.096613 -0.216046 -0.173521 -0.122615 0.100862 -0.232041 0.084992 0.080711 -0.052420 
0.525532 0.155043 0.219638 0.198856 -0.164407 -0.272791 -0.259834 -0.304020 -0.110415 -0.111317 0.074808 -0.167342 0.154546 0.134748 0.034724 
0.523720 -0.081487 0.238547 0.324584 -0.082846 -0.160127 -0.190323 -0.226393 -0.164728 -0.079802 0.108043 -0.345988 0.145418 0.087219 -0.060319 
