city011_073
SHOOWAJIMA
106
-0.005526 0.063218 0.250548 -0.216623 0.164347 -0.065640 0.003533 -0.069332 -0.080456 0.134215 -0.060879 -0.044380 0.110605 -0.134357 0.145200 
-0.325232 -0.111283 0.042402 -0.310099 0.272110 -0.167111 0.075299 0.018715 0.058146 0.063466 -0.085245 -0.077568 0.112677 -0.045339 0.018527 
-0.586014 -0.472344 0.008155 -0.561725 0.469296 -0.289303 0.167959 -0.058455 -0.073976 0.026511 0.150461 -0.100662 0.010573 -0.063594 0.086313 
-0.612625 -0.455558 0.284371 -0.425099 0.156427 -0.333992 0.137938 0.021200 0.084650 -0.044995 0.001057 0.046431 -0.038382 -0.054249 0.103522 
-0.833586 -0.535480 0.223868 -0.574367 0.178341 -0.316249 0.223541 0.076547 0.030191 0.036195 -0.063751 -0.041521 0.012004 -0.029156 0.020703 
-0.662163 -0.523986 0.404265 -0.671406 0.233392 -0.361733 -0.048859 0.202157 0.064801 0.023933 0.014562 -0.041904 0.041361 -0.085679 0.022895 
-0.665905 -0.711222 0.566111 -0.656180 0.208338 -0.447045 0.176381 0.186734 -0.129412 0.067705 0.084055 -0.066770 -0.011824 -0.086832 0.159282 
-0.866596 -0.750051 0.628194 -0.514533 0.342106 -0.508263 0.091627 0.200204 -0.072920 0.000139 0.006135 -0.016817 0.087745 -0.095750 -0.026130 
-0.214564 -0.546930 0.792301 -0.584098 0.309627 -0.459695 0.057918 0.293773 -0.134372 -0.044655 0.060084 0.013730 0.063330 -0.180668 0.095175 
0.190275 -0.693125 0.800306 -0.570533 0.328890 -0.418797 -0.045294 0.236606 0.047468 -0.144220 0.008856 0.052633 0.134166 -0.197240 0.025407 
0.859119 -0.759384 0.716817 -0.308258 0.389673 -0.266299 -0.281416 0.025624 -0.098004 -0.117896 -0.121253 -0.079640 0.386831 -0.324313 0.036268 
1.439755 -0.480045 0.503528 -0.203854 0.038626 -0.181876 -0.215526 0.146109 0.091696 -0.081718 -0.198523 -0.018904 0.342122 -0.267638 -0.004563 
1.698077 -0.880661 0.614478 -0.232173 -0.141772 0.123688 -0.431145 -0.078519 -0.010777 -0.042763 0.087028 -0.152186 0.241414 -0.095530 0.073711 
1.410549 -0.994861 0.634768 -0.544727 -0.004392 -0.183560 -0.273575 -0.136025 -0.187694 0.031524 0.089199 0.070039 0.204119 -0.003823 0.015836 
1.365500 -1.029695 0.588089 -0.617499 0.134046 -0.249443 -0.205960 -0.243152 -0.136601 -0.079232 0.150018 0.162305 0.152234 -0.028122 0.048981 
1.416333 -0.964605 0.512019 -0.656954 0.096055 -0.233449 -0.124141 -0.170149 -0.182850 -0.155640 0.137786 0.221169 0.169182 -0.020275 -0.012853 
1.347446 -0.896411 0.424680 -0.619825 0.016447 -0.169389 -0.096766 -0.115525 -0.224804 -0.177934 0.065021 0.193744 0.288694 -0.017101 -0.066357 
1.470261 -1.021503 0.494460 -0.686905 0.040544 -0.176018 -0.036712 -0.078520 -0.233301 -0.181729 0.049516 0.173631 0.316263 -0.048459 -0.032990 
1.554089 -1.028704 0.374297 -0.602571 0.033041 -0.137506 -0.132751 0.066640 -0.243925 -0.196678 0.114011 0.144895 0.256551 -0.032320 -0.059188 
1.716766 -1.158590 0.494960 -0.692903 0.048818 -0.155215 -0.143847 0.064804 -0.178315 -0.221286 0.108045 0.093468 0.280680 -0.010088 -0.014841 
1.569625 -0.933642 0.429652 -0.636365 0.004320 -0.156626 -0.210651 0.053490 -0.162148 -0.104597 0.022699 0.119227 0.299536 -0.085555 0.022612 
1.579071 -0.963688 0.467711 -0.731395 0.058550 -0.226701 -0.173807 0.049068 -0.167279 -0.141233 0.039494 0.139535 0.330513 -0.080564 0.030399 
1.508610 -0.899587 0.368111 -0.702082 0.080219 -0.229282 -0.187422 0.001699 -0.167413 -0.097333 0.058857 0.165972 0.293629 -0.047541 -0.008748 
1.491963 -0.915141 0.339436 -0.666755 0.131631 -0.289747 -0.163832 -0.073300 -0.154896 -0.086973 0.136366 0.123267 0.289644 -0.045628 -0.013137 
1.563691 -0.985640 0.344299 -0.660578 0.190340 -0.340178 -0.181769 -0.087512 -0.168603 -0.078679 0.174994 0.090896 0.291223 -0.008489 -0.035703 
1.462157 -0.885979 0.276330 -0.561680 0.189511 -0.304485 -0.297782 -0.075062 -0.208573 0.021637 0.164257 0.138436 0.169027 0.029040 -0.032420 
1.438721 -0.832821 0.259594 -0.553273 0.231649 -0.343941 -0.315703 -0.076763 -0.182756 -0.026060 0.220825 0.109047 0.159409 0.018560 0.021208 
1.405515 -0.777246 0.267515 -0.563523 0.266908 -0.356490 -0.357853 -0.077636 -0.155246 -0.039891 0.240989 0.104649 0.136414 0.021237 0.051739 
1.371736 -0.776009 0.289881 -0.572223 0.297314 -0.362514 -0.414614 -0.082469 -0.119751 -0.017627 0.206556 0.113549 0.122077 0.054226 0.059267 
1.430911 -0.866470 0.362418 -0.633123 0.299323 -0.362564 -0.376192 -0.117178 -0.089434 -0.039530 0.181390 0.117055 0.161930 0.041910 0.044364 
1.410218 -0.816618 0.346257 -0.622734 0.288452 -0.320387 -0.414439 -0.121137 -0.087473 -0.030982 0.166894 0.106692 0.167278 0.039721 0.061937 
1.384851 -0.803761 0.375524 -0.627080 0.275485 -0.300691 -0.431854 -0.128710 -0.080744 -0.010891 0.128857 0.109428 0.169394 0.053139 0.054722 
1.408532 -0.788265 0.376466 -0.607035 0.238382 -0.301084 -0.427151 -0.124836 -0.053600 -0.011129 0.091283 0.080534 0.229426 0.042870 0.041177 
1.487431 -0.775518 0.408558 -0.597619 0.177346 -0.278136 -0.414325 -0.101517 -0.062776 -0.003198 0.057708 0.066499 0.235311 0.067324 0.001081 
1.554473 -0.806749 0.446262 -0.620683 0.153606 -0.273403 -0.407201 -0.083118 -0.048805 -0.024687 0.071086 0.029602 0.294104 0.010508 0.044385 
1.506065 -0.752049 0.427432 -0.596966 0.125967 -0.262903 -0.396553 -0.087344 -0.045117 -0.031853 0.068962 0.039473 0.272823 0.026373 0.023157 
1.552047 -0.779297 0.475664 -0.614453 0.132736 -0.264923 -0.406452 -0.071385 -0.056728 -0.015722 0.043572 0.059495 0.247817 0.044996 0.003490 
1.547330 -0.808065 0.457942 -0.623090 0.146718 -0.270503 -0.374810 -0.115656 -0.048733 -0.041613 0.072837 0.019047 0.291776 0.038777 0.002369 
1.522496 -0.770695 0.451098 -0.588751 0.121096 -0.250445 -0.391908 -0.099600 -0.070097 -0.019243 0.065943 0.028884 0.265686 0.042842 0.005772 
1.575796 -0.814221 0.486431 -0.627443 0.120600 -0.250229 -0.368467 -0.117467 -0.038722 -0.060704 0.087359 -0.005925 0.302107 0.024417 0.027924 
1.634528 -0.782418 0.500164 -0.596843 0.083585 -0.222343 -0.411832 -0.046242 -0.081986 -0.029531 0.050617 0.040277 0.247920 0.028177 0.028463 
1.769645 -0.787955 0.554578 -0.612687 0.021803 -0.202170 -0.383097 0.004654 -0.085830 -0.066878 0.005628 0.042478 0.284075 -0.043891 0.089454 
1.837503 -0.673754 0.482826 -0.501571 -0.176746 -0.115729 -0.344103 0.066796 -0.074654 -0.146388 0.038664 0.012332 0.303214 -0.091968 0.085129 
1.824058 -0.591068 0.495370 -0.549817 -0.263432 -0.100046 -0.231264 0.088896 -0.148378 -0.135480 0.038532 -0.032539 0.292723 -0.089807 0.140257 
1.870958 -0.713355 0.529850 -0.554944 -0.283754 -0.032478 -0.266895 0.106236 -0.195047 -0.098017 0.077117 -0.046297 0.311887 -0.082922 0.101716 
1.661587 -0.717643 0.460169 -0.700750 -0.020637 -0.224205 -0.221753 -0.005191 -0.051582 -0.140724 -0.011905 0.019323 0.339132 -0.025724 0.063783 
1.605010 -0.821031 0.377847 -0.746730 0.096990 -0.300273 -0.160349 -0.029824 -0.111546 -0.110087 0.005601 0.071211 0.365579 0.007237 0.021009 
1.681723 -0.979760 0.364879 -0.626954 -0.140961 -0.205138 -0.065783 0.090108 -0.196308 -0.118508 0.054253 0.145805 0.278655 -0.037475 0.035474 
1.703895 -1.095391 0.329770 -0.763998 -0.059517 -0.161949 -0.063259 0.125925 -0.145330 -0.077738 0.079629 0.094414 0.295595 -0.084464 0.012813 
1.542336 -1.225292 0.232713 -0.746669 -0.110224 -0.054496 -0.017228 0.024254 -0.129316 0.012849 0.158092 0.137497 0.246512 -0.197689 -0.058504 
1.293101 -1.294738 0.302097 -0.883689 -0.055304 -0.098705 0.036864 -0.038203 -0.046047 0.012708 0.203336 0.195678 0.147049 -0.199856 -0.124845 
1.240048 -1.312959 0.261972 -0.836435 -0.017982 -0.163473 0.019672 -0.074029 -0.025183 0.158526 0.232037 0.081352 0.137311 -0.229557 -0.178627 
1.272761 -1.430018 0.321194 -0.829946 0.019875 -0.110017 -0.004791 -0.236458 0.039216 0.268899 0.185374 0.158671 -0.034090 -0.201081 -0.152705 
1.180027 -1.464472 0.280178 -0.750253 0.011002 -0.107761 -0.066443 -0.226466 0.099754 0.254228 0.205137 0.120280 -0.004372 -0.261791 -0.109014 
1.275605 -1.229562 0.229636 -0.730983 -0.064505 -0.112625 -0.051036 -0.192235 0.116719 0.280987 0.128952 0.059896 0.047622 -0.179127 -0.129313 
1.297620 -1.174813 0.296001 -0.714638 -0.001660 -0.135282 -0.165617 -0.270773 0.273167 0.320971 0.096256 -0.012232 0.015806 -0.069139 -0.083131 
1.238926 -1.214378 0.342854 -0.638763 0.043705 -0.260070 -0.221399 -0.233077 0.279356 0.324421 0.017754 0.009204 0.123136 -0.059726 -0.058216 
1.327972 -1.109777 0.479028 -0.606549 0.015871 -0.242510 -0.372267 -0.127664 0.277724 0.236482 -0.038656 -0.031741 0.267602 -0.026172 -0.081729 
1.555356 -1.201678 0.722538 -0.351072 0.041577 -0.212482 -0.525119 0.038620 0.097612 0.134687 -0.040641 -0.088606 0.358500 -0.122315 0.102074 
1.527668 -1.043205 0.817663 -0.288022 0.101558 -0.230618 -0.488672 -0.057886 -0.027811 0.045265 -0.121949 -0.040844 0.340998 -0.156227 0.193005 
1.281590 -0.662437 0.848226 -0.088056 0.029867 -0.215647 -0.333923 -0.162793 0.037853 -0.126274 -0.175325 -0.042072 0.286028 -0.199106 0.142879 
1.071733 -0.492314 0.483110 0.095871 0.030220 -0.135118 -0.150109 -0.165076 0.078032 -0.182406 -0.132239 0.010137 0.177834 -0.218060 0.089086 
0.532656 -0.350943 0.635630 0.124507 0.121790 -0.317727 0.076670 -0.074908 0.024622 -0.042780 -0.220114 0.135279 0.151163 -0.329550 0.218202 
0.175980 -0.233410 0.591381 0.136269 0.171803 -0.347572 0.169245 -0.063896 0.089932 -0.174185 -0.054754 0.101797 0.104628 -0.301540 0.189192 
0.159358 -0.314484 0.441405 0.007031 0.183039 -0.244041 0.193731 -0.030823 -0.057051 0.026934 -0.050669 0.003336 0.154025 -0.263628 0.180893 
0.436113 -0.423446 0.588807 -0.082713 0.239280 -0.203268 0.105433 -0.100870 -0.111758 -0.069968 0.034967 -0.070702 0.120326 -0.228661 0.130202 
0.553027 -0.406041 0.834275 -0.035083 -0.102832 -0.249624 0.073680 -0.164529 -0.046305 -0.148711 0.008639 0.004833 0.068457 -0.190542 0.181702 
0.585638 -0.497968 1.039061 0.021229 -0.161622 -0.208816 -0.038695 -0.147397 -0.118172 -0.163789 -0.031985 -0.015580 0.063238 -0.204578 0.224609 
0.897916 -0.698213 1.302707 -0.060000 -0.211208 -0.116454 -0.163702 -0.032494 -0.187057 -0.149843 0.003366 -0.032005 0.066106 -0.216340 0.280504 
0.855219 -0.700559 1.350682 -0.101323 -0.170366 -0.059951 -0.195971 0.002011 -0.262518 -0.099914 -0.047369 -0.061082 0.070408 -0.251192 0.307453 
0.865717 -0.661657 1.487687 -0.153377 -0.190240 0.004580 -0.194084 -0.021495 -0.236637 -0.143658 0.003401 -0.118940 0.051994 -0.214535 0.271086 
0.937037 -0.655248 1.462967 -0.147643 -0.243042 0.151224 -0.323022 0.064781 -0.280050 -0.140788 0.057961 -0.180816 0.046900 -0.165410 0.227127 
0.921524 -0.644365 1.430533 -0.275575 -0.174085 0.172330 -0.289901 0.034975 -0.264751 -0.196785 0.112073 -0.233931 0.039858 -0.153971 0.183788 
0.989140 -0.819548 1.488930 -0.229783 -0.327555 0.281996 -0.285838 -0.030636 -0.172492 -0.311267 0.202959 -0.279020 0.032577 -0.076079 0.107017 
1.276300 -1.059281 1.305705 0.230133 -0.445603 0.072532 -0.202776 0.040009 -0.217431 -0.362021 0.287024 -0.291953 -0.005380 -0.009258 0.061246 
1.207880 -0.698602 0.849501 0.320776 -0.176415 0.093717 -0.245242 -0.121123 -0.160355 -0.197298 0.071482 -0.340945 0.048550 -0.033790 0.023111 
1.204648 -0.753296 0.828475 0.363394 -0.221043 0.173978 -0.271497 -0.139804 -0.169358 -0.176261 0.067739 -0.362643 0.044487 -0.023745 -0.007289 
1.200794 -0.709580 0.906385 0.370470 -0.237368 0.144552 -0.265402 -0.130459 -0.169303 -0.097377 -0.009502 -0.357935 0.096900 -0.018950 -0.046543 
1.169352 -0.802129 0.918666 0.326539 -0.231347 0.180231 -0.244178 -0.170607 -0.215932 -0.082487 0.034539 -0.436933 0.151288 -0.073699 -0.054279 
1.127059 -0.753421 0.916964 0.349560 -0.238388 0.146140 -0.210093 -0.263522 -0.129650 -0.063280 -0.019212 -0.411630 0.139591 -0.016464 -0.089165 
1.224525 -0.871303 0.930779 0.319118 -0.253418 0.253318 -0.234745 -0.268236 -0.190883 -0.020166 0.001623 -0.464216 0.193623 -0.116351 -0.030604 
1.619714 -0.877651 0.657756 -0.017396 -0.247515 0.336463 -0.237422 -0.142265 -0.264261 0.095496 0.108999 -0.299884 0.260223 -0.144246 -0.023396 
1.724342 -1.223626 0.386191 -0.422631 0.078593 0.126098 -0.256744 0.071500 -0.119855 0.243869 0.186837 -0.446965 0.269623 -0.087525 0.005110 
1.442297 -1.218055 0.286650 -0.542699 0.151714 -0.023846 -0.094088 0.034940 0.060605 0.209967 0.048428 -0.396007 0.141616 0.044223 0.030334 
1.386345 -1.266572 0.276714 -0.656708 0.155653 0.007752 -0.080638 0.016236 0.098289 0.205281 0.062812 -0.405499 0.082724 0.088295 -0.028830 
1.298378 -1.220240 0.195808 -0.688920 0.162219 0.038594 -0.058078 0.019334 0.048130 0.249025 0.073744 -0.405709 0.040291 0.064403 0.006392 
1.292949 -1.206209 0.156382 -0.734274 0.156607 0.064725 -0.030574 -0.024026 0.044414 0.256979 0.101537 -0.386660 0.000295 0.048181 -0.015063 
1.364132 -1.232394 0.137563 -0.773370 0.157281 0.080428 -0.014298 -0.045822 0.061759 0.239807 0.131414 -0.394114 -0.020701 0.028916 0.025580 
1.393105 -1.203595 0.160412 -0.788182 0.167450 0.089247 0.001322 -0.056279 0.072049 0.229104 0.135946 -0.397490 -0.022937 0.005148 0.050614 
1.367062 -1.196522 0.149915 -0.779755 0.149106 0.118998 -0.032049 -0.030204 0.034525 0.259679 0.136382 -0.375249 -0.047825 -0.009165 0.062689 
1.335812 -1.162407 0.136877 -0.754563 0.116825 0.138308 -0.037885 -0.061125 0.054344 0.260231 0.149989 -0.352097 -0.074506 -0.014147 0.042825 
1.366892 -1.160972 0.114560 -0.747062 0.110920 0.166563 -0.039112 -0.064203 0.042230 0.238398 0.172651 -0.345829 -0.075240 -0.021612 0.034732 
1.511866 -1.217967 0.074674 -0.765246 0.150493 0.142631 0.014943 -0.148419 0.055982 0.178613 0.192532 -0.293480 -0.058750 -0.015087 0.006670 
1.446762 -1.172592 0.013389 -0.734641 0.130599 0.152780 -0.012423 -0.075335 0.040323 0.201354 0.167744 -0.334015 -0.045747 -0.021508 0.027236 
1.506418 -1.203074 0.028362 -0.742754 0.139391 0.146682 0.006878 -0.093940 0.060540 0.174892 0.172714 -0.338753 -0.029106 -0.031854 0.043219 
1.412197 -1.148173 -0.045617 -0.636733 0.062651 0.214307 -0.050206 -0.035690 0.015480 0.198519 0.151330 -0.325207 -0.017162 -0.060899 0.061084 
1.496009 -1.192229 -0.043528 -0.713073 0.107427 0.168738 0.003638 -0.067233 0.048580 0.191764 0.155486 -0.357954 -0.020324 -0.037785 0.039508 
1.525385 -1.174644 -0.135770 -0.600767 0.040693 0.237010 -0.055026 -0.027394 0.020861 0.186833 0.152611 -0.341511 -0.007641 -0.059720 0.059549 
1.710129 -1.199541 -0.131323 -0.514362 0.003387 0.265544 -0.122576 0.035894 -0.045443 0.238580 0.126777 -0.351577 0.076525 -0.150094 0.121196 
1.679778 -1.287502 -0.009269 -0.528380 -0.012499 0.298901 -0.163957 0.103983 -0.068425 0.246296 0.133683 -0.376851 0.105150 -0.217949 0.163943 
1.625567 -1.168396 -0.084453 -0.548914 0.044886 0.227546 -0.128139 0.084920 -0.057279 0.269750 0.102780 -0.384034 0.102415 -0.184535 0.161278 
1.481134 -1.037470 -0.234519 -0.407214 0.001982 0.237207 -0.054223 0.033033 -0.046508 0.268144 0.053610 -0.403130 0.134215 -0.136227 0.168179 
1.392695 -0.910775 -0.105278 -0.504371 0.055306 0.231038 -0.135893 0.081039 -0.046558 0.289212 0.094378 -0.437301 0.138682 -0.158847 0.168309 
1.377871 -0.686946 -0.385296 -0.411049 0.009266 0.135846 -0.068595 0.007304 0.046077 0.251303 0.070914 -0.421915 0.152532 -0.144572 0.140106 
0.790031 -0.439643 -0.495719 -0.375145 -0.018538 0.164922 0.015046 -0.066024 0.184259 0.233488 0.068941 -0.454366 0.026798 -0.141652 0.199421 
0.044971 -0.408715 -0.504370 -0.373320 -0.123675 0.200161 -0.033792 -0.039935 0.093664 0.220465 0.116726 -0.374687 0.048020 -0.127669 0.078609 
