city011_074
CHANPION
89
-0.431449 0.107023 0.350155 0.067863 0.416842 -0.155067 -0.028081 -0.149371 0.044537 0.148204 -0.067249 -0.206760 0.129285 -0.002126 0.039325 
-0.355922 0.170228 0.441226 0.060166 0.262284 -0.283907 -0.039682 -0.175843 -0.035428 0.024285 -0.107367 -0.156879 0.153293 -0.104436 0.076578 
-0.417882 0.196102 0.466409 -0.152915 0.382955 -0.458475 0.092656 -0.158163 -0.005938 -0.086567 0.006966 -0.084829 0.099883 -0.107948 0.097554 
-0.202983 -0.149340 0.468248 -0.432166 0.296893 -0.199639 -0.021248 -0.082334 -0.050191 0.113371 -0.036275 -0.045632 0.056606 -0.027251 0.045128 
-0.332473 -0.152323 0.632892 -0.475547 0.369577 -0.428457 0.065840 -0.168800 0.066862 -0.001524 -0.069594 0.054929 0.028939 -0.029518 0.043637 
-0.192618 -0.413025 0.711653 -0.520760 0.242256 -0.340162 0.066050 -0.258041 0.019048 0.047677 -0.059698 0.077447 0.047428 -0.116938 0.149822 
0.135228 -0.608113 0.615272 -0.455878 0.140630 -0.394598 -0.026001 -0.234542 0.053007 -0.001485 0.012103 0.099083 0.132278 -0.181270 0.210001 
0.660386 -0.540556 0.416000 -0.593575 -0.014409 -0.407766 0.132937 0.115696 0.102204 0.017188 -0.109585 0.166211 0.020244 -0.315341 0.241377 
1.422745 -0.828584 0.456863 -0.240465 -0.152502 -0.203170 -0.070088 0.105272 0.080059 0.110491 -0.074516 0.046168 0.147939 -0.294220 0.187127 
1.492344 -1.208635 0.590764 -0.471895 -0.158139 -0.158945 -0.072489 0.101747 0.164212 0.114768 -0.097183 -0.053791 0.166989 -0.216040 0.021643 
1.317497 -1.134568 0.380523 -0.636110 0.035206 -0.149543 -0.056845 0.100907 0.392405 0.046159 -0.208439 -0.144896 0.096068 -0.061686 -0.114742 
1.281302 -1.276765 0.192151 -0.744224 0.199916 -0.092248 0.007056 0.024147 0.271200 0.077333 -0.103424 -0.302135 0.083423 0.100320 -0.052585 
1.300286 -1.360502 0.076158 -0.646048 0.264873 -0.008778 0.051528 -0.059285 0.128024 0.115561 -0.011838 -0.337238 0.070842 0.156464 0.014031 
1.293173 -1.377941 0.155205 -0.661724 0.383008 0.056545 0.087680 -0.050064 0.042166 0.124716 -0.011151 -0.331559 0.053907 0.181054 0.061562 
1.329936 -1.337158 0.105461 -0.679076 0.383789 0.116007 0.027667 -0.046692 0.027791 0.097024 0.042418 -0.333114 0.064652 0.133507 0.106139 
1.316015 -1.319151 0.110990 -0.639229 0.327610 0.196897 -0.037645 0.000867 -0.005292 0.117259 0.038468 -0.314033 0.043695 0.121253 0.115250 
1.444158 -1.388712 0.176685 -0.691539 0.357732 0.137201 -0.021891 -0.038611 0.012309 0.113262 0.049197 -0.286121 0.031191 0.103900 0.113229 
1.488855 -1.372548 0.188425 -0.678271 0.346781 0.094646 -0.020368 -0.037649 0.002956 0.107497 0.081065 -0.266781 0.011343 0.086513 0.099850 
1.402648 -1.255272 0.181574 -0.615003 0.268325 0.115328 -0.049266 0.010400 -0.048324 0.147493 0.098198 -0.261352 -0.003916 0.055475 0.081615 
1.490886 -1.270311 0.288930 -0.645886 0.248407 0.059507 -0.084332 -0.009118 -0.079441 0.185220 0.139930 -0.273154 0.031165 0.032515 0.031167 
1.497859 -1.134061 0.297172 -0.559878 0.152100 0.091718 -0.127173 -0.016686 -0.140900 0.223253 0.158824 -0.242642 0.035304 0.020961 -0.017761 
1.687245 -1.173176 0.383596 -0.351566 0.071292 0.083276 -0.180766 -0.106243 -0.147015 0.134352 0.178149 -0.284302 0.258431 -0.131302 0.014308 
1.583309 -1.256003 0.638948 0.027124 -0.180433 0.378376 -0.320571 -0.169207 0.000470 -0.044787 0.064546 -0.224844 0.245484 -0.174402 0.033393 
1.193906 -1.151739 1.040934 0.182494 -0.189051 0.304598 -0.418651 -0.235608 0.009650 -0.054213 -0.071403 -0.324934 0.220273 -0.178201 0.101105 
1.120643 -1.041985 1.026836 0.208306 -0.220359 0.279744 -0.384621 -0.259667 0.019189 -0.072505 -0.116221 -0.299752 0.223156 -0.178575 0.039803 
1.083287 -0.904727 1.037057 0.245138 -0.259869 0.253987 -0.383182 -0.269037 0.056823 -0.045855 -0.173746 -0.294487 0.264401 -0.158866 0.028933 
1.165295 -0.846674 0.932071 0.307986 -0.259917 0.243582 -0.345023 -0.318325 0.049429 -0.008114 -0.204860 -0.303565 0.263749 -0.164275 0.023061 
1.170287 -0.736051 0.951348 0.354700 -0.240609 0.167151 -0.293148 -0.354472 0.076261 -0.014830 -0.220161 -0.381850 0.366833 -0.207356 -0.007705 
1.234489 -0.576934 0.835418 0.464631 -0.255618 0.196118 -0.302535 -0.365044 0.053290 0.083426 -0.310140 -0.357957 0.345542 -0.203496 0.028054 
1.184037 -0.376874 0.801946 0.480747 -0.184809 0.127109 -0.211729 -0.471533 0.059945 0.116020 -0.308137 -0.369552 0.288024 -0.118686 0.001641 
1.058082 -0.341659 0.621249 0.448565 -0.130531 0.132475 -0.170493 -0.473848 -0.026938 0.126531 -0.284591 -0.347461 0.192400 -0.153732 0.045313 
0.957029 0.049034 0.522864 0.530915 -0.147651 0.031139 -0.188566 -0.351121 0.058771 0.029944 -0.251616 -0.263856 0.275324 -0.146892 -0.015106 
0.440047 -0.135200 0.409680 0.567011 -0.047815 0.031307 -0.065478 -0.351768 0.053321 0.014549 -0.189355 -0.248983 0.132112 -0.144640 0.054417 
0.556339 -0.062880 0.302202 0.446716 0.095627 0.002587 -0.143106 -0.250049 -0.106563 0.008392 -0.122614 -0.292423 0.132076 -0.225291 0.123462 
0.370068 -0.034016 0.346462 0.349731 0.077234 -0.035167 -0.206608 -0.372721 -0.104227 0.010242 -0.112769 -0.357750 0.107540 -0.096626 0.093511 
0.386060 -0.058975 0.120794 0.237826 0.030348 -0.016539 -0.271491 -0.453642 -0.027139 0.059846 -0.031596 -0.280778 0.154367 -0.076600 0.183844 
0.034916 -0.415145 -0.124605 -0.012860 -0.212295 -0.031654 -0.153012 -0.038758 0.111781 0.117062 0.029770 -0.148106 0.189286 -0.152004 0.097152 
0.033084 -0.269806 -0.073920 0.070058 -0.143719 -0.289320 -0.236253 -0.045817 0.116832 0.042742 0.081485 -0.090915 0.252902 -0.100618 0.053262 
-0.034881 -0.104209 -0.147978 0.070065 -0.174064 -0.203346 -0.388853 -0.027649 0.177907 0.005146 0.037767 0.008043 0.227248 -0.109362 0.079640 
-0.073187 -0.357006 0.019399 0.037187 -0.163241 -0.231595 -0.341710 -0.151088 0.092347 0.119509 0.130054 -0.100649 0.200357 0.003986 0.133118 
-0.089581 -0.148294 -0.132846 -0.044490 -0.105660 -0.031769 -0.285822 -0.282556 0.026159 0.133487 0.168128 -0.073798 0.102457 -0.093148 0.203824 
-0.037530 -0.178202 -0.082805 -0.097681 -0.017472 -0.101858 -0.319243 -0.144861 0.019030 0.147419 0.093274 -0.085799 0.143392 -0.090507 0.190055 
0.037037 -0.430560 0.053545 -0.051664 -0.106693 -0.076260 -0.214092 -0.072511 0.016028 0.101903 0.099290 -0.101900 0.099146 -0.068350 0.145604 
0.536579 -0.755753 0.640902 0.021977 0.029707 0.026041 -0.174539 0.217102 -0.000356 0.045317 -0.042350 -0.058156 0.148246 -0.090849 0.053668 
1.278171 -0.385932 0.970297 0.066132 -0.416433 -0.063669 0.077803 0.121450 -0.150211 0.126003 0.157672 -0.092283 0.147899 -0.136267 0.110400 
1.545167 -0.323305 1.111785 -0.139711 -0.417219 0.163672 -0.095672 -0.051881 0.001399 0.053716 0.083668 -0.134531 0.233744 -0.124110 0.022488 
1.000682 -0.760916 1.685532 -0.010617 -0.348220 0.233122 -0.250326 0.039232 -0.290559 -0.144898 0.105574 -0.358217 0.140879 -0.149474 0.048467 
0.677849 -0.695148 1.622568 -0.053021 -0.320269 0.240352 -0.234343 -0.022740 -0.245454 -0.200019 0.082676 -0.298462 0.025968 -0.094704 0.035421 
0.841749 -0.905197 1.796215 -0.130594 -0.266389 0.295884 -0.346424 0.078640 -0.233760 -0.229971 0.142010 -0.354435 0.101247 -0.150968 0.074117 
0.625132 -0.669604 1.611301 -0.096955 -0.246551 0.244861 -0.274957 0.063189 -0.239711 -0.239205 0.151831 -0.295710 -0.010674 -0.070615 0.044110 
0.804242 -0.714368 1.728266 -0.141437 -0.271654 0.282200 -0.369905 0.130431 -0.259642 -0.292192 0.210509 -0.329395 0.004178 -0.095855 0.096903 
0.830075 -0.637634 1.702110 -0.133373 -0.360657 0.323423 -0.477523 0.182852 -0.274511 -0.235306 0.187426 -0.265563 0.040140 -0.060813 0.071336 
0.897732 -0.695289 1.613670 -0.281634 -0.356270 0.264360 -0.360212 0.030678 -0.215959 -0.249966 0.204169 -0.295451 0.082970 -0.066316 0.105104 
0.881494 -0.755739 1.545049 -0.231778 -0.367071 0.210937 -0.339225 0.011093 -0.250099 -0.186711 0.171060 -0.300337 0.137839 -0.073300 0.072590 
0.941348 -0.800910 1.442019 -0.175877 -0.429500 0.218736 -0.285913 0.006023 -0.226035 -0.194962 0.212608 -0.306905 0.147889 -0.070331 0.067746 
1.103216 -0.968104 1.287622 -0.073473 -0.481029 0.123674 -0.222730 0.033366 -0.327455 -0.084900 0.244840 -0.349668 0.192100 -0.013116 0.005896 
1.304382 -1.067376 1.044170 0.049883 -0.551860 0.037479 -0.178879 0.116020 -0.324019 -0.109961 0.315662 -0.295902 0.159008 -0.013755 0.023564 
1.547685 -1.298188 0.704180 0.098922 -0.357723 0.043912 -0.268901 0.048319 -0.253092 -0.013138 0.283136 -0.297933 0.191548 0.005876 0.012962 
1.664692 -1.222592 0.420852 -0.107912 -0.059624 0.078916 -0.370532 0.023620 0.049791 0.145273 0.111881 -0.414951 0.333491 -0.022717 -0.042969 
1.756493 -1.216499 0.128742 -0.102812 -0.050676 0.179792 -0.272210 0.017342 -0.151651 0.242201 0.216179 -0.416578 0.218548 -0.034203 -0.001306 
1.788576 -1.086899 -0.063360 -0.225928 -0.198624 0.302935 -0.010684 -0.045554 -0.238504 0.187544 0.210215 -0.270394 0.218928 -0.166723 -0.082351 
1.820114 -1.063746 -0.098159 -0.265049 -0.301100 0.388222 0.118053 -0.018318 -0.247822 0.037730 0.214907 -0.244021 0.295981 -0.156284 -0.097062 
1.828956 -1.071431 0.058895 -0.457911 -0.299872 0.325220 0.243934 -0.004833 -0.245258 0.000200 0.146051 -0.233048 0.347660 -0.114157 -0.065247 
1.881634 -0.997226 -0.008096 -0.438163 -0.382862 0.372479 0.224556 0.058402 -0.226226 -0.024172 0.116900 -0.262241 0.382460 -0.130867 -0.008023 
1.786095 -0.904183 0.072712 -0.508490 -0.286489 0.303071 0.244987 0.172524 -0.280491 0.029245 0.039102 -0.230557 0.341746 -0.124619 0.033072 
1.725258 -0.887284 0.117160 -0.483079 -0.341313 0.327943 0.251715 0.091314 -0.144747 -0.027917 0.027977 -0.270148 0.331815 -0.106164 0.061266 
1.738191 -0.859051 0.152683 -0.492700 -0.316524 0.292425 0.201694 0.164519 -0.148791 -0.017271 -0.017657 -0.259065 0.317774 -0.113340 0.102079 
1.744988 -0.837652 0.158423 -0.384279 -0.434330 0.340286 0.154676 0.164422 -0.077534 -0.007990 0.005397 -0.318858 0.294831 -0.116123 0.077375 
1.611706 -0.771385 0.241093 -0.426860 -0.418150 0.290145 0.280332 0.098679 -0.042832 0.053642 -0.052544 -0.278346 0.240037 -0.130381 0.112416 
1.628888 -0.804326 0.256166 -0.327983 -0.426964 0.292514 0.170020 0.154373 0.020189 0.097999 -0.066466 -0.301583 0.219695 -0.181316 0.122750 
1.511114 -0.706182 0.213957 -0.229274 -0.422300 0.245639 0.178336 0.151645 0.110528 0.058353 -0.106499 -0.270607 0.200784 -0.201246 0.174258 
1.505456 -0.761319 0.302060 -0.315426 -0.333457 0.217651 0.225890 0.056559 0.212838 0.062827 -0.141557 -0.234639 0.174400 -0.205238 0.191085 
1.320641 -0.652825 0.337639 -0.288401 -0.288420 0.137385 0.245406 0.048375 0.137431 0.103646 -0.033504 -0.218168 0.131158 -0.176302 0.157906 
1.226424 -0.576311 0.361933 -0.148906 -0.298725 0.175025 0.039620 0.085344 0.087461 0.239856 -0.008778 -0.183622 0.136240 -0.163770 0.093649 
1.143770 -0.627507 0.459951 -0.075814 -0.271819 0.084851 0.018149 0.012884 0.184340 0.174967 0.021908 -0.192906 0.182410 -0.150167 0.069728 
1.017146 -0.545598 0.491411 0.018469 -0.236167 0.044223 -0.012237 -0.112928 0.110293 0.168412 0.018968 -0.169510 0.210577 -0.134341 0.095427 
0.974423 -0.492692 0.502620 0.085829 -0.213762 0.026821 -0.022737 -0.190619 0.055256 0.165419 -0.017596 -0.179449 0.242939 -0.136467 0.095696 
1.050720 -0.538562 0.494658 0.056482 -0.196221 0.029295 -0.036186 -0.154324 0.090683 0.215835 -0.023772 -0.171839 0.228158 -0.118455 0.109466 
0.949863 -0.446879 0.467128 0.124988 -0.212520 0.047024 -0.071341 -0.176566 0.035753 0.200925 -0.050844 -0.153223 0.216066 -0.103476 0.077495 
0.854102 -0.407225 0.486386 0.124976 -0.201529 0.083003 -0.132903 -0.136073 -0.021475 0.172467 -0.078875 -0.142562 0.227101 -0.140867 0.097475 
0.950336 -0.234655 0.402684 0.119957 -0.218219 0.111363 -0.102548 -0.078084 -0.012938 0.125555 -0.034394 -0.124853 0.211754 -0.159056 0.108092 
0.904959 -0.193700 0.353254 0.196185 -0.189954 0.062451 -0.060865 -0.191553 0.084663 0.145973 -0.082752 -0.081045 0.173069 -0.104749 0.078247 
0.730212 -0.120992 0.378141 0.352715 -0.073009 0.026162 -0.152540 -0.221438 -0.058897 0.110841 -0.115846 -0.226803 0.173934 -0.099264 0.100565 
0.807066 -0.101014 0.298381 0.283990 -0.134527 -0.011722 -0.046094 -0.195549 -0.011849 0.112684 -0.074031 -0.182148 0.247832 -0.152120 0.059860 
0.671831 -0.180895 0.478634 0.429514 -0.075450 -0.024951 -0.090473 -0.296624 0.024146 0.081123 -0.156878 -0.248940 0.234236 -0.155908 0.124331 
0.673921 -0.043591 0.388568 0.257020 -0.113011 0.077152 -0.225761 -0.129513 0.081136 0.057087 -0.077241 -0.156400 0.241509 -0.150216 0.112098 
0.561016 0.004834 0.345284 0.382734 -0.019309 -0.057428 0.015364 -0.224899 0.033026 0.054160 -0.060552 -0.173943 0.127859 -0.056268 0.064823 
0.518828 0.022809 0.184035 0.336003 -0.081301 0.002747 -0.143176 -0.033522 0.184342 0.073503 -0.052741 -0.145963 0.271662 -0.106189 0.020470 
0.459019 0.183600 0.198965 0.302476 0.088291 0.044468 0.045452 -0.038600 -0.040366 0.087780 -0.006164 -0.111601 0.134988 -0.112503 0.065273 
