city011_097
BYOOIN
76
0.230895 -0.388255 0.068566 0.234481 -0.118406 -0.224524 -0.244384 0.099763 0.024177 -0.021284 -0.035421 -0.003860 0.175301 -0.096492 0.005421 
0.652820 -0.751992 0.292647 0.276608 -0.193694 -0.248724 -0.210840 0.080447 0.117767 -0.156115 0.107874 -0.125136 0.258103 -0.128435 0.010660 
0.863312 -0.144627 0.956297 0.587469 -0.101728 -0.080620 0.018852 0.117879 -0.034998 -0.256315 0.110194 -0.123238 0.072860 -0.158312 0.015993 
1.025354 -0.726035 1.387737 0.371984 -0.379999 0.108521 -0.191510 0.167644 -0.295768 -0.268714 0.197265 -0.307254 0.012689 -0.098123 -0.010085 
0.851252 -0.889663 1.551918 0.116197 -0.383085 0.026375 -0.278719 0.124922 -0.329273 -0.254002 0.176153 -0.283375 0.095151 -0.101159 -0.000229 
0.983671 -0.877684 1.571119 0.027501 -0.409529 -0.044305 -0.292387 0.092178 -0.315978 -0.243952 0.204674 -0.237967 0.132692 -0.069554 0.025387 
1.062572 -1.045359 1.311800 -0.093360 -0.211953 -0.285922 -0.168641 -0.059076 -0.239610 -0.161126 0.043784 -0.052593 0.074831 0.000961 0.022367 
1.106899 -1.166313 1.178877 -0.240225 -0.050269 -0.378170 -0.225561 -0.017263 -0.269596 -0.129414 0.053970 -0.021353 0.108790 0.035450 0.000803 
1.377548 -1.300826 0.840226 -0.232306 -0.132184 -0.111247 -0.432499 -0.078044 -0.096084 -0.125944 0.238660 -0.193203 0.226345 0.138215 -0.120867 
1.474096 -1.158600 0.626012 -0.528374 0.013760 -0.092866 -0.385689 -0.232932 -0.008330 0.185789 0.221896 -0.141765 0.124249 0.135016 0.001998 
1.360664 -1.032831 0.432369 -0.649278 0.055605 -0.161644 -0.200863 -0.307740 -0.089727 0.227246 0.265604 0.004381 0.117981 -0.004643 -0.037061 
1.340115 -1.136702 0.419156 -0.662831 -0.007644 -0.259199 -0.147944 -0.149630 -0.069797 0.059372 0.231465 0.123091 0.236482 -0.087875 -0.064679 
1.339429 -1.137214 0.411241 -0.696358 -0.024077 -0.285050 -0.103750 -0.069029 -0.076777 -0.029312 0.208110 0.159948 0.280410 -0.095203 -0.102231 
1.450483 -1.195978 0.349779 -0.646087 -0.099137 -0.201624 -0.105850 -0.050400 -0.069494 -0.072743 0.251388 0.127697 0.307768 -0.121091 -0.116760 
1.632611 -1.203339 0.325624 -0.575017 -0.127764 -0.185859 -0.203491 0.050318 -0.036007 -0.086904 0.284558 0.051357 0.249746 -0.088555 -0.070200 
1.722945 -1.195323 0.418575 -0.685692 -0.146864 -0.196847 -0.137936 0.150144 -0.112878 -0.087620 0.229095 0.077615 0.215756 -0.105310 0.043511 
1.705555 -1.229247 0.458805 -0.800734 -0.164794 -0.150615 -0.047931 0.130211 -0.091926 -0.155278 0.172007 0.074077 0.247981 -0.040998 0.051394 
1.596330 -1.008314 0.308752 -0.801580 -0.120976 -0.116833 -0.027604 0.130994 -0.100849 -0.071257 0.033546 0.108286 0.230140 -0.047619 0.022512 
1.638204 -0.966841 0.321076 -0.870573 -0.056127 -0.175152 -0.050549 0.093376 -0.001393 -0.102485 0.004836 0.062869 0.304425 -0.051351 0.048091 
1.644296 -0.907970 0.317889 -0.815739 -0.081308 -0.178617 -0.069647 0.146956 -0.029756 -0.070241 -0.010301 0.053750 0.253542 -0.053797 0.037697 
1.721626 -0.949646 0.395870 -0.836283 -0.099361 -0.182553 -0.086825 0.186489 -0.051884 -0.047878 -0.046406 0.042216 0.247660 -0.048898 0.057298 
1.717196 -0.934881 0.435041 -0.819517 -0.121824 -0.172573 -0.063242 0.181741 -0.030500 -0.089398 -0.037067 0.006148 0.265033 -0.091613 0.111030 
1.769441 -1.012522 0.503246 -0.816233 -0.152471 -0.152684 -0.087318 0.222894 -0.053467 -0.107189 -0.018587 -0.027728 0.266732 -0.070795 0.099743 
1.636834 -0.858838 0.400908 -0.763105 -0.157026 -0.137436 -0.077732 0.218257 -0.054863 -0.085521 -0.050373 0.013321 0.200756 -0.027869 0.041259 
1.704414 -0.973738 0.510788 -0.876500 -0.111264 -0.171965 -0.064692 0.187902 -0.000747 -0.148709 -0.052030 -0.008745 0.252756 -0.025484 0.094078 
1.608061 -0.869383 0.443021 -0.839767 -0.092554 -0.142766 -0.077363 0.208502 -0.021694 -0.138973 -0.078452 0.022326 0.208964 -0.005229 0.057531 
1.636794 -0.893869 0.478652 -0.892520 -0.055160 -0.178692 -0.082999 0.170330 0.024447 -0.186824 -0.081961 0.031367 0.226041 0.028099 0.052120 
1.685294 -0.904535 0.467208 -0.867586 -0.066414 -0.185041 -0.093819 0.193009 -0.006314 -0.178097 -0.081488 0.011412 0.235419 0.044814 0.050996 
1.705712 -0.867911 0.430316 -0.852549 -0.024417 -0.228188 -0.076035 0.166242 0.004060 -0.189888 -0.059873 -0.021153 0.259111 0.037181 0.058884 
1.667492 -0.888446 0.464482 -0.869711 -0.049500 -0.190337 -0.040690 0.139696 0.029026 -0.194761 -0.060193 0.008237 0.215623 0.032224 0.053762 
1.690335 -0.856363 0.416370 -0.820830 -0.065635 -0.174634 -0.051286 0.152855 -0.000789 -0.136422 -0.105769 0.046009 0.176538 0.039195 0.042062 
1.683014 -0.868604 0.426190 -0.830709 -0.061772 -0.179112 -0.027875 0.111041 0.032985 -0.177693 -0.082691 0.036339 0.183558 0.058430 0.029897 
1.662905 -0.819083 0.375949 -0.794419 -0.069408 -0.160979 -0.037635 0.136043 0.004080 -0.173749 -0.068905 0.026507 0.175237 0.063888 0.023813 
1.650373 -0.832567 0.397974 -0.820146 -0.056484 -0.159668 -0.045862 0.136673 0.011957 -0.178864 -0.082794 0.018514 0.190872 0.063940 0.036815 
1.657881 -0.810771 0.376458 -0.817525 -0.015821 -0.181835 -0.042059 0.149986 -0.003551 -0.175297 -0.071441 -0.000247 0.197041 0.055565 0.035100 
1.678898 -0.793387 0.337240 -0.799157 0.018541 -0.175500 -0.077841 0.178509 -0.048161 -0.167344 -0.075507 0.003957 0.215293 0.054001 0.042637 
1.730924 -0.882994 0.385107 -0.759055 -0.041066 -0.146274 -0.082452 0.192580 -0.121097 -0.143330 -0.082276 0.010801 0.253632 0.046926 0.037644 
1.742074 -0.935076 0.462446 -0.714477 -0.089225 -0.178541 -0.051816 0.149114 -0.159677 -0.212524 -0.008627 -0.023560 0.353400 -0.010393 0.073434 
1.777609 -0.907237 0.399435 -0.642297 -0.047727 -0.174202 -0.175659 0.102543 -0.187037 -0.185972 0.002552 0.014103 0.403897 -0.031950 0.041263 
1.714916 -1.061445 0.433442 -0.607653 0.026586 -0.168255 -0.146463 -0.010191 -0.318166 -0.175685 0.094566 0.085397 0.404849 -0.056212 -0.002163 
1.497358 -1.028342 0.478395 -0.515346 -0.124421 0.025400 -0.139723 -0.188976 -0.356105 -0.213397 0.245224 0.081087 0.336947 -0.054665 -0.077922 
1.658645 -1.029630 0.427940 -0.347103 -0.050539 0.064091 -0.394899 -0.199013 -0.366494 0.033285 0.287929 -0.140422 0.285566 -0.082004 -0.005224 
1.526731 -0.963521 0.609833 -0.390940 0.091245 -0.103535 -0.355437 -0.278520 -0.253501 0.051408 0.228001 -0.119873 0.090129 0.084439 0.078768 
1.305864 -0.949692 0.844786 -0.199475 -0.075370 -0.064580 -0.466476 -0.188245 -0.129945 0.047696 0.104634 -0.273069 0.225972 0.152214 -0.009412 
1.198410 -1.138433 1.203162 -0.115991 -0.248622 -0.033981 -0.239287 -0.090392 -0.336334 -0.056382 0.158661 -0.332411 0.216023 -0.011517 0.020598 
0.965342 -0.835219 1.422345 -0.087742 -0.420104 0.156448 -0.205029 -0.036964 -0.357259 -0.092338 0.133063 -0.355119 0.141899 -0.028243 -0.030532 
1.053550 -0.815871 1.530622 -0.300870 -0.346801 0.295619 -0.311384 -0.038645 -0.310583 -0.130311 0.130908 -0.377800 0.181250 -0.092840 0.058076 
0.974553 -0.733130 1.376649 -0.334644 -0.214853 0.379955 -0.379075 -0.019179 -0.320206 -0.208415 0.140794 -0.338825 0.079383 -0.100801 0.063360 
0.914180 -0.691607 1.304684 -0.362282 -0.038655 0.426804 -0.530625 -0.016584 -0.281559 -0.181921 0.113148 -0.334825 0.059274 -0.114351 0.041925 
0.878264 -0.511176 1.254374 -0.472085 0.174131 0.423298 -0.613801 -0.100514 -0.116709 -0.222153 0.057632 -0.311381 0.055413 -0.153806 0.091031 
0.976180 -0.438474 1.260571 -0.453986 0.117450 0.485396 -0.683879 -0.003855 -0.188624 -0.156969 0.058532 -0.324482 0.077200 -0.135140 0.066885 
1.009867 -0.536336 1.287678 -0.440648 0.127772 0.426061 -0.645981 -0.003880 -0.187137 -0.167877 0.096306 -0.364491 0.100327 -0.123754 0.062292 
0.861427 -0.519853 1.256486 -0.361373 0.105918 0.354509 -0.553743 -0.009686 -0.208080 -0.167233 0.078109 -0.364003 0.092207 -0.116668 0.039387 
0.882142 -0.628217 1.303172 -0.319992 0.064473 0.325058 -0.505411 -0.017684 -0.207965 -0.186584 0.098422 -0.377848 0.097336 -0.115559 0.047580 
0.945915 -0.713602 1.351085 -0.253489 0.017150 0.324871 -0.542193 -0.004665 -0.185061 -0.166278 0.073990 -0.390755 0.123348 -0.098763 0.028837 
0.939358 -0.713855 1.295369 -0.191965 0.012550 0.308423 -0.530122 -0.038113 -0.132973 -0.133981 0.011533 -0.352592 0.141671 -0.120273 0.047481 
1.045654 -0.807098 1.267159 -0.098055 -0.031737 0.324055 -0.538503 -0.082803 -0.080271 -0.126829 -0.026298 -0.355713 0.169706 -0.143165 0.066826 
0.983160 -0.760029 1.182722 0.021487 -0.046113 0.278705 -0.485102 -0.118213 -0.074930 -0.057942 -0.111153 -0.333777 0.169640 -0.135441 0.046656 
1.114286 -0.738926 1.059791 0.168108 -0.124758 0.237816 -0.381345 -0.206831 -0.032211 -0.027005 -0.150636 -0.315321 0.202982 -0.169691 0.080920 
1.231169 -0.715432 0.945774 0.305651 -0.131826 0.113892 -0.232842 -0.298714 -0.023050 0.037195 -0.190936 -0.344553 0.259925 -0.180405 0.073479 
1.305672 -0.565323 0.725224 0.553502 -0.199467 0.032464 -0.149167 -0.301276 -0.072690 0.115056 -0.240036 -0.343533 0.260895 -0.139459 0.024350 
1.325969 -0.510886 0.681092 0.554587 -0.212390 0.050865 -0.182331 -0.297968 -0.044672 0.074433 -0.171564 -0.305329 0.163912 -0.023755 0.020152 
1.278474 -0.561092 0.785405 0.508026 -0.228932 0.138582 -0.278688 -0.249166 -0.013614 -0.018136 -0.121731 -0.347155 0.198006 -0.076360 0.037674 
1.219153 -0.698644 0.940772 0.395218 -0.246299 0.215012 -0.319703 -0.223372 -0.014834 -0.045575 -0.136137 -0.352883 0.236083 -0.138964 0.009569 
1.144054 -0.752892 1.001107 0.337132 -0.225165 0.220566 -0.288835 -0.241530 -0.034849 -0.049161 -0.126486 -0.358215 0.217128 -0.153332 0.012819 
1.163510 -0.758756 0.985481 0.397557 -0.285226 0.289207 -0.348794 -0.218206 -0.044082 -0.029235 -0.165034 -0.345164 0.207358 -0.149675 0.013660 
1.007681 -0.691205 1.008741 0.338326 -0.178519 0.150174 -0.205899 -0.326311 0.028671 -0.071640 -0.152671 -0.345459 0.193916 -0.138191 -0.003587 
1.037527 -0.645163 1.032728 0.353070 -0.193661 0.182509 -0.273825 -0.243878 -0.028562 -0.019141 -0.202815 -0.333220 0.217679 -0.159506 0.007282 
0.973080 -0.595172 0.988955 0.384066 -0.188255 0.192763 -0.254635 -0.288754 -0.003755 -0.057347 -0.181704 -0.374259 0.208896 -0.168911 0.004540 
0.848891 -0.343790 0.871376 0.485650 -0.175386 0.176525 -0.251783 -0.320475 0.069412 -0.111555 -0.181643 -0.393993 0.186828 -0.115539 -0.078020 
0.825855 -0.142766 0.750778 0.601026 -0.184580 0.155969 -0.231831 -0.306729 0.058584 -0.101017 -0.182872 -0.430013 0.230559 -0.138619 -0.111788 
0.854027 -0.003873 0.565504 0.466685 -0.095634 0.176037 -0.246117 -0.264156 0.000602 -0.024590 -0.196675 -0.293567 0.155275 -0.178342 0.036845 
0.584758 0.075622 0.660384 0.340563 -0.207735 0.302025 -0.073227 -0.341001 -0.065909 0.012364 -0.178730 -0.237982 0.105856 -0.241307 0.076053 
0.267636 -0.059209 0.692851 0.339298 -0.118147 0.270689 -0.136895 -0.307516 -0.050796 0.030724 -0.177474 -0.246378 0.085470 -0.182965 0.051549 
-0.026672 -0.404104 0.708443 0.414935 -0.167383 0.165353 -0.171795 -0.279313 0.083183 0.063102 -0.169729 -0.249470 0.191763 -0.090894 0.037233 
-0.037440 0.217401 0.554610 0.416121 -0.028160 0.026175 -0.030150 -0.187034 -0.117651 0.019117 -0.127568 -0.248447 0.062106 -0.069176 -0.037437 
