city011_013
SUGAMO
77
0.085900 -0.473596 0.273133 -0.017901 0.030891 0.179873 0.084765 0.054234 -0.083783 0.026536 0.000694 0.037888 0.026321 -0.051359 0.059799 
-0.329467 -0.732074 0.253315 -0.132682 0.033612 -0.087846 -0.114789 0.015866 0.070742 0.039493 -0.016181 -0.050014 0.018187 0.033560 0.000291 
-0.035507 -0.816446 0.150418 -0.183307 -0.095704 -0.138097 -0.142779 0.207342 0.113191 -0.037806 -0.037018 0.016898 0.035410 -0.061712 -0.047679 
-0.015356 -0.852838 0.274564 -0.306594 -0.150817 -0.140903 0.105333 0.215106 0.002485 -0.024258 -0.071902 0.021625 0.011700 -0.108688 0.063887 
-0.423051 -1.283590 0.068798 -0.211712 0.183869 -0.001521 -0.002344 0.136104 -0.098786 0.002093 -0.084729 0.040687 0.048771 0.029030 -0.039642 
-0.015908 -1.173989 0.123488 -0.226741 -0.026257 -0.051506 -0.000100 0.161117 0.006674 -0.023058 -0.061809 0.024561 0.025484 -0.071627 0.039967 
-0.189622 -1.236051 0.127510 -0.204631 -0.026352 -0.134502 0.092161 0.045270 -0.002543 0.121482 -0.067545 0.024655 -0.133178 -0.005874 0.155124 
-0.225283 -1.146912 0.223782 -0.318139 0.084251 -0.194405 -0.062589 0.071862 0.068485 0.134090 -0.056277 0.005869 -0.080839 -0.049051 0.134195 
-0.093223 -0.989482 0.399106 -0.108214 -0.070547 -0.349209 -0.048894 0.138180 0.044875 -0.020392 0.068724 -0.034623 0.074930 -0.076939 0.061078 
-0.191908 -1.070304 0.293103 -0.270832 0.045620 -0.033155 0.080236 0.016537 0.054100 -0.132193 0.008242 0.093903 -0.039340 -0.043770 0.052161 
-0.073899 -0.812749 0.682851 -0.174613 0.073189 -0.117501 -0.055715 -0.008531 0.053603 -0.079907 -0.003582 0.059719 0.003079 -0.067505 0.049922 
0.211482 -1.022488 0.450452 -0.174019 0.117535 -0.271201 0.054761 0.083870 -0.053088 0.045791 -0.068621 0.042506 0.048636 -0.074498 0.038085 
0.360934 -0.965568 0.312175 -0.137719 0.213190 -0.177278 0.069597 0.200749 -0.013145 -0.012279 -0.141075 0.044767 0.064407 0.010307 -0.011318 
1.076380 -0.720671 0.624111 0.013078 0.122151 -0.160442 -0.259083 -0.067248 -0.025754 0.024374 -0.186916 -0.079510 0.149061 0.022820 -0.144601 
1.286113 -0.957075 0.860789 -0.120464 0.104405 -0.091511 -0.466795 -0.067810 -0.112714 0.038751 -0.226388 -0.142330 0.241057 -0.026385 -0.080781 
1.340883 -1.037413 0.867300 -0.131652 0.126244 -0.094070 -0.538528 -0.033870 -0.110729 0.025431 -0.230011 -0.159488 0.266729 -0.004340 -0.108726 
1.383977 -1.031384 0.874900 -0.098170 0.105923 -0.116963 -0.541978 0.014702 -0.128756 0.031768 -0.218291 -0.171205 0.278972 -0.002126 -0.108922 
1.388965 -1.036693 0.872394 -0.052775 0.138254 -0.141146 -0.519162 0.027544 -0.151071 0.031682 -0.219971 -0.197781 0.285969 -0.030891 -0.095241 
1.390528 -1.037248 0.910806 -0.006042 0.137085 -0.169377 -0.459276 0.047470 -0.201731 0.017869 -0.197419 -0.204994 0.224195 -0.000422 -0.104603 
1.415324 -1.026064 0.902687 0.084351 0.135069 -0.148915 -0.468999 0.072650 -0.264436 0.026283 -0.202335 -0.270893 0.235907 -0.028228 -0.110959 
1.341467 -0.880229 0.811180 0.151561 0.192201 -0.126487 -0.430310 0.047599 -0.287206 0.042465 -0.211838 -0.328950 0.188257 -0.015613 -0.117484 
1.257477 -0.670640 0.715229 0.191584 0.140764 -0.131221 -0.300561 0.007577 -0.239440 -0.016048 -0.130559 -0.291955 0.110143 0.037296 -0.151948 
1.102714 -0.382469 0.626386 0.193602 -0.022861 -0.113119 -0.095423 -0.033815 -0.278554 -0.048775 -0.018702 -0.245518 0.082031 -0.033157 -0.052025 
0.835123 -0.376714 0.668787 0.306805 -0.107850 -0.069418 -0.096538 -0.015561 -0.312233 -0.000316 -0.018574 -0.237581 0.050360 -0.019903 -0.018809 
0.855488 -0.618510 0.681695 0.250084 -0.024288 -0.075660 -0.239829 -0.050778 -0.280110 0.040419 -0.021187 -0.288411 0.059229 0.083796 -0.049796 
1.253906 -1.008693 0.935890 -0.031729 -0.109327 -0.078599 -0.331867 0.008480 -0.417739 0.167119 -0.032351 -0.249691 0.185709 0.024302 0.025769 
1.363593 -1.104476 0.880739 -0.268483 -0.159504 -0.156519 -0.440064 -0.018256 -0.152510 0.221492 -0.023001 -0.121792 0.337689 -0.014102 0.019419 
1.419884 -1.113284 0.574983 -0.390220 -0.076968 -0.322947 -0.364694 0.109641 0.037454 0.234558 0.054331 -0.056121 0.156852 0.072307 -0.074487 
1.406429 -1.179591 0.335519 -0.503044 -0.025608 -0.354977 -0.212605 0.215079 0.062391 0.245357 0.138279 -0.219971 0.059122 0.101326 -0.195990 
1.290237 -1.187503 0.317391 -0.591129 0.050059 -0.239717 -0.093870 0.125675 0.152164 0.271202 0.085581 -0.276250 -0.114136 0.097432 -0.019106 
1.292481 -1.327537 0.176212 -0.659344 0.048187 -0.071367 -0.006716 0.002291 0.184900 0.247594 0.025768 -0.251765 -0.184557 0.118235 0.023097 
1.379169 -1.316401 0.096281 -0.666036 0.038769 -0.042140 0.025482 0.015699 0.152408 0.267782 -0.037033 -0.274754 -0.122107 0.109865 0.000017 
1.336374 -1.181821 0.089407 -0.632195 0.024699 -0.006823 -0.010985 0.059606 0.145883 0.275117 -0.041175 -0.318736 -0.120537 0.127509 -0.017715 
1.353333 -1.179891 0.104584 -0.637484 0.053013 -0.004009 -0.037341 0.051649 0.145529 0.250633 0.026340 -0.371529 -0.085627 0.133103 -0.040087 
1.381697 -1.169269 0.091574 -0.700521 0.081131 0.051067 -0.119482 0.088403 0.058145 0.297253 0.060139 -0.376079 -0.071764 0.113112 -0.033301 
1.405765 -1.140983 0.122032 -0.711385 0.102312 0.089553 -0.129662 0.058551 -0.035638 0.325339 0.095948 -0.325125 -0.059613 0.053087 -0.000528 
1.456831 -1.122927 0.230582 -0.725047 0.108707 0.151196 -0.125748 0.032922 -0.121419 0.302970 0.166276 -0.304873 -0.006688 -0.032597 0.005130 
1.540673 -1.067394 0.294868 -0.726750 0.032471 0.208199 -0.157020 0.001784 -0.300575 0.312620 0.190808 -0.153640 0.055188 -0.092857 -0.063620 
1.794712 -1.000632 0.291000 -0.492331 -0.151871 0.180631 -0.050951 -0.014948 -0.393567 0.303822 0.039388 -0.100022 0.255706 -0.168612 -0.056019 
1.745672 -0.833526 0.501041 -0.230156 -0.372945 0.365823 -0.046811 -0.101008 -0.157499 0.027810 -0.057172 -0.140282 0.264130 -0.099386 -0.052392 
1.305255 -0.782241 0.964608 0.202873 -0.241196 0.301174 -0.166963 -0.275237 0.033889 0.019634 -0.131940 -0.163585 0.083892 -0.039057 -0.088783 
1.197292 -0.723785 0.952615 0.171371 -0.173243 0.312600 -0.141511 -0.334243 -0.023564 0.036590 -0.155940 -0.166256 0.026228 -0.058059 -0.068141 
1.180445 -0.746327 1.035398 0.163213 -0.204020 0.296094 -0.188205 -0.273609 -0.038805 0.038239 -0.185370 -0.161516 0.058620 -0.072372 -0.061041 
1.172552 -0.740661 0.982987 0.174614 -0.182565 0.319650 -0.192203 -0.319061 0.005012 0.065733 -0.189724 -0.146632 0.027105 -0.032409 -0.059409 
1.106850 -0.643632 0.910616 0.154622 -0.124612 0.287957 -0.184360 -0.320639 -0.030407 0.083693 -0.179448 -0.179882 0.056682 -0.072042 -0.036273 
1.664099 -0.642160 0.626473 -0.325668 -0.415999 0.246385 0.053487 -0.044888 -0.041618 0.143107 -0.064876 -0.122847 0.164457 -0.087291 -0.034725 
1.866604 -0.583769 0.397667 -0.487378 -0.454844 0.148496 0.117704 0.049963 -0.147438 0.056657 -0.104135 -0.183646 0.219179 0.000811 -0.037364 
1.834033 -0.544888 0.281209 -0.509461 -0.341992 0.144320 0.122600 0.025089 -0.227046 0.033015 -0.142226 -0.147485 0.276996 0.030204 -0.040447 
1.806348 -0.575082 0.214672 -0.530237 -0.312301 0.172794 0.141229 0.069536 -0.283500 0.046781 -0.129630 -0.160177 0.316990 0.028045 -0.029725 
1.814507 -0.677679 0.224236 -0.655718 -0.236460 0.145274 0.099587 0.190323 -0.373700 0.146827 -0.144407 -0.166092 0.370088 -0.046076 0.019238 
1.889501 -0.685274 0.225983 -0.628804 -0.324758 0.168106 0.099709 0.215650 -0.378289 0.164711 -0.117685 -0.202116 0.357463 -0.029998 -0.003627 
1.881479 -0.683900 0.221782 -0.691322 -0.315774 0.150072 0.067626 0.251215 -0.380107 0.188000 -0.149179 -0.194983 0.359214 -0.027731 0.006826 
1.831732 -0.583231 0.233515 -0.734072 -0.339363 0.130939 0.094675 0.215237 -0.355924 0.191951 -0.129060 -0.191133 0.337428 -0.009454 -0.001118 
1.798508 -0.571406 0.169474 -0.739871 -0.304054 0.091892 0.034947 0.215371 -0.318654 0.162395 -0.084017 -0.234450 0.347467 0.016123 -0.033664 
1.719479 -0.499247 0.174194 -0.832070 -0.302516 0.085565 0.069413 0.201319 -0.348903 0.175059 -0.095332 -0.196612 0.373998 0.027897 -0.021599 
1.726765 -0.429642 0.140232 -0.864001 -0.308093 0.075871 0.028538 0.217196 -0.293824 0.165680 -0.053250 -0.249614 0.360233 0.018129 -0.033428 
1.748547 -0.480360 0.115852 -0.844402 -0.244173 -0.018218 0.039715 0.199996 -0.303396 0.200514 -0.090451 -0.226136 0.350416 0.031152 -0.022831 
1.760892 -0.365246 0.046075 -0.768082 -0.332636 0.002799 0.057154 0.176877 -0.274511 0.166978 -0.074447 -0.235778 0.335786 0.055813 -0.029006 
1.765528 -0.274956 -0.032251 -0.760493 -0.364630 0.019250 0.064265 0.150991 -0.229995 0.114482 -0.009098 -0.272928 0.334496 0.089569 -0.061839 
1.854998 -0.191256 -0.049225 -0.720943 -0.405923 0.020642 0.133597 0.125866 -0.215397 0.120991 -0.048065 -0.241898 0.292961 0.083997 -0.048983 
1.803385 -0.188632 -0.051734 -0.692147 -0.403749 0.029315 0.135407 0.099885 -0.205207 0.120868 -0.094978 -0.225147 0.298173 0.073849 -0.033731 
1.622407 -0.094890 -0.002134 -0.761653 -0.367064 0.042199 0.152807 0.112026 -0.202694 0.117394 -0.097399 -0.248570 0.300515 0.061771 -0.047974 
1.542919 -0.097332 0.016990 -0.827264 -0.318506 0.019466 0.106634 0.177715 -0.250748 0.161464 -0.112350 -0.285021 0.351796 0.017118 -0.010902 
1.509269 -0.101215 0.027296 -0.851295 -0.293683 -0.007974 0.115166 0.196387 -0.262829 0.192815 -0.133986 -0.296305 0.363710 -0.014941 0.019264 
1.579027 -0.116463 -0.032406 -0.823532 -0.330328 0.019285 0.096329 0.158725 -0.199293 0.145793 -0.100859 -0.291872 0.341165 0.021775 -0.024749 
1.342238 -0.079770 0.067773 -0.774139 -0.306964 -0.024646 0.120548 0.155019 -0.212334 0.124465 -0.100514 -0.307175 0.349639 0.005111 -0.015041 
1.433466 0.021687 0.014129 -0.753944 -0.274565 0.022412 0.136032 0.097780 -0.157076 0.129242 -0.160484 -0.257419 0.305263 -0.043002 0.010546 
1.337359 0.083747 -0.032205 -0.597395 -0.361932 0.113722 0.166682 0.147141 -0.211542 0.115921 -0.139524 -0.271460 0.284573 0.006707 -0.013238 
1.425227 0.151889 -0.112263 -0.545835 -0.344962 0.108572 0.166469 0.048257 -0.067974 0.144592 -0.127879 -0.174497 0.180135 -0.035993 -0.081103 
1.134266 0.399705 -0.026698 -0.623223 -0.303022 0.145527 0.224764 0.144561 -0.155520 0.162032 -0.176090 -0.181627 0.171804 0.030455 -0.074782 
0.978435 0.345910 0.042524 -0.634339 -0.180321 0.106386 0.286878 0.071458 -0.075160 0.073812 -0.133056 -0.234553 0.205780 0.012809 -0.077777 
0.774287 0.467877 -0.013628 -0.307349 -0.207157 0.353417 0.291302 0.045155 -0.030693 -0.031179 -0.149822 -0.078125 0.162855 0.058971 -0.001542 
1.055968 0.338249 -0.227772 -0.303695 -0.156065 0.111648 0.265441 -0.038032 -0.037127 0.031052 -0.044335 -0.182692 0.155396 0.038909 -0.118664 
0.507819 -0.283893 -0.057534 -0.474048 -0.190940 0.172618 0.299075 0.071731 -0.207801 0.085462 -0.133149 -0.179054 0.271973 0.017736 -0.067999 
0.582674 0.281002 -0.030102 -0.125127 -0.190486 0.238507 0.205398 0.090593 -0.105330 0.050896 -0.017536 -0.155911 0.145049 0.060318 -0.110727 
0.567532 0.361315 -0.215901 -0.112687 -0.013811 0.163505 0.232956 0.013850 -0.054402 -0.071173 -0.008930 -0.023991 0.063968 0.065765 -0.057232 
0.263939 0.190019 -0.065123 -0.201575 -0.152653 0.281305 0.234866 0.082885 -0.100839 -0.072080 -0.019340 -0.063563 0.094352 0.105199 -0.052747 
