city011_047
GUNMA
60
-0.794171 -0.011287 -0.087896 0.033650 -0.072523 -0.072773 -0.070139 -0.022309 0.005623 -0.001969 0.113449 -0.074566 -0.032806 0.064518 0.030530 
-0.598265 -0.023111 -0.228534 -0.152609 -0.040211 0.102087 -0.007336 -0.060203 0.079182 -0.043487 0.045600 -0.055521 0.023247 -0.002225 -0.004877 
0.944820 -0.831123 -0.265065 -0.041106 0.124395 -0.051921 -0.222948 -0.132752 0.114837 0.023997 0.076099 0.017380 -0.028922 -0.033094 0.044396 
1.107975 -0.609420 0.122208 0.173351 0.019405 -0.185637 -0.181115 0.032455 -0.159867 0.046833 0.096223 -0.123092 0.037553 0.021299 0.072205 
1.000179 -0.589127 0.966916 0.177767 -0.176946 0.032411 -0.266623 0.036480 -0.358591 -0.083040 0.054362 -0.299390 0.002833 0.084572 -0.082993 
1.273655 -0.794668 1.059710 0.068858 -0.099868 0.048888 -0.316526 0.032448 -0.360573 -0.121638 0.058827 -0.362578 0.060657 0.037357 -0.108423 
1.557206 -0.768067 0.805711 0.118502 -0.096140 0.100842 -0.361155 -0.001374 -0.367850 -0.030477 0.014371 -0.328847 0.079534 0.024762 -0.074425 
1.607822 -0.705609 0.668312 0.221297 -0.115786 0.125139 -0.401165 -0.079434 -0.255602 -0.059218 -0.001153 -0.377069 0.122762 0.031652 -0.087865 
1.486100 -0.791153 0.838727 0.114341 -0.044816 0.101269 -0.398789 -0.147756 -0.231989 -0.049385 -0.038302 -0.365428 0.099816 0.033161 -0.075258 
1.436482 -0.788424 0.909387 0.029419 0.041574 0.022522 -0.403082 -0.162989 -0.222069 -0.004384 -0.114846 -0.339583 0.124003 0.023774 -0.068470 
1.351541 -0.676549 0.932292 -0.041708 0.025254 -0.091014 -0.334829 -0.141712 -0.283486 0.056237 -0.138730 -0.280678 0.155330 0.037657 -0.084735 
1.486354 -0.659935 0.882646 0.019630 -0.114634 -0.148284 -0.166738 -0.206157 -0.292141 0.138989 -0.197424 -0.177479 0.199840 -0.047884 -0.034097 
1.524756 -0.672993 0.801923 -0.020289 -0.105180 -0.125311 -0.082988 -0.266480 -0.373085 0.233560 -0.188544 -0.197203 0.216963 -0.090597 0.007551 
1.502058 -0.708215 0.845221 -0.082041 -0.146055 -0.025967 -0.067673 -0.318410 -0.357644 0.234480 -0.167925 -0.202272 0.221712 -0.107438 0.008145 
1.485454 -0.704503 0.823256 -0.070151 -0.189235 0.046893 -0.059289 -0.335125 -0.323901 0.185066 -0.142782 -0.188622 0.188085 -0.087019 -0.030521 
1.624043 -0.818809 0.828926 -0.064803 -0.263194 0.179855 -0.106420 -0.336714 -0.255702 0.104099 -0.126199 -0.184191 0.200446 -0.125274 -0.027020 
1.619655 -0.873755 0.843870 0.054468 -0.417589 0.314981 -0.133285 -0.357239 -0.180499 0.010234 -0.109313 -0.157675 0.135212 -0.087023 -0.041800 
1.395643 -0.866610 0.995113 0.145522 -0.499190 0.342516 -0.123851 -0.359257 -0.097137 -0.074624 -0.049082 -0.208061 0.095421 -0.042393 -0.066390 
1.216186 -0.808456 1.209584 0.249733 -0.517985 0.276784 -0.288888 -0.217602 -0.143435 -0.019811 -0.153188 -0.186244 0.113078 -0.025991 -0.071818 
1.204476 -0.884091 1.173037 0.219915 -0.437281 0.282865 -0.246798 -0.274320 -0.107205 -0.106407 -0.101352 -0.247694 0.093772 -0.056917 -0.079487 
1.183718 -0.886304 1.118157 0.259726 -0.401493 0.338472 -0.299253 -0.288404 -0.088942 -0.059219 -0.131899 -0.266837 0.085903 -0.032020 -0.094249 
1.168420 -0.844188 1.067557 0.281842 -0.339227 0.298931 -0.272597 -0.309434 -0.068404 -0.039548 -0.142333 -0.274027 0.079472 -0.027524 -0.081940 
1.195377 -0.885996 1.088806 0.255838 -0.306290 0.300775 -0.274893 -0.289555 -0.089684 -0.033291 -0.142125 -0.281908 0.084952 -0.053423 -0.071161 
1.140702 -0.785970 1.059566 0.306081 -0.329063 0.312252 -0.282016 -0.244872 -0.118813 0.001793 -0.160331 -0.260389 0.061177 -0.031192 -0.066908 
1.071408 -0.766633 1.081874 0.310475 -0.316826 0.288245 -0.230307 -0.257740 -0.098059 -0.055465 -0.115685 -0.293259 0.065529 -0.038696 -0.095024 
1.093788 -0.827500 1.135233 0.294435 -0.322427 0.293489 -0.248312 -0.206138 -0.142504 -0.058335 -0.111809 -0.295111 0.068712 -0.063118 -0.084114 
1.109885 -0.809735 1.086625 0.311349 -0.319308 0.300351 -0.240624 -0.231890 -0.090213 -0.069833 -0.097358 -0.289596 0.072527 -0.053398 -0.084590 
1.145097 -0.818103 1.012033 0.344775 -0.350360 0.333536 -0.278936 -0.210214 -0.092695 -0.016778 -0.097326 -0.279960 0.088899 -0.033471 -0.065095 
1.183349 -0.837366 1.039093 0.274791 -0.310321 0.261843 -0.247740 -0.237882 -0.071886 0.013938 -0.132238 -0.226450 0.080657 -0.007029 -0.065567 
1.101304 -0.756889 1.023909 0.307889 -0.358638 0.287269 -0.258574 -0.226105 -0.074977 0.005088 -0.128972 -0.236203 0.098776 -0.013613 -0.081533 
1.116317 -0.787028 1.043619 0.284942 -0.342808 0.270941 -0.230327 -0.235500 -0.068079 0.002064 -0.128621 -0.225665 0.098523 -0.029015 -0.070852 
1.094719 -0.845951 1.034627 0.290314 -0.306492 0.236978 -0.199822 -0.282737 -0.033882 -0.037109 -0.109266 -0.240038 0.077245 -0.014316 -0.079205 
1.054057 -0.830097 0.941435 0.373210 -0.377855 0.282724 -0.255601 -0.276192 -0.035503 -0.006251 -0.109124 -0.258542 0.105141 -0.003038 -0.061868 
1.108986 -0.845820 1.012405 0.281698 -0.274693 0.246085 -0.198427 -0.301379 -0.025447 -0.026855 -0.105736 -0.256996 0.084905 -0.020471 -0.080015 
1.093874 -0.857882 0.945788 0.351909 -0.336237 0.332469 -0.243429 -0.298838 -0.055319 0.005691 -0.083392 -0.306010 0.105006 -0.032828 -0.051833 
1.109585 -0.773788 0.940714 0.370235 -0.312815 0.271726 -0.209546 -0.323886 -0.048171 0.052864 -0.158125 -0.257565 0.061246 0.023026 -0.079943 
1.488110 -0.822509 0.522798 0.002239 -0.315130 0.297409 -0.077599 -0.249846 -0.123711 0.146688 0.013938 -0.155573 0.164405 -0.094331 -0.009884 
1.649086 -1.015984 0.223255 -0.289337 -0.104280 0.241175 -0.153118 -0.120900 -0.286040 0.332838 0.100641 -0.177402 0.167161 -0.152093 -0.033739 
1.580314 -1.144140 0.104414 -0.457844 0.048829 0.136341 -0.150175 -0.060543 -0.156033 0.310993 0.092791 -0.239411 0.097962 -0.029755 -0.002744 
1.444275 -1.162300 -0.014518 -0.480220 0.064130 0.143435 -0.122228 0.005372 -0.093419 0.266117 0.124580 -0.298340 0.017086 0.029472 0.020510 
1.420303 -1.200164 -0.046396 -0.534386 0.073330 0.152770 -0.073436 0.020111 -0.104473 0.288243 0.125220 -0.315331 -0.040152 0.039280 0.043134 
1.468995 -1.219071 -0.057052 -0.580905 0.098277 0.171225 -0.065958 0.018210 -0.114090 0.265754 0.117806 -0.291768 -0.037273 0.034170 0.047143 
1.509549 -1.241014 -0.110593 -0.578177 0.109329 0.176092 -0.062206 0.027510 -0.132278 0.256825 0.098125 -0.278732 -0.010459 0.031250 0.056504 
1.565170 -1.225775 -0.127876 -0.619905 0.104096 0.223785 -0.045631 -0.004195 -0.135483 0.257825 0.085062 -0.299671 0.043900 0.022266 0.023180 
1.528352 -1.115594 -0.156454 -0.549892 0.087525 0.243579 -0.081970 0.023716 -0.118742 0.259853 0.058245 -0.354709 0.118168 -0.019138 0.062477 
1.551346 -1.138764 -0.093933 -0.556485 0.066044 0.254159 -0.095803 0.088360 -0.163595 0.309252 0.011559 -0.330589 0.101945 -0.048713 0.085559 
1.569331 -1.125336 -0.130100 -0.556818 0.066044 0.242569 -0.059920 0.043983 -0.149240 0.309547 0.011736 -0.336314 0.112382 -0.050257 0.085300 
1.498603 -1.033013 -0.201132 -0.491498 0.020560 0.274287 -0.057261 0.053660 -0.174934 0.366672 -0.009644 -0.331522 0.087967 -0.082058 0.094538 
1.494200 -1.054124 -0.190337 -0.530367 0.032718 0.269008 -0.046040 0.046558 -0.179761 0.384996 -0.014729 -0.339186 0.103489 -0.114410 0.096710 
1.477996 -1.052288 -0.162518 -0.580904 0.077738 0.228849 -0.037183 0.015417 -0.153149 0.389035 -0.037553 -0.307439 0.090397 -0.102096 0.078061 
1.350031 -1.017028 -0.142446 -0.579299 0.063586 0.221687 -0.027612 0.038456 -0.172991 0.415201 -0.055943 -0.313300 0.107533 -0.128265 0.076130 
1.321573 -0.944824 -0.171420 -0.575815 0.036499 0.203403 -0.004115 0.015408 -0.107553 0.350153 -0.028007 -0.322635 0.102529 -0.106211 0.053341 
1.503640 -0.491138 -0.316277 -0.262072 -0.080762 0.150033 0.065042 -0.018719 -0.001223 0.323745 -0.075788 -0.312161 0.129834 -0.117471 0.042952 
1.493788 -0.501886 -0.387704 -0.228944 -0.116148 0.176951 0.086657 -0.075736 0.041059 0.260265 -0.062332 -0.265336 0.110648 -0.125983 0.064713 
1.406659 -0.879559 -0.410377 -0.373661 -0.029536 0.251113 -0.053866 0.054410 -0.170876 0.376763 -0.074226 -0.278919 0.135454 -0.128946 0.108147 
1.121133 -0.298189 -0.444450 -0.165342 -0.056304 0.236068 0.009546 -0.098919 0.036905 0.390093 -0.050325 -0.230777 -0.060955 -0.041715 0.046633 
1.551961 -0.644246 -0.517120 -0.351826 0.013092 0.162931 0.067972 0.006940 -0.151307 0.371545 -0.049613 -0.269949 0.069541 -0.140718 0.094674 
0.615970 -0.426714 -0.558209 -0.345672 -0.047983 0.182456 0.093859 -0.091656 0.011733 0.337956 -0.035461 -0.264769 -0.061901 -0.089930 0.115735 
0.495130 -0.765832 -0.401493 -0.280853 0.018773 0.157381 0.038503 -0.109629 -0.093763 0.366089 -0.051568 -0.250056 0.118004 -0.134399 0.089647 
1.050534 -0.002999 -0.226123 -0.158024 -0.101046 0.054175 0.136660 0.059788 0.036210 0.164938 -0.041994 -0.256470 0.196534 -0.151280 0.064086 
