city011_011
SANGENJAYA
109
-0.360350 -0.576776 0.045008 -0.103861 -0.052661 0.156119 0.020740 -0.028447 -0.075772 0.072298 -0.004036 -0.046621 0.032558 0.018953 -0.046854 
-0.331501 -0.661625 0.084548 -0.050113 -0.076284 0.060348 -0.011074 0.004563 -0.027830 0.009302 0.073650 -0.082866 -0.002409 0.043741 -0.009681 
0.001554 -0.861186 0.441943 0.015464 -0.052435 -0.051426 -0.094385 -0.040895 0.021864 0.040377 -0.009797 -0.019179 0.008036 -0.030238 0.110710 
0.393350 -0.758299 0.486924 -0.212625 -0.051228 -0.203818 -0.201317 -0.058109 -0.134369 0.136810 0.041312 -0.008611 0.082732 0.002076 0.046763 
1.144036 -0.677231 0.316559 -0.191027 0.017934 -0.274457 -0.149293 0.106155 0.000563 -0.001525 -0.158065 0.220927 0.004208 -0.110697 0.139129 
1.008983 -0.918728 0.113274 0.019035 0.052380 -0.140203 -0.036143 0.085677 0.093058 0.135689 -0.295038 0.110533 0.047534 -0.076665 0.070705 
1.635808 -0.674715 0.167924 -0.500338 -0.026157 -0.032314 -0.060021 -0.025223 0.117693 0.263541 -0.307378 0.022946 0.091575 -0.155877 0.143473 
1.533418 -1.241342 0.247896 -0.590675 -0.046077 0.048306 -0.127913 0.123748 0.156493 0.251811 -0.268494 -0.146897 0.087279 -0.048945 0.015964 
1.229959 -1.291726 0.218442 -0.696374 0.089623 0.044494 -0.028373 0.102235 0.124530 0.248770 -0.203545 -0.273056 0.072683 -0.009234 0.056950 
1.239991 -1.317519 0.215857 -0.762417 0.151755 0.097282 -0.060238 0.092999 0.158549 0.209082 -0.224643 -0.247378 0.035706 0.043669 0.067747 
1.202554 -1.296250 0.129492 -0.739536 0.192692 0.123809 -0.093167 0.078613 0.132754 0.171165 -0.130116 -0.276853 0.032889 0.071857 0.061062 
1.259892 -1.314915 0.104718 -0.703056 0.207474 0.148405 -0.119237 0.083882 0.101877 0.162986 -0.073055 -0.291872 0.018480 0.057485 0.125959 
1.299137 -1.335933 0.128285 -0.705665 0.250813 0.152493 -0.133680 0.087071 0.077044 0.174170 -0.082544 -0.260679 -0.005405 0.062793 0.167838 
1.305619 -1.314198 0.181946 -0.659811 0.274142 0.154981 -0.109058 0.094864 0.062595 0.179208 -0.098251 -0.246231 -0.037048 0.101267 0.183181 
1.312289 -1.324561 0.222827 -0.612418 0.279046 0.167316 -0.120214 0.159219 -0.017201 0.229115 -0.124629 -0.272640 0.007961 0.105876 0.221172 
1.315079 -1.278111 0.203060 -0.551431 0.280073 0.128986 -0.118518 0.170149 -0.069340 0.264423 -0.127982 -0.274087 0.030350 0.135461 0.157189 
1.415443 -1.294027 0.208495 -0.476134 0.288550 0.059359 -0.109144 0.164039 -0.096160 0.228809 -0.080443 -0.271422 0.089765 0.102881 0.105726 
1.592747 -1.304156 0.224959 -0.396090 0.233693 0.025611 -0.147886 0.149192 -0.222573 0.273862 -0.080892 -0.222625 0.169626 0.039517 0.032952 
1.774818 -1.349785 0.248591 -0.181224 0.106634 -0.003347 -0.108865 0.106903 -0.225735 0.340011 -0.151164 -0.181762 0.213923 -0.061866 0.042189 
1.757080 -1.359780 0.438426 -0.083621 0.021549 0.013590 -0.153405 0.022657 -0.163904 0.326723 -0.180921 -0.130373 0.196704 -0.089991 0.082170 
1.590651 -1.257068 0.632290 0.004632 -0.063196 0.048338 -0.310601 -0.005953 -0.085627 0.220098 -0.164731 -0.111869 0.169701 -0.041236 0.054189 
1.450774 -1.188354 0.738644 0.122931 -0.143338 0.088777 -0.350033 -0.128474 -0.022487 0.091509 -0.207620 -0.086109 0.168617 -0.064056 0.029397 
1.404546 -1.094319 0.868088 0.169496 -0.241076 0.111591 -0.319093 -0.132999 -0.077649 0.068014 -0.210018 -0.094457 0.182041 -0.112111 0.023489 
1.333087 -1.051868 0.920148 0.179653 -0.248865 0.060395 -0.242802 -0.203860 -0.084151 0.060949 -0.228525 -0.099666 0.181556 -0.109814 -0.004394 
1.336763 -1.026880 0.977430 0.166035 -0.271989 0.079022 -0.237478 -0.212201 -0.107158 0.079337 -0.209231 -0.147079 0.198670 -0.095294 -0.022385 
1.346185 -0.992682 1.053960 0.122491 -0.319738 0.065485 -0.179465 -0.219187 -0.120832 0.056266 -0.187424 -0.107007 0.143672 -0.054770 -0.039869 
1.321198 -0.927716 1.023616 0.128713 -0.347958 0.119062 -0.182844 -0.243817 -0.134463 0.045915 -0.152430 -0.149396 0.151456 -0.063770 -0.028487 
1.339892 -0.887021 1.041722 0.182310 -0.376908 0.105862 -0.175341 -0.240448 -0.115166 0.019129 -0.165316 -0.140455 0.152413 -0.071282 -0.042335 
1.300260 -0.826904 0.988041 0.212543 -0.368502 0.115684 -0.142271 -0.308686 -0.091881 0.010357 -0.148494 -0.179573 0.151856 -0.057148 -0.056346 
1.305699 -0.797632 0.988617 0.234961 -0.384929 0.097258 -0.133408 -0.284625 -0.122313 0.020459 -0.158621 -0.184659 0.166260 -0.061154 -0.084089 
1.316427 -0.732783 0.953217 0.317545 -0.388733 0.058474 -0.108042 -0.303448 -0.130322 0.047206 -0.165103 -0.216063 0.180830 -0.041320 -0.102019 
1.313538 -0.638091 0.966300 0.375712 -0.405683 0.048392 -0.117063 -0.303765 -0.138712 0.047831 -0.171393 -0.219239 0.163810 0.000016 -0.133206 
1.297080 -0.492757 0.894510 0.440637 -0.429286 0.022092 -0.065096 -0.318986 -0.175314 0.035815 -0.139578 -0.257136 0.162614 -0.005548 -0.131393 
1.344878 -0.414863 0.837861 0.499455 -0.358586 -0.052396 0.005310 -0.345612 -0.173510 -0.000176 -0.154720 -0.265835 0.103282 0.016669 -0.163083 
1.217474 -0.301138 0.622119 0.638945 -0.253296 -0.057017 -0.018650 -0.332516 -0.216305 0.071503 -0.208282 -0.329904 0.080733 0.018442 -0.162990 
1.191845 -0.171396 0.445484 0.690892 -0.158780 0.021460 -0.058559 -0.400677 -0.151452 0.125977 -0.239568 -0.365183 0.059272 -0.017203 -0.070977 
0.824628 -0.079518 0.698534 0.411441 -0.131059 0.123010 -0.125320 -0.287079 -0.051434 -0.094094 -0.147022 -0.207707 -0.067445 -0.012809 -0.048016 
0.443298 -0.526225 1.146817 -0.107697 -0.047031 0.309216 -0.251673 -0.164978 -0.215947 -0.053303 -0.061655 -0.182299 -0.048083 -0.114776 0.071154 
0.418427 -0.751782 1.486500 -0.258946 -0.008683 0.213521 -0.363330 -0.056731 -0.314940 -0.064379 -0.082881 -0.216851 -0.062694 -0.059475 0.066659 
0.955114 -1.055008 1.594068 -0.384561 -0.089175 0.256557 -0.460420 0.057608 -0.400539 -0.021080 -0.061977 -0.191830 0.030994 -0.119916 0.146122 
1.015080 -1.146598 1.513815 -0.380800 -0.155522 0.180724 -0.466946 0.060102 -0.402690 0.006497 -0.035283 -0.139728 0.068030 -0.098194 0.180124 
1.019029 -1.159807 1.412783 -0.441664 -0.190546 0.093506 -0.422271 -0.002644 -0.385264 0.026371 0.002533 -0.092891 0.115726 -0.086740 0.218072 
0.854347 -1.112577 1.219097 -0.458805 -0.134178 0.000042 -0.344534 -0.125898 -0.308409 0.027384 0.046790 -0.040542 0.107626 -0.053732 0.200606 
0.946131 -1.231076 1.191901 -0.449207 -0.164202 0.013236 -0.301872 -0.049659 -0.325732 0.114015 0.020857 -0.024148 0.131386 -0.110607 0.211054 
1.021859 -1.197824 1.126022 -0.440644 -0.270739 0.027805 -0.270977 0.061690 -0.265956 0.155546 0.022628 -0.024332 0.151283 -0.121551 0.164629 
1.140258 -1.266603 1.135700 -0.512095 -0.253049 0.013109 -0.266849 0.101748 -0.301266 0.179586 -0.008329 0.005541 0.171446 -0.171229 0.198596 
1.146128 -1.155575 1.092660 -0.409920 -0.253427 -0.008352 -0.220908 0.127044 -0.243420 0.185602 -0.022265 -0.016472 0.148689 -0.163342 0.177260 
1.285039 -1.230292 1.115667 -0.360235 -0.213963 -0.004840 -0.254176 0.180243 -0.249462 0.191794 -0.055775 -0.019156 0.157043 -0.181424 0.182397 
1.283266 -1.157048 1.072815 -0.309217 -0.169513 -0.027040 -0.249702 0.182621 -0.231977 0.184997 -0.068363 -0.010079 0.130883 -0.151257 0.165204 
1.316982 -1.100724 1.043244 -0.264557 -0.138166 -0.035681 -0.251755 0.184826 -0.235294 0.201578 -0.082174 -0.013374 0.120372 -0.123075 0.146582 
1.398556 -1.101418 1.033372 -0.250675 -0.065474 -0.082641 -0.219623 0.146289 -0.292626 0.176383 -0.121211 -0.020587 0.122729 -0.121843 0.133939 
1.349880 -0.951887 0.906604 -0.083877 -0.086819 -0.130880 -0.173357 0.091149 -0.253695 0.144722 -0.113323 -0.029491 0.113034 -0.082132 0.087554 
1.450876 -0.911984 0.855580 0.045931 -0.058428 -0.172949 -0.122402 0.066019 -0.355323 0.160073 -0.144517 -0.077588 0.129556 -0.107528 0.062110 
1.299503 -0.763493 0.809727 0.246089 -0.144354 -0.092413 -0.084666 -0.140897 -0.218268 0.155746 -0.240068 -0.081600 0.117095 -0.098320 0.039616 
1.216672 -0.870134 1.057579 0.221949 -0.153476 0.157109 -0.258718 -0.221725 -0.074514 0.034663 -0.280478 -0.179892 0.123163 -0.133696 -0.035115 
1.268566 -0.814100 1.073344 0.266262 -0.227064 0.225791 -0.338154 -0.266956 0.044571 -0.045742 -0.270124 -0.199281 0.131791 -0.076052 -0.101564 
1.224504 -0.801999 1.068009 0.266465 -0.210335 0.199899 -0.318220 -0.274815 0.061520 -0.074846 -0.265699 -0.193835 0.135301 -0.102267 -0.086212 
1.223401 -0.833014 1.058548 0.272146 -0.217154 0.232643 -0.336854 -0.247580 0.026768 -0.069381 -0.250496 -0.218137 0.144189 -0.124219 -0.077365 
1.128467 -0.727111 1.035737 0.276959 -0.233122 0.257894 -0.339522 -0.253289 0.032533 -0.069476 -0.246167 -0.219124 0.152138 -0.141204 -0.067643 
1.186661 -0.715573 1.019438 0.229082 -0.186471 0.239791 -0.325203 -0.281886 0.055215 -0.075316 -0.259876 -0.190775 0.127632 -0.137788 -0.060713 
1.080822 -0.615021 1.036160 0.251560 -0.176735 0.217824 -0.334277 -0.256619 0.035530 -0.057447 -0.281966 -0.174698 0.108057 -0.112691 -0.057112 
1.214558 -0.661423 1.029360 0.240113 -0.172964 0.198899 -0.299707 -0.264498 0.054497 -0.099888 -0.283797 -0.141217 0.100849 -0.151645 -0.048824 
1.154290 -0.581156 0.996873 0.268567 -0.177815 0.203791 -0.306896 -0.266267 0.030431 -0.067890 -0.278815 -0.164042 0.099604 -0.122100 -0.056058 
1.161696 -0.535304 0.957771 0.330483 -0.188895 0.180912 -0.294848 -0.260167 0.038477 -0.100480 -0.277664 -0.163867 0.100898 -0.142507 -0.048290 
1.259121 -0.489740 0.878700 0.401120 -0.239240 0.209903 -0.267715 -0.325753 0.102187 -0.130856 -0.276083 -0.114858 0.032691 -0.097281 -0.042888 
1.196341 -0.376448 0.823457 0.421900 -0.200405 0.202344 -0.295254 -0.317298 0.070021 -0.081422 -0.289937 -0.151730 0.041580 -0.073125 -0.052657 
1.165581 -0.239557 0.648013 0.235819 -0.051432 0.131447 -0.103788 -0.325120 -0.046147 -0.109640 -0.206977 -0.141612 0.000136 -0.164271 -0.008434 
1.058773 -0.214573 0.693502 0.212646 -0.103977 0.027975 -0.030589 -0.054199 -0.236870 -0.214573 -0.105095 -0.043377 -0.116233 -0.187094 0.087023 
0.623257 -0.096817 0.821384 0.214601 0.020190 -0.131201 0.062352 -0.052296 -0.141826 -0.144993 -0.154272 0.060653 -0.098069 -0.244298 0.147446 
0.294248 -0.229943 0.842260 0.140692 0.155471 -0.115751 0.094838 -0.021155 -0.134075 -0.053828 -0.116662 0.076335 -0.071962 -0.242702 0.190390 
0.180958 -0.273796 0.724235 -0.098415 0.158310 -0.034695 -0.045557 0.046440 -0.075541 -0.039402 -0.055821 0.057219 0.023295 -0.180652 0.140185 
0.433090 -0.299794 0.695777 0.085248 -0.013374 -0.287961 0.076305 -0.178031 -0.106408 -0.044671 -0.151626 0.084722 -0.002481 -0.153151 0.155120 
0.932244 -0.709117 1.054411 -0.107805 -0.170345 -0.145094 -0.249203 0.032758 -0.196838 -0.103666 -0.123429 0.127364 0.048012 -0.197323 0.205097 
1.245512 -1.037275 1.212299 -0.342028 -0.222582 -0.147505 -0.382773 0.094131 -0.264839 -0.014275 -0.134613 0.189198 0.128397 -0.207855 0.257293 
1.164304 -1.152730 1.024845 -0.413179 -0.141408 -0.183601 -0.383081 0.034830 -0.217032 0.025261 -0.086721 0.200734 0.183581 -0.197968 0.251672 
1.244655 -1.286744 0.964763 -0.539932 -0.219204 -0.168630 -0.375491 0.143498 -0.135273 0.091799 -0.022930 0.200201 0.216215 -0.248389 0.214068 
1.177815 -1.249984 0.771330 -0.504583 -0.210153 -0.214709 -0.434499 0.098213 0.039123 0.152055 -0.000859 0.148964 0.285118 -0.211235 0.081425 
1.246513 -1.207752 0.641264 -0.414659 -0.235718 -0.282039 -0.362812 0.008442 0.272910 0.042998 0.025995 0.102360 0.276215 -0.084690 -0.168215 
1.209579 -1.146279 0.520633 -0.382320 -0.150923 -0.317411 -0.284373 0.026113 0.288617 0.102447 -0.052353 0.069552 0.203101 -0.068069 -0.186646 
1.195023 -1.218902 0.508816 -0.324893 -0.172403 -0.320826 -0.253778 0.086134 0.256693 0.127391 -0.068319 0.043989 0.205146 -0.126844 -0.142812 
1.189972 -1.238975 0.532410 -0.384093 -0.162759 -0.312772 -0.271811 0.090077 0.284631 0.104641 -0.074124 0.071617 0.202990 -0.131490 -0.162070 
1.167809 -1.238092 0.536270 -0.348150 -0.151815 -0.337740 -0.270156 0.079940 0.234718 0.147208 -0.086194 0.044623 0.265045 -0.156660 -0.137794 
1.194099 -1.256351 0.574596 -0.313585 -0.193774 -0.292624 -0.313197 0.096274 0.177082 0.170771 -0.099956 0.055407 0.281051 -0.160934 -0.111628 
1.190417 -1.255608 0.619289 -0.303599 -0.227186 -0.252297 -0.332744 0.104979 0.155701 0.160560 -0.079512 0.040144 0.296445 -0.182731 -0.081238 
1.254181 -1.314050 0.636775 -0.334903 -0.250338 -0.237839 -0.326384 0.102611 0.117672 0.137144 -0.062576 0.099654 0.266508 -0.185269 -0.055023 
1.228594 -1.265942 0.650605 -0.289999 -0.311593 -0.213450 -0.342178 0.138831 0.085352 0.143555 -0.057929 0.096401 0.276664 -0.203666 -0.050189 
1.378312 -1.364352 0.744057 -0.310013 -0.301574 -0.190589 -0.385317 0.208238 0.029192 0.170924 -0.066474 0.074294 0.301149 -0.258084 0.016630 
1.422866 -1.426924 0.736904 -0.364823 -0.299614 -0.173473 -0.396199 0.250010 0.005177 0.161393 -0.022216 0.055406 0.300101 -0.271334 0.011289 
1.376237 -1.331519 0.624487 -0.300986 -0.319336 -0.222938 -0.371389 0.202141 0.055246 0.168204 -0.045935 0.109523 0.267129 -0.236780 -0.011324 
1.346020 -1.281634 0.529429 -0.289375 -0.301393 -0.303196 -0.284405 0.126328 0.121835 0.163233 -0.065541 0.132392 0.262428 -0.210294 -0.075197 
1.293008 -1.311525 0.450184 -0.200364 -0.313758 -0.235365 -0.300770 0.200406 0.151156 0.085866 -0.001105 0.006367 0.240373 -0.178101 -0.112885 
1.476199 -1.372441 0.260375 -0.178325 -0.358047 -0.242087 -0.232429 0.182312 0.166746 0.166359 -0.030392 -0.033928 0.218581 -0.124734 -0.202583 
1.392782 -1.199457 0.087664 -0.292179 -0.185373 -0.321089 -0.198603 0.200214 0.171974 0.236620 -0.056408 -0.101405 0.197451 -0.083324 -0.261166 
1.386155 -1.198790 0.089014 -0.437498 -0.133988 -0.197367 -0.232246 0.184867 0.215211 0.239348 -0.103429 -0.149492 0.193211 -0.079970 -0.237741 
1.399007 -1.123016 -0.028200 -0.426892 -0.087991 -0.232118 -0.161963 0.219767 0.154114 0.290978 -0.043310 -0.292291 0.092916 0.063218 -0.235265 
1.524068 -1.233893 -0.010250 -0.449677 -0.114760 -0.142894 -0.150475 0.162346 0.123415 0.335800 -0.046981 -0.294935 0.090584 0.033192 -0.174225 
1.448401 -1.172476 -0.058312 -0.431521 -0.157470 -0.035099 -0.154109 0.145071 0.111395 0.302891 -0.015071 -0.330991 0.111406 0.007474 -0.158201 
1.656312 -1.323541 -0.012377 -0.388807 -0.271579 0.049797 -0.144528 0.059858 0.154101 0.283799 -0.049155 -0.253265 0.119761 -0.047361 -0.100426 
1.455714 -1.261849 0.155710 -0.455534 -0.165025 0.007904 -0.198386 0.185211 -0.013463 0.411815 -0.092212 -0.258647 0.136996 -0.106908 -0.040947 
1.293105 -1.102634 0.078901 -0.417411 -0.200076 -0.007152 -0.182256 0.125817 0.062433 0.367266 -0.033793 -0.281640 0.139121 -0.100420 -0.080337 
1.280792 -1.037081 0.005317 -0.447933 -0.196721 0.001320 -0.188440 0.119105 0.076883 0.380113 -0.007947 -0.325580 0.158338 -0.114995 -0.099940 
1.174086 -0.982712 -0.056328 -0.435955 -0.194237 -0.054275 -0.132327 0.096704 0.089520 0.436957 0.001462 -0.352825 0.117661 -0.119246 -0.112341 
1.292274 -0.827588 -0.251300 -0.463976 -0.059617 -0.101917 -0.130265 0.109065 0.061331 0.460602 -0.020543 -0.377786 0.084403 -0.041710 -0.071313 
1.299448 -0.902006 -0.179895 -0.463582 -0.048686 -0.134911 -0.137198 0.130520 0.009537 0.457908 -0.015604 -0.333063 0.106839 -0.056067 -0.054781 
1.265648 -1.027808 -0.211264 -0.279145 -0.145643 -0.063443 -0.071762 0.030244 0.050808 0.380121 -0.008321 -0.317817 0.106872 -0.040941 -0.041374 
1.383107 -0.831833 -0.324537 -0.260988 -0.089643 -0.092019 -0.054490 0.047502 0.022066 0.399365 -0.055843 -0.336166 0.123542 -0.010132 -0.043467 
0.525431 -0.876017 -0.177064 -0.154966 -0.039142 -0.087371 -0.057004 0.040647 0.057797 0.286534 -0.121996 -0.211120 0.089288 0.019952 -0.014716 
0.356642 -0.542511 -0.315184 0.055521 0.099652 0.068165 0.002309 0.000957 0.029401 0.202980 -0.141088 -0.208876 0.110441 0.128168 -0.047245 
0.850629 -0.305334 -0.419951 0.041361 0.139967 0.176281 0.061612 0.024866 0.158513 0.063788 -0.099232 -0.183550 0.115674 0.095803 0.022627 
