city011_086
RYAKUZU
72
-0.302347 0.026947 0.149731 0.198763 -0.050718 -0.129754 -0.133271 0.098294 0.090921 -0.179868 0.062596 -0.021555 0.130654 -0.166690 0.095590 
0.291464 0.099134 0.596439 -0.100521 0.009395 0.102659 -0.255760 -0.064901 -0.001319 -0.047420 -0.068565 -0.046756 0.121251 -0.201929 0.194227 
0.379412 -0.269576 1.321252 0.111416 -0.225142 0.123122 -0.311518 0.102730 -0.149015 -0.350398 0.104540 -0.191538 0.053172 -0.244068 0.125215 
0.611168 -0.531448 1.458589 -0.167885 -0.131453 0.131112 -0.467977 0.139487 -0.190450 -0.416015 0.157079 -0.198680 -0.005919 -0.189225 0.176402 
0.704995 -0.716281 1.500109 -0.221238 -0.144171 0.100339 -0.519457 0.159300 -0.227475 -0.384537 0.168182 -0.188059 0.014097 -0.140750 0.176350 
0.759075 -0.841319 1.382751 -0.242579 -0.183500 0.035185 -0.555852 0.115632 -0.232725 -0.334174 0.166690 -0.149042 0.071459 -0.093892 0.179779 
0.963053 -0.988437 1.329896 -0.346622 -0.122945 -0.112476 -0.495789 0.018078 -0.202165 -0.244775 0.105476 -0.057288 0.139142 -0.103307 0.239903 
1.047803 -1.082217 1.062918 -0.440856 -0.036747 -0.201424 -0.503833 -0.015703 -0.049552 -0.083239 -0.011779 0.088983 0.236890 -0.104125 0.161653 
1.102505 -1.217994 0.869427 -0.491490 -0.078570 -0.369191 -0.396706 0.042558 0.149340 -0.012444 0.039981 0.151784 0.278292 -0.163301 0.066567 
1.175492 -1.326152 0.518582 -0.343516 -0.128391 -0.428869 -0.175780 0.107923 0.186873 0.130730 -0.000273 0.004873 0.186635 -0.078408 -0.162669 
1.086334 -1.371681 0.377022 -0.497446 0.071499 -0.566313 0.009217 0.138756 0.207837 0.232319 -0.055460 -0.119011 0.084710 -0.040366 -0.179743 
1.004747 -1.322528 0.378653 -0.554152 0.010935 -0.402367 -0.069186 0.128168 0.327481 0.171798 -0.026965 -0.213678 0.067627 0.004873 -0.243224 
1.089850 -1.296654 0.294360 -0.592870 0.050869 -0.396092 -0.074044 0.162742 0.297846 0.141613 0.025865 -0.274421 0.079824 0.038350 -0.276737 
1.125602 -1.320132 0.334879 -0.671633 0.109931 -0.360051 -0.082899 0.120718 0.268664 0.209376 0.025799 -0.304820 0.061197 0.054323 -0.233378 
1.096721 -1.279267 0.287706 -0.637735 0.154065 -0.375013 -0.135072 0.134016 0.225233 0.253455 0.032453 -0.347093 0.142004 0.023319 -0.211776 
1.251999 -1.284843 0.294808 -0.524130 0.184785 -0.386065 -0.149420 0.066502 0.109881 0.271507 0.039508 -0.321235 0.227580 0.033681 -0.127023 
1.588997 -1.161054 0.267584 -0.220849 0.104506 -0.311523 -0.274684 0.026944 -0.045337 0.303004 -0.014369 -0.243059 0.303329 -0.017312 0.008615 
1.592836 -0.820235 0.202464 -0.062279 0.143573 -0.287373 -0.384070 0.003034 -0.140333 0.341681 -0.053934 -0.271335 0.357058 -0.045371 0.123456 
0.942991 -0.391165 0.435143 0.018179 0.101495 -0.108976 -0.281157 -0.059619 0.048325 0.211045 -0.089366 -0.140351 0.162145 -0.019109 0.185864 
0.340876 -0.462618 0.049058 0.178188 -0.064637 -0.082116 -0.057880 0.004496 0.062158 0.025050 0.063633 -0.160545 0.095746 -0.023435 0.092843 
0.176239 -0.634986 -0.261675 0.098873 -0.295555 -0.276546 -0.027515 0.180483 0.167281 -0.066426 0.184069 -0.156009 0.045832 -0.098069 0.014138 
0.023372 -0.721770 -0.226167 -0.120859 -0.264892 -0.124572 -0.030110 0.151134 0.124952 0.164640 0.074448 -0.295643 0.024615 0.005626 -0.031719 
-0.066442 -0.679826 -0.070955 0.048369 -0.250235 -0.138781 -0.077602 0.015474 0.089656 0.157748 0.073255 -0.255705 0.157558 0.002945 -0.043413 
-0.348795 -0.711641 -0.027295 0.122955 -0.147587 -0.096261 -0.185287 0.069082 0.128813 0.084282 -0.023397 -0.219000 0.237097 -0.044928 -0.037986 
0.014413 -0.466764 -0.068997 0.115302 0.028713 -0.093478 -0.071615 0.158873 0.077155 -0.040943 -0.009205 -0.138807 0.144500 0.011045 -0.054682 
1.076946 -0.954875 -0.484298 -0.120158 0.078324 -0.046402 0.083463 -0.084689 0.174169 0.093383 -0.057429 -0.242728 0.146607 -0.094778 0.156942 
1.004688 -0.880610 -0.366796 -0.013086 0.213978 -0.053083 -0.155485 0.066953 0.180482 0.055184 -0.051578 -0.222386 0.134451 -0.072575 0.209300 
0.361863 -1.051271 0.010442 0.118256 0.199422 -0.087709 -0.068149 0.024138 0.155531 -0.088484 0.033202 -0.148812 0.137308 -0.048779 0.107196 
1.336341 -0.670707 0.342059 0.244046 0.137947 0.008938 -0.349277 -0.150573 0.043436 -0.008433 -0.012725 -0.317567 0.217170 -0.074351 0.089235 
1.516422 -0.844243 0.820529 -0.057239 0.108931 0.033759 -0.474332 -0.144215 -0.235436 0.073749 0.037506 -0.471861 0.250451 -0.027133 0.078499 
1.538593 -0.799946 0.785322 -0.120512 0.132725 0.065944 -0.407159 -0.224751 -0.150491 0.055558 0.014183 -0.373898 0.188751 -0.042229 0.072632 
1.596481 -0.842317 0.811897 -0.216959 0.134320 0.036386 -0.297862 -0.268616 -0.103734 -0.039116 0.045866 -0.285177 0.146386 -0.053309 0.065425 
1.551067 -0.789373 0.832093 -0.274156 0.119057 0.051569 -0.250698 -0.246104 -0.183063 0.021770 0.048585 -0.277999 0.161642 -0.075462 0.051535 
1.538365 -0.765726 0.805005 -0.261181 0.109177 0.090373 -0.277165 -0.227557 -0.199688 0.030806 0.068612 -0.273272 0.130565 -0.051254 0.037521 
1.564916 -0.740388 0.736834 -0.222110 0.109584 0.118778 -0.306411 -0.222752 -0.203546 0.011082 0.075471 -0.282414 0.117546 -0.046076 0.022625 
1.621534 -0.810306 0.777853 -0.274470 0.153214 0.107273 -0.304374 -0.229254 -0.208268 0.024946 0.067300 -0.279276 0.109811 -0.043334 0.030620 
1.587101 -0.769785 0.734925 -0.220928 0.127877 0.138511 -0.332069 -0.257752 -0.191588 0.028504 0.113873 -0.312899 0.089238 -0.015026 0.033891 
1.555745 -0.857561 0.807186 -0.246723 0.159761 0.087918 -0.302134 -0.260037 -0.190196 0.006137 0.096876 -0.326289 0.113046 -0.020906 0.026158 
1.556530 -0.912379 0.883641 -0.211660 0.094280 0.076649 -0.339147 -0.169177 -0.231701 0.013987 0.089860 -0.367107 0.198374 -0.059739 0.019537 
1.608985 -1.013618 1.020140 -0.159069 -0.012805 0.034489 -0.377115 -0.013938 -0.296866 -0.011132 0.098866 -0.375703 0.281048 -0.119947 0.021949 
1.405780 -0.990333 1.070168 -0.050241 -0.055070 -0.067404 -0.407267 0.088690 -0.262974 -0.016505 0.003327 -0.298238 0.339341 -0.168703 0.023943 
1.268816 -0.916896 1.134355 0.017466 -0.022389 -0.176191 -0.361722 0.128086 -0.223986 -0.060077 -0.054186 -0.259342 0.395896 -0.236652 -0.000405 
1.081183 -0.668566 0.912014 0.084249 0.086840 -0.183142 -0.292506 0.007003 -0.113478 -0.091771 -0.087675 -0.296844 0.343001 -0.179032 -0.045200 
0.878751 -0.319753 0.627287 0.259623 0.117351 -0.008899 -0.265742 -0.048374 -0.049189 0.041660 -0.101494 -0.350673 0.307218 -0.164898 0.047345 
0.483484 -0.219216 0.624857 0.391193 0.205518 -0.036802 -0.147237 0.026451 -0.002694 0.091664 -0.082322 -0.326438 0.289291 -0.089900 -0.021774 
0.360414 -0.138727 0.609538 0.260913 0.199581 -0.111521 -0.115312 0.012540 0.003689 0.136085 -0.142282 -0.191605 0.241301 -0.059983 -0.010598 
0.127024 -0.162746 0.540610 0.057276 0.188972 -0.195668 -0.038032 0.056731 0.131155 0.014027 -0.092351 -0.024706 0.180231 -0.080823 -0.015158 
0.188046 -0.339894 0.596867 0.020226 0.102498 -0.340329 0.058436 0.035971 0.079641 -0.042983 -0.080160 0.042254 0.163820 -0.182624 0.074771 
0.626435 -0.680672 0.688618 0.139829 0.046132 -0.173493 -0.175119 0.001254 0.044710 -0.018552 -0.107631 -0.097631 0.220232 -0.116094 0.047657 
0.931556 -0.729328 0.783700 0.031311 0.091640 -0.262191 -0.178975 -0.097913 0.038514 -0.040055 -0.104455 -0.175416 0.277839 -0.059470 -0.092982 
1.142249 -0.892586 0.858718 0.027334 0.130455 -0.203104 -0.297202 -0.072063 -0.035711 -0.064044 -0.131396 -0.248945 0.322117 -0.111065 -0.054850 
1.306310 -0.979087 0.915426 0.011915 0.077801 -0.150198 -0.373594 -0.039702 -0.081625 -0.033444 -0.130859 -0.256313 0.328348 -0.107439 -0.039238 
1.390213 -0.955697 0.910897 0.021961 0.027371 -0.095860 -0.416003 -0.002383 -0.122118 -0.019633 -0.101611 -0.283516 0.329310 -0.088920 -0.064501 
1.501246 -1.051323 1.031862 -0.008929 0.027018 -0.122198 -0.422071 0.008851 -0.137528 -0.022168 -0.085870 -0.279397 0.344399 -0.124308 0.015360 
1.422059 -0.942228 0.935735 -0.012579 -0.000193 -0.122472 -0.420730 0.016522 -0.132729 -0.058982 -0.103882 -0.198219 0.295302 -0.108957 -0.022873 
1.435557 -0.971055 0.977412 -0.006937 -0.015529 -0.150167 -0.435614 0.028977 -0.113511 -0.093336 -0.084003 -0.211099 0.346608 -0.143970 -0.010692 
1.449091 -0.991048 0.983544 -0.015430 -0.012586 -0.156782 -0.423359 0.022094 -0.139086 -0.066669 -0.075994 -0.224479 0.336176 -0.124783 -0.004974 
1.464406 -1.010552 0.991422 0.003639 -0.033502 -0.161695 -0.436555 0.040201 -0.136590 -0.067423 -0.078737 -0.218833 0.363458 -0.148247 0.010206 
1.517070 -1.077017 1.070185 -0.044740 -0.005884 -0.184538 -0.434896 0.046227 -0.145514 -0.063426 -0.081932 -0.226469 0.382364 -0.156870 -0.001879 
1.500225 -1.057562 1.059386 -0.050581 -0.006255 -0.192868 -0.432032 0.017031 -0.116334 -0.081802 -0.085484 -0.241845 0.414826 -0.166251 -0.018005 
1.458938 -1.031080 1.050762 -0.018668 -0.046185 -0.173233 -0.470817 0.030418 -0.130753 -0.064503 -0.092434 -0.239816 0.422029 -0.152492 -0.029125 
1.420169 -1.039005 1.019091 -0.041743 -0.030473 -0.182549 -0.455599 -0.004358 -0.128941 -0.094113 -0.058669 -0.257172 0.398458 -0.120369 -0.050530 
1.520294 -1.015707 0.997074 -0.036743 -0.080420 -0.129970 -0.510674 0.054411 -0.194645 -0.085166 0.018338 -0.311174 0.396209 -0.082772 -0.051312 
1.502324 -1.027824 1.063733 -0.017851 -0.107411 -0.123141 -0.524540 0.094073 -0.250217 -0.042926 0.016047 -0.346028 0.429424 -0.082483 -0.102896 
1.416491 -0.820968 1.087974 -0.106537 -0.079389 -0.057797 -0.549308 0.070410 -0.209675 -0.062255 0.034961 -0.370132 0.439351 -0.101868 -0.087609 
1.322296 -0.646015 1.064481 -0.159220 -0.039263 -0.112412 -0.546691 0.110148 -0.238234 -0.067930 0.063335 -0.371497 0.466149 -0.124163 -0.072422 
1.228875 -0.582935 0.777820 -0.040901 -0.084101 -0.219548 -0.434344 0.014579 -0.252548 -0.102915 0.007632 -0.351232 0.504338 -0.168271 -0.062880 
1.152751 -0.365603 0.745421 0.053927 -0.144694 -0.159372 -0.508765 0.054912 -0.304112 -0.027409 -0.035098 -0.376731 0.520433 -0.142186 -0.095589 
0.577688 0.063322 0.587045 0.301325 -0.157108 -0.320577 -0.352231 -0.143117 -0.143717 -0.067421 -0.129122 -0.250252 0.455932 -0.040480 -0.162904 
0.146848 0.094211 0.256507 0.305769 -0.076572 -0.274221 -0.273833 -0.281690 -0.158049 0.019582 -0.123707 -0.288233 0.327971 -0.028952 -0.003624 
0.358360 0.217377 0.285880 0.099258 -0.045888 -0.235726 -0.364668 -0.102375 -0.249427 0.101298 -0.019253 -0.257055 0.311062 0.017340 0.014086 
0.088784 0.030404 0.299012 0.204569 -0.121604 -0.311702 -0.379646 -0.108003 -0.124889 -0.057811 0.055870 -0.243303 0.327782 0.063640 -0.007124 
