city011_055
DATE
47
-0.045422 0.001487 0.001808 0.057369 -0.054775 0.008668 -0.147092 -0.100757 -0.066213 0.085681 0.036741 -0.074104 0.028230 0.000793 0.053054 
0.857965 -0.647270 0.080336 -0.325182 -0.265797 -0.006567 -0.109889 0.054557 -0.012607 0.006469 0.030000 0.093787 0.087134 -0.151317 0.096088 
1.422253 -0.545842 0.025103 0.133455 -0.157724 -0.224744 -0.222620 -0.065505 0.057288 0.151409 -0.131567 -0.046794 0.284558 -0.130798 0.047559 
1.475017 -1.051321 0.393992 -0.353801 -0.124079 -0.117379 -0.495573 0.084680 0.107017 0.222900 -0.110309 -0.036559 0.339771 -0.129083 -0.013342 
1.313439 -1.093947 0.220949 -0.442438 -0.102973 -0.183735 -0.349309 0.042654 0.283562 0.240489 -0.068234 -0.073625 0.216754 -0.100139 -0.105798 
1.404496 -1.254077 0.117627 -0.575273 -0.032800 -0.085237 -0.265622 0.063592 0.250782 0.292228 -0.086567 -0.178839 0.081110 0.023226 -0.166228 
1.255332 -1.177454 0.123062 -0.586932 -0.021050 -0.067880 -0.192429 0.091205 0.220846 0.330240 -0.037141 -0.254461 -0.060793 0.016611 -0.041864 
1.231564 -1.339791 0.104672 -0.623220 -0.018016 -0.067517 -0.087102 0.043786 0.182431 0.357732 -0.015997 -0.280363 -0.101407 0.025489 -0.022484 
1.237930 -1.243758 0.068467 -0.611475 -0.073792 0.013428 -0.121656 0.043395 0.180331 0.338308 0.022577 -0.300156 -0.105690 0.039887 -0.066177 
1.202840 -1.273829 0.081277 -0.627139 -0.036337 -0.024206 -0.105653 0.046772 0.163066 0.376565 -0.026781 -0.293854 -0.065383 0.003399 -0.047855 
1.282599 -1.293724 0.122229 -0.658644 -0.027164 -0.023186 -0.171532 0.079410 0.145271 0.380004 -0.032585 -0.278321 -0.010190 -0.008361 -0.069190 
1.351889 -1.324785 0.186944 -0.648547 0.006743 -0.087548 -0.219573 0.111484 0.122427 0.391603 -0.077144 -0.199424 0.022877 -0.031576 -0.033694 
1.416012 -1.259769 0.200867 -0.535492 0.026144 -0.115358 -0.300410 0.083791 0.125230 0.320519 -0.109689 -0.068081 0.081682 -0.055471 -0.001726 
1.637719 -1.097699 0.240802 -0.376425 0.027572 -0.127964 -0.416591 -0.038446 0.071371 0.253108 -0.201929 0.068944 0.264719 -0.122281 0.089337 
1.208062 -0.246552 0.138425 0.065831 -0.043006 -0.180457 -0.345795 -0.137094 0.194869 0.210421 -0.295876 0.058887 0.246476 -0.095088 0.081683 
0.723121 0.085909 -0.014263 0.466012 0.096881 -0.016163 -0.225197 -0.104513 0.075811 0.039276 -0.124025 -0.120055 0.063452 0.021491 0.000781 
0.167366 -0.171424 -0.203173 0.189813 -0.004159 -0.016276 -0.121878 -0.117003 0.212513 0.127308 -0.092072 -0.182461 0.132280 0.061423 -0.044896 
-0.184628 -0.329669 -0.321504 0.029263 -0.080121 -0.074980 0.061936 0.014164 0.059025 0.058002 -0.087999 -0.071437 0.117460 -0.063418 -0.008651 
-0.253665 -0.784409 -0.187023 -0.080760 -0.028578 0.055605 -0.017607 0.024111 0.111693 -0.086354 -0.011882 -0.027027 0.034865 -0.010228 0.014992 
-0.035960 -0.384514 -0.396207 0.093469 -0.175586 -0.096921 0.005187 -0.063677 0.105226 0.145588 -0.094921 -0.042430 0.095697 -0.088513 -0.000754 
-0.182499 -0.375171 -0.437797 -0.029121 0.031390 0.054595 -0.074076 0.021895 0.104114 0.020840 -0.092424 -0.001213 -0.039296 0.069532 0.015382 
0.042910 -0.359159 -0.516963 -0.066438 -0.082623 0.012391 -0.156055 -0.061817 0.220672 0.101936 0.024466 -0.077852 -0.095523 0.033756 0.051427 
-0.292304 -0.237227 -0.341219 -0.098926 -0.087780 0.028122 -0.143985 -0.048388 0.133163 0.112073 -0.010393 -0.034891 -0.059185 0.029464 0.024629 
-0.178980 -0.215202 -0.304966 -0.060168 -0.133328 -0.120234 -0.178127 -0.019335 0.149313 0.071841 0.122466 -0.087492 0.003639 -0.019221 0.052733 
0.132232 -0.914454 -0.056530 -0.108896 -0.221963 -0.054289 -0.035501 0.084145 0.089504 0.077496 -0.002845 -0.067117 0.009588 -0.096352 0.085459 
0.710474 -0.806566 0.315362 -0.050366 -0.215623 -0.186157 -0.064794 -0.008359 -0.222058 0.053984 0.101837 0.110697 -0.030403 -0.095459 0.210649 
1.417299 -0.841736 0.939270 0.035451 -0.363325 -0.130321 -0.345956 0.027818 -0.184096 -0.033616 -0.105478 0.170432 0.100476 -0.144288 0.212884 
1.302477 -1.158240 0.942436 -0.335149 -0.207489 -0.190152 -0.337572 -0.010878 -0.260757 -0.028134 -0.056553 0.227342 0.157750 -0.161803 0.242211 
1.292260 -1.087202 0.811633 -0.383954 -0.148776 -0.216652 -0.275923 -0.014477 -0.270434 -0.022441 0.030282 0.189549 0.155875 -0.156361 0.224145 
1.223803 -1.170360 0.877855 -0.359780 -0.245221 -0.192866 -0.192472 0.011750 -0.240172 0.027157 0.037048 0.157849 0.110021 -0.140664 0.195867 
1.173223 -1.215982 0.853655 -0.347633 -0.263154 -0.197534 -0.196788 0.010556 -0.162181 0.012572 0.080648 0.123896 0.143324 -0.154377 0.161449 
1.219041 -1.291321 0.889036 -0.408302 -0.251359 -0.221557 -0.170812 0.012262 -0.142535 0.022194 0.088410 0.118028 0.166421 -0.176130 0.153381 
1.108912 -1.239194 0.819149 -0.310605 -0.312650 -0.186718 -0.180485 0.011755 -0.126410 0.019939 0.083522 0.130267 0.136167 -0.156437 0.129000 
1.114048 -1.270977 0.830421 -0.333486 -0.307038 -0.202603 -0.192492 0.032891 -0.110657 0.019403 0.096348 0.139790 0.127028 -0.149258 0.106909 
1.119702 -1.271278 0.857747 -0.374178 -0.354059 -0.195154 -0.197382 0.052436 -0.136913 0.051053 0.098794 0.177130 0.081913 -0.120226 0.127390 
1.137839 -1.240916 0.812655 -0.454472 -0.333744 -0.229281 -0.186299 0.045471 -0.127093 0.016104 0.152555 0.198816 0.106743 -0.147024 0.144719 
1.139379 -1.199776 0.764573 -0.460031 -0.369681 -0.234004 -0.190163 0.049200 -0.113561 -0.007067 0.186902 0.201613 0.127603 -0.133461 0.109328 
1.146870 -1.204134 0.780652 -0.409031 -0.423344 -0.226197 -0.208461 0.077872 -0.116951 0.039542 0.170845 0.198642 0.113892 -0.155493 0.145010 
1.362350 -1.269374 0.847470 -0.211998 -0.579585 -0.175724 -0.286046 0.157574 -0.101273 0.086658 0.146222 0.154767 0.122308 -0.158649 0.121883 
1.473296 -1.134060 0.686215 -0.005680 -0.713799 -0.154059 -0.233184 0.085415 0.016751 0.001774 0.188301 0.114835 0.124145 -0.108292 0.013611 
1.401721 -1.146354 0.703231 -0.113751 -0.710434 -0.163709 -0.263098 0.100085 -0.017234 0.000045 0.247435 0.100488 0.169426 -0.121630 0.038426 
0.955354 -1.160666 0.963219 -0.303138 -0.581476 -0.185963 -0.424756 0.243953 -0.132549 0.048285 0.252227 0.126240 0.221356 -0.161873 0.071901 
0.730900 -0.920732 0.877211 -0.257731 -0.618353 -0.217697 -0.396103 0.263587 -0.138864 0.080705 0.231086 0.147803 0.233906 -0.214334 0.087035 
0.795342 -0.629817 0.428532 -0.080257 -0.560928 -0.316446 -0.188828 0.052098 -0.088089 0.113740 0.170933 0.134631 0.194595 -0.152033 0.099060 
0.222017 -0.484459 0.387604 0.051593 -0.594168 -0.407416 -0.126926 0.082193 -0.034747 0.096718 0.130520 0.194233 0.198287 -0.254872 0.104015 
-0.155971 -0.421433 0.003045 0.240741 -0.536646 -0.405548 -0.168431 0.100807 0.057137 -0.054867 0.256684 0.217430 -0.073786 -0.018312 0.048527 
-0.271240 -0.240894 0.120432 0.197571 -0.531027 -0.260957 -0.062590 -0.067114 0.074375 -0.025899 0.126155 0.111889 0.045061 -0.073294 0.075671 
