city011_079
NYORAI
51
0.337236 0.485030 0.392485 0.328398 0.051253 -0.091868 -0.181052 0.120042 -0.044757 -0.166819 -0.050607 -0.040783 0.118317 -0.240955 0.130970 
0.889824 -0.123932 0.466415 0.444621 -0.018383 -0.185097 -0.288295 -0.004008 -0.107066 -0.224855 0.058734 -0.172143 0.011344 -0.035231 0.134750 
1.217179 -0.208544 0.631767 0.525346 -0.086293 -0.148138 -0.237848 0.027400 -0.125953 -0.275017 0.005903 -0.122566 -0.000695 -0.154456 0.165249 
0.938911 -0.167727 0.734814 0.327996 0.022986 -0.138598 -0.234082 0.057224 -0.172714 -0.290151 0.026693 -0.158074 -0.034705 -0.131435 0.101673 
0.729221 -0.576021 1.392925 -0.445676 0.123396 0.269056 -0.488578 -0.050251 -0.099977 -0.217605 0.011375 -0.209270 0.024567 -0.134541 0.147562 
0.773859 -0.763231 1.620386 -0.223459 -0.265280 0.263526 -0.437310 0.056535 -0.140666 -0.343703 0.146559 -0.179028 -0.041828 -0.053648 0.082719 
0.923635 -1.074444 1.581380 -0.218047 -0.225947 0.150378 -0.269094 -0.055901 -0.136445 -0.318240 0.169148 -0.214230 -0.006879 -0.029249 0.039961 
0.977542 -1.218166 1.403118 -0.187653 -0.080532 -0.095516 -0.168306 -0.046670 -0.255526 -0.117438 0.050069 -0.116934 -0.024418 0.007884 0.065708 
1.065600 -1.175145 1.185040 -0.221650 -0.043873 -0.262462 -0.142194 0.007610 -0.297232 -0.068698 0.091975 -0.095089 0.035757 0.030312 0.068994 
1.311986 -1.186380 1.032773 -0.294801 -0.080210 -0.184187 -0.301734 0.002671 -0.215259 -0.029683 0.137623 -0.139998 0.130386 0.090373 0.001301 
1.457559 -1.156136 0.816481 -0.460023 0.076365 -0.125441 -0.391914 -0.220461 -0.167013 0.148504 0.159422 -0.197911 0.165010 0.122958 0.076759 
1.380371 -1.028095 0.558239 -0.459119 0.072920 -0.100824 -0.331790 -0.264403 -0.248562 0.103445 0.304392 -0.113616 0.102499 0.071464 0.046097 
1.493907 -1.183689 0.526159 -0.560584 0.071510 -0.118789 -0.235558 -0.247926 -0.266258 -0.020971 0.330525 -0.063657 0.246569 0.044486 -0.138236 
1.403224 -1.154585 0.544285 -0.592610 -0.048347 -0.072212 -0.183268 -0.174883 -0.370084 -0.049750 0.305741 0.078661 0.256828 -0.015374 -0.120042 
1.627058 -1.272124 0.520100 -0.540793 -0.100007 -0.034883 -0.197210 -0.208943 -0.301295 -0.055072 0.325428 0.103061 0.233713 -0.072364 -0.043663 
1.612850 -1.204858 0.443634 -0.501991 -0.059675 -0.075844 -0.217564 -0.225903 -0.266658 0.009181 0.283504 0.101790 0.229182 -0.110121 0.012755 
1.399473 -1.153998 0.538857 -0.619960 0.025362 -0.145403 -0.096417 -0.345874 -0.284748 0.060558 0.266959 0.164526 0.154508 -0.101565 0.021905 
1.373326 -1.202060 0.566021 -0.562066 -0.005131 -0.096966 -0.127751 -0.392259 -0.241410 0.078194 0.235968 0.190442 0.076201 -0.123299 0.186015 
1.736650 -1.336413 0.532984 -0.252513 -0.067418 -0.092868 -0.321668 -0.261641 -0.148749 0.019805 0.222517 0.074664 0.081462 -0.129252 0.251251 
1.662827 -1.110251 0.187267 0.055450 0.139958 0.070742 -0.454125 -0.320239 -0.029918 0.021222 0.035288 -0.081757 0.162625 -0.178866 0.078431 
1.476083 -0.656752 0.171518 0.346769 0.181461 0.334559 -0.498186 -0.410733 0.061057 0.098913 -0.143112 -0.396740 0.120445 -0.100102 0.132125 
1.537101 -1.244890 0.388740 -0.037581 0.212288 -0.125446 -0.639832 -0.085368 -0.026749 -0.039595 0.115030 -0.186344 0.223161 -0.035299 0.129571 
1.415966 -1.221337 0.506624 -0.503019 0.135596 -0.230618 -0.459183 -0.074442 0.098642 0.121051 0.196986 -0.099151 0.136210 0.075158 0.029480 
1.315575 -1.194081 0.430974 -0.690496 0.092934 -0.189242 -0.362034 -0.040208 0.260452 0.160737 0.188750 -0.139428 0.074112 0.004023 -0.003193 
1.347743 -1.148499 0.343402 -0.667422 0.016198 -0.258855 -0.166829 -0.052143 0.224584 0.260573 0.145827 -0.191526 0.060431 0.005984 -0.100781 
1.346726 -1.168729 0.296357 -0.678341 0.063613 -0.229155 -0.073528 -0.076972 0.183717 0.400329 0.029669 -0.248518 0.009920 0.022574 -0.124978 
1.271077 -1.340614 0.169960 -0.702730 0.110541 -0.203826 0.004809 -0.044674 0.187496 0.366996 0.016180 -0.329437 -0.001993 -0.011270 -0.039592 
1.314309 -1.414473 0.052678 -0.650502 0.080802 -0.201612 0.087762 -0.079803 0.185695 0.325251 0.024160 -0.248702 -0.075903 -0.054509 0.069602 
1.355125 -1.353266 0.085752 -0.676715 0.082186 -0.170762 0.041440 -0.035100 0.196104 0.315915 0.000206 -0.294649 -0.050112 -0.012825 0.035985 
1.414399 -1.294414 0.065451 -0.650393 0.084560 -0.225735 0.033610 -0.018293 0.241728 0.296454 -0.034029 -0.302204 -0.029609 0.043209 -0.008189 
1.436205 -1.230646 0.048991 -0.607301 0.042043 -0.254714 0.012857 0.040532 0.248840 0.284952 -0.067678 -0.328534 0.059438 0.017527 -0.071076 
1.344661 -1.207634 0.014645 -0.482864 0.015803 -0.347565 -0.016135 0.050099 0.242598 0.315763 -0.065788 -0.300863 0.132303 -0.021219 -0.127131 
1.318289 -1.304194 0.116732 -0.390842 -0.071608 -0.379569 -0.059302 0.093288 0.255923 0.262326 -0.059101 -0.223824 0.193899 -0.096995 -0.190151 
1.426999 -1.335788 0.159771 -0.114170 -0.240886 -0.387824 -0.113979 0.162502 0.186794 0.228185 -0.055473 -0.097791 0.190522 -0.133118 -0.178275 
1.475983 -1.371329 0.471537 -0.158028 -0.322871 -0.271471 -0.299743 0.233309 0.193054 0.045868 0.089638 -0.055557 0.245534 -0.243630 -0.005537 
1.472789 -1.275175 0.594642 -0.236110 -0.437691 -0.135877 -0.371520 0.151807 0.113581 0.045297 0.065018 0.071355 0.283006 -0.254634 0.021731 
1.453274 -1.190563 0.789091 -0.131682 -0.520976 -0.119406 -0.346360 0.053611 0.037540 0.094128 0.112250 0.004269 0.320773 -0.233997 0.134505 
1.235447 -0.890193 0.796302 -0.070738 -0.542043 -0.151846 -0.173525 -0.014342 -0.093126 0.010969 0.120589 0.038691 0.200553 -0.209460 0.231510 
1.200543 -0.865194 0.856709 -0.032303 -0.488369 -0.029928 -0.184706 -0.108705 -0.171437 -0.104745 0.080942 -0.021215 0.185121 -0.217775 0.291649 
1.167872 -0.799816 0.981315 -0.042981 -0.452428 0.021731 -0.200492 -0.145050 -0.217671 -0.163957 0.044525 -0.014951 0.084247 -0.206516 0.368529 
1.004604 -0.574724 1.011771 0.008521 -0.440463 0.020551 -0.197178 -0.135307 -0.214247 -0.232339 0.082633 -0.076136 0.023229 -0.166470 0.357010 
0.947824 -0.536479 1.096562 -0.033601 -0.394648 0.115775 -0.272813 -0.090088 -0.202939 -0.291034 0.117858 -0.136721 -0.006859 -0.132624 0.298410 
0.821571 -0.408120 1.135760 0.037222 -0.351952 0.077554 -0.260166 -0.031348 -0.257256 -0.258083 0.120819 -0.188092 -0.020087 -0.102605 0.247822 
0.864744 -0.324205 0.960662 0.116781 -0.270868 0.061765 -0.278654 0.010298 -0.273042 -0.223868 0.112353 -0.181955 -0.056249 -0.039237 0.215944 
0.637839 -0.237315 1.079577 -0.102256 -0.220009 0.184878 -0.340570 0.043777 -0.247158 -0.313953 0.191473 -0.260598 -0.032452 -0.053618 0.170424 
0.537677 -0.195700 0.915023 -0.025660 0.011685 0.103323 -0.359076 0.054223 -0.259031 -0.285406 0.133992 -0.272938 -0.029736 -0.106032 0.157525 
0.316502 -0.451236 1.009475 0.009032 0.077306 0.094073 -0.386101 -0.041149 -0.189267 -0.343486 0.223882 -0.396746 -0.036369 -0.072489 0.164524 
0.508837 -0.046928 0.593639 0.308051 0.030154 0.004290 -0.231781 -0.142839 -0.062684 -0.176050 -0.000714 -0.250690 -0.010624 -0.032796 0.078741 
0.553071 0.005129 0.621258 0.199570 0.004954 -0.010172 -0.202866 -0.053152 -0.286449 -0.226640 0.083329 -0.235901 -0.122679 -0.052507 0.131551 
-0.034970 -0.135571 0.598323 0.081016 0.002847 -0.040276 -0.376570 0.042842 -0.133968 -0.123638 0.045127 -0.166888 0.085502 -0.045786 0.110627 
-0.206165 -0.273849 0.054293 0.270199 0.032497 -0.060983 -0.151610 -0.054313 0.029303 0.101535 -0.005043 -0.197773 0.131467 0.029225 0.023137 
