city011_083
MYAKUHAKU
84
0.386999 0.531462 0.416290 0.323733 0.007280 -0.172345 -0.124845 0.021261 -0.071319 -0.171087 0.003275 -0.126968 0.145836 -0.186605 0.079810 
0.478060 0.098738 0.500059 0.499109 -0.099467 -0.045933 0.007186 -0.057703 -0.132973 -0.047816 0.014756 -0.247237 0.122940 -0.115435 0.024757 
0.890874 -0.354358 0.657690 0.570169 -0.151616 0.018609 -0.087765 -0.134125 -0.209299 -0.084918 -0.022070 -0.360239 0.069905 -0.107645 -0.014698 
1.081944 -0.514375 0.714230 0.529699 -0.181269 0.006468 -0.143506 -0.109941 -0.184803 -0.100051 0.005451 -0.337794 0.084736 -0.061627 -0.008843 
1.199019 -0.778536 1.161625 0.037529 -0.479480 0.262028 -0.191296 -0.059301 -0.309432 -0.152409 0.202606 -0.419131 0.136549 0.016802 -0.053417 
1.004386 -0.842583 1.297006 -0.249497 -0.242346 0.383680 -0.474024 0.004862 -0.177236 -0.247279 0.165208 -0.263178 0.083860 -0.083687 0.079976 
1.110643 -0.995910 1.274998 -0.322947 -0.218887 0.236652 -0.440960 0.073656 -0.186379 -0.187673 0.225804 -0.226244 0.118711 -0.100878 0.159225 
1.031144 -1.089021 1.151437 -0.337231 -0.261865 0.134519 -0.332738 0.122716 -0.187684 -0.080420 0.208905 -0.165175 0.141711 -0.123035 0.156294 
1.121534 -1.309144 1.072220 -0.420867 -0.221422 0.056062 -0.257532 0.141033 -0.101248 -0.022540 0.180795 -0.164692 0.200097 -0.172657 0.121308 
1.139800 -1.334996 0.815591 -0.366481 -0.137291 -0.064693 -0.222225 0.267615 0.071157 -0.008292 0.026703 -0.157727 0.270545 -0.227706 -0.004045 
1.183873 -1.454775 0.495727 -0.374198 -0.032762 -0.226235 -0.000042 0.275579 0.066861 -0.075098 0.031850 -0.224922 0.209543 -0.019909 -0.151893 
1.227464 -1.388552 0.270382 -0.386901 0.094451 -0.285255 0.084104 0.281735 0.048777 -0.014806 -0.062169 -0.262932 0.207369 0.038376 -0.132302 
1.293169 -1.363997 0.160311 -0.466901 0.182650 -0.200255 0.012982 0.252966 0.036133 0.056029 -0.067660 -0.320309 0.166976 0.124248 -0.094274 
1.321093 -1.369744 0.196876 -0.535041 0.210025 -0.173177 0.006343 0.187555 0.048537 0.143137 -0.101873 -0.356650 0.220358 0.032340 0.016144 
1.715380 -1.324726 0.004279 -0.216605 0.018496 -0.106657 -0.027633 0.134600 0.039864 0.212379 -0.104738 -0.306343 0.190587 -0.017616 0.043336 
1.879600 -1.151559 -0.049963 -0.073450 -0.016641 -0.160683 -0.013550 0.100640 0.015122 0.333741 -0.090039 -0.366748 0.292414 -0.163328 0.092658 
1.735263 -0.636255 -0.172207 0.088244 0.049796 -0.344216 0.101243 -0.082974 0.035373 0.423750 -0.143481 -0.197768 0.213160 -0.107666 0.051538 
1.555097 -0.404463 0.050224 0.101559 0.212621 -0.220275 -0.103016 -0.090050 -0.091100 0.340844 -0.201372 -0.248844 0.301931 -0.099006 0.096115 
0.715922 -0.194171 0.279449 0.406418 0.181995 -0.090180 -0.305912 -0.161107 -0.008153 -0.072701 -0.122647 -0.237466 0.096822 -0.110894 0.125747 
0.284082 -0.371919 0.189518 0.139361 -0.006335 0.120832 -0.263171 -0.177713 0.219010 -0.040488 0.101631 -0.242703 0.128762 -0.005329 0.115265 
0.085646 -0.353108 0.300952 0.203775 -0.001719 0.095788 -0.275701 -0.119994 0.213156 0.004352 -0.057457 -0.147615 0.125035 0.011954 0.064406 
0.356305 -0.195754 0.021823 0.235485 0.041754 0.039392 -0.156033 -0.247624 0.027724 0.053102 0.048941 -0.188392 0.116549 -0.104717 0.143188 
0.242888 -0.303218 0.004015 -0.032673 -0.084819 0.141304 0.042302 0.007234 0.114099 -0.090060 0.004015 -0.041013 0.082836 -0.076861 0.091816 
-0.213659 -0.531622 -0.201808 0.143559 -0.073884 -0.000593 -0.146404 -0.008929 0.076178 0.060928 0.038358 -0.175431 0.124990 -0.025652 0.031105 
0.217428 -0.490578 -0.031161 -0.114368 -0.005127 -0.073917 -0.292459 -0.071394 0.175104 0.037555 0.026064 -0.041864 0.117295 -0.122354 0.158499 
0.547946 -0.948614 -0.005429 -0.070929 -0.153280 -0.069389 -0.126060 -0.053994 0.115804 0.068368 0.087528 -0.086268 0.105916 -0.164561 0.135977 
0.284419 -0.859312 0.214450 -0.145174 0.027499 -0.252164 -0.101642 0.030356 0.220769 0.067105 -0.054906 -0.178270 0.186466 -0.052211 0.015585 
0.217338 -0.814615 0.215567 0.332786 0.168466 -0.173448 -0.343748 0.074238 0.142795 -0.085215 -0.067112 -0.026481 0.122300 -0.139307 0.141199 
1.232561 -0.727246 0.841931 0.226807 -0.033014 -0.019749 -0.309876 -0.021987 -0.135491 -0.056096 0.019337 -0.402372 0.262781 -0.058856 -0.034455 
1.348626 -0.952974 0.908961 0.187620 -0.046493 0.017853 -0.446184 -0.052112 -0.264241 -0.068868 0.019480 -0.469383 0.229357 -0.034575 -0.024349 
1.484204 -1.008703 0.871971 0.116005 0.004917 0.039911 -0.436621 -0.085545 -0.264265 -0.090526 0.028386 -0.450404 0.218889 -0.061291 -0.030715 
1.577394 -1.007112 0.850450 0.047565 0.081166 0.024285 -0.455707 -0.125164 -0.196431 -0.095524 0.024850 -0.460753 0.233760 -0.042416 -0.042285 
1.647273 -0.985385 0.786752 0.051623 0.040622 0.111892 -0.564234 -0.037328 -0.280558 -0.020586 0.033891 -0.444983 0.235989 -0.064856 0.014760 
1.694449 -0.965382 0.798591 -0.038072 0.028801 0.132482 -0.551248 -0.045254 -0.309778 0.062430 0.102482 -0.451994 0.244246 -0.053114 0.047829 
1.769083 -0.909468 0.645396 -0.127920 0.046339 0.079185 -0.512899 -0.044968 -0.272405 0.091776 0.116275 -0.411118 0.314918 -0.081619 0.045292 
1.881138 -0.501725 0.378605 0.000978 -0.046401 -0.124856 -0.349012 -0.212664 -0.141327 0.150666 0.009980 -0.336549 0.400145 -0.087691 0.074766 
1.792514 -0.360733 0.240044 0.002858 -0.069618 -0.057772 -0.257379 -0.222255 -0.126008 0.145476 -0.046382 -0.267934 0.359232 -0.152484 0.090286 
1.553085 -0.359971 0.053605 -0.018968 0.258505 -0.055447 -0.210527 -0.077881 -0.071475 0.275582 -0.108786 -0.273093 0.270874 -0.122240 0.120444 
1.552513 -0.391089 0.121365 -0.222131 0.259618 -0.075513 -0.113404 -0.286629 0.093789 0.225054 -0.144309 -0.237689 0.259929 -0.121363 0.146782 
1.298706 -0.645923 0.054782 -0.218235 0.150393 -0.020944 0.210074 -0.041182 0.181771 0.132038 -0.241421 -0.157261 0.250361 -0.090483 0.053912 
1.107950 -0.825602 0.280557 -0.303882 0.268141 -0.062530 0.101362 -0.122127 0.209872 0.206650 -0.129760 -0.238459 0.190068 -0.052610 0.105303 
1.042558 -0.947304 0.188925 -0.159078 0.252784 0.012797 0.134176 -0.037155 0.089909 0.285446 -0.210534 -0.287812 0.330927 -0.065895 0.058271 
1.249193 -0.978436 0.126950 -0.141886 0.166339 -0.046673 0.126721 0.073658 -0.024564 0.221152 -0.196003 -0.263053 0.373255 -0.122992 -0.010764 
1.327250 -0.963333 -0.071524 -0.101249 0.368691 0.028299 0.127142 0.004183 -0.026975 0.242228 -0.163648 -0.220510 0.296210 -0.067670 0.116719 
1.362827 -0.721660 0.116867 -0.263284 0.166906 -0.033626 -0.026454 0.057935 0.002880 0.348898 -0.065047 -0.317697 0.221466 -0.158607 0.185476 
1.812184 -0.873820 -0.252233 -0.328512 -0.024940 0.003322 0.179288 0.000380 -0.020141 0.237788 -0.111158 -0.282702 0.205668 -0.137447 0.124185 
1.593087 -1.322009 0.083801 -0.691928 0.088709 0.083749 0.063169 0.004254 0.059248 0.168908 0.021636 -0.292419 -0.003612 -0.026239 0.140801 
1.342425 -1.309553 0.135000 -0.738297 0.047331 0.080317 0.024962 -0.008531 0.022744 0.263721 0.103159 -0.315028 -0.070430 -0.000763 0.001763 
1.379490 -1.351400 0.114799 -0.766111 0.106297 -0.022072 0.003337 -0.056489 0.083697 0.279687 0.134587 -0.328293 -0.040789 0.011623 -0.062993 
1.413901 -1.328200 0.185152 -0.775166 0.100630 -0.071176 -0.062344 -0.098475 0.123611 0.295102 0.164789 -0.327249 0.043246 -0.018577 -0.086835 
1.492421 -1.185089 0.244634 -0.620302 0.058113 -0.107720 -0.168986 -0.057076 0.074020 0.320627 0.127858 -0.339086 0.188037 -0.071194 0.002809 
1.711676 -1.088124 0.272182 -0.320014 -0.042462 -0.055041 -0.299642 -0.097195 0.032645 0.322704 0.073753 -0.280581 0.257949 -0.085424 0.088587 
1.829915 -0.703666 0.126257 -0.024622 0.055046 -0.094157 -0.288624 -0.215709 -0.076774 0.280701 -0.061172 -0.272304 0.291560 -0.061273 0.156053 
1.360513 -0.133375 0.178554 0.160156 0.160478 0.012424 -0.369998 -0.226955 -0.128681 0.198265 -0.050955 -0.332157 0.127579 0.001952 0.166188 
0.698524 -0.024587 -0.013236 0.154760 0.092221 0.197353 -0.051691 -0.043653 0.074476 0.184930 0.054113 -0.173167 0.138570 -0.048544 0.096103 
0.583127 -0.216754 -0.098353 0.160828 -0.069723 0.136379 0.091794 -0.115109 -0.064889 0.073401 0.017694 -0.105553 0.129415 -0.057616 -0.009166 
0.103841 -0.493008 -0.277410 -0.060607 -0.130224 -0.002278 0.046021 -0.073661 0.058208 0.100355 0.078645 -0.250871 0.151169 -0.047924 -0.001607 
0.005286 -0.393656 -0.452939 -0.222575 -0.158849 0.085296 -0.024792 -0.163307 0.067439 0.266220 0.130092 -0.218580 0.041114 -0.127727 0.010453 
-0.198679 -0.431232 -0.317700 -0.192560 -0.265579 0.083992 0.037441 -0.074070 0.078751 0.118307 0.075911 -0.110416 0.012491 -0.112042 0.046393 
0.719681 -1.055801 -0.338250 -0.047475 0.105382 0.023421 -0.250896 0.028961 0.260566 -0.061097 0.042171 -0.129318 0.057504 -0.102087 0.169854 
0.946139 -0.610203 -0.171954 -0.205593 -0.039055 -0.091669 -0.186701 -0.040952 0.147431 0.231394 -0.081391 -0.114120 0.217973 -0.227414 0.131570 
0.412899 -0.694292 0.010865 0.201153 -0.024930 -0.006568 -0.108627 -0.012425 0.111658 0.063798 -0.038885 -0.168110 0.181514 -0.077478 0.098511 
1.073848 -0.755028 0.748520 0.223319 -0.039543 -0.004727 -0.354310 -0.083465 -0.128737 -0.056414 0.004369 -0.389542 0.252767 -0.061423 -0.013492 
1.371087 -0.946047 0.924872 0.062224 0.020508 0.051671 -0.379049 -0.067569 -0.264297 -0.044306 0.022868 -0.431749 0.244847 -0.126129 0.006026 
1.514552 -0.885297 0.781515 0.096988 0.005940 0.126129 -0.444483 -0.043632 -0.264391 -0.034630 0.023088 -0.412815 0.215581 -0.104719 -0.001691 
1.509360 -0.887153 0.789379 0.070402 0.011294 0.145954 -0.493819 -0.064818 -0.235748 -0.028216 0.070986 -0.424129 0.166688 -0.026093 0.020342 
1.501602 -0.847902 0.783604 0.005108 0.047927 0.132561 -0.496004 -0.059354 -0.264160 0.010347 0.082771 -0.451732 0.199740 -0.034437 0.025063 
1.578067 -0.884950 0.869324 -0.049385 0.040517 0.135641 -0.536840 -0.033762 -0.276943 0.015447 0.123568 -0.490345 0.222656 -0.006384 0.027554 
1.553763 -0.901085 0.923900 -0.070133 -0.004202 0.127277 -0.534093 -0.043215 -0.266854 -0.008456 0.141141 -0.477274 0.219091 0.024508 0.006442 
1.483458 -0.819340 0.885292 -0.097712 -0.036617 0.118862 -0.519177 -0.042704 -0.255251 -0.034934 0.165209 -0.451517 0.216108 0.050320 -0.017241 
1.502257 -0.865610 0.869801 -0.028228 -0.080398 0.124176 -0.593403 0.010603 -0.302506 -0.002394 0.136051 -0.430598 0.215394 0.055468 0.007444 
1.553713 -0.886253 0.965818 -0.049202 -0.138105 0.072526 -0.563328 0.043780 -0.280777 -0.074700 0.162950 -0.406341 0.246172 0.056100 -0.035428 
1.551858 -0.878566 0.973975 -0.074020 -0.107329 0.010256 -0.556464 0.045670 -0.254808 -0.115658 0.181332 -0.402956 0.258049 0.060778 -0.025007 
1.442184 -0.841721 0.890149 -0.018885 -0.129298 -0.024508 -0.546867 0.036487 -0.251871 -0.122005 0.151899 -0.393035 0.272326 0.074668 -0.063064 
1.484840 -0.811066 0.909084 -0.048902 -0.114517 -0.061092 -0.551752 0.048341 -0.237342 -0.129491 0.161284 -0.398101 0.315736 0.051018 -0.053896 
1.434657 -0.769064 0.863594 -0.038218 -0.145324 -0.016026 -0.592329 0.067925 -0.291076 -0.073150 0.125861 -0.372181 0.294591 0.069923 -0.067949 
1.310290 -0.688943 0.920504 -0.042631 -0.152289 -0.049139 -0.588290 0.079078 -0.284612 -0.088091 0.153536 -0.377949 0.320110 0.055798 -0.033470 
1.269976 -0.551368 0.946492 -0.027259 -0.191671 -0.086621 -0.603675 0.137017 -0.322447 -0.101493 0.177457 -0.386396 0.367794 0.059828 -0.086746 
1.144766 -0.356630 0.790621 -0.055849 0.014378 -0.117019 -0.624895 0.006106 -0.260127 -0.083281 0.152707 -0.472621 0.344248 0.118205 -0.059314 
1.229201 -0.415339 0.563361 0.206542 -0.074151 -0.218636 -0.503075 0.023608 -0.313532 -0.048141 0.057861 -0.465957 0.402810 0.033729 -0.034252 
1.021149 0.166700 0.456420 0.350266 -0.036996 -0.196355 -0.372074 -0.141394 -0.240474 -0.017182 0.040898 -0.393964 0.224582 0.171652 -0.061178 
0.314498 -0.293822 0.607886 0.168024 -0.006307 -0.174300 -0.428746 -0.117939 -0.177795 -0.020536 -0.069224 -0.392881 0.365138 -0.037220 -0.028615 
-0.084870 0.047694 0.402782 0.232415 -0.111622 -0.180869 -0.261627 -0.230218 -0.158967 -0.045372 -0.027491 -0.272689 0.229137 -0.003165 0.019937 
-0.156697 0.023314 0.050867 0.067301 -0.085340 -0.110779 -0.208349 -0.291136 -0.121101 0.096667 0.136941 -0.215729 0.191254 -0.038472 0.145597 
