city011_043
ROPPONGI
107
-0.398488 -0.114392 0.049822 0.099215 -0.058934 -0.070416 -0.143773 -0.064663 0.090024 0.000109 -0.025537 -0.033748 0.101059 -0.083611 0.069601 
-0.431668 -0.078172 -0.035108 0.132475 -0.010554 0.002740 -0.193554 -0.146694 0.077995 0.036640 0.008548 -0.065591 0.032916 -0.001604 0.043905 
0.388223 -0.465476 0.583374 0.435798 -0.101698 -0.025728 -0.032397 0.020749 -0.100873 -0.118132 0.120574 -0.134397 -0.019026 -0.019715 0.010344 
0.829134 -0.784260 0.689349 0.383133 -0.024230 -0.032812 -0.288484 0.028739 -0.284092 -0.147929 0.189869 -0.364718 0.002603 -0.013713 0.036178 
1.163027 -0.164010 0.235446 0.280211 0.233282 -0.009954 -0.388180 -0.155513 -0.198844 -0.071648 0.114641 -0.416662 -0.029383 0.064021 0.024985 
1.130643 -0.360380 0.420741 0.109060 0.249459 0.015101 -0.408956 -0.089664 -0.335341 -0.046583 0.233599 -0.448096 -0.043858 0.058740 0.053958 
1.393309 -0.785197 0.659371 -0.226164 -0.106415 0.298069 -0.503768 -0.303354 -0.166761 0.007578 0.183235 -0.247059 0.116545 -0.003397 0.031839 
1.362055 -0.773848 0.642109 -0.511654 0.008893 -0.000334 -0.376148 -0.441093 -0.056372 0.134681 0.224921 -0.071321 0.064975 0.120747 0.055373 
1.433505 -0.750827 0.481977 -0.623353 -0.020168 0.006234 -0.155807 -0.454714 -0.210018 0.118558 0.303112 -0.014310 0.152345 0.018717 -0.121226 
1.457734 -1.009942 0.390951 -0.679082 0.026847 -0.010589 -0.203084 -0.238709 -0.188265 0.080457 0.244778 0.055107 0.189701 -0.037248 -0.138989 
1.420951 -1.034190 0.352032 -0.748851 -0.005979 -0.135772 -0.111128 -0.085332 -0.178647 -0.005096 0.171000 0.141148 0.264260 0.006434 -0.197469 
1.475039 -1.104653 0.290074 -0.701647 -0.084730 -0.126587 -0.105310 -0.009021 -0.154340 -0.079328 0.209387 0.130726 0.346124 -0.075432 -0.160586 
1.605090 -1.102743 0.296607 -0.646085 -0.140764 -0.118636 -0.127688 0.081973 -0.155410 -0.077753 0.208515 0.071366 0.293239 -0.065502 -0.101067 
1.638562 -1.087221 0.304739 -0.696616 -0.111096 -0.119612 -0.038425 0.077960 -0.160439 -0.152113 0.170737 0.056123 0.325490 -0.032972 -0.082531 
1.711244 -0.932072 0.276423 -0.666046 -0.098276 -0.131530 -0.096875 0.119707 -0.132496 -0.192544 0.149182 0.026890 0.304543 -0.025631 -0.014794 
1.739937 -0.804510 0.300369 -0.602446 -0.180611 -0.151151 -0.151549 0.185380 -0.132984 -0.146980 0.071252 -0.035914 0.342068 -0.043593 0.011605 
1.743362 -0.718960 0.318174 -0.643838 -0.071631 -0.268234 -0.098831 0.085212 -0.056851 -0.145347 -0.004597 0.005590 0.279391 0.025765 -0.017302 
1.705156 -0.495537 0.266314 -0.688223 -0.109095 -0.208634 -0.168975 0.045193 -0.031549 -0.154377 -0.077930 -0.025880 0.289238 0.098670 -0.010644 
1.699510 -0.090840 0.520895 -0.781492 -0.316335 0.119192 -0.183721 0.049311 -0.205381 -0.127205 -0.016263 -0.243989 0.324107 -0.000182 0.057683 
1.558155 0.300276 0.474415 -0.686435 -0.246020 0.305538 -0.093920 0.103744 -0.119593 -0.121452 -0.021506 -0.286057 0.256925 -0.038849 -0.019462 
1.338995 0.442078 0.380881 -0.419434 -0.163189 0.252785 0.046402 0.086789 0.006749 -0.126491 -0.024769 -0.246174 0.123175 -0.022143 -0.047673 
0.959992 0.531653 0.116686 -0.262135 -0.091690 0.071864 0.001434 -0.071759 0.000400 -0.186373 0.101655 -0.158574 0.077211 0.016176 -0.042167 
0.298950 0.337889 0.104289 -0.085316 -0.212081 0.179754 0.172581 -0.030474 -0.092119 -0.134561 0.103383 -0.154772 0.084279 0.070171 -0.077447 
0.003500 0.047724 -0.141256 -0.207101 -0.163569 0.039449 0.136564 -0.060989 -0.147447 -0.022104 0.172103 -0.126997 0.084407 0.028509 -0.047123 
-0.271935 -0.146360 -0.144221 -0.204601 -0.204834 0.185006 0.213597 0.005442 -0.181748 -0.038925 0.054745 -0.052410 0.095551 0.032475 -0.031792 
-0.103477 -0.073953 -0.159174 -0.179726 -0.256300 -0.000989 0.083739 -0.132084 -0.067151 0.002688 0.220061 -0.070427 0.005550 0.031753 -0.012481 
-0.241393 0.158235 -0.020541 -0.239410 -0.255936 -0.046715 0.053001 -0.117535 -0.083361 -0.030242 0.198096 -0.019768 -0.038163 0.094867 0.030182 
-0.198390 -0.119335 -0.266410 -0.223131 -0.106509 -0.081082 -0.001816 0.016210 -0.113810 0.027529 0.260540 -0.089678 -0.032631 0.015759 -0.015934 
-0.221490 0.046776 -0.054783 -0.117465 -0.238272 -0.194904 -0.098961 -0.111989 -0.048556 0.063065 0.200024 -0.011574 0.029557 0.050483 0.035119 
-0.336733 -0.053034 -0.166574 -0.097403 -0.071968 0.072109 -0.029113 -0.071400 0.041669 -0.097344 0.180199 -0.097986 0.007632 0.028422 -0.048696 
-0.460180 -0.044067 -0.088945 0.017454 -0.076363 0.011654 0.061020 -0.071203 -0.004270 0.035620 -0.006078 -0.023613 0.037657 -0.037953 0.023907 
-0.328478 -0.166027 -0.257152 -0.271541 -0.185100 0.195511 0.178066 -0.060231 -0.149864 -0.062513 0.169373 -0.050265 0.021431 0.030664 0.002595 
-0.381279 -0.029737 -0.112390 -0.242347 -0.119448 0.004279 0.177521 0.066283 -0.014587 -0.128768 0.084732 -0.065276 0.007162 0.024767 0.010023 
-0.444055 -0.058808 -0.217900 -0.173847 -0.108976 -0.115357 0.080843 -0.073392 0.044805 -0.031431 0.179900 -0.062417 -0.072194 0.055986 -0.001680 
-0.373579 -0.041191 -0.345944 -0.295223 -0.153424 0.134948 0.127725 -0.069675 -0.040861 -0.102525 0.201628 -0.036347 -0.060858 0.077293 -0.038148 
-0.478252 -0.052930 -0.243347 -0.101907 -0.112291 0.094318 0.245570 0.019377 -0.084006 -0.181985 0.103483 0.033784 -0.051703 0.062110 0.072833 
-0.435435 -0.129664 -0.113292 -0.025072 -0.031980 -0.009799 -0.064421 -0.055626 0.040932 -0.059703 0.126547 -0.024798 -0.064869 0.018078 0.083629 
-0.621757 0.018193 -0.015966 -0.048561 0.090051 0.126877 -0.047216 -0.163834 -0.080849 -0.013973 0.281693 -0.189758 -0.027568 0.029235 0.019804 
-0.555560 -0.207531 -0.145839 -0.062745 -0.090751 0.085064 0.106540 -0.013738 -0.055028 -0.110354 0.159339 -0.046780 -0.028515 0.020325 0.036215 
-0.370634 -0.169010 -0.174534 0.057658 -0.092904 0.077416 0.077951 -0.035707 -0.044940 -0.125976 0.174265 -0.001082 -0.083033 0.007557 0.078385 
-0.746954 -0.091659 -0.058880 0.112798 -0.094492 -0.053391 -0.089736 0.019685 -0.073031 0.090341 0.057881 -0.135861 0.095878 -0.029826 0.024179 
0.008716 -0.489850 -0.095486 0.007374 -0.108890 0.081756 0.021147 0.057115 0.035127 -0.138034 -0.023265 0.053161 0.125889 -0.148798 0.026857 
0.716128 -0.889510 0.252152 -0.078056 0.117552 0.122328 0.048798 0.113990 0.105553 -0.161661 -0.006970 -0.009093 0.197175 -0.141025 0.030010 
1.764557 -0.404930 0.421800 -0.679167 -0.167380 0.199043 -0.159945 -0.054626 -0.244552 -0.124587 0.119762 -0.129791 0.337710 -0.039344 -0.017361 
1.666577 -1.007491 0.315877 -0.595083 -0.175332 -0.170786 -0.007317 -0.046378 -0.251104 -0.118009 0.173528 0.111073 0.388088 -0.060171 -0.031989 
1.763764 -1.108570 0.227369 -0.586595 -0.128203 -0.018003 -0.072360 0.018067 -0.195071 -0.106938 0.132414 0.044348 0.394825 -0.115766 -0.068518 
1.709440 -1.148235 0.308238 -0.728467 -0.203825 0.048830 0.062112 0.027398 -0.217623 -0.044499 0.143540 0.017135 0.341914 -0.117100 -0.068015 
1.568422 -1.132577 0.281100 -0.825706 -0.262841 0.030896 0.174855 0.039625 -0.193297 0.026043 0.105940 -0.014218 0.271459 -0.015788 -0.128769 
1.691776 -1.143225 0.275953 -0.771270 -0.283605 0.124630 0.131826 0.098501 -0.220084 -0.006199 0.133023 -0.128878 0.350483 -0.085048 -0.084947 
1.746678 -1.173153 0.315067 -0.710223 -0.241621 0.177060 0.166086 0.080156 -0.244631 -0.019105 0.066278 -0.072660 0.307029 -0.107955 -0.027425 
1.699494 -1.139578 0.340141 -0.687071 -0.196172 0.217116 0.196567 0.010923 -0.173491 -0.082413 0.039346 -0.047380 0.272285 -0.102969 0.039417 
1.707268 -1.053871 0.305681 -0.632742 -0.210289 0.252832 0.186391 0.027638 -0.131506 -0.062361 -0.022591 -0.042641 0.209467 -0.067205 0.050551 
1.822660 -1.062353 0.376019 -0.609302 -0.233789 0.261442 0.133011 0.073453 -0.060763 -0.105784 0.015570 -0.154996 0.241234 -0.092293 0.088908 
1.791947 -1.004514 0.384275 -0.560467 -0.233671 0.243721 0.110718 0.130050 -0.003838 -0.112352 -0.041423 -0.162442 0.180987 -0.046860 0.096022 
1.754042 -0.983220 0.367397 -0.501461 -0.227586 0.231326 0.115203 0.159529 0.044906 -0.098217 -0.109238 -0.132048 0.125889 -0.020810 0.095045 
1.688943 -0.966304 0.373419 -0.499971 -0.180862 0.203950 0.194066 0.114438 0.110124 -0.068218 -0.142855 -0.083768 0.047728 -0.016164 0.130287 
1.725224 -1.015468 0.514749 -0.483142 -0.283872 0.293779 0.110168 0.123679 0.134633 -0.091230 -0.030629 -0.146483 0.047010 -0.019305 0.085628 
1.718351 -1.045517 0.674832 -0.368114 -0.376920 0.339802 -0.138207 0.135397 0.170185 -0.012783 0.122414 -0.203623 0.069195 -0.074709 0.003211 
1.642300 -1.050862 0.728340 -0.378501 -0.350476 0.317214 -0.191108 0.144313 0.263822 0.036145 0.146922 -0.253107 0.081837 -0.089049 -0.027745 
1.557767 -1.024231 0.781380 -0.291595 -0.355758 0.308963 -0.270011 0.081068 0.252439 0.054032 0.127732 -0.210246 0.115376 -0.052715 -0.057093 
1.488563 -1.034588 0.980865 -0.167010 -0.273831 0.276719 -0.409252 -0.067587 0.141300 0.043147 0.109323 -0.212741 0.195092 -0.002634 -0.016574 
1.361269 -0.990813 1.095925 -0.089114 -0.199907 0.238438 -0.443863 -0.162664 0.071105 0.029468 0.017317 -0.252047 0.219659 0.004312 0.000125 
1.337497 -0.945691 1.058748 -0.050606 -0.222044 0.235585 -0.410151 -0.191198 0.066315 0.049166 -0.001097 -0.242810 0.214837 0.008180 -0.010841 
1.288204 -0.910865 0.997029 -0.051418 -0.217325 0.213005 -0.317281 -0.235131 0.068311 0.033038 0.008220 -0.235983 0.205219 -0.018536 -0.007660 
1.312841 -0.964494 1.025175 -0.006954 -0.257383 0.266467 -0.372226 -0.202339 0.019127 0.048201 -0.006080 -0.256366 0.214456 -0.025898 -0.009823 
1.235111 -0.913923 1.058993 0.101844 -0.226748 0.237969 -0.381536 -0.257300 0.005583 0.011747 -0.080138 -0.302270 0.211999 -0.031800 -0.019193 
1.249002 -0.931465 1.074295 0.098043 -0.218006 0.239802 -0.349649 -0.264106 -0.012361 -0.001850 -0.058443 -0.316217 0.199009 -0.039004 -0.020066 
1.074711 -0.798257 1.036188 0.054959 -0.093998 0.083881 -0.205989 -0.379845 0.010602 0.059227 -0.147434 -0.231616 0.109938 0.035312 -0.030467 
1.225188 -0.859447 1.007496 0.139363 -0.210999 0.212141 -0.300040 -0.299337 -0.046958 0.019307 -0.086965 -0.298817 0.164216 -0.038635 -0.009942 
1.192589 -0.807896 1.049014 0.125595 -0.197664 0.183609 -0.263814 -0.312662 -0.073037 0.061011 -0.124148 -0.293632 0.174404 -0.049699 -0.005394 
1.223860 -0.834394 1.053117 0.139230 -0.224746 0.220314 -0.263374 -0.298902 -0.111144 0.059218 -0.122462 -0.304407 0.181265 -0.097875 0.014112 
1.113414 -0.718903 0.929086 0.222003 -0.264689 0.250489 -0.230367 -0.328730 -0.105106 0.017792 -0.116054 -0.297714 0.144142 -0.090624 -0.027322 
1.192371 -0.749409 0.984545 0.191375 -0.267701 0.258989 -0.198903 -0.319248 -0.150880 0.012175 -0.107862 -0.311804 0.154389 -0.137833 -0.011420 
1.125448 -0.607993 0.860895 0.239717 -0.196334 0.218112 -0.175614 -0.340532 -0.146509 0.016580 -0.165011 -0.286256 0.138815 -0.191601 0.024537 
1.280853 -0.603539 0.872609 0.232971 -0.164079 0.172842 -0.143083 -0.314943 -0.165161 -0.010834 -0.150958 -0.279934 0.124529 -0.215576 0.059970 
1.282433 -0.355417 0.669468 0.356005 -0.085289 0.032960 -0.037321 -0.341757 -0.230490 0.067928 -0.134854 -0.305562 0.081515 -0.170803 0.104727 
1.184788 -0.268790 0.775688 0.206781 -0.000329 0.060550 -0.118870 -0.235949 -0.265083 0.025929 -0.109590 -0.346298 0.092953 -0.169452 0.045270 
0.819238 -0.224543 0.967112 -0.025018 0.060640 0.270776 -0.278162 -0.234561 -0.132992 -0.077399 -0.152361 -0.281047 0.061434 -0.219356 0.005412 
0.707980 -0.143625 1.108439 -0.150003 0.067106 0.360570 -0.399718 -0.154273 -0.082378 -0.169150 -0.103096 -0.277920 0.048134 -0.205647 0.001589 
0.564383 0.033679 1.130175 -0.163722 -0.057116 0.272584 -0.403959 -0.003850 -0.167513 -0.256436 0.041792 -0.303443 0.037746 -0.098238 -0.036987 
0.351467 -0.034966 1.263745 -0.245699 -0.111190 0.330416 -0.339220 0.076657 -0.284210 -0.258175 0.178235 -0.408459 -0.003030 -0.011673 -0.054940 
0.222503 -0.076582 1.577986 -0.269137 -0.028276 0.155214 -0.246466 0.079132 -0.226965 -0.256524 0.217378 -0.384616 0.016372 -0.012465 -0.030426 
0.158269 -0.127098 1.576672 -0.269732 -0.024665 0.176910 -0.282293 0.111517 -0.243459 -0.281092 0.244771 -0.408626 -0.000343 0.009567 -0.056892 
0.158663 -0.254917 1.561819 -0.240606 -0.047441 0.307686 -0.380305 0.158963 -0.278009 -0.292554 0.240676 -0.434984 -0.048079 0.038728 -0.099041 
0.235353 -0.336009 1.656869 -0.264164 -0.065128 0.324496 -0.417264 0.178668 -0.309468 -0.291619 0.238630 -0.461377 -0.038304 0.027445 -0.088867 
0.445463 -0.468480 1.723214 -0.305512 -0.050313 0.304650 -0.401076 0.151064 -0.292141 -0.298684 0.249342 -0.469819 -0.030085 0.045027 -0.103219 
0.459512 -0.448576 1.671756 -0.302270 -0.078049 0.334587 -0.403680 0.128066 -0.285480 -0.291414 0.228109 -0.443931 -0.050708 0.062623 -0.112046 
0.560480 -0.501033 1.669545 -0.313083 -0.067653 0.356278 -0.446303 0.165534 -0.304104 -0.281041 0.246960 -0.463491 -0.033083 0.068777 -0.119485 
0.498641 -0.521900 1.712671 -0.313153 -0.046766 0.320861 -0.404133 0.137991 -0.279452 -0.295238 0.244469 -0.462048 -0.033211 0.052652 -0.105767 
0.450455 -0.476644 1.680194 -0.298082 -0.067501 0.330386 -0.409129 0.138666 -0.282420 -0.265195 0.212348 -0.440172 -0.016807 0.035875 -0.108803 
0.487479 -0.474527 1.643380 -0.320882 -0.006963 0.335015 -0.424603 0.157164 -0.279857 -0.272529 0.233713 -0.459020 -0.012949 0.039146 -0.121604 
0.552024 -0.481184 1.666197 -0.337510 -0.014194 0.354411 -0.435473 0.171635 -0.294240 -0.263723 0.245183 -0.479406 -0.001103 0.045182 -0.130121 
0.441972 -0.371409 1.591144 -0.339554 0.009409 0.320757 -0.365157 0.130426 -0.293255 -0.239913 0.214962 -0.449819 -0.025308 0.060234 -0.136394 
0.440534 -0.396946 1.613565 -0.317036 -0.008606 0.336244 -0.397541 0.148823 -0.297738 -0.254549 0.230271 -0.478260 -0.001997 0.030736 -0.122302 
0.430573 -0.331675 1.518521 -0.311705 -0.033070 0.392453 -0.407135 0.149775 -0.322341 -0.232976 0.214226 -0.468457 -0.008853 0.026982 -0.121579 
0.372879 -0.318280 1.592175 -0.290220 -0.032141 0.326982 -0.383809 0.145511 -0.315387 -0.226309 0.190415 -0.454592 -0.011096 0.028712 -0.123145 
0.346839 -0.236607 1.499238 -0.270293 -0.063957 0.367299 -0.367981 0.106332 -0.315223 -0.214299 0.170492 -0.465322 0.001976 0.012054 -0.135031 
0.398979 -0.168232 1.443400 -0.261838 -0.050351 0.335890 -0.332834 0.089635 -0.315142 -0.218169 0.168495 -0.468372 0.004430 0.002367 -0.121105 
0.314315 -0.163422 1.602203 -0.271089 -0.081445 0.289168 -0.318794 0.078200 -0.275157 -0.260406 0.190559 -0.457839 -0.001507 -0.001151 -0.088820 
0.259513 0.061766 1.489071 -0.270685 -0.107057 0.303742 -0.320584 0.110862 -0.299848 -0.247848 0.211204 -0.458477 -0.013303 0.029994 -0.074200 
0.251400 0.160611 1.270486 -0.129016 -0.057901 0.180440 -0.227971 0.077483 -0.269857 -0.200760 0.147962 -0.357097 -0.026130 -0.000534 -0.034127 
0.045338 0.231949 1.355841 -0.175088 -0.069529 0.136581 -0.244038 0.073324 -0.367309 -0.211942 0.151571 -0.420304 -0.050512 0.030749 -0.029714 
0.028566 0.665295 1.133425 -0.230169 0.034836 0.177200 -0.434403 0.057480 -0.205927 -0.353330 0.102042 -0.354735 0.010223 -0.094047 -0.028132 
-0.089114 0.296195 0.831742 -0.008924 -0.054092 0.185613 -0.246441 -0.122947 -0.253198 -0.219045 0.045652 -0.330587 -0.062187 -0.006538 -0.034922 
-0.194210 0.246341 0.889722 -0.075803 0.046039 0.030119 -0.130928 -0.133101 -0.342283 -0.055266 -0.038025 -0.335419 0.038984 -0.096173 0.025595 
-0.150271 0.399325 0.559680 0.127580 -0.021864 0.044514 -0.131593 -0.249736 -0.214390 -0.252558 0.049679 -0.281412 -0.123432 0.014631 0.010964 
-0.168625 0.266461 0.971638 -0.049663 -0.186972 0.233185 -0.149755 -0.207595 -0.081478 -0.212986 0.013077 -0.195497 -0.077825 0.015746 -0.030024 
