city011_048
GENKAI
75
-0.567256 -0.415751 -0.041535 -0.191636 -0.149319 0.227149 -0.121046 -0.109480 0.173523 -0.025919 0.016269 -0.007859 -0.046709 0.014952 0.025253 
-0.022613 -0.963690 0.496338 -0.412082 -0.162161 0.248185 -0.217221 0.076792 0.066287 -0.029795 0.008001 0.021612 -0.029054 -0.042402 0.102780 
0.236411 -0.423641 0.360044 -0.626262 -0.029973 0.227489 -0.193351 0.088050 -0.000369 -0.083088 0.082110 0.008710 -0.019628 -0.017769 0.080161 
0.463331 -0.431830 1.517182 -0.283350 -0.126753 0.174628 -0.421619 0.206229 -0.303619 -0.205417 0.118562 -0.152454 -0.099522 0.004849 0.088904 
0.887936 -0.877666 1.612306 -0.334481 -0.144052 0.255641 -0.547215 0.171621 -0.368949 -0.237984 0.118179 -0.233766 -0.084023 0.011951 0.071026 
0.991215 -0.954925 1.561298 -0.456292 -0.186994 0.182900 -0.484485 0.138368 -0.371779 -0.184587 0.151159 -0.196875 0.003445 -0.013185 0.129226 
0.962686 -1.017604 1.399612 -0.502413 -0.269872 0.138253 -0.448341 0.063058 -0.369282 -0.084195 0.137131 -0.104638 0.045961 0.035142 0.130612 
0.980762 -1.089197 1.241145 -0.431706 -0.300918 0.142908 -0.340356 -0.074421 -0.283638 -0.099869 0.157451 -0.067772 0.027047 0.055392 0.110919 
0.945062 -1.138785 1.183298 -0.405349 -0.244371 0.130933 -0.287226 -0.072084 -0.214473 -0.087687 0.149260 -0.063866 0.033154 0.019709 0.072746 
0.988635 -1.219164 1.121647 -0.400295 -0.235163 0.104673 -0.233714 -0.124419 -0.204466 -0.077458 0.160854 -0.037593 0.031137 0.005409 0.083235 
0.934276 -1.218686 1.081011 -0.420187 -0.155535 0.080439 -0.225618 -0.145478 -0.215028 -0.021281 0.148908 -0.042276 0.032018 -0.002773 0.077601 
1.124532 -1.195416 1.138483 -0.409642 -0.233915 0.115775 -0.224112 -0.082744 -0.318105 0.042980 0.083124 -0.064355 0.090976 -0.048194 0.129974 
1.194303 -1.236810 1.161694 -0.374370 -0.259472 0.148235 -0.197564 -0.150519 -0.297143 0.009219 0.101035 -0.106876 0.089019 0.002998 0.058363 
1.184526 -1.178026 1.173608 -0.345529 -0.287250 0.192979 -0.234763 -0.113145 -0.344238 0.064426 0.070393 -0.154097 0.129142 -0.004390 0.031995 
1.319460 -1.177410 1.233071 -0.337986 -0.261852 0.218791 -0.312402 -0.060210 -0.360909 0.151878 0.017286 -0.228777 0.228263 -0.072337 0.033340 
1.225325 -0.983557 1.121645 -0.223717 -0.245812 0.205663 -0.337848 -0.092977 -0.290536 0.165869 -0.010741 -0.248810 0.231521 -0.040246 -0.017028 
1.419202 -0.984188 1.087410 -0.140087 -0.189049 0.152382 -0.349245 -0.109520 -0.261077 0.172440 -0.043547 -0.275599 0.239343 -0.034454 -0.017290 
1.345548 -0.772447 0.851766 0.049820 -0.169598 0.092175 -0.314423 -0.141845 -0.216358 0.092535 -0.063771 -0.271891 0.189618 0.010797 -0.087101 
1.565539 -0.777833 0.735688 0.106559 -0.048726 0.012462 -0.308676 -0.142125 -0.229071 0.114385 -0.184454 -0.226439 0.197907 -0.073975 -0.043499 
1.581205 -0.765790 0.682236 0.354960 -0.198533 0.019312 -0.205057 -0.298776 -0.119684 0.101525 -0.165296 -0.225532 0.138769 -0.038661 0.049795 
1.530080 -0.922895 0.900114 0.286184 -0.289771 0.197104 -0.335712 -0.235339 -0.127275 0.070770 -0.133019 -0.290548 0.160875 -0.007823 -0.025231 
1.371083 -0.869744 0.924297 0.230595 -0.287065 0.222110 -0.308980 -0.291872 -0.062094 0.022266 -0.118649 -0.274670 0.144083 -0.007158 -0.044686 
1.342243 -0.865954 0.951445 0.236568 -0.317443 0.270240 -0.312616 -0.316157 -0.056196 0.032056 -0.122440 -0.279561 0.135894 0.000808 -0.053604 
1.293568 -0.887912 0.996991 0.193135 -0.279669 0.285396 -0.310164 -0.318241 -0.085389 0.045604 -0.146689 -0.276593 0.124984 -0.022964 -0.056223 
1.400000 -0.885544 1.038424 0.156952 -0.308167 0.316105 -0.296136 -0.283901 -0.128921 0.048151 -0.141137 -0.259040 0.119262 -0.044549 -0.059683 
1.290741 -0.751451 1.056289 0.153311 -0.347998 0.259852 -0.185467 -0.302592 -0.115633 0.016301 -0.129876 -0.238392 0.132057 -0.062645 -0.073981 
1.227988 -0.697769 1.028876 0.264619 -0.350069 0.264877 -0.256528 -0.260473 -0.111580 0.063646 -0.183054 -0.240368 0.142215 -0.044842 -0.080771 
1.285540 -0.763779 1.002478 0.263865 -0.317025 0.239630 -0.241950 -0.276157 -0.117771 0.068033 -0.169252 -0.281546 0.173294 -0.071235 -0.066188 
1.314069 -0.659626 0.958142 0.252398 -0.347992 0.299661 -0.258664 -0.285707 -0.112257 0.080291 -0.142684 -0.280835 0.169769 -0.052235 -0.078289 
1.278999 -0.532261 0.963938 0.177354 -0.388521 0.222345 -0.147509 -0.265307 -0.177366 0.104063 -0.128294 -0.229130 0.169947 -0.056341 -0.071687 
1.300325 -0.428635 0.975304 0.204455 -0.494431 0.165843 -0.110863 -0.271399 -0.149651 0.105020 -0.086522 -0.188737 0.201982 -0.030842 -0.059822 
1.238386 -0.324776 0.916465 0.262612 -0.448406 0.144982 -0.124921 -0.271297 -0.181990 0.119027 -0.137087 -0.194349 0.196300 -0.043522 -0.065345 
1.120671 -0.179135 0.801425 0.345277 -0.393776 0.116407 -0.058380 -0.344717 -0.133164 0.043880 -0.155020 -0.211773 0.140862 -0.058518 -0.072165 
0.915626 -0.033437 0.540007 0.422630 -0.194861 0.037700 -0.054611 -0.350075 -0.116838 -0.036893 -0.170416 -0.230137 0.008606 -0.008665 -0.102472 
0.649177 0.116222 0.459745 0.342054 -0.180824 -0.062714 -0.044989 -0.405079 -0.165175 -0.007771 -0.218225 -0.203472 0.073016 -0.062616 -0.043213 
0.250328 0.243067 0.487720 0.208478 -0.262281 0.101304 -0.001493 -0.515307 -0.087133 -0.121651 -0.150226 -0.159922 0.011851 -0.075213 -0.001302 
0.230162 0.042153 0.288750 0.297652 0.000793 0.095254 -0.282976 -0.255737 -0.028806 -0.004733 -0.093851 -0.188293 0.007744 0.026993 -0.009450 
0.023794 0.184070 0.356744 0.199084 0.072488 0.142941 -0.231269 -0.443867 -0.110093 -0.032292 -0.096681 -0.214503 -0.129237 -0.014495 0.050991 
-0.275484 -0.037516 0.215000 0.064659 -0.279057 -0.013414 -0.074222 -0.072155 -0.008412 0.103823 -0.071891 0.019051 0.031464 0.014898 -0.022471 
-0.574469 -0.219073 0.213491 0.119510 -0.145079 0.117743 0.194928 -0.333810 0.002747 0.092402 0.038608 -0.075869 0.039216 -0.065786 0.070349 
-0.714634 -0.363559 0.092202 -0.023491 -0.334933 -0.012903 -0.103041 -0.136930 0.101610 0.252107 -0.107125 -0.057244 0.140257 -0.080567 0.016374 
-0.216018 -0.268651 -0.128683 -0.027350 -0.090100 0.124093 0.036597 -0.121172 -0.027333 0.071387 -0.011112 -0.014748 0.058087 -0.088969 0.046945 
0.573401 -0.690888 -0.339614 -0.334039 0.371163 -0.224187 -0.239070 0.123440 0.075206 0.077192 0.116691 -0.141389 -0.040384 0.015575 0.051092 
0.888090 -0.810469 -0.051412 0.032953 0.222798 -0.520325 -0.452656 0.120636 0.050923 0.016500 0.009290 0.004459 0.247621 0.009530 -0.072552 
1.022285 -0.439874 0.244151 0.293052 0.119436 -0.338624 -0.210375 0.107199 0.054683 -0.002811 -0.065194 -0.076314 0.116950 0.079710 -0.112575 
1.719948 -0.769784 0.046916 0.208442 -0.133208 -0.403667 -0.182325 -0.054103 -0.091840 0.294497 -0.067833 -0.116386 0.256540 0.043207 -0.031933 
1.602606 -1.090258 0.189381 -0.135281 -0.100194 -0.304202 -0.313596 0.029162 -0.016060 0.301199 0.020413 -0.162396 0.229873 0.104473 -0.077025 
1.385329 -1.242131 0.216527 -0.357328 0.032838 -0.353863 -0.266262 0.095092 0.051418 0.303689 0.086702 -0.189752 0.079891 0.158400 -0.106514 
1.406723 -1.222126 0.086227 -0.384880 0.010292 -0.307085 -0.242200 0.146633 0.092189 0.299270 0.084439 -0.197336 0.003150 0.111306 -0.081101 
1.376330 -1.211938 0.131045 -0.400350 -0.042924 -0.291857 -0.227359 0.180371 0.083045 0.359754 0.063738 -0.238405 0.000131 0.105855 -0.107671 
1.320780 -1.187346 0.138439 -0.406989 -0.062036 -0.334589 -0.159879 0.171926 0.103409 0.347296 0.034587 -0.238659 0.027334 0.103121 -0.171285 
1.327210 -1.163601 0.148901 -0.394406 -0.054955 -0.394847 -0.166956 0.157540 0.149735 0.307569 0.057319 -0.229858 0.074310 0.075605 -0.174736 
1.300251 -1.183163 0.174755 -0.327079 -0.117656 -0.407213 -0.168016 0.169770 0.150374 0.264280 0.070092 -0.190225 0.094884 0.062599 -0.211091 
1.314752 -1.185160 0.198593 -0.217680 -0.188920 -0.411030 -0.185741 0.168244 0.135431 0.239596 0.058401 -0.129022 0.123419 0.047315 -0.222089 
1.392234 -1.166125 0.246802 -0.113693 -0.256631 -0.426140 -0.232963 0.182288 0.123845 0.161984 0.074650 -0.064645 0.195654 -0.004481 -0.212134 
1.513024 -1.342969 0.417035 -0.038946 -0.364051 -0.352292 -0.265605 0.197975 0.015955 0.188461 -0.005666 0.043326 0.287577 -0.205615 -0.054246 
1.316404 -1.089448 0.563534 -0.025356 -0.329837 -0.298266 -0.371142 0.227890 -0.022435 -0.010712 0.067736 0.118347 0.171036 -0.121456 0.051902 
1.238324 -0.940904 0.746309 -0.065327 -0.403725 -0.160908 -0.421980 -0.007874 0.002031 -0.018912 -0.033988 0.151156 0.250927 -0.103387 0.065906 
1.017367 -0.939228 1.051290 -0.190250 -0.375712 -0.074591 -0.421843 -0.024514 -0.178269 0.012265 -0.027392 0.061620 0.232370 -0.123586 0.178817 
0.740404 -0.815059 1.151920 -0.175447 -0.276675 0.034556 -0.384412 -0.045350 -0.251033 -0.087620 -0.012648 -0.042448 0.103938 -0.112731 0.187293 
0.730658 -0.684356 1.252700 -0.222492 -0.256241 0.098531 -0.431734 0.016615 -0.310177 -0.143660 -0.000151 -0.068700 0.022444 -0.100627 0.205744 
0.700395 -0.605929 1.254529 -0.259012 -0.185684 0.125592 -0.437602 -0.006873 -0.259754 -0.210779 0.022802 -0.105325 -0.008750 -0.061876 0.148110 
0.551181 -0.444408 1.319114 -0.234896 -0.209344 0.203374 -0.469019 0.083988 -0.289401 -0.230711 0.050193 -0.138530 -0.052773 -0.066050 0.158241 
0.426531 -0.301273 1.412615 -0.126463 -0.259652 0.201683 -0.456735 0.172015 -0.347533 -0.176496 0.055105 -0.153084 -0.071857 -0.011286 0.101082 
0.383078 -0.061649 1.240114 -0.073158 -0.169129 0.186305 -0.365692 0.078344 -0.271658 -0.200095 0.023621 -0.184210 -0.080488 -0.020504 0.049049 
0.385144 0.009273 1.211075 -0.172894 -0.166186 0.131289 -0.313737 0.068872 -0.221148 -0.283008 0.159422 -0.224691 -0.056335 -0.018573 0.066514 
0.389636 0.023985 1.032766 -0.048352 -0.091465 0.147748 -0.317771 0.041795 -0.242530 -0.248765 0.094830 -0.233318 -0.109865 0.053077 -0.015872 
0.379396 0.012657 0.951371 0.066991 -0.048536 0.118979 -0.356351 0.043139 -0.184797 -0.274978 0.067556 -0.235326 -0.072180 0.003244 -0.016534 
0.325508 0.085467 0.844584 0.044125 -0.030079 0.114786 -0.332846 0.074303 -0.240609 -0.291738 0.140305 -0.261576 -0.098863 0.021896 -0.007971 
0.214862 0.060090 1.030608 -0.035286 -0.047112 0.165102 -0.347256 0.081488 -0.285157 -0.205104 0.048919 -0.238783 -0.098266 0.007830 0.005261 
0.142676 0.189134 0.808511 0.084999 -0.001907 0.131901 -0.371012 0.070152 -0.231296 -0.253037 0.056223 -0.232170 -0.113598 0.022561 -0.028882 
0.302691 0.370052 0.554194 0.282947 0.019297 0.010433 -0.310312 0.017335 -0.144015 -0.266397 -0.029695 -0.152209 -0.106487 -0.021610 -0.024983 
0.064936 0.194846 0.634440 0.169415 0.171862 0.064376 -0.505313 0.021516 -0.045488 -0.307721 -0.087936 -0.172226 -0.095730 -0.002654 -0.037957 
0.331404 0.425822 0.572339 0.206099 0.156328 0.091835 -0.357796 -0.122250 0.060632 -0.259134 -0.166618 -0.102015 -0.102764 -0.085702 0.065081 
-0.136572 0.223140 0.492241 0.318945 0.108288 -0.097264 -0.349158 -0.079994 -0.093481 -0.219132 -0.132862 -0.197741 -0.020662 -0.019152 -0.039498 
