city011_036
YAESU
73
-0.066918 -0.013594 0.287667 0.114880 -0.321609 0.081739 -0.095588 -0.099151 -0.047885 0.025636 -0.073228 0.080208 -0.002073 -0.067837 0.081849 
1.001662 -0.145678 0.159937 0.193659 -0.249812 -0.101999 -0.076277 -0.030277 -0.014788 0.087381 -0.096363 0.036724 0.125384 -0.130414 0.051536 
1.081203 -0.775989 0.685157 -0.258032 -0.178464 -0.099073 -0.437011 0.127740 -0.061663 0.107493 -0.060897 0.002642 0.284947 -0.166548 0.053707 
1.176097 -0.888745 0.625746 -0.359858 -0.221904 -0.087301 -0.511140 0.253648 0.049294 0.173902 -0.030292 -0.029356 0.314051 -0.216280 -0.004879 
1.394466 -1.208370 0.508036 -0.376607 -0.192844 -0.213852 -0.411530 0.368389 -0.024795 0.223019 0.072120 -0.186209 0.280277 -0.116991 -0.149789 
1.442397 -1.177334 0.262847 -0.425679 -0.159257 -0.208849 -0.265891 0.162731 0.135703 0.266313 -0.019351 -0.204726 0.230181 -0.016010 -0.256482 
1.301330 -1.141613 0.093934 -0.509913 -0.029488 -0.240130 -0.191725 0.153008 0.122511 0.342208 -0.012393 -0.304570 0.183756 0.006393 -0.226025 
1.233491 -1.107676 0.149970 -0.568640 -0.047522 -0.166731 -0.184618 0.114163 0.190212 0.345221 -0.042254 -0.304309 0.115281 0.005326 -0.203358 
1.219097 -1.101941 0.148402 -0.560983 -0.066695 -0.142372 -0.167609 0.087440 0.229466 0.340438 -0.055729 -0.309915 0.104701 -0.010526 -0.191261 
1.240740 -1.107609 0.144911 -0.517363 -0.077837 -0.162610 -0.156516 0.087703 0.218629 0.371174 -0.110549 -0.262647 0.097585 -0.016083 -0.189493 
1.265115 -1.219035 0.237553 -0.529206 -0.069368 -0.190212 -0.165977 0.100442 0.219328 0.323175 -0.108352 -0.221059 0.129546 -0.038877 -0.186700 
1.309752 -1.170952 0.249620 -0.436015 -0.113981 -0.229005 -0.144310 0.121886 0.206454 0.311942 -0.121098 -0.220496 0.179136 -0.080330 -0.181253 
1.244147 -1.202755 0.350476 -0.344543 -0.184664 -0.267090 -0.144706 0.144099 0.231396 0.275794 -0.165983 -0.129645 0.195523 -0.120061 -0.218889 
1.218416 -1.161456 0.435452 -0.360129 -0.213166 -0.333127 -0.166883 0.165291 0.210036 0.246195 -0.133772 -0.038654 0.213863 -0.164959 -0.213879 
1.274559 -1.205048 0.541369 -0.287486 -0.309334 -0.374588 -0.153739 0.201749 0.127324 0.195547 -0.056503 0.035117 0.211734 -0.191433 -0.185789 
1.303796 -1.287105 0.743162 -0.323160 -0.335529 -0.354741 -0.189255 0.269971 0.026221 0.109738 0.022175 0.083795 0.162820 -0.189620 -0.054736 
1.397910 -1.279507 0.940588 -0.202713 -0.335899 -0.268618 -0.416535 0.396852 -0.060140 0.052758 0.053708 0.171247 0.151735 -0.253036 0.124870 
1.311753 -1.192613 0.952424 -0.276770 -0.333988 -0.266687 -0.426991 0.246655 -0.054177 0.033774 0.038161 0.199183 0.231773 -0.256648 0.162884 
1.230416 -1.122094 0.926286 -0.382065 -0.270422 -0.260071 -0.444056 0.218819 -0.074457 0.059645 0.031996 0.181727 0.252803 -0.235213 0.157956 
1.212949 -1.087790 0.905112 -0.458873 -0.279458 -0.235222 -0.406417 0.178925 -0.075795 0.074608 0.013205 0.210674 0.214330 -0.217726 0.163626 
1.120014 -0.978700 0.860581 -0.399356 -0.328381 -0.217999 -0.369208 0.130405 -0.033230 0.062356 0.025913 0.202088 0.179943 -0.180471 0.132925 
1.296693 -1.164098 1.017921 -0.414673 -0.323729 -0.140990 -0.444274 0.170859 -0.058032 0.128485 0.004274 0.121489 0.238218 -0.198283 0.135333 
1.168074 -0.999337 0.919365 -0.316447 -0.382084 -0.113260 -0.405657 0.139693 -0.050367 0.112581 0.034805 0.100642 0.205420 -0.160545 0.111422 
1.293541 -1.165550 1.024219 -0.390523 -0.359809 -0.113557 -0.368382 0.160506 -0.124917 0.114881 0.032628 0.095177 0.193678 -0.185747 0.154328 
1.256588 -1.134726 0.994260 -0.372057 -0.357169 -0.099181 -0.384557 0.187868 -0.128398 0.097960 0.056909 0.085099 0.181951 -0.188901 0.160970 
1.287748 -1.153315 1.001359 -0.357796 -0.349138 -0.109284 -0.384043 0.207455 -0.134894 0.117447 0.040002 0.096469 0.163125 -0.177744 0.150262 
1.331956 -1.165084 0.968034 -0.354862 -0.346338 -0.138950 -0.390628 0.211202 -0.122756 0.134668 0.038427 0.099036 0.188557 -0.194481 0.150056 
1.352693 -1.191033 0.989660 -0.445073 -0.314070 -0.152703 -0.371471 0.169020 -0.080108 0.114598 -0.004106 0.126848 0.215367 -0.221800 0.150912 
1.315910 -1.149831 0.917320 -0.445175 -0.293384 -0.161743 -0.384062 0.155408 -0.055877 0.133196 -0.032202 0.159305 0.199582 -0.196336 0.124506 
1.380718 -1.203138 0.918080 -0.426069 -0.295017 -0.156909 -0.420266 0.180903 -0.046883 0.148181 -0.043256 0.151535 0.225485 -0.212384 0.118227 
1.389125 -1.215106 0.951483 -0.455767 -0.272979 -0.172079 -0.406084 0.177974 -0.038375 0.144573 -0.056028 0.149414 0.243203 -0.241099 0.137346 
1.434961 -1.168569 0.902547 -0.296114 -0.324609 -0.142966 -0.431677 0.199977 -0.004164 0.123153 -0.048624 0.145384 0.224515 -0.232649 0.127622 
1.454512 -1.166268 0.930868 -0.234417 -0.260748 -0.159677 -0.399705 0.213153 -0.043470 0.102572 -0.113744 0.162285 0.212421 -0.239609 0.141600 
1.506564 -1.070057 0.865575 -0.139768 -0.261859 -0.141237 -0.384752 0.134987 -0.046535 0.018239 -0.149365 0.191558 0.208689 -0.250387 0.183016 
1.515733 -0.883910 0.794094 -0.120375 -0.193366 -0.209977 -0.352367 0.059397 -0.070465 -0.035442 -0.220340 0.262678 0.170703 -0.244439 0.217046 
1.461940 -0.650072 0.678655 0.116639 -0.225566 -0.213502 -0.327829 -0.021434 -0.065233 -0.077904 -0.274732 0.238580 0.169479 -0.248138 0.210975 
1.351364 -0.255216 0.481842 0.155303 -0.087369 -0.221418 -0.234591 -0.031546 -0.003240 -0.085953 -0.317178 0.238321 0.089589 -0.237658 0.174297 
0.714864 -0.203736 0.726225 0.218666 0.125181 -0.184866 -0.039867 0.163554 -0.089943 -0.080455 -0.043517 0.057693 -0.020988 -0.088669 0.068634 
0.426476 -0.303512 0.409479 -0.087045 -0.043748 -0.052240 0.006481 0.028816 -0.066917 -0.083253 0.008659 0.086257 -0.065747 -0.040218 0.087322 
0.253049 -0.517752 0.220149 -0.053989 -0.098281 0.093670 -0.077355 -0.063053 0.001222 0.071181 -0.087435 0.072901 0.001671 -0.084870 0.104363 
-0.013669 -0.671603 0.120466 0.039988 -0.069498 -0.001785 -0.027441 0.006807 0.048925 -0.066407 0.032962 -0.010409 0.040600 -0.072554 0.042274 
-0.049434 -0.783402 -0.026588 0.007326 -0.044108 0.050053 -0.037737 0.063488 0.031230 -0.031593 -0.054460 0.017385 0.058034 -0.080395 0.066558 
-0.375376 -1.106449 0.122789 -0.010371 -0.117405 0.119910 0.040307 0.086163 -0.084945 -0.028834 -0.106606 0.173715 -0.008882 -0.098626 0.093866 
-0.084730 -1.049758 -0.055043 0.003022 -0.086019 -0.065181 -0.065983 0.198021 0.066476 -0.094785 -0.049136 0.037183 0.036351 -0.088728 0.064977 
-0.222230 -1.069915 0.127750 -0.177437 -0.129213 -0.005899 -0.041728 0.038231 0.150661 0.065384 -0.118885 -0.051845 0.038635 -0.019628 0.019614 
-0.230682 -1.119541 0.008401 -0.121231 0.110351 0.015201 -0.071007 0.072116 0.026048 -0.026074 -0.056721 0.054740 -0.007340 -0.042397 0.087862 
-0.132531 -0.877381 0.155760 -0.248928 0.013304 -0.024403 -0.062441 0.036259 0.113393 -0.036552 -0.056145 0.043759 0.038790 -0.128443 0.105922 
-0.070906 -1.301389 0.195824 -0.129840 -0.209290 -0.023515 0.032015 0.122495 0.115315 -0.099848 -0.015365 0.001152 -0.007041 -0.074515 0.082830 
-0.002866 -1.424272 0.035299 -0.266331 0.069987 0.088032 0.086414 0.041376 -0.016891 -0.106104 -0.082235 0.138150 0.061381 -0.104024 0.020446 
0.096643 -1.133914 0.073780 -0.188134 0.019227 -0.185314 0.007678 0.149543 0.099748 -0.060790 -0.039094 -0.021366 0.059571 -0.064722 0.001303 
0.327033 -1.136395 -0.044354 -0.322131 0.029883 -0.117416 0.083892 0.271490 0.111246 -0.093787 -0.243947 -0.011577 0.110208 -0.042258 0.064804 
0.322241 -0.934897 0.279625 -0.083146 -0.028896 -0.027033 -0.095735 0.014036 0.084399 -0.109495 0.013387 0.016987 0.136942 -0.168962 0.026719 
0.533048 -0.637546 0.428349 -0.220558 -0.081664 -0.040471 0.067364 0.074026 -0.069413 -0.146572 0.060312 0.095789 -0.048241 -0.096596 0.149491 
1.209423 -0.667516 0.655277 0.062761 0.063026 -0.214766 -0.264088 -0.091116 -0.046044 0.009596 -0.268284 -0.042058 0.212301 -0.098263 -0.021785 
1.343322 -0.785662 0.723111 0.203416 0.022750 -0.223170 -0.340696 -0.017025 -0.187914 0.028795 -0.290137 -0.145573 0.269244 -0.111960 -0.036415 
1.462731 -0.828249 0.820785 0.167294 -0.072789 -0.139022 -0.451013 0.058337 -0.238894 0.020854 -0.197737 -0.180142 0.257543 -0.049973 -0.056161 
1.469670 -0.795899 0.791224 0.073605 0.015805 -0.209834 -0.439090 0.060955 -0.259612 -0.020889 -0.175279 -0.236833 0.300103 -0.043502 -0.110560 
1.408501 -0.806304 0.802051 0.118637 -0.020516 -0.201802 -0.409292 -0.013661 -0.218167 -0.049888 -0.140760 -0.255814 0.267727 -0.002494 -0.112429 
1.488338 -0.826510 0.831673 0.119704 -0.061184 -0.183302 -0.438213 0.078633 -0.313092 -0.048057 -0.092949 -0.279542 0.278384 -0.017774 -0.102609 
1.451776 -0.809755 0.859698 0.112933 -0.065989 -0.175633 -0.443203 0.104863 -0.311268 -0.065439 -0.093805 -0.257681 0.266140 -0.034165 -0.100346 
1.376692 -0.759938 0.811881 0.139219 -0.046794 -0.164038 -0.447883 0.101547 -0.301120 -0.065883 -0.098712 -0.281769 0.274884 -0.034687 -0.124173 
1.425582 -0.833133 0.890545 0.138235 -0.052118 -0.132112 -0.492609 0.145319 -0.331301 -0.036221 -0.110601 -0.295175 0.287217 -0.045142 -0.126726 
1.324059 -0.701296 0.833582 0.137274 -0.046940 -0.153119 -0.470586 0.110614 -0.287196 -0.080073 -0.088800 -0.318107 0.308348 -0.039400 -0.163807 
1.313789 -0.734558 0.857955 0.169962 -0.029644 -0.173945 -0.499816 0.134327 -0.313812 -0.041691 -0.126371 -0.322720 0.310914 -0.015908 -0.176478 
1.265434 -0.611429 0.772643 0.150460 -0.023142 -0.187814 -0.428463 0.042362 -0.266468 -0.087055 -0.097173 -0.330156 0.297240 -0.026386 -0.162852 
1.259889 -0.623289 0.858393 0.129734 -0.010514 -0.171497 -0.480007 0.034887 -0.259078 -0.058320 -0.108110 -0.335624 0.284257 0.014430 -0.145007 
1.219953 -0.629847 0.833973 0.186821 -0.067100 -0.123518 -0.557908 0.075249 -0.280841 -0.058922 -0.087692 -0.371235 0.301415 0.042966 -0.153356 
1.210231 -0.516405 0.767067 0.226827 -0.085946 -0.185889 -0.497279 0.013690 -0.241549 -0.080621 -0.083846 -0.376586 0.336721 0.055768 -0.199016 
1.180049 -0.272205 0.695012 0.277097 -0.119986 -0.150431 -0.465155 -0.061457 -0.201935 -0.091265 -0.053396 -0.369763 0.290558 0.093647 -0.183409 
1.084192 -0.145697 0.397733 0.476069 -0.100655 -0.316082 -0.274854 -0.139753 -0.158568 -0.054630 -0.176422 -0.289161 0.263810 0.078587 -0.208256 
0.670286 0.312357 0.613352 0.352738 0.026478 -0.225751 -0.341729 -0.091556 -0.154987 0.029521 -0.196507 -0.229415 0.276178 0.054698 -0.165628 
0.340231 0.287064 0.177059 0.123778 -0.153640 -0.105867 -0.123872 -0.272667 -0.185248 0.019740 -0.034894 -0.098765 0.071671 0.037282 0.021042 
0.582680 0.200373 0.568208 0.316990 -0.104128 -0.253310 -0.279235 -0.140380 -0.221118 0.025883 -0.223608 -0.174443 0.256857 -0.036030 -0.085708 
