city011_031
MARUNOUCHI
99
-0.537429 0.154232 0.057929 0.148801 -0.074549 0.046055 -0.007287 -0.014199 0.058115 0.017246 -0.053846 0.012096 0.028948 -0.012757 -0.017028 
-0.254203 0.167176 0.228069 0.284168 -0.019071 0.053713 -0.026382 0.034288 0.036904 0.037697 -0.031034 -0.020820 0.059143 -0.009423 -0.024554 
0.331549 0.555791 0.432437 0.446792 -0.029015 0.155891 -0.013219 -0.083416 -0.091904 -0.047637 -0.069114 -0.095838 -0.147807 0.040543 -0.082929 
0.562674 -0.229046 0.668295 0.464430 -0.202890 0.203591 -0.104861 -0.387528 -0.074604 0.041874 -0.221392 -0.252214 0.011442 -0.058174 -0.062279 
0.936534 -0.405382 0.774479 0.360498 -0.244332 0.227932 -0.149304 -0.336156 -0.111134 0.039101 -0.168144 -0.299869 0.135427 -0.152168 -0.003235 
0.892282 -0.413196 0.748723 0.353637 -0.240638 0.229677 -0.213708 -0.354339 -0.074043 0.069430 -0.206490 -0.270188 0.124168 -0.093144 -0.021783 
1.117287 -0.630774 0.788767 0.313208 -0.305396 0.191654 -0.148580 -0.344073 -0.061558 0.061866 -0.160577 -0.230082 0.169287 -0.114207 -0.001327 
1.610072 -0.951620 0.398355 -0.235666 -0.205705 0.237254 -0.088832 -0.207946 -0.285671 0.038988 0.103057 -0.096582 0.225437 -0.062150 -0.160934 
1.522480 -1.248174 0.271646 -0.646449 -0.095862 0.198600 -0.131042 0.014903 -0.259865 0.265864 0.171759 -0.177879 0.178444 -0.101359 -0.136818 
1.366677 -1.285476 0.188512 -0.743301 -0.002786 0.204773 -0.064521 -0.030431 -0.141260 0.257284 0.207765 -0.224702 0.001171 -0.028728 -0.145214 
1.306626 -1.270825 0.176680 -0.786169 0.052573 0.242517 -0.001088 -0.028323 -0.121501 0.240875 0.135970 -0.242517 -0.019359 -0.016495 -0.081933 
1.225634 -1.176372 0.177012 -0.846777 0.086716 0.252690 0.032198 -0.030367 -0.108188 0.258901 0.101446 -0.234110 -0.069672 -0.018045 -0.051779 
1.268965 -1.208599 0.172593 -0.841140 0.102884 0.183315 0.017210 -0.063960 -0.048620 0.275384 0.105421 -0.257930 -0.061754 -0.004130 -0.088165 
1.240805 -1.241507 0.155225 -0.796880 0.101162 0.098703 -0.048965 -0.054090 0.003847 0.311235 0.106447 -0.273637 -0.040477 -0.013095 -0.091225 
1.196571 -1.306264 0.159953 -0.690837 0.037038 0.006542 -0.085705 -0.008919 0.089079 0.302327 0.104395 -0.316080 -0.018145 0.015396 -0.104915 
1.237201 -1.329725 0.277456 -0.717149 0.065604 -0.113827 -0.071886 -0.011946 0.190842 0.270233 0.068002 -0.328740 0.032573 0.023753 -0.148068 
1.300461 -1.231955 0.331128 -0.624212 0.060346 -0.150358 -0.145532 0.001471 0.214246 0.289711 -0.045859 -0.271332 0.117652 0.006836 -0.141010 
1.331771 -1.159231 0.423487 -0.512748 0.058499 -0.223431 -0.286136 0.065879 0.118213 0.312358 -0.091731 -0.182776 0.243170 -0.050696 -0.086141 
1.405870 -1.133642 0.544987 -0.443069 0.055484 -0.251527 -0.425963 0.113750 0.089106 0.204100 -0.075647 -0.057498 0.244218 -0.040724 -0.050730 
1.477279 -1.128611 0.677766 -0.209832 0.174191 -0.105492 -0.654068 0.263868 -0.050228 -0.043310 -0.071642 -0.038941 0.242593 -0.114163 0.044604 
1.016407 -0.469204 0.544183 0.317278 0.088410 0.048138 -0.291597 -0.067941 -0.018095 -0.160354 -0.137526 -0.165717 0.131231 -0.154305 -0.095132 
1.321602 -1.124946 0.673582 0.218632 0.072654 -0.073783 -0.574106 0.195516 -0.091769 -0.296678 0.082496 -0.086338 0.049183 -0.059782 0.037978 
1.294422 -1.111373 0.865097 -0.084474 0.065064 -0.138813 -0.587060 0.099267 -0.090347 -0.079881 -0.127603 -0.051968 0.237048 -0.057727 -0.009050 
1.339462 -1.185033 0.913762 -0.172801 -0.001175 -0.173154 -0.530564 0.020150 -0.012902 -0.064537 -0.068266 -0.027455 0.208666 0.026859 -0.010429 
1.305202 -1.086817 0.888354 -0.254706 0.027228 -0.221044 -0.533614 0.037401 -0.008678 0.004605 -0.069244 -0.057183 0.288728 0.015893 -0.042444 
1.300682 -1.036527 0.871243 -0.270905 0.025211 -0.165938 -0.562222 0.061998 -0.060602 0.026157 -0.071341 -0.098419 0.324862 -0.013751 -0.048340 
1.414776 -1.098025 0.919213 -0.313744 0.043011 -0.142014 -0.533235 0.031123 -0.093461 0.055288 -0.069319 -0.114814 0.287384 0.014396 -0.043364 
1.457390 -1.102034 0.941571 -0.289148 0.017735 -0.051535 -0.579126 0.032607 -0.100290 0.065056 -0.057593 -0.171906 0.284403 0.027661 -0.042394 
1.483271 -1.059031 0.923417 -0.258426 0.022329 0.016372 -0.621424 0.017821 -0.082731 0.076355 -0.067939 -0.232276 0.306044 0.029328 -0.056624 
1.567109 -1.067052 0.951488 -0.240629 0.012025 0.058724 -0.669613 0.068687 -0.105104 0.088459 -0.087791 -0.233825 0.318466 0.002704 -0.062200 
1.454434 -0.963278 0.898289 -0.261653 0.013717 0.059742 -0.609675 0.009247 -0.082907 0.005305 -0.081733 -0.205056 0.294714 -0.010368 -0.080974 
1.550072 -0.992140 0.929738 -0.212392 -0.076029 0.131981 -0.656786 0.073294 -0.132055 0.026625 -0.044866 -0.232033 0.311976 -0.033223 -0.067728 
1.503076 -0.920155 0.852866 -0.304451 0.065835 0.009800 -0.575526 0.024670 -0.102985 0.102720 -0.100048 -0.202047 0.259536 0.051584 -0.098232 
1.498886 -0.819591 0.786346 -0.316946 0.056473 -0.030143 -0.528757 -0.036056 -0.062878 0.076442 -0.063473 -0.210153 0.262796 0.067847 -0.102588 
1.510939 -0.818984 0.771231 -0.264739 0.043504 -0.055872 -0.470961 -0.048999 -0.056576 0.050186 -0.066671 -0.221600 0.291731 0.027959 -0.110211 
1.522628 -0.845352 0.766700 -0.238502 0.033071 -0.024106 -0.465123 -0.025395 -0.102068 0.042961 -0.097514 -0.184343 0.260868 0.009343 -0.111450 
1.578776 -0.877514 0.743643 -0.220624 0.073852 -0.051601 -0.396971 -0.082157 -0.112610 0.037677 -0.176385 -0.143418 0.238621 -0.022629 -0.080379 
1.666872 -0.940007 0.718744 -0.092835 0.027668 -0.034786 -0.332341 -0.136587 -0.140974 0.086907 -0.277015 -0.086324 0.238202 -0.121957 0.003414 
1.285208 -0.718820 1.065959 0.080645 -0.276258 0.298439 -0.402359 -0.263428 -0.054637 0.092322 -0.241993 -0.160179 0.170880 -0.085014 0.007222 
1.321303 -0.777897 1.055507 0.052810 -0.392573 0.432375 -0.456967 -0.263726 -0.069763 0.019421 -0.174847 -0.170688 0.153712 -0.091038 -0.005965 
1.234922 -0.699985 0.998743 0.054062 -0.374514 0.424111 -0.424924 -0.324686 -0.040449 0.014948 -0.179188 -0.159743 0.131649 -0.076363 -0.013414 
1.207753 -0.743136 0.994492 -0.014353 -0.279741 0.380109 -0.380882 -0.385735 -0.057365 0.043206 -0.183391 -0.160722 0.105878 -0.074784 0.003082 
1.211396 -0.702471 0.887474 0.027952 -0.330747 0.487909 -0.391426 -0.427162 -0.059921 -0.002881 -0.107295 -0.210863 0.117561 -0.119039 0.004891 
1.618519 -1.029740 0.660826 -0.444944 0.019200 0.170680 -0.558007 -0.075556 -0.122678 0.125089 0.016368 -0.157421 0.196354 0.037164 -0.037513 
1.765841 -1.103700 0.487596 -0.354664 0.021793 0.201232 -0.465641 -0.029294 -0.308403 0.238307 0.084076 -0.201358 0.247090 -0.116120 -0.014717 
1.643607 -1.107514 0.450757 -0.487033 0.053102 0.146555 -0.330648 -0.024101 -0.336941 0.123491 0.075931 -0.108945 0.286827 -0.103158 -0.100151 
1.584160 -1.077410 0.451995 -0.559815 0.009471 0.169057 -0.212213 -0.063966 -0.427811 0.080011 0.109865 -0.038005 0.317076 -0.132593 -0.132904 
1.653401 -1.053607 0.363860 -0.543920 -0.058000 0.243535 -0.163658 -0.088810 -0.349175 0.036536 0.086206 0.006555 0.315435 -0.142310 -0.123778 
1.650131 -1.004977 0.346135 -0.627392 -0.004445 0.154370 -0.168887 -0.041024 -0.207971 -0.061650 0.000553 0.017360 0.312256 -0.033317 -0.097419 
1.633887 -0.945832 0.441456 -0.640796 -0.075938 0.084825 -0.090609 0.066709 -0.202091 -0.120179 -0.077119 -0.006428 0.322452 0.004726 -0.062863 
1.644547 -0.902274 0.454488 -0.637505 -0.116328 0.076905 -0.102046 0.095186 -0.164495 -0.160403 -0.148379 -0.001993 0.317438 0.043297 -0.046278 
1.630916 -0.829838 0.408160 -0.649085 -0.093799 0.116330 -0.142269 0.095249 -0.123659 -0.139947 -0.143331 -0.076839 0.336648 0.048877 -0.077519 
1.721031 -0.848314 0.461455 -0.649827 -0.107180 0.103800 -0.132584 0.093491 -0.114569 -0.105436 -0.173903 -0.093750 0.319017 0.027881 -0.043486 
1.859286 -0.801170 0.444198 -0.635311 -0.120913 0.229680 -0.259134 0.129552 -0.169152 -0.059802 -0.150695 -0.187343 0.362857 -0.005712 -0.031442 
1.838774 -0.813534 0.497960 -0.642058 -0.101655 0.203499 -0.181896 0.092635 -0.215530 -0.036221 -0.173881 -0.155625 0.342064 -0.004628 -0.036046 
1.874398 -0.786620 0.476091 -0.591597 -0.135716 0.221878 -0.133080 0.110047 -0.311887 -0.006425 -0.173186 -0.138420 0.369911 -0.046111 -0.015122 
1.882285 -0.701460 0.547278 -0.624529 -0.189827 0.202551 -0.044908 0.079481 -0.371370 -0.024216 -0.166220 -0.184571 0.399451 -0.040450 0.012390 
1.899268 -0.525890 0.501152 -0.543718 -0.304973 0.246417 0.015317 -0.083119 -0.306286 -0.031213 -0.147041 -0.159360 0.337603 -0.001454 -0.040481 
1.852925 -0.403519 0.416706 -0.413957 -0.320007 0.359670 -0.062547 -0.134944 -0.400192 -0.026515 -0.049074 -0.161621 0.353531 -0.025803 -0.120594 
1.841541 -0.498490 0.399428 -0.427840 -0.170551 0.330155 -0.061576 -0.203058 -0.424083 -0.114423 0.057722 -0.191868 0.328896 -0.003421 -0.183736 
1.759491 -0.492628 0.404512 -0.258109 -0.045406 0.360966 -0.338695 -0.166125 -0.492470 0.079076 0.160438 -0.253413 0.172045 -0.088076 -0.138511 
1.584176 -0.594932 0.560922 -0.090198 0.040557 0.226492 -0.479731 -0.166617 -0.284847 0.103124 0.106164 -0.394560 0.121345 0.036866 -0.031089 
1.304399 -0.859232 0.880902 0.054363 -0.065080 0.093346 -0.326626 -0.022105 -0.380282 -0.065247 0.041094 -0.348509 0.136647 -0.055067 -0.095185 
0.913445 -0.613957 1.210645 0.243352 -0.154895 0.000774 -0.233454 0.200114 -0.435061 -0.023013 -0.064428 -0.279982 0.146831 -0.204522 -0.052490 
0.854169 -0.105302 0.539463 0.279848 -0.044551 -0.022390 -0.159744 -0.187675 -0.283850 -0.023657 -0.157272 -0.337989 0.208325 -0.250032 0.008508 
0.845324 0.110598 0.032316 0.407200 0.000336 0.144262 -0.239929 -0.361519 -0.105043 0.031802 -0.230565 -0.079328 -0.061920 -0.091868 0.040998 
0.332516 0.193492 0.170332 0.096289 -0.095143 0.223299 0.067117 -0.269891 0.019462 -0.021779 -0.023189 -0.061143 0.085800 -0.077477 -0.055163 
0.000579 -0.116855 0.059060 -0.098645 -0.099999 0.353268 0.004777 -0.214160 -0.052068 0.105627 -0.022990 0.001772 0.047842 -0.050762 -0.075452 
-0.328246 -0.154256 -0.081557 0.007682 -0.031924 0.315505 0.178519 -0.021175 -0.040087 -0.029434 -0.012860 -0.008269 0.138427 0.009214 -0.076477 
-0.200957 0.002415 0.043052 -0.024937 -0.108245 0.304002 0.055940 -0.070781 -0.098111 0.134698 -0.052436 -0.020231 0.066015 -0.015842 -0.060732 
-0.231650 -0.703540 0.178309 -0.283871 0.059953 0.035593 -0.038462 0.020198 -0.031536 0.038621 -0.005740 0.016480 -0.031795 -0.015363 0.053878 
-0.112365 -0.998789 0.206292 -0.069505 0.101280 -0.159640 -0.076540 0.125241 -0.084922 0.076368 0.042177 -0.069735 -0.044405 0.059976 0.060649 
-0.936684 -0.358884 0.447758 -0.389853 0.083982 -0.176901 0.104393 -0.146365 0.098639 0.069877 -0.111696 0.065429 0.031146 -0.094174 0.078554 
-0.735355 -0.347044 0.683275 -0.252817 0.104081 -0.178334 -0.039156 -0.030404 -0.001828 0.063794 -0.100102 0.022196 0.074559 -0.059514 0.011448 
-0.676383 -0.296824 0.355987 -0.326872 0.230989 -0.033980 0.064238 -0.089051 0.006593 0.103908 -0.141434 0.072336 0.048875 -0.109595 0.076750 
-0.713621 -0.400794 0.492329 -0.367095 0.246234 -0.153511 -0.055126 -0.094406 0.086665 0.042387 -0.080318 0.027828 0.043774 -0.088441 0.084459 
-0.797573 -0.783998 0.420500 -0.473602 0.200935 -0.162022 0.076212 0.046042 -0.087346 0.140408 -0.101858 0.014441 0.029451 -0.064033 0.086895 
-0.552022 -0.609437 0.573199 -0.506881 0.108841 -0.169915 0.109581 -0.002622 0.001420 0.046415 -0.098807 0.087062 0.030656 -0.151870 0.126094 
-0.833361 -0.657196 0.698912 -0.518542 0.294517 0.071016 0.180547 -0.216846 -0.023160 0.136845 -0.133828 0.114192 0.039874 -0.171067 0.136710 
-0.575711 -0.508449 0.848236 -0.515602 -0.024544 -0.120461 0.082756 -0.097718 -0.020581 0.080489 -0.048894 0.062368 -0.013342 -0.083466 0.151198 
-0.092669 -0.339687 1.021809 -0.430297 -0.013355 -0.058623 0.132400 -0.003740 -0.134257 0.040970 -0.001695 0.057837 -0.096750 -0.052867 0.229349 
0.396277 -0.368044 1.304374 -0.124529 -0.066441 0.009801 -0.127807 -0.077384 -0.251158 -0.157888 -0.048198 -0.100152 -0.145312 -0.061238 0.119449 
0.716807 -0.418901 1.455530 -0.079588 -0.246977 0.205956 -0.221017 0.025069 -0.278367 -0.134822 -0.041983 -0.116756 -0.104775 -0.148716 0.200688 
0.660811 -0.482253 1.438431 -0.009206 -0.278641 0.267748 -0.275423 0.012815 -0.213906 -0.207849 -0.016396 -0.114648 -0.144025 -0.090070 0.126275 
0.622633 -0.523230 1.555771 -0.082412 -0.306767 0.297010 -0.347270 0.014268 -0.226537 -0.238673 -0.013013 -0.133252 -0.132869 -0.097043 0.135286 
0.629651 -0.539485 1.621346 -0.122077 -0.286484 0.249453 -0.322003 0.008896 -0.260862 -0.196149 -0.034600 -0.135480 -0.118769 -0.085632 0.129121 
0.662721 -0.560253 1.624668 -0.141879 -0.302217 0.312392 -0.390054 0.066354 -0.270406 -0.235794 0.052375 -0.193094 -0.124819 -0.025408 0.095032 
0.561546 -0.471500 1.577604 -0.198215 -0.221414 0.263412 -0.331485 0.030794 -0.244171 -0.275568 0.077868 -0.200159 -0.158659 -0.011658 0.090823 
0.422866 -0.396074 1.570424 -0.164656 -0.230398 0.266045 -0.345201 0.047865 -0.245260 -0.254393 0.061579 -0.186608 -0.155816 0.004023 0.062034 
0.361609 -0.301135 1.560716 -0.107808 -0.286866 0.290207 -0.349344 0.030475 -0.227918 -0.280631 0.081142 -0.209729 -0.155321 0.027614 0.031052 
0.362581 -0.197635 1.471366 -0.039235 -0.338587 0.299888 -0.345572 0.007456 -0.219439 -0.305472 0.104135 -0.243626 -0.130775 0.006705 0.051488 
0.420114 -0.248013 1.481089 -0.089738 -0.302904 0.314333 -0.391908 0.052695 -0.270897 -0.278651 0.090119 -0.261539 -0.120482 0.004213 0.037040 
0.039794 0.095199 1.471097 -0.041235 -0.264263 0.166467 -0.279902 -0.021206 -0.253426 -0.330469 0.108679 -0.223965 -0.226779 0.104837 0.012132 
0.425365 0.012835 1.100301 0.043101 -0.225917 0.197982 -0.246086 -0.025480 -0.149738 -0.264560 0.095793 -0.188514 -0.134541 0.061400 -0.012387 
0.246031 0.066647 1.237454 -0.008584 -0.191763 0.124335 -0.244664 -0.022820 -0.270959 -0.301043 0.086068 -0.242615 -0.204251 0.064413 0.029794 
-0.227031 0.179017 0.949334 -0.062221 -0.000030 0.176728 -0.335293 -0.024698 -0.206881 -0.168315 -0.025949 -0.205698 -0.061249 -0.039379 0.026954 
0.114091 0.454739 0.645562 0.174953 -0.188105 0.106522 -0.134728 -0.052385 -0.134211 -0.189740 0.019955 -0.095687 -0.120003 -0.002658 0.041034 
0.184290 0.576837 0.787696 0.144924 -0.202161 0.049732 -0.151814 -0.053480 -0.286931 -0.206307 0.010517 -0.221805 -0.118701 -0.021141 0.028362 
-0.249928 0.321371 0.329246 0.209152 0.101503 -0.037351 -0.281589 -0.163422 -0.031938 -0.131719 -0.043518 -0.190778 0.022315 -0.001780 0.004551 
