city011_093
JUUMONJI
97
0.137342 -0.093482 0.319934 0.052867 0.086915 -0.228851 -0.358894 -0.182063 -0.101031 0.074329 -0.124726 -0.123352 0.195087 -0.036955 0.168807 
-0.172308 0.011617 0.411017 -0.080275 0.412002 -0.237918 -0.288539 -0.243322 -0.088630 0.085690 -0.129055 -0.186279 0.048780 -0.011302 0.206535 
-0.506032 -0.223082 0.406026 -0.390691 0.490512 -0.218161 0.015093 0.011688 -0.092239 0.076778 0.023930 -0.065423 0.053851 -0.082467 0.127995 
-0.876967 -0.456320 0.433376 -0.413590 0.483648 -0.208017 0.019075 0.250134 -0.185862 0.004980 0.006411 -0.016366 0.154887 -0.190566 0.088776 
-0.774053 -0.581753 0.309137 -0.712625 0.305532 -0.210077 0.177998 0.086652 -0.065490 0.099859 -0.142671 -0.042194 0.157731 -0.161698 0.127095 
-0.487979 -0.543431 0.405992 -0.674974 0.250392 -0.130193 0.075139 0.045405 -0.025918 0.063579 -0.053109 -0.066207 0.152914 -0.185135 0.151243 
-0.418583 -0.722404 0.533458 -0.627465 0.220507 -0.005667 0.180102 0.053174 -0.091896 -0.097338 0.050223 -0.032062 0.115265 -0.103956 0.096683 
-0.001656 -0.447390 0.700515 -0.370154 0.246235 -0.076031 0.178804 0.105284 -0.041334 0.041743 -0.074476 0.047103 0.131912 -0.210333 0.157687 
0.469487 -0.487151 1.272681 -0.179533 0.077489 -0.196598 -0.090063 0.057260 -0.217911 -0.052253 -0.053658 -0.106614 0.190894 -0.288202 0.150486 
0.712832 -0.768517 1.382205 -0.098918 -0.042507 -0.097465 -0.225150 0.105836 -0.266727 -0.190528 0.036327 -0.172878 0.147683 -0.274605 0.142408 
0.824907 -0.831819 1.575343 -0.144460 -0.106812 -0.101446 -0.213353 0.081052 -0.277163 -0.220774 0.040752 -0.141629 0.074310 -0.216598 0.110992 
0.979676 -0.958519 1.565159 -0.014974 -0.202682 0.036316 -0.260642 0.096777 -0.298765 -0.236031 0.087543 -0.258101 0.092625 -0.195155 0.039637 
0.943585 -1.030579 1.560090 -0.019383 -0.175599 0.034573 -0.229034 0.011197 -0.263853 -0.239143 0.057758 -0.264068 0.074445 -0.178325 0.049363 
1.061345 -1.129884 1.574723 -0.115449 -0.122982 0.023888 -0.227243 -0.020205 -0.257730 -0.210837 0.040231 -0.246441 0.057255 -0.117734 0.003751 
0.958254 -1.024237 1.473084 -0.127438 -0.097389 -0.048038 -0.166206 -0.056987 -0.249399 -0.202986 0.052928 -0.227586 0.043173 -0.074406 -0.029926 
0.918584 -1.036880 1.424877 -0.109961 -0.044819 -0.184493 -0.074505 -0.077029 -0.261504 -0.166286 0.035115 -0.177278 0.015300 -0.053192 -0.004299 
1.001936 -1.097556 1.372977 -0.123242 0.013466 -0.217944 -0.045832 -0.112444 -0.264544 -0.166191 0.037185 -0.171279 -0.012959 -0.028292 -0.032992 
0.985931 -1.129942 1.358400 -0.100221 0.008090 -0.197378 -0.082046 -0.122693 -0.248802 -0.170770 0.049073 -0.210911 0.028463 -0.049318 0.000876 
0.962261 -1.073209 1.329975 -0.082963 -0.015470 -0.229836 -0.080439 -0.099212 -0.254715 -0.134045 0.023677 -0.188409 0.048804 -0.031175 -0.015831 
0.997748 -1.094904 1.321108 -0.101573 0.021186 -0.272972 -0.093508 -0.052008 -0.258925 -0.124801 0.011159 -0.151146 0.043455 -0.012161 -0.047790 
0.984802 -1.088405 1.255561 -0.051063 0.033012 -0.286182 -0.120812 -0.025193 -0.267200 -0.136832 -0.012712 -0.122260 0.043439 -0.047994 -0.030801 
1.001709 -1.153535 1.267580 -0.066774 0.065077 -0.274378 -0.147860 -0.044261 -0.257923 -0.160676 -0.001214 -0.149832 0.059728 -0.072536 -0.011569 
1.028497 -1.133276 1.325898 -0.069579 0.017964 -0.248435 -0.176108 -0.061096 -0.222439 -0.154516 -0.021976 -0.172331 0.092673 -0.041326 -0.035629 
1.034387 -1.087247 1.304831 -0.049504 0.010756 -0.278117 -0.177942 -0.037384 -0.228329 -0.135316 -0.060422 -0.132085 0.086430 -0.016907 -0.075771 
1.042012 -1.073902 1.322341 -0.032540 0.000748 -0.284831 -0.217893 0.000947 -0.218493 -0.167048 -0.067926 -0.132049 0.128605 -0.046876 -0.073911 
1.009816 -1.100891 1.371902 -0.024955 0.038171 -0.325351 -0.224602 -0.006029 -0.196184 -0.205249 -0.101445 -0.131893 0.151452 -0.067873 -0.095257 
0.980980 -1.092569 1.319017 0.032138 0.026960 -0.310865 -0.243773 -0.031319 -0.154720 -0.215754 -0.124666 -0.135414 0.155744 -0.042490 -0.155580 
1.109536 -1.185068 1.284989 0.031743 0.046026 -0.253059 -0.294676 -0.036327 -0.141426 -0.210491 -0.124122 -0.173886 0.180527 -0.071363 -0.112297 
1.175189 -1.182700 1.288546 0.022354 0.023001 -0.199877 -0.363552 0.003411 -0.160727 -0.173184 -0.091154 -0.249976 0.251641 -0.092112 -0.077714 
1.162913 -1.117814 1.265865 0.035307 -0.005694 -0.153089 -0.404526 0.016128 -0.169592 -0.132195 -0.097072 -0.257937 0.228486 -0.024324 -0.123691 
1.171995 -1.065923 1.221159 0.048106 -0.004676 -0.135021 -0.418130 -0.000962 -0.151833 -0.148648 -0.053456 -0.325193 0.268218 -0.039156 -0.095734 
1.198785 -1.046808 1.178327 0.027932 0.019930 -0.120818 -0.437513 -0.006596 -0.171827 -0.095794 -0.068365 -0.339083 0.262961 -0.005207 -0.118751 
1.254650 -1.050615 1.156138 -0.019302 0.062683 -0.110423 -0.436464 -0.048958 -0.147501 -0.088227 -0.052392 -0.361573 0.248654 0.028743 -0.128080 
1.287617 -0.959806 1.070909 -0.126910 0.152469 -0.135816 -0.375664 -0.138393 -0.100051 -0.092341 -0.021207 -0.371092 0.242102 0.029197 -0.102375 
1.381981 -0.963584 1.005013 -0.189749 0.182480 -0.099311 -0.379981 -0.137205 -0.168884 -0.022040 -0.024443 -0.347378 0.215431 0.006712 -0.028364 
1.423633 -0.860150 0.857565 -0.178908 0.125226 -0.016036 -0.346781 -0.190741 -0.185780 -0.005638 0.019254 -0.320970 0.166812 0.016140 -0.035079 
1.545252 -0.807165 0.753727 -0.198549 0.083300 0.068876 -0.283481 -0.204060 -0.263024 -0.021206 0.081374 -0.352219 0.214196 -0.066823 -0.053587 
1.609432 -0.793667 0.620063 -0.152298 -0.032774 0.246915 -0.217475 -0.167073 -0.411289 -0.093646 0.134589 -0.349245 0.287508 -0.174836 -0.114857 
1.652978 -0.737265 0.649556 0.054680 -0.220613 0.309743 -0.062566 -0.292563 -0.220614 -0.129876 0.109299 -0.372007 0.276072 -0.189490 -0.093143 
1.314610 -0.713076 0.982882 0.292003 -0.439487 0.333830 -0.229193 -0.326045 -0.142228 -0.052366 -0.089440 -0.363210 0.208382 -0.157934 -0.046461 
1.204760 -0.644810 0.984535 0.282528 -0.393838 0.271647 -0.174742 -0.424554 -0.023013 -0.072156 -0.100593 -0.317723 0.163684 -0.090526 -0.054766 
1.299012 -0.801109 1.095002 0.198914 -0.359244 0.285201 -0.251120 -0.348108 -0.067514 -0.033735 -0.136768 -0.307092 0.208963 -0.154564 0.001620 
1.109865 -0.658446 1.059486 0.221941 -0.390283 0.322800 -0.275333 -0.356753 -0.050719 -0.019648 -0.165594 -0.279147 0.183167 -0.115715 -0.039760 
1.177275 -0.715652 1.113254 0.134659 -0.401284 0.381144 -0.296946 -0.324757 -0.086920 -0.036449 -0.148893 -0.268654 0.191308 -0.178118 0.016978 
1.383903 -0.697277 1.010527 -0.097918 -0.380429 0.358470 -0.208921 -0.299753 -0.098397 -0.006086 -0.070949 -0.199839 0.224761 -0.172820 0.035113 
1.819209 -0.798735 0.492126 -0.624683 -0.153753 0.071434 0.005734 0.124829 -0.142399 -0.073184 -0.077774 -0.237814 0.388721 -0.104757 0.044227 
1.769810 -1.016489 0.432734 -0.706778 -0.207603 0.069672 0.002539 0.175160 -0.065254 -0.100292 -0.034481 -0.187919 0.355222 -0.095948 0.053804 
1.837151 -1.131827 0.387315 -0.711651 -0.250941 0.119161 -0.025974 0.205684 -0.126975 -0.064560 0.056434 -0.200817 0.392384 -0.159179 0.050475 
1.772376 -1.107850 0.363346 -0.738824 -0.243289 0.135502 -0.015774 0.218407 -0.180543 -0.037914 0.058236 -0.160150 0.354976 -0.135343 0.045002 
1.750044 -1.027829 0.379894 -0.764212 -0.287222 0.171909 -0.026168 0.223239 -0.169662 -0.023769 0.049967 -0.176517 0.324385 -0.103709 0.036031 
1.742623 -0.979304 0.440152 -0.795989 -0.285342 0.122903 -0.007330 0.195212 -0.106023 -0.059533 0.047236 -0.213526 0.319225 -0.084872 0.057501 
1.833796 -1.040151 0.492753 -0.758839 -0.341533 0.189237 -0.021445 0.268561 -0.123192 -0.086343 0.062077 -0.268659 0.329782 -0.111192 0.078398 
1.792599 -1.020303 0.520183 -0.776771 -0.306044 0.141279 -0.003677 0.238236 -0.102109 -0.095319 0.023167 -0.260832 0.327880 -0.083955 0.095211 
1.866422 -0.975702 0.483330 -0.725126 -0.360906 0.235851 -0.045605 0.278483 -0.135904 -0.079637 0.034589 -0.265200 0.307251 -0.077340 0.069911 
1.847043 -0.965463 0.493384 -0.715335 -0.327685 0.248745 -0.059417 0.244922 -0.132891 -0.099306 0.049779 -0.255593 0.310703 -0.065461 0.059461 
1.902336 -0.944731 0.452274 -0.681508 -0.286899 0.326409 -0.106489 0.219655 -0.173890 -0.083343 0.102624 -0.272284 0.350692 -0.094482 0.035527 
1.873020 -0.958264 0.401721 -0.597555 -0.243743 0.349874 -0.087548 0.090498 -0.212120 -0.095418 0.100205 -0.191412 0.341841 -0.060927 -0.018274 
1.877460 -0.968472 0.440221 -0.597679 -0.094575 0.271807 0.034759 -0.109673 -0.244005 -0.076599 0.096252 -0.110522 0.335057 -0.110757 -0.024915 
1.904121 -0.940869 0.449795 -0.475994 -0.130695 0.321544 -0.044118 -0.075013 -0.285234 -0.026063 0.109644 -0.125012 0.329063 -0.179287 0.002411 
1.855584 -0.923567 0.514296 -0.341903 -0.062729 0.251396 -0.110069 -0.188495 -0.231804 0.089921 0.060773 -0.117560 0.231952 -0.212824 0.067663 
1.738408 -0.964231 0.663344 -0.262466 -0.026663 0.279932 -0.159342 -0.255207 -0.252514 0.120790 0.092415 -0.127422 0.147442 -0.230072 0.121880 
1.450552 -0.979481 0.888266 -0.119399 -0.056369 0.373471 -0.209670 -0.319061 -0.130655 0.007284 0.088961 -0.246930 0.128746 -0.215644 0.121278 
1.165671 -0.856658 1.135149 0.083590 -0.250603 0.352917 -0.391358 -0.216897 -0.124516 -0.050431 -0.073005 -0.317418 0.152513 -0.137981 0.052765 
1.079182 -0.828926 1.101980 0.036675 -0.194802 0.329016 -0.293233 -0.346993 -0.078973 -0.087445 -0.041157 -0.329276 0.122377 -0.132022 0.031709 
1.103187 -0.824234 1.200354 0.079341 -0.274810 0.336943 -0.362392 -0.229752 -0.098516 -0.054942 -0.082611 -0.326815 0.188767 -0.146698 0.034023 
1.093301 -0.734491 1.322396 0.060816 -0.345582 0.286058 -0.298020 -0.206083 -0.093651 -0.108666 -0.075951 -0.292000 0.213739 -0.191816 0.040251 
1.088920 -0.679311 1.294803 -0.020657 -0.296812 0.326679 -0.258732 -0.281078 -0.081854 -0.095429 -0.086890 -0.298926 0.190551 -0.184935 0.019411 
1.009001 -0.643676 1.253889 0.093831 -0.325524 0.314193 -0.320500 -0.257377 -0.036114 -0.099341 -0.143025 -0.267750 0.215327 -0.202994 0.017196 
1.053767 -0.598337 1.211612 0.099646 -0.331435 0.355029 -0.324832 -0.276413 -0.030442 -0.116747 -0.140400 -0.279413 0.206473 -0.218364 0.015786 
1.088952 -0.546856 1.232282 0.128788 -0.260408 0.269169 -0.293017 -0.349802 0.087787 -0.179507 -0.154238 -0.286883 0.235257 -0.222828 -0.002906 
1.008561 -0.459520 1.190848 0.237341 -0.245211 0.222695 -0.289111 -0.361076 0.114703 -0.152086 -0.241626 -0.245922 0.222295 -0.197113 -0.038480 
1.065310 -0.379478 1.040785 0.212153 -0.208832 0.340882 -0.346203 -0.402070 0.060956 -0.057836 -0.236698 -0.320115 0.212716 -0.208223 0.010625 
0.915332 -0.375726 0.915601 0.182676 -0.065737 0.113203 -0.153376 -0.318945 -0.088569 -0.049227 -0.241928 -0.244523 0.147360 -0.271543 0.074719 
0.862828 -0.341051 0.779546 0.316453 0.024494 -0.136243 0.004750 -0.099455 -0.232412 -0.141172 -0.172068 -0.142025 0.057392 -0.336078 0.108875 
0.668467 -0.259070 0.832645 0.199948 0.050421 -0.243438 0.058146 -0.075158 -0.085459 -0.177775 -0.112425 0.006873 0.039949 -0.267302 0.132088 
0.199716 -0.169777 1.000459 0.170515 0.063568 -0.280213 0.084191 -0.060617 -0.080689 -0.130867 -0.156482 0.052021 0.060405 -0.311141 0.177713 
0.016168 -0.122508 0.683040 0.074773 0.202266 -0.379933 0.313722 -0.072822 0.047525 -0.057378 -0.074966 0.140256 0.025538 -0.202890 0.154439 
-0.144469 -0.088812 0.952459 -0.031829 0.193179 -0.377154 0.209694 0.011394 -0.105673 -0.043575 -0.013540 0.008334 0.084417 -0.241315 0.181462 
-0.016069 -0.257184 0.961395 -0.014254 0.221144 -0.410638 0.218047 -0.110525 -0.132578 -0.013369 -0.133864 0.036262 0.027947 -0.217435 0.150761 
0.225871 -0.448832 1.082065 0.047247 -0.016231 -0.253677 0.033232 -0.143214 -0.076059 -0.226577 -0.062740 0.052266 -0.057112 -0.223119 0.234895 
0.557618 -0.682577 1.340172 -0.014320 -0.078466 -0.123135 -0.028118 -0.127032 -0.154213 -0.213539 -0.032274 -0.088233 0.000323 -0.229451 0.196278 
0.714510 -0.799869 1.445116 -0.163670 -0.065314 -0.101375 -0.046054 -0.140083 -0.167512 -0.190065 -0.012284 -0.097018 -0.001624 -0.188907 0.191176 
0.761897 -0.928709 1.510909 -0.055784 -0.139724 0.022522 -0.170110 -0.036329 -0.283669 -0.097360 -0.041804 -0.174928 0.025438 -0.176007 0.186398 
0.878005 -0.942976 1.614203 -0.044368 -0.223405 0.134485 -0.221358 -0.023640 -0.244566 -0.218222 0.061495 -0.242466 -0.009888 -0.157636 0.174605 
0.914140 -0.969283 1.687124 -0.104000 -0.178385 0.134047 -0.239478 -0.004002 -0.241210 -0.227118 0.066946 -0.253144 0.001358 -0.180703 0.192986 
0.769230 -0.838569 1.727535 -0.113796 -0.216894 0.192713 -0.282321 0.018989 -0.279924 -0.173461 0.023003 -0.266588 0.016931 -0.159880 0.146970 
0.628416 -0.760649 1.668962 -0.135664 -0.186129 0.217186 -0.301410 0.029108 -0.276232 -0.212291 0.069514 -0.276510 -0.055971 -0.079577 0.101111 
0.695603 -0.827408 1.816756 -0.106994 -0.272086 0.249799 -0.368192 0.127958 -0.318255 -0.228814 0.127930 -0.310766 -0.016905 -0.094232 0.100396 
0.514480 -0.694740 1.760964 -0.169605 -0.215463 0.222287 -0.313997 0.057079 -0.286320 -0.227966 0.102696 -0.299469 -0.032188 -0.083660 0.100444 
0.618056 -0.648313 1.801867 -0.167162 -0.222325 0.232389 -0.350629 0.105338 -0.310721 -0.244949 0.140612 -0.338940 -0.008758 -0.085509 0.083708 
0.628935 -0.605697 1.796314 -0.220598 -0.197055 0.248804 -0.369995 0.110196 -0.328379 -0.270925 0.175435 -0.383577 -0.019871 -0.068395 0.089518 
0.567163 -0.444745 1.819776 -0.278263 -0.167013 0.215356 -0.335345 0.090859 -0.344560 -0.250395 0.184266 -0.420972 0.019252 -0.074791 0.096650 
0.413768 -0.361274 1.678973 -0.276484 -0.193213 0.189183 -0.370486 0.121493 -0.388553 -0.210337 0.197705 -0.417113 0.058547 -0.045299 0.092864 
0.241353 -0.228521 1.539123 -0.225464 -0.207343 0.171371 -0.309589 0.037417 -0.372148 -0.214037 0.166614 -0.436486 0.073905 -0.086692 0.111471 
-0.036277 -0.042927 1.179302 0.035804 -0.221941 0.084921 -0.231868 -0.060310 -0.366329 -0.212918 0.090786 -0.389786 0.003207 -0.070655 0.129736 
-0.205551 -0.096137 0.912307 0.206672 -0.295874 -0.044055 -0.065654 -0.181814 -0.226928 -0.150349 0.083923 -0.283182 0.062681 -0.038373 0.114572 
-0.129570 -0.103720 1.058523 0.026646 -0.288972 0.048225 -0.174564 -0.157240 -0.294392 -0.093779 -0.020115 -0.203161 0.014817 -0.057692 0.186800 
