city011_038
YOTSUYA
67
0.275092 0.118629 0.417901 0.151937 -0.155898 0.286477 0.070093 -0.124029 0.013439 0.075270 -0.044421 -0.027119 0.064876 -0.043138 -0.007957 
1.092086 -0.610683 0.878106 0.284983 -0.452921 -0.110095 -0.206009 0.055247 -0.291874 -0.207666 0.196679 -0.206258 0.065690 0.049762 -0.045502 
1.357816 -0.887371 0.905096 -0.087777 -0.327994 -0.077614 -0.331666 0.082854 -0.335933 -0.165939 0.206249 -0.191384 0.113255 0.105133 -0.050911 
1.479358 -0.722865 0.594277 -0.392859 -0.245721 0.200166 -0.451807 -0.126883 -0.295557 -0.018481 0.281479 -0.158306 0.146491 0.139729 -0.068222 
1.642280 -0.680569 0.382733 -0.530782 -0.148008 0.149702 -0.412555 -0.045876 -0.303474 -0.126717 0.258362 -0.017910 0.166229 0.116133 -0.077287 
1.705420 -0.675011 0.269091 -0.474009 -0.144377 0.024247 -0.279430 0.002313 -0.324727 -0.155359 0.187984 -0.033893 0.225165 0.145061 -0.089396 
1.754951 -0.799775 0.304495 -0.459064 -0.163025 -0.035565 -0.234637 0.113846 -0.365017 -0.140604 0.060767 -0.019169 0.300520 0.114522 -0.066446 
1.715153 -0.898951 0.387159 -0.541059 -0.108880 -0.057708 -0.231726 0.063618 -0.335888 -0.170631 0.043698 0.027702 0.316889 0.129484 -0.086249 
1.704937 -0.873740 0.297475 -0.468325 -0.034970 -0.062824 -0.270565 0.034015 -0.371574 -0.148552 0.083017 0.080038 0.296688 0.047684 -0.072778 
1.580431 -0.861947 0.226729 -0.468088 0.071855 -0.074243 -0.287061 -0.072632 -0.410440 -0.106667 0.147129 0.053656 0.340716 0.018338 -0.146723 
1.564074 -0.665459 0.239692 -0.600619 0.248940 -0.046611 -0.273667 -0.153098 -0.473165 -0.002012 0.042320 0.045917 0.305351 -0.069673 -0.060055 
1.469715 -0.147179 0.299021 -0.523337 0.138462 0.109454 -0.082984 -0.265303 -0.525287 0.125971 -0.122759 0.018241 0.252431 -0.216950 0.000222 
1.025831 0.432699 -0.057282 -0.170434 -0.019923 0.181184 0.038972 -0.006369 -0.202556 -0.116491 -0.113820 -0.055543 0.138443 -0.091605 0.077382 
0.221360 0.517884 0.150891 0.006756 0.069463 0.277797 0.026516 -0.163781 -0.321683 -0.072755 0.016447 -0.065957 -0.054859 -0.049656 -0.076994 
0.097050 0.328242 -0.280428 -0.191843 -0.011732 0.044662 -0.067364 -0.181388 -0.186073 -0.104991 0.194323 0.055635 -0.004211 0.008728 -0.022648 
0.017979 0.206060 -0.093738 -0.282247 -0.174787 0.183699 -0.205930 -0.309117 -0.143139 0.058681 0.132957 0.059565 0.078865 -0.030917 -0.042183 
0.005017 0.150610 -0.201667 -0.152614 -0.181953 0.053906 -0.186420 -0.246234 -0.210936 0.057533 0.226089 0.052941 0.016635 0.024291 0.007702 
-0.200595 0.171507 -0.193723 -0.234481 -0.141269 0.049658 -0.055126 -0.155041 -0.216679 0.061925 0.207846 -0.009193 0.047902 -0.024912 0.019926 
-0.222655 -0.197874 -0.346109 -0.138203 0.009629 0.053388 -0.055561 -0.012061 -0.001292 0.009391 0.067532 -0.017954 -0.027811 -0.022642 0.036427 
0.038628 -0.253419 -0.178511 -0.159661 -0.062388 -0.043140 -0.143633 0.042353 -0.017765 0.054576 0.107071 -0.047649 -0.006216 -0.020925 0.044344 
-0.124937 -0.101492 0.182498 -0.030743 -0.230255 -0.051092 0.026280 -0.108781 -0.102760 0.050919 0.025354 0.039317 -0.016806 -0.040570 0.129725 
-0.332399 -0.639287 0.194774 0.001511 0.056084 -0.030374 -0.061901 -0.128403 0.042125 0.068075 0.034951 -0.069166 -0.015546 -0.006773 0.111969 
-0.209111 -0.474523 0.283869 0.002830 0.006631 -0.202675 -0.168828 -0.087356 0.063385 0.075047 -0.021552 -0.077193 0.067062 0.089077 -0.037343 
-0.149388 -0.463188 0.505529 0.022356 0.089250 -0.110912 -0.065148 0.014933 -0.018630 0.062489 -0.030465 -0.082018 0.058404 0.046520 -0.040824 
0.271015 -0.697707 0.186532 -0.364292 -0.113244 -0.256601 0.029482 0.089943 0.198361 -0.118443 0.029872 0.119656 -0.077996 -0.093247 0.032514 
0.532742 -0.683434 0.119459 -0.294414 -0.069998 -0.347771 -0.142887 0.035621 0.244558 0.054985 0.034897 -0.033379 0.128742 -0.068546 -0.108991 
0.343740 -0.495938 0.328582 -0.109429 0.105145 -0.245447 0.110652 0.188430 0.025390 -0.088565 -0.065402 0.129821 -0.040307 -0.042275 0.021159 
0.006306 -0.702994 0.311733 0.116260 0.215913 -0.257871 -0.020710 -0.015247 0.087965 -0.023430 -0.072870 0.025394 0.069311 -0.107929 0.111305 
0.928676 -0.646704 0.549585 0.152139 0.113063 -0.345563 -0.130960 -0.001938 -0.139240 0.074738 -0.185053 -0.059272 0.189623 -0.075749 -0.044678 
1.244087 -0.818773 0.775055 0.061712 0.114693 -0.219209 -0.265039 -0.094886 -0.133603 -0.011489 -0.219804 -0.151585 0.197517 -0.051261 -0.074188 
1.331476 -0.970134 1.018604 0.091630 0.029414 -0.232780 -0.392423 0.107026 -0.276877 0.023700 -0.207832 -0.181212 0.271456 -0.094111 -0.042833 
1.333960 -1.070678 1.126940 0.110917 -0.072268 -0.229534 -0.366953 0.154945 -0.327160 0.015654 -0.179848 -0.125988 0.254566 -0.127080 -0.007709 
1.276354 -1.032850 1.237794 0.099954 -0.153772 -0.251914 -0.294533 0.159625 -0.359053 -0.034310 -0.130991 -0.080974 0.214644 -0.146155 -0.002023 
1.151549 -1.041294 1.243408 0.073012 -0.125552 -0.285233 -0.191906 0.101878 -0.361710 -0.083417 -0.055523 -0.129790 0.185534 -0.160229 0.010479 
1.112667 -1.012456 1.249575 0.047155 -0.186527 -0.213489 -0.133982 0.062494 -0.368208 -0.078115 -0.030441 -0.105997 0.091765 -0.128475 0.025300 
1.071048 -1.035279 1.406848 0.014613 -0.249744 -0.094605 -0.210881 0.092123 -0.421614 -0.036235 -0.023482 -0.168067 0.111151 -0.143732 0.062740 
0.999543 -1.012396 1.380045 -0.052282 -0.224484 -0.060189 -0.145155 0.000670 -0.375862 -0.083914 -0.011719 -0.146729 0.037969 -0.125845 0.059321 
0.941657 -0.983827 1.460906 -0.057053 -0.300966 -0.014461 -0.183498 -0.001562 -0.372492 -0.076022 0.027641 -0.208793 0.083749 -0.092126 0.034602 
0.958799 -0.960347 1.532252 -0.135037 -0.322145 0.027991 -0.230403 -0.011930 -0.369187 -0.071593 0.011321 -0.197496 0.102333 -0.121239 0.101542 
0.976049 -0.959038 1.540289 -0.144061 -0.356919 0.046448 -0.279473 0.011743 -0.377711 -0.085041 0.012709 -0.159205 0.074587 -0.104394 0.121879 
0.955552 -0.967834 1.544905 -0.217571 -0.368455 0.046261 -0.290015 -0.026130 -0.357982 -0.061926 -0.029075 -0.089316 0.057248 -0.079380 0.137120 
0.923955 -1.016457 1.482272 -0.242237 -0.347247 0.008900 -0.320347 -0.050520 -0.339285 -0.072833 -0.007263 -0.083228 0.093528 -0.070146 0.152427 
0.847812 -0.979192 1.297124 -0.298504 -0.279575 -0.061202 -0.298903 -0.115574 -0.289460 -0.098241 0.030937 -0.027633 0.070023 -0.001521 0.124509 
0.904540 -1.091503 1.103586 -0.389069 -0.147115 -0.125808 -0.241590 -0.189095 -0.305140 -0.029916 0.061993 0.030574 0.071503 0.000926 0.128427 
1.073942 -1.176275 1.078662 -0.359509 -0.303386 -0.155592 -0.234139 0.031402 -0.277130 -0.032020 0.124282 0.038033 0.139608 -0.080019 0.110504 
1.155218 -1.311892 0.814328 -0.427176 -0.327154 -0.211631 -0.257455 0.053426 -0.201343 0.056691 0.228938 0.072312 0.213322 -0.099807 0.054499 
1.243793 -1.216244 0.650603 -0.377508 -0.351852 -0.246967 -0.273543 0.009335 0.016973 0.110989 0.176871 0.048877 0.235966 -0.063515 -0.058607 
1.293262 -1.238480 0.515705 -0.388677 -0.148040 -0.242403 -0.361200 0.075592 0.286502 0.161828 -0.044785 0.027510 0.127586 -0.042737 -0.105423 
1.355934 -1.259259 0.290779 -0.430861 -0.077351 -0.290283 -0.205122 0.154433 0.262444 0.187046 0.066011 -0.187922 -0.040913 0.102344 -0.144155 
1.487575 -1.181326 0.054324 -0.540895 -0.031094 -0.248991 -0.029268 0.012537 0.249677 0.337979 -0.106919 -0.221832 -0.006978 0.074998 -0.133620 
1.456087 -1.139960 0.098889 -0.598919 -0.032103 -0.152421 -0.029645 -0.009431 0.232664 0.374763 -0.116861 -0.234411 -0.069553 0.074893 -0.081113 
1.395263 -1.184815 0.078127 -0.583597 -0.057395 -0.116768 0.012328 -0.040770 0.222492 0.391507 -0.105844 -0.252088 -0.058404 -0.003162 -0.019109 
1.390380 -1.159785 0.112630 -0.595267 -0.092165 -0.049678 -0.010157 -0.018235 0.189655 0.401099 -0.089352 -0.253575 -0.078543 -0.016990 -0.028247 
1.405011 -1.167734 0.121658 -0.592588 -0.079254 -0.038328 0.001282 -0.035597 0.190561 0.391222 -0.082344 -0.251980 -0.096117 -0.006649 -0.009915 
1.355101 -1.163478 0.089037 -0.585255 -0.097935 -0.053591 0.015618 -0.069826 0.220266 0.377404 -0.060288 -0.235577 -0.096736 -0.031280 -0.006401 
1.362402 -1.187153 0.098684 -0.559263 -0.105048 -0.071447 0.007596 -0.065659 0.208741 0.392511 -0.037087 -0.244178 -0.086410 -0.050547 -0.002919 
1.367958 -1.192383 0.069052 -0.595693 -0.097716 -0.026667 -0.026769 -0.053737 0.184987 0.419820 -0.066689 -0.214555 -0.102528 -0.045899 -0.016595 
1.397860 -1.141462 -0.001675 -0.601414 -0.060773 -0.011463 -0.051873 -0.033112 0.156890 0.401243 -0.017216 -0.254185 -0.097310 -0.016786 -0.048068 
1.489194 -1.185761 -0.021616 -0.656509 -0.022543 -0.001713 -0.074424 -0.027039 0.153621 0.397822 -0.005517 -0.280841 -0.074336 -0.020696 -0.018516 
1.518917 -1.162746 -0.096161 -0.556013 -0.090822 0.056321 -0.129160 -0.027087 0.162526 0.383260 -0.000347 -0.254000 -0.083795 -0.002028 -0.035540 
1.879789 -1.190519 -0.278836 -0.403700 -0.187781 0.099282 -0.109070 -0.090033 0.164059 0.372229 -0.030116 -0.263782 0.068245 -0.086630 0.007765 
1.924231 -1.005242 -0.435945 -0.333575 -0.186052 0.075993 -0.053274 -0.137103 0.195768 0.418662 -0.131402 -0.231312 0.044847 -0.108908 0.091100 
1.616375 -0.943386 -0.324332 -0.370454 -0.211191 0.185781 -0.193077 0.040818 0.110096 0.439330 -0.048888 -0.327760 0.032303 -0.151061 0.057862 
1.182484 -0.972940 -0.159225 -0.435277 -0.177453 0.119471 -0.178568 0.018939 0.181895 0.435741 -0.080556 -0.335734 0.038886 -0.125975 0.035363 
1.086201 -0.857655 -0.243366 -0.490652 -0.116064 0.133707 -0.148721 0.009196 0.137342 0.479871 -0.053935 -0.403090 0.044450 -0.144023 0.007284 
0.227823 -0.599083 -0.561189 -0.223521 -0.193313 0.052467 -0.134463 -0.046354 0.250822 0.397286 -0.006241 -0.248480 -0.186085 -0.028485 0.054308 
0.738108 -0.717157 -0.491655 -0.221440 -0.133202 0.014385 -0.106598 0.005600 0.163959 0.284520 0.010833 -0.295778 0.068041 -0.100888 -0.006366 
