city011_056
DENENCHOOFU
129
-0.023393 -0.234058 -0.165922 -0.059027 -0.197613 0.064690 0.001632 -0.044240 0.040702 -0.007927 0.020170 0.028308 -0.051058 0.020380 0.000779 
0.660513 -0.874132 0.174425 -0.284151 -0.343477 -0.054414 0.033334 0.127655 0.003890 0.024002 0.060716 -0.016234 0.011366 -0.145572 0.113031 
1.125771 -0.448619 0.730158 0.277236 -0.214141 -0.120102 -0.114865 -0.039361 -0.119771 -0.166774 -0.098724 -0.016684 0.119622 -0.272548 0.147802 
1.370521 -0.934834 1.151130 -0.113577 -0.259825 -0.118982 -0.357178 0.097990 -0.307243 -0.065221 -0.070176 0.043250 0.157969 -0.221703 0.225370 
1.226238 -0.953266 0.983534 -0.247556 -0.279514 -0.135153 -0.283147 0.013744 -0.293357 -0.034042 -0.014541 0.109611 0.112097 -0.147431 0.238507 
1.305607 -1.064541 0.977624 -0.283595 -0.347170 -0.149023 -0.287261 0.091574 -0.254716 0.024121 0.051315 0.122867 0.106804 -0.154530 0.254589 
1.247327 -1.175418 0.937090 -0.379805 -0.320677 -0.148157 -0.228222 0.025364 -0.221306 0.047307 0.057284 0.143369 0.108482 -0.144444 0.232180 
1.147530 -1.154246 0.861794 -0.501930 -0.246807 -0.202632 -0.190121 -0.009622 -0.177560 0.083180 0.109420 0.136273 0.120644 -0.133249 0.200163 
1.081992 -1.163576 0.773177 -0.498210 -0.217412 -0.178411 -0.174890 -0.051992 -0.195199 0.085107 0.124279 0.160081 0.100272 -0.122731 0.176204 
1.106796 -1.198256 0.820928 -0.467444 -0.223592 -0.162173 -0.154488 -0.054856 -0.192627 0.087204 0.106881 0.122655 0.081408 -0.089909 0.160661 
1.108531 -1.151678 0.812034 -0.440428 -0.236860 -0.104869 -0.143920 -0.064192 -0.170620 0.042676 0.089796 0.099312 0.092688 -0.098834 0.146092 
1.179790 -1.180539 0.891673 -0.437802 -0.230024 -0.079776 -0.126263 -0.038709 -0.216546 0.027679 0.065311 0.086004 0.074975 -0.088096 0.143542 
1.203064 -1.170355 0.958712 -0.413065 -0.275634 0.026597 -0.183453 0.008680 -0.255593 0.043642 0.062926 0.026580 0.093937 -0.103771 0.162778 
1.204069 -1.150274 1.018280 -0.427857 -0.254399 0.052509 -0.170426 -0.021428 -0.269005 0.053626 0.037257 0.011017 0.088756 -0.082851 0.140890 
1.209470 -1.134559 1.089285 -0.402106 -0.225445 0.084560 -0.192165 -0.011831 -0.295575 0.036280 0.060274 -0.055324 0.100766 -0.092765 0.155557 
1.194662 -1.095921 1.150283 -0.385215 -0.261415 0.157744 -0.215643 -0.026446 -0.340690 0.073817 0.016301 -0.071415 0.096934 -0.074968 0.138817 
1.233117 -1.056116 1.201214 -0.390595 -0.276963 0.214848 -0.266439 -0.007379 -0.375716 0.078251 0.017277 -0.098796 0.090094 -0.055356 0.134064 
1.208688 -1.047772 1.273147 -0.410265 -0.275031 0.246883 -0.283320 -0.046591 -0.355167 0.070640 -0.003045 -0.122392 0.112405 -0.071542 0.131933 
1.211061 -1.004181 1.301966 -0.411925 -0.252955 0.277571 -0.333227 -0.064796 -0.344388 0.071059 -0.004448 -0.168624 0.146934 -0.088948 0.116384 
1.192411 -0.982225 1.345168 -0.426623 -0.220061 0.325312 -0.407490 -0.059585 -0.340281 0.089338 -0.048321 -0.172146 0.152129 -0.106482 0.097400 
1.127072 -0.878207 1.323943 -0.451315 -0.151448 0.345046 -0.471519 -0.100409 -0.275413 0.084459 -0.076759 -0.175229 0.175031 -0.148319 0.115606 
1.042858 -0.787533 1.287883 -0.427450 -0.107647 0.347627 -0.480842 -0.136511 -0.237689 0.065521 -0.106749 -0.172351 0.166864 -0.166803 0.115711 
1.110757 -0.713736 1.285097 -0.412705 -0.101023 0.413390 -0.631371 -0.092955 -0.210479 0.115437 -0.141182 -0.160643 0.173762 -0.147168 0.117214 
1.070419 -0.675590 1.280323 -0.457478 -0.041276 0.381605 -0.600883 -0.130364 -0.168973 0.061544 -0.160450 -0.138105 0.169779 -0.193403 0.157541 
1.069920 -0.672108 1.276504 -0.405943 -0.043195 0.409807 -0.667569 -0.103389 -0.164166 0.078254 -0.188685 -0.147372 0.174131 -0.192810 0.159721 
1.048864 -0.685892 1.232633 -0.338713 -0.088485 0.392344 -0.598140 -0.122241 -0.193143 0.063961 -0.189343 -0.157087 0.174464 -0.209797 0.144847 
0.996235 -0.657163 1.155325 -0.248729 -0.128757 0.322797 -0.448568 -0.183191 -0.189131 0.040272 -0.204501 -0.131335 0.148491 -0.206939 0.115908 
1.075511 -0.745661 1.162677 -0.197849 -0.171854 0.267050 -0.373365 -0.204756 -0.216061 0.070250 -0.200196 -0.154399 0.179861 -0.211899 0.115406 
1.066347 -0.676758 1.035437 -0.023085 -0.265117 0.263814 -0.327526 -0.221275 -0.203706 0.079890 -0.200321 -0.172245 0.183690 -0.182086 0.062418 
1.150916 -0.711769 1.023287 0.026623 -0.300563 0.223069 -0.275536 -0.239133 -0.204305 0.110188 -0.220227 -0.164439 0.198001 -0.178992 0.056050 
1.279621 -0.815356 1.095232 -0.008296 -0.314423 0.217241 -0.266905 -0.236194 -0.220142 0.116494 -0.218601 -0.175205 0.231531 -0.216631 0.086166 
1.103158 -0.696072 1.069063 -0.025888 -0.313678 0.221014 -0.239162 -0.255851 -0.203802 0.065314 -0.194571 -0.156737 0.179676 -0.183522 0.068492 
1.130308 -0.763586 1.192475 -0.149876 -0.282660 0.283804 -0.316976 -0.192820 -0.225912 0.052022 -0.180360 -0.151280 0.171446 -0.190468 0.076737 
0.980946 -0.719388 1.248051 -0.278284 -0.207228 0.325337 -0.407437 -0.147361 -0.225560 0.007944 -0.153064 -0.144618 0.149821 -0.190368 0.096111 
0.881140 -0.670506 1.237602 -0.369210 -0.145975 0.406738 -0.515024 -0.125876 -0.199064 -0.043057 -0.105685 -0.151691 0.130698 -0.183186 0.104491 
0.962106 -0.629372 1.270176 -0.460964 -0.055275 0.455967 -0.687704 -0.070191 -0.160401 -0.009437 -0.114547 -0.144014 0.135133 -0.173799 0.141369 
1.020228 -0.705960 1.316263 -0.568600 0.005155 0.436494 -0.677583 -0.063408 -0.180580 -0.000929 -0.092832 -0.136705 0.128675 -0.166249 0.140226 
1.083715 -0.766450 1.315694 -0.551526 -0.100076 0.441948 -0.598702 -0.046732 -0.256496 0.043970 -0.049061 -0.166716 0.163583 -0.155984 0.097239 
1.171360 -0.948774 1.344839 -0.563341 -0.148724 0.370783 -0.488404 -0.024336 -0.312815 0.056404 0.002418 -0.182984 0.176114 -0.124157 0.084585 
1.230074 -1.038033 1.294416 -0.511164 -0.232207 0.308897 -0.425140 0.030523 -0.313420 0.090781 0.035942 -0.156944 0.164766 -0.084429 0.092078 
1.256162 -1.116545 1.195904 -0.452798 -0.289043 0.240827 -0.357736 0.091232 -0.313028 0.076723 0.117780 -0.149711 0.134090 -0.064041 0.124843 
1.311801 -1.208481 1.118958 -0.436906 -0.292557 0.179888 -0.314105 0.138778 -0.333538 0.112962 0.119867 -0.117906 0.112269 -0.073026 0.150078 
1.314868 -1.197477 1.039652 -0.432709 -0.304590 0.127371 -0.257972 0.154624 -0.277358 0.116437 0.132930 -0.112176 0.106481 -0.079755 0.138203 
1.351998 -1.204760 1.004416 -0.424400 -0.303106 0.126129 -0.261316 0.201247 -0.227966 0.145904 0.092646 -0.102928 0.107201 -0.101389 0.121578 
1.377704 -1.251501 0.970892 -0.388667 -0.291457 0.102100 -0.269938 0.235618 -0.177875 0.154706 0.071629 -0.107610 0.122286 -0.131890 0.117351 
1.359961 -1.260319 0.927311 -0.335421 -0.254657 0.032056 -0.251733 0.245238 -0.153675 0.132231 0.043116 -0.078151 0.126733 -0.145932 0.112508 
1.424568 -1.256877 0.875488 -0.268800 -0.252887 0.032013 -0.297200 0.312358 -0.157282 0.139168 0.027465 -0.064099 0.113460 -0.136258 0.087909 
1.485072 -1.282155 0.918161 -0.289126 -0.214354 -0.033843 -0.245543 0.253409 -0.155878 0.074768 0.012819 -0.039327 0.139090 -0.149084 0.095289 
1.544728 -1.265228 0.887126 -0.222300 -0.190241 -0.057757 -0.267489 0.271743 -0.181688 0.071481 -0.002388 -0.034922 0.151060 -0.142596 0.075996 
1.559747 -1.188571 0.843922 -0.151503 -0.174110 -0.066552 -0.256595 0.227525 -0.188528 0.066563 -0.028228 -0.036925 0.163648 -0.129336 0.053964 
1.569347 -1.056451 0.743211 -0.017619 -0.187970 -0.073176 -0.234061 0.179682 -0.235571 0.070056 -0.048102 -0.046981 0.169965 -0.110423 0.012549 
1.491521 -0.873075 0.622675 0.150375 -0.198378 -0.085348 -0.151165 -0.003482 -0.192642 0.024344 -0.094419 -0.078342 0.179661 -0.091847 -0.043810 
1.474026 -0.876870 0.796888 0.212961 -0.251838 0.024798 -0.187439 -0.160491 -0.076665 0.076626 -0.228701 -0.041181 0.154051 -0.115095 0.034515 
1.215677 -0.766952 0.981566 0.240761 -0.317108 0.247202 -0.359475 -0.214262 0.037128 -0.023185 -0.238255 -0.115967 0.161579 -0.120854 -0.002598 
1.154433 -0.646279 1.083773 0.147942 -0.315820 0.305025 -0.384049 -0.272999 0.054903 -0.094621 -0.198537 -0.156422 0.138782 -0.114829 -0.018499 
1.181969 -0.671077 1.081728 0.172716 -0.329151 0.245839 -0.342816 -0.258855 0.081080 -0.164996 -0.177038 -0.129487 0.140687 -0.140486 -0.016236 
1.241109 -0.696088 1.095847 0.187715 -0.345405 0.279400 -0.402214 -0.196296 0.039032 -0.108448 -0.217640 -0.101871 0.143942 -0.142249 0.000902 
1.156847 -0.549504 1.016977 0.183446 -0.280790 0.272652 -0.405317 -0.282917 0.125630 -0.087817 -0.226408 -0.120852 0.153986 -0.098870 -0.010279 
1.186101 -0.595198 1.022663 0.150350 -0.237698 0.268232 -0.410298 -0.276618 0.109068 -0.081899 -0.243471 -0.111358 0.123758 -0.093008 -0.006924 
1.260101 -0.606966 0.993487 0.172657 -0.256021 0.279292 -0.413995 -0.250027 0.105056 -0.160953 -0.214369 -0.137080 0.149091 -0.170079 0.019126 
1.157563 -0.406809 0.895306 0.280261 -0.296332 0.202401 -0.338087 -0.291898 0.102553 -0.166000 -0.234158 -0.056889 0.069841 -0.116743 0.031512 
1.178286 -0.374130 0.945848 0.255241 -0.266992 0.135322 -0.301131 -0.269623 0.076419 -0.204614 -0.260425 -0.001824 0.027596 -0.148026 0.056504 
1.174829 -0.167681 0.795051 0.334325 -0.241126 0.130210 -0.302564 -0.339724 0.163199 -0.258357 -0.269254 -0.016720 0.028858 -0.156893 0.068440 
0.955406 0.256668 0.517301 0.327050 -0.042250 0.149201 -0.284706 -0.291527 0.104356 -0.147247 -0.257132 -0.056260 -0.011548 -0.153382 0.095934 
0.598776 0.197440 0.261774 0.397707 0.116821 0.098336 -0.297407 -0.277138 -0.085904 -0.025789 -0.218364 -0.167164 -0.149560 -0.014095 0.035218 
0.264373 0.018817 0.321911 0.396067 0.041639 0.116708 -0.217148 -0.348061 0.035464 -0.014925 -0.137485 -0.210720 -0.036647 0.006188 -0.002594 
0.253150 0.033744 0.344505 0.389024 -0.010792 -0.082632 -0.248653 -0.306394 -0.060141 -0.107869 -0.193652 -0.186131 0.047734 -0.061716 0.030149 
-0.076264 0.047042 0.315024 0.288177 -0.021196 -0.100975 -0.198446 -0.168651 -0.059261 -0.082811 -0.052103 -0.102520 0.014930 -0.022431 0.076919 
-0.324893 -0.357221 0.259894 -0.144179 0.022059 -0.054266 -0.122736 0.001199 -0.047816 0.134717 -0.065217 -0.006767 0.023627 -0.014255 0.054245 
-0.557773 -0.147639 0.267488 -0.069234 0.046026 -0.109016 -0.243524 0.070434 -0.108059 0.151471 -0.083768 -0.015122 0.057276 -0.018012 0.085356 
-0.826033 -0.448393 0.394803 -0.485223 0.371768 -0.138638 -0.004396 0.156824 -0.211602 0.093668 0.019467 -0.036445 0.026552 -0.023681 0.027585 
-0.986368 -0.416519 0.465605 -0.627516 0.079711 -0.240368 0.222364 0.299947 -0.186985 0.045291 -0.120231 0.091046 -0.065073 -0.122524 0.199925 
-0.789596 -0.576414 0.532241 -0.657723 0.193245 -0.293294 -0.005801 0.296955 -0.032108 -0.021556 -0.047630 0.034831 0.062095 -0.180714 0.075864 
-0.338693 -0.698147 0.689826 -0.643574 0.270773 -0.216800 0.094262 0.393020 -0.205773 -0.097189 0.004385 0.067447 0.030877 -0.187941 0.178300 
0.493774 -0.220007 1.139913 -0.330713 0.331695 -0.341776 -0.009556 0.387480 -0.180706 0.056198 0.036970 0.071961 0.117850 -0.190664 0.091154 
0.934106 -0.287832 0.952820 -0.219646 0.169999 -0.175892 -0.191613 0.363946 -0.149547 -0.058660 -0.034282 0.012900 0.191961 -0.267283 0.054080 
1.441997 -0.518573 0.635594 -0.025504 -0.063155 -0.114002 -0.428084 0.014960 -0.001484 -0.030629 -0.127746 -0.045867 0.255094 -0.059030 -0.064707 
1.740600 -0.833086 0.746614 -0.142291 -0.185414 -0.032009 -0.600623 0.040431 0.051988 0.002714 -0.129969 0.001763 0.289447 -0.019089 -0.073523 
1.582911 -0.839740 0.589912 -0.575960 -0.045346 -0.071801 -0.462347 -0.076879 -0.087977 0.052229 -0.070870 0.052931 0.287920 -0.003425 0.021984 
1.393548 -1.054209 0.492124 -0.462092 0.039331 -0.106443 -0.372083 -0.196031 -0.284271 0.070313 0.127636 0.192097 0.062484 0.031072 0.034379 
1.571955 -1.082507 0.479022 -0.459849 -0.060647 -0.097606 -0.333970 -0.058836 -0.312402 -0.061163 0.201335 0.190142 0.093704 0.033586 0.009933 
1.664709 -1.059424 0.429363 -0.528548 -0.141319 -0.027762 -0.255591 0.014745 -0.321926 -0.189643 0.108741 0.146219 0.318449 0.047334 -0.087106 
1.704991 -0.959395 0.318565 -0.551376 -0.093114 -0.044099 -0.211250 0.079844 -0.370251 -0.171950 0.012452 0.178125 0.367166 0.005301 -0.018460 
1.708679 -0.848294 0.236915 -0.590227 0.009936 -0.107902 -0.175892 0.110341 -0.287921 -0.247587 0.036554 0.172596 0.250757 0.075307 0.005545 
1.702313 -0.800299 0.286083 -0.653433 -0.005875 -0.092993 -0.190144 0.067749 -0.218561 -0.193358 -0.059729 0.114807 0.268285 0.147857 -0.042732 
1.755166 -0.692872 0.267785 -0.658841 -0.056522 -0.048982 -0.233055 0.094566 -0.175872 -0.172859 -0.103302 0.087220 0.252850 0.136712 -0.007119 
1.725906 -0.632311 0.256956 -0.674842 -0.060589 -0.088091 -0.193953 0.080428 -0.100509 -0.184672 -0.124463 0.031141 0.245345 0.158459 -0.017094 
1.706352 -0.583360 0.256540 -0.663103 -0.095841 -0.073261 -0.187345 0.102021 -0.116535 -0.123918 -0.154087 0.043096 0.223974 0.127536 -0.011988 
1.727757 -0.542265 0.252969 -0.732539 -0.046640 -0.072867 -0.187874 0.089523 -0.104696 -0.096575 -0.177024 -0.044568 0.252622 0.145311 -0.010156 
1.731696 -0.579283 0.343878 -0.817080 -0.084037 0.011568 -0.209940 0.097846 -0.101813 -0.111366 -0.168346 -0.023174 0.235502 0.130500 0.022938 
1.713963 -0.502933 0.305035 -0.804663 -0.155867 0.036571 -0.182240 0.083781 -0.099835 -0.109444 -0.134201 -0.067597 0.277240 0.107493 0.026361 
1.852749 -0.508753 0.392312 -0.900543 -0.242866 0.142908 -0.248974 0.129555 -0.129113 -0.099052 -0.071128 -0.102629 0.277183 0.087839 0.055049 
1.796402 -0.430348 0.294097 -0.816621 -0.376949 0.178323 -0.261394 0.064647 -0.083292 -0.103340 -0.001963 -0.117156 0.319271 0.101235 0.003234 
1.819338 -0.510751 0.287678 -0.737518 -0.369148 0.036954 -0.197381 0.110537 -0.218372 0.007306 -0.049615 -0.021657 0.333162 0.074599 0.045993 
1.750618 -0.586298 0.263957 -0.708516 -0.256413 -0.098449 -0.177234 0.073026 -0.182809 -0.003938 -0.062483 0.002364 0.333435 0.100173 0.011314 
1.722026 -0.501056 0.188494 -0.610233 -0.234060 -0.071887 -0.257235 0.061149 -0.131332 -0.058715 -0.045029 -0.057610 0.365469 0.074333 0.001023 
1.929673 -0.246172 0.293563 -0.619186 -0.329214 0.114773 -0.216508 -0.001885 -0.182365 -0.061352 -0.073417 -0.126392 0.274363 0.028581 0.050075 
2.141222 0.181076 0.052082 -0.470365 -0.173980 0.156760 0.061321 -0.108566 -0.234742 -0.123930 -0.139681 -0.159743 0.198774 -0.008338 0.051871 
1.965631 0.056815 0.180022 -0.304628 0.040106 0.342071 -0.029322 0.088369 -0.262790 -0.176430 -0.122023 -0.097862 0.125259 -0.013550 -0.006286 
2.017013 -0.074273 0.238585 -0.081431 -0.150895 -0.028806 -0.188577 -0.070074 -0.189425 0.022250 0.031984 -0.121637 0.098176 0.010192 0.012921 
2.129997 0.000305 0.120001 -0.157654 -0.184016 -0.050599 -0.191869 -0.060403 -0.263382 -0.045734 0.043398 0.017801 0.113397 0.030384 0.027419 
1.982015 0.003953 0.071803 -0.218451 -0.077675 0.114017 -0.083041 0.060524 -0.152762 -0.109688 0.134798 0.007540 0.038848 0.010512 -0.005263 
2.109650 -0.212239 0.179398 0.007193 0.038396 0.068815 -0.022441 -0.085375 -0.301869 0.091503 0.055002 -0.060375 0.075524 -0.074885 -0.019874 
2.053070 -0.086242 0.091707 -0.321459 -0.243377 -0.076049 -0.179190 -0.104502 -0.218513 0.016848 0.174681 -0.011342 0.102245 0.082403 0.038219 
1.918764 -0.207888 0.237909 0.112576 -0.167498 -0.030090 -0.270793 -0.190004 -0.189686 -0.037017 -0.000611 -0.021895 0.077981 -0.037780 0.099422 
1.882054 -0.416308 0.247480 0.181976 0.214752 0.181467 -0.257846 -0.229815 -0.159571 -0.057544 -0.073241 -0.025146 -0.151707 -0.133493 0.069434 
1.857562 -0.414631 0.200704 0.348984 0.388224 0.051699 -0.189506 -0.172462 -0.092786 0.067904 -0.121989 -0.152281 -0.098991 -0.059429 0.044133 
1.686835 -0.397191 0.242314 0.251312 0.198074 0.120952 -0.176519 -0.142044 -0.104757 -0.027168 0.011547 -0.072820 -0.070631 -0.117240 0.080571 
1.446060 -0.125769 0.135424 0.162418 0.370770 0.272792 -0.253337 -0.123507 -0.178037 -0.060406 0.104513 -0.069950 -0.180240 -0.123241 0.005204 
1.251676 -0.302197 -0.024988 0.341714 0.074791 0.094205 -0.221166 -0.294211 -0.089377 -0.023715 -0.093285 -0.051168 -0.046412 -0.054990 0.012748 
1.288105 -0.122193 0.031394 0.274325 0.215702 0.074190 -0.293445 -0.243960 -0.200225 0.012069 0.075049 -0.166390 -0.146059 -0.048476 0.109738 
1.481632 -0.503211 0.507053 -0.005948 0.034470 0.146993 -0.281354 -0.201951 -0.316800 -0.009671 0.133472 -0.282318 0.022548 -0.014755 -0.008734 
1.384037 -0.469953 0.430917 0.092494 -0.041615 0.197141 -0.371304 -0.292115 -0.303336 -0.008968 0.146041 -0.286866 -0.025573 0.018131 0.030852 
1.477129 -0.458468 0.434037 0.110287 -0.033815 0.232271 -0.409118 -0.281316 -0.259778 -0.011086 0.195086 -0.358032 -0.010362 0.032133 0.046262 
1.442922 -0.419893 0.415228 0.125636 -0.104693 0.208054 -0.394967 -0.285015 -0.257753 -0.016915 0.199930 -0.322907 0.001908 0.053335 0.052867 
1.311665 -0.343388 0.498065 0.070107 -0.085669 0.154275 -0.370663 -0.310837 -0.277391 0.021506 0.137467 -0.230787 -0.076563 0.127860 0.048322 
1.366146 -0.450537 0.562831 0.018468 -0.045373 0.117365 -0.354961 -0.327865 -0.278073 0.032922 0.110223 -0.217074 -0.086490 0.127042 0.057845 
1.283758 -0.412202 0.459171 0.127982 -0.159703 0.177553 -0.409601 -0.276337 -0.266805 -0.049279 0.161780 -0.295355 0.001352 0.094616 0.038428 
1.342668 -0.455703 0.527009 0.117192 -0.119877 0.133984 -0.368246 -0.284381 -0.290906 0.008225 0.120531 -0.277262 -0.027984 0.112258 0.040541 
1.242877 -0.490269 0.522256 0.090415 -0.057703 0.074028 -0.326127 -0.283633 -0.280480 -0.048283 0.153052 -0.317558 -0.017424 0.119228 0.002550 
1.209412 -0.424508 0.504944 0.159407 -0.132450 0.129008 -0.371209 -0.260171 -0.270392 -0.050610 0.133806 -0.314783 -0.017222 0.123170 0.012595 
1.154158 -0.341343 0.478121 0.214984 -0.185876 0.108543 -0.372655 -0.211742 -0.258785 -0.100917 0.136723 -0.312625 0.008627 0.118520 -0.005599 
1.125961 -0.327691 0.504055 0.167914 -0.105128 -0.024150 -0.303277 -0.221696 -0.245547 -0.126496 0.094530 -0.251906 -0.038260 0.146384 -0.007118 
1.217879 0.068345 0.281654 0.153370 -0.084547 0.078587 -0.384069 -0.254597 -0.259068 -0.064566 0.115774 -0.250711 -0.022385 0.149049 -0.036129 
1.058189 -0.455015 0.500762 0.301948 -0.216336 0.136905 -0.408601 -0.185282 -0.189321 -0.110912 0.149967 -0.314175 -0.018785 0.139126 0.031973 
1.067732 0.057316 0.089050 0.412606 -0.096340 -0.195826 -0.153682 -0.188429 -0.278841 -0.065636 0.039490 -0.253447 0.010219 0.113109 -0.004075 
0.745117 0.379275 0.111220 0.255287 0.010059 -0.125524 -0.201827 -0.181178 -0.245486 -0.052904 -0.011040 -0.169125 -0.025649 0.050951 0.029612 
0.858112 0.286275 0.053721 0.292329 0.009676 -0.127436 -0.254919 -0.273085 -0.236935 -0.118515 0.034662 -0.245421 -0.020446 0.076347 0.036635 
-0.097747 0.367120 0.112231 0.087363 -0.028388 -0.074017 -0.285440 -0.417912 -0.116160 -0.022508 -0.044553 -0.102601 0.018899 0.076760 0.085183 
