city011_027
HIBIYA
74
-0.063061 0.271343 0.365463 -0.017646 0.060805 0.119625 -0.166751 0.011117 -0.074865 -0.238309 0.131274 -0.023376 -0.111236 -0.030158 0.104804 
-0.035321 0.119296 0.626091 -0.161943 0.012626 0.079276 -0.197571 -0.191568 -0.073037 -0.173832 0.079821 -0.098175 -0.092359 0.085346 0.033955 
-0.161144 0.120175 0.582291 -0.239242 0.181768 0.037846 -0.245118 -0.022430 0.077006 -0.098645 0.057959 -0.096119 0.046568 0.006175 -0.002818 
-0.058860 -0.123982 0.492431 -0.277078 0.001481 0.006508 -0.265784 -0.161873 0.024315 -0.015643 0.071643 -0.106186 0.081840 0.040255 -0.007251 
-0.110075 -0.150331 0.553005 -0.453370 0.120390 0.222480 -0.433029 -0.175002 -0.003294 -0.033317 0.093854 -0.048666 -0.034784 0.032093 0.074890 
0.209615 0.001731 0.663126 -0.364959 0.212213 0.158372 -0.494758 -0.152737 -0.043890 -0.155917 0.040854 -0.103165 -0.038239 -0.002322 0.138596 
-0.034770 -0.008931 0.672649 -0.593228 0.034130 0.172123 -0.225722 0.058898 0.176819 -0.066511 0.005234 0.051359 -0.039368 -0.023842 0.062291 
0.048438 -0.039266 0.716576 -0.421344 -0.002043 0.078654 -0.287959 -0.109200 -0.145602 -0.127473 0.136015 -0.108763 0.004676 0.087726 0.012831 
-0.098645 -0.030569 0.782044 -0.282269 -0.158397 -0.003725 -0.277780 -0.068758 -0.084105 -0.122846 0.101095 -0.043641 0.005679 0.064322 0.079749 
0.363605 0.455978 0.856252 -0.437366 -0.010456 0.137326 -0.067343 -0.041244 -0.104514 -0.131014 0.046115 -0.166474 -0.007960 0.027508 -0.008792 
0.561175 -0.417467 1.483751 -0.328794 -0.065506 0.107255 -0.377312 0.099647 -0.291482 -0.187638 0.160356 -0.314733 0.063837 -0.002716 0.029454 
0.664202 -0.609443 1.635466 -0.278213 -0.118204 0.191558 -0.489323 0.167587 -0.296243 -0.246447 0.190102 -0.348530 0.046306 0.020085 -0.025762 
0.592998 -0.671053 1.695364 -0.334681 -0.110349 0.191128 -0.468021 0.174840 -0.293535 -0.240895 0.207068 -0.336351 0.029469 0.041469 -0.028563 
0.657843 -0.734064 1.827445 -0.333361 -0.173523 0.203817 -0.435213 0.156992 -0.256906 -0.276905 0.259937 -0.347836 0.044632 0.023623 -0.002753 
0.611294 -0.838976 1.846110 -0.267430 -0.223513 0.269018 -0.393865 0.099636 -0.213973 -0.285521 0.218731 -0.334947 0.015750 -0.002209 -0.010278 
0.733923 -1.003379 1.773232 0.099823 -0.472443 0.295134 -0.240220 0.060397 -0.299067 -0.164720 0.172120 -0.387244 0.068509 -0.021143 -0.072481 
1.156003 -0.525037 0.929041 0.522104 -0.100353 -0.081076 -0.201699 0.130684 -0.173087 -0.229642 0.093102 -0.297351 0.052420 0.008607 -0.129618 
0.445331 0.211203 0.517760 0.075134 0.068833 0.332309 0.018782 -0.154312 -0.223847 -0.225403 0.104771 -0.140109 -0.176605 -0.031732 -0.075552 
0.226522 0.380398 0.580834 0.131267 0.126342 0.309344 -0.020512 -0.113853 -0.096465 -0.226588 0.069493 -0.119670 -0.223357 -0.009182 -0.056168 
-0.021752 0.411263 0.691959 0.326329 -0.008136 0.243473 0.055572 -0.129476 -0.077615 -0.121633 0.035014 -0.194104 -0.144413 -0.010782 -0.028958 
0.037025 0.272488 0.623103 0.331828 -0.023706 0.267819 0.072701 -0.199283 -0.029388 -0.127621 0.033395 -0.109756 -0.187697 -0.009794 0.013154 
0.950880 -0.675306 0.725623 0.165341 -0.106483 -0.008529 -0.171179 -0.214936 -0.089639 0.103774 -0.116481 -0.192665 0.183662 -0.091897 0.065786 
1.325227 -0.607577 1.213590 0.056129 -0.280859 0.143045 -0.102535 0.021562 -0.162642 -0.042936 0.159553 -0.264236 0.132774 -0.012827 -0.041244 
0.683281 -0.831337 1.861470 -0.021249 -0.356273 0.391080 -0.336461 0.061240 -0.241906 -0.250528 0.130347 -0.377627 0.002177 -0.063648 -0.055402 
0.593158 -0.733249 1.796239 -0.222237 -0.180495 0.301853 -0.425284 0.085134 -0.268181 -0.295067 0.151728 -0.377668 -0.037556 -0.004509 -0.048271 
0.645832 -0.686314 1.804355 -0.337579 -0.074930 0.234895 -0.386518 0.089446 -0.277581 -0.281287 0.183990 -0.392741 -0.027896 0.016568 -0.036441 
0.659647 -0.672624 1.739806 -0.332845 -0.046716 0.228973 -0.419349 0.125155 -0.313466 -0.243099 0.162196 -0.383892 -0.022906 0.022562 -0.034351 
0.631087 -0.683823 1.758761 -0.322430 -0.044542 0.211055 -0.408556 0.132885 -0.314838 -0.230986 0.149733 -0.372752 -0.016332 0.017466 -0.038285 
0.667480 -0.718372 1.809871 -0.402173 -0.000027 0.185242 -0.393570 0.122176 -0.307901 -0.233332 0.164584 -0.371244 -0.025889 0.049695 -0.057605 
0.628623 -0.646915 1.776748 -0.317499 -0.081413 0.222934 -0.424569 0.156600 -0.332657 -0.212268 0.153035 -0.364436 -0.015475 0.044210 -0.058486 
0.652768 -0.697959 1.783768 -0.362182 -0.033490 0.203947 -0.419688 0.138732 -0.314522 -0.222397 0.156443 -0.367322 -0.017153 0.053022 -0.062810 
0.613190 -0.651527 1.781608 -0.308939 -0.075752 0.211870 -0.428870 0.153660 -0.313434 -0.254962 0.192115 -0.398238 0.005561 0.023943 -0.037429 
0.519622 -0.596653 1.720674 -0.333918 -0.046007 0.218751 -0.410953 0.136155 -0.329012 -0.220813 0.146922 -0.365912 -0.032425 0.038335 -0.042143 
0.677504 -0.711805 1.828362 -0.334301 -0.041728 0.180204 -0.413817 0.143660 -0.296122 -0.264187 0.193756 -0.404790 0.028997 -0.002014 -0.030533 
0.544554 -0.613197 1.724743 -0.320951 -0.063058 0.218855 -0.410913 0.131651 -0.328024 -0.227381 0.156217 -0.374622 -0.029340 0.044762 -0.049449 
0.660873 -0.731767 1.802039 -0.317509 -0.014051 0.148812 -0.411571 0.139678 -0.296119 -0.269317 0.187500 -0.410392 0.025595 0.014472 -0.049728 
0.636670 -0.680367 1.796671 -0.282384 -0.088216 0.194721 -0.436674 0.169347 -0.334013 -0.236662 0.164551 -0.375407 -0.002109 0.034114 -0.054291 
0.545505 -0.626316 1.743916 -0.268046 -0.109496 0.197992 -0.393869 0.136639 -0.323470 -0.226178 0.159574 -0.362134 -0.013899 0.033543 -0.043515 
0.607175 -0.651741 1.798615 -0.269091 -0.131854 0.211097 -0.425102 0.159434 -0.318047 -0.224466 0.165108 -0.363914 0.022411 0.015525 -0.047679 
0.574884 -0.625300 1.737104 -0.271612 -0.136452 0.224828 -0.411913 0.134640 -0.299832 -0.215319 0.148210 -0.340042 0.007179 0.022008 -0.046791 
0.693936 -0.722754 1.778217 -0.301505 -0.121494 0.201271 -0.398770 0.111578 -0.248700 -0.271327 0.207110 -0.366936 0.041129 -0.014285 -0.001096 
0.703588 -0.713694 1.794615 -0.279363 -0.161809 0.199083 -0.412375 0.133338 -0.262164 -0.252111 0.189546 -0.314174 0.011498 0.019251 -0.017484 
0.739899 -0.732093 1.717566 -0.236097 -0.199882 0.180265 -0.434766 0.151942 -0.269549 -0.254928 0.209524 -0.298389 0.022821 0.006577 0.025442 
0.804867 -0.845642 1.629356 -0.222033 -0.253223 0.191106 -0.478260 0.158699 -0.283349 -0.238096 0.205588 -0.263313 0.010669 0.024218 0.051869 
0.913036 -0.942939 1.652270 -0.279015 -0.303122 0.066371 -0.430202 0.091259 -0.258682 -0.217593 0.231174 -0.221452 0.080453 0.011980 0.095217 
0.948982 -1.053962 1.458739 -0.322235 -0.324789 -0.016205 -0.431561 -0.004285 -0.232364 -0.181516 0.203284 -0.148844 0.140800 -0.000009 0.138268 
0.907559 -1.163965 1.072334 -0.463659 -0.095876 -0.148505 -0.268146 -0.241101 -0.181091 -0.108687 0.217063 -0.007836 0.090080 -0.003007 0.178073 
1.164865 -1.294245 1.043316 -0.397624 -0.322245 -0.155634 -0.249628 0.013783 -0.125076 -0.016884 0.220072 -0.017689 0.174395 -0.085611 0.089417 
1.192667 -1.338591 0.809091 -0.443024 -0.253006 -0.227507 -0.358142 -0.000029 0.030497 0.065861 0.206205 0.051505 0.210529 -0.064053 0.007720 
1.174106 -1.130652 0.686404 -0.387920 -0.201956 -0.332138 -0.360159 -0.016758 0.251998 0.121091 0.018355 0.075498 0.255928 -0.019380 -0.181478 
1.137583 -1.261757 0.583527 -0.407153 -0.072993 -0.381961 -0.249918 0.128180 0.304340 0.081991 -0.002545 0.017790 0.107091 -0.105905 -0.082276 
1.208427 -1.312577 0.381828 -0.411393 -0.093584 -0.356393 -0.146975 0.135437 0.289502 0.140227 0.024836 -0.132996 0.033738 0.028415 -0.188043 
1.332955 -1.221555 0.159447 -0.421198 -0.062342 -0.359472 -0.050309 0.014916 0.308892 0.241894 -0.012000 -0.215137 0.080597 0.027264 -0.241754 
1.418688 -1.165184 0.087444 -0.509144 -0.044814 -0.316905 0.021550 -0.124564 0.383052 0.327481 -0.154189 -0.174238 0.097378 -0.057058 -0.130129 
1.527959 -1.187075 0.042928 -0.566443 -0.016682 -0.310121 0.067818 -0.139322 0.385461 0.318887 -0.170096 -0.195814 0.113901 -0.078048 -0.095136 
1.501209 -1.197139 0.073854 -0.529109 -0.025260 -0.240979 -0.004969 -0.053015 0.305943 0.371534 -0.204309 -0.164416 0.014400 0.005035 -0.149833 
1.394533 -1.183657 0.136511 -0.553413 -0.005003 -0.233578 -0.022936 -0.021891 0.302583 0.325689 -0.099947 -0.286517 0.076415 -0.036688 -0.112731 
1.356225 -1.206806 0.144648 -0.537129 -0.015017 -0.224498 -0.017451 -0.019974 0.302874 0.322098 -0.065719 -0.304284 0.030911 -0.007660 -0.114493 
1.319588 -1.219187 0.227113 -0.557242 -0.000733 -0.223210 -0.017840 -0.027034 0.308219 0.332240 -0.077505 -0.306792 0.039066 -0.012664 -0.125434 
1.278254 -1.202671 0.129984 -0.554568 -0.008145 -0.200601 -0.032596 -0.022498 0.269798 0.364136 -0.084046 -0.283981 0.017173 0.004574 -0.142734 
1.248261 -1.282255 0.195960 -0.593840 0.010896 -0.191879 -0.042022 0.002969 0.265169 0.354070 -0.074697 -0.313279 0.024864 0.000197 -0.131585 
1.243952 -1.227543 0.140912 -0.557314 -0.027869 -0.155060 -0.067555 0.024045 0.233637 0.381566 -0.088752 -0.294812 0.014845 0.000384 -0.144828 
1.255682 -1.231043 0.174681 -0.590614 0.011752 -0.167449 -0.045668 -0.017224 0.258798 0.350718 -0.034424 -0.344652 0.037073 -0.014776 -0.103625 
1.302044 -1.272938 0.178160 -0.622534 0.044006 -0.149483 -0.059809 -0.010315 0.254059 0.331312 -0.037281 -0.333814 0.026969 0.001807 -0.106077 
1.343355 -1.289090 0.158229 -0.603484 0.018314 -0.104026 -0.080572 -0.010279 0.261980 0.305989 -0.019135 -0.352559 0.046550 -0.015718 -0.079793 
1.360810 -1.321427 0.150918 -0.643969 0.051665 -0.130295 -0.063620 -0.026642 0.271223 0.305682 -0.031654 -0.351603 0.098885 -0.071540 -0.064091 
1.433217 -1.279447 0.123833 -0.609031 0.014033 -0.079806 -0.073688 -0.028033 0.249287 0.287062 -0.004123 -0.346987 0.114170 -0.116783 -0.025611 
1.595722 -1.226375 -0.006798 -0.428645 -0.147015 0.064674 -0.170840 0.072851 0.153607 0.337996 -0.040457 -0.314479 0.127256 -0.176742 -0.012619 
1.614356 -1.071630 -0.123468 -0.303331 -0.194413 0.062761 -0.063390 -0.006560 0.203490 0.320111 -0.084162 -0.290931 0.096750 -0.180033 0.029273 
1.515026 -0.981959 -0.385982 -0.215453 -0.092349 -0.038339 -0.058694 -0.031157 0.215613 0.349799 -0.046793 -0.351253 0.070966 -0.100052 -0.015787 
1.381236 -0.794258 -0.429108 -0.315400 -0.136473 -0.006364 -0.059143 -0.040225 0.268188 0.330846 -0.038075 -0.407055 0.097546 -0.102976 0.006479 
0.893929 -0.901224 -0.412558 -0.277246 -0.218298 -0.009708 -0.122012 0.012552 0.270369 0.389954 -0.026472 -0.361678 0.060020 -0.174296 -0.011896 
0.725438 -0.618232 -0.546912 -0.252383 -0.209574 0.056163 -0.076474 -0.095728 0.287333 0.390970 -0.055534 -0.317525 -0.013833 -0.134216 0.079781 
-0.150067 -0.615275 -0.397867 -0.209075 -0.230082 -0.097530 0.010680 -0.075342 0.332405 0.243920 0.062932 -0.291630 -0.103116 -0.015471 -0.018935 
