city011_021
NAKANO
76
0.175205 0.145865 0.021253 0.071655 0.185635 0.155088 -0.220432 -0.154342 -0.012026 -0.023158 0.062316 -0.068200 -0.051425 -0.018219 0.020375 
0.364686 0.646053 0.420615 0.429866 0.147988 0.040096 -0.077944 -0.037793 -0.104471 0.018786 -0.127195 -0.185356 -0.004814 -0.010085 -0.158461 
0.573831 -0.299061 0.886741 0.353904 -0.211686 0.214010 -0.163023 -0.346459 -0.026867 -0.022213 -0.243846 -0.246566 0.076429 -0.097342 -0.120559 
0.840241 -0.660441 0.825984 0.321853 -0.093758 0.141313 -0.262952 -0.343013 0.039926 0.083741 -0.282458 -0.255731 0.146989 -0.048045 -0.054957 
1.401235 -0.722286 0.435642 0.031736 -0.010565 -0.048556 -0.133123 -0.250558 -0.026457 0.342037 -0.275309 -0.084179 0.181898 -0.061464 0.054122 
1.601829 -1.057304 0.204830 -0.254810 0.020609 -0.095483 -0.248350 0.133418 -0.098445 0.391697 -0.227685 -0.176729 0.294644 -0.103867 -0.009551 
1.386451 -1.201604 0.123393 -0.464924 0.116731 -0.093774 -0.176057 0.143878 -0.044657 0.291274 -0.123492 -0.219485 0.176873 0.032857 -0.059445 
1.200553 -1.322706 0.127606 -0.585114 0.171432 -0.010935 -0.087827 0.149409 0.025456 0.183708 -0.079909 -0.318724 0.114202 0.141727 -0.087146 
1.178896 -1.415070 0.138346 -0.655547 0.194458 0.054758 -0.062678 0.166037 0.001399 0.197816 -0.100024 -0.367818 0.110207 0.159005 -0.013217 
1.131209 -1.468948 0.137091 -0.668097 0.196540 0.101596 -0.073040 0.165775 -0.027912 0.212170 -0.077789 -0.382595 0.117171 0.112371 0.045922 
1.097884 -1.360382 0.093940 -0.671857 0.227782 0.101590 -0.053124 0.134950 -0.098165 0.292218 -0.110992 -0.323876 0.085308 0.098711 0.057400 
1.299854 -1.334463 0.140270 -0.670294 0.241732 0.089740 -0.088170 0.132119 -0.166813 0.359543 -0.119797 -0.263227 0.066950 0.067173 0.075961 
1.413923 -1.182615 0.093389 -0.472384 0.117616 0.029473 -0.082600 0.038739 -0.111310 0.375398 -0.120808 -0.230522 0.127724 -0.016017 0.054721 
1.771583 -1.072690 -0.037386 -0.134286 0.027955 -0.067273 -0.026259 -0.065267 -0.088676 0.488827 -0.218649 -0.158765 0.141159 -0.089332 0.070594 
1.611954 -0.816977 0.121731 0.022169 0.139035 -0.180813 -0.068681 -0.231907 -0.123096 0.441215 -0.266652 -0.082901 0.141188 -0.032387 0.078766 
1.043545 -0.298419 0.264892 0.247712 0.178323 -0.092990 -0.188517 -0.378414 -0.033650 0.222812 -0.262443 -0.208806 0.068439 0.039445 0.040656 
0.756324 -0.012933 -0.040787 0.244566 0.063588 0.043319 0.038141 -0.214660 -0.121674 0.202516 -0.070178 -0.102412 0.054122 -0.017145 -0.061055 
0.783058 -0.118913 -0.011804 0.282729 0.022658 0.061702 -0.159404 -0.262895 -0.049951 0.092957 -0.013730 -0.148872 0.038412 -0.010047 0.002769 
0.802253 -0.147490 0.173128 0.242425 -0.080460 0.099252 -0.199259 -0.434264 -0.094053 0.082741 -0.092918 -0.139142 0.020923 -0.009215 0.004573 
0.423308 -0.110723 -0.076259 0.166279 -0.106244 0.089844 -0.091250 -0.282335 -0.067863 0.095520 0.040694 -0.131012 0.114973 -0.055401 -0.045859 
-0.185834 -0.537794 -0.288992 -0.004458 -0.085183 0.072744 0.088242 -0.062807 -0.026200 0.138156 -0.098600 -0.084272 0.105986 0.004225 -0.090002 
-0.166118 -0.505544 -0.427695 -0.138616 -0.144821 0.115888 -0.011444 -0.060111 0.126187 0.081954 -0.004992 -0.136583 0.070854 -0.078058 -0.001948 
0.591328 -1.079659 -0.453984 -0.070913 0.255818 -0.220194 -0.090856 0.157150 0.088910 0.014049 -0.059176 -0.079125 0.035479 0.031613 -0.028700 
0.837218 -0.979379 -0.448871 -0.325168 0.417010 -0.155666 -0.229155 0.231661 0.100279 0.063983 -0.084702 -0.104339 -0.043657 0.068864 0.102755 
1.427264 -0.654228 -0.090451 0.055689 0.060595 -0.413404 -0.242292 -0.067778 -0.078159 0.208145 -0.061108 -0.063758 0.196661 0.057825 0.051155 
1.520200 -1.183789 0.264275 -0.318043 0.095037 -0.388275 -0.410370 0.111859 -0.238465 0.402358 0.121090 -0.161216 0.209401 0.128897 0.028906 
1.502145 -1.192982 0.237750 -0.516218 0.060474 -0.277304 -0.299138 0.065497 -0.103261 0.403436 0.169787 -0.165994 0.073290 0.079841 -0.000867 
1.420633 -1.171622 0.289402 -0.641229 0.024151 -0.174111 -0.252368 0.066226 -0.065509 0.403112 0.201142 -0.168074 -0.051728 0.068598 -0.023265 
1.343643 -1.240410 0.266524 -0.682323 0.031069 -0.122806 -0.203352 0.066944 -0.054679 0.386054 0.206685 -0.215293 -0.050999 0.018872 -0.016473 
1.303915 -1.320060 0.239758 -0.682555 0.023249 -0.069027 -0.166971 0.073676 -0.074060 0.383874 0.176432 -0.211771 -0.076700 0.018238 -0.037537 
1.275630 -1.369857 0.220235 -0.719196 0.020313 -0.034223 -0.135212 0.067970 -0.083612 0.376117 0.175641 -0.198056 -0.092306 -0.003102 -0.057177 
1.251257 -1.348899 0.198041 -0.765810 0.050614 -0.041673 -0.095566 0.053257 -0.093582 0.357042 0.209494 -0.215182 -0.069845 -0.051375 -0.055734 
1.335600 -1.380411 0.148609 -0.746810 0.043174 0.005805 -0.133126 0.103366 -0.139707 0.377846 0.194305 -0.211711 -0.093147 -0.038698 -0.040421 
1.311090 -1.367313 0.150131 -0.759411 0.040242 0.027323 -0.108227 0.070205 -0.101221 0.352376 0.200775 -0.229490 -0.101077 -0.038146 -0.046609 
1.284862 -1.355431 0.131891 -0.727068 0.046508 0.032221 -0.097486 0.070066 -0.082564 0.340653 0.166830 -0.256417 -0.087144 -0.008851 -0.047195 
1.328933 -1.386313 0.143600 -0.751646 0.096703 0.022948 -0.095659 0.087277 -0.100774 0.362713 0.134695 -0.286637 -0.060746 -0.015354 -0.008835 
1.244915 -1.341040 0.102166 -0.717406 0.122756 0.052087 -0.085219 0.098434 -0.056427 0.332625 0.029182 -0.311551 -0.028226 0.049946 -0.013861 
1.210490 -1.298625 0.060899 -0.688559 0.211008 0.081794 -0.017852 0.085433 -0.004833 0.236132 -0.061008 -0.367963 0.056067 0.121696 0.038273 
1.269003 -1.284479 0.097078 -0.686256 0.205464 0.071522 -0.063776 0.111676 0.014222 0.254972 -0.129307 -0.335881 0.073750 0.125740 0.023560 
1.296859 -1.299912 0.136900 -0.610560 0.190337 0.013370 -0.078242 0.142174 0.007276 0.262015 -0.161535 -0.315266 0.140174 0.071768 0.005422 
1.366375 -1.307960 0.228642 -0.548455 0.167546 -0.024276 -0.135987 0.181111 0.005056 0.255459 -0.186320 -0.246768 0.141059 0.047976 0.012393 
1.478585 -1.313637 0.280097 -0.488317 0.140000 -0.048451 -0.228815 0.182273 0.004778 0.268984 -0.207907 -0.143819 0.160509 -0.058054 0.064363 
1.654423 -1.278593 0.307065 -0.327924 0.088380 -0.048912 -0.302388 0.153117 -0.039750 0.286816 -0.191105 -0.126340 0.192332 -0.046894 0.031558 
1.539857 -1.077225 0.447792 -0.042717 -0.008021 0.078262 -0.214116 -0.184152 0.032214 0.298694 -0.302861 -0.034225 0.170011 -0.103077 0.111919 
1.300601 -0.824296 0.870421 0.162289 -0.163535 0.338119 -0.395150 -0.408781 0.051481 0.083527 -0.262006 -0.187388 0.071079 -0.065452 0.057093 
1.318400 -0.867415 0.891255 0.181517 -0.136443 0.331747 -0.383765 -0.444061 0.091927 0.016149 -0.249685 -0.210226 0.040069 -0.041022 0.008504 
1.297506 -0.823275 0.939765 0.164953 -0.167309 0.345455 -0.363508 -0.434134 0.050222 0.013063 -0.250728 -0.207235 0.046890 -0.073171 0.004876 
1.205766 -0.683799 0.924529 0.135622 -0.198986 0.378672 -0.299077 -0.476885 0.027496 0.000146 -0.208476 -0.193170 0.011824 -0.064071 -0.026573 
1.237953 -0.755488 0.956832 0.123931 -0.219609 0.405719 -0.299773 -0.445739 -0.000758 -0.042141 -0.173270 -0.223575 0.045231 -0.111149 -0.039958 
1.173823 -0.655109 0.903442 0.094681 -0.199563 0.431498 -0.252622 -0.438244 -0.089640 0.018703 -0.197562 -0.184757 0.035118 -0.178656 0.004950 
1.759692 -0.893850 0.499303 -0.450790 0.108944 0.171600 -0.358108 -0.095259 -0.318900 0.339589 -0.034906 -0.146595 0.215879 -0.182490 0.093413 
1.776804 -1.065989 0.397844 -0.571423 -0.018368 0.169117 -0.371035 0.120708 -0.320496 0.326805 0.081618 -0.168309 0.238146 -0.163588 0.002443 
1.689833 -1.092266 0.376836 -0.664106 -0.023883 0.162626 -0.266801 0.048853 -0.343259 0.257606 0.120653 -0.121356 0.268460 -0.155955 -0.055920 
1.665392 -1.056261 0.296782 -0.637650 -0.086740 0.075369 -0.182384 0.075334 -0.331988 0.134576 0.066543 -0.043884 0.296442 -0.015011 -0.123822 
1.748562 -1.155611 0.347878 -0.639743 -0.204839 0.091132 -0.128276 0.144396 -0.384849 0.100717 0.038928 -0.021689 0.400040 -0.088471 -0.078622 
1.730458 -1.099162 0.280022 -0.618546 -0.217637 0.077014 -0.152984 0.145385 -0.269875 0.019055 0.016946 -0.004330 0.375746 -0.025371 -0.091194 
1.791632 -1.074948 0.376722 -0.659381 -0.338231 0.048981 -0.192938 0.221732 -0.140432 -0.023612 -0.034260 -0.058557 0.344026 0.031679 -0.073952 
1.752196 -1.014193 0.376136 -0.679296 -0.350426 0.031842 -0.179459 0.274945 -0.131037 -0.003839 -0.057867 -0.082304 0.334382 -0.013425 -0.049062 
1.750525 -1.030890 0.385439 -0.706166 -0.317027 -0.032027 -0.139961 0.267988 -0.095126 0.003558 -0.090607 -0.060686 0.298588 0.002892 -0.057522 
1.708915 -1.000037 0.351841 -0.723481 -0.299545 -0.048830 -0.122047 0.249532 -0.064131 -0.033985 -0.065116 -0.074396 0.321517 0.011357 -0.070876 
1.689752 -0.945930 0.310599 -0.696648 -0.285926 -0.054317 -0.133024 0.267507 -0.099664 -0.017040 -0.092461 -0.038227 0.303246 0.023261 -0.069566 
1.804381 -1.078939 0.371670 -0.748984 -0.273343 -0.032246 -0.175658 0.304904 -0.146528 0.013914 -0.113429 -0.026755 0.352472 -0.010960 -0.028423 
1.695404 -0.994763 0.264828 -0.716982 -0.279392 -0.068489 -0.122978 0.253795 -0.099372 -0.034916 -0.084054 -0.010320 0.348794 0.046855 -0.087951 
1.695425 -0.941166 0.194810 -0.669481 -0.311771 -0.042483 -0.130254 0.260607 -0.118348 -0.046671 -0.054776 -0.023306 0.374677 0.032506 -0.079420 
1.759898 -0.992241 0.251020 -0.713947 -0.310055 -0.061049 -0.134513 0.242288 -0.093628 -0.068262 -0.054862 -0.004503 0.362234 0.060384 -0.057281 
1.663468 -0.874264 0.156338 -0.667866 -0.356636 -0.040177 -0.129022 0.248399 -0.074671 -0.102004 -0.007493 -0.016011 0.350213 0.060958 -0.066972 
1.758039 -0.848134 0.178547 -0.752869 -0.300935 -0.050497 -0.170344 0.265475 -0.098827 -0.100139 -0.012141 0.019394 0.310389 0.097003 -0.013161 
1.741680 -0.742994 0.166885 -0.838277 -0.286442 -0.045194 -0.193229 0.240882 -0.086645 -0.081202 0.000119 -0.001421 0.293657 0.165101 -0.033326 
1.777956 -0.478824 0.092792 -0.891122 -0.379335 0.051475 -0.138003 0.141591 -0.114080 -0.001827 0.026995 -0.120992 0.371478 0.126436 -0.018688 
1.694744 -0.073049 0.070479 -0.988495 -0.438251 0.088338 -0.040430 0.153885 -0.168445 0.078157 -0.031237 -0.148531 0.371780 0.078835 0.000282 
1.507205 0.011086 0.104793 -0.995314 -0.428922 0.045784 -0.051981 0.133257 -0.158400 0.070044 0.063048 -0.201055 0.404928 0.066608 -0.061448 
1.306329 0.079518 0.163284 -0.982875 -0.513913 0.030013 -0.072918 0.134914 -0.098779 0.046180 0.115099 -0.188232 0.350494 0.093692 -0.063335 
0.927987 0.408273 0.050864 -1.081336 -0.582877 0.098526 -0.067711 0.155633 -0.074911 0.072694 0.032224 -0.118052 0.371705 0.134625 -0.050196 
0.746949 0.233789 -0.285527 -0.625395 -0.678338 -0.064692 0.116030 0.089482 -0.073499 0.061390 0.019655 -0.021308 0.259165 0.111783 0.052420 
0.430982 0.146180 -0.255445 -0.487234 -0.592694 0.012733 0.109286 -0.059790 -0.069669 0.155120 0.061038 -0.000465 0.223979 0.021236 -0.139956 
0.044579 0.114430 -0.116248 -0.356385 -0.349359 -0.004390 -0.114408 -0.154967 0.030781 0.255223 0.112481 -0.001584 0.025803 0.057992 -0.175359 
