city011_057
DOOTONBORI
111
-0.026150 0.402125 0.311983 0.278241 0.109446 0.018204 -0.043370 -0.118600 -0.056299 -0.084148 0.015618 -0.123321 -0.076173 0.017322 -0.011528 
0.984909 0.753108 -0.039876 -0.247245 -0.198831 0.117132 0.045452 -0.012278 -0.024681 -0.070703 -0.040828 -0.068926 0.046397 -0.012113 0.026594 
1.007548 0.557387 -0.215176 -0.064512 -0.181730 -0.181161 -0.237994 -0.115610 -0.109065 -0.085314 0.014179 0.059639 0.097998 0.017125 0.105177 
1.115044 0.747754 -0.034302 -0.088662 -0.393364 -0.083574 -0.087127 -0.178717 -0.058516 -0.079801 -0.155353 0.045132 -0.005508 0.013260 0.076156 
1.018168 0.575588 -0.025004 0.068120 0.020439 0.124649 0.016835 -0.225198 -0.041595 -0.042613 -0.025617 -0.039776 0.012115 -0.061702 0.009274 
0.937236 0.806339 0.125536 0.108066 -0.081761 -0.081707 -0.165965 -0.178538 -0.036293 -0.117486 -0.057464 -0.000360 -0.003775 -0.017790 0.070387 
0.831258 0.694539 0.007140 -0.172896 -0.164787 0.022940 0.021072 -0.250305 -0.128147 -0.012899 -0.046577 -0.019289 0.079262 0.004286 -0.009930 
0.466419 0.507839 0.272035 0.247970 -0.032983 0.145201 0.040449 -0.219285 -0.124914 0.066604 -0.141224 -0.134407 0.061610 -0.105978 -0.062873 
0.313356 0.538799 0.345428 0.231259 -0.075540 0.006671 -0.016223 -0.134028 -0.018585 0.027510 -0.137414 0.005996 0.033967 -0.082951 0.036451 
0.351643 0.700673 0.450400 0.376165 0.076098 0.036509 -0.151385 -0.133972 -0.035032 0.046085 -0.241665 -0.132602 0.129650 -0.154640 -0.012878 
0.673008 0.236957 0.611081 0.308674 -0.186163 0.228855 -0.096918 -0.362647 -0.070607 0.019709 -0.250798 -0.171912 0.034341 -0.116093 -0.080251 
0.956444 0.181061 0.480604 0.338498 -0.107373 0.282904 -0.174106 -0.495496 -0.014378 0.070459 -0.248533 -0.182560 -0.022890 -0.081376 -0.023062 
0.838238 0.267096 0.438364 0.272133 -0.094890 0.314351 -0.181526 -0.473000 -0.101722 0.072802 -0.186871 -0.257670 0.052293 -0.171626 -0.010950 
0.845128 0.257544 0.359491 0.230542 -0.074426 0.261318 -0.194662 -0.487174 -0.152510 0.116488 -0.253528 -0.169528 0.000759 -0.137727 0.006252 
0.760325 0.404138 0.266919 0.221496 0.003666 0.191750 -0.151309 -0.496409 -0.139272 0.079112 -0.204378 -0.221536 0.035167 -0.167187 0.013559 
0.406148 0.451045 0.237193 0.222949 0.100236 0.338362 -0.073697 -0.418742 -0.069308 -0.012489 -0.008952 -0.236213 -0.059492 -0.104766 -0.100623 
0.197129 0.217827 0.249435 0.257072 0.152210 0.144261 -0.087907 -0.111495 -0.088620 -0.004469 0.020778 -0.058516 -0.146404 0.034055 0.012153 
0.677339 -0.687007 0.443810 -0.309797 0.025031 -0.080792 -0.033984 0.045693 -0.103116 0.011865 0.011443 0.047711 -0.020253 -0.037745 0.082979 
1.402279 -0.623487 0.588702 -0.442470 0.001340 -0.050175 -0.447427 -0.111436 -0.164194 0.067655 -0.030414 -0.089420 0.279214 -0.025190 0.012773 
1.529888 -0.921761 0.543292 -0.507335 0.008278 0.052176 -0.411444 -0.154227 -0.282228 -0.005168 0.064394 -0.024973 0.302375 -0.052567 -0.034701 
1.604840 -0.946638 0.273506 -0.494227 -0.065621 0.017904 -0.273158 -0.168725 -0.218302 -0.011348 0.133185 0.114206 0.268872 -0.030419 -0.105734 
1.747380 -0.858894 0.267485 -0.616105 -0.011842 -0.019524 -0.219055 -0.077420 -0.292180 -0.001000 0.026402 0.154835 0.269241 0.000381 -0.034457 
1.661114 -0.809450 0.225378 -0.596768 -0.059126 -0.035729 -0.161388 -0.013462 -0.248626 -0.120609 0.015903 0.177934 0.283610 0.025236 -0.043233 
1.700269 -0.739662 0.277605 -0.649147 -0.098564 -0.104550 -0.135942 0.117846 -0.184325 -0.163736 -0.034257 0.125449 0.221024 0.086142 0.006403 
1.670125 -0.799673 0.342772 -0.668880 -0.128693 -0.092187 -0.066030 0.115633 -0.200419 -0.197839 -0.043886 0.125183 0.225899 0.091619 0.031212 
1.670029 -0.767100 0.240318 -0.645790 -0.025676 -0.117224 -0.057274 0.074930 -0.175069 -0.117569 -0.115090 0.067556 0.263164 0.120769 -0.064381 
1.749475 -0.816515 0.319618 -0.667126 -0.003959 -0.146100 -0.133560 0.083791 -0.141729 -0.094168 -0.131995 0.052540 0.249988 0.119850 -0.055610 
1.738028 -0.811336 0.351841 -0.632556 -0.044617 -0.177988 -0.138749 0.145805 -0.165663 -0.118318 -0.068348 0.085556 0.186505 0.098012 -0.035208 
1.714340 -0.875250 0.354745 -0.652998 0.001542 -0.198035 -0.168903 0.147886 -0.191707 -0.103901 -0.026649 0.084513 0.205125 0.092227 -0.033033 
1.702381 -0.872013 0.288331 -0.640676 0.058624 -0.231225 -0.186465 0.099408 -0.194231 -0.104387 0.014248 0.128762 0.209010 0.086935 -0.044781 
1.577206 -0.796072 0.234035 -0.628815 0.162896 -0.255013 -0.288980 0.022250 -0.172445 -0.110846 0.090821 0.174578 0.193878 0.071932 -0.067149 
1.501619 -0.821223 0.310357 -0.675838 0.241031 -0.251044 -0.362391 -0.027967 -0.169915 -0.074660 0.101508 0.165068 0.191936 0.060269 -0.048366 
1.437971 -0.764037 0.281464 -0.644385 0.204576 -0.218272 -0.387008 -0.026125 -0.162997 -0.058569 0.081804 0.184022 0.177580 0.059360 -0.049971 
1.418029 -0.779591 0.294693 -0.658544 0.220578 -0.204016 -0.414004 -0.038609 -0.167798 -0.047313 0.067356 0.183800 0.197305 0.050492 -0.039333 
1.391106 -0.781906 0.323942 -0.669453 0.239562 -0.213308 -0.419662 -0.059482 -0.162013 -0.034851 0.073223 0.170384 0.197309 0.042104 -0.024295 
1.401375 -0.795381 0.350936 -0.653160 0.245289 -0.226586 -0.427945 -0.081577 -0.153636 -0.011694 0.090376 0.147248 0.186408 0.033282 0.006923 
1.431659 -0.812894 0.372014 -0.667650 0.231684 -0.224707 -0.417478 -0.081618 -0.161133 0.010128 0.053412 0.136757 0.215382 0.040403 -0.002002 
1.406540 -0.763437 0.352972 -0.667272 0.233920 -0.223141 -0.412758 -0.093543 -0.146101 0.007585 0.042916 0.132488 0.216838 0.043426 -0.003585 
1.452203 -0.772822 0.339784 -0.678457 0.178652 -0.181696 -0.402780 -0.060790 -0.150106 -0.017269 0.002230 0.170634 0.226661 0.049295 -0.013221 
1.505767 -0.794924 0.353376 -0.708625 0.116323 -0.192968 -0.287428 -0.035411 -0.157857 -0.074811 -0.021335 0.185673 0.255794 0.044944 -0.012619 
1.574372 -0.825018 0.298764 -0.622506 -0.019207 -0.245058 -0.118839 0.029933 -0.256740 -0.080186 -0.027897 0.166415 0.249598 0.119713 -0.036232 
1.501917 -0.825598 0.386104 -0.661284 -0.071564 -0.266403 -0.008992 0.027723 -0.252342 -0.186346 0.008825 0.161139 0.323973 0.028941 0.026441 
1.456513 -0.743437 0.297880 -0.714051 0.138124 -0.229234 -0.232836 0.014997 -0.239468 -0.152085 0.018828 0.218846 0.306931 0.009453 0.002213 
1.428126 -0.686725 0.266096 -0.653056 0.209566 -0.232922 -0.265688 -0.047902 -0.326190 -0.120201 0.147149 0.263218 0.148768 0.020514 -0.021368 
1.391488 -0.609989 0.376482 -0.763709 0.118744 -0.076036 -0.218812 -0.151155 -0.356706 -0.110390 0.140843 0.229332 0.197682 -0.005771 0.016832 
1.625211 -0.323664 0.510656 -0.901366 0.134512 0.179515 -0.393806 -0.119837 -0.313419 0.117657 -0.011828 0.034337 0.261824 -0.190484 0.094330 
1.168220 0.480429 0.178455 -0.376610 0.249368 0.472709 -0.039379 0.014501 -0.162455 0.046908 0.076552 0.033982 0.174808 -0.182235 0.000785 
0.592390 0.454837 0.035732 -0.187427 -0.044939 0.094661 -0.045707 -0.103587 -0.127409 -0.272021 0.091714 -0.047031 -0.018023 0.061403 -0.004984 
0.256126 0.219559 -0.070695 -0.427411 -0.285856 0.079393 -0.195515 -0.127215 -0.144722 -0.129301 0.237671 0.086526 0.093564 0.128580 -0.055877 
0.188190 0.367912 -0.106960 -0.451556 -0.284483 -0.017255 -0.056247 -0.062481 -0.259978 -0.065678 0.169653 0.035985 0.140610 0.148935 -0.027320 
0.246088 0.356247 -0.102548 -0.483517 -0.341582 0.061871 -0.078115 -0.102458 -0.129728 -0.176488 0.169184 0.074496 0.121860 0.149408 0.003046 
0.278226 0.234742 -0.115102 -0.376434 -0.268154 0.093389 -0.078264 -0.079606 -0.130459 -0.055969 0.218892 -0.063934 0.111249 0.082064 -0.101541 
0.051918 0.050829 0.001827 -0.227666 -0.290727 0.176065 0.027651 -0.122401 -0.083702 -0.006138 0.081224 -0.062044 0.101678 0.012275 -0.083698 
0.158463 -0.645891 0.148330 -0.000917 -0.236990 -0.018504 -0.142075 0.063543 0.092858 0.012797 -0.023250 -0.011654 0.057635 -0.052744 0.007646 
0.812303 -0.908217 0.651827 -0.093312 -0.012809 -0.171411 -0.243182 -0.053971 0.075372 0.063968 -0.150998 0.025506 0.133808 -0.052693 0.056067 
1.720928 -0.052058 0.550082 -0.243914 0.107515 0.011407 -0.265272 0.004922 -0.097672 0.108657 -0.119122 -0.140972 0.188212 -0.130701 0.016095 
1.694296 -0.700506 0.300522 -0.661881 -0.026537 -0.071149 -0.262773 -0.028739 -0.203890 0.020007 -0.096823 0.114057 0.315228 -0.010858 0.030956 
1.564855 -0.784478 0.225430 -0.551294 -0.043886 -0.182965 -0.188257 -0.079795 -0.252310 -0.035343 0.143261 0.262123 0.201986 -0.039644 0.010739 
1.572411 -0.947186 0.261632 -0.533526 0.037524 -0.302522 -0.227093 0.005957 -0.278434 0.033869 0.106870 0.214560 0.243791 -0.028136 -0.011225 
1.615367 -1.040346 0.374755 -0.605237 -0.019522 -0.232024 -0.263444 0.123337 -0.258731 -0.018673 0.090488 0.181736 0.255916 -0.035209 -0.008117 
1.722774 -1.053429 0.375710 -0.636995 -0.085935 -0.149662 -0.243646 0.235298 -0.299459 -0.060090 0.095032 0.080453 0.290678 -0.014386 -0.003590 
1.697558 -0.993536 0.352465 -0.716288 -0.099687 -0.169854 -0.143660 0.242997 -0.294232 -0.076896 0.007287 0.046342 0.322956 0.097946 -0.044072 
1.660067 -0.908401 0.282023 -0.742303 -0.247678 0.094231 -0.131125 0.189336 -0.053103 -0.107486 -0.055671 -0.046580 0.281784 0.060724 -0.051220 
1.813245 -0.964539 0.307575 -0.732918 -0.289256 0.199830 -0.175556 0.174946 -0.005615 -0.121019 -0.082327 -0.040187 0.239340 0.057476 -0.006960 
1.827849 -0.926366 0.339406 -0.720950 -0.260869 0.227370 -0.209894 0.180685 -0.004612 -0.110787 -0.065574 -0.100359 0.233350 0.041182 -0.002825 
1.788352 -0.821537 0.364948 -0.662399 -0.249295 0.240676 -0.193692 0.161263 -0.010523 -0.099022 -0.050514 -0.136792 0.202113 0.035476 -0.022556 
1.715880 -0.756872 0.521913 -0.629312 -0.254172 0.243369 -0.055364 0.096559 -0.060889 -0.040604 -0.043861 -0.116607 0.150332 -0.002393 -0.008441 
1.836981 -0.847993 0.690403 -0.505005 -0.406100 0.367383 -0.132832 0.051281 -0.036372 -0.145830 -0.066830 -0.143461 0.172952 -0.004166 0.021430 
1.674622 -0.814455 0.700773 -0.348977 -0.387872 0.396435 -0.154843 -0.011669 0.014702 -0.118221 -0.009241 -0.136374 0.154425 -0.031954 -0.030163 
1.605910 -0.926396 0.747741 -0.193343 -0.268624 0.383649 -0.279795 -0.085786 0.039045 -0.007451 -0.017233 -0.107640 0.112829 -0.036273 -0.026614 
1.288112 -0.841258 0.962969 -0.038896 -0.179614 0.381452 -0.319273 -0.234828 -0.040286 -0.067178 -0.035940 -0.147737 0.008993 -0.030285 -0.008595 
1.206941 -0.846542 1.023877 0.067044 -0.235297 0.447256 -0.338458 -0.261936 -0.067464 -0.148529 -0.028858 -0.207001 -0.006567 -0.082558 -0.013857 
1.213097 -0.822845 1.030981 0.073575 -0.217723 0.442003 -0.362132 -0.227659 -0.074855 -0.111936 -0.056313 -0.200541 -0.009240 -0.065301 -0.020487 
1.246255 -0.830972 1.028246 0.145686 -0.211413 0.438899 -0.374702 -0.264879 -0.042055 -0.061820 -0.087316 -0.239618 -0.000749 -0.052759 -0.001881 
1.259483 -0.811124 1.041081 0.135743 -0.173792 0.421535 -0.318549 -0.313456 -0.020685 -0.055979 -0.117759 -0.217363 -0.036287 -0.041928 -0.038112 
1.092308 -0.693937 0.988116 0.243420 -0.238026 0.419715 -0.244648 -0.328522 -0.027629 -0.094834 -0.084568 -0.268284 0.000943 -0.090519 -0.040826 
1.162984 -0.715129 1.005998 0.272989 -0.213123 0.360611 -0.213140 -0.336849 -0.016554 -0.057623 -0.151837 -0.231156 -0.017410 -0.069963 -0.056549 
1.160017 -0.582219 0.889684 0.282835 -0.203573 0.376882 -0.180139 -0.371523 -0.011599 -0.053760 -0.131008 -0.230211 -0.015065 -0.092213 -0.037891 
1.271316 -0.541084 0.799954 0.293103 -0.280410 0.439234 -0.159012 -0.383560 -0.033216 -0.008095 -0.105631 -0.203216 -0.006301 -0.070067 -0.060082 
1.237623 -0.399064 0.747025 0.319831 -0.315876 0.431192 -0.150493 -0.352353 -0.083953 0.042321 -0.127982 -0.177847 -0.032388 -0.006332 -0.121050 
1.299799 -0.349517 0.745713 0.365972 -0.318882 0.357062 -0.095409 -0.424838 0.035581 -0.066610 -0.161939 -0.170892 -0.006531 -0.089065 -0.045592 
1.180177 -0.229802 0.770347 0.422382 -0.356561 0.372560 -0.114526 -0.391212 0.005410 -0.048228 -0.140752 -0.266389 0.082200 -0.127393 -0.076343 
1.120851 -0.207812 0.760349 0.395642 -0.285967 0.366708 -0.055499 -0.393477 -0.053049 0.022364 -0.193562 -0.189801 -0.049789 -0.026297 -0.158497 
0.937035 0.030895 0.596270 0.379516 -0.254870 0.379030 -0.025972 -0.394073 -0.037963 -0.025907 -0.161123 -0.190289 -0.038404 -0.073340 -0.119197 
0.993000 0.158701 0.574878 0.240180 -0.260921 0.287031 0.053921 -0.371321 -0.166508 0.008595 -0.197244 -0.182962 -0.015109 -0.056419 -0.166178 
1.393692 0.286027 0.252186 -0.417716 -0.342831 0.275422 0.016258 -0.141075 -0.251691 -0.095480 -0.079218 -0.110239 0.201008 0.092060 -0.084084 
1.690980 -0.249277 0.359032 -0.672237 -0.277995 0.258868 -0.246953 -0.039938 -0.318540 -0.136355 0.177565 -0.033224 0.227044 0.141907 -0.088126 
1.661305 -0.643075 0.313926 -0.706561 -0.162702 0.145001 -0.230087 -0.065106 -0.340301 -0.035526 0.179556 -0.032628 0.315363 0.088405 -0.125058 
1.522568 -0.792410 0.152135 -0.550051 -0.156933 -0.047132 -0.224321 -0.044734 -0.268053 0.033063 0.157442 0.105203 0.285659 0.053869 -0.119778 
1.660796 -1.032736 0.315779 -0.596694 -0.224639 0.010022 -0.222600 -0.032995 -0.297729 0.064748 0.154629 0.149152 0.284131 -0.001392 -0.091654 
1.728037 -0.927831 0.211343 -0.644724 -0.127483 0.139090 -0.299421 -0.111977 -0.253018 0.118494 0.183269 0.024907 0.270816 0.014580 -0.161634 
1.685975 -1.011387 0.267713 -0.559333 -0.160645 0.237604 -0.383358 -0.197596 -0.203866 0.159142 0.345431 -0.064974 0.159701 -0.028458 -0.120139 
1.797485 -1.064496 0.298015 -0.535998 -0.164127 0.277519 -0.487770 -0.166753 -0.063973 0.126825 0.331248 -0.153065 0.094516 0.090611 -0.107577 
1.707717 -1.120034 0.380175 -0.296889 -0.185112 0.166563 -0.582401 -0.051090 -0.102145 0.129883 0.301470 -0.212356 0.110265 0.156182 -0.023343 
1.707627 -1.170787 0.398460 0.107212 -0.144591 -0.060584 -0.627913 -0.016379 0.021660 -0.033978 0.096949 -0.072641 0.115265 0.110546 0.071862 
1.105781 -0.730102 0.122439 0.386223 -0.033445 -0.274925 -0.519660 -0.111580 0.091420 -0.135887 0.036595 -0.110885 0.132792 0.119186 0.088799 
0.742968 0.059422 0.135074 0.598463 0.275494 -0.086102 -0.219385 -0.000603 0.074995 -0.048066 -0.165855 -0.163161 0.068680 -0.006722 -0.097529 
0.866511 -0.420107 0.364300 0.021320 -0.054045 0.005526 -0.153421 -0.029802 -0.233017 0.067505 -0.014382 -0.074791 0.100177 -0.100843 0.055319 
0.770468 -0.739482 1.097585 -0.008232 -0.390952 0.099433 -0.283867 -0.008616 -0.239024 -0.143463 0.068469 -0.134464 0.112878 -0.128617 0.100092 
0.634836 -0.604814 1.283908 -0.106626 -0.362043 0.108307 -0.328021 0.001719 -0.252329 -0.163318 0.041885 -0.102078 0.033207 -0.081378 0.117567 
0.522882 -0.477433 1.414510 -0.138362 -0.306862 0.196249 -0.368652 0.017934 -0.214811 -0.260659 0.072748 -0.140372 -0.061156 -0.044741 0.096932 
0.474299 -0.320151 1.445236 -0.100040 -0.299628 0.224356 -0.387906 0.086800 -0.228226 -0.291877 0.123767 -0.155703 -0.125287 0.005004 0.087086 
0.326212 -0.335409 1.369344 -0.100036 -0.163190 0.169922 -0.343885 0.091482 -0.246354 -0.296581 0.139003 -0.192120 -0.181278 0.084637 0.015230 
0.263701 -0.268601 1.411090 -0.075749 -0.176309 0.224946 -0.403261 0.138337 -0.222556 -0.381183 0.184279 -0.230609 -0.169517 0.029197 0.010611 
0.240946 -0.240933 1.390034 -0.116802 -0.151801 0.266270 -0.394132 0.112850 -0.211022 -0.408032 0.256841 -0.334864 -0.136156 0.057955 -0.036530 
0.121236 -0.165251 1.375136 -0.020380 -0.175670 0.212026 -0.355310 0.121320 -0.249149 -0.347617 0.193041 -0.279108 -0.187082 0.115571 -0.069740 
0.091214 -0.005782 1.390692 -0.005734 -0.199548 0.181832 -0.331379 0.128791 -0.297637 -0.317728 0.173435 -0.260520 -0.215863 0.127155 -0.046969 
0.216012 0.143275 1.092746 0.043019 -0.146806 0.201666 -0.363443 0.098228 -0.273841 -0.339499 0.131101 -0.253213 -0.235637 0.115820 -0.056964 
0.378515 -0.035012 1.055977 0.171836 -0.173420 0.193685 -0.200465 -0.008172 -0.131476 -0.314085 0.118286 -0.172017 -0.257372 0.118383 -0.045299 
0.082101 0.090932 0.950580 0.180610 -0.170030 0.191749 -0.237867 -0.045869 -0.177271 -0.383281 0.147811 -0.231935 -0.308634 0.150201 -0.046238 
0.042183 0.223640 0.837875 -0.007156 -0.063014 0.244733 -0.185748 0.035360 -0.235356 -0.206035 0.192129 -0.298806 -0.087495 0.073395 -0.024313 
