city011_062
BOOSOO
81
-0.673778 -0.292897 -0.075739 0.136569 0.014482 -0.125736 -0.015388 0.219409 -0.025556 -0.131355 0.083848 -0.101561 0.167857 -0.100741 -0.004003 
0.676010 -1.138212 -0.022062 -0.107962 -0.115336 0.119394 -0.119654 0.133851 -0.001939 0.000978 0.043111 -0.100220 0.053689 -0.075297 0.110516 
1.331563 -0.492169 0.182493 -0.008052 0.123518 0.014376 -0.223475 -0.088104 -0.063791 -0.107325 0.041928 -0.074686 0.103079 -0.106290 0.063939 
1.723474 -0.204563 0.730116 -0.777180 -0.269036 0.186913 -0.141543 0.030085 -0.060585 -0.208800 0.047225 -0.220379 0.153112 0.017862 0.056743 
1.763523 -0.573191 0.477222 -0.649054 -0.012490 -0.095613 -0.261048 0.081875 -0.019707 -0.099486 -0.012046 -0.061343 0.194484 -0.052662 0.074427 
1.840825 -0.726877 0.425760 -0.688892 -0.081849 -0.102671 -0.288966 0.130004 0.006005 -0.078568 0.005317 -0.079010 0.265875 -0.077509 0.085449 
1.811835 -0.707179 0.455584 -0.821671 -0.056367 -0.174248 -0.248234 0.055443 0.081354 -0.008458 -0.021250 -0.056580 0.240977 -0.060563 0.082657 
1.684379 -0.578616 0.313425 -0.864673 -0.004614 -0.189732 -0.242792 0.003434 0.152306 0.026626 -0.060738 0.000513 0.172032 -0.010306 0.075163 
1.620486 -0.580948 0.417018 -0.943682 0.034242 -0.182469 -0.261054 -0.020310 0.097219 0.097732 -0.034073 0.000768 0.199269 -0.040757 0.062108 
1.622985 -0.592696 0.401139 -0.966889 0.055534 -0.236232 -0.199933 0.041084 0.128036 0.073123 -0.098325 -0.015519 0.201484 -0.048241 0.035431 
1.611180 -0.553193 0.410050 -0.968708 0.047867 -0.212745 -0.227467 0.041879 0.149156 0.061222 -0.092990 -0.018239 0.175975 -0.043094 0.041507 
1.622280 -0.532384 0.354128 -0.974067 0.064229 -0.274515 -0.235218 0.101438 0.159740 0.039933 -0.150793 -0.018567 0.184071 -0.017092 0.033776 
1.625895 -0.590272 0.383973 -0.906414 -0.003640 -0.288823 -0.174277 0.124039 0.154499 0.008535 -0.151968 0.012158 0.150341 -0.018230 0.004750 
1.654754 -0.614896 0.394379 -0.886073 -0.028502 -0.279110 -0.160745 0.149633 0.142311 -0.016174 -0.165272 0.028538 0.145996 -0.033897 0.028597 
1.694197 -0.594310 0.382118 -0.865474 -0.011681 -0.273471 -0.202271 0.153336 0.139053 -0.014679 -0.167611 0.003886 0.185889 -0.065271 0.063517 
1.668513 -0.607502 0.399214 -0.871121 0.001091 -0.282255 -0.183943 0.137158 0.139736 -0.036844 -0.157490 0.019043 0.182229 -0.054115 0.051611 
1.699023 -0.640408 0.403627 -0.854567 -0.016981 -0.269185 -0.193763 0.133953 0.135473 -0.058965 -0.162342 0.019490 0.204170 -0.059942 0.081696 
1.672428 -0.632748 0.399794 -0.878582 -0.000127 -0.277623 -0.181546 0.121062 0.171705 -0.104574 -0.159573 0.035126 0.164955 0.002871 0.027327 
1.620875 -0.598164 0.382238 -0.869119 -0.023571 -0.254921 -0.199900 0.136284 0.176436 -0.125833 -0.161470 0.040946 0.163400 0.002625 0.040616 
1.600321 -0.604548 0.374526 -0.876980 -0.021065 -0.240419 -0.218863 0.135561 0.172396 -0.146331 -0.158325 0.054629 0.164655 0.034855 0.029032 
1.584283 -0.625004 0.385697 -0.920442 -0.005475 -0.239765 -0.196526 0.110326 0.187667 -0.199563 -0.142941 0.039631 0.201585 0.044970 0.054343 
1.526469 -0.623690 0.328752 -0.862050 -0.054024 -0.176843 -0.166165 0.095759 0.145716 -0.206606 -0.164258 0.095721 0.189664 0.072109 0.054274 
1.603850 -0.776990 0.334915 -0.782479 -0.108725 -0.176031 0.004164 0.073693 0.044982 -0.212640 -0.073812 0.072011 0.177889 0.087701 0.021362 
1.590636 -0.908953 0.337463 -0.721583 -0.118568 -0.130496 0.099162 0.148950 -0.124871 -0.136995 -0.011080 -0.036025 0.224629 0.050258 0.010957 
1.581453 -0.955129 0.430850 -0.777958 -0.033035 -0.107042 -0.041373 0.142400 -0.096736 -0.180410 -0.021642 0.077321 0.229917 -0.017333 0.036935 
1.575959 -0.972775 0.392546 -0.719997 0.061007 -0.134565 -0.085685 0.027594 -0.140408 -0.204474 0.097448 0.135913 0.228188 -0.039249 -0.006702 
1.528763 -1.022971 0.453868 -0.692584 0.096789 -0.139510 -0.097707 -0.028728 -0.313239 -0.174847 0.191032 0.162592 0.245153 -0.113944 0.036312 
1.525933 -1.038484 0.511396 -0.592224 0.049660 -0.122606 -0.139699 -0.129094 -0.380073 -0.133421 0.201980 0.158802 0.275577 -0.214802 0.137144 
1.671073 -0.746482 0.283547 -0.527410 0.202947 -0.160562 -0.344913 -0.144838 -0.204242 0.032260 0.047342 0.076260 0.269417 -0.177967 0.156125 
1.703492 -0.541253 0.324058 -0.346432 0.251578 -0.140096 -0.247825 -0.213981 -0.371748 0.032854 0.116980 -0.002918 0.135721 -0.255786 0.260799 
1.308405 -0.269744 0.359879 -0.206149 0.237752 -0.277205 -0.068270 -0.307893 -0.052172 0.244397 -0.085001 0.015136 0.088315 -0.131590 0.310233 
0.765495 -0.466860 0.119376 -0.054574 0.302742 -0.219558 0.093463 -0.097741 0.159468 0.100995 -0.129336 -0.005777 0.038214 -0.035151 0.127201 
0.255411 -0.498927 0.522330 -0.026319 0.366903 -0.174055 0.055527 -0.094732 0.032089 0.099602 -0.092216 0.033419 -0.023530 -0.064321 0.213684 
0.155273 -0.674530 0.428207 -0.004571 0.541481 -0.256145 -0.012634 -0.130246 0.074269 0.068779 -0.022792 -0.070578 0.025538 -0.096792 0.218677 
-0.253269 -0.773826 0.166139 -0.249104 0.343200 -0.182958 -0.083227 0.009312 0.099429 0.033976 -0.096189 -0.008587 0.070836 -0.070818 0.109964 
-0.424043 -0.880612 0.125358 -0.295899 0.120623 -0.123642 0.063258 -0.028589 0.048268 0.080133 -0.040824 -0.030882 -0.069790 0.079601 0.051008 
-0.415288 -0.960742 0.147604 -0.269278 0.099276 -0.089542 0.105197 -0.085392 0.117286 -0.029362 -0.022310 -0.005486 0.008758 -0.053973 0.116168 
-0.397179 -0.946296 0.173257 -0.291230 0.116476 -0.211201 0.061331 -0.029150 0.119416 0.010057 0.036833 -0.073771 -0.031651 -0.004617 0.127859 
-0.082563 -0.717991 0.059707 -0.061384 0.176631 -0.153594 -0.084336 -0.149614 0.180072 0.094922 -0.079251 -0.033923 -0.005476 -0.007245 0.188273 
0.333362 -0.453201 0.255085 -0.281781 0.274676 -0.240579 -0.046981 -0.262011 -0.004425 0.174286 -0.002170 -0.068899 0.033832 -0.011683 0.130101 
0.650017 -0.689866 0.258189 -0.072706 0.317246 -0.191103 -0.168550 -0.101045 0.136126 -0.010248 -0.011325 -0.023561 -0.021009 0.000412 0.148930 
1.126376 -0.370161 0.198400 0.028553 0.190861 -0.020496 -0.182304 -0.178477 -0.060527 0.066346 -0.001169 -0.046754 0.019544 -0.134757 0.211045 
1.943676 -0.592000 0.264425 -0.423466 0.038175 0.006672 -0.193579 -0.116704 -0.188216 0.109703 0.010435 -0.076846 0.329123 -0.271415 0.159387 
1.831112 -1.051346 0.415855 -0.431579 -0.085364 -0.141473 -0.220494 -0.126980 -0.245621 0.008492 0.142384 0.091582 0.304168 -0.218194 0.176233 
1.769594 -1.111165 0.415570 -0.538144 -0.098252 -0.030596 -0.189805 -0.091288 -0.272121 -0.022333 0.170079 0.100056 0.325270 -0.233489 0.104702 
1.856132 -1.158029 0.333050 -0.643912 -0.039151 -0.065888 -0.090316 -0.061374 -0.227952 -0.038361 0.168421 0.103241 0.341604 -0.241908 0.087471 
1.721971 -1.091159 0.288163 -0.710892 -0.070388 -0.055509 -0.098775 -0.057033 -0.137261 -0.057138 0.128702 0.114689 0.380538 -0.182864 0.021780 
1.779359 -1.190560 0.375356 -0.751100 -0.097383 -0.127356 -0.057998 -0.016604 -0.137746 -0.026181 0.100492 0.131087 0.346719 -0.138214 0.018287 
1.669086 -1.170303 0.412090 -0.764986 -0.173343 -0.074217 -0.130702 0.091524 -0.145275 -0.087176 0.200595 0.052049 0.350204 -0.116989 0.021043 
1.579460 -1.153592 0.426930 -0.800962 -0.132425 -0.146272 -0.113076 0.127817 -0.140325 -0.123862 0.248705 0.053952 0.296122 -0.072648 0.001083 
1.543898 -1.167720 0.440879 -0.824487 -0.139301 -0.173945 -0.076769 0.158183 -0.174854 -0.114998 0.247352 0.062610 0.272216 -0.027244 -0.027773 
1.519119 -1.127150 0.417315 -0.780380 -0.179230 -0.134865 -0.114350 0.188969 -0.168465 -0.107432 0.234077 0.085793 0.214208 -0.030806 -0.014289 
1.549396 -1.186574 0.412104 -0.790638 -0.152290 -0.165537 -0.086748 0.167279 -0.141304 -0.132117 0.260452 0.081117 0.213522 -0.015011 -0.035389 
1.560819 -1.119819 0.356980 -0.737547 -0.190513 -0.139658 -0.108254 0.199862 -0.171999 -0.087546 0.228660 0.101442 0.187481 -0.043349 -0.012760 
1.614445 -1.170814 0.368797 -0.735383 -0.199108 -0.130175 -0.086191 0.178270 -0.167898 -0.070391 0.200985 0.123239 0.187940 -0.064490 -0.007880 
1.613901 -1.183439 0.395675 -0.755748 -0.185990 -0.145137 -0.083529 0.189000 -0.196968 -0.044017 0.200626 0.081471 0.266312 -0.129188 0.034433 
1.560801 -1.101333 0.345671 -0.685946 -0.241628 -0.124884 -0.110296 0.195663 -0.204192 -0.026127 0.208234 0.074236 0.267104 -0.133159 0.012279 
1.597921 -1.135566 0.393866 -0.729072 -0.243423 -0.140137 -0.101444 0.191071 -0.192723 -0.066339 0.244002 0.043844 0.292596 -0.101350 0.006886 
1.601943 -1.105107 0.362067 -0.680971 -0.279483 -0.140607 -0.127728 0.232585 -0.193745 -0.099503 0.265122 0.028521 0.258267 -0.027428 -0.031651 
1.625000 -1.116314 0.380975 -0.735356 -0.253607 -0.215757 -0.001092 0.165048 -0.149526 -0.141219 0.247983 0.053269 0.250827 -0.015982 0.009859 
1.633373 -1.097684 0.371743 -0.715534 -0.276226 -0.211484 -0.002875 0.176196 -0.160244 -0.145534 0.244881 0.050953 0.249561 -0.012796 0.038382 
1.556425 -0.996716 0.349925 -0.728213 -0.269809 -0.163943 -0.117371 0.198986 -0.103393 -0.169472 0.210458 0.067958 0.293656 -0.044350 0.016550 
1.578847 -1.006479 0.370460 -0.748766 -0.264701 -0.166644 -0.127043 0.214188 -0.100078 -0.178507 0.203344 0.037953 0.333210 -0.056731 0.031886 
1.628115 -1.041673 0.407262 -0.799702 -0.229422 -0.206766 -0.090414 0.180340 -0.062133 -0.204768 0.205227 0.011911 0.362410 -0.039783 0.011521 
1.628242 -0.986337 0.326573 -0.722126 -0.324915 -0.132761 -0.137952 0.237014 -0.105496 -0.178135 0.181103 0.006818 0.371434 -0.023642 -0.003101 
1.721495 -1.022557 0.309052 -0.708612 -0.336760 -0.117497 -0.143880 0.264967 -0.140142 -0.155226 0.178200 -0.025510 0.427091 -0.082097 0.054841 
1.712269 -1.042499 0.283005 -0.714428 -0.309316 -0.205544 -0.043934 0.211231 -0.107143 -0.187411 0.198704 -0.023085 0.400063 -0.004286 0.020603 
1.676188 -0.958419 0.226391 -0.714856 -0.323192 -0.159244 -0.090851 0.264170 -0.156022 -0.151654 0.172745 0.007984 0.377561 0.008945 0.009173 
1.677989 -0.911431 0.237858 -0.780229 -0.287160 -0.153026 -0.122372 0.277795 -0.158541 -0.135808 0.157532 0.009475 0.409766 -0.034832 0.057664 
1.582979 -0.833560 0.283674 -0.903059 -0.222079 -0.218456 -0.084750 0.225472 -0.087254 -0.169812 0.136731 0.021274 0.425396 -0.021926 0.099400 
1.519295 -0.579381 0.218638 -0.937747 -0.324413 -0.040285 -0.157936 0.176755 -0.078729 -0.116235 0.118766 -0.067111 0.493965 -0.039954 0.144012 
1.579140 -0.018671 0.260836 -1.117019 -0.483675 0.353010 -0.297902 0.167604 -0.087881 -0.063243 0.132047 -0.124320 0.476210 -0.053529 0.048928 
1.424268 0.122310 0.201242 -1.064561 -0.484317 0.317824 -0.217591 0.074796 -0.060171 -0.076516 0.151865 -0.061530 0.483134 -0.052678 0.060568 
0.905042 0.088962 0.112386 -1.046537 -0.488359 0.155615 -0.189565 0.149400 -0.126417 0.058845 0.064982 -0.050936 0.500930 -0.090007 0.154622 
0.788168 0.250114 0.084564 -0.998446 -0.451089 0.198543 -0.172853 0.160813 -0.143742 0.034052 -0.023229 -0.076032 0.458745 -0.097178 0.190868 
0.938068 0.456954 -0.109359 -0.929397 -0.485491 0.152524 -0.032389 0.000619 0.033153 -0.060064 0.054677 -0.031347 0.377109 -0.037746 0.090689 
0.547698 0.364943 -0.288863 -0.786307 -0.432008 -0.055831 0.037529 0.060506 -0.096436 -0.148892 0.264156 -0.034273 0.356490 0.128644 0.077445 
0.617237 0.134579 -0.254480 -0.702371 -0.422997 0.060985 0.023423 0.087398 -0.015590 -0.039020 0.146377 -0.050236 0.218914 -0.046254 0.049363 
0.870197 0.175823 -0.136627 -0.892712 -0.457072 0.087634 -0.038675 0.055167 -0.129107 0.054360 -0.003364 0.053934 0.433056 -0.032220 0.149152 
0.573371 0.403081 -0.268153 -0.601130 -0.439430 -0.038829 0.011783 0.013775 -0.228040 -0.107210 0.192271 -0.006693 0.332271 0.160900 0.079012 
0.279696 0.229878 -0.203833 -0.374583 -0.413040 -0.072577 -0.146055 -0.129262 -0.051828 0.047457 0.220361 0.100574 0.221382 -0.081748 0.110337 
