city011_087
RYUUGASAKI
99
-0.222717 -0.021117 0.174731 0.131546 0.071805 -0.089592 -0.060397 0.054034 -0.063721 -0.068745 0.107548 -0.090153 0.080744 -0.136440 0.167310 
0.015210 0.375792 0.376135 0.199377 0.101743 -0.132997 -0.017244 0.076862 0.051408 -0.041929 0.071635 -0.119169 0.201620 -0.113736 0.028594 
0.346416 0.466734 0.551696 0.327629 0.120162 0.127211 -0.218867 -0.035836 -0.079386 -0.045614 -0.034307 -0.345381 0.150757 -0.131148 -0.032089 
0.469831 0.528775 0.603653 0.259967 0.036499 0.230068 -0.248103 -0.070767 -0.122117 -0.139393 0.009182 -0.378215 0.077393 -0.128848 -0.061344 
0.291946 0.433329 0.818818 0.269190 -0.047796 0.179951 -0.159185 -0.101248 -0.039439 -0.210938 0.010024 -0.318792 0.071156 -0.137962 -0.062886 
0.156365 0.166027 0.874079 0.293306 -0.033447 0.109282 -0.174534 0.069218 -0.076555 -0.193386 0.026766 -0.169902 -0.004077 -0.067866 -0.049015 
0.489523 -0.792810 1.377500 -0.326954 0.001793 0.150348 -0.263027 0.142662 -0.097426 -0.158013 0.166097 -0.194057 0.141459 -0.160868 0.111975 
0.426387 -0.634835 1.844986 -0.204105 -0.109593 0.114162 -0.285138 0.117223 -0.239370 -0.297578 0.107309 -0.205685 -0.043544 -0.175908 0.164465 
0.616957 -0.860889 1.776441 -0.119510 -0.162303 0.245501 -0.375272 0.118327 -0.206040 -0.325930 0.115476 -0.250465 -0.063942 -0.120370 0.063642 
0.723409 -0.919035 1.833809 -0.119373 -0.247563 0.308085 -0.391034 0.089755 -0.210118 -0.326054 0.152084 -0.327147 -0.002265 -0.121443 0.061915 
0.874220 -1.007514 1.842570 -0.085752 -0.288751 0.306990 -0.393936 0.080999 -0.223230 -0.316777 0.149727 -0.347253 0.032477 -0.131535 0.050875 
0.815184 -1.020888 1.686489 -0.143853 -0.180066 0.199039 -0.237437 -0.069643 -0.208834 -0.268403 0.110774 -0.314736 -0.009019 -0.087033 0.047513 
0.903326 -1.052643 1.644800 -0.173141 -0.174735 0.167615 -0.183148 -0.106575 -0.241934 -0.209026 0.076896 -0.285723 -0.022744 -0.051028 0.024281 
0.838575 -0.999384 1.596492 -0.126052 -0.199487 0.129439 -0.171207 -0.140517 -0.195473 -0.235230 0.083307 -0.285713 -0.002324 -0.041561 -0.001074 
0.792197 -0.951787 1.593113 -0.117530 -0.216290 0.037117 -0.087833 -0.177662 -0.171830 -0.232887 0.074850 -0.230034 -0.045986 0.025257 -0.052306 
0.773180 -0.941741 1.516515 -0.064934 -0.240550 0.020042 -0.096627 -0.161081 -0.207221 -0.215103 0.076426 -0.225481 -0.052202 0.046638 -0.069848 
0.830184 -0.991875 1.538631 -0.043213 -0.221353 -0.060999 -0.076045 -0.188750 -0.151570 -0.284638 0.110290 -0.244904 -0.008028 0.002103 -0.031121 
0.891898 -0.982446 1.438164 0.006182 -0.243795 -0.064942 -0.115849 -0.143999 -0.164765 -0.260510 0.084824 -0.188687 -0.023278 0.030999 -0.063709 
0.988074 -1.125676 1.422546 -0.085677 -0.120955 -0.096313 -0.104408 -0.204076 -0.165440 -0.280268 0.113490 -0.253168 0.018998 -0.014387 -0.024994 
1.071538 -1.130834 1.368919 -0.026514 -0.110530 -0.103735 -0.190045 -0.143060 -0.171246 -0.228202 0.042524 -0.235556 0.061458 -0.009169 -0.057697 
1.049962 -1.150700 1.392073 -0.075067 -0.024054 -0.165118 -0.211935 -0.127733 -0.165625 -0.220146 0.007305 -0.237591 0.108358 -0.043362 -0.042474 
1.145851 -1.174737 1.386220 -0.064108 -0.032140 -0.145299 -0.299731 -0.062744 -0.193272 -0.159076 -0.076510 -0.194500 0.140929 -0.065379 -0.027427 
1.212143 -1.200783 1.374553 -0.061144 -0.024515 -0.141090 -0.325332 -0.048714 -0.199663 -0.160400 -0.088245 -0.200851 0.165588 -0.092031 -0.009329 
1.189677 -1.121702 1.351782 0.012110 -0.081885 -0.130620 -0.365825 -0.026086 -0.194138 -0.151469 -0.108235 -0.207925 0.204841 -0.092712 -0.029159 
1.174871 -1.111794 1.337382 0.042191 -0.088000 -0.148967 -0.355487 -0.053690 -0.164628 -0.188055 -0.088462 -0.232649 0.222919 -0.095518 -0.031257 
1.154605 -1.095211 1.363049 -0.006438 -0.036080 -0.163699 -0.379596 -0.023517 -0.188871 -0.144229 -0.144283 -0.202809 0.218875 -0.092122 -0.039870 
1.149064 -1.062466 1.331001 0.013526 -0.062624 -0.124843 -0.414072 -0.039769 -0.168433 -0.158142 -0.115223 -0.250467 0.246069 -0.083871 -0.046472 
1.110005 -0.997760 1.264079 0.011123 -0.058018 -0.114158 -0.411394 -0.055994 -0.173744 -0.157180 -0.092223 -0.265050 0.233895 -0.071689 -0.045548 
1.128736 -1.031253 1.258263 -0.071545 0.032061 -0.145599 -0.381307 -0.113878 -0.125030 -0.199695 -0.056457 -0.284476 0.211332 -0.042836 -0.064663 
1.123751 -0.997404 1.162269 -0.062706 0.037781 -0.085805 -0.437921 -0.125694 -0.126188 -0.169808 -0.033108 -0.327551 0.201749 0.005982 -0.069866 
1.172295 -0.959293 1.072509 -0.074200 0.049079 -0.059671 -0.450875 -0.140789 -0.118668 -0.158959 0.004924 -0.351755 0.198991 0.034783 -0.075344 
1.227044 -0.929292 1.083274 -0.156943 0.095107 -0.064912 -0.438839 -0.144413 -0.123035 -0.126940 -0.000215 -0.336921 0.181651 0.063117 -0.098410 
1.304032 -0.951568 1.087594 -0.240740 0.131086 -0.060351 -0.437156 -0.166156 -0.112620 -0.132927 0.029340 -0.356305 0.200947 0.061195 -0.098174 
1.267244 -0.831649 1.015771 -0.255922 0.128471 -0.039446 -0.455071 -0.191686 -0.088076 -0.079985 0.035766 -0.347144 0.189856 0.092615 -0.074982 
1.385736 -0.920860 1.037202 -0.336773 0.170970 -0.050171 -0.443007 -0.172666 -0.111020 -0.096778 0.063324 -0.361741 0.222981 0.045042 -0.044534 
1.378067 -0.851987 1.028702 -0.312142 0.121680 0.003873 -0.512641 -0.151334 -0.114343 -0.027670 0.055578 -0.352496 0.213676 0.081243 -0.041871 
1.369254 -0.845723 0.974102 -0.348164 0.142541 0.003520 -0.491334 -0.168473 -0.110117 -0.020700 0.067612 -0.345534 0.216565 0.064360 -0.017048 
1.423145 -0.876857 1.018026 -0.389380 0.142289 0.031582 -0.496675 -0.173100 -0.137748 0.011893 0.067292 -0.329066 0.195937 0.056435 0.019654 
1.409045 -0.874000 0.975715 -0.393450 0.138113 0.032652 -0.449771 -0.190312 -0.180122 0.021669 0.090136 -0.316774 0.164154 0.062734 0.013424 
1.398566 -0.808339 0.904194 -0.364341 0.154440 0.040061 -0.413809 -0.223423 -0.199287 0.016169 0.104173 -0.342587 0.161687 0.043277 0.003149 
1.474930 -0.835459 0.862233 -0.352954 0.194607 0.042971 -0.374955 -0.230968 -0.247625 -0.000530 0.141882 -0.385283 0.174393 -0.011329 0.017868 
1.576787 -0.825594 0.827674 -0.254344 0.158653 0.112377 -0.440586 -0.164947 -0.354333 0.056779 0.162510 -0.464807 0.223372 -0.094064 0.061952 
1.484492 -0.730319 0.766569 -0.160755 0.185973 0.113515 -0.431563 -0.150675 -0.401443 0.069410 0.125820 -0.489574 0.186502 -0.108009 0.067130 
1.434936 -0.704931 0.720917 -0.091406 0.181776 0.123588 -0.416261 -0.162151 -0.372739 0.065427 0.094493 -0.498884 0.192045 -0.122354 0.064881 
1.360679 -0.688552 0.730354 -0.071679 0.190789 0.076845 -0.434050 -0.129080 -0.334719 0.096595 0.052083 -0.475442 0.176016 -0.057036 0.060497 
1.474460 -0.832820 0.789921 -0.133205 0.178225 0.019163 -0.469731 -0.065032 -0.306553 0.100849 0.088426 -0.456887 0.227663 -0.036332 0.098059 
1.560578 -1.022093 0.773924 -0.285158 0.160213 -0.126517 -0.488780 -0.071579 -0.197577 0.168335 0.095983 -0.433718 0.365457 0.027042 0.047590 
1.353494 -1.094911 0.665020 -0.380907 0.066219 -0.236124 -0.465434 -0.114423 -0.072462 0.264992 0.083613 -0.272041 0.348168 0.107130 -0.005612 
1.464274 -1.194409 0.466436 -0.466542 0.052512 -0.231580 -0.373624 -0.075381 -0.005889 0.316023 0.184404 -0.322305 0.284778 0.117655 -0.083651 
1.384456 -1.217588 0.382130 -0.590851 0.065670 -0.254690 -0.199576 -0.088877 0.122825 0.369790 0.155199 -0.303371 0.114070 0.088400 -0.091603 
1.283425 -1.213933 0.343767 -0.636887 0.071686 -0.259833 -0.143067 -0.080921 0.173539 0.365820 0.151753 -0.272721 0.002421 0.075128 -0.071624 
1.403440 -1.238449 0.308925 -0.654303 0.045650 -0.215557 -0.134601 -0.037038 0.153432 0.381735 0.092503 -0.241114 -0.043342 0.076117 -0.079465 
1.442650 -1.222317 0.277087 -0.651846 0.051745 -0.248059 -0.113274 -0.050737 0.187030 0.324337 0.134390 -0.280875 0.028719 0.017964 -0.044233 
1.476198 -1.179337 0.267951 -0.683616 -0.013213 -0.278289 -0.041011 0.004415 0.142688 0.285457 0.100311 -0.262678 0.135580 -0.061273 -0.099431 
1.529896 -1.110152 0.330507 -0.601982 0.051391 -0.249526 -0.236040 0.108399 0.161906 0.310661 -0.012295 -0.243300 0.178629 -0.082756 -0.039493 
1.792620 -1.007118 0.228636 -0.366267 0.022123 -0.187467 -0.302099 0.078790 0.268001 0.191440 -0.061549 -0.145638 0.186545 -0.170088 0.133213 
1.749133 -0.444623 0.062348 -0.109644 0.110041 -0.230084 -0.331722 0.017664 0.263047 0.104830 -0.174580 0.067398 0.191899 -0.187803 0.160758 
1.138813 -0.596199 0.310600 0.105068 0.213034 -0.147340 -0.093395 0.131305 0.200313 0.044168 -0.097596 -0.041335 0.148305 -0.063567 0.092162 
0.338119 -0.662414 0.276461 0.034265 -0.022782 -0.037460 -0.082019 0.130088 0.133456 0.031530 -0.161633 0.007384 0.100413 -0.050986 0.037601 
0.099382 -0.927390 0.156359 -0.143251 -0.011674 0.070378 -0.015587 -0.014820 0.019720 -0.074734 0.130698 -0.086409 0.032210 -0.059753 0.114433 
0.019012 -0.976959 0.208183 -0.207934 -0.169625 0.129597 -0.013219 0.036112 0.034745 -0.016828 0.026144 -0.111130 0.118837 -0.091351 0.076973 
-0.051915 -0.925253 0.114714 -0.122879 -0.096544 0.118887 -0.113196 0.015093 0.055295 -0.029282 0.040727 -0.001447 -0.012536 -0.079063 0.146699 
0.324597 -0.678621 0.276414 -0.132761 0.006945 -0.026194 -0.041553 -0.012292 0.102521 0.004021 -0.070785 0.009886 0.066365 -0.105600 0.132600 
0.607007 -0.527218 0.268133 -0.302673 0.096801 -0.194772 -0.107662 0.042573 0.056767 -0.019611 0.070312 -0.062567 0.072204 -0.057767 0.062766 
0.699517 -0.760960 -0.054139 -0.248226 0.092229 -0.031998 0.070623 0.041889 0.223025 -0.033880 -0.194058 -0.038555 0.078599 -0.098608 0.233484 
0.855357 -0.776776 0.025632 -0.243965 -0.085892 -0.063051 0.167634 0.013405 0.171726 0.160026 -0.326822 -0.025286 0.149225 -0.247992 0.245902 
1.809396 -0.354084 -0.063654 -0.362341 -0.163111 -0.076650 -0.189045 0.041613 0.165861 0.265877 -0.314708 -0.128270 0.267477 -0.233994 0.166635 
1.951018 -0.883642 -0.090734 -0.306132 -0.018048 -0.169552 -0.221138 -0.016997 0.216441 0.253439 -0.177209 -0.067903 0.273278 -0.248327 0.143568 
1.638288 -1.045076 0.077367 -0.621345 0.100212 -0.299608 -0.212405 0.091506 0.139190 0.237156 0.020629 -0.255642 0.293932 -0.094696 -0.011315 
1.484444 -1.016409 0.077460 -0.446013 0.067821 -0.330555 -0.303430 0.128972 0.164344 0.237342 0.108611 -0.260918 0.203100 -0.037196 -0.051135 
1.486173 -1.090561 0.200081 -0.366345 -0.000858 -0.389002 -0.277336 0.063061 0.160585 0.203766 0.163013 -0.267917 0.258706 0.009225 -0.074442 
1.655933 -1.201263 0.368282 -0.205154 -0.009990 -0.401420 -0.352715 0.116316 0.079477 0.173591 0.058879 -0.130101 0.324782 -0.142457 0.084097 
1.506601 -0.979732 0.439714 -0.039207 -0.040129 -0.295088 -0.361839 -0.020450 0.002239 0.149628 -0.139997 -0.051266 0.428852 -0.222301 0.112950 
1.258728 -0.438186 0.518401 0.118953 0.027868 -0.397649 -0.187137 -0.166614 -0.072444 0.186668 -0.280742 -0.073025 0.408415 -0.203645 0.110014 
0.754792 -0.276999 0.805456 0.055748 0.024753 -0.011792 -0.190861 -0.181336 0.071747 0.068820 -0.197336 -0.150809 0.322374 -0.247835 0.129776 
0.316031 -0.025326 0.273080 0.262363 0.010634 0.052373 -0.228884 -0.126854 0.217505 -0.000162 -0.148727 -0.113434 0.265458 -0.158597 0.043550 
0.175386 -0.001336 -0.164643 -0.099997 -0.152033 -0.116646 -0.206897 -0.033513 0.097638 0.019176 0.094250 -0.068689 0.186148 -0.147772 0.093353 
-0.131212 -0.355618 -0.379715 0.071251 -0.129495 -0.143084 -0.090036 0.063317 0.112920 0.077285 0.014799 -0.151334 0.111023 -0.025333 -0.045237 
-0.351239 -0.270320 -0.221647 0.008202 -0.150123 -0.269007 -0.250045 0.019657 0.212606 0.133564 0.072395 -0.173342 0.222231 -0.090149 0.018016 
-0.092492 -0.373450 0.147780 -0.186323 -0.070192 -0.071873 -0.404565 0.117969 0.108290 -0.003419 0.113622 -0.133674 0.188945 -0.086436 0.069761 
-0.083225 -0.180767 0.367446 -0.291066 0.067083 -0.112394 -0.454322 0.085186 -0.018877 0.032510 0.075760 -0.121920 0.189172 -0.027499 0.053390 
-0.533446 -0.085970 0.369574 -0.413458 0.338574 -0.059363 -0.257445 -0.000956 0.021695 -0.006119 0.145665 -0.263247 0.207206 -0.084770 0.047808 
-0.615764 -0.173096 0.458564 -0.253169 0.265719 -0.000347 -0.306396 0.137308 0.161377 -0.107489 0.009056 -0.104484 0.166454 -0.063483 -0.017015 
0.194008 0.212572 0.857043 -0.112510 0.157185 0.091124 -0.191869 0.061589 -0.106633 -0.162944 0.115697 -0.208738 0.020011 -0.053018 0.052407 
0.516012 -0.075245 1.209555 -0.076397 -0.090323 0.215841 -0.295354 0.101662 -0.264534 -0.252203 0.184911 -0.370444 -0.015408 -0.026032 0.008894 
0.624012 -0.203913 1.332191 -0.163474 -0.125937 0.245851 -0.311337 0.150374 -0.296037 -0.247645 0.223715 -0.383179 0.004960 -0.044969 0.049023 
0.514048 -0.288507 1.288248 -0.153295 -0.139078 0.298268 -0.342419 0.107610 -0.276774 -0.282082 0.251980 -0.414828 -0.001141 -0.002208 0.001172 
0.519398 -0.347140 1.475442 -0.230201 -0.142739 0.297125 -0.440668 0.197781 -0.333923 -0.247643 0.227220 -0.392656 0.002388 -0.005439 0.022216 
0.453825 -0.390926 1.392698 -0.179781 -0.103227 0.320937 -0.478982 0.205319 -0.333812 -0.284420 0.233825 -0.403476 -0.025901 -0.012291 0.020340 
0.425148 -0.290587 1.343458 -0.156461 -0.188891 0.351152 -0.413475 0.101850 -0.277299 -0.359283 0.279465 -0.451975 -0.023026 -0.002525 -0.004691 
0.473380 -0.318474 1.296703 -0.175944 -0.088384 0.276348 -0.373676 0.080730 -0.293627 -0.325857 0.257810 -0.446254 -0.020363 -0.003791 0.006644 
0.418624 -0.278081 1.401569 -0.171458 -0.176494 0.318858 -0.446471 0.146511 -0.302997 -0.312196 0.229921 -0.405092 -0.025230 -0.002344 0.015336 
0.420855 -0.359159 1.282308 -0.117583 -0.068642 0.222624 -0.427728 0.124133 -0.287396 -0.315532 0.233147 -0.402159 -0.040861 0.033719 -0.008435 
0.196673 -0.344456 1.485282 -0.215173 -0.076662 0.255294 -0.436296 0.139336 -0.239669 -0.375056 0.269877 -0.418702 -0.006160 -0.036422 0.030717 
0.325603 -0.019671 1.083095 -0.041584 -0.086742 0.213717 -0.372963 0.161936 -0.349235 -0.295517 0.235647 -0.396369 -0.075733 0.027720 0.015524 
0.094303 -0.065187 0.916341 0.074362 0.081216 0.114588 -0.404202 0.070825 -0.285215 -0.198806 0.096921 -0.414544 0.004155 -0.012884 -0.019805 
0.447320 -0.131889 1.082781 -0.012800 -0.075651 0.157580 -0.315323 0.036147 -0.222022 -0.336743 0.218589 -0.362274 -0.068583 0.040610 -0.001895 
-0.103737 0.213398 0.625523 0.247818 0.068660 -0.066031 -0.276771 -0.001685 -0.263678 -0.335196 0.124511 -0.326752 -0.111063 -0.039694 0.072441 
-0.526286 -0.027536 0.997661 -0.141981 -0.026946 0.121260 -0.427591 0.052828 -0.075013 -0.222914 0.071606 -0.190685 0.110961 -0.102881 0.086924 
