city011_029
HEIWAJIMA
104
-0.182073 0.062244 -0.055432 0.021258 0.016585 0.053152 0.109241 -0.074196 -0.063089 0.060400 0.052193 -0.096622 0.037606 0.060135 -0.113963 
-0.045479 0.224655 0.090212 0.058934 -0.124955 0.064916 -0.046058 -0.213290 -0.116613 -0.063459 0.094494 -0.089858 0.036148 -0.011634 -0.020790 
0.320991 0.365965 0.221295 0.104008 -0.070869 0.089751 0.076304 -0.117996 -0.314009 -0.084684 0.034070 -0.098924 -0.084691 0.032443 -0.035949 
0.635671 0.294412 0.453411 0.113035 -0.153731 0.071902 0.056657 -0.102535 -0.207013 -0.205412 -0.018356 -0.110663 -0.095570 -0.042503 -0.006252 
0.476683 0.341952 0.455796 0.133926 -0.114182 0.100149 0.002388 0.001854 -0.139133 -0.253639 0.063802 -0.004756 -0.243421 0.051606 0.037165 
0.365023 -0.237556 0.467410 -0.157606 -0.303826 0.182372 0.117550 0.070668 0.014698 0.115691 -0.047685 -0.034717 0.007940 -0.037231 0.063787 
0.114001 -0.206015 0.723045 -0.268612 -0.358400 0.199586 0.159774 0.239714 -0.012022 0.048328 0.085362 -0.097467 -0.063478 0.031002 0.073988 
0.018669 -0.526411 0.734901 -0.179400 -0.331070 0.143601 0.256581 0.206391 -0.057186 -0.009906 0.065354 -0.029354 -0.095066 0.004439 0.170373 
0.045710 -0.545207 0.673540 -0.177232 -0.306513 0.195519 0.061611 0.243819 -0.049099 0.038562 -0.075142 0.079004 -0.066557 -0.077954 0.155741 
0.256464 -0.665107 0.747609 -0.282604 -0.213555 0.001226 0.131956 0.187664 -0.041299 0.009004 -0.020459 0.056261 -0.097626 -0.058342 0.107677 
0.746677 -0.144434 1.094785 -0.145676 -0.266354 -0.079307 -0.016264 -0.088000 -0.134182 0.093814 -0.038694 0.041712 0.009575 -0.012540 0.065964 
1.222989 -0.731464 0.962790 -0.194260 -0.297772 -0.018598 -0.161818 0.041815 -0.275004 -0.047585 -0.005386 0.037104 -0.017795 -0.073597 0.160772 
1.258026 -1.025157 1.238377 -0.304524 -0.359304 0.037096 -0.321139 0.153450 -0.313667 -0.019006 0.064198 0.003782 0.059190 -0.133583 0.220700 
0.983753 -1.108074 1.265406 -0.418978 -0.271621 0.031282 -0.346623 0.063959 -0.312109 -0.022433 0.059417 0.022641 0.056044 -0.091553 0.219090 
0.895652 -1.116476 1.204109 -0.401573 -0.198540 0.046825 -0.368561 0.015259 -0.265962 -0.070453 0.104957 -0.010249 0.046494 -0.071715 0.190057 
0.859244 -1.184693 1.211914 -0.427661 -0.140198 0.068564 -0.360724 -0.075177 -0.297095 -0.084775 0.114081 0.010526 -0.010061 -0.057152 0.214918 
0.819392 -1.117495 1.181031 -0.396179 -0.117887 0.048433 -0.326509 -0.120644 -0.269752 -0.107372 0.123851 -0.006199 -0.043033 -0.014216 0.176238 
0.826514 -1.143235 1.242841 -0.442062 -0.102658 0.069172 -0.354889 -0.127499 -0.320769 -0.094133 0.102566 0.006738 -0.061405 -0.016633 0.210567 
0.851151 -1.105355 1.317559 -0.458491 -0.161264 0.112840 -0.405604 -0.063854 -0.354374 -0.074889 0.083693 -0.030275 -0.030803 0.007458 0.195300 
0.980698 -1.139355 1.510270 -0.439532 -0.249614 0.129181 -0.488949 0.069348 -0.373544 -0.084373 0.088104 -0.103365 0.042810 -0.021196 0.199806 
0.947844 -1.042784 1.592311 -0.469993 -0.252832 0.128268 -0.475953 0.108580 -0.409745 -0.062344 0.053674 -0.099028 0.025343 -0.017830 0.194451 
0.859668 -0.905121 1.602206 -0.453919 -0.230616 0.126351 -0.429065 0.103818 -0.380386 -0.095922 0.077090 -0.127578 -0.003452 -0.006930 0.181073 
0.842076 -0.904100 1.631421 -0.496274 -0.148339 0.156825 -0.412266 0.096195 -0.396239 -0.109294 0.050277 -0.140228 -0.045522 -0.007701 0.163338 
0.792360 -0.831683 1.658203 -0.476306 -0.133946 0.173695 -0.405523 0.119847 -0.396762 -0.122176 0.059184 -0.167929 -0.059940 -0.005052 0.142971 
0.771665 -0.852451 1.687705 -0.502545 -0.067243 0.184000 -0.401109 0.129726 -0.426929 -0.125936 0.059598 -0.195993 -0.085188 0.005707 0.133420 
0.735945 -0.786936 1.673454 -0.483129 -0.040574 0.219988 -0.439416 0.157485 -0.445666 -0.129721 0.061432 -0.235004 -0.089743 0.018255 0.088713 
0.728829 -0.757460 1.695899 -0.445394 -0.064785 0.223916 -0.449858 0.166278 -0.443155 -0.151271 0.074668 -0.260906 -0.088684 0.020486 0.074664 
0.623661 -0.643725 1.581941 -0.372095 -0.072703 0.235792 -0.445782 0.134515 -0.413733 -0.175066 0.085991 -0.276662 -0.098941 0.043383 0.037566 
0.698704 -0.701224 1.673360 -0.410867 -0.066971 0.238674 -0.479970 0.192911 -0.467467 -0.134514 0.066105 -0.280157 -0.087051 0.039389 0.041074 
0.633798 -0.632341 1.636730 -0.386669 -0.092964 0.250495 -0.461113 0.160658 -0.430111 -0.165392 0.087780 -0.286313 -0.097280 0.061798 0.016968 
0.724102 -0.722667 1.724613 -0.413119 -0.098165 0.256819 -0.477351 0.187128 -0.435545 -0.158259 0.083596 -0.284480 -0.073671 0.019758 0.047850 
0.756052 -0.750563 1.739095 -0.427763 -0.123005 0.295517 -0.490715 0.177293 -0.430238 -0.159171 0.078440 -0.281815 -0.076369 0.023139 0.039749 
0.748000 -0.791623 1.774208 -0.396972 -0.146247 0.298390 -0.495071 0.170329 -0.410722 -0.153336 0.065931 -0.284279 -0.043002 -0.011301 0.039926 
0.826171 -0.889278 1.829438 -0.419144 -0.168011 0.324989 -0.497877 0.162994 -0.414532 -0.149890 0.062889 -0.289614 -0.029419 -0.036557 0.053603 
0.734445 -0.803382 1.709860 -0.331261 -0.221455 0.314934 -0.405479 0.050593 -0.355747 -0.136755 0.018550 -0.254008 -0.033984 -0.026748 0.036533 
0.927037 -0.976580 1.773291 -0.292677 -0.297969 0.325788 -0.379263 0.048348 -0.407992 -0.073834 0.007671 -0.302880 0.044536 -0.058108 0.021893 
0.909147 -0.916332 1.596214 -0.173399 -0.361040 0.244038 -0.219886 -0.055930 -0.401595 -0.050637 0.021204 -0.315805 0.046760 -0.000032 -0.038004 
0.971426 -1.006450 1.431717 -0.036505 -0.331270 0.057731 -0.075777 -0.102580 -0.373311 -0.079885 0.082960 -0.280104 -0.028349 0.100886 -0.095019 
1.119140 -0.997041 1.268299 0.024358 -0.253333 -0.135639 -0.056982 -0.005930 -0.389525 -0.090489 0.086490 -0.194470 -0.026148 0.064417 -0.064713 
1.324043 -1.014424 1.196478 0.051332 -0.205199 -0.206326 -0.232503 0.169339 -0.368439 -0.142154 0.067360 -0.132146 0.051561 0.035366 -0.083585 
1.596153 -1.008902 1.003306 0.017186 -0.283576 -0.052317 -0.368366 0.218410 -0.355128 -0.194042 0.134542 -0.226636 0.137356 0.048244 -0.129684 
1.552139 -0.836722 0.846484 -0.200212 -0.197161 -0.067117 -0.204702 0.020033 -0.316778 -0.049073 0.036277 -0.135521 0.086760 0.092298 -0.092721 
1.592225 -0.829877 0.736812 -0.424415 -0.153079 0.088988 -0.218763 -0.140559 -0.325469 -0.008225 0.050719 -0.078038 0.092652 0.129266 -0.095053 
1.632017 -0.922418 0.546857 -0.525095 0.018980 0.166940 -0.443443 -0.163591 -0.251863 0.035458 0.129404 -0.100218 0.157240 0.077020 -0.107361 
1.773073 -1.105249 0.459099 -0.576000 0.073139 0.098752 -0.442446 -0.035859 -0.349119 0.221256 0.253623 -0.226227 0.153065 0.107863 -0.086759 
1.670599 -1.079397 0.381682 -0.657530 -0.023494 0.117056 -0.413625 -0.086050 -0.220684 0.371337 0.254041 -0.192118 0.147462 -0.002572 -0.077773 
1.445843 -1.124892 0.331351 -0.683845 -0.010598 -0.109100 -0.238580 -0.160109 -0.056066 0.389193 0.195607 -0.103550 0.121748 0.007626 -0.119415 
1.441444 -1.032349 0.370262 -0.687918 -0.067995 -0.133619 -0.164887 -0.147335 0.042380 0.347892 0.174454 -0.097948 0.040845 0.048061 -0.159678 
1.368406 -1.056395 0.394806 -0.701550 -0.048827 -0.070893 -0.233662 -0.107907 0.118544 0.348842 0.123306 -0.145033 0.025463 0.044752 -0.146072 
1.334342 -1.113828 0.372114 -0.730190 -0.005502 -0.037651 -0.267887 -0.063280 0.138377 0.384978 0.066471 -0.207566 0.063382 -0.007678 -0.104257 
1.263054 -1.144333 0.357162 -0.708092 -0.009403 -0.029961 -0.264493 -0.049710 0.166472 0.391712 0.032001 -0.217354 0.047811 -0.002370 -0.107769 
1.288307 -1.163439 0.395421 -0.711169 0.030854 -0.096951 -0.223572 -0.057222 0.202491 0.390840 -0.003875 -0.230331 0.073401 -0.015364 -0.113455 
1.225330 -1.109466 0.327602 -0.614093 -0.031873 -0.102419 -0.258987 -0.015058 0.223037 0.357394 -0.050017 -0.198904 0.116357 -0.020789 -0.129447 
1.224882 -1.107370 0.391052 -0.585272 -0.031559 -0.162576 -0.270800 0.003757 0.263239 0.327961 -0.090606 -0.175707 0.160484 -0.029457 -0.150385 
1.268501 -1.076277 0.435010 -0.492070 -0.074471 -0.194274 -0.291824 -0.002829 0.283930 0.303427 -0.113099 -0.133310 0.187179 -0.011113 -0.187590 
1.321317 -1.127431 0.489022 -0.359664 -0.139628 -0.237917 -0.305804 -0.049794 0.290772 0.228409 -0.092265 -0.056552 0.224031 0.003740 -0.191250 
1.391548 -1.182025 0.603563 -0.339319 -0.163241 -0.298221 -0.358804 0.051368 0.096221 0.217888 -0.125118 0.060153 0.318695 -0.097513 -0.103010 
1.444765 -1.059123 0.672876 -0.268878 -0.052320 -0.240805 -0.479378 0.104024 0.038877 0.082803 -0.248819 0.214399 0.248097 -0.162610 0.077768 
1.262979 -0.796489 0.733372 0.050047 0.049433 -0.082149 -0.490041 0.001535 0.008896 -0.050731 -0.332112 0.084399 0.158280 -0.128318 0.039622 
1.075681 -0.547358 0.690822 0.118006 -0.010972 -0.078305 -0.186389 -0.097031 -0.032125 -0.143044 -0.240205 0.092920 0.057802 -0.211830 0.088211 
0.836183 -0.355947 0.628018 0.168980 -0.111075 -0.155837 -0.162611 0.056731 -0.041934 -0.132408 -0.149559 0.147252 0.057152 -0.193262 0.087818 
0.462316 -0.273422 0.667692 0.138911 0.069694 -0.142659 -0.019807 0.042795 -0.033498 -0.187710 -0.072896 0.132188 -0.023138 -0.221229 0.120534 
0.206445 -0.260493 0.538429 0.070452 0.099202 -0.143189 0.086286 0.026969 -0.060937 -0.019217 -0.082090 0.108969 0.019567 -0.179263 0.114527 
0.027334 -0.172562 0.415416 -0.064497 0.207675 -0.121719 0.109468 -0.045171 -0.026142 0.024524 -0.087953 0.074525 0.059834 -0.185963 0.130078 
0.281759 -0.274160 0.581205 -0.008240 0.058426 -0.243887 0.060883 -0.046767 -0.119532 -0.086667 -0.088974 0.147785 -0.045319 -0.191397 0.174617 
0.270442 -0.423079 0.791855 -0.034394 0.070605 -0.236680 0.010270 -0.167867 -0.143807 -0.113543 -0.105417 0.132575 -0.133095 -0.125233 0.181115 
0.498915 -0.461355 0.952148 -0.100182 -0.039531 -0.166503 -0.035551 -0.045377 -0.231558 -0.098710 -0.104480 0.114680 -0.097921 -0.153812 0.194395 
0.406082 -0.599999 1.189136 -0.013023 -0.069589 -0.100486 -0.128392 -0.102032 -0.215178 -0.158808 -0.118578 0.012337 -0.088159 -0.177536 0.209193 
0.549099 -0.703405 1.271599 -0.029193 -0.134399 0.044146 -0.205060 -0.061518 -0.213812 -0.183124 -0.066175 -0.037224 -0.095755 -0.148500 0.157703 
0.611567 -0.711015 1.385695 -0.074672 -0.143810 0.081628 -0.238896 -0.004888 -0.244902 -0.201689 -0.054465 -0.037869 -0.137496 -0.142079 0.165532 
0.705344 -0.626269 1.500081 -0.141140 -0.208630 0.084624 -0.272212 0.047240 -0.272168 -0.169333 -0.048343 -0.021580 -0.117508 -0.134811 0.202423 
0.753338 -0.662384 1.500742 -0.280700 -0.138494 0.122993 -0.282053 0.051529 -0.297519 -0.153272 -0.033225 -0.051434 -0.130285 -0.092439 0.178362 
0.844407 -0.768938 1.560445 -0.316861 -0.226491 0.202707 -0.362901 0.083702 -0.322214 -0.134611 0.009416 -0.111755 -0.053048 -0.084796 0.151458 
0.972438 -0.878287 1.543812 -0.247543 -0.356502 0.258076 -0.359888 0.071348 -0.314892 -0.164677 0.076260 -0.162315 -0.037781 -0.001346 0.042718 
1.153797 -0.992684 1.276557 0.141023 -0.409065 0.033148 -0.202674 0.052103 -0.300627 -0.267229 0.192207 -0.198375 -0.111926 0.132891 -0.086725 
1.298142 -0.688222 0.773688 0.354417 -0.190353 0.049316 -0.184873 -0.189351 -0.129824 -0.095434 -0.015954 -0.255467 -0.006036 0.093301 -0.119429 
1.310428 -0.800595 0.820444 0.355620 -0.216099 0.100724 -0.229148 -0.192140 -0.157953 -0.031509 -0.060714 -0.261017 0.010343 0.083394 -0.108327 
1.297035 -0.787835 0.832628 0.366969 -0.241760 0.120162 -0.248045 -0.188205 -0.168187 0.007830 -0.066230 -0.286326 0.038119 0.097560 -0.122531 
1.278832 -0.823806 0.842930 0.369455 -0.231298 0.133013 -0.211765 -0.253903 -0.135335 0.003061 -0.050486 -0.329554 0.058513 0.079432 -0.118671 
1.295466 -0.799956 0.848018 0.327812 -0.253805 0.156448 -0.226026 -0.215842 -0.176084 0.123121 -0.102951 -0.270764 0.067417 0.098001 -0.113897 
1.681842 -1.187776 0.676230 -0.278660 -0.221953 0.164558 -0.343669 0.136290 -0.279338 0.024374 0.114274 -0.209702 0.223908 0.058126 -0.179510 
1.689617 -1.351096 0.577663 -0.454404 -0.075137 0.220044 -0.403513 0.135996 -0.217495 0.251066 0.098109 -0.284495 0.232103 -0.014602 -0.111087 
1.445398 -1.244476 0.368314 -0.555757 0.117372 0.060740 -0.297613 0.044268 -0.048781 0.260402 0.053615 -0.269438 0.089963 0.121985 -0.081808 
1.287535 -1.225116 0.278352 -0.519906 0.098710 0.074111 -0.205422 -0.015665 -0.006900 0.320975 0.045522 -0.294976 0.023885 0.103938 -0.023193 
1.290131 -1.239992 0.188551 -0.554437 0.099270 0.060410 -0.146834 -0.036221 0.032609 0.295735 0.061391 -0.306558 -0.007220 0.120642 -0.039993 
1.283357 -1.225935 0.152344 -0.607776 0.097402 0.060772 -0.119118 -0.016116 0.027079 0.312816 0.028586 -0.296695 -0.020347 0.116916 -0.059457 
1.319662 -1.226124 0.111286 -0.614823 0.090219 0.088554 -0.119761 -0.003795 0.021929 0.316019 0.014288 -0.301450 -0.026187 0.118872 -0.044705 
1.274624 -1.209528 0.118170 -0.629049 0.100790 0.119291 -0.098954 -0.004562 0.009005 0.295275 0.012804 -0.294652 -0.029232 0.111454 -0.033250 
1.278007 -1.237148 0.102524 -0.676587 0.081115 0.135368 -0.081428 0.001335 0.021639 0.302855 0.022784 -0.307454 -0.059467 0.094309 -0.024906 
1.338979 -1.233963 0.145367 -0.701505 0.115236 0.136102 -0.071695 -0.004693 0.018996 0.289295 0.043099 -0.335310 -0.043379 0.084802 -0.002241 
1.228546 -1.224768 0.064615 -0.704045 0.130702 0.131421 -0.067051 -0.003852 -0.004811 0.293923 0.059220 -0.332665 -0.041948 0.076649 -0.026140 
1.321500 -1.266821 0.087019 -0.742266 0.149970 0.140226 -0.079657 0.039380 -0.052741 0.315122 0.026120 -0.315907 -0.030716 0.062600 0.010368 
1.331613 -1.222593 0.053856 -0.709940 0.122422 0.155563 -0.085900 0.030638 -0.046349 0.313477 0.014632 -0.288970 -0.051449 0.082413 -0.011189 
1.360068 -1.257190 0.048587 -0.723046 0.120664 0.175851 -0.079141 0.044381 -0.055236 0.289994 0.042210 -0.316195 -0.031090 0.052241 0.017924 
1.487123 -1.232162 0.012014 -0.708669 0.090109 0.192236 -0.066085 0.043612 -0.044239 0.294380 0.028003 -0.312843 -0.066111 0.073459 0.024610 
1.591840 -1.161146 -0.062712 -0.729416 0.100145 0.178573 -0.069439 0.038684 -0.054478 0.319828 -0.003711 -0.320923 -0.019658 0.067044 0.017724 
1.575491 -1.192498 -0.073532 -0.619643 0.032134 0.216826 -0.117144 0.091671 -0.081942 0.345428 -0.031976 -0.324811 0.025975 0.000879 0.069871 
1.538412 -1.144057 -0.118302 -0.581381 0.039366 0.180355 -0.090636 0.044716 -0.096612 0.370935 -0.058172 -0.278022 0.063327 -0.041382 0.071729 
1.553246 -1.049934 -0.215662 -0.488854 0.040162 0.150680 -0.094457 0.032172 -0.109942 0.381136 -0.022069 -0.311564 0.075710 -0.028204 0.070166 
1.623417 -1.169792 -0.281067 -0.397875 -0.097005 0.163639 -0.063344 0.017108 -0.009981 0.340391 -0.060757 -0.280207 0.055327 -0.048666 0.091670 
1.497777 -0.866542 -0.351787 -0.303083 0.024503 0.093683 0.038173 -0.010509 0.039655 0.268269 -0.120989 -0.242368 0.019654 -0.006288 0.118669 
1.589896 -0.643196 -0.710884 -0.156268 0.062435 -0.007274 0.130656 -0.018574 -0.015180 0.429659 -0.153299 -0.279393 -0.033742 -0.053373 0.150602 
0.373934 -0.581126 -0.541701 -0.275272 -0.162122 0.214127 0.026759 -0.079969 0.140201 0.304221 -0.050242 -0.337125 -0.075517 0.002491 0.085768 
0.221531 -0.362342 -0.251386 -0.061390 0.084245 0.326806 -0.069133 -0.207949 -0.062309 0.247828 0.049190 -0.150331 -0.020389 0.039301 -0.071451 
