city011_049
GOTANDA
90
-0.088033 0.214832 0.000202 0.251466 0.090890 0.113778 -0.025366 -0.013458 -0.035825 -0.053771 0.121217 -0.005587 -0.116122 0.064279 0.011488 
0.385820 0.240574 0.505170 0.351060 -0.014130 -0.000782 0.085044 -0.245110 -0.137885 -0.097536 -0.058139 -0.193743 -0.082600 -0.058224 -0.006390 
0.726219 0.223691 0.604497 0.491357 -0.264118 -0.065786 -0.042420 -0.236489 -0.214258 -0.015759 -0.139497 -0.178732 -0.005198 0.031799 -0.039657 
0.680064 0.198385 0.594848 0.436512 -0.251784 0.008992 -0.061598 -0.257295 -0.206733 -0.039030 -0.160085 -0.201194 -0.035717 0.025092 -0.086780 
0.472491 0.438829 0.534740 0.288316 -0.233021 -0.054411 -0.071825 -0.250750 -0.248105 -0.111386 -0.097159 -0.189168 -0.059243 0.046154 -0.046928 
1.301269 -0.058105 -0.584264 -0.155056 0.060302 0.205437 0.128828 -0.147605 -0.165707 0.009980 0.011517 -0.064620 0.162745 -0.006537 -0.064594 
1.199692 0.003652 -0.500873 -0.296446 -0.010528 0.075401 -0.020492 -0.074998 -0.151593 0.025600 0.010953 0.008210 0.140073 -0.021787 -0.029539 
1.330928 0.155482 0.223669 -0.305249 -0.218412 0.136815 -0.022347 -0.131271 -0.342020 -0.191283 0.107454 -0.151732 0.111451 0.143356 -0.068317 
1.433179 0.122067 0.465519 -0.620489 -0.356283 0.238298 -0.111419 0.009133 -0.359185 -0.217477 0.087672 -0.245589 0.211268 0.246356 -0.070448 
1.436132 -0.076677 0.564608 -0.695158 -0.430849 0.160099 -0.184301 0.067402 -0.237741 -0.206989 0.143181 -0.371727 0.271737 0.153970 -0.063524 
1.443325 -0.119180 0.645290 -0.799777 -0.476025 0.116980 -0.212318 0.114098 -0.265128 -0.060983 0.042735 -0.247506 0.224911 0.142391 -0.001574 
1.621897 -0.363955 0.582343 -0.841039 -0.249729 0.052520 -0.196465 0.048401 -0.201711 -0.079242 0.057677 -0.081701 0.147426 0.175645 -0.054872 
1.640433 -0.543160 0.358516 -0.695148 -0.123215 -0.102746 -0.234598 0.097472 -0.108355 -0.148646 -0.062397 0.029073 0.148831 0.159722 -0.002158 
1.599169 -0.628413 0.265255 -0.627025 -0.082150 -0.083284 -0.217898 0.085015 -0.202202 -0.238549 -0.009981 0.086951 0.226167 0.169199 -0.012739 
1.585745 -0.811993 0.312342 -0.581378 -0.096126 -0.068187 -0.143971 0.039599 -0.307305 -0.202433 -0.003437 0.079821 0.365728 0.103891 -0.077972 
1.707450 -0.704110 0.384267 -0.784387 -0.028111 0.212979 -0.265813 -0.136730 -0.385458 -0.032516 0.189872 -0.048570 0.315420 0.062252 -0.198862 
1.706506 -0.588324 0.547024 -0.786217 0.023226 0.324382 -0.363966 -0.106020 -0.411245 0.076854 0.128283 -0.040881 0.265277 -0.128966 -0.088241 
1.652164 -0.490532 0.536658 -0.550400 0.282513 0.243797 -0.312910 -0.129010 -0.458838 0.110873 0.021637 -0.134387 0.152587 -0.198614 -0.036642 
1.052638 -0.019346 0.146028 0.150854 0.327482 0.133791 -0.037378 -0.094543 -0.142863 0.036799 -0.028618 -0.065547 0.027361 -0.168796 0.052660 
0.645296 -0.070281 0.021490 0.007421 0.062502 0.062965 -0.100278 -0.192812 -0.181205 -0.090878 0.048683 0.018492 -0.010520 -0.059434 -0.025698 
0.326111 -0.694008 -0.205514 -0.002617 0.121110 0.207151 0.006675 -0.179921 -0.026254 -0.035152 0.111466 0.046914 -0.033472 -0.078258 -0.025544 
0.531418 -0.209204 0.138095 0.268973 0.159195 0.048969 -0.336104 -0.295040 -0.011246 0.057044 -0.079289 -0.213661 0.050829 -0.050222 0.115605 
0.054698 0.134892 -0.080519 -0.129140 -0.062952 0.228397 -0.023100 -0.187723 -0.009384 0.059259 0.010879 -0.026822 0.057162 -0.069261 0.002876 
0.251117 0.292893 -0.010029 0.034963 0.010210 0.171609 -0.144166 -0.045530 -0.126558 -0.000020 0.116812 -0.116015 0.015699 0.017883 -0.050116 
-0.029560 0.108999 -0.102203 -0.069048 -0.069482 0.222096 0.054223 -0.043547 -0.110349 -0.018408 0.054679 0.004178 -0.002281 0.026995 -0.055002 
0.032493 0.017987 0.024263 -0.028185 0.019420 0.071230 0.023296 0.001461 -0.006910 -0.034666 0.027787 -0.027769 0.056785 -0.062379 0.031762 
0.881298 -0.811008 0.084895 -0.253998 0.083260 -0.094448 -0.402308 -0.018482 0.151421 -0.139721 0.004998 0.230794 0.024673 -0.040197 -0.018980 
1.277396 -0.194613 0.159748 -0.073073 -0.150111 -0.228644 -0.190539 0.003136 0.213090 0.168664 -0.242343 0.135150 0.190692 -0.213501 0.054294 
1.981410 -0.584350 -0.171937 -0.154174 -0.163186 -0.148782 -0.006517 -0.092509 0.146522 0.263570 -0.221333 -0.052302 0.111841 -0.093246 0.058005 
1.757161 -1.099851 -0.027147 -0.369642 -0.067935 0.012837 -0.201278 0.090913 0.157386 0.241956 -0.182162 -0.133387 0.097299 -0.072830 0.048523 
1.459274 -1.229737 -0.043420 -0.547246 0.078670 0.001548 -0.076216 0.150265 0.055429 0.243388 -0.191564 -0.248251 0.091797 0.078575 -0.009545 
1.329131 -1.310210 -0.075358 -0.649709 0.119244 0.055147 0.010399 0.071620 0.048227 0.240686 -0.107360 -0.308435 0.023296 0.105267 0.030408 
1.172382 -1.277340 -0.071564 -0.610944 0.123235 0.145906 -0.000116 0.035999 0.018837 0.250555 -0.051285 -0.344542 -0.032160 0.148005 0.041955 
1.251766 -1.377266 -0.019933 -0.653648 0.177331 0.125744 -0.000413 0.002879 0.021194 0.228251 -0.002884 -0.335505 -0.031698 0.131500 0.046794 
1.179507 -1.274104 -0.039469 -0.595639 0.153056 0.154348 0.002672 -0.007438 0.002291 0.251380 -0.026497 -0.308814 -0.052080 0.134620 0.065192 
1.274218 -1.332806 0.034757 -0.569424 0.166996 0.169136 -0.025733 0.014309 -0.012759 0.255147 -0.054633 -0.287317 -0.046016 0.138145 0.117199 
1.336591 -1.319963 0.066664 -0.583900 0.218052 0.113127 -0.015199 -0.004302 -0.003679 0.247226 -0.029647 -0.307118 -0.032597 0.160863 0.091321 
1.362251 -1.245639 0.068637 -0.507508 0.194442 0.108090 -0.033943 0.017999 -0.014060 0.272134 -0.051837 -0.297120 -0.032637 0.170987 0.066168 
1.456180 -1.262274 0.109357 -0.518075 0.220319 0.051286 -0.070386 -0.003773 -0.029575 0.293792 -0.053854 -0.286011 0.022949 0.139962 0.075146 
1.506918 -1.263549 0.153942 -0.420425 0.155105 0.036426 -0.060941 -0.043416 -0.024434 0.336090 -0.119695 -0.217758 0.030771 0.092213 0.098147 
1.712671 -1.323693 0.225941 -0.205476 0.018361 0.053489 -0.064665 -0.115909 0.031865 0.325713 -0.163948 -0.160033 0.087230 -0.000130 0.097851 
1.750103 -1.333318 0.354220 -0.046574 -0.163214 0.229765 -0.231686 -0.133274 0.096058 0.204076 -0.181134 -0.037568 0.072189 -0.016526 0.068814 
1.423620 -1.195660 0.670392 0.052932 -0.186488 0.336093 -0.377579 -0.207868 0.121943 -0.010595 -0.027323 -0.153422 0.113574 -0.004662 -0.017077 
1.257396 -1.156378 1.117092 0.142496 -0.215683 0.370532 -0.506988 -0.209881 -0.014661 -0.034817 -0.138393 -0.238948 0.066931 -0.018140 0.013236 
1.107019 -0.996784 1.009731 0.178623 -0.206222 0.344651 -0.436633 -0.301329 0.039103 -0.072251 -0.116924 -0.240193 0.034535 0.004680 -0.007615 
1.154592 -1.048010 1.044424 0.187737 -0.237282 0.364817 -0.461883 -0.274302 0.010649 -0.100933 -0.103143 -0.251941 0.040840 -0.015453 -0.007475 
1.128258 -1.012816 1.086994 0.193290 -0.248094 0.344399 -0.485505 -0.241223 0.010268 -0.068066 -0.162551 -0.233954 0.057978 0.001213 -0.020186 
1.231484 -1.089155 1.133986 0.188082 -0.258445 0.365304 -0.517714 -0.222018 -0.008009 -0.044086 -0.177967 -0.250500 0.077186 -0.003541 -0.021592 
1.128909 -1.007502 1.069175 0.262070 -0.261267 0.366957 -0.522804 -0.257147 0.021645 -0.036769 -0.204763 -0.277983 0.080398 0.012818 -0.031525 
1.135715 -0.969628 1.025002 0.224852 -0.219572 0.343580 -0.474689 -0.284659 0.031083 -0.065776 -0.172867 -0.267184 0.076400 -0.017502 -0.027541 
1.186208 -0.942973 1.026266 0.213339 -0.244088 0.360357 -0.473296 -0.283647 0.030492 -0.041495 -0.189218 -0.247851 0.081510 -0.019184 -0.029044 
1.199106 -0.943954 1.027152 0.201366 -0.245072 0.370173 -0.459008 -0.289811 0.025121 -0.040983 -0.188700 -0.254314 0.117317 -0.081424 0.001836 
1.223679 -0.883996 1.080679 0.208610 -0.312985 0.395760 -0.486685 -0.235222 -0.033365 0.042357 -0.248870 -0.213168 0.119824 -0.053465 -0.019200 
1.188902 -0.832616 1.102167 0.158912 -0.278530 0.293157 -0.335333 -0.311342 0.044215 -0.096454 -0.193260 -0.197906 0.130163 -0.115175 -0.038580 
1.161602 -0.773287 1.148194 0.196233 -0.334978 0.303396 -0.376410 -0.260749 0.028109 -0.077966 -0.214872 -0.195485 0.165756 -0.109675 -0.067902 
1.133537 -0.701103 1.091430 0.235160 -0.311290 0.323342 -0.394211 -0.279693 0.051010 -0.067666 -0.246939 -0.203475 0.161016 -0.114417 -0.068601 
1.128504 -0.682993 1.022713 0.277388 -0.279476 0.349869 -0.424859 -0.333091 0.084850 -0.036945 -0.276560 -0.239649 0.156827 -0.090791 -0.061091 
1.151717 -0.638953 1.017377 0.264340 -0.245727 0.360225 -0.391768 -0.372768 0.044545 0.042045 -0.321456 -0.237810 0.129746 -0.088071 -0.051276 
1.183234 -0.597301 1.005284 0.258108 -0.231934 0.398485 -0.371228 -0.427625 0.080728 0.026330 -0.296695 -0.260809 0.112981 -0.099352 -0.041693 
1.078961 -0.460144 0.881460 0.368043 -0.291391 0.469682 -0.362186 -0.491941 0.121808 -0.009830 -0.252287 -0.304343 0.090683 -0.092487 -0.044215 
1.048198 -0.485705 0.889058 0.347810 -0.200835 0.426010 -0.310357 -0.489811 0.081762 0.030816 -0.284893 -0.302652 0.062936 -0.115856 -0.030313 
1.150794 -0.452891 0.861057 0.284942 -0.098813 0.312418 -0.241196 -0.432279 -0.001869 0.111525 -0.343500 -0.215556 0.036535 -0.127857 -0.007395 
1.475315 -0.835637 0.593269 -0.103401 0.084600 0.010972 -0.493389 -0.059583 -0.018792 0.139288 -0.264507 -0.120418 0.266195 -0.064772 0.025841 
1.587664 -1.145546 0.610890 -0.404085 -0.106945 -0.115968 -0.630648 0.075213 0.126163 0.215875 -0.142784 0.038588 0.343236 -0.088788 0.017094 
1.416145 -1.063401 0.532257 -0.442043 -0.131059 -0.160441 -0.547565 -0.041805 0.274636 0.197385 -0.120175 0.081965 0.276434 -0.021604 -0.042287 
1.457453 -1.163526 0.512470 -0.538910 -0.085205 -0.064928 -0.561954 0.001289 0.296798 0.212258 -0.113867 0.030562 0.217426 -0.055111 0.008364 
1.392932 -1.186870 0.338616 -0.597504 -0.075375 -0.037856 -0.490654 0.007114 0.386944 0.220881 -0.073775 -0.033028 0.126920 -0.059880 -0.024488 
1.420596 -1.136618 0.280083 -0.622141 -0.018931 -0.173852 -0.268108 -0.007581 0.325624 0.299073 -0.022097 -0.179070 0.049548 0.025334 -0.111954 
1.472740 -1.070222 0.127758 -0.613784 -0.056120 -0.140032 -0.174601 -0.047385 0.287483 0.378678 -0.079809 -0.212786 0.070034 -0.004386 -0.154036 
1.474653 -1.087596 0.110232 -0.561182 -0.111487 -0.122995 -0.105477 -0.079156 0.278716 0.408779 -0.097824 -0.180456 0.012931 -0.041139 -0.099043 
1.404884 -1.100992 0.110685 -0.596289 -0.115689 -0.080881 -0.095628 -0.047109 0.239551 0.390068 -0.074437 -0.173672 -0.029551 -0.033953 -0.107337 
1.363768 -1.109236 0.133028 -0.663907 -0.066134 -0.080961 -0.074525 -0.020881 0.192737 0.375033 -0.034546 -0.214147 -0.008122 -0.061145 -0.097195 
1.338894 -1.105889 0.169971 -0.689078 -0.041441 -0.073626 -0.074879 -0.028150 0.187956 0.365768 0.019105 -0.265374 -0.000736 -0.070265 -0.079791 
1.317736 -1.146804 0.116846 -0.684957 -0.036762 -0.052811 -0.117048 -0.010661 0.163560 0.406456 0.004687 -0.249750 -0.022899 -0.051375 -0.086262 
1.361280 -1.154290 0.104413 -0.653049 -0.058303 -0.037396 -0.158688 0.010898 0.157006 0.414114 -0.006447 -0.254233 0.009478 -0.058970 -0.080703 
1.420470 -1.168170 0.101530 -0.664534 -0.071798 0.004377 -0.164892 -0.006646 0.171005 0.401562 -0.005377 -0.236606 -0.012216 -0.066344 -0.063929 
1.456688 -1.193814 0.076570 -0.660916 -0.074359 0.009593 -0.124742 -0.076452 0.219872 0.356773 0.013978 -0.213920 -0.024375 -0.067210 -0.068964 
1.511879 -1.206928 0.034012 -0.600331 -0.137907 0.071178 -0.163072 -0.046923 0.211887 0.372232 -0.003260 -0.216797 -0.031779 -0.081686 -0.049925 
1.676051 -1.277030 0.074254 -0.588254 -0.187584 0.119585 -0.197037 -0.028941 0.181280 0.397397 -0.016390 -0.216464 -0.006625 -0.103378 -0.038717 
1.740526 -1.244595 -0.027166 -0.488974 -0.234276 0.139715 -0.208934 -0.033240 0.192353 0.352579 0.008413 -0.220353 0.030541 -0.110136 -0.055938 
1.705721 -1.259981 -0.035613 -0.505786 -0.191159 0.143618 -0.241289 -0.012592 0.125940 0.387242 -0.001654 -0.233529 0.100368 -0.156446 -0.003746 
1.607800 -1.039786 -0.080757 -0.503880 -0.201463 0.165357 -0.271084 0.023110 0.105006 0.418684 0.013539 -0.296676 0.121173 -0.179285 0.005336 
1.530157 -0.862854 -0.214405 -0.448930 -0.200011 0.072884 -0.196569 0.016911 0.209366 0.359855 -0.052724 -0.278649 0.108222 -0.151698 -0.015991 
1.440817 -0.819100 -0.194005 -0.431533 -0.198902 0.104249 -0.191708 0.052045 0.142330 0.411729 -0.085271 -0.280919 0.095396 -0.162658 -0.008117 
1.423457 -0.932701 -0.319887 -0.328198 -0.230466 0.098475 -0.212600 -0.033457 0.177036 0.401978 -0.025240 -0.252671 0.107510 -0.168745 0.001677 
0.956336 -0.910010 -0.365592 -0.349540 -0.184114 0.060411 -0.211913 -0.007871 0.234270 0.480507 -0.057675 -0.279763 -0.015630 -0.169436 0.055336 
1.346201 -0.120395 -0.443419 -0.195645 -0.225940 0.045982 -0.088685 -0.148293 0.204410 0.416275 -0.068940 -0.203337 0.064943 -0.162045 0.021363 
0.357576 -0.173343 -0.550442 -0.394857 -0.125138 -0.045923 -0.125315 -0.073671 0.368761 0.311504 0.021525 -0.238161 -0.037267 -0.203716 0.073061 
-0.086291 -0.219302 -0.365606 -0.265742 -0.166041 -0.121888 -0.161238 0.003860 0.337872 0.259722 -0.066554 -0.147047 -0.006641 -0.061597 -0.056827 
-0.178823 -0.318051 -0.381607 -0.162696 -0.186057 -0.040866 -0.142552 0.004678 0.328994 0.162828 -0.087651 -0.158261 0.011397 -0.002297 -0.072747 
