city011_071
SHAKUJII
83
-0.086437 -0.350938 -0.395027 -0.204065 0.425865 -0.026432 -0.021031 -0.153292 0.084197 0.041091 0.027168 -0.011170 -0.109833 0.039997 0.134736 
-0.580633 -0.396286 -0.070779 -0.266478 0.287146 -0.165596 0.005255 -0.017432 0.197792 -0.024951 -0.195515 0.058732 0.107573 -0.120863 0.119163 
-0.490631 -0.486810 -0.082665 -0.288356 0.270829 -0.064820 -0.056062 0.058874 0.093367 -0.076976 -0.032293 -0.028846 0.105717 -0.088395 0.074812 
-0.348219 -0.582798 0.076262 -0.608979 0.058261 -0.196057 0.171587 0.048617 0.104164 0.082739 -0.027307 -0.174874 0.088330 -0.118349 0.040559 
-0.360921 -0.662186 0.253479 -0.378716 0.055420 -0.347015 0.037940 -0.072844 0.130657 0.077659 0.019583 0.059283 -0.035116 -0.126208 0.162818 
-0.038443 -0.472464 0.572151 -0.458739 0.124148 -0.235630 -0.141812 -0.271937 0.064341 0.050531 0.045884 -0.005418 0.113393 -0.089271 0.203603 
0.477236 -0.656925 0.516317 -0.446848 0.042500 -0.095314 0.055232 0.040921 0.058503 -0.148108 -0.005203 0.103609 0.022829 -0.198661 0.224862 
0.605300 -0.614640 0.667360 -0.217183 0.027756 0.010431 -0.010228 -0.034032 0.145487 0.014748 -0.092004 0.032972 0.091250 -0.158871 0.172705 
0.655340 -1.029675 0.478469 -0.293204 0.054786 -0.038982 -0.042571 0.280819 0.043695 -0.082132 -0.083921 -0.012123 0.145295 -0.199868 0.164201 
0.425044 -1.188379 0.356796 -0.195345 -0.043691 -0.011578 0.115010 0.168650 0.062094 0.005849 -0.307273 -0.000481 0.309270 -0.222669 0.085726 
1.324283 -0.954487 0.037271 -0.210109 -0.066878 -0.317748 0.013825 0.234801 -0.047847 0.232414 -0.187687 -0.052374 0.301287 -0.380767 0.122327 
1.481624 -1.254053 0.143498 -0.443048 -0.038710 -0.115098 -0.064180 0.260771 0.107226 0.107839 -0.099297 -0.297064 0.228015 -0.107015 -0.026850 
1.265410 -1.393804 0.212522 -0.602312 0.082881 -0.277041 -0.060772 0.196192 0.191392 0.147076 -0.015243 -0.306677 0.115378 0.003410 -0.135295 
1.167741 -1.381714 0.245643 -0.596916 0.104919 -0.293024 -0.107614 0.179719 0.202144 0.214742 -0.026411 -0.297521 0.068186 0.038507 -0.126724 
1.205719 -1.316465 0.252437 -0.530872 0.056481 -0.286259 -0.152938 0.145409 0.163022 0.260556 0.023521 -0.288299 0.097263 0.008411 -0.086944 
1.489438 -1.167949 0.136515 -0.384566 -0.021974 -0.204529 -0.216358 0.115178 0.113462 0.314393 -0.003765 -0.295578 0.178535 -0.026851 -0.051435 
1.761706 -0.674537 -0.077937 -0.224600 0.043653 -0.284484 -0.120327 0.005066 0.079356 0.379217 -0.168047 -0.196057 0.279817 -0.148720 0.036850 
1.382659 -0.346074 0.217426 -0.169452 0.138419 -0.258810 -0.192351 -0.014475 -0.042229 0.324637 -0.082880 -0.277276 0.323767 -0.062798 0.001049 
1.019418 -0.099146 0.049604 0.178684 0.206701 -0.093805 -0.237487 0.053830 0.134280 0.132689 -0.052162 -0.154864 0.143944 0.026351 0.068358 
0.257910 -0.284699 -0.162890 0.387900 0.248783 0.120705 -0.047049 -0.076587 0.167707 0.137852 -0.018854 -0.196947 0.234456 -0.054043 0.076941 
-0.075132 -0.468548 -0.436379 0.061813 0.028653 -0.041889 -0.014100 -0.003065 0.101899 -0.013716 0.022202 -0.139148 0.096369 -0.032889 0.068074 
-0.245026 -0.611494 -0.446218 -0.013756 -0.048629 -0.083081 -0.004231 0.094961 0.070473 0.156625 -0.083743 -0.271856 0.184889 -0.053879 0.075655 
-0.325256 -0.492575 -0.391303 -0.016353 -0.169636 -0.174321 -0.009762 0.128971 0.128715 0.083059 0.010338 -0.158255 0.050985 -0.106609 0.101474 
-0.125899 -0.451858 -0.338847 -0.035480 -0.236530 -0.102528 -0.103053 0.110791 0.137352 0.051190 0.169729 -0.247657 0.071670 -0.069273 0.027646 
-0.195935 -0.301974 -0.379231 -0.014001 -0.028021 -0.147738 -0.159936 0.144346 0.171813 -0.034892 0.046783 -0.193793 0.208468 -0.159909 0.070123 
-0.002277 -0.789102 -0.439269 -0.118787 0.011689 0.116290 0.070240 -0.056201 0.141589 0.024227 -0.120851 -0.204203 0.186526 0.033887 0.037142 
0.652572 -1.128866 -0.475230 -0.269082 0.182792 0.116983 0.202881 -0.308093 0.065212 0.175383 0.025748 -0.268579 0.078768 0.003556 0.063648 
0.611353 -0.736835 -0.296809 -0.130632 0.149878 0.104622 0.001642 -0.121585 0.121350 0.128807 0.005109 -0.235772 0.023805 0.030601 0.163726 
0.693746 -0.711798 -0.063626 0.081522 0.417059 0.060382 -0.119534 -0.265995 0.085186 0.081276 0.134732 -0.120834 -0.038134 -0.090169 0.132468 
1.378058 -0.647488 0.540365 -0.071052 0.109053 0.121129 -0.284788 -0.313561 -0.207310 0.179502 0.143230 -0.393344 0.137946 -0.054492 0.122533 
1.551418 -0.701409 0.834341 -0.184173 -0.029093 0.216237 -0.305824 -0.192712 -0.435559 0.073132 0.108230 -0.402921 0.219602 -0.142139 0.027626 
1.567659 -0.693049 0.836159 -0.297422 0.079781 0.124270 -0.230467 -0.302637 -0.244220 0.031422 0.061942 -0.242078 0.113761 -0.114827 0.119174 
1.437838 -0.738202 0.921798 -0.345798 0.175872 0.148294 -0.211551 -0.406012 -0.276782 0.045177 0.040562 -0.246843 0.038883 -0.128438 0.092561 
1.355214 -0.779264 0.934653 -0.329010 0.186314 0.140374 -0.230403 -0.409820 -0.277226 0.048939 0.018657 -0.229809 -0.011839 -0.077681 0.065823 
1.321511 -0.779335 0.978896 -0.324092 0.167473 0.107869 -0.227016 -0.377591 -0.238414 0.007301 0.021196 -0.268862 0.045444 -0.071279 0.058052 
1.235343 -0.815723 1.100710 -0.283747 0.070758 0.055025 -0.200660 -0.276800 -0.272639 -0.011108 -0.015339 -0.277868 0.087712 -0.036013 -0.008273 
1.131276 -0.936714 1.287498 -0.085823 -0.029911 -0.209996 -0.154269 -0.043994 -0.287274 -0.152385 -0.002083 -0.222425 0.131421 -0.105808 -0.007086 
1.114156 -1.022485 1.388194 -0.056675 -0.042991 -0.227270 -0.189207 0.057295 -0.334205 -0.146946 -0.019251 -0.194744 0.162485 -0.186802 0.031700 
1.079935 -1.001126 1.467185 -0.034777 -0.103196 -0.173054 -0.230543 0.128709 -0.369398 -0.153732 0.019648 -0.234429 0.224557 -0.283798 0.076346 
0.806579 -0.822468 1.531543 0.027892 -0.159511 -0.133605 -0.228206 0.191761 -0.378406 -0.082437 -0.026805 -0.168007 0.227896 -0.303910 0.096586 
0.717482 -0.671893 1.415690 -0.034494 -0.077595 -0.186058 -0.086413 0.060345 -0.317728 -0.087503 -0.037506 -0.128919 0.132534 -0.295451 0.195772 
0.668100 -0.555690 1.318807 -0.116718 -0.048928 -0.269608 -0.048739 0.061489 -0.227466 -0.109431 0.004472 -0.050653 0.162141 -0.316470 0.230988 
0.331848 -0.475537 1.209558 -0.057480 0.093778 -0.333516 0.130088 -0.098158 -0.181104 -0.058385 -0.111572 -0.024027 0.058337 -0.221966 0.125877 
0.230464 -0.372560 1.090782 0.003208 0.109838 -0.353302 0.237795 -0.089458 -0.140103 -0.011146 -0.150520 0.138444 -0.080591 -0.178850 0.179886 
0.157898 -0.354277 1.063061 0.010299 0.050255 -0.260863 0.171462 -0.060975 -0.050625 -0.127024 -0.013664 0.063450 -0.019334 -0.195802 0.165825 
0.124215 -0.405631 0.954045 -0.076776 0.150839 -0.307573 0.336076 -0.070743 -0.010958 -0.031538 0.005277 0.058970 0.031784 -0.200126 0.194826 
0.043556 -0.439748 1.083548 -0.125068 0.232767 -0.285890 0.210562 -0.067198 -0.124592 -0.064833 0.039974 -0.027697 -0.032311 -0.160484 0.202183 
0.144167 -0.479965 1.031248 -0.144331 0.191657 -0.251316 0.184950 -0.113137 -0.124788 -0.002598 -0.014954 -0.054132 0.043321 -0.159080 0.166924 
0.279296 -0.431798 1.032492 -0.191366 0.035049 -0.240361 0.153001 -0.148898 -0.059440 -0.075229 -0.011935 0.019675 -0.006118 -0.121827 0.132610 
0.264022 -0.498266 1.239958 -0.189845 -0.095225 -0.236864 0.121726 -0.211637 -0.060279 -0.119828 -0.003271 0.024265 -0.030445 -0.111678 0.200172 
0.284616 -0.686667 1.389129 -0.191186 -0.024483 -0.095676 -0.056765 -0.210200 -0.150858 -0.121712 -0.068888 -0.092784 -0.015654 -0.110947 0.168698 
0.299284 -0.644803 1.524304 -0.229916 -0.030697 -0.092651 -0.028803 -0.211161 -0.180292 -0.147674 -0.066866 -0.100233 -0.075929 -0.090301 0.174240 
0.537033 -0.825822 1.659200 -0.252673 -0.071351 -0.001111 -0.186025 -0.093548 -0.247722 -0.135972 -0.052506 -0.178920 0.027667 -0.171843 0.210037 
0.663773 -0.857087 1.778912 -0.199268 -0.196365 0.058064 -0.240014 -0.059771 -0.263800 -0.202438 0.005644 -0.209479 -0.008775 -0.115497 0.172529 
0.697581 -0.913816 1.798194 -0.175978 -0.252458 0.170157 -0.337043 -0.032033 -0.250083 -0.275017 0.075840 -0.293526 0.010504 -0.108388 0.143971 
0.677618 -0.849592 1.742141 -0.242860 -0.200430 0.202266 -0.397794 0.014743 -0.305590 -0.221623 0.068387 -0.303450 -0.011467 -0.041761 0.092502 
0.537216 -0.735404 1.657604 -0.212737 -0.208692 0.217452 -0.388130 -0.003906 -0.281413 -0.231754 0.054579 -0.267156 -0.059117 -0.001459 0.058495 
0.801649 -0.895772 1.818910 -0.367258 -0.124666 0.222988 -0.408640 -0.001752 -0.252874 -0.255991 0.098620 -0.342356 0.037681 -0.073765 0.092429 
0.483134 -0.611003 1.565176 -0.255143 -0.153148 0.271290 -0.395575 -0.014009 -0.262042 -0.243775 0.095914 -0.327283 -0.037357 0.007218 0.017976 
0.770150 -0.749079 1.723313 -0.319218 -0.136733 0.286674 -0.435968 0.061504 -0.286236 -0.217977 0.101756 -0.338690 -0.004414 -0.014533 0.031042 
0.539415 -0.570988 1.618202 -0.285566 -0.096468 0.265003 -0.388684 0.038645 -0.284633 -0.209831 0.091961 -0.349531 -0.018018 -0.004648 0.003606 
0.762986 -0.726077 1.774424 -0.375664 -0.070023 0.265857 -0.405793 0.087349 -0.288203 -0.218454 0.135471 -0.371761 0.017919 -0.035497 0.042909 
0.703971 -0.735332 1.843626 -0.318422 -0.096275 0.250953 -0.407264 0.117083 -0.267970 -0.226400 0.142103 -0.370529 0.050714 -0.058100 0.037735 
0.704417 -0.729405 1.839808 -0.377380 -0.072315 0.239814 -0.377546 0.106959 -0.263672 -0.200658 0.148719 -0.359796 0.054764 -0.047605 0.039088 
0.597607 -0.598924 1.736269 -0.334954 -0.110652 0.268650 -0.380487 0.124970 -0.268156 -0.183104 0.161563 -0.349168 0.046522 -0.022765 0.031223 
0.690538 -0.769721 1.860194 -0.422198 -0.048297 0.235522 -0.364449 0.122204 -0.270860 -0.204998 0.187789 -0.385447 0.071530 -0.055440 0.068187 
0.531394 -0.570689 1.714340 -0.280151 -0.182027 0.291214 -0.385106 0.114532 -0.272097 -0.205658 0.183760 -0.363585 0.034191 -0.004797 0.030502 
0.470122 -0.488165 1.709806 -0.302416 -0.163293 0.289099 -0.385980 0.127601 -0.295066 -0.181481 0.148620 -0.334691 0.011152 -0.005439 0.032855 
0.565568 -0.484549 1.696730 -0.295710 -0.162636 0.269382 -0.400679 0.135188 -0.297667 -0.192159 0.173198 -0.363970 0.057999 -0.035848 0.061453 
0.524541 -0.477726 1.680107 -0.283137 -0.123306 0.226048 -0.383174 0.122603 -0.305364 -0.201485 0.155876 -0.373649 0.064224 -0.061504 0.070205 
0.491788 -0.424110 1.598984 -0.232145 -0.177656 0.279338 -0.471955 0.184720 -0.357424 -0.161898 0.111652 -0.327050 0.031514 -0.027034 0.041713 
0.486398 -0.448287 1.546359 -0.317089 -0.080981 0.204765 -0.356065 0.054309 -0.276832 -0.231893 0.147599 -0.356686 0.034491 -0.060997 0.090426 
0.443812 -0.423313 1.474619 -0.232144 -0.115187 0.247193 -0.413248 0.098558 -0.339890 -0.170409 0.110910 -0.372745 0.043080 -0.037238 0.057752 
0.414310 -0.374552 1.471208 -0.230848 -0.164103 0.233552 -0.376932 0.076755 -0.319396 -0.201999 0.149335 -0.373774 0.046449 -0.041286 0.074007 
0.281604 -0.209427 1.437449 -0.200032 -0.188433 0.201449 -0.332352 0.039825 -0.311954 -0.195240 0.119587 -0.344600 0.017375 -0.015861 0.047472 
0.309901 -0.178590 1.324654 -0.163012 -0.199031 0.224146 -0.357267 0.045418 -0.327573 -0.239599 0.152556 -0.374543 0.009461 -0.035117 0.097018 
0.325177 -0.069938 1.165065 -0.056735 -0.257467 0.285296 -0.323914 0.064325 -0.338145 -0.180986 0.123906 -0.346552 0.003993 -0.050259 0.101288 
0.276819 0.101498 1.063968 0.049125 -0.252780 0.140999 -0.244986 -0.060512 -0.239992 -0.268579 0.155349 -0.360838 0.013896 -0.026868 0.087251 
0.420672 0.290094 0.895549 0.088180 -0.111243 0.063251 -0.201350 -0.053363 -0.180867 -0.209422 0.052238 -0.256955 0.029570 -0.096970 0.068758 
-0.009561 0.049268 1.189731 -0.030023 -0.165377 0.100733 -0.270454 -0.086849 -0.212838 -0.244067 0.028956 -0.284328 0.014331 -0.065102 0.036585 
-0.196981 0.028227 0.611150 0.059425 -0.040556 0.126597 -0.193229 -0.135320 -0.108283 -0.151844 0.175207 -0.257613 -0.016919 0.040520 0.070380 
0.225807 0.310937 0.852584 0.139694 -0.071578 0.027096 -0.214345 0.086761 -0.119843 -0.310572 0.139202 -0.155880 -0.043976 -0.105893 0.117866 
-0.041598 0.287107 0.648197 0.145596 -0.071775 0.001638 -0.246840 -0.032293 -0.277574 -0.234083 0.067207 -0.237668 -0.067776 -0.025634 0.085396 
