city011_040
RISHIRI
55
-0.162687 0.158944 0.196060 0.155487 -0.093165 -0.005502 -0.111728 -0.170538 0.029077 -0.016449 -0.049020 -0.001579 -0.011491 0.019015 0.022346 
0.236455 -0.272822 0.410946 -0.337177 -0.004130 0.090373 -0.243858 -0.236973 -0.075243 0.191415 -0.149020 0.103337 0.074708 -0.183620 0.237607 
0.590614 -0.511882 1.240050 -0.129537 -0.103682 0.189327 -0.212242 -0.011819 -0.261260 -0.050895 -0.076477 -0.113021 -0.017723 -0.149551 0.135762 
0.916483 -0.596102 1.450878 -0.126232 -0.264866 0.231325 -0.303186 0.017682 -0.307812 -0.163576 -0.048301 -0.146140 -0.075568 -0.128021 0.126974 
1.002087 -0.747129 1.603504 -0.251935 -0.241011 0.220491 -0.332623 0.058406 -0.337507 -0.156402 0.009975 -0.171727 -0.067035 -0.094519 0.153471 
0.948033 -0.793779 1.660070 -0.303773 -0.222329 0.263923 -0.368133 0.066759 -0.357357 -0.130943 0.003473 -0.187379 -0.072818 -0.068361 0.146139 
0.912309 -0.808226 1.674623 -0.293697 -0.203695 0.235725 -0.380612 0.058257 -0.377154 -0.100283 -0.025414 -0.196268 -0.059043 -0.044407 0.116410 
0.933768 -0.800658 1.668303 -0.350508 -0.205731 0.210708 -0.356222 0.019732 -0.379175 -0.106122 -0.031052 -0.194320 -0.035462 -0.075192 0.154461 
0.790669 -0.597768 1.567861 -0.266721 -0.256713 0.188154 -0.332364 -0.043247 -0.328650 -0.126754 -0.042828 -0.172855 -0.048059 -0.043226 0.140541 
0.825019 -0.518563 1.634550 -0.176546 -0.312745 0.121395 -0.250523 -0.082221 -0.330635 -0.095576 -0.081614 -0.147095 -0.033081 -0.086414 0.187074 
0.850164 -0.182736 1.288507 -0.165782 -0.303054 0.149887 -0.149246 -0.146301 -0.220573 -0.087105 -0.114667 -0.081759 -0.079900 -0.059227 0.134675 
0.494867 0.067294 1.247805 -0.332401 -0.025443 0.154246 0.048587 -0.170993 -0.064957 -0.036744 -0.167863 -0.006378 -0.084247 -0.111217 0.121311 
0.083146 -0.040926 1.022605 -0.306599 0.399595 0.059396 0.039528 -0.070370 -0.128277 -0.006511 -0.048794 -0.001278 -0.117568 -0.100603 0.137650 
-0.396050 -0.526615 0.744121 -0.345309 0.244731 0.060562 0.043921 -0.115008 -0.039832 0.074406 -0.015648 0.061476 -0.081050 -0.058883 0.163112 
-0.647091 -0.656492 0.555481 -0.529197 0.138368 -0.116074 0.107182 -0.169434 -0.011276 0.122205 -0.001178 0.002835 -0.045719 -0.025451 0.125879 
-0.521218 -0.602996 0.544319 -0.443302 0.200686 -0.145635 -0.028755 -0.202755 -0.014008 0.139307 0.044126 -0.032906 -0.054630 -0.008387 0.172273 
-0.753132 -0.555973 0.393890 -0.644785 0.225416 -0.036339 0.154614 -0.163859 0.035436 0.014000 -0.000803 0.026778 -0.012511 -0.071552 0.110305 
-0.402717 -0.389644 0.504005 -0.649717 0.132755 -0.020312 0.177740 -0.188350 -0.029699 -0.002715 0.076895 -0.027820 0.041940 -0.093981 0.150924 
-0.645777 -0.455805 0.482893 -0.684561 0.173600 -0.175462 0.122554 -0.074398 0.005694 0.096006 -0.080582 0.089221 -0.030088 -0.116009 0.146384 
-0.579073 -0.347569 0.741341 -0.720057 0.066672 -0.120780 0.002278 -0.218793 0.109647 0.101838 -0.092879 0.109087 0.009028 -0.085100 0.115347 
-0.421835 -0.544979 0.599568 -0.763830 0.065764 -0.042903 0.061945 -0.198853 0.019182 0.127943 0.012434 0.009564 0.026169 -0.093197 0.115109 
-0.391050 -0.335720 0.832427 -0.680704 0.253034 -0.122694 0.021155 -0.138205 -0.110596 0.075980 0.006883 -0.004670 0.018687 -0.067188 0.138943 
-0.509741 -0.261984 1.127489 -0.560781 0.123985 -0.081537 -0.032306 -0.246082 -0.108059 0.112604 -0.108952 -0.050814 0.072417 -0.040613 0.051501 
-0.307179 -0.406294 0.743714 -0.810402 0.125567 0.044202 -0.199581 -0.118464 0.009335 0.077231 -0.034826 0.124113 -0.042067 -0.050790 0.138433 
0.592048 -0.405102 1.104650 -0.286766 0.017389 0.118520 -0.099852 -0.043373 -0.222094 -0.011077 -0.078733 0.003527 -0.098627 -0.085452 0.218823 
0.679875 -0.441028 1.444166 -0.218692 -0.154346 0.168488 -0.216227 -0.037450 -0.292442 -0.090575 -0.075811 -0.114632 -0.124208 -0.042990 0.182870 
0.802917 -0.557576 1.531384 -0.196427 -0.197484 0.268999 -0.294775 -0.014035 -0.290809 -0.167438 -0.029691 -0.185981 -0.140360 -0.023307 0.097561 
0.764290 -0.564434 1.584178 -0.154487 -0.206509 0.297086 -0.307739 0.012722 -0.281381 -0.181638 0.006701 -0.235145 -0.126080 -0.008341 0.046604 
0.771263 -0.608815 1.672198 -0.133946 -0.260477 0.344317 -0.379707 0.107355 -0.296440 -0.135974 0.012053 -0.205939 -0.094266 -0.006348 0.042391 
0.758576 -0.587786 1.587590 -0.234943 -0.203506 0.301128 -0.315579 0.070863 -0.265579 -0.126244 0.055914 -0.202679 -0.082371 0.021112 0.068273 
0.777199 -0.661053 1.621695 -0.286290 -0.168321 0.266824 -0.318319 0.079189 -0.293732 -0.110365 0.025666 -0.176722 -0.091741 0.006543 0.085486 
0.648218 -0.561368 1.587028 -0.196634 -0.200372 0.260824 -0.260860 0.022322 -0.275801 -0.096806 -0.022812 -0.155026 -0.105635 -0.032923 0.131175 
0.334790 -0.352118 1.462880 -0.048657 -0.310361 0.273574 -0.195340 0.012391 -0.219652 -0.066294 -0.027437 -0.111200 -0.049244 -0.098882 0.148252 
0.029675 0.118635 1.103786 0.487049 -0.251857 0.122794 0.070690 0.005378 -0.164021 -0.085253 -0.006621 -0.149010 -0.040439 -0.146730 0.035578 
0.010858 0.173406 0.740603 0.498520 -0.037329 0.155748 0.042267 -0.124646 0.007272 -0.113131 -0.025175 -0.153467 -0.091834 -0.043316 -0.023237 
-0.046989 0.308639 0.480861 0.167799 0.076367 0.272937 -0.133950 -0.154595 -0.092224 -0.063771 0.011962 -0.101191 -0.186332 0.060740 -0.020392 
0.072440 -0.672299 0.222327 -0.361705 -0.082435 0.168407 -0.019812 -0.028272 -0.042791 0.115771 -0.101469 0.049110 0.037989 -0.125194 0.124159 
0.208269 -0.240106 1.204352 -0.007735 -0.228839 0.164359 -0.207004 -0.051238 -0.186053 -0.105315 -0.059950 -0.080581 -0.076367 -0.049598 0.114139 
0.505084 -0.321610 1.464930 -0.140298 -0.230752 0.238793 -0.337444 0.093552 -0.332529 -0.106030 0.011658 -0.190621 -0.078155 -0.003796 0.079671 
0.581082 -0.336563 1.366851 -0.142529 -0.263861 0.273547 -0.276296 -0.020160 -0.245568 -0.185881 0.061698 -0.233079 -0.078923 0.017163 0.047101 
0.602117 -0.447929 1.410264 -0.230930 -0.202241 0.330991 -0.395469 0.049125 -0.291092 -0.155749 0.035430 -0.230440 -0.058382 0.001653 0.033581 
0.690250 -0.513553 1.404482 -0.228682 -0.218631 0.314774 -0.378005 0.052838 -0.295364 -0.186348 0.077136 -0.240692 -0.060220 -0.004405 0.062707 
0.663053 -0.518240 1.457006 -0.300470 -0.150829 0.291353 -0.369286 0.046164 -0.270897 -0.224071 0.083398 -0.218807 -0.113188 0.034613 0.030827 
0.542358 -0.455969 1.439962 -0.237065 -0.193183 0.297290 -0.364043 0.026307 -0.250481 -0.214097 0.075290 -0.239700 -0.063076 -0.005082 0.036328 
0.568291 -0.477674 1.447839 -0.156193 -0.254869 0.315325 -0.369679 0.035017 -0.256837 -0.240237 0.085092 -0.235078 -0.101237 0.002578 0.056949 
0.576531 -0.362243 1.403686 -0.103216 -0.319956 0.323889 -0.341954 -0.012620 -0.227020 -0.298655 0.132974 -0.278893 -0.120301 0.054357 0.019264 
0.524359 -0.182941 1.358425 -0.041023 -0.342106 0.255608 -0.290956 -0.052693 -0.206513 -0.292143 0.104135 -0.229703 -0.152251 0.071111 0.034981 
0.495788 -0.157126 1.254458 -0.038488 -0.321398 0.232211 -0.308458 -0.054935 -0.209554 -0.287023 0.105880 -0.235786 -0.117436 0.065026 0.030226 
0.348362 -0.059174 1.285661 0.021561 -0.348153 0.213273 -0.353130 0.015766 -0.285585 -0.215566 0.037404 -0.165567 -0.151459 0.087044 0.033461 
0.267542 0.097717 1.240315 0.058440 -0.336611 0.200066 -0.268737 -0.043131 -0.227666 -0.272529 0.089955 -0.211414 -0.165895 0.085729 0.030223 
0.260063 0.568006 0.728115 0.128398 -0.170740 0.099577 -0.274476 -0.078161 -0.206533 -0.279692 -0.067351 -0.111271 -0.190489 -0.012016 0.038257 
0.200995 0.460237 0.861445 0.018561 -0.159658 0.171656 -0.223480 -0.068763 -0.099785 -0.286153 0.050222 -0.168386 -0.105139 -0.017695 0.018718 
0.020245 0.414929 0.775346 0.064512 -0.180716 0.136737 -0.239558 -0.138213 -0.187236 -0.316394 0.029185 -0.208853 -0.150316 0.023978 0.009365 
-0.047283 0.301215 0.663081 0.193786 -0.139470 0.055395 -0.075988 -0.105562 -0.239603 -0.078319 -0.013769 -0.192131 -0.052952 -0.017423 0.035303 
0.143393 0.566762 0.573081 0.280648 -0.089160 0.087841 -0.159759 -0.157204 -0.027532 -0.292960 -0.023205 -0.140154 -0.140474 -0.009614 -0.020154 
