city011_100
HAPPYOO
91
-0.427520 -0.135964 -0.113282 0.072663 -0.087905 -0.053881 -0.049364 -0.152039 0.083655 0.005788 0.084684 -0.074013 0.018504 0.012002 0.023527 
-0.247866 -0.004562 -0.240798 0.108769 0.238386 0.049479 -0.127395 -0.106818 0.049442 -0.116897 0.137899 0.010244 -0.042235 -0.099181 0.056086 
0.316852 -0.163109 -0.152818 0.156203 0.233676 0.031528 -0.108393 -0.186518 0.072135 0.137466 0.080905 -0.226542 0.050703 0.005282 0.123217 
0.626519 -0.500899 -0.017585 0.329571 0.180200 0.164142 -0.111057 -0.097893 0.084066 0.118759 0.029521 -0.137619 0.068225 -0.031648 0.119715 
0.937425 -0.299866 0.077790 -0.094040 -0.121954 0.094023 0.074569 -0.126370 -0.013241 0.095231 0.072794 -0.134513 0.099958 -0.077091 0.052701 
0.665461 -0.745087 -0.006059 -0.099348 0.101252 0.197327 0.103920 -0.002206 0.128423 0.018376 -0.062804 -0.178017 0.126186 0.091653 0.060929 
0.561281 -0.808497 -0.056438 -0.074987 0.154633 -0.018025 0.119254 -0.137145 0.059946 0.120201 -0.100989 -0.085832 0.075411 0.010520 0.050035 
0.656435 -1.089655 -0.402841 -0.049640 0.187289 0.048428 0.110211 -0.033662 -0.012284 0.037354 -0.179341 -0.069592 0.249416 0.023449 -0.062193 
0.961406 -0.838321 -0.259000 -0.146871 0.163810 0.039990 0.167666 -0.036428 0.027606 0.064046 -0.157247 -0.091581 0.166401 -0.045202 0.119818 
1.420733 -1.249737 0.015809 -0.551660 0.133070 0.178538 0.050869 0.039736 -0.061682 0.182543 -0.011305 -0.337078 0.171206 -0.065445 0.102804 
1.332375 -1.351086 0.133440 -0.839682 0.207568 0.115221 0.122740 -0.026699 -0.023043 0.171839 0.080109 -0.374208 0.076766 -0.032679 0.041621 
1.223508 -1.246744 0.071254 -0.828783 0.136423 0.160352 0.117016 -0.044883 -0.022344 0.212474 0.101418 -0.306296 -0.097792 0.014841 0.001559 
1.216884 -1.192870 0.107538 -0.851143 0.100125 0.184984 0.107735 -0.073530 0.002674 0.213837 0.132405 -0.266888 -0.165259 0.006878 -0.031885 
1.205595 -1.189215 0.087596 -0.887483 0.090610 0.167737 0.083675 -0.052004 -0.013133 0.244918 0.128575 -0.229454 -0.187262 -0.009560 -0.069475 
1.236974 -1.197453 0.153820 -0.908888 0.089272 0.174036 0.077611 -0.050025 -0.017451 0.271309 0.132273 -0.279427 -0.135810 -0.047033 -0.076730 
1.289117 -1.196829 0.183317 -0.910852 0.039114 0.170133 0.099778 -0.086012 0.013655 0.237415 0.184167 -0.304563 -0.057664 -0.138486 -0.065930 
1.419747 -1.198788 0.156735 -0.820400 -0.065647 0.197636 0.024505 -0.003491 -0.069050 0.248839 0.191264 -0.298571 0.066819 -0.187506 -0.117000 
1.675459 -1.051342 0.159405 -0.673269 -0.104511 0.176241 -0.123300 0.033880 -0.119889 0.210698 0.234347 -0.297209 0.233088 -0.195890 -0.131184 
1.692218 0.048268 0.294615 -0.147257 0.091744 0.325644 -0.060971 -0.134084 -0.219061 0.148344 0.189150 -0.314724 0.248788 -0.105645 -0.174484 
1.004806 0.287043 0.156590 0.168990 0.128699 0.306596 0.223391 -0.215318 0.118413 0.102841 0.161740 -0.102913 0.148638 -0.019478 -0.032645 
0.468451 -0.077227 -0.307278 -0.014670 0.189572 0.326878 0.170794 -0.224211 0.152606 0.087435 0.051667 -0.075790 0.041094 -0.004662 0.065655 
0.091923 -0.482770 -0.571497 -0.345492 -0.121178 0.256635 0.093984 -0.156240 0.058724 0.164908 0.142615 -0.315524 0.000209 -0.045476 -0.048421 
-0.137081 -0.447044 -0.511979 -0.335330 -0.171118 0.164253 0.131315 -0.198582 0.115215 0.161902 0.150736 -0.246523 -0.028947 -0.097430 -0.031114 
-0.181826 -0.462244 -0.561544 -0.134884 -0.220121 0.088510 0.107080 -0.100175 0.087694 0.105776 0.160293 -0.230168 -0.070492 0.028608 -0.049324 
-0.262843 -0.447556 -0.428370 -0.143366 -0.218858 0.027214 0.082945 -0.078681 0.168292 0.098747 0.024279 -0.169043 0.000012 -0.028654 -0.000383 
-0.268352 -0.328515 -0.363180 -0.286734 -0.287357 0.081413 0.101662 -0.177677 0.161311 0.096071 0.135037 -0.086891 -0.057239 -0.101888 -0.000528 
-0.335188 -0.312969 -0.474133 -0.319188 -0.163247 0.090825 0.059752 -0.192115 0.048637 0.197731 0.252865 -0.158359 -0.117108 -0.080273 -0.045296 
-0.376733 -0.298047 -0.332254 -0.246397 0.014307 0.146832 -0.020017 -0.240300 -0.071086 0.207756 0.243986 -0.209450 -0.011087 -0.054105 -0.016971 
-0.477924 -0.330866 -0.322728 -0.117773 0.137324 0.111139 -0.136864 -0.161184 0.019831 0.052917 0.171540 -0.040165 -0.104811 -0.081244 0.136356 
-0.634013 -0.459012 -0.358808 -0.067384 0.112363 0.147001 0.017866 -0.217067 -0.002382 0.056032 0.154779 -0.123320 0.036254 -0.122835 0.096525 
-0.335635 -0.332465 -0.608514 -0.166586 -0.022262 0.057236 0.031095 -0.027012 -0.003186 -0.035802 0.200946 -0.011853 -0.130023 -0.050530 -0.004677 
-0.514320 -0.343760 -0.375870 -0.303478 -0.252640 0.046428 0.085848 -0.090630 0.193189 0.169029 0.058125 -0.201426 -0.080077 -0.025596 -0.008897 
-0.390418 -0.459277 -0.595092 -0.124514 -0.050756 -0.043946 0.066731 -0.038957 0.179095 0.035526 0.029826 -0.106756 -0.071861 -0.046172 0.064451 
-0.284524 -0.302523 -0.457896 -0.144474 -0.052296 0.046082 0.060433 -0.202175 0.087762 0.115420 0.146279 -0.222477 0.045701 -0.034072 -0.007986 
-0.495682 -0.221938 -0.360616 -0.129419 0.003537 0.059516 -0.006963 -0.098440 0.064992 0.009609 0.100029 -0.121119 0.048009 -0.030370 -0.000383 
-0.519456 -0.193636 -0.220112 -0.001466 -0.066499 0.076548 0.062497 -0.194467 0.024260 -0.071643 0.222262 -0.089958 -0.024253 -0.012791 0.016714 
-0.480658 -0.056060 -0.276920 -0.122967 0.029061 0.133503 0.000104 -0.182362 -0.070661 0.086692 0.161883 -0.134253 0.034048 -0.024894 -0.038816 
-0.509901 -0.197775 -0.192763 -0.287009 -0.152067 0.090045 0.060226 -0.187897 0.063630 -0.009208 0.206030 -0.080243 -0.024377 -0.024596 -0.002093 
-0.511802 -0.302138 -0.355081 -0.117092 -0.113748 0.169959 0.089358 -0.229612 0.088805 -0.022504 0.135532 -0.077149 -0.013636 -0.010722 -0.019871 
-0.559189 -0.114999 -0.186515 -0.055604 0.000187 0.127725 -0.020202 -0.265441 0.041293 -0.000272 0.170280 -0.049927 -0.050909 -0.043172 0.045421 
-0.616756 -0.143069 -0.204233 -0.098295 -0.109201 0.066317 0.079613 -0.138989 0.016093 -0.039098 0.143776 -0.042081 -0.046389 0.025496 -0.005607 
-0.649321 -0.188302 -0.165624 -0.028543 -0.037947 0.049452 0.062123 -0.121015 0.049923 -0.021296 0.054661 -0.052390 0.037028 -0.023205 -0.006075 
-0.674337 -0.010921 -0.105268 -0.048339 -0.188443 0.020794 0.077745 -0.176836 0.009329 0.044863 0.089255 -0.072560 0.042015 -0.051150 0.078350 
-0.714244 -0.158266 -0.064155 0.062003 -0.148888 -0.046368 0.084806 -0.174234 0.069435 0.026071 0.069163 -0.120511 0.101144 -0.070126 0.064410 
-0.527446 0.006880 -0.285462 -0.208148 -0.148423 0.063431 -0.078069 -0.071022 0.135093 -0.085496 0.184843 -0.062990 -0.022037 -0.016111 0.009204 
-0.635743 -0.075163 0.168110 0.040791 -0.059081 0.036167 0.026739 -0.198220 -0.026591 0.046960 0.113315 -0.126041 -0.011022 0.060110 0.034067 
-0.572619 0.051472 -0.033487 0.071614 -0.085464 -0.070028 -0.067269 -0.253371 0.040898 0.087430 0.073728 -0.148923 0.083741 0.045961 -0.016675 
-0.595367 -0.043724 0.063953 0.014700 -0.078634 -0.015906 -0.075188 -0.267442 0.074053 0.031373 0.114155 -0.129507 0.029581 0.039718 0.050535 
-0.470132 0.092629 -0.081598 -0.062469 0.022263 0.178811 0.067286 -0.218931 -0.081443 -0.043525 0.190581 -0.033707 -0.048284 -0.009356 -0.004456 
-0.587788 -0.062158 -0.110932 0.066506 -0.122478 0.073828 -0.068499 -0.156989 0.068685 -0.025383 0.115218 -0.042721 -0.061859 0.046767 0.053104 
-0.533397 -0.105396 -0.096675 0.068269 -0.114605 -0.059344 -0.009742 -0.216171 0.054444 0.042906 0.108262 -0.070119 -0.039784 0.072712 0.016808 
-0.625251 -0.140860 -0.033610 0.054391 -0.326295 -0.118980 -0.044471 -0.114912 0.034743 0.140340 0.088181 -0.130890 0.114150 0.020809 -0.054141 
-0.811779 -0.118457 0.093056 0.131771 -0.096992 -0.137014 -0.189376 -0.051742 0.086678 -0.095788 0.149225 -0.083874 -0.004576 0.067176 0.073905 
-0.557850 -0.077797 -0.104960 -0.110754 0.052357 -0.029534 0.014914 -0.034680 -0.064526 -0.036165 0.143142 -0.036193 -0.031865 -0.015596 0.048215 
-0.524587 0.129347 0.086762 -0.010985 -0.037348 0.173119 0.165106 -0.207782 -0.071895 -0.058406 0.224111 -0.138434 0.013029 0.048571 -0.061043 
-0.591437 -0.322357 -0.022942 0.120922 -0.035084 -0.109230 0.020465 -0.004297 0.079262 -0.121766 0.119875 -0.079561 0.024197 0.014546 -0.019317 
-0.630592 -0.569425 -0.196872 -0.035956 -0.049053 0.036422 0.184681 -0.067570 -0.061600 -0.040247 0.112691 -0.110665 0.086416 -0.025204 -0.011406 
1.100854 -0.917006 0.548591 0.001792 -0.096711 0.034397 0.044615 0.093085 0.069920 -0.088334 0.105579 -0.106503 0.106554 -0.037596 -0.063842 
1.480381 -0.225160 0.924360 0.315169 -0.346504 -0.071993 -0.045604 -0.036671 -0.041044 -0.101965 0.049836 -0.052861 0.130448 -0.103781 0.022281 
1.152125 -0.950539 1.294640 0.245459 -0.444351 0.015719 -0.227164 0.041177 -0.241878 -0.329844 0.228050 -0.257047 0.001486 0.024005 -0.055212 
1.148912 -1.087805 1.292943 0.156948 -0.310429 -0.077716 -0.195128 -0.042029 -0.248759 -0.262057 0.143546 -0.240551 0.021368 0.015005 -0.049071 
1.153478 -1.108048 1.209785 0.063610 -0.246528 -0.211067 -0.172645 -0.000732 -0.226531 -0.155078 0.094146 -0.104036 0.040568 0.029285 -0.006800 
1.202904 -1.219977 1.220671 -0.169101 -0.128616 -0.388704 -0.224799 0.033381 -0.195776 -0.117104 0.070470 0.021630 0.080749 0.062684 0.006526 
1.238596 -1.148745 1.008399 -0.327812 -0.112642 -0.279279 -0.312566 -0.143555 -0.100734 -0.039635 0.192498 -0.102837 0.133907 0.209783 -0.027744 
1.410309 -1.002351 0.682495 -0.397714 0.047697 -0.225186 -0.349258 -0.319907 -0.067240 0.128269 0.208667 -0.111449 0.069671 0.225411 0.104408 
1.574656 -0.863706 0.537092 -0.620260 0.003028 0.058764 -0.208641 -0.345878 -0.167342 0.139488 0.332586 -0.037081 -0.011800 0.093202 -0.108522 
1.634925 -1.004291 0.474259 -0.811791 -0.003302 0.040725 -0.063418 -0.272413 -0.160304 -0.047867 0.277519 0.046869 0.155009 0.066056 -0.210123 
1.673965 -1.019129 0.259382 -0.653991 -0.090791 -0.002829 -0.125770 -0.025161 -0.172265 -0.058929 0.138814 0.060186 0.284806 0.007852 -0.158660 
1.738758 -1.106234 0.426375 -0.787764 -0.157102 -0.054310 -0.046139 0.070512 -0.121930 -0.194265 0.119511 0.064927 0.313020 0.005260 -0.029207 
1.659135 -0.986607 0.238531 -0.713513 -0.105406 -0.041816 -0.032037 0.154393 -0.110634 -0.218455 0.094697 0.133063 0.148101 0.053489 -0.063763 
1.726418 -0.961285 0.239340 -0.824539 0.052852 -0.159048 -0.064793 0.217816 -0.094733 -0.214933 0.086474 0.128052 0.109827 0.087194 -0.063265 
1.670489 -0.828492 0.268709 -0.822370 -0.053496 -0.156071 -0.069894 0.172961 -0.031959 -0.164204 0.052743 0.066653 0.169206 0.039376 -0.020987 
1.702060 -0.773748 0.243644 -0.752991 -0.150621 -0.168249 -0.069578 0.186710 -0.028766 -0.101805 0.030436 0.030119 0.178889 0.026373 -0.034806 
1.764539 -0.781473 0.285438 -0.761186 -0.154736 -0.219364 -0.058114 0.179590 0.013925 -0.137029 0.059356 -0.038494 0.198293 0.029388 -0.018599 
1.790591 -0.797032 0.303957 -0.744303 -0.174619 -0.214111 -0.060103 0.210733 0.017136 -0.143277 0.084485 -0.052026 0.169906 0.008147 -0.011593 
1.728893 -0.764652 0.291020 -0.777255 -0.174361 -0.202388 -0.070951 0.199528 0.042767 -0.151518 0.084040 -0.016852 0.137310 0.031336 -0.021620 
1.661891 -0.683234 0.302953 -0.811700 -0.191864 -0.195217 -0.092469 0.158870 0.064717 -0.106871 0.027665 -0.007508 0.152285 0.048614 -0.032881 
1.630160 -0.658203 0.365818 -0.813362 -0.216639 -0.154149 -0.116781 0.100866 0.080364 -0.087734 0.053005 0.031647 0.108632 0.052199 -0.051035 
1.610810 -0.641904 0.374077 -0.808759 -0.236857 -0.132574 -0.169312 0.095513 0.062796 -0.076799 0.104452 -0.009798 0.165096 0.035397 -0.048454 
1.604631 -0.636978 0.390324 -0.869790 -0.129867 -0.186775 -0.198245 0.135441 0.030515 -0.099454 0.180028 0.021462 0.127005 0.031179 -0.021727 
1.624814 -0.646165 0.426910 -0.906655 -0.171154 -0.158621 -0.218839 0.161911 -0.003510 -0.080741 0.176866 0.025322 0.120322 0.064420 -0.033549 
1.637428 -0.576016 0.399538 -0.996588 -0.125761 -0.174515 -0.213005 0.146849 0.010526 -0.082594 0.159657 0.038671 0.121495 0.097301 -0.038101 
1.592123 -0.468413 0.417287 -0.972914 -0.211427 -0.132562 -0.224129 0.106514 0.033825 -0.068245 0.180548 0.038731 0.102510 0.109531 -0.062628 
1.572762 -0.457099 0.468201 -1.036230 -0.282869 -0.044809 -0.232968 0.057477 0.045718 -0.065240 0.207460 -0.019030 0.208964 0.063251 -0.055408 
1.524503 -0.501697 0.306452 -0.901866 -0.300521 -0.113025 -0.214703 0.183704 -0.047269 -0.157307 0.231291 -0.005177 0.219783 0.125895 -0.019497 
1.673024 0.118118 0.322373 -1.155901 -0.506106 0.165530 -0.267878 0.201861 -0.066299 -0.101812 0.163666 -0.226144 0.406131 0.099265 0.005902 
1.542266 0.297312 0.055482 -1.058549 -0.527773 0.130688 -0.061403 0.118732 -0.009735 -0.031894 0.070824 -0.120216 0.361063 0.086566 0.004616 
1.445544 0.153298 0.220352 -1.132192 -0.461925 0.193246 -0.090503 0.106812 0.038063 -0.099976 0.062841 -0.210889 0.420924 -0.029128 0.077997 
0.874633 0.249684 -0.141374 -0.822508 -0.561121 0.016103 0.097510 -0.069448 0.037207 -0.092576 0.047349 -0.060261 0.398097 0.108628 0.080186 
0.408260 0.255491 -0.209509 -0.578593 -0.619406 0.029447 0.175192 -0.007902 -0.009649 -0.210186 0.162877 -0.047284 0.133617 0.276348 0.028375 
-0.055435 0.134683 -0.334947 -0.344126 -0.355905 0.077567 0.307567 0.010191 -0.012323 -0.080934 0.097019 -0.221615 0.094092 0.112846 -0.095130 
