city011_085
MYOOKOOSAN
105
-0.188164 0.301057 0.493689 0.303836 0.079195 -0.140428 0.070182 -0.022005 -0.134872 -0.113564 0.102130 -0.173373 0.000348 -0.088127 0.121212 
0.263628 0.474509 0.543628 0.489447 0.267525 -0.069797 0.000169 0.054152 -0.040426 -0.085451 -0.067429 -0.195176 0.098080 -0.222715 0.046538 
0.788295 -0.075671 0.535114 0.570536 -0.125281 0.014867 -0.112847 -0.092330 -0.206507 -0.148815 -0.019576 -0.330079 0.055877 -0.146172 -0.021100 
0.914874 -0.183357 0.472083 0.626640 -0.046661 0.030724 -0.134138 -0.145336 -0.168872 -0.141545 -0.015087 -0.351879 -0.017047 -0.103755 0.003285 
1.144300 -0.381707 0.646999 0.582704 -0.083489 0.005911 -0.087270 -0.132893 -0.208244 -0.121569 -0.032916 -0.351403 0.057732 -0.217969 0.063721 
1.087446 -0.458178 0.725581 0.417993 -0.115587 0.102018 -0.123725 -0.116699 -0.253762 -0.212193 0.106012 -0.348409 -0.089199 -0.055276 0.029545 
0.875760 -0.806350 1.468143 0.120656 -0.338670 0.265057 -0.179286 -0.103116 -0.230525 -0.209317 0.113191 -0.431621 0.060198 -0.069241 -0.055511 
0.865537 -0.783194 1.391529 -0.048747 -0.237830 0.333373 -0.377384 -0.017073 -0.183919 -0.283888 0.111202 -0.311707 0.029478 -0.108834 0.023839 
1.014500 -1.021287 1.579843 -0.114340 -0.305116 0.226886 -0.344124 0.029550 -0.234416 -0.222707 0.148943 -0.317171 0.101389 -0.075810 0.011199 
0.931104 -1.045994 1.416109 -0.093601 -0.216746 -0.087199 -0.100995 -0.006880 -0.265892 -0.093863 0.079593 -0.149234 0.014586 0.000658 0.009610 
1.024025 -1.090316 1.166717 -0.168906 -0.117469 -0.232315 -0.082162 0.083924 -0.245798 -0.040483 0.101392 -0.088908 0.043012 0.024181 -0.010555 
1.354978 -1.189024 0.992703 -0.376218 -0.053073 -0.103559 -0.197862 -0.017154 -0.199439 0.003681 0.140421 -0.181125 0.145701 0.047622 -0.002924 
1.509442 -0.997233 0.662053 -0.493670 0.024468 0.094504 -0.298339 -0.094825 -0.152019 0.144138 0.205696 -0.196067 0.071873 0.062816 -0.030457 
1.644774 -1.056437 0.500304 -0.614580 0.044267 0.128205 -0.199100 -0.164486 -0.221568 0.011180 0.247460 -0.194469 0.240471 0.010217 -0.164929 
1.672424 -1.100875 0.483698 -0.606869 -0.050739 0.116224 -0.088368 -0.051935 -0.313437 -0.088955 0.138081 -0.085795 0.359527 -0.025576 -0.147324 
1.696155 -1.125465 0.585463 -0.688244 -0.049102 0.091478 -0.038357 0.013331 -0.292498 -0.177589 0.040906 -0.046544 0.417750 -0.062603 -0.025330 
1.644127 -0.965079 0.456442 -0.713023 0.044667 -0.031091 -0.020959 0.006502 -0.133680 -0.192726 -0.024810 -0.048532 0.325578 0.057467 -0.088241 
1.660306 -0.946254 0.547358 -0.689376 -0.070433 -0.066694 -0.043360 0.145832 -0.196222 -0.178129 -0.067025 -0.072052 0.341588 0.006883 -0.001260 
1.598241 -0.876553 0.463212 -0.765279 -0.000147 -0.110802 -0.047590 0.125211 -0.154716 -0.189801 -0.114303 -0.021421 0.380859 0.006615 0.019824 
1.625051 -0.831209 0.345252 -0.800783 0.076659 -0.152081 -0.049916 0.008704 -0.141463 -0.093256 -0.059461 -0.026310 0.349590 0.075100 -0.051395 
1.637610 -0.832905 0.406661 -0.798045 0.174514 -0.127284 -0.224421 -0.182794 -0.134719 0.065111 0.052817 -0.074477 0.317800 0.045977 -0.068740 
1.553701 -0.742045 0.436148 -0.740772 0.169780 -0.155877 -0.282224 -0.185744 -0.115053 0.091220 0.069146 -0.066052 0.273540 0.025394 -0.017146 
1.556672 -0.638404 0.416824 -0.659552 0.087920 -0.159188 -0.232086 -0.154988 -0.162205 0.101811 0.093387 -0.068467 0.218966 0.058913 -0.050760 
1.705396 -0.685548 0.494685 -0.738618 0.092824 -0.167454 -0.174736 -0.138816 -0.187065 0.062571 0.100687 -0.115999 0.236850 0.089967 -0.086636 
1.678307 -0.575635 0.497026 -0.684916 -0.007660 -0.065148 -0.171666 -0.127218 -0.228896 0.063607 0.121182 -0.131740 0.241829 0.057146 -0.086788 
1.739386 -0.536137 0.522456 -0.673055 -0.082831 0.044890 -0.191659 -0.107406 -0.263014 0.037558 0.141918 -0.169318 0.293825 0.006574 -0.074399 
1.813087 -0.503680 0.610726 -0.757180 -0.089494 0.069866 -0.157991 -0.110349 -0.284795 0.020535 0.098329 -0.182944 0.348641 -0.029091 -0.052517 
1.715862 -0.205982 0.617469 -0.780610 -0.158751 0.186469 -0.137820 -0.092718 -0.344856 0.008694 0.054830 -0.153278 0.360522 -0.000956 -0.096845 
1.727167 -0.125636 0.678650 -0.825719 -0.176517 0.231974 -0.134891 -0.032877 -0.400975 -0.027127 0.018963 -0.227923 0.439827 -0.032666 -0.045532 
1.813344 -0.283285 0.606337 -0.733736 -0.151524 0.236591 -0.135445 0.003395 -0.438631 -0.089259 -0.006049 -0.329617 0.482180 -0.082684 -0.025678 
1.782243 -0.225902 0.507640 -0.667592 -0.114128 0.223605 -0.036661 -0.010640 -0.485218 -0.118185 -0.066822 -0.343027 0.487106 -0.070831 -0.018422 
1.659114 -0.096113 0.357325 -0.487730 -0.139457 0.189482 0.034622 -0.014866 -0.466031 -0.088152 -0.169061 -0.347085 0.461466 -0.120166 0.044137 
1.634328 0.201033 0.178588 -0.286070 -0.207406 0.230901 0.273778 -0.139482 -0.276706 -0.112736 -0.147364 -0.281166 0.416644 -0.146455 0.063500 
1.301088 0.136505 0.113778 -0.248178 -0.119901 0.284847 0.239605 -0.019868 -0.213599 -0.101256 -0.049382 -0.264220 0.405160 -0.147494 0.080135 
0.487460 0.306098 0.200335 0.077050 0.184007 0.213905 -0.075072 0.020739 -0.066172 -0.003452 0.167590 -0.206111 0.151488 -0.098513 0.032519 
0.267815 0.034312 0.175644 -0.063222 -0.172224 0.174363 -0.025096 -0.168491 -0.108644 0.016741 0.093663 -0.169743 0.171160 -0.082904 0.002772 
0.296187 -0.011063 0.023616 0.141982 0.049962 0.122812 -0.167977 -0.209528 -0.111244 0.057342 0.050142 -0.112683 0.034516 -0.086788 0.075922 
0.251835 0.025623 0.023865 0.046337 0.245619 0.204810 -0.225972 -0.198595 0.014242 0.149579 0.093000 -0.254454 0.110598 -0.096133 0.127215 
0.481833 -0.067282 0.032271 0.076308 0.084222 0.222612 -0.073633 -0.229977 0.028310 0.036640 0.116163 -0.211362 0.166324 -0.132959 0.026125 
0.678488 -0.326281 -0.404328 -0.161877 0.061116 0.306372 0.191276 -0.037681 -0.087275 -0.030080 0.025159 -0.130163 0.214090 -0.028068 0.025004 
1.038752 -0.312253 -0.596491 -0.362603 0.152369 0.174642 0.087405 -0.013208 -0.131448 -0.110006 0.039922 0.007546 0.202194 -0.077214 0.018337 
1.139847 -0.244307 -0.648903 -0.528177 -0.067586 0.287375 0.093839 0.043168 -0.123933 -0.097769 0.052862 0.022208 0.192084 -0.133932 0.026312 
0.735744 -0.620566 -0.389524 -0.240235 0.278213 0.256394 0.014478 0.008356 -0.096287 -0.170266 0.048277 0.067439 0.185203 -0.111464 0.000154 
1.195644 -0.198828 -0.232019 -0.240782 0.233382 0.166522 0.140259 0.009712 -0.188455 -0.085453 0.039155 -0.075167 0.289776 -0.147563 0.053440 
1.526720 0.012263 -0.119470 -0.252247 -0.022613 0.112978 0.042564 -0.018589 -0.207372 -0.034344 0.040655 -0.103325 0.229770 -0.133205 0.062556 
1.449362 0.202331 -0.238955 -0.450416 0.060021 0.014768 -0.000461 0.003316 -0.086027 -0.129843 -0.082837 -0.074910 0.211230 -0.066787 0.131275 
2.087951 0.007326 0.091958 -0.559461 -0.377884 0.073974 0.011749 -0.000064 -0.162008 -0.088632 -0.109018 -0.206484 0.334894 -0.039254 0.160883 
2.026708 -0.257382 0.316311 -0.751939 -0.406086 0.086396 -0.061421 0.057576 -0.155596 -0.025095 -0.008745 -0.159007 0.339817 -0.037389 0.104884 
1.879790 -0.588538 0.423205 -0.685185 -0.308809 -0.060077 -0.217762 0.134600 -0.129342 -0.067375 0.082970 -0.141725 0.369639 -0.106536 0.126058 
1.764485 -0.672790 0.408629 -0.729188 -0.069522 -0.251167 -0.191724 0.027299 -0.082849 0.022001 0.007263 -0.079685 0.377830 -0.056390 0.039903 
1.783883 -0.726877 0.382295 -0.723732 -0.002626 -0.283882 -0.214522 -0.019428 -0.070717 0.048856 0.028316 -0.128947 0.415062 -0.008681 -0.019786 
1.723971 -0.654253 0.258508 -0.642633 0.048508 -0.329174 -0.238490 -0.018878 -0.086854 0.074732 0.041856 -0.128439 0.393165 0.038382 -0.044122 
1.740388 -0.686310 0.229986 -0.669601 0.105934 -0.357901 -0.226428 -0.020814 -0.095039 0.037943 0.068492 -0.149078 0.398398 0.076059 -0.034347 
1.703640 -0.652029 0.237823 -0.668778 0.103771 -0.278579 -0.283148 -0.022567 -0.101462 0.051804 0.061460 -0.083338 0.323623 0.079564 -0.050498 
1.691637 -0.613567 0.258982 -0.743285 0.120522 -0.221746 -0.309416 -0.009286 -0.083587 0.022481 0.072108 -0.106631 0.318878 0.064918 -0.025040 
1.670874 -0.542602 0.264556 -0.725082 0.100185 -0.178054 -0.286850 -0.028927 -0.075784 0.017514 0.067593 -0.073429 0.283650 0.013239 0.011062 
1.800297 -0.671204 0.367907 -0.840870 0.097371 -0.175310 -0.249969 0.003498 -0.111792 0.016916 0.011646 -0.108432 0.313636 0.060213 -0.011501 
1.703229 -0.594060 0.311569 -0.772949 0.019446 -0.144602 -0.225322 0.011710 -0.071197 -0.072072 0.033314 -0.150092 0.357201 0.047499 -0.022690 
1.734162 -0.620348 0.287791 -0.763167 0.025373 -0.169523 -0.145161 0.047966 -0.102988 -0.058028 -0.044659 -0.141873 0.360685 0.053057 -0.025726 
1.754637 -0.663706 0.230940 -0.758451 0.059739 -0.216172 -0.069305 0.115334 -0.080395 -0.147147 -0.051747 -0.207133 0.382013 0.098490 -0.021014 
1.739945 -0.664072 0.262606 -0.770558 0.047413 -0.208648 -0.019031 0.162561 -0.065500 -0.225409 -0.008633 -0.197973 0.315971 0.096667 0.009495 
1.703362 -0.683672 0.245376 -0.768511 0.040685 -0.091571 -0.110125 0.071158 -0.175153 -0.188715 0.075535 -0.175892 0.401476 0.093453 -0.030782 
1.619922 -0.765554 0.322252 -0.819038 0.040885 -0.095182 -0.072094 0.045454 -0.231586 -0.213643 0.068944 -0.079277 0.425943 0.096863 -0.036991 
1.620285 -0.669449 0.300592 -0.820007 -0.006552 0.044075 -0.107376 -0.046371 -0.331068 -0.035756 0.147820 -0.107926 0.415025 0.029961 -0.121101 
1.751449 -0.706039 0.277406 -0.717476 -0.045434 0.120176 -0.108351 -0.153902 -0.357635 0.014007 0.231141 -0.100920 0.409830 -0.087554 -0.098795 
1.854405 -0.715743 0.297399 -0.549505 0.002843 0.095925 -0.220656 -0.192205 -0.357093 0.216135 0.268172 -0.144292 0.280998 -0.194373 0.015782 
1.845343 -0.460765 0.151464 -0.249501 -0.045367 0.068391 -0.296072 -0.201421 -0.317511 0.226371 0.141240 -0.237267 0.293640 -0.151010 0.094173 
1.909594 -0.108215 -0.010632 -0.138101 0.242521 -0.079483 -0.247368 -0.156165 -0.209647 0.220720 0.039797 -0.163961 0.186847 -0.193683 0.224216 
1.189967 -0.128525 0.330302 -0.222559 0.256950 0.000169 0.265703 -0.025057 -0.008137 0.115133 0.020839 -0.043951 0.133557 -0.105584 0.133868 
0.585734 -0.519699 0.346342 -0.017008 0.364977 0.153064 0.090679 0.091267 -0.009843 0.090099 0.071366 -0.003074 0.144938 -0.128152 0.177848 
0.332735 -0.498737 0.253392 -0.051280 0.239226 0.139247 -0.069068 -0.129818 0.126390 0.085749 -0.000788 -0.112547 0.096627 -0.064807 0.109527 
0.233856 -0.765018 -0.002230 -0.119557 -0.010226 -0.043471 -0.061486 0.081428 0.085935 -0.094525 0.015623 -0.006145 0.088581 -0.161502 0.137732 
0.074624 -0.769221 -0.053295 -0.019219 -0.020657 -0.101907 -0.141989 0.154324 0.130663 -0.100157 -0.003615 -0.012442 0.071016 -0.098694 0.052460 
-0.203738 -0.802523 -0.073284 -0.155667 -0.041399 0.156636 -0.131605 0.131666 0.092859 -0.118912 -0.060125 0.017607 0.100308 -0.121854 0.139931 
-0.053305 -0.916732 0.053181 -0.078488 -0.191491 0.224410 -0.067334 -0.017338 0.060091 0.019086 -0.014972 -0.113600 0.149441 -0.126114 0.125860 
-0.114810 -0.729625 0.125331 -0.056220 0.036194 -0.193020 -0.030182 0.055233 0.010609 0.012811 0.083491 -0.155443 0.120604 -0.061404 0.080193 
0.231318 -0.588725 0.501582 -0.255756 -0.081456 -0.213132 -0.103769 -0.076732 -0.078650 0.079971 0.122096 -0.079092 0.073090 0.019917 0.089547 
0.828764 -0.598804 0.367313 -0.166094 -0.083351 -0.154688 -0.208355 0.127847 0.160738 0.053567 -0.007321 -0.065062 0.099114 -0.048419 0.010785 
1.316664 -0.151205 0.235613 0.082720 0.000816 -0.231699 -0.104209 0.003726 0.071079 0.051792 -0.121043 -0.034355 0.203266 -0.125273 0.030533 
1.901528 -0.671960 -0.059926 -0.235392 0.038748 -0.091411 -0.089525 0.000466 0.056936 0.354050 -0.177076 -0.277207 0.258832 -0.111451 0.063528 
1.730000 -0.998210 -0.158896 -0.377078 0.083931 -0.136488 -0.070966 0.088502 -0.002976 0.310365 -0.043632 -0.364887 0.215493 -0.054394 0.099406 
1.459883 -1.138030 -0.024076 -0.476043 0.075864 -0.001886 -0.024814 0.033095 0.053950 0.281940 0.005771 -0.399264 0.065847 0.030039 0.096619 
1.578888 -1.079774 -0.105502 -0.456605 0.060390 0.134995 0.019435 -0.023911 0.081904 0.195367 0.096450 -0.437517 0.013988 0.025110 0.156814 
1.783893 -1.082512 -0.259970 -0.302372 0.036598 0.183054 0.100713 -0.064755 -0.017586 0.235963 0.088591 -0.405060 0.051758 -0.033886 0.156501 
1.868188 -1.161391 -0.264691 -0.169851 -0.053414 0.183360 0.194641 -0.094463 -0.074373 0.270248 0.086691 -0.343001 0.042213 -0.110022 0.155219 
2.081051 -1.142915 -0.348150 0.050088 -0.316719 0.297636 0.200372 -0.234801 -0.062535 0.273462 0.023073 -0.233637 0.095348 -0.164546 0.189548 
1.921587 -1.052703 -0.317161 0.075703 -0.315217 0.285398 0.227082 -0.313647 -0.046054 0.209490 0.062260 -0.151074 0.084898 -0.182469 0.142629 
1.795440 -1.003486 -0.197128 0.023663 -0.268078 0.318000 0.164646 -0.280077 -0.105826 0.151963 0.151608 -0.128840 0.091950 -0.190287 0.051292 
1.692716 -1.001151 -0.044394 -0.078681 -0.251753 0.364942 0.064470 -0.233803 -0.096913 0.052477 0.145176 -0.087770 0.133747 -0.193919 0.074419 
1.638076 -0.949138 0.030803 -0.094480 -0.288506 0.327182 0.103555 -0.128944 -0.011345 -0.078901 0.109579 -0.123481 0.180926 -0.129526 0.090583 
1.617725 -0.940855 0.157142 -0.092382 -0.377272 0.309456 0.070461 -0.013337 0.074454 -0.087298 0.005455 -0.158085 0.198168 -0.114253 0.125168 
1.596953 -0.924465 0.270997 -0.036104 -0.442729 0.264607 0.069849 0.065985 0.133131 0.019617 0.001830 -0.183658 0.128307 -0.140714 0.144897 
1.303777 -0.736540 0.448403 0.109557 -0.390329 0.062951 -0.059564 -0.065588 0.277321 0.107586 0.090120 -0.160414 0.132365 -0.060691 0.024564 
1.065529 -0.674760 0.588553 0.366528 -0.304978 0.078178 -0.235206 -0.150844 0.119737 0.037614 0.016257 -0.214981 0.193970 0.026896 0.026628 
0.789887 -0.600388 0.664087 0.384652 -0.153026 0.061286 -0.232144 -0.134705 0.053808 0.032756 -0.095111 -0.211711 0.181441 -0.027602 0.025509 
0.753595 -0.527175 0.646557 0.402137 -0.152248 0.028853 -0.205586 -0.201666 0.090221 -0.015573 -0.061401 -0.281424 0.248409 -0.074039 0.046017 
0.716117 -0.469604 0.561179 0.476978 -0.089420 -0.004931 -0.148519 -0.213459 0.046267 0.014824 -0.111717 -0.248099 0.175363 -0.072482 0.057145 
0.476358 -0.309448 0.506394 0.571831 -0.060286 -0.019759 -0.115657 -0.283115 0.042329 0.008187 -0.165530 -0.283424 0.153627 -0.104039 0.097930 
0.851476 -0.176028 0.377553 0.491016 0.049277 -0.127727 -0.124798 -0.289092 0.024224 -0.061534 -0.165633 -0.204164 0.072244 -0.072403 0.051108 
0.096264 0.037895 0.360860 0.455917 0.143365 -0.031477 -0.298499 -0.226162 0.019147 -0.040688 -0.230568 -0.264334 0.072403 -0.052891 0.007065 
0.198157 -0.174732 0.099448 0.213316 0.130972 0.084397 0.021313 -0.045156 -0.004918 0.020267 0.017336 -0.005649 0.085383 -0.172456 0.121010 
0.334547 -0.126657 0.416658 0.477652 0.029265 -0.083527 -0.092313 -0.202760 -0.054841 -0.013957 -0.077657 -0.262659 0.079811 -0.043416 0.038481 
-0.001328 -0.063308 0.505234 0.385898 0.166838 -0.052832 -0.152010 -0.146552 0.005823 -0.006639 -0.134683 -0.250287 0.158189 -0.163882 0.088599 
0.187551 0.331360 0.373446 0.356359 0.197925 -0.025170 0.000563 -0.045707 -0.042640 0.017663 0.037138 -0.244352 0.120678 -0.053177 -0.005862 
0.073626 -0.001785 -0.051072 0.250594 0.118217 0.052830 -0.076615 0.014159 0.124872 -0.020302 0.086632 -0.195222 0.187070 -0.064321 0.051646 
