city011_051
JIYUUGAOKA
112
-0.659571 -0.185537 0.173480 -0.257833 -0.052052 0.026265 0.084339 -0.001428 -0.027403 0.063022 -0.072777 0.011291 0.011642 0.003363 -0.016798 
-0.231347 -0.275796 0.184631 -0.567525 -0.048606 -0.164985 0.072386 -0.069115 0.138256 0.046856 -0.034074 0.084133 -0.013139 -0.118393 0.053333 
-0.409658 -0.188164 0.375933 -0.312893 -0.058033 -0.194055 0.050601 0.058556 0.030166 0.035725 -0.087222 0.089807 0.034630 -0.167536 0.124359 
-0.443744 -0.353404 0.417046 -0.298027 0.093757 -0.148113 0.146180 0.042292 -0.045731 -0.017013 -0.039803 0.092062 -0.026825 -0.101369 0.107270 
-0.573387 -0.420659 0.360990 -0.442909 0.088648 -0.075689 0.114343 0.056564 -0.025919 -0.006549 -0.095209 0.081729 0.065438 -0.208648 0.181052 
-0.209140 0.065000 0.782148 -0.426142 0.047640 -0.103375 0.072950 0.253760 -0.052501 0.128342 -0.035063 0.064224 0.007785 -0.142769 0.150564 
0.065570 -0.296068 1.208740 -0.034261 -0.009722 -0.038536 -0.081227 -0.089343 -0.145081 -0.121927 -0.144980 0.015660 -0.094521 -0.162200 0.157252 
0.286315 -0.253124 1.291622 -0.141379 0.020560 -0.002810 -0.038499 -0.090373 -0.189447 -0.189377 -0.048322 -0.070474 -0.161127 -0.119987 0.134404 
0.264494 -0.365165 1.450748 -0.142101 0.031763 0.039710 -0.127186 -0.008471 -0.209109 -0.206612 -0.027497 -0.085270 -0.210727 -0.063034 0.080411 
0.440868 -0.367669 1.558043 -0.252010 -0.016787 0.065490 -0.180781 0.048370 -0.263720 -0.193445 -0.030544 -0.059253 -0.214444 -0.090913 0.147934 
0.504439 -0.380594 1.665257 -0.282985 -0.072970 0.129593 -0.250649 0.083440 -0.281541 -0.168148 -0.024716 -0.082595 -0.160973 -0.116358 0.200596 
0.681492 -0.515658 1.590883 -0.236726 -0.142031 0.239247 -0.350409 0.148626 -0.302630 -0.198814 0.067946 -0.185795 -0.098561 -0.097622 0.140661 
0.702787 -0.562689 1.603783 -0.283283 -0.115396 0.231357 -0.297443 0.091084 -0.268653 -0.217907 0.067387 -0.175817 -0.131071 -0.070541 0.128642 
0.699997 -0.573905 1.600729 -0.235106 -0.139649 0.266647 -0.347173 0.115665 -0.277695 -0.220187 0.061773 -0.177204 -0.146299 -0.039672 0.091159 
0.601828 -0.681905 1.719276 -0.240353 -0.100879 0.241195 -0.338962 0.116071 -0.313290 -0.197819 0.035640 -0.208030 -0.138980 -0.050960 0.077230 
0.678523 -0.690304 1.692562 -0.182849 -0.197252 0.311759 -0.402999 0.146920 -0.311918 -0.193996 0.042318 -0.201273 -0.124013 -0.033671 0.054825 
0.751840 -0.756274 1.693309 -0.257221 -0.171128 0.330822 -0.392599 0.122900 -0.314304 -0.203014 0.057587 -0.212202 -0.132644 -0.033472 0.067829 
0.711759 -0.770384 1.670972 -0.242638 -0.155029 0.315034 -0.363670 0.071700 -0.309169 -0.195547 0.025646 -0.206235 -0.147528 -0.024573 0.052250 
0.638077 -0.757619 1.630923 -0.174950 -0.195284 0.316987 -0.381054 0.044191 -0.282453 -0.214598 0.035470 -0.239548 -0.105632 -0.028487 0.019331 
0.811601 -0.929621 1.687661 -0.177312 -0.209623 0.314717 -0.391367 0.047534 -0.298660 -0.213052 0.015389 -0.221289 -0.099438 -0.070445 0.060772 
0.767974 -0.889686 1.606209 -0.146895 -0.229912 0.305864 -0.379262 0.027487 -0.328933 -0.191936 0.035370 -0.263560 -0.068745 -0.055544 0.042439 
0.817739 -0.951938 1.616672 -0.120792 -0.261753 0.272306 -0.327359 -0.022246 -0.340356 -0.145168 -0.007637 -0.259499 -0.048191 -0.037277 0.009529 
0.873453 -1.018901 1.568104 -0.130821 -0.241766 0.239580 -0.280445 -0.072650 -0.327721 -0.149427 0.005422 -0.255731 -0.038789 -0.038352 0.002906 
0.854988 -0.964304 1.540559 -0.121881 -0.255851 0.157372 -0.197508 -0.106537 -0.306464 -0.167000 0.028177 -0.249229 -0.038291 -0.010073 -0.026707 
0.875026 -0.961554 1.479254 -0.071201 -0.277283 0.111734 -0.139675 -0.152973 -0.279792 -0.189289 0.059007 -0.254739 -0.045705 0.023110 -0.058562 
0.931197 -1.007155 1.430144 -0.060644 -0.241738 0.060199 -0.103930 -0.181252 -0.273740 -0.171486 0.063378 -0.258222 -0.033528 0.030507 -0.050594 
0.873292 -0.992399 1.356134 0.033436 -0.233839 -0.018422 -0.113342 -0.141827 -0.269127 -0.167836 0.065214 -0.257806 -0.008388 0.039190 -0.075432 
0.905112 -1.026081 1.351825 0.024804 -0.178029 -0.124926 -0.066791 -0.119466 -0.285863 -0.154025 0.051657 -0.212754 -0.020425 0.028948 -0.064114 
0.930593 -1.036761 1.185318 0.064244 -0.096465 -0.140906 -0.093853 -0.108245 -0.321954 -0.108101 0.030482 -0.184691 -0.061041 0.036537 -0.035066 
1.086793 -1.074910 1.186809 0.032737 -0.068191 -0.177718 -0.109398 -0.087053 -0.318414 -0.113156 0.024314 -0.199214 -0.003747 0.020437 -0.037712 
1.116092 -1.074135 1.114248 0.109571 -0.021614 -0.272039 -0.109001 -0.030492 -0.315218 -0.148742 -0.016111 -0.147488 0.018884 -0.036276 -0.059409 
1.154128 -1.110642 1.146746 0.129290 -0.026311 -0.245754 -0.225305 0.021976 -0.304329 -0.177978 -0.048602 -0.166562 0.062231 -0.020264 -0.115503 
1.173796 -1.024485 1.147720 0.174858 -0.052157 -0.225812 -0.316881 0.041161 -0.222276 -0.179981 -0.107664 -0.186488 0.150993 -0.008407 -0.171305 
1.259260 -1.007442 1.074409 0.138072 -0.007616 -0.178241 -0.389509 0.067157 -0.210525 -0.160304 -0.109587 -0.206287 0.162060 0.009735 -0.182537 
1.524086 -1.102670 1.069124 0.043398 0.029335 -0.068196 -0.507513 0.108165 -0.304459 -0.026443 -0.121459 -0.299610 0.208852 0.006462 -0.129301 
1.391534 -0.914964 0.908584 0.096101 0.038135 -0.027174 -0.509120 -0.010532 -0.191318 -0.049827 -0.085279 -0.362584 0.208006 0.056050 -0.137197 
1.526264 -0.950879 0.860561 -0.028103 0.074132 0.039677 -0.474813 -0.075590 -0.156063 -0.089960 -0.061946 -0.313014 0.149720 0.060353 -0.141597 
1.529048 -0.883889 0.844833 -0.102048 0.073015 0.067389 -0.422303 -0.097664 -0.222423 -0.029182 -0.057166 -0.249634 0.082487 0.055429 -0.094956 
1.554405 -0.876655 0.792068 -0.148074 0.097073 0.074798 -0.378051 -0.158016 -0.189702 -0.062945 -0.028917 -0.261655 0.101719 0.040186 -0.107356 
1.558809 -0.822833 0.806640 -0.162574 0.062912 0.092007 -0.375520 -0.155007 -0.226085 0.026197 -0.071146 -0.208141 0.055153 0.071134 -0.093590 
1.650367 -0.859620 0.777576 -0.190878 0.050063 0.115961 -0.386928 -0.127533 -0.218988 -0.037546 -0.029923 -0.251220 0.117353 0.041188 -0.112011 
1.608309 -0.750966 0.730868 -0.177547 0.031302 0.108562 -0.350324 -0.151686 -0.255012 0.038244 -0.034455 -0.240177 0.106601 0.047425 -0.111137 
1.615913 -0.776837 0.687830 -0.221954 0.043707 0.110592 -0.314575 -0.136129 -0.313212 0.015340 0.001955 -0.260446 0.147607 0.012212 -0.117726 
1.628863 -0.726256 0.652364 -0.245209 0.025169 0.130946 -0.269718 -0.166455 -0.336145 0.038960 0.010184 -0.244238 0.150759 -0.008589 -0.106820 
1.669313 -0.668292 0.617537 -0.258940 -0.039265 0.214899 -0.315704 -0.114372 -0.399983 0.068021 0.030785 -0.253630 0.175696 -0.023965 -0.111879 
1.724585 -0.633645 0.615798 -0.348538 -0.011128 0.218471 -0.241835 -0.116580 -0.459295 0.044294 0.046249 -0.256819 0.198156 -0.043630 -0.121335 
1.732481 -0.549251 0.534173 -0.376719 0.054238 0.287080 -0.264936 -0.128193 -0.510887 0.003972 0.099884 -0.244009 0.183320 -0.086310 -0.137888 
1.716491 -0.450943 0.447145 -0.294981 0.077560 0.296706 -0.238853 -0.085220 -0.559100 0.003571 0.107265 -0.211526 0.141746 -0.124412 -0.099601 
1.708404 -0.389827 0.461519 -0.212929 0.097143 0.248909 -0.159321 -0.069766 -0.595011 0.029594 0.070259 -0.258463 0.133054 -0.144664 -0.061547 
1.391571 -0.114768 0.321638 0.026833 0.091594 0.161866 -0.136539 -0.226164 -0.470830 0.115553 0.079945 -0.299153 0.049054 -0.120207 0.012578 
1.164552 -0.041947 0.229369 0.169764 0.027009 0.237995 -0.021514 -0.347656 -0.358472 0.089082 0.065773 -0.279353 0.056359 -0.169704 -0.038455 
0.730731 0.045733 0.155799 0.460890 0.054762 0.120305 0.123663 -0.374526 -0.340351 0.124859 -0.006954 -0.287716 -0.040079 -0.132914 -0.049138 
0.751076 0.231727 0.202319 0.287152 -0.005117 0.238186 -0.101417 -0.280781 -0.215964 0.037947 0.033704 -0.243850 -0.056173 -0.008040 -0.063261 
0.998681 -0.283105 0.466125 0.114313 0.103316 -0.010963 -0.269638 -0.147346 -0.203310 0.096452 0.037428 -0.253395 -0.018100 0.106836 0.043175 
1.330795 -0.717159 0.550894 -0.068742 0.056577 -0.079937 -0.454324 0.042775 -0.272692 0.032910 0.096555 -0.316670 0.184061 0.099142 -0.057321 
1.505990 -0.989273 0.523603 -0.241572 0.052282 -0.155205 -0.526848 0.034727 -0.244630 0.187047 0.119014 -0.315043 0.287267 0.148987 -0.047295 
1.568131 -1.098220 0.348469 -0.294711 -0.026094 -0.160196 -0.461285 0.079880 -0.160974 0.337581 0.147940 -0.301794 0.261075 0.116996 -0.047091 
1.566469 -1.161252 0.368287 -0.546811 -0.018893 -0.169460 -0.349156 0.009330 0.027726 0.389078 0.142783 -0.211967 0.059494 0.150381 -0.069022 
1.527116 -1.092453 0.295800 -0.613299 -0.025871 -0.148940 -0.240740 0.010697 0.018695 0.370595 0.234815 -0.212892 -0.056006 0.098461 -0.050129 
1.505596 -1.135634 0.189497 -0.662902 0.016766 -0.123484 -0.155121 0.034550 -0.006544 0.338464 0.255911 -0.234913 -0.134543 0.100977 -0.068541 
1.422719 -1.207789 0.128078 -0.655816 -0.045206 -0.014372 -0.106050 0.007726 0.031913 0.303466 0.252366 -0.231428 -0.185176 0.053745 -0.083085 
1.364858 -1.296758 0.084109 -0.697883 -0.074269 0.059613 -0.099661 0.005748 0.024426 0.295324 0.209255 -0.175650 -0.149517 -0.029932 -0.117538 
1.334527 -1.368628 0.073491 -0.744221 -0.050407 0.076441 -0.086037 -0.015428 0.005017 0.293224 0.230495 -0.149290 -0.137925 -0.075101 -0.148711 
1.277030 -1.359096 0.101479 -0.766027 -0.038188 0.068797 -0.065329 -0.050811 0.017192 0.255466 0.264925 -0.095402 -0.170959 -0.104882 -0.139884 
1.235815 -1.326803 0.144712 -0.797526 -0.047217 0.098427 -0.064050 -0.099590 -0.013859 0.311348 0.211230 -0.014853 -0.162881 -0.137745 -0.154872 
1.253613 -1.252487 0.147615 -0.823291 -0.066880 0.120168 -0.037004 -0.163404 -0.034045 0.349380 0.197457 -0.029796 -0.045556 -0.219884 -0.167328 
1.501153 -1.348484 0.113211 -0.681709 -0.167802 0.145601 -0.077252 -0.129634 -0.073917 0.275880 0.245975 -0.017769 0.038763 -0.208603 -0.183010 
1.500789 -1.264189 0.078042 -0.635961 -0.155812 0.064840 -0.079966 -0.086628 -0.123107 0.223817 0.216130 0.086004 0.093795 -0.201711 -0.183592 
1.593158 -1.178140 0.090673 -0.617655 -0.189716 0.029415 -0.060535 -0.069439 -0.169465 0.165595 0.154175 0.135890 0.220288 -0.197723 -0.128332 
1.757847 -1.154902 0.131681 -0.587580 -0.202877 0.010730 -0.073409 -0.006224 -0.249087 0.115235 0.086170 0.140473 0.324854 -0.160466 -0.091329 
1.813967 -1.078259 0.154999 -0.541722 -0.269250 0.067388 -0.160651 0.111456 -0.291273 0.040745 0.081295 0.082657 0.364112 -0.086536 -0.080861 
1.834782 -0.996147 0.237347 -0.600306 -0.212688 -0.007456 -0.145357 0.083693 -0.255012 -0.038234 0.001172 0.062115 0.387003 0.032715 -0.059189 
1.696962 -0.770675 0.202880 -0.588867 -0.234190 0.002848 -0.163850 0.114784 -0.263917 -0.051585 -0.012407 -0.030829 0.403605 0.068325 -0.055683 
1.830928 -0.731299 0.308948 -0.721741 -0.154155 0.010993 -0.198713 0.121783 -0.269339 -0.053494 -0.034625 -0.117429 0.361161 0.132717 -0.033824 
1.865165 -0.489996 0.236998 -0.654437 -0.252915 0.123761 -0.234966 0.135980 -0.310822 -0.034790 0.058162 -0.271367 0.375722 0.089935 -0.040811 
1.832697 -0.279449 0.242888 -0.645944 -0.281449 0.061249 -0.063170 0.067837 -0.336786 -0.062787 0.030438 -0.282396 0.347291 0.115062 -0.017835 
1.769919 -0.198865 0.108831 -0.468223 -0.406644 -0.015577 -0.012160 0.080847 -0.388211 -0.029972 -0.009639 -0.280036 0.368288 0.120033 0.046653 
1.861512 0.012500 0.144354 -0.326376 -0.340356 -0.045614 0.146521 0.022303 -0.417148 0.016433 -0.186833 -0.246846 0.260231 0.012607 0.110264 
1.705768 0.231505 0.024696 -0.252882 -0.112881 0.017422 0.213295 -0.014295 -0.441438 -0.046802 -0.184243 -0.213950 0.228655 -0.003276 0.044734 
1.388257 0.421104 -0.017603 -0.143576 -0.221782 0.203179 0.236451 0.036924 -0.326765 -0.126489 -0.161314 -0.245735 0.180777 0.095770 -0.046348 
0.877106 0.351928 -0.064012 -0.182618 0.053726 0.397948 0.056117 0.010604 -0.154160 -0.148493 0.030032 0.026971 0.086668 0.018843 -0.076959 
0.479338 0.196173 -0.010410 -0.127274 0.023470 0.174192 0.006545 -0.113659 -0.149839 -0.063194 0.066054 0.003734 0.009708 -0.028778 -0.006016 
0.102603 -0.109279 -0.260141 -0.232518 0.043040 0.247961 0.042658 -0.117889 -0.045570 0.093736 0.022896 -0.115932 0.120252 -0.075038 -0.026906 
-0.143052 -0.174498 -0.296631 -0.117489 -0.162297 0.124215 -0.019271 -0.111525 -0.053078 0.158860 0.042437 -0.041171 -0.022390 0.006253 -0.029939 
-0.233947 -0.065302 -0.308073 -0.105462 0.040505 0.146920 -0.175630 -0.197247 0.131494 0.118929 -0.010853 -0.039654 -0.019440 -0.030876 0.089887 
-0.121624 -0.146035 -0.225126 -0.116594 -0.082602 0.237979 0.007080 -0.119496 -0.021480 0.022495 0.031724 0.015000 -0.047005 0.045832 -0.062445 
0.581830 -0.978307 -0.696092 -0.136244 0.364948 0.123086 -0.171504 0.024659 -0.028735 0.034241 0.118517 -0.074120 -0.148313 0.061047 0.107383 
1.029014 -0.984248 -0.690261 -0.335009 0.397130 -0.066220 -0.263767 0.139937 0.158653 0.136449 -0.045009 -0.161998 -0.065904 0.031885 0.044915 
0.499202 -0.624487 -0.313621 0.044009 0.129948 -0.218844 -0.442722 -0.070398 0.156615 0.159839 0.085253 -0.141048 0.111000 0.054042 0.057592 
1.306010 -0.077297 -0.191222 -0.113927 0.204827 -0.193963 -0.397667 -0.042333 -0.078908 0.102265 0.100053 -0.059123 0.044443 0.060660 0.053541 
1.846884 -0.659201 -0.228093 -0.016658 -0.012109 -0.337171 -0.253812 0.054550 -0.191836 0.252445 0.140236 -0.170367 0.120768 0.052106 0.150223 
1.881193 -0.853136 -0.341443 -0.059689 -0.076043 -0.173096 -0.224272 0.007557 -0.223133 0.419081 0.138178 -0.160784 0.029807 0.088025 0.078619 
1.766898 -1.146365 -0.104210 -0.396768 -0.023042 -0.113744 -0.153662 0.019002 -0.075301 0.310270 0.221422 -0.230647 -0.045778 0.087057 0.010655 
1.501980 -1.086221 -0.040376 -0.492234 -0.046865 -0.022593 -0.147609 0.083365 -0.109566 0.296634 0.270466 -0.211609 -0.108952 -0.019461 0.006992 
1.689562 -1.170934 -0.083780 -0.544630 -0.057236 -0.002378 -0.105315 0.056013 -0.072303 0.282157 0.254395 -0.166890 -0.184739 0.009762 -0.017048 
1.502660 -1.063448 -0.095257 -0.531035 -0.106556 0.044620 -0.073142 0.034861 -0.039531 0.297790 0.245268 -0.148116 -0.266922 0.002272 -0.033049 
1.433847 -1.092340 -0.108211 -0.546699 -0.117763 0.058764 -0.065688 0.039272 -0.050662 0.345699 0.229492 -0.203922 -0.239132 -0.001712 -0.038298 
1.466805 -1.109631 -0.137966 -0.534169 -0.174003 0.116338 -0.053889 -0.016722 0.006074 0.325140 0.258717 -0.288619 -0.152358 -0.057435 -0.041557 
1.544573 -1.160394 -0.122603 -0.517880 -0.204333 0.170242 -0.113797 0.034630 -0.055744 0.368964 0.244473 -0.292808 -0.126294 -0.078048 -0.036882 
1.550905 -1.143387 -0.174324 -0.548176 -0.167570 0.168205 -0.097864 0.021172 -0.050575 0.377702 0.233092 -0.330313 -0.099687 -0.075692 -0.053865 
1.598531 -1.195417 -0.203169 -0.603374 -0.131716 0.181440 -0.112613 0.052465 -0.081168 0.386355 0.221591 -0.345737 -0.046962 -0.113433 -0.054961 
1.557922 -1.194137 -0.252884 -0.546771 -0.172413 0.207047 -0.083983 0.019477 -0.054920 0.355919 0.205713 -0.338715 -0.020763 -0.118669 -0.080452 
1.523220 -1.251790 -0.205381 -0.600384 -0.133986 0.195739 -0.085231 0.040001 -0.081901 0.384685 0.173947 -0.345537 0.028645 -0.159896 -0.082773 
1.428427 -1.239092 -0.117834 -0.606020 -0.149889 0.218379 -0.119774 0.080681 -0.098561 0.392044 0.139353 -0.337834 0.041101 -0.165181 -0.071787 
1.544275 -1.092387 -0.139277 -0.619327 -0.139867 0.170661 -0.024354 0.023968 -0.053896 0.349959 0.076789 -0.281907 0.032892 -0.146535 -0.057248 
1.251797 -0.256013 -0.448460 -0.347575 -0.109046 0.074383 0.091075 -0.062372 -0.048308 0.464503 -0.020999 -0.234044 -0.006652 -0.166178 -0.056909 
1.381538 -1.051113 -0.225495 -0.444375 -0.204041 0.216916 -0.105526 0.007578 -0.026440 0.350645 0.105173 -0.307983 0.056356 -0.150903 -0.035260 
0.626296 -0.644458 -0.310678 -0.483197 -0.185232 0.118517 -0.059882 -0.074434 0.077166 0.490786 0.093132 -0.325614 -0.082572 -0.167245 -0.015960 
1.136394 -0.599601 -0.442182 -0.320659 -0.171566 0.164859 -0.035075 -0.013269 -0.025082 0.346345 0.090910 -0.329569 0.051043 -0.159889 0.021210 
1.153806 -0.576838 -0.510775 -0.415553 -0.120760 0.050127 -0.020951 -0.038591 -0.008305 0.465576 0.109871 -0.354771 0.016020 -0.183590 -0.019896 
0.117216 -0.298837 -0.605479 -0.245422 -0.248739 0.009219 -0.073971 -0.049994 0.093152 0.420391 0.130621 -0.162576 -0.204703 -0.076762 -0.010612 
-0.362219 -0.354121 -0.440803 -0.202682 -0.133282 0.008241 -0.013727 -0.070773 -0.041771 0.214971 0.227886 -0.120993 -0.137664 -0.072759 0.089278 
