city011_077
NYAKUSEI
83
0.146055 0.129913 0.014562 0.263725 0.280956 0.035222 -0.107248 -0.026435 0.022468 -0.183283 0.108009 -0.023359 0.026915 -0.215548 0.150073 
0.763492 0.042702 0.598142 0.498594 0.084320 -0.102970 -0.115150 0.020083 -0.078927 -0.198935 0.012448 -0.187139 -0.014672 -0.103491 0.061569 
0.941074 -0.104512 0.555313 0.525117 0.023903 -0.056614 -0.162464 -0.081901 -0.057113 -0.270039 0.056711 -0.241281 -0.073370 -0.067571 0.079114 
1.152514 -0.232976 0.583284 0.526688 -0.054503 -0.051728 -0.169082 -0.085428 -0.097462 -0.203624 0.039889 -0.242126 -0.038081 -0.038930 0.067917 
1.218734 -0.221257 0.621788 0.443927 -0.067706 -0.024728 -0.220376 -0.117618 -0.065011 -0.202992 0.050535 -0.213201 -0.011235 -0.047795 0.108961 
1.041694 -0.110966 0.788935 -0.010212 0.051458 0.201259 -0.465267 -0.039951 -0.098714 -0.152637 -0.085545 -0.115670 -0.031276 -0.098513 0.153210 
0.933179 -0.234195 0.982524 -0.312314 0.115980 0.198754 -0.519136 -0.045544 -0.075901 -0.165546 -0.017422 -0.140271 0.042762 -0.106075 0.176035 
0.995403 -0.690768 1.068714 -0.354545 0.025813 0.142274 -0.409437 0.017456 -0.214084 -0.145910 0.129772 -0.175055 0.059566 -0.111205 0.222902 
1.180464 -1.038517 1.081529 -0.387334 -0.082903 0.101051 -0.383674 0.086570 -0.146686 -0.077780 0.177985 -0.154127 0.140883 -0.150646 0.225604 
1.201986 -1.281138 0.947725 -0.457518 -0.119539 0.013444 -0.327882 0.149525 0.000142 0.035593 0.108828 -0.135424 0.199183 -0.194227 0.157401 
1.197322 -1.376534 0.730436 -0.431367 -0.072116 -0.145654 -0.147030 0.174254 0.186385 -0.004815 -0.063595 -0.070855 0.185675 -0.183521 -0.006367 
1.177040 -1.449985 0.311943 -0.369406 0.044404 -0.349962 0.047406 0.259929 0.112390 -0.060346 0.007520 -0.210895 0.207079 -0.054321 -0.137309 
1.206340 -1.412090 0.168850 -0.361901 0.062325 -0.258140 0.067887 0.298833 0.092791 0.003884 -0.103669 -0.257459 0.129918 0.079325 -0.108238 
1.350498 -1.388925 0.102462 -0.466411 0.135966 -0.199089 0.034741 0.200092 0.093964 0.055877 -0.075378 -0.310093 0.169557 0.074400 -0.052808 
1.586551 -1.314489 0.025653 -0.350261 0.077429 -0.138954 0.037607 0.140394 0.091274 0.108855 -0.101548 -0.342214 0.207242 0.065740 -0.029644 
1.922609 -1.203090 -0.239463 -0.145553 0.043413 -0.171307 0.088089 0.098351 0.017885 0.185438 -0.089154 -0.374272 0.270511 -0.023233 0.086485 
1.874126 -0.923990 -0.344810 -0.054851 0.158575 -0.228442 0.108009 0.069666 -0.012488 0.374800 -0.194910 -0.323518 0.241008 -0.082673 0.096220 
1.888035 -0.831099 -0.275331 0.129475 0.157310 -0.309139 0.080499 -0.030954 0.012097 0.403253 -0.129590 -0.243105 0.186861 -0.075824 0.102464 
1.604247 -0.285711 -0.200020 0.055376 0.199203 -0.237034 0.127784 -0.170890 -0.039932 0.396413 -0.258554 -0.199455 0.238325 -0.064688 0.084803 
1.122807 -0.236412 0.103379 0.250966 0.192801 -0.136787 0.065609 -0.188007 0.094116 0.283157 -0.130880 -0.172666 0.177118 -0.001259 0.042096 
0.568544 -0.395382 0.017955 0.296582 0.172423 0.181833 -0.077281 -0.126966 0.115020 0.254264 -0.108529 -0.208471 0.280311 -0.117883 0.068910 
0.553789 -0.244694 0.141582 0.107048 -0.094161 -0.020824 -0.320243 -0.199360 0.036508 0.011916 0.055585 -0.163374 0.185548 -0.053652 0.111553 
0.349597 -0.267785 -0.035873 0.057641 -0.150640 -0.075446 -0.238349 -0.195606 0.053803 0.073645 0.102535 -0.120226 0.162315 -0.052609 0.107403 
0.056979 -0.425145 -0.025142 0.047931 -0.025716 -0.076425 -0.232649 -0.310964 0.057639 0.176619 0.113421 -0.157975 0.066044 0.002043 0.171957 
0.034757 -0.465568 -0.306827 0.040322 -0.167707 -0.124917 -0.113514 -0.127797 0.106792 0.232861 0.087521 -0.186117 0.100032 -0.073436 0.121819 
-0.270436 -0.308834 -0.267638 -0.055737 0.013593 0.038668 -0.165858 0.023936 0.172840 0.026232 -0.043163 -0.155972 0.132919 -0.025900 0.041014 
-0.224671 -0.366930 -0.163569 0.055242 -0.149994 -0.217204 -0.028951 0.138518 0.129965 0.016004 -0.013577 -0.170155 0.191009 -0.073710 -0.071597 
0.071246 -0.854415 -0.223177 0.074379 -0.090459 -0.050804 0.019533 0.058240 -0.046222 -0.055648 0.105814 0.038975 -0.008824 -0.189589 0.156417 
0.261955 -1.361689 -0.084467 0.063124 -0.039078 -0.051454 0.041942 0.148993 -0.121520 -0.046187 0.078606 0.016073 0.008196 -0.173337 0.191398 
0.595342 -1.366006 -0.194572 0.003168 0.037571 -0.180932 -0.010928 0.207762 0.049437 -0.028036 -0.072612 0.005808 -0.002785 -0.076423 0.121644 
0.258327 -1.407260 0.009314 -0.080999 0.000762 -0.198555 0.096700 0.205890 0.061622 -0.129223 -0.051577 -0.042675 0.144935 -0.135508 0.081756 
-0.156523 -1.158642 0.429194 -0.088789 -0.132999 -0.215420 0.158644 0.074232 -0.049239 -0.044901 0.133158 -0.102620 0.028069 -0.037219 0.057621 
-0.188083 -1.156519 0.264984 -0.117623 0.028589 -0.215960 0.066072 0.113048 0.067551 -0.086135 0.018815 -0.104595 0.149181 -0.077883 0.010563 
-0.260245 -1.201435 0.396787 -0.227629 -0.168948 -0.298320 0.080016 0.221184 0.086104 -0.011759 -0.035636 -0.033156 0.040119 -0.072336 -0.052203 
-0.298706 -1.176644 0.279088 -0.246566 -0.164951 -0.084598 0.163966 0.267784 -0.065394 -0.130472 -0.009431 -0.011684 0.041272 -0.092307 0.128499 
-0.264490 -1.046706 0.352284 -0.199295 -0.122866 -0.165651 -0.027198 0.205163 0.120661 -0.113288 -0.048868 0.032223 0.112191 -0.177135 0.028191 
-0.230670 -1.077393 0.599421 -0.000097 0.088047 -0.020767 0.001152 0.069850 0.058269 -0.133247 0.032847 0.032858 0.093540 -0.162761 0.087978 
-0.195884 -1.073763 0.355788 -0.075217 -0.003040 -0.155682 0.048155 0.124261 -0.039355 -0.050064 0.049920 -0.057296 0.068538 -0.048006 0.028021 
-0.024276 -0.872180 0.392168 -0.310358 0.001171 -0.104208 0.079802 -0.017732 0.031021 -0.116290 0.137689 -0.039118 0.042990 -0.133666 0.138508 
-0.104124 -1.189677 0.004287 -0.277576 -0.017523 0.068665 -0.078907 0.194578 0.002995 0.008303 0.021598 -0.187533 0.071202 -0.036637 0.150290 
-0.159588 -1.076613 0.216027 -0.198347 -0.110385 0.070077 0.055531 -0.051301 0.111427 -0.054813 -0.005908 -0.049339 0.091633 -0.115511 0.123792 
-0.060179 -0.865512 0.279801 -0.232168 0.007027 -0.129185 -0.136850 0.014254 0.091192 0.064930 0.012192 -0.104751 0.163912 -0.158165 0.129448 
-0.092321 -0.898962 0.188534 -0.205436 -0.052734 0.165791 0.050374 0.108541 0.013393 -0.163820 -0.065669 0.074814 0.104751 -0.099558 0.121493 
-0.039933 -0.879772 0.261468 -0.274623 -0.124789 -0.047321 -0.100476 0.208135 0.050449 0.029183 -0.012720 -0.123396 0.075371 -0.023974 0.006612 
0.003724 -0.695503 0.500304 -0.194381 -0.129329 -0.097981 -0.222033 0.129274 0.136900 -0.034626 -0.014254 -0.044369 0.144047 -0.060398 -0.053326 
-0.118598 -0.792215 0.589076 -0.122542 -0.021760 0.056906 0.029688 0.047088 -0.018122 -0.036585 0.048958 -0.049522 0.083490 -0.117723 0.132403 
0.353435 -0.657137 0.510060 -0.109783 -0.087523 -0.118203 0.006204 0.119767 0.108702 -0.094990 -0.012582 0.007080 0.120771 -0.196541 0.128204 
0.747578 -0.447796 0.391952 -0.321242 -0.164218 -0.244903 -0.031801 0.089666 0.044079 -0.063811 0.003768 0.045155 0.184194 -0.299991 0.211809 
0.623673 -0.250372 0.638695 -0.104358 0.025647 -0.186226 0.092804 0.101670 0.000697 -0.037982 -0.016067 0.057710 0.087037 -0.246419 0.235142 
1.430686 -0.697785 0.811660 0.299319 -0.197623 -0.187754 -0.154435 -0.071019 -0.207031 -0.019110 -0.193414 -0.062360 0.199923 -0.238283 0.152357 
1.713901 -0.976778 1.001102 0.101616 -0.238449 -0.202650 -0.215507 -0.023208 -0.241258 0.001584 -0.070305 -0.067405 0.263442 -0.226092 0.178401 
1.705928 -0.983908 0.918925 0.021619 -0.374888 -0.168960 -0.265467 -0.037475 -0.192639 0.051217 0.015917 0.005318 0.230857 -0.135857 0.198895 
1.503437 -1.089798 1.084471 -0.146165 -0.457953 -0.201734 -0.284393 -0.051004 -0.107899 -0.138384 0.145780 0.048241 0.231505 -0.142684 0.213688 
1.150922 -1.070531 1.157718 -0.289138 -0.381307 -0.312810 -0.215945 -0.092239 -0.094894 -0.127253 0.161875 0.087941 0.211827 -0.101691 0.167294 
0.957157 -1.053967 1.158915 -0.327567 -0.345759 -0.344405 -0.230398 -0.078448 -0.117278 -0.085356 0.171054 0.070523 0.247324 -0.090221 0.142654 
0.876406 -1.028574 1.190261 -0.354182 -0.338380 -0.362277 -0.228434 -0.074780 -0.129291 -0.055981 0.174280 0.065471 0.255282 -0.075218 0.128453 
0.885781 -1.090711 1.221353 -0.392233 -0.323623 -0.332113 -0.256516 -0.079261 -0.142003 -0.034744 0.171717 0.039781 0.274741 -0.071369 0.141135 
0.946127 -1.086511 1.242293 -0.353161 -0.386518 -0.236324 -0.332781 -0.042829 -0.170549 -0.019271 0.163937 0.029483 0.250948 -0.038501 0.141260 
1.004517 -1.141740 1.261904 -0.411322 -0.368056 -0.202396 -0.303906 -0.077663 -0.181529 -0.047652 0.202686 -0.001277 0.225438 -0.053772 0.220289 
1.036750 -1.118155 1.218131 -0.365613 -0.405431 -0.148404 -0.340748 -0.049321 -0.197738 -0.044998 0.200903 0.004094 0.189940 -0.024673 0.201846 
1.060215 -1.149974 1.228193 -0.380403 -0.389904 -0.153269 -0.303215 -0.076712 -0.192626 -0.058981 0.210904 -0.012683 0.192646 -0.046924 0.233450 
1.074668 -1.129609 1.262698 -0.399470 -0.411525 -0.139073 -0.296372 -0.058931 -0.208767 -0.049927 0.210501 -0.009668 0.173381 -0.037701 0.227760 
1.109804 -1.107664 1.275607 -0.387007 -0.438713 -0.114678 -0.309267 -0.045212 -0.215589 -0.072711 0.232885 -0.031833 0.181172 -0.051058 0.247300 
0.971338 -1.047922 1.217311 -0.360615 -0.448019 -0.098509 -0.298107 -0.069365 -0.212790 -0.077792 0.217518 -0.002927 0.130870 -0.003738 0.209573 
1.149602 -1.189759 1.327086 -0.410609 -0.417897 -0.117292 -0.281073 -0.071065 -0.210544 -0.088224 0.222420 -0.027017 0.164325 -0.053325 0.259075 
1.100363 -1.105400 1.283805 -0.332581 -0.465093 -0.058432 -0.353489 -0.007435 -0.234906 -0.072414 0.227255 -0.052678 0.178038 -0.057822 0.236433 
1.122098 -1.103057 1.307292 -0.306029 -0.484359 -0.057990 -0.358655 0.010803 -0.235486 -0.064369 0.227620 -0.051973 0.171978 -0.051924 0.228186 
1.157719 -1.143382 1.390516 -0.327880 -0.505388 -0.069147 -0.354876 0.014354 -0.226221 -0.071455 0.259908 -0.072865 0.198895 -0.060537 0.235625 
1.109937 -1.084456 1.352520 -0.361916 -0.488313 -0.112638 -0.304321 -0.022452 -0.220141 -0.067434 0.254050 -0.050440 0.187289 -0.052742 0.232420 
0.990034 -1.156477 1.311331 -0.459539 -0.430203 -0.158560 -0.234430 -0.121492 -0.181007 -0.093737 0.258650 -0.011301 0.169765 -0.021317 0.240899 
0.912295 -1.151322 1.275729 -0.450797 -0.364324 -0.223189 -0.195388 -0.165528 -0.167437 -0.087068 0.233121 0.011719 0.155743 0.005442 0.190439 
0.881211 -1.135605 1.245519 -0.398779 -0.412131 -0.184694 -0.246695 -0.137590 -0.190309 -0.055674 0.213627 0.011670 0.181005 -0.000519 0.191019 
1.032689 -1.009343 1.331692 -0.312606 -0.535720 -0.136657 -0.326711 -0.028453 -0.252813 -0.038709 0.236792 -0.050613 0.259864 -0.066992 0.224004 
1.034793 -0.971920 1.368741 -0.210070 -0.583436 -0.105676 -0.380235 0.015806 -0.274664 -0.042663 0.233316 -0.064833 0.281317 -0.080094 0.224987 
1.040534 -0.975427 1.513703 -0.224043 -0.589095 -0.111912 -0.357866 0.036361 -0.327498 0.011159 0.237273 -0.088874 0.294094 -0.070935 0.219312 
1.065294 -0.754336 1.399572 -0.304572 -0.529721 -0.070863 -0.391818 0.033118 -0.367028 0.004901 0.261682 -0.174954 0.314229 -0.040637 0.214030 
0.948231 -0.671848 1.336098 -0.324238 -0.476022 -0.091930 -0.399949 0.051770 -0.389041 -0.031016 0.253243 -0.163990 0.282356 -0.059543 0.248225 
0.898485 -0.736595 1.324876 -0.172842 -0.537361 -0.035982 -0.388413 -0.012286 -0.363827 -0.089958 0.204128 -0.179708 0.259668 -0.056971 0.217645 
0.749140 -0.599754 1.350543 -0.191133 -0.450250 0.002381 -0.368234 -0.013323 -0.407101 -0.088012 0.154501 -0.232618 0.199614 -0.047662 0.207517 
0.362390 -0.036297 1.206646 -0.085741 -0.464805 -0.097618 -0.223714 -0.107100 -0.374190 -0.111368 0.169743 -0.227025 0.170140 -0.057165 0.275096 
0.408834 0.175106 0.866067 -0.087828 -0.354328 -0.055333 -0.167461 -0.087470 -0.245351 -0.173795 0.182822 -0.188414 0.035465 0.017954 0.180733 
-0.387461 -0.298498 1.219206 -0.146701 -0.255236 -0.006167 -0.255270 0.011090 -0.291419 -0.102442 0.115030 -0.196395 0.080954 -0.049387 0.202067 
-0.008086 0.021001 1.080630 0.023990 -0.400907 -0.064948 -0.192460 -0.144030 -0.287114 -0.137327 0.052576 -0.143446 0.045657 -0.025194 0.209576 
