city011_009
KESENNUMA
97
0.204336 0.026717 0.356020 0.437332 0.054050 0.007165 -0.179091 -0.304596 -0.161067 -0.028215 -0.122524 -0.304094 -0.011780 -0.094332 0.053595 
0.222814 0.042284 0.370987 0.401325 -0.010848 -0.006367 -0.166416 -0.384918 -0.113061 -0.104001 -0.103596 -0.261108 -0.065803 -0.031347 0.065224 
-0.113135 -0.686938 1.109731 -0.281567 -0.124275 0.069147 -0.130930 -0.063390 0.060016 -0.045184 -0.001127 -0.017374 0.020539 0.023633 -0.008041 
-0.109603 -0.732116 0.673429 -0.502325 0.095681 0.133565 -0.319647 -0.221785 0.090591 0.139208 0.027846 -0.101903 0.050782 -0.018992 0.134451 
-0.281237 -0.302861 0.581812 -0.681966 0.104568 0.110461 -0.270733 -0.066348 0.167674 -0.076735 0.071071 -0.004479 0.005562 -0.019498 0.037535 
0.116822 -0.577708 0.730131 -0.180105 0.191373 0.087978 -0.272726 -0.168110 0.226892 -0.022410 -0.040773 -0.120082 0.074098 0.022459 0.030073 
0.481207 -0.457023 0.739087 -0.237697 0.029816 -0.038865 -0.159239 -0.236071 0.057060 0.023921 0.017682 -0.123244 0.090808 -0.008587 0.070171 
0.980460 -0.256860 1.110113 -0.151289 -0.313968 -0.102349 -0.168893 -0.167290 -0.178443 0.035195 -0.018296 -0.024761 0.166737 -0.091179 0.188915 
1.338966 -0.726059 1.004747 -0.126678 -0.207342 -0.117289 -0.194798 -0.261407 -0.186611 0.039976 -0.000037 -0.158412 0.227361 -0.075568 0.172534 
1.258667 -0.958986 1.088672 -0.184522 -0.280554 -0.038262 -0.282771 -0.110413 -0.199656 0.085461 0.028374 -0.144590 0.270033 -0.119267 0.160823 
1.367623 -0.970804 1.004278 -0.076932 -0.368441 -0.101840 -0.206822 -0.127244 -0.192178 0.051253 0.069738 -0.135396 0.273130 -0.132196 0.172178 
1.449730 -0.626277 0.686210 0.074583 -0.214867 -0.291702 -0.112730 -0.180505 -0.188010 0.116729 -0.016300 0.017348 0.164293 -0.138270 0.288738 
1.159133 -0.343383 0.828890 -0.068113 -0.212095 -0.248341 -0.207507 -0.085325 -0.239961 0.121297 -0.123618 0.050907 0.246376 -0.210377 0.267114 
1.096094 -0.268673 0.859650 0.072380 -0.240078 -0.207583 0.039680 -0.024388 -0.211506 0.071341 -0.100092 0.041304 0.122421 -0.259867 0.230870 
0.781881 -0.248065 0.872695 0.091318 0.053071 -0.060624 0.049572 0.183870 -0.103916 -0.013171 0.073117 0.005362 0.026598 -0.135844 0.188793 
0.162219 -0.584756 0.432767 -0.173641 0.047196 -0.097444 0.165289 0.021943 -0.092120 0.013483 0.061189 -0.046606 0.005371 -0.028704 0.095490 
-0.075991 -0.713571 0.320494 0.031933 0.017325 0.096983 0.052849 -0.077996 -0.020072 0.019446 0.047291 -0.033338 0.045841 -0.125240 0.160567 
-0.057328 -0.558757 0.449719 -0.099508 -0.003994 0.209137 0.085259 -0.130308 0.063517 0.015311 0.029151 -0.055208 0.055777 -0.021970 0.012204 
-0.231462 -0.724528 0.392276 -0.278781 -0.096561 0.141240 -0.015227 -0.024395 0.019241 -0.018667 0.016250 -0.001826 0.004647 -0.049583 0.091162 
-0.209280 -0.776536 0.321919 -0.073816 -0.143650 0.055560 -0.126114 -0.000579 0.029391 -0.002123 0.100527 -0.113450 0.047607 -0.025360 0.063505 
-0.123540 -0.893653 0.306926 -0.085606 0.016720 0.017543 0.041599 0.097481 -0.067316 -0.106688 0.050234 0.087761 -0.047738 -0.049826 0.049253 
0.431496 -0.405670 0.531038 -0.108453 0.038309 0.024107 -0.046238 0.041690 0.037242 -0.062655 -0.009249 0.025845 0.046606 -0.113634 0.102599 
0.262439 -0.532564 0.566199 -0.319342 -0.036088 -0.085126 0.063248 0.154613 -0.070035 0.033562 -0.014600 -0.018314 0.033702 -0.079453 0.064370 
0.527628 -0.299091 0.574108 -0.221259 -0.004244 -0.190141 0.051575 0.100241 0.000902 0.036345 -0.073536 0.091662 0.028770 -0.163573 0.138138 
1.434041 -0.912744 1.004668 0.019089 -0.233522 -0.075003 -0.235935 0.002979 -0.128584 -0.090257 0.007649 -0.057323 0.158269 -0.141982 0.079309 
1.270550 -1.009979 1.337974 -0.192469 -0.257964 -0.305403 -0.192661 -0.023231 -0.120353 -0.089927 0.059257 0.045979 0.188253 -0.114386 0.110583 
1.228625 -1.226438 0.908088 -0.366614 -0.120056 -0.287640 -0.236929 -0.100329 -0.143669 -0.011717 0.133143 0.022066 0.215881 -0.082979 0.115002 
1.208774 -1.172418 0.886293 -0.332315 -0.200175 -0.252902 -0.140406 -0.047975 -0.064896 0.050467 0.065166 0.030107 0.178369 -0.117110 0.075073 
1.224806 -1.223966 0.899083 -0.368840 -0.252574 -0.233858 -0.105515 0.019695 -0.023513 0.053142 0.094104 -0.010961 0.186563 -0.155095 0.043932 
1.208479 -1.183056 0.842759 -0.347253 -0.297334 -0.261749 -0.084435 0.040030 0.021930 0.035954 0.107749 0.005229 0.151721 -0.128675 -0.007171 
1.383472 -1.218606 0.853228 -0.298391 -0.306406 -0.220326 -0.128841 0.089664 0.042551 0.054053 0.119030 -0.050349 0.160843 -0.118938 -0.034874 
1.471790 -1.177606 0.778119 -0.226700 -0.312797 -0.164544 -0.160127 0.117679 0.051197 0.054345 0.140404 -0.104662 0.176174 -0.126600 -0.030340 
1.579836 -1.183712 0.736222 -0.192454 -0.301295 -0.130694 -0.171160 0.108639 0.082989 0.011150 0.163538 -0.132520 0.177742 -0.114621 -0.038694 
1.581645 -1.176023 0.729912 -0.155103 -0.280161 -0.131236 -0.173657 0.106130 0.101894 -0.008772 0.130314 -0.085267 0.127662 -0.073357 -0.046203 
1.605109 -1.216189 0.750427 -0.148877 -0.221255 -0.170475 -0.192437 0.143487 0.064435 0.003773 0.067939 -0.032500 0.133600 -0.094967 -0.032625 
1.687762 -1.210046 0.689189 -0.040044 -0.246970 -0.128887 -0.266830 0.198040 0.007997 0.011293 0.073830 -0.059730 0.188152 -0.127424 -0.018754 
1.733420 -1.180590 0.633254 0.017264 -0.136011 -0.248647 -0.204626 0.147109 -0.038731 0.004220 0.038414 -0.071140 0.228162 -0.111880 -0.040678 
1.775824 -1.089623 0.558957 0.224699 -0.071567 -0.286899 -0.213660 0.042849 -0.045732 0.043184 -0.055368 -0.087578 0.286269 -0.121583 -0.053758 
1.540314 -1.107533 0.852455 0.390375 -0.277254 0.018556 -0.300630 -0.131376 0.045866 -0.011658 -0.195249 -0.139019 0.272098 -0.121754 -0.030209 
1.181810 -0.913684 1.088012 0.337339 -0.417159 0.243701 -0.373461 -0.267841 0.053962 -0.101792 -0.166065 -0.252359 0.231389 -0.065877 -0.100036 
1.100924 -0.823777 1.124658 0.289624 -0.410134 0.165364 -0.298970 -0.249018 0.029929 -0.106983 -0.136722 -0.195991 0.203034 -0.058419 -0.088410 
1.177707 -0.881026 1.193822 0.299038 -0.479814 0.214585 -0.320258 -0.214156 0.005825 -0.127941 -0.109420 -0.218015 0.240358 -0.112270 -0.068754 
1.090722 -0.786738 1.192092 0.266815 -0.398407 0.146255 -0.281127 -0.245970 0.026098 -0.109170 -0.140640 -0.205921 0.243312 -0.105410 -0.075960 
1.110958 -0.755614 1.187704 0.212490 -0.408019 0.224059 -0.293588 -0.267869 -0.012644 -0.073922 -0.134906 -0.218675 0.197464 -0.082414 -0.058906 
1.111784 -0.802012 1.215677 0.183732 -0.350885 0.187526 -0.279278 -0.271731 -0.016254 -0.050581 -0.150510 -0.238330 0.228367 -0.108167 -0.042665 
1.195973 -0.908013 1.259340 0.194515 -0.355757 0.205396 -0.294547 -0.289906 0.039073 -0.130651 -0.111495 -0.275632 0.235911 -0.113599 -0.060707 
1.071526 -0.799221 1.238279 0.207878 -0.325617 0.165888 -0.286306 -0.270993 0.012594 -0.073631 -0.173630 -0.233279 0.225692 -0.101657 -0.064795 
1.093668 -0.799339 1.226800 0.203966 -0.348411 0.180738 -0.290318 -0.260780 0.006967 -0.087369 -0.151424 -0.234819 0.231060 -0.115476 -0.057248 
1.083932 -0.777606 1.215752 0.213696 -0.354632 0.203207 -0.282450 -0.252871 -0.038806 -0.052981 -0.161780 -0.249537 0.223490 -0.123754 -0.048814 
1.084442 -0.755549 1.209859 0.262809 -0.373696 0.213567 -0.304668 -0.260160 -0.004107 -0.070769 -0.175438 -0.243467 0.217283 -0.096615 -0.088078 
1.023899 -0.722419 1.231217 0.197876 -0.325678 0.205059 -0.281392 -0.256590 -0.032793 -0.058445 -0.172943 -0.246355 0.202928 -0.110866 -0.072562 
1.062063 -0.716374 1.255237 0.194361 -0.324021 0.228910 -0.262208 -0.275975 -0.047766 -0.035554 -0.188553 -0.243956 0.172059 -0.099707 -0.070552 
1.013200 -0.732076 1.236663 0.200456 -0.314443 0.229391 -0.246909 -0.294207 -0.016696 -0.083649 -0.161907 -0.270790 0.184950 -0.131646 -0.061946 
1.094234 -0.767483 1.260664 0.181720 -0.311186 0.248926 -0.257149 -0.282051 -0.043089 -0.078203 -0.142082 -0.306770 0.202369 -0.145762 -0.060963 
1.100304 -0.809766 1.201458 0.304840 -0.311148 0.265559 -0.315319 -0.252808 -0.031300 -0.056728 -0.189132 -0.335701 0.215663 -0.126236 -0.107266 
1.037809 -0.789364 1.169835 0.284719 -0.259795 0.215572 -0.299019 -0.266471 -0.032977 -0.023641 -0.214089 -0.326691 0.223693 -0.125109 -0.085279 
1.222535 -0.812441 0.984329 0.256697 -0.261634 0.096804 -0.285870 -0.201135 -0.110473 0.054210 -0.166701 -0.260072 0.239097 -0.084131 -0.037075 
1.516752 -0.930804 0.832013 0.218186 -0.023513 -0.182751 -0.232260 -0.021690 -0.201317 0.138736 -0.121668 -0.253885 0.310029 -0.114916 -0.010588 
1.589494 -0.967676 0.835872 0.153544 0.011186 -0.271476 -0.234080 0.125783 -0.189885 0.066798 -0.061001 -0.230995 0.386596 -0.164834 -0.056395 
1.530633 -0.973993 0.785035 0.104915 0.004057 -0.248710 -0.235680 0.169990 -0.212983 0.069206 -0.045525 -0.221468 0.365547 -0.146079 -0.085202 
1.579731 -1.008798 0.808664 0.042258 -0.043733 -0.132159 -0.266133 0.148058 -0.266927 0.092452 0.074686 -0.309919 0.330403 -0.110842 -0.051972 
1.604587 -0.984245 0.797544 -0.024624 -0.007646 -0.111159 -0.237460 0.108182 -0.304795 0.091373 0.102414 -0.355664 0.343145 -0.132798 -0.036149 
1.640543 -0.992467 0.751058 -0.068948 0.040523 -0.057508 -0.255972 0.053488 -0.311323 0.118995 0.094320 -0.365132 0.313239 -0.104428 -0.045041 
1.670312 -0.922754 0.740760 -0.071730 -0.004272 0.040305 -0.277417 0.002380 -0.337730 0.196692 0.093110 -0.373277 0.315433 -0.134401 -0.011856 
1.645907 -0.880313 0.688867 -0.074890 -0.044308 0.114755 -0.243695 -0.035164 -0.357859 0.159226 0.109981 -0.362986 0.288965 -0.134712 -0.038215 
1.734563 -0.889893 0.709075 -0.083404 -0.115044 0.221217 -0.220605 -0.073902 -0.367983 0.121777 0.145630 -0.345452 0.272626 -0.147064 -0.080258 
1.665872 -0.829314 0.680484 -0.034422 -0.181247 0.246030 -0.138695 -0.152672 -0.293321 0.013690 0.091664 -0.322835 0.283739 -0.174500 -0.073601 
1.582129 -0.766906 0.659621 0.019228 -0.275237 0.284760 -0.086102 -0.190835 -0.250746 0.103068 0.081133 -0.282554 0.252696 -0.134214 -0.070270 
1.086896 -0.725597 1.054282 0.288489 -0.267273 0.214613 -0.145188 -0.352441 -0.051719 0.013105 -0.135409 -0.313680 0.130760 -0.044133 -0.098123 
0.957169 -0.745541 1.066628 0.382515 -0.254034 0.229866 -0.216711 -0.309172 -0.037843 -0.016022 -0.196520 -0.318099 0.101249 -0.042246 -0.120544 
1.055841 -0.818253 1.072968 0.380019 -0.280201 0.284682 -0.246086 -0.311229 -0.006420 -0.070762 -0.128531 -0.358442 0.125232 -0.076444 -0.091316 
0.989728 -0.847651 1.041362 0.399290 -0.269824 0.251563 -0.233779 -0.306569 -0.062989 -0.025485 -0.152840 -0.337857 0.081284 -0.046966 -0.068378 
1.051092 -0.846755 1.054640 0.363963 -0.264590 0.237341 -0.196738 -0.319421 -0.050600 -0.016097 -0.133931 -0.336926 0.103681 -0.037164 -0.095317 
1.726844 -0.856115 0.634115 -0.214629 -0.263653 0.362095 -0.028691 -0.237196 -0.366921 0.032175 0.081332 -0.192737 0.312376 -0.213970 -0.055545 
1.727987 -1.129091 0.462576 -0.473447 -0.069522 0.180877 -0.070005 0.005704 -0.298671 0.221852 0.278542 -0.309982 0.237733 -0.162901 -0.076205 
1.478518 -1.184450 0.397293 -0.611569 0.059570 0.181072 -0.128640 0.046627 -0.144923 0.270970 0.232878 -0.345711 0.037412 -0.036452 -0.020185 
1.298744 -1.154660 0.283788 -0.702497 0.125269 0.158535 -0.104549 0.029982 -0.074247 0.254615 0.230203 -0.364492 -0.050982 0.009663 0.017901 
1.334613 -1.272089 0.284677 -0.830904 0.215053 0.086624 -0.010556 -0.031551 -0.023913 0.203632 0.248968 -0.371336 -0.063018 0.002514 0.030215 
1.261664 -1.208601 0.169647 -0.755629 0.155526 0.172593 -0.039929 0.008460 -0.043747 0.210151 0.205314 -0.352195 -0.079481 0.004800 0.041698 
1.299454 -1.224568 0.149565 -0.749581 0.176635 0.165238 -0.007108 -0.044459 0.008723 0.151218 0.219513 -0.349751 -0.061237 -0.010970 0.072721 
1.307488 -1.206195 0.138925 -0.740876 0.159313 0.183690 -0.004690 -0.035324 0.019070 0.160308 0.191959 -0.330483 -0.097687 0.002581 0.072046 
1.344357 -1.254300 0.172812 -0.773782 0.156811 0.198758 -0.048826 0.016190 -0.011899 0.196283 0.161741 -0.294811 -0.138283 0.012945 0.051720 
1.323740 -1.200690 0.156458 -0.769641 0.154648 0.202246 -0.044833 0.008680 0.001680 0.191104 0.156277 -0.284165 -0.144941 0.003362 0.066561 
1.323462 -1.199434 0.153115 -0.768562 0.156620 0.206081 -0.023423 -0.005296 0.007623 0.158286 0.198278 -0.324911 -0.092872 -0.054991 0.107911 
1.370042 -1.161609 0.118405 -0.740778 0.169227 0.201573 0.000846 -0.020955 0.009744 0.132006 0.207068 -0.311584 -0.093628 -0.050027 0.107391 
1.392428 -1.146155 0.095178 -0.704060 0.204664 0.192737 0.008208 0.012506 -0.028560 0.138064 0.163020 -0.312236 -0.047511 -0.032848 0.104650 
1.511919 -1.182463 0.100734 -0.723310 0.214554 0.197657 -0.001070 0.028709 -0.018798 0.119148 0.131176 -0.300751 -0.040090 0.006837 0.075151 
1.513362 -1.150414 0.023696 -0.659738 0.185305 0.195532 0.013851 0.012982 -0.000323 0.132061 0.109264 -0.318430 -0.019073 -0.003249 0.088890 
1.605246 -1.101558 -0.106244 -0.555516 0.122737 0.192948 -0.024796 0.076398 -0.048125 0.169604 0.089068 -0.385895 0.095307 -0.061750 0.124609 
1.771476 -1.110064 -0.239258 -0.392532 0.091553 0.202693 -0.065067 0.117359 -0.127941 0.269597 0.037617 -0.351281 0.105606 -0.112039 0.138921 
1.680802 -1.057319 -0.122137 -0.456572 0.127554 0.176792 -0.080583 0.143549 -0.101877 0.276185 0.047787 -0.330182 0.094836 -0.202505 0.178381 
1.582895 -0.960042 -0.207955 -0.425907 0.059249 0.198957 -0.074626 0.103995 -0.074704 0.244336 0.040468 -0.301966 0.086048 -0.182171 0.162177 
1.449448 -0.762040 -0.273216 -0.370255 0.084153 0.113601 -0.049569 0.078770 -0.080118 0.273027 0.007319 -0.314867 0.121657 -0.125597 0.144961 
1.141144 -0.952236 -0.195861 -0.433639 0.077337 0.137527 -0.030865 0.062745 -0.041353 0.270746 -0.006465 -0.293255 0.030448 -0.110017 0.203238 
1.244429 -0.520511 -0.480114 -0.387632 0.084724 0.146656 0.012645 -0.029132 0.018714 0.272151 -0.009711 -0.259328 -0.000241 -0.147763 0.192515 
0.476401 -0.350869 -0.333032 -0.163524 -0.087200 0.197490 0.001571 -0.191843 0.052243 0.184335 0.055091 -0.123638 -0.065243 -0.019266 0.098637 
1.318435 -0.567762 -0.437810 -0.281577 0.080201 0.069423 -0.094772 -0.057982 -0.067440 0.239266 0.055439 -0.158676 0.055893 -0.105422 0.100570 
