city011_003
UENO
60
-0.381586 -0.012700 -0.053437 0.033355 0.039566 0.085942 0.025910 -0.165726 -0.094806 0.056777 0.130819 -0.098531 -0.004337 -0.010093 -0.004942 
-0.328311 -0.025220 0.102857 -0.049871 -0.120202 0.034628 0.093365 0.066804 -0.112082 0.074328 0.024895 -0.118073 0.085787 0.003269 -0.047418 
1.063544 0.173673 0.335740 0.083312 -0.008542 0.109474 -0.095008 -0.174732 -0.371631 0.044098 0.025152 -0.254210 0.014558 0.025714 -0.117687 
1.260213 -0.106293 0.567366 0.091070 0.060410 0.226996 -0.152690 -0.186370 -0.321969 -0.003701 0.082458 -0.332573 -0.045372 0.019539 -0.129203 
1.159172 -0.279436 0.708504 -0.027986 0.058271 0.208833 -0.235795 -0.112074 -0.337847 -0.004281 0.089439 -0.354908 0.002029 0.049377 -0.143149 
1.099119 -0.327403 0.844947 -0.026298 0.028056 0.124425 -0.264867 -0.057625 -0.300183 -0.062312 0.080059 -0.399862 0.056969 0.066748 -0.188532 
1.141811 -0.604986 0.889400 -0.023919 0.061585 0.108159 -0.281640 -0.014331 -0.374339 -0.046061 0.058066 -0.390256 0.060051 0.025330 -0.174489 
1.134266 -0.718846 0.904256 -0.013357 0.008952 0.111943 -0.244338 -0.065633 -0.398747 -0.063382 0.042506 -0.351196 0.054222 -0.007185 -0.169934 
1.231604 -0.988795 1.124283 0.006614 -0.112333 -0.007516 -0.261462 0.074504 -0.549177 0.008042 0.038294 -0.347713 0.099530 -0.022932 -0.066969 
1.147938 -1.047577 1.224839 -0.110923 -0.190251 0.037296 -0.256003 -0.045626 -0.505700 0.024003 0.011468 -0.289442 0.092320 0.010618 -0.038241 
1.013977 -1.036901 1.261253 -0.106454 -0.223759 -0.010692 -0.260984 -0.149909 -0.355819 -0.000888 -0.045787 -0.212633 0.115150 0.009280 -0.000724 
0.914988 -0.993684 1.217157 -0.215282 -0.231174 -0.067636 -0.205941 -0.212877 -0.252161 -0.077981 0.020128 -0.124981 0.089558 0.046696 -0.004076 
0.898906 -1.083920 1.211009 -0.307348 -0.167586 -0.069676 -0.281849 -0.187760 -0.292118 -0.028545 0.027432 -0.100661 0.111087 0.038499 0.037554 
0.864261 -1.063489 1.154332 -0.362105 -0.099746 -0.116742 -0.337060 -0.181469 -0.248258 0.000885 0.008728 -0.069849 0.159373 0.027804 0.036605 
0.796319 -1.118020 1.103878 -0.348637 -0.061940 -0.161064 -0.319223 -0.212128 -0.227446 0.001384 0.037336 -0.038091 0.110812 0.053597 0.060164 
0.797037 -1.205374 1.088001 -0.320139 -0.078444 -0.131649 -0.312122 -0.227639 -0.269584 0.047993 0.068598 -0.050614 0.080520 0.039581 0.131764 
0.883435 -1.232691 1.110680 -0.346124 -0.135735 -0.063856 -0.342674 -0.155263 -0.282140 0.063712 0.089951 -0.089965 0.151557 -0.019530 0.142596 
0.930227 -1.216852 1.103979 -0.369565 -0.205412 -0.009519 -0.351221 -0.085519 -0.277749 0.065391 0.092864 -0.075446 0.181605 -0.061528 0.136731 
0.941622 -1.245097 1.073116 -0.382838 -0.207478 -0.028574 -0.294425 -0.077181 -0.264289 0.053128 0.105690 -0.038061 0.148918 -0.063262 0.120349 
0.997018 -1.239847 1.051432 -0.448851 -0.224967 -0.030989 -0.274001 -0.019180 -0.265065 0.077168 0.113138 -0.027511 0.165871 -0.091340 0.122902 
0.960211 -1.240840 1.014180 -0.468705 -0.245198 -0.079798 -0.218170 -0.051697 -0.220205 0.068924 0.117397 0.027884 0.136421 -0.071942 0.111463 
1.013634 -1.224257 0.979050 -0.508310 -0.286769 -0.063261 -0.261179 0.019430 -0.221530 0.093118 0.115754 0.043582 0.172428 -0.119698 0.130716 
1.012118 -1.196212 0.968045 -0.557475 -0.312746 -0.082101 -0.235311 0.030957 -0.241395 0.110342 0.108653 0.087929 0.149197 -0.098896 0.125983 
1.065386 -1.189498 0.981791 -0.594121 -0.325562 -0.089200 -0.240643 0.061956 -0.222672 0.078336 0.128710 0.090052 0.151497 -0.105452 0.127193 
1.014472 -1.195439 0.928999 -0.577476 -0.287647 -0.133031 -0.211822 0.053897 -0.216102 0.079979 0.119914 0.124557 0.129497 -0.115458 0.127562 
1.057750 -1.165279 0.934271 -0.597458 -0.273325 -0.169000 -0.183712 0.077339 -0.200805 0.029483 0.129277 0.128680 0.127244 -0.137198 0.146563 
1.066764 -1.147944 0.917361 -0.559262 -0.296675 -0.173249 -0.186237 0.099949 -0.217029 0.048737 0.116702 0.131346 0.111671 -0.123670 0.136408 
1.107994 -1.129294 0.937723 -0.554920 -0.287463 -0.178609 -0.189825 0.128530 -0.212277 0.032259 0.088103 0.142791 0.120415 -0.181184 0.199442 
1.197697 -1.091925 0.969720 -0.481392 -0.339974 -0.151760 -0.224760 0.193336 -0.246576 0.057749 0.034562 0.155023 0.096179 -0.189072 0.208410 
1.312959 -1.099058 1.000305 -0.376147 -0.303800 -0.158651 -0.248243 0.218772 -0.223897 0.100546 -0.020997 0.137057 0.109787 -0.210978 0.193800 
1.498741 -1.184719 1.035260 -0.256035 -0.207340 -0.136939 -0.328161 0.242852 -0.194503 0.090468 -0.099901 0.106392 0.168496 -0.207336 0.132486 
1.275272 -0.838247 0.839278 0.137541 -0.070505 -0.011520 -0.288854 -0.000091 -0.133680 0.030758 -0.230798 -0.082394 0.196394 -0.142884 -0.047128 
1.164477 -0.626948 1.089478 0.381946 -0.314214 0.206904 -0.218288 -0.385123 0.045658 -0.047993 -0.306676 -0.211528 0.103726 -0.043391 -0.188187 
1.135453 -0.617351 1.076266 0.393142 -0.350657 0.255816 -0.245313 -0.363538 0.007277 -0.030211 -0.271326 -0.263298 0.133022 -0.049074 -0.181301 
1.119796 -0.643449 1.084191 0.390615 -0.319218 0.268788 -0.215718 -0.396514 0.005538 0.000857 -0.298218 -0.252586 0.079300 -0.026683 -0.174590 
1.128151 -0.714111 1.009030 0.349190 -0.241992 0.304320 -0.214530 -0.414099 -0.036986 0.032919 -0.254293 -0.311802 0.079941 -0.083108 -0.099705 
1.174464 -0.821921 0.878126 0.160885 0.119782 0.049411 -0.386481 -0.192171 -0.172461 0.206343 -0.374561 -0.257774 0.171693 -0.144366 0.088214 
1.580886 -1.123005 0.671895 -0.385678 0.064248 -0.046157 -0.504348 0.227966 -0.081336 0.166859 -0.099898 -0.097300 0.247055 -0.069743 -0.022749 
1.516545 -1.034629 0.510926 -0.603822 0.048106 0.060409 -0.500476 0.110095 -0.005580 0.277018 0.016129 -0.163375 0.158406 -0.050064 0.041168 
1.540572 -0.961852 0.322213 -0.660397 0.056308 0.147856 -0.376900 0.022821 -0.106811 0.270554 0.180845 -0.182479 0.047682 -0.040401 0.007429 
1.548124 -0.997765 0.237417 -0.748088 0.004811 0.146182 -0.232746 0.002459 -0.205199 0.185483 0.246426 -0.102374 0.085819 -0.038379 -0.124406 
1.573960 -1.066400 0.206805 -0.767491 -0.075182 0.184468 -0.177189 0.032183 -0.292722 0.119891 0.276647 -0.038397 0.174721 -0.082932 -0.149956 
1.687250 -1.061396 0.171212 -0.717871 -0.165224 0.140564 -0.149769 0.146149 -0.314559 0.054173 0.198321 -0.052424 0.268835 0.005008 -0.143082 
1.718194 -1.131867 0.251990 -0.714773 -0.239715 0.072048 -0.123034 0.252950 -0.359308 0.021386 0.127132 -0.055524 0.365434 0.025857 -0.100376 
1.727488 -1.085399 0.183360 -0.668462 -0.229073 0.033990 -0.065352 0.238242 -0.336546 0.040951 0.050507 -0.030549 0.363838 -0.007412 -0.069605 
1.772101 -1.014884 0.178656 -0.685535 -0.210863 -0.003418 -0.077910 0.248733 -0.313820 0.057869 0.008423 -0.034125 0.334952 0.015462 -0.038300 
1.740165 -0.914456 0.196810 -0.729979 -0.198311 -0.038822 -0.084070 0.233297 -0.272832 0.062583 -0.004226 -0.065074 0.328935 0.042446 -0.039950 
1.726872 -0.847584 0.204409 -0.745780 -0.245377 -0.033519 -0.105069 0.268604 -0.226808 0.036787 -0.009149 -0.092761 0.307632 0.059151 -0.031758 
1.746398 -0.712450 0.152698 -0.790335 -0.204096 0.009367 -0.131211 0.212922 -0.203730 -0.002713 0.036914 -0.158792 0.320992 0.114123 -0.056978 
1.832128 -0.593553 0.194068 -0.894193 -0.230377 0.139315 -0.170239 0.206535 -0.220861 -0.005292 0.085410 -0.218321 0.297921 0.127090 -0.084585 
1.874376 -0.430103 0.213343 -0.969073 -0.324125 0.242790 -0.135508 0.224253 -0.246372 0.020965 0.130027 -0.227302 0.301304 0.089002 -0.130804 
1.834053 -0.333456 0.151572 -0.957589 -0.339941 0.251203 -0.133656 0.177358 -0.203913 0.015517 0.153774 -0.234674 0.329687 0.042206 -0.137808 
1.822624 -0.231752 0.084952 -0.844885 -0.440232 0.267702 -0.082446 0.164513 -0.175522 -0.004714 0.220389 -0.214453 0.294246 0.059938 -0.159157 
1.892388 -0.142897 -0.024020 -0.940783 -0.433535 0.151580 0.013107 0.177946 -0.126199 -0.036291 0.165589 -0.153167 0.279862 0.121758 -0.113186 
1.691651 -0.176893 0.028465 -0.787597 -0.459669 0.186791 -0.015455 0.142849 -0.129323 0.003100 0.152581 -0.187769 0.241348 0.100508 -0.146509 
1.617587 0.148438 -0.078656 -0.835997 -0.395194 0.029483 0.046073 0.150523 -0.157104 0.052440 0.116476 -0.125553 0.248877 0.098690 -0.097492 
1.130704 0.236459 -0.279771 -0.789546 -0.546274 0.102193 0.032010 0.021896 -0.043999 0.016349 0.065320 0.005750 0.321917 0.096935 -0.071664 
0.799331 0.215868 -0.062954 -0.725699 -0.374603 -0.020840 0.017252 0.031610 -0.180371 0.093503 0.087736 -0.015988 0.209917 0.102360 -0.080540 
1.105169 0.273641 -0.017267 -0.961544 -0.391900 -0.030273 0.012651 0.130414 -0.213013 0.227286 0.035098 -0.037079 0.306807 0.032595 -0.076988 
0.631514 0.147732 -0.231475 -0.646935 -0.528456 0.022860 0.088896 -0.027607 -0.076785 0.012594 0.086298 0.061668 0.240861 0.100916 -0.054780 
