city011_053
ZENTSUUJI
97
-0.491405 -0.366259 -0.142024 -0.019449 0.002360 0.036191 -0.095558 -0.104815 0.079435 -0.037237 0.096855 0.008312 -0.048896 -0.083963 0.129380 
-0.092216 -0.536368 0.092789 0.072295 -0.041864 0.015793 -0.150974 -0.108634 -0.009920 0.045094 0.075364 -0.062400 0.062933 -0.129698 0.128510 
0.256606 -0.564653 0.155564 -0.205452 0.000106 -0.009940 -0.056079 -0.146139 -0.071457 0.004822 0.206308 -0.068950 -0.005847 -0.016044 0.012604 
0.797869 -0.588699 0.797383 0.096254 -0.187230 -0.083676 -0.219337 -0.007230 -0.031574 -0.120577 -0.024752 -0.066169 0.178134 -0.112607 -0.020636 
1.259351 -0.790504 1.071038 0.143533 -0.270602 -0.212760 -0.224629 -0.075500 -0.091333 -0.133832 -0.047069 -0.033800 0.196596 -0.087549 -0.005832 
1.394061 -1.136244 0.937708 -0.028687 -0.196087 -0.259048 -0.268338 -0.025756 -0.085921 -0.042077 -0.015040 -0.015512 0.242076 -0.085407 -0.003255 
1.392025 -1.281630 0.949384 -0.145655 -0.202694 -0.233710 -0.194630 0.005797 -0.021301 0.047632 -0.006442 -0.003696 0.202467 -0.088874 -0.017221 
1.470046 -1.273416 0.851192 -0.234997 -0.238937 -0.225861 -0.169159 0.076594 0.034765 0.026864 0.022545 0.016213 0.187237 -0.129248 -0.041529 
1.510566 -1.317502 0.866902 -0.289999 -0.271774 -0.283141 -0.086875 0.017410 0.186132 -0.073790 0.088692 0.002619 0.178275 -0.120604 -0.100444 
1.579366 -1.286017 0.727942 -0.133112 -0.339773 -0.253670 -0.085443 0.050117 0.202602 -0.054892 0.072962 0.025127 0.103177 -0.063920 -0.156392 
1.628301 -1.293043 0.608542 -0.061766 -0.314323 -0.244990 -0.075953 0.055116 0.167814 -0.020152 0.052801 0.010106 0.076567 -0.025100 -0.161318 
1.649640 -1.302158 0.585334 -0.038213 -0.265816 -0.209731 -0.115613 0.112435 0.105950 0.053300 0.045529 -0.074500 0.117626 -0.023329 -0.152573 
1.657327 -1.275976 0.582379 0.008970 -0.196444 -0.278143 -0.070465 0.074241 0.147677 0.078871 0.015907 -0.097981 0.145338 0.001037 -0.196564 
1.687443 -1.252166 0.565271 0.072492 -0.255785 -0.212167 -0.132259 0.066621 0.172383 0.000236 0.009766 -0.096012 0.198475 -0.002787 -0.244763 
1.732229 -1.301363 0.665754 0.043661 -0.175082 -0.304707 -0.100836 0.040040 0.176382 -0.002340 -0.022074 -0.035237 0.197653 -0.033971 -0.198169 
1.754670 -1.225087 0.605552 0.138860 -0.228956 -0.250746 -0.163552 0.031750 0.121137 0.011997 -0.056118 -0.005596 0.204032 -0.032966 -0.175779 
1.769337 -1.138213 0.603320 0.270367 -0.259079 -0.235517 -0.156789 -0.097022 0.112552 0.003506 -0.131431 -0.000250 0.263853 -0.088961 -0.099546 
1.674990 -1.115223 0.666828 0.357935 -0.312985 -0.099423 -0.228315 -0.174214 0.072703 -0.026553 -0.230152 -0.028697 0.280337 -0.114135 -0.079213 
1.305798 -0.988019 1.019869 0.317371 -0.393171 0.067449 -0.312447 -0.209852 0.135150 -0.117958 -0.131755 -0.143158 0.270470 -0.051317 -0.118897 
1.151854 -0.907003 1.086531 0.168634 -0.472849 0.277143 -0.309682 -0.298262 0.026817 -0.118367 -0.043391 -0.221310 0.191128 -0.051922 -0.053928 
1.272565 -1.011092 1.137698 0.134756 -0.363033 0.264925 -0.352755 -0.345282 0.103419 -0.111375 -0.084005 -0.248685 0.212046 -0.050864 -0.050176 
1.286827 -1.013535 1.145873 0.121111 -0.312566 0.312759 -0.418802 -0.355384 0.102475 -0.060527 -0.132039 -0.272757 0.206109 -0.037337 -0.050525 
1.187577 -0.888599 1.107291 0.155656 -0.323655 0.288044 -0.364359 -0.387564 0.123435 -0.086152 -0.149356 -0.241517 0.183469 -0.036075 -0.071357 
1.182230 -0.714375 1.086855 0.134003 -0.321603 0.319002 -0.377135 -0.397616 0.132298 -0.071328 -0.168422 -0.222163 0.196792 -0.069012 -0.050407 
1.252626 -0.708829 1.127509 0.205106 -0.310229 0.281139 -0.415736 -0.366724 0.156987 -0.090169 -0.230619 -0.223002 0.244228 -0.097556 -0.064486 
1.148305 -0.533831 1.082235 0.315123 -0.295953 0.193344 -0.301382 -0.441496 0.175038 -0.078779 -0.290315 -0.208095 0.239002 -0.094636 -0.097765 
1.121655 -0.203607 0.845958 0.429141 -0.256030 0.295934 -0.302819 -0.530074 0.229070 -0.081721 -0.306832 -0.237931 0.173257 -0.129124 -0.021807 
0.911155 -0.102636 0.537873 0.473759 -0.073034 0.169064 -0.173594 -0.406814 0.141233 -0.069594 -0.260041 -0.229760 0.111534 -0.169583 -0.004269 
0.755777 -0.212165 0.278058 0.418008 0.024150 0.096854 -0.021635 -0.224111 0.093306 -0.057905 -0.113582 -0.072998 0.146839 -0.213452 0.017841 
0.589001 -0.134540 0.156264 0.165699 -0.104250 0.005289 -0.086047 -0.275760 -0.048866 -0.060380 -0.059551 -0.048062 0.133521 -0.134432 0.026941 
0.108482 -0.056385 0.286298 0.406345 -0.118950 -0.150044 -0.135823 -0.251793 0.073848 -0.156169 -0.112167 -0.028295 0.048244 -0.019649 -0.021158 
-0.249260 -0.400521 0.106666 0.236782 -0.304415 -0.210673 -0.120111 -0.126181 0.262708 -0.085244 -0.035448 0.036325 0.173771 -0.083997 -0.040100 
-0.449240 -0.134014 0.154449 0.318902 -0.091899 -0.215345 -0.215617 -0.089050 0.153318 -0.113712 -0.049448 -0.044234 0.174178 -0.050055 -0.015491 
-0.431322 -0.201225 0.487595 0.398725 -0.124271 -0.237054 -0.222842 -0.187429 0.134447 -0.168644 -0.185279 -0.021837 0.150549 -0.008971 -0.077210 
-0.183052 -0.390866 0.118239 0.395292 -0.099468 -0.296537 -0.124498 -0.112153 0.090205 -0.064515 -0.008757 -0.081010 0.165672 -0.015095 -0.064013 
-0.475854 -0.413758 0.156363 0.142891 -0.259357 -0.096416 -0.023254 -0.138292 0.048804 0.067084 0.045638 -0.107168 0.104340 -0.003279 -0.006743 
0.054404 -0.541468 -0.082569 -0.381977 -0.203167 -0.051714 -0.029767 -0.015788 0.224794 0.070635 0.046510 -0.050751 -0.031063 -0.103923 0.008870 
0.200477 -0.615490 0.137842 -0.166645 -0.194050 -0.016874 -0.168900 0.074806 0.072999 -0.095576 0.125883 0.030327 -0.011283 -0.095388 0.108001 
-0.542419 -0.734779 0.367582 -0.288769 -0.011239 -0.185605 -0.134284 0.146119 0.038565 0.031557 0.083852 -0.178481 0.153484 -0.050567 -0.030944 
-0.521562 -0.861605 0.099540 -0.078889 -0.047176 -0.201952 0.131094 0.108333 0.015217 -0.057836 -0.010350 -0.007747 0.053166 -0.101886 0.086685 
-0.138061 -0.804591 0.196578 -0.140272 0.009027 -0.157151 0.065276 -0.015570 0.195062 -0.162678 0.012734 0.040568 -0.029902 0.026182 -0.056733 
-0.220176 -0.810822 0.197115 -0.236470 0.018518 -0.258290 0.217981 0.104349 0.066018 -0.158196 0.008579 0.043501 -0.021886 -0.058856 0.085734 
-0.370708 -0.729032 0.323630 -0.201696 -0.018684 -0.332967 0.126216 0.127889 0.161745 -0.186246 -0.016745 0.122681 -0.049935 -0.070703 0.046933 
-0.250827 -1.025200 0.335978 -0.256515 0.088435 -0.194630 0.217463 0.096186 -0.029804 -0.156172 0.091204 -0.022126 -0.014360 0.047859 -0.020564 
0.185853 -0.788160 0.340987 -0.383750 0.211349 -0.155411 0.082865 -0.033830 -0.014019 -0.027692 0.067405 0.005856 -0.049670 0.000818 0.057459 
0.379357 -0.504657 0.672279 -0.042628 0.237594 -0.164946 0.177182 0.101752 0.160403 0.035928 -0.067107 0.057303 0.131509 -0.069131 0.019464 
0.339725 -0.501002 0.510862 0.131238 0.330617 -0.309145 0.171816 0.112691 0.061814 0.036724 -0.097776 0.092489 0.115104 -0.138782 0.099536 
0.829719 -0.597488 0.654554 0.045733 0.221090 -0.330772 -0.193022 -0.084657 0.006592 0.039789 -0.219906 -0.109211 0.233064 -0.044896 -0.065200 
1.064555 -0.671321 0.772702 0.102363 0.216986 -0.278661 -0.226615 -0.064841 -0.109282 0.022050 -0.224544 -0.231668 0.308337 -0.143259 -0.070328 
1.367230 -0.839876 0.803091 0.196301 0.041117 -0.128641 -0.353956 -0.054696 -0.059845 -0.047781 -0.155066 -0.269668 0.304048 -0.107173 -0.072525 
1.345039 -0.890446 0.843420 0.179192 0.105733 -0.190381 -0.416130 -0.058345 -0.070337 -0.075241 -0.160545 -0.301348 0.279951 -0.039343 -0.079230 
1.444618 -0.921715 0.904439 0.116177 0.080314 -0.168808 -0.463205 -0.032736 -0.110734 -0.020912 -0.130371 -0.348992 0.331563 -0.020289 -0.088036 
1.259408 -0.832108 0.895201 0.101177 0.099343 -0.187878 -0.431735 -0.096434 -0.133659 0.033815 -0.179699 -0.333878 0.269758 0.054964 -0.103263 
1.392203 -0.944346 0.958065 0.072374 0.061755 -0.127133 -0.501214 -0.052334 -0.138931 -0.023916 -0.086718 -0.413211 0.341225 0.004474 -0.103910 
1.321681 -0.878333 0.948569 0.082624 0.027155 -0.113334 -0.487834 -0.020790 -0.139872 -0.041997 -0.063115 -0.395525 0.329319 0.013509 -0.133513 
1.295236 -0.932094 0.976748 0.041864 0.057819 -0.113383 -0.497201 -0.022797 -0.088631 -0.050759 -0.065738 -0.361163 0.307246 0.029806 -0.117842 
1.302866 -0.930582 0.877942 0.042330 0.084195 -0.146408 -0.456583 -0.033925 -0.105277 -0.056549 -0.028781 -0.381477 0.322820 0.006536 -0.105358 
1.445999 -0.965042 0.943344 0.025259 0.016533 -0.091380 -0.498493 0.031580 -0.160610 -0.030585 0.048446 -0.419314 0.344210 0.014658 -0.110514 
1.272408 -0.872783 0.919097 0.009105 0.046648 -0.171916 -0.452813 0.001871 -0.143454 0.006696 -0.016675 -0.346521 0.324707 0.034274 -0.088775 
1.298466 -0.898657 0.815978 0.033893 0.009397 -0.113771 -0.544240 0.015083 -0.126338 -0.008832 -0.015580 -0.355545 0.350030 0.047316 -0.131084 
1.307110 -0.864984 0.829987 0.050348 0.075109 -0.115164 -0.504606 0.050515 -0.123985 0.000907 -0.018256 -0.382452 0.323890 0.059472 -0.155434 
1.362417 -0.815786 0.837591 0.088533 0.044241 -0.075378 -0.541244 0.037636 -0.124433 -0.056162 0.013580 -0.435512 0.327438 0.066798 -0.164406 
1.347080 -0.877235 0.862918 0.053414 0.096676 -0.169302 -0.489336 -0.013996 -0.116920 -0.034744 -0.007933 -0.454191 0.372645 0.061607 -0.166130 
1.285827 -0.802638 0.891721 0.055229 0.100636 -0.147008 -0.485386 -0.023910 -0.142359 -0.048997 -0.025226 -0.424416 0.318204 0.044044 -0.127435 
1.181225 -0.794398 0.866431 0.101967 -0.013279 -0.165278 -0.511244 -0.007190 -0.160396 -0.075352 0.005364 -0.416799 0.352821 0.083703 -0.170473 
1.153297 -0.788145 0.861380 0.135354 -0.014869 -0.208694 -0.481991 0.019194 -0.176307 -0.074451 -0.024077 -0.383728 0.359572 0.060330 -0.183175 
1.154109 -0.845885 0.912170 0.177783 -0.087301 -0.174255 -0.490169 0.109705 -0.226540 -0.167603 0.013080 -0.340375 0.332305 0.001189 -0.203710 
1.187698 -0.773196 0.957929 0.193594 -0.070841 -0.214409 -0.421881 0.126258 -0.180606 -0.231482 0.036910 -0.314261 0.336743 -0.064853 -0.181859 
1.041883 -0.769405 1.042760 0.191865 -0.084600 -0.214810 -0.342864 0.169467 -0.284380 -0.175396 0.014336 -0.273567 0.298333 -0.149555 -0.113675 
0.829253 -0.696532 1.104462 0.140972 0.025379 -0.329363 -0.205359 0.116927 -0.299210 -0.168964 -0.016580 -0.260916 0.295423 -0.242459 -0.035871 
0.554716 -0.444673 1.098370 0.162956 -0.077851 -0.306136 -0.110896 0.078236 -0.280784 -0.113015 -0.027730 -0.167642 0.225166 -0.203652 -0.022991 
0.105252 -0.113069 1.026077 0.058351 0.151760 -0.426246 0.124093 0.044167 -0.197912 0.010286 -0.089346 -0.027734 0.132717 -0.180741 0.034282 
-0.458174 0.025080 0.724585 -0.099000 0.301098 -0.371790 0.139209 0.115013 -0.119069 -0.003039 0.013690 0.022095 -0.005620 -0.041751 0.030940 
-0.690625 -0.101127 0.778419 -0.206526 0.271696 -0.424301 0.209468 0.084134 -0.115441 -0.044630 0.089374 -0.017825 0.004846 -0.072470 0.066054 
-0.648454 -0.358647 0.441472 -0.153571 0.285748 -0.237428 0.346965 0.139335 -0.172699 -0.019192 0.058539 0.065589 -0.004299 -0.088839 0.087222 
-0.529900 -0.442085 0.460649 -0.367197 -0.077159 -0.310700 0.356993 0.166329 -0.092308 -0.026799 0.035593 -0.033506 -0.024082 -0.143732 0.179449 
-0.352808 -0.399302 0.427680 -0.254080 0.019686 -0.075216 0.219183 0.074429 -0.055180 0.013863 -0.056669 -0.018056 0.137830 -0.174918 0.099413 
-0.135836 -0.163561 0.919391 -0.204089 -0.099451 -0.353423 0.337811 0.027260 -0.097518 0.125686 0.056678 -0.012507 0.055772 -0.153755 0.112574 
0.188239 -0.079872 1.052688 0.060441 -0.052175 -0.306716 0.113499 -0.113643 -0.159611 -0.079517 -0.047195 -0.011375 -0.003615 -0.110847 0.069699 
0.305793 -0.161461 1.240187 0.102952 -0.159781 -0.175167 0.014573 -0.096196 -0.175955 -0.148829 -0.007469 -0.078817 0.002845 -0.133584 0.098501 
0.397157 -0.438755 1.258605 0.223842 -0.255695 0.058486 -0.117817 -0.069741 -0.180865 -0.211495 -0.025053 -0.178836 0.010257 -0.207153 0.095741 
0.573970 -0.509024 1.380488 0.032078 -0.277157 0.122939 -0.179025 -0.059245 -0.173095 -0.211752 -0.007919 -0.131769 0.005987 -0.225234 0.189970 
0.469445 -0.474837 1.320608 0.101819 -0.286531 0.185244 -0.180968 -0.073327 -0.206911 -0.201277 -0.032088 -0.150187 -0.063057 -0.194897 0.188206 
0.583934 -0.632833 1.400508 0.036456 -0.272702 0.213668 -0.240944 -0.077517 -0.165535 -0.243218 0.024776 -0.204930 -0.021941 -0.166773 0.138219 
0.473191 -0.523538 1.389768 0.032798 -0.294800 0.215123 -0.257036 -0.023040 -0.174212 -0.285676 0.062985 -0.154528 -0.103562 -0.128104 0.152809 
0.482877 -0.536162 1.449965 -0.053407 -0.257898 0.222281 -0.297227 -0.013957 -0.179756 -0.276353 0.062337 -0.180090 -0.068049 -0.129247 0.144740 
0.432197 -0.456723 1.486831 -0.094718 -0.200949 0.115663 -0.223868 -0.046886 -0.183750 -0.251929 0.054341 -0.173211 -0.080010 -0.065651 0.097676 
0.329049 -0.481791 1.488000 -0.049167 -0.268821 0.224703 -0.301217 -0.015861 -0.204300 -0.267792 0.059486 -0.216212 -0.055726 -0.119199 0.119306 
0.347817 -0.409011 1.515912 -0.104320 -0.219838 0.187512 -0.312578 0.041906 -0.236635 -0.285042 0.108806 -0.241718 -0.052426 -0.115913 0.120070 
0.322406 -0.296336 1.478762 -0.122588 -0.185338 0.164452 -0.288241 0.037153 -0.259452 -0.283969 0.133594 -0.280864 -0.066788 -0.066861 0.088122 
0.270628 0.028717 1.393216 -0.041398 -0.251354 0.152604 -0.232763 -0.058958 -0.192856 -0.278318 0.092352 -0.253698 -0.035025 -0.088234 0.097001 
0.105923 0.070944 1.250713 0.041177 -0.196838 0.112755 -0.171462 -0.056924 -0.195487 -0.254193 0.060967 -0.229052 -0.084567 -0.063271 0.072344 
0.151093 0.398976 1.152936 -0.136112 -0.126385 0.096869 -0.266247 -0.018270 -0.206373 -0.266123 0.095237 -0.255424 -0.008332 -0.082852 0.093405 
-0.194323 0.271548 0.807670 -0.041322 0.059087 0.125074 -0.331730 -0.083358 -0.158630 -0.245789 -0.005623 -0.227683 -0.034721 -0.113456 0.078027 
0.261617 0.566761 0.621658 -0.019073 -0.015202 0.048012 -0.239635 -0.096747 -0.122284 -0.304297 -0.036835 -0.122718 -0.086605 -0.108646 0.089428 
-0.124282 0.348077 0.319831 0.266207 0.058792 0.011985 -0.158775 -0.279149 -0.174392 -0.251568 0.033119 -0.175360 -0.238060 0.029761 0.021955 
-0.385468 0.110017 0.235815 0.292940 -0.084636 -0.031349 -0.180616 -0.231786 0.012103 -0.131020 0.028378 -0.046266 -0.124728 0.094787 0.082050 
