city011_052
ZUSHI
55
-0.354911 -0.588351 -0.026439 -0.150915 -0.016128 -0.098112 -0.001259 0.051562 0.035162 -0.017613 0.025998 0.011209 -0.030326 -0.043575 0.066983 
-0.014416 -0.654213 -0.010289 -0.111575 0.030992 -0.115116 -0.042173 0.115585 0.016624 -0.031688 0.010092 -0.019999 0.040293 -0.050514 0.026978 
-0.387199 -0.702231 0.176396 -0.378512 0.026132 -0.175405 0.211716 0.060432 0.034061 0.042508 -0.174247 0.010642 0.122313 -0.179659 0.156189 
-0.433568 -0.740750 0.345322 -0.354190 -0.015864 -0.341148 0.287507 0.096828 0.093624 -0.109313 -0.033991 0.033523 0.003672 -0.128186 0.092235 
-0.189793 -0.505057 0.533832 -0.184415 0.157863 -0.198364 0.152930 0.027584 0.109247 -0.093479 -0.006048 0.031113 0.012933 -0.016943 -0.002605 
0.496544 -0.546252 0.830894 0.051323 0.155244 -0.373047 -0.049428 0.055072 -0.021422 0.002477 -0.125067 -0.017624 0.180634 -0.098365 -0.010295 
0.757767 -0.555557 0.935483 0.142845 0.152718 -0.364709 -0.184580 -0.095640 -0.019196 -0.090268 -0.260169 -0.084100 0.199579 -0.082457 -0.078373 
0.865727 -0.817989 1.038634 0.060576 0.097393 -0.277637 -0.267235 -0.094188 -0.044233 -0.078532 -0.240633 -0.120492 0.211194 -0.027255 -0.172435 
1.183880 -1.126577 1.156249 0.000216 0.036146 -0.290952 -0.319103 -0.022725 -0.067921 -0.086230 -0.148161 -0.153016 0.324890 -0.109214 -0.073590 
1.312359 -1.223679 1.039938 -0.108777 0.084594 -0.281310 -0.348972 0.030656 -0.072316 -0.060098 -0.163074 -0.029903 0.253863 -0.098005 -0.057674 
1.220092 -1.175930 1.065961 -0.181964 0.144965 -0.256043 -0.315176 -0.028153 -0.083581 -0.054877 -0.099525 -0.093111 0.203356 -0.072471 0.008965 
1.217156 -1.188278 1.088638 -0.214307 0.138202 -0.302893 -0.296879 -0.088824 -0.015391 -0.090205 -0.074269 -0.100590 0.235879 -0.078079 0.042986 
1.127970 -1.104414 1.072258 -0.199886 0.129765 -0.355312 -0.297161 -0.062116 -0.037748 -0.087120 -0.094692 -0.044145 0.209799 -0.054473 0.019566 
1.286114 -1.078559 0.920759 -0.200863 0.146729 -0.322723 -0.416213 0.019891 -0.128504 -0.091780 -0.117008 0.021154 0.216788 -0.116617 0.073085 
1.217921 -0.824002 0.857265 -0.194260 0.138522 -0.516950 -0.299815 -0.031124 -0.062011 -0.142869 -0.110748 0.073858 0.314272 -0.204717 0.118876 
0.843098 -0.544738 0.886232 -0.130953 0.379709 -0.442843 -0.089899 0.187242 -0.193778 -0.090731 -0.094057 0.080842 0.020596 -0.146687 0.047003 
0.764078 -0.554893 1.024705 -0.316410 0.404664 -0.332912 0.049753 0.171376 -0.178760 0.007375 -0.081817 0.048054 0.091112 -0.222880 0.115474 
0.516182 -0.441870 1.158108 -0.164097 0.331725 -0.604733 0.189628 0.100552 -0.319462 -0.033744 -0.005204 0.010882 -0.033794 -0.150042 0.140413 
0.095506 -0.482925 0.967876 -0.338437 0.364630 -0.318651 0.190764 0.041041 -0.135315 -0.003202 0.041060 0.018174 -0.037838 -0.081619 0.136408 
-0.490810 -0.427186 0.936979 -0.403108 0.364521 -0.131379 0.312933 0.087830 -0.061724 0.073909 -0.005018 0.079096 0.029803 -0.070185 0.096962 
-0.786755 -0.621694 0.748408 -0.304571 0.483074 -0.185764 0.265558 -0.135365 -0.037461 0.141124 -0.050159 0.087332 -0.072485 -0.051092 0.191698 
-0.908155 -0.793117 0.499439 -0.558048 0.114566 -0.256826 0.414651 -0.109091 -0.073777 0.131099 -0.113362 0.017189 0.010233 -0.028293 0.075563 
-0.906934 -0.864306 0.367669 -0.800986 0.175562 -0.071046 0.385302 -0.006824 -0.045203 -0.013205 -0.213841 0.092562 0.059142 -0.073419 0.200762 
-0.937704 -0.989279 0.372422 -0.536504 0.239388 -0.045877 0.346115 -0.272509 -0.045860 0.062032 -0.010232 0.026107 0.049285 -0.122017 0.120546 
-0.871967 -0.750258 0.636203 -0.573894 0.114291 -0.012387 0.287940 -0.125321 0.023399 -0.052649 -0.083668 0.104081 0.057640 -0.171195 0.209207 
-0.757783 -0.825008 0.576726 -0.560164 0.219726 0.001068 0.088746 -0.124182 -0.019355 0.096144 -0.078426 0.052372 0.023567 -0.136179 0.125260 
-0.750554 -0.626467 0.781907 -0.706458 0.068427 -0.137468 0.138027 -0.086058 0.140931 -0.003794 -0.111250 0.118350 -0.024817 -0.113224 0.106106 
-0.549876 -0.502471 0.765412 -0.755516 0.077219 -0.157363 0.119713 -0.066285 0.076424 0.032033 -0.033976 0.019392 0.024028 -0.121745 0.104555 
-0.391530 -0.257940 0.912969 -0.649651 0.020948 0.006206 0.049482 -0.021318 -0.051153 0.093678 -0.056202 -0.010063 0.062307 -0.110065 0.101147 
0.283954 -0.300754 1.351479 -0.159886 -0.143705 0.021413 -0.076092 -0.143332 -0.138321 -0.172964 0.007233 -0.092164 -0.101851 -0.022067 0.110277 
0.586158 -0.471830 1.626361 -0.100399 -0.266247 0.199121 -0.260070 -0.058151 -0.165555 -0.272183 0.051541 -0.183766 -0.087668 -0.071003 0.127576 
0.709314 -0.510827 1.605438 -0.228013 -0.208281 0.240673 -0.286931 -0.006516 -0.152477 -0.231088 0.110628 -0.208861 -0.040528 -0.042609 0.116859 
0.573302 -0.479884 1.676406 -0.228666 -0.196648 0.266018 -0.271403 -0.008521 -0.103699 -0.244287 0.108364 -0.183470 -0.065993 -0.016400 0.067433 
0.525725 -0.546080 1.651182 -0.190441 -0.236908 0.351934 -0.318341 0.007759 -0.095889 -0.269576 0.136130 -0.222734 -0.071243 0.013230 0.016123 
0.505422 -0.513829 1.642548 -0.209174 -0.196848 0.311598 -0.298159 0.024564 -0.160832 -0.245485 0.130031 -0.236141 -0.100313 0.034006 0.032301 
0.432975 -0.555165 1.613895 -0.172871 -0.146632 0.295724 -0.325502 0.027028 -0.143607 -0.293920 0.133879 -0.262637 -0.083838 -0.020262 0.043207 
0.245840 -0.466034 1.582949 -0.147356 -0.116162 0.244080 -0.304943 0.052038 -0.189149 -0.269276 0.126508 -0.272887 -0.092831 0.002083 0.024606 
0.287490 -0.399725 1.565706 -0.174122 -0.128011 0.264699 -0.290652 0.001113 -0.153189 -0.273289 0.124403 -0.285496 -0.077602 0.021771 -0.020664 
0.181171 -0.433367 1.505606 -0.120164 -0.082298 0.238041 -0.352164 0.063203 -0.219602 -0.275160 0.117982 -0.304082 -0.107199 0.033366 -0.020763 
0.146009 -0.481661 1.597267 -0.111969 -0.144980 0.274019 -0.354069 0.045145 -0.185132 -0.331355 0.154204 -0.327396 -0.103605 0.031832 -0.043831 
0.215060 -0.317431 1.537929 -0.164380 -0.158008 0.238377 -0.334520 0.061333 -0.246124 -0.290072 0.170532 -0.329168 -0.093571 0.053016 -0.021032 
0.233255 -0.305921 1.609980 -0.195267 -0.165463 0.199910 -0.303173 0.009412 -0.215937 -0.311254 0.139450 -0.290173 -0.095451 0.001283 0.043733 
0.221388 -0.220357 1.493525 -0.177992 -0.209416 0.291924 -0.358412 0.025753 -0.250201 -0.299204 0.145380 -0.334682 -0.088661 0.018023 0.012317 
0.319929 0.021876 1.411799 -0.097973 -0.225513 0.224183 -0.309867 -0.005925 -0.212281 -0.315020 0.146375 -0.308621 -0.093454 0.043174 -0.016763 
0.156299 -0.193545 1.351640 -0.010141 -0.275624 0.307135 -0.341788 0.010738 -0.193258 -0.350167 0.173566 -0.309690 -0.120844 0.023741 0.029768 
0.254692 0.273434 0.801396 0.036128 -0.109434 0.184647 -0.172134 -0.078961 -0.222987 -0.286509 0.084665 -0.249948 -0.158869 0.019251 0.018391 
-0.037188 0.167814 1.048265 -0.131244 -0.185325 0.213911 -0.288414 -0.094714 -0.273074 -0.197440 0.054860 -0.314219 -0.010444 0.009686 0.006709 
-0.199219 0.137333 1.042344 0.007844 -0.176615 0.179390 -0.299193 -0.076810 -0.225028 -0.226905 0.031523 -0.285084 -0.020130 -0.045771 0.033558 
0.195608 0.397091 0.768018 0.065415 -0.066271 0.048491 -0.166140 -0.076890 -0.161230 -0.360627 0.078535 -0.189303 -0.182146 -0.013453 0.047146 
-0.386143 -0.148173 1.016571 -0.018194 -0.188802 0.071173 -0.262151 -0.064015 -0.139324 -0.179427 0.083018 -0.198855 0.046644 -0.031960 0.082464 
-0.260395 0.222278 0.748196 0.033545 -0.140351 0.125220 -0.151079 -0.113625 -0.201665 -0.171317 0.094158 -0.210686 -0.068515 0.004588 0.102869 
0.063297 0.352263 0.538524 0.042373 -0.108178 0.029762 -0.057850 -0.160229 -0.075905 -0.192468 0.079685 -0.152942 -0.013178 -0.010189 0.012466 
-0.013492 0.444502 0.467941 0.209394 -0.007354 0.180700 0.060660 -0.193005 -0.099459 -0.170911 0.140194 -0.236547 -0.091588 0.032190 -0.037477 
-0.139267 0.362297 0.511985 0.169336 -0.044041 0.176379 -0.021746 -0.177890 -0.108281 -0.160109 0.083471 -0.165170 -0.132914 0.051259 -0.025541 
-0.032650 0.523679 0.473998 0.076809 -0.073999 0.058263 -0.013801 -0.158250 -0.199947 -0.180084 0.073446 -0.220405 -0.058784 0.007294 0.003527 
