city011_017
CHIYODA
71
-0.327109 -0.058463 0.223521 -0.123627 0.243084 -0.033178 -0.065667 0.012584 -0.088294 0.025359 0.029441 0.000818 -0.024249 -0.058797 0.102119 
-0.858936 -0.631707 0.340907 -0.209314 0.298481 -0.143267 0.042857 0.040172 -0.127500 0.063935 0.041001 -0.031910 0.012597 -0.070628 0.070083 
-0.612732 -0.642834 0.321889 -0.316943 0.153708 -0.215473 0.098047 0.051198 -0.098939 0.038666 0.049189 -0.025200 -0.008360 -0.032591 0.049692 
-0.682855 -0.632566 0.287550 -0.435533 0.114056 -0.074273 0.251633 -0.028233 -0.023596 -0.051712 -0.093038 0.127652 0.015983 -0.123360 0.146744 
-0.868509 -0.813295 0.220690 -0.408281 0.153272 -0.132320 0.055800 -0.043028 0.162598 0.052579 -0.163724 -0.008762 0.084724 -0.077007 0.061660 
-0.621931 -0.752233 0.440614 -0.469523 0.325960 -0.152069 0.177164 0.044862 -0.155497 0.000372 -0.033314 0.163067 -0.065080 -0.140332 0.197079 
-0.526369 -0.730734 0.494588 -0.576443 0.092088 -0.351734 0.269324 -0.040373 0.036948 0.029353 -0.003624 0.055289 -0.063618 -0.109649 0.148581 
-0.318019 -0.398859 0.556282 -0.487804 -0.017846 -0.332690 0.227615 -0.065266 -0.008538 0.078914 -0.020717 0.033564 0.051407 -0.180563 0.168092 
-0.304566 -0.407384 0.520449 -0.458227 0.221320 -0.282092 0.266208 -0.010587 -0.067839 0.003839 -0.049238 0.094303 -0.013524 -0.128313 0.135435 
-0.611785 -0.685091 0.626004 -0.513056 0.155722 -0.289221 0.040829 0.010657 0.094903 0.046530 -0.153420 0.106561 0.093231 -0.187421 0.076360 
-0.414153 -0.600948 0.611672 -0.791982 0.055833 -0.200928 0.164605 -0.097802 0.045945 0.155547 -0.069534 -0.000743 0.076398 -0.136234 0.061874 
-0.171852 -0.417600 0.654347 -0.730322 0.043196 -0.209312 0.045081 -0.085285 -0.165930 0.212575 -0.046373 0.082912 0.076206 -0.143392 0.160441 
0.445459 -0.734795 1.419426 -0.261857 -0.011619 -0.132153 -0.125422 -0.077181 -0.253059 -0.095018 -0.117571 0.046352 -0.114391 -0.096263 0.190626 
0.673787 -0.983829 1.550313 -0.120658 -0.172223 0.039082 -0.331326 -0.050686 -0.221219 -0.276100 -0.059134 -0.017860 -0.167120 -0.044102 0.118648 
0.572212 -0.830894 1.490738 -0.085390 -0.249274 0.086011 -0.342909 -0.060411 -0.234305 -0.266427 -0.009899 -0.097009 -0.123129 0.001233 0.065811 
0.617577 -0.890287 1.672340 -0.272327 -0.211533 0.073799 -0.305703 -0.097144 -0.276881 -0.244526 0.007997 -0.139509 -0.104708 0.011787 0.087743 
0.513627 -0.792352 1.525967 -0.192266 -0.222780 0.089030 -0.335427 -0.089938 -0.291951 -0.209466 0.002587 -0.169268 -0.078971 0.043602 0.031821 
0.518245 -0.885726 1.551972 -0.215065 -0.174389 0.046283 -0.325042 -0.100239 -0.304752 -0.181014 -0.035867 -0.140478 -0.086964 0.038417 0.043925 
0.668493 -0.986147 1.597708 -0.309649 -0.132735 0.054640 -0.297665 -0.109299 -0.354252 -0.136360 -0.058310 -0.112976 -0.106623 0.005965 0.120489 
0.639463 -0.982607 1.474852 -0.166327 -0.205923 0.071660 -0.289608 -0.151408 -0.299685 -0.179908 0.013395 -0.184636 -0.068081 0.062657 -0.006509 
0.759499 -1.028614 1.313855 -0.175614 -0.103686 -0.040221 -0.163041 -0.218183 -0.343237 -0.082611 0.007380 -0.154026 -0.094052 0.095905 -0.021281 
0.954491 -1.148626 1.282664 -0.179050 -0.053734 -0.214376 -0.124915 -0.065999 -0.394579 -0.009560 0.011585 -0.103183 -0.055317 0.108703 -0.022764 
1.032094 -1.120787 1.137397 -0.135744 -0.097807 -0.357537 -0.164521 0.056404 -0.323972 -0.047129 0.016262 0.002209 0.043570 0.052275 -0.035453 
1.191427 -1.090925 1.119586 -0.195725 -0.151918 -0.333637 -0.332046 0.008162 -0.139355 -0.055557 0.029380 -0.016437 0.180910 0.134365 -0.120995 
1.236117 -0.855660 0.934998 -0.387262 -0.190720 -0.238263 -0.305263 -0.072155 -0.220970 0.082623 0.091483 -0.037738 0.153124 0.183804 -0.066466 
1.392316 -1.115101 0.569780 -0.483899 0.069700 -0.113329 -0.381055 -0.205118 -0.343630 0.140163 0.153353 0.093041 0.081583 0.049163 0.051555 
1.353016 -1.042366 0.492614 -0.481816 0.021659 -0.134375 -0.256325 -0.198121 -0.377519 0.027934 0.293001 0.124236 0.030626 0.067174 0.002095 
1.626735 -1.068470 0.507689 -0.572454 -0.061646 -0.108313 -0.225187 -0.036994 -0.336558 -0.077841 0.120092 0.104078 0.228862 0.115401 -0.108010 
1.737340 -0.989562 0.389832 -0.532436 -0.151865 -0.013225 -0.225850 0.038076 -0.295577 -0.135729 0.021675 0.022906 0.334282 0.149221 -0.150348 
1.909544 -1.075821 0.421150 -0.561894 -0.173666 0.005522 -0.234731 0.083732 -0.277299 -0.108439 -0.013816 0.028006 0.322910 0.119436 -0.083578 
1.830123 -0.925602 0.316087 -0.559982 -0.144836 -0.021970 -0.218314 0.073312 -0.226294 -0.109928 -0.022581 0.074991 0.248333 0.145985 -0.091699 
1.803894 -0.946590 0.332173 -0.620638 -0.103548 -0.041281 -0.202746 0.050115 -0.232009 -0.107561 -0.007825 0.083338 0.265332 0.145707 -0.084032 
1.735855 -0.931783 0.286133 -0.625263 -0.057746 -0.017598 -0.212621 -0.002954 -0.250211 -0.115832 0.030915 0.127568 0.248620 0.155391 -0.121777 
1.660039 -0.892780 0.240591 -0.622372 -0.035322 -0.022733 -0.151958 -0.102608 -0.275157 -0.074617 0.012551 0.187182 0.289995 0.090576 -0.127476 
1.620305 -0.928088 0.313055 -0.623459 -0.121158 0.018171 -0.163118 -0.098237 -0.343052 -0.020745 0.063846 0.135205 0.322197 0.095382 -0.162443 
1.633040 -0.954532 0.317021 -0.604882 -0.049648 -0.001690 -0.276377 -0.118830 -0.330068 0.061709 0.125827 0.119591 0.246345 0.066665 -0.125320 
1.575203 -1.051653 0.365524 -0.468717 0.003805 -0.066211 -0.363580 -0.167223 -0.326601 0.182038 0.186204 0.058444 0.207454 -0.057942 0.026326 
1.528773 -1.109887 0.420427 -0.398596 0.016240 -0.135637 -0.397986 -0.133888 -0.324796 0.219334 0.086819 0.044710 0.239664 -0.017821 0.014119 
1.600552 -0.850906 0.565846 -0.486679 -0.052393 -0.045596 -0.434164 -0.134113 -0.226185 0.162864 -0.027768 -0.035642 0.262000 0.043532 -0.006250 
1.402753 -0.343779 0.435103 -0.222813 0.013743 0.053406 -0.290452 -0.169321 -0.153681 0.121730 0.014328 -0.188851 0.149504 -0.010775 -0.005181 
1.083150 0.032444 0.133940 0.175268 0.050235 0.180445 -0.051545 -0.221848 -0.083505 0.014878 0.008833 -0.127641 0.032187 -0.047419 -0.072659 
1.385241 -0.586206 0.331625 0.003970 -0.035775 -0.125075 -0.300256 -0.189737 -0.111243 0.164623 -0.097775 -0.137081 0.214420 -0.002553 0.015406 
1.520106 -0.937263 0.576100 -0.356131 -0.033205 -0.179223 -0.503349 -0.021283 -0.109959 0.245931 -0.112504 -0.086475 0.355979 0.018580 -0.039462 
1.350465 -0.981563 0.599335 -0.370356 -0.110788 -0.255804 -0.424658 0.007194 -0.027857 0.234603 -0.056979 -0.059307 0.372554 -0.003596 -0.128734 
1.177966 -0.991607 0.491639 -0.481205 -0.072914 -0.348494 -0.293064 -0.065497 0.079414 0.310620 0.033869 -0.066860 0.264385 0.055523 -0.179957 
1.222610 -1.024474 0.346337 -0.523322 -0.026365 -0.245266 -0.331104 -0.049203 0.161920 0.379912 0.004258 -0.158984 0.207335 0.055545 -0.172529 
1.188542 -1.059988 0.220246 -0.639192 0.038637 -0.176925 -0.295964 -0.010174 0.254830 0.327471 0.036554 -0.184585 0.072104 0.009985 -0.121154 
1.243302 -1.101793 0.223320 -0.657081 -0.000569 -0.142428 -0.210576 0.038946 0.148665 0.409139 0.080014 -0.285768 -0.028682 0.079896 -0.151509 
1.212237 -1.152743 0.210978 -0.676838 0.041270 -0.152583 -0.196962 0.103486 0.044026 0.410525 0.145742 -0.274388 -0.095514 0.054963 -0.047784 
1.239586 -1.191925 0.132371 -0.689201 0.014008 -0.052406 -0.114545 0.013264 0.091553 0.355028 0.120825 -0.303103 -0.068546 0.057796 -0.135021 
1.192134 -1.154304 0.159827 -0.716550 0.012655 -0.051815 -0.142330 0.047282 0.076764 0.375670 0.095839 -0.319969 -0.010133 0.022390 -0.143813 
1.220476 -1.155064 0.064478 -0.723251 0.066821 -0.074422 -0.121830 0.057558 0.030648 0.401937 0.083430 -0.322976 0.007341 0.004067 -0.134902 
1.317486 -1.136862 0.087345 -0.712492 0.021469 -0.009145 -0.132958 0.025043 0.024356 0.429762 0.046781 -0.285857 -0.001325 -0.019284 -0.106084 
1.334836 -1.103646 0.067864 -0.711586 0.014718 0.008542 -0.111367 0.023139 0.042123 0.396770 0.026736 -0.297651 0.011707 -0.013621 -0.106837 
1.348293 -1.109618 0.007697 -0.707703 0.003167 -0.000955 -0.073556 -0.026267 0.069771 0.393503 0.047392 -0.280942 -0.003935 -0.040495 -0.099858 
1.433556 -1.064222 -0.056567 -0.673124 -0.037754 0.034424 -0.074214 -0.045409 0.072698 0.409160 0.024739 -0.272550 -0.000427 -0.049001 -0.092575 
1.497836 -1.107712 -0.087605 -0.688494 -0.009371 0.029032 -0.121082 -0.000288 0.048953 0.388286 0.078977 -0.313738 0.018887 -0.014749 -0.098232 
1.607187 -1.228195 -0.038158 -0.591523 -0.140974 0.170972 -0.227378 0.063047 0.023376 0.389706 -0.002911 -0.255912 0.074485 -0.088929 -0.032885 
1.503344 -1.223937 0.021370 -0.586305 -0.154064 0.124538 -0.190676 0.074718 0.030644 0.386342 -0.048605 -0.212628 0.091791 -0.136689 -0.019771 
1.407548 -1.063269 -0.049361 -0.522901 -0.174542 0.116138 -0.159280 -0.005289 0.094784 0.356893 -0.006275 -0.226017 0.054126 -0.107938 -0.026605 
1.326401 -0.789931 -0.179589 -0.408322 -0.183369 0.101178 -0.146275 -0.033342 0.079524 0.413327 0.024116 -0.270604 0.031909 -0.109540 -0.018565 
1.460828 -0.887377 -0.260101 -0.429722 -0.144939 0.064361 -0.058708 -0.019311 0.016978 0.377654 0.005126 -0.228991 0.043695 -0.111273 -0.029003 
1.062213 -1.019233 -0.334816 -0.397717 -0.173801 0.046726 -0.070082 -0.032532 0.151905 0.440892 -0.035569 -0.288524 0.022442 -0.181257 -0.025537 
1.335456 -0.408898 -0.420603 -0.155843 -0.082899 0.142110 -0.036383 -0.048154 0.094190 0.267385 -0.061289 -0.236220 0.084589 -0.124558 0.083786 
1.130513 -0.439530 -0.552598 -0.284580 -0.078335 -0.033920 0.008233 -0.036338 0.074186 0.444463 -0.043426 -0.277367 -0.026060 -0.126497 0.067073 
0.682404 -1.094297 -0.441126 -0.122400 -0.119778 0.110734 0.086164 -0.098531 0.138757 0.272315 -0.175796 -0.257552 0.014909 0.071592 0.035821 
0.951223 -0.175179 -0.350389 -0.043486 -0.087459 0.131738 0.036423 -0.038356 0.215994 0.232666 -0.073526 -0.214776 -0.037246 0.047320 -0.000092 
0.799197 -0.235157 -0.273345 -0.083607 -0.026350 0.221209 0.102249 0.072946 0.090467 0.243443 -0.194357 -0.175566 0.063264 0.046894 -0.003141 
0.727024 -0.180124 -0.333618 -0.014917 0.029766 0.221206 0.089566 0.040819 0.097789 0.103951 -0.014420 -0.198418 0.028633 0.114435 -0.005688 
0.565694 -0.215654 -0.427006 -0.015848 0.170693 0.287197 0.122191 0.041099 0.115408 0.112947 -0.028750 -0.245867 0.043725 0.220574 0.068026 
0.237488 -0.431855 -0.443693 -0.118284 0.111715 0.164104 -0.034386 -0.074625 0.110623 0.164722 -0.077740 -0.278014 0.064284 0.168227 -0.018133 
