city011_065
PURIZUMU
89
-0.203142 -0.327748 0.030599 0.091545 -0.006638 0.118878 -0.047258 0.039853 0.033845 -0.056443 0.041460 -0.052908 0.077452 -0.053699 0.041361 
1.042230 -0.465461 0.677909 0.044902 0.091581 -0.210186 -0.369538 0.071433 -0.056373 -0.195466 0.098664 -0.151497 0.125147 -0.036008 0.095391 
1.821943 -0.356615 0.399970 0.027357 0.010281 0.015967 -0.206567 -0.089777 -0.041101 -0.026561 0.047841 -0.029657 0.073864 -0.113807 0.146039 
2.081882 -0.724274 0.306001 -0.366745 0.135632 -0.064320 -0.124688 -0.013623 -0.118244 -0.044517 0.026185 -0.073514 0.106216 -0.055522 0.105869 
1.915547 -0.862502 0.325601 -0.593663 0.071508 -0.099310 -0.112162 -0.097335 -0.039560 0.035026 0.056248 -0.069033 0.119162 0.008429 0.062765 
1.975212 -0.796795 0.259942 -0.260489 0.067721 -0.037871 -0.041369 -0.085896 -0.104012 -0.153994 0.073002 -0.001732 0.068361 -0.029383 0.057554 
2.090843 -0.678807 0.200908 -0.187579 0.044014 0.092986 -0.130667 -0.088550 -0.086911 -0.033531 0.058622 0.015195 0.110238 -0.137152 0.048994 
2.322685 -0.323455 0.240165 -0.375650 -0.181952 -0.050752 -0.148212 -0.043994 0.085982 -0.021571 -0.007412 -0.005400 0.090990 -0.077350 0.107448 
1.997087 -0.344154 0.237093 -0.266565 -0.093312 0.224222 -0.307640 -0.054667 -0.249868 -0.140379 0.033421 -0.293797 0.258353 -0.038688 -0.022866 
1.683495 -0.568871 0.472035 -0.420990 0.157695 0.101506 -0.356946 -0.246632 -0.355825 -0.078384 0.100758 -0.100176 0.213127 -0.219742 0.115438 
1.675034 -0.908689 0.711249 -0.326290 -0.042526 0.161749 -0.509192 -0.124807 -0.308138 0.084616 0.353903 -0.334074 0.160712 0.022915 0.110887 
1.652310 -0.817868 0.821466 -0.337386 0.214716 0.040800 -0.463975 -0.154888 -0.185764 -0.091128 0.138269 -0.208301 0.032528 -0.022886 0.166065 
1.360208 -0.986660 0.739971 0.081579 0.187988 -0.092729 -0.697055 0.017877 -0.078319 -0.232394 -0.002435 -0.281929 0.141320 0.033540 0.035410 
1.151766 -0.655591 0.461985 0.654449 0.162860 0.009908 -0.441681 0.090981 0.257488 -0.353353 -0.053642 -0.121300 0.039291 -0.033919 -0.034162 
0.743825 -0.240178 0.576943 0.668301 0.160461 -0.012973 -0.336895 0.122198 0.111952 -0.237756 -0.125103 -0.229087 0.133579 -0.135386 -0.045395 
0.924486 -0.918911 0.767649 -0.025836 -0.051538 0.126136 -0.278458 0.210446 -0.071253 -0.114512 0.158949 -0.188645 0.190712 -0.134509 0.045814 
0.960155 -1.045844 1.561144 -0.100840 -0.191682 0.053328 -0.224276 -0.005751 -0.276164 -0.178208 0.086908 -0.296506 0.122311 -0.154862 0.059582 
0.983511 -0.997593 1.669176 -0.079043 -0.333856 0.222704 -0.362743 0.080452 -0.288279 -0.188625 0.117438 -0.304166 0.117316 -0.145587 0.086160 
0.774707 -0.894973 1.588293 -0.199502 -0.245379 0.276236 -0.352470 -0.000349 -0.247414 -0.228623 0.099425 -0.246567 -0.029902 -0.044877 0.056733 
0.825613 -0.970244 1.717845 -0.261763 -0.204179 0.276084 -0.398888 0.027110 -0.258972 -0.235018 0.118830 -0.312024 0.020537 -0.070618 0.075359 
0.502680 -0.741256 1.567706 -0.212395 -0.198950 0.243120 -0.376769 -0.012672 -0.242369 -0.237333 0.079464 -0.245955 -0.064579 0.012979 0.014178 
0.747878 -0.887965 1.765095 -0.270700 -0.226062 0.226625 -0.427694 0.070548 -0.274670 -0.272443 0.147258 -0.290041 -0.014327 -0.023082 0.067131 
0.486659 -0.667100 1.597053 -0.266023 -0.196605 0.205050 -0.389073 0.033304 -0.293552 -0.244644 0.121160 -0.267062 -0.062549 0.032093 0.035681 
0.737316 -0.876186 1.759152 -0.428166 -0.098648 0.155925 -0.361250 0.008564 -0.286527 -0.257900 0.149678 -0.307282 -0.015491 -0.009432 0.092328 
0.649961 -0.761435 1.705145 -0.372579 -0.145357 0.170346 -0.386727 0.028254 -0.290479 -0.237689 0.130410 -0.288317 -0.016171 0.012077 0.059201 
0.780680 -0.877230 1.763846 -0.406002 -0.125815 0.180650 -0.397526 0.018929 -0.283157 -0.240431 0.141473 -0.330600 0.033925 -0.024788 0.076775 
0.774775 -0.865091 1.791600 -0.393247 -0.140164 0.175419 -0.403434 0.039916 -0.302533 -0.224370 0.129952 -0.330029 0.046308 -0.040917 0.082166 
0.798326 -0.882386 1.806094 -0.397846 -0.136965 0.175570 -0.396289 0.031154 -0.305798 -0.220121 0.119911 -0.330187 0.042372 -0.041010 0.077415 
0.770525 -0.887537 1.754314 -0.366443 -0.119887 0.169582 -0.394921 0.017649 -0.299388 -0.218304 0.104947 -0.328905 0.041332 -0.049962 0.080435 
0.842879 -0.933415 1.782799 -0.375759 -0.126261 0.177794 -0.378140 0.003493 -0.295786 -0.204530 0.091610 -0.326527 0.051947 -0.072137 0.090729 
0.877901 -0.915507 1.747724 -0.343034 -0.153927 0.199292 -0.379566 -0.001833 -0.299254 -0.179240 0.075044 -0.332196 0.078749 -0.096616 0.101785 
0.784365 -0.892830 1.690790 -0.261318 -0.189708 0.197766 -0.368601 -0.000257 -0.307009 -0.130867 0.019243 -0.294533 0.087906 -0.122359 0.102537 
0.889569 -0.946703 1.760388 -0.208570 -0.240164 0.134682 -0.287109 -0.008173 -0.315818 -0.112210 0.013359 -0.283286 0.132133 -0.184609 0.151255 
0.910323 -0.867714 1.622972 -0.104212 -0.284881 0.082741 -0.233473 0.016256 -0.343857 -0.070696 0.019192 -0.254184 0.153822 -0.217575 0.200516 
0.900447 -0.810258 1.591155 0.000175 -0.309247 0.006580 -0.179933 0.037101 -0.358970 -0.080148 0.022658 -0.217279 0.144076 -0.248650 0.225781 
0.805734 -0.727776 1.420491 0.059607 -0.258743 -0.024674 -0.148593 0.058358 -0.354993 -0.117863 0.026439 -0.211116 0.123081 -0.290191 0.208244 
0.883067 -0.677631 1.150628 0.083973 -0.175926 -0.162266 -0.060752 0.044886 -0.304793 -0.107346 0.030566 -0.174129 0.188236 -0.324582 0.193610 
0.697178 -0.556509 1.056603 0.146483 -0.145027 -0.154156 -0.070037 0.078896 -0.183831 -0.118926 -0.013567 -0.062952 0.172933 -0.324568 0.188361 
0.533109 -0.357489 0.910251 0.253116 -0.120484 -0.114984 -0.001933 0.129703 0.030858 -0.133646 0.043226 0.002741 0.224213 -0.313906 0.160758 
0.573860 -0.447755 0.646344 0.288146 0.042690 -0.097440 0.036544 0.095203 0.015465 -0.036691 -0.075548 0.019485 0.234359 -0.311460 0.131708 
0.330094 -0.360319 0.730830 0.246672 -0.072533 -0.011782 -0.075339 0.162260 0.096833 -0.045157 -0.061127 0.053040 0.196380 -0.199423 0.061944 
0.351564 -0.280285 0.734996 0.263268 -0.009881 -0.138853 -0.095926 0.153337 0.128207 -0.117279 -0.078353 0.105858 0.175657 -0.220667 0.098394 
0.496131 -0.436652 0.639492 0.164094 0.006951 -0.066156 -0.174518 0.139132 0.151312 -0.147388 -0.041943 -0.004760 0.225403 -0.198510 0.033395 
0.603266 -0.471634 0.713629 0.184738 0.069020 -0.129242 -0.190463 0.016333 0.142281 -0.171854 -0.079919 -0.044371 0.195511 -0.157591 0.019973 
0.789928 -0.601856 0.730934 0.220467 -0.006569 -0.137773 -0.184808 0.008409 0.050168 -0.073753 -0.153065 -0.045117 0.233399 -0.178646 -0.003922 
0.972656 -0.686598 0.890977 0.138802 0.025296 -0.176488 -0.323436 0.059865 -0.068203 -0.076729 -0.210976 -0.123350 0.364573 -0.272100 -0.002180 
1.119497 -0.762410 0.918130 0.088554 0.033789 -0.186223 -0.324741 0.030593 -0.079764 -0.101793 -0.220014 -0.100244 0.314781 -0.230210 -0.033185 
1.346676 -0.900231 1.011918 0.030187 -0.037864 -0.171493 -0.413297 0.064421 -0.108056 -0.082145 -0.150935 -0.134158 0.392523 -0.254790 0.042016 
1.353981 -0.966739 1.076491 -0.015506 -0.016744 -0.219923 -0.382969 0.046181 -0.105746 -0.074243 -0.160891 -0.109993 0.379481 -0.241974 0.052036 
1.373159 -0.955655 1.049480 -0.027520 -0.046293 -0.254160 -0.337404 0.020928 -0.080909 -0.068019 -0.169850 -0.051855 0.355232 -0.219819 0.019537 
1.376319 -0.989168 1.031438 -0.087912 -0.029741 -0.248642 -0.339290 -0.005539 -0.056852 -0.115507 -0.124358 -0.091141 0.373630 -0.225740 0.026814 
1.358807 -0.954900 1.006880 -0.091807 -0.041304 -0.254082 -0.309368 0.001082 -0.057027 -0.116548 -0.106870 -0.081478 0.354728 -0.218134 0.018380 
1.435297 -1.045218 1.039865 -0.165168 -0.007254 -0.251317 -0.322912 0.033799 -0.091563 -0.072054 -0.084438 -0.132131 0.388766 -0.210016 0.000227 
1.489906 -1.077304 0.975483 -0.126474 -0.015208 -0.173059 -0.361608 0.137116 -0.161104 0.033454 -0.053618 -0.209604 0.395537 -0.158234 -0.089551 
1.543849 -1.082967 0.978312 -0.161556 0.040426 -0.155762 -0.359112 0.098906 -0.138956 0.006243 0.000002 -0.298865 0.415710 -0.135872 -0.090395 
1.609475 -1.032723 0.917274 -0.063848 0.013176 -0.015619 -0.457126 0.043608 -0.127227 0.080965 0.032146 -0.418066 0.423925 -0.071454 -0.072107 
1.656854 -0.992004 0.883630 -0.014384 -0.096114 0.107488 -0.465463 -0.033838 -0.133707 0.106118 0.061912 -0.416108 0.378808 -0.058189 -0.029735 
1.493097 -0.805948 0.732516 0.115606 -0.230590 0.245866 -0.278931 -0.237580 -0.147771 0.054057 0.067547 -0.368715 0.243548 -0.066826 -0.041923 
1.159410 -0.615778 0.934058 0.331577 -0.326745 0.334885 -0.190092 -0.367936 -0.137775 0.066289 -0.183240 -0.343332 0.159232 -0.147191 -0.047476 
1.141335 -0.710605 0.972865 0.363928 -0.338693 0.311203 -0.182619 -0.373107 -0.118014 0.003004 -0.167197 -0.370098 0.179909 -0.199093 -0.001318 
1.209119 -0.701404 1.014872 0.352603 -0.333009 0.307329 -0.190477 -0.379608 -0.076153 0.005107 -0.193644 -0.314744 0.125030 -0.137297 -0.009013 
1.195328 -0.717529 1.031584 0.324195 -0.320867 0.277904 -0.149736 -0.432380 -0.033184 -0.045634 -0.133979 -0.350077 0.123552 -0.097739 -0.050014 
1.228736 -0.743438 1.055501 0.295037 -0.297525 0.330615 -0.206336 -0.395337 -0.062095 -0.024530 -0.132587 -0.370773 0.131573 -0.124974 -0.016529 
1.131572 -0.696904 0.987547 0.316591 -0.249066 0.250214 -0.105515 -0.448849 -0.042905 -0.047970 -0.116108 -0.375930 0.123015 -0.138037 -0.016600 
1.223367 -0.765917 1.037579 0.308898 -0.327356 0.383833 -0.240183 -0.348729 -0.128204 0.008667 -0.144844 -0.352015 0.105961 -0.134510 0.001921 
1.569684 -0.794925 0.820306 0.093366 -0.132637 0.124846 -0.258220 -0.288712 -0.171884 0.087027 0.021238 -0.371634 0.209782 -0.037013 0.005891 
1.667193 -0.921777 0.807951 -0.022252 -0.020397 -0.001637 -0.360747 -0.051790 -0.163832 0.111229 0.030052 -0.394146 0.360088 -0.063725 -0.038286 
1.630349 -1.005380 0.856311 0.006135 -0.061220 -0.015445 -0.447760 0.044847 -0.174557 0.141353 0.039751 -0.411040 0.408529 -0.040663 -0.070992 
1.533379 -0.992183 0.856515 0.019439 -0.118099 -0.018907 -0.431528 0.106646 -0.239807 0.140696 0.042899 -0.366250 0.381269 -0.050178 -0.081698 
1.636598 -1.077078 0.930381 0.023603 -0.169661 -0.016246 -0.462478 0.158632 -0.255177 0.136332 0.101870 -0.384288 0.419121 -0.071017 -0.077072 
1.532887 -1.018148 0.886314 0.002554 -0.137471 -0.050281 -0.421362 0.127211 -0.238484 0.086710 0.056433 -0.350657 0.391260 -0.063443 -0.115273 
1.599878 -1.068836 0.935468 0.009956 -0.142665 -0.059783 -0.418073 0.134374 -0.237677 0.062907 0.097590 -0.378731 0.411055 -0.080832 -0.088891 
1.593503 -1.032547 0.891925 0.014875 -0.145683 -0.035132 -0.425343 0.125213 -0.233426 0.047116 0.073370 -0.359554 0.397471 -0.088979 -0.087167 
1.591044 -1.028511 0.924020 0.004654 -0.133584 -0.044308 -0.412771 0.113442 -0.225268 0.047327 0.076221 -0.368652 0.401967 -0.088446 -0.090372 
1.569801 -0.999930 0.889317 0.015321 -0.120081 -0.069434 -0.430442 0.123784 -0.208545 0.053240 0.061041 -0.363856 0.416229 -0.079005 -0.092094 
1.575641 -0.996748 0.888137 0.011423 -0.127451 -0.032436 -0.457976 0.134913 -0.236677 0.054319 0.066388 -0.376766 0.401354 -0.062165 -0.116139 
1.614326 -0.961923 0.874274 0.017578 -0.122643 -0.029507 -0.469534 0.120957 -0.218512 0.038782 0.080524 -0.398583 0.411626 -0.054161 -0.101754 
1.547034 -0.899275 0.818076 -0.022795 -0.077561 -0.066689 -0.413408 0.046648 -0.157424 -0.031223 0.081412 -0.396830 0.387561 -0.034435 -0.112398 
1.605404 -0.882585 0.800686 -0.017023 -0.080403 -0.079776 -0.419440 0.072732 -0.175777 -0.009037 0.074658 -0.390592 0.378878 -0.004988 -0.146186 
1.614020 -0.801135 0.742709 0.050487 -0.125096 -0.028965 -0.460251 0.094470 -0.206164 0.042234 0.064498 -0.397681 0.379786 -0.003686 -0.121417 
1.543625 -0.762258 0.762714 -0.015058 -0.078423 -0.069819 -0.367264 0.025496 -0.178929 -0.004943 0.089308 -0.394296 0.362453 -0.029374 -0.093976 
1.440998 -0.809813 0.802739 0.032690 -0.111299 -0.051481 -0.388256 0.043024 -0.213006 0.015209 0.060261 -0.377012 0.372809 -0.062381 -0.069532 
1.410759 -0.693279 0.763468 -0.016511 -0.070900 -0.060264 -0.353876 0.036176 -0.212201 0.003360 0.064905 -0.401671 0.386618 -0.079689 -0.099486 
1.357042 -0.624039 0.740664 -0.017845 -0.093630 -0.076036 -0.377367 0.009117 -0.169736 0.002816 0.049601 -0.369783 0.391807 -0.065092 -0.106959 
1.384980 -0.363580 0.654694 -0.066425 -0.062584 -0.147859 -0.398434 -0.047337 -0.090980 0.020502 0.133038 -0.427433 0.471503 -0.033072 -0.083101 
1.012900 -0.290913 0.616048 0.031266 -0.075716 -0.147779 -0.401996 -0.064900 -0.102617 0.047559 0.112024 -0.419976 0.438919 0.018837 -0.095181 
0.823869 -0.047325 0.691599 0.199449 -0.021434 -0.068160 -0.398930 -0.037318 -0.200891 0.076708 -0.027112 -0.437324 0.378453 -0.002485 -0.106347 
0.220189 -0.159216 0.327007 0.372957 -0.033616 -0.243781 -0.243014 -0.085334 -0.153973 0.024227 -0.071389 -0.267008 0.218560 0.044188 -0.069702 
0.187716 0.048046 0.371915 0.163072 -0.182743 -0.274493 -0.216911 -0.176976 -0.135979 0.049448 -0.010743 -0.221167 0.330705 0.025254 -0.103271 
