city011_081
HYUUGA
69
0.059884 0.261046 0.509480 0.114536 -0.149365 -0.009629 -0.081162 -0.017562 0.062322 -0.095110 0.042414 -0.062156 0.165602 -0.195020 0.129987 
0.229163 0.324358 0.873844 0.052791 -0.176054 0.112829 -0.151717 -0.018148 0.096096 -0.135702 0.079082 -0.024531 0.112084 -0.136346 0.150740 
0.112812 -0.015384 0.628480 -0.149875 -0.229804 0.186042 -0.038983 0.026782 0.111449 -0.072742 0.038496 0.008595 0.039938 -0.133384 0.153341 
0.500982 0.044635 0.961854 -0.271481 -0.119059 0.330500 -0.086727 -0.098112 0.058172 -0.081636 0.065566 -0.112848 0.063825 -0.030060 0.022764 
0.489099 -0.080288 0.962618 -0.180534 0.029367 0.284881 -0.189242 -0.148107 0.093092 -0.077946 -0.007881 -0.112443 0.090726 -0.121351 0.073684 
0.322711 -0.282902 1.149904 -0.261985 -0.083382 0.230277 -0.319051 -0.237619 0.091804 -0.194149 -0.081823 -0.065710 0.066337 -0.155089 0.147370 
0.552046 -0.341682 1.106830 -0.082797 -0.166489 0.314479 -0.105404 -0.141654 0.067715 -0.126933 0.045562 -0.142898 0.107659 -0.149015 0.083895 
0.285473 -0.416384 1.040004 -0.220002 -0.192665 0.206356 0.039177 -0.012052 0.110597 -0.032613 0.102611 -0.065624 0.045203 -0.006987 0.038352 
0.535433 -0.246640 1.207965 -0.152729 -0.309335 0.050991 -0.034442 -0.141746 0.063408 -0.055016 0.050538 0.010312 0.059517 -0.086546 0.150199 
0.706493 -0.179786 1.099438 0.077950 -0.179051 0.164932 0.026957 -0.080205 -0.013423 0.003409 -0.032550 -0.047391 0.079412 -0.112831 0.089114 
0.552744 0.021941 1.108298 0.178210 -0.145719 0.275548 0.088971 -0.106297 0.106502 -0.024995 0.028776 -0.050148 0.051608 -0.047612 0.036287 
0.910654 -0.824537 1.542828 0.144926 -0.466563 0.241872 -0.196651 0.070940 -0.275599 -0.141724 0.175878 -0.326754 0.079504 -0.046210 -0.024122 
0.908897 -0.956831 1.522041 -0.003644 -0.433180 0.046154 -0.120852 -0.161414 -0.219859 -0.250803 0.209859 -0.360549 0.092830 0.024418 -0.035438 
0.881821 -1.048546 1.429791 0.002734 -0.281058 -0.094050 -0.065490 -0.203679 -0.238008 -0.229117 0.166447 -0.337104 0.059659 0.052537 -0.045350 
0.843648 -1.030641 1.352982 0.034871 -0.228624 -0.212769 -0.027153 -0.190300 -0.214844 -0.210465 0.135661 -0.256285 0.036811 0.072978 -0.043998 
0.945317 -1.098166 1.331782 -0.038724 -0.109659 -0.333578 0.058237 -0.209622 -0.230537 -0.177840 0.117015 -0.200427 -0.012966 0.088416 -0.037786 
0.883175 -1.064769 1.159541 0.073872 -0.086376 -0.288323 -0.003920 -0.196209 -0.299383 -0.120741 0.072895 -0.220022 -0.023410 0.061314 -0.002792 
1.056899 -1.095920 1.152139 0.001188 -0.001077 -0.331717 0.029909 -0.206770 -0.303238 -0.127032 0.088716 -0.234441 -0.008443 0.052303 -0.015411 
1.104266 -1.061082 1.084204 0.043794 -0.028830 -0.304736 -0.030340 -0.147451 -0.308445 -0.143449 0.079812 -0.217581 0.011479 0.032145 -0.010128 
1.133215 -1.061310 1.055014 0.107682 -0.013841 -0.352669 -0.054384 -0.091928 -0.300078 -0.155405 0.052125 -0.200773 0.035166 0.014546 -0.018631 
1.154050 -1.073489 1.088299 0.108245 0.003467 -0.365323 -0.075295 -0.073288 -0.272759 -0.164237 -0.004463 -0.162687 0.051867 -0.010517 -0.024187 
1.135833 -1.104015 1.165630 0.131000 0.020460 -0.389276 -0.122873 -0.060785 -0.212986 -0.210731 -0.042623 -0.160087 0.091141 -0.024809 -0.065964 
1.108305 -1.089115 1.218087 0.159734 0.010540 -0.355251 -0.195862 -0.022332 -0.200932 -0.243242 -0.065232 -0.179557 0.114260 -0.035888 -0.098104 
1.134782 -0.986826 1.174576 0.160318 0.011796 -0.317853 -0.248167 0.001003 -0.207028 -0.239101 -0.052658 -0.241039 0.169423 -0.050905 -0.099550 
1.216389 -0.940763 1.113807 0.182295 0.013600 -0.280298 -0.276205 0.000995 -0.208255 -0.192612 -0.067418 -0.277586 0.188829 -0.034791 -0.107716 
1.309440 -0.952770 1.149864 0.138590 0.001432 -0.201048 -0.357791 0.030391 -0.193551 -0.168183 -0.043283 -0.318453 0.216986 -0.004036 -0.113995 
1.437740 -0.993929 1.174986 0.117702 -0.023299 -0.108199 -0.453188 0.060920 -0.172829 -0.198876 0.010680 -0.382238 0.241193 0.024305 -0.144423 
1.482990 -0.957345 1.011701 0.129756 0.030291 -0.119203 -0.448548 0.061537 -0.153020 -0.202203 0.028666 -0.411352 0.269176 0.001936 -0.144307 
1.632312 -1.024027 1.000221 0.099429 0.048294 -0.064138 -0.502899 0.094045 -0.182116 -0.159507 0.050857 -0.483667 0.300533 0.034098 -0.188773 
1.558139 -0.879830 0.902273 0.136043 -0.010876 0.016153 -0.517032 0.077358 -0.193681 -0.116965 0.060097 -0.477744 0.256508 0.070685 -0.184799 
1.683990 -0.863884 0.850794 0.123796 -0.057968 0.082297 -0.528123 0.053679 -0.162798 -0.162322 0.076697 -0.481859 0.261177 0.056039 -0.179927 
1.524400 -0.835614 0.864494 0.105305 -0.039238 0.015424 -0.495858 0.053515 -0.196292 -0.162054 0.133397 -0.516141 0.269119 0.081336 -0.171669 
1.667775 -0.851847 0.867514 0.019614 -0.027482 0.020378 -0.462758 -0.002356 -0.175094 -0.155897 0.175198 -0.503505 0.239332 0.102309 -0.114995 
1.577609 -0.825977 0.809717 0.065476 -0.045349 0.039634 -0.497519 0.020155 -0.239517 -0.084964 0.124994 -0.484639 0.253908 0.062500 -0.093246 
1.570082 -0.843812 0.855070 0.055675 -0.056801 0.026496 -0.491437 0.037392 -0.265630 -0.071035 0.134979 -0.473805 0.254702 0.055560 -0.072692 
1.550307 -0.821126 0.781815 0.051525 -0.039385 0.023298 -0.473201 0.013874 -0.227765 -0.092616 0.130029 -0.481230 0.274598 0.049862 -0.112150 
1.572338 -0.827311 0.747572 0.069954 -0.065261 0.031413 -0.478658 0.047393 -0.254064 -0.103828 0.136987 -0.455370 0.253101 0.051657 -0.095184 
1.525693 -0.794735 0.743708 0.052951 -0.069571 0.044278 -0.457647 0.062098 -0.288634 -0.096209 0.146576 -0.456308 0.264772 0.014770 -0.091455 
1.407005 -0.588273 0.747666 -0.044723 -0.062332 0.016511 -0.348036 0.058897 -0.365486 -0.088105 0.161019 -0.487419 0.309213 -0.058501 -0.081280 
1.431931 -0.711301 0.629795 0.005574 -0.106638 0.135663 -0.233217 -0.015128 -0.506682 -0.082929 0.147478 -0.393273 0.216089 -0.080006 -0.102691 
1.409366 -0.631108 0.597331 -0.020007 -0.017792 0.129426 -0.124085 -0.220951 -0.452585 -0.014991 0.153665 -0.419552 0.220076 -0.152438 -0.035508 
1.423173 -0.477472 0.482272 0.035396 -0.002919 0.162086 -0.231541 -0.148711 -0.435776 0.053038 0.144978 -0.450909 0.213349 -0.120870 -0.009302 
1.356009 -0.423276 0.449967 0.061612 0.067527 0.125670 -0.217597 -0.252534 -0.333700 0.040005 0.150932 -0.483767 0.206615 -0.144024 0.039588 
1.261333 -0.312441 0.397188 0.120433 0.070298 0.123540 -0.306661 -0.191687 -0.346451 0.118787 0.083691 -0.421090 0.137840 -0.082706 0.059346 
1.283850 -0.237484 0.389837 0.038208 0.130008 0.070109 -0.365319 -0.242103 -0.197131 0.099128 0.104640 -0.371106 0.138245 -0.047304 0.124724 
1.332575 -0.513170 0.515510 -0.046765 0.098436 0.011324 -0.518915 -0.082474 -0.192905 0.035791 0.152478 -0.385919 0.202232 -0.002218 0.148040 
1.344714 -0.739197 0.521323 -0.144581 0.091852 -0.144622 -0.490126 0.004083 -0.218010 0.083690 0.216209 -0.429568 0.299024 0.079125 0.030426 
1.440741 -1.032777 0.484764 -0.219276 0.004622 -0.234461 -0.494464 0.076291 -0.218126 0.204056 0.265083 -0.402781 0.385794 0.069804 0.038702 
1.526646 -1.107973 0.325968 -0.172630 -0.054970 -0.258082 -0.396223 0.019617 -0.144415 0.262042 0.261267 -0.346467 0.317902 0.059188 0.059461 
1.416010 -1.140298 0.297878 -0.259731 -0.149644 -0.172377 -0.389902 0.131343 -0.020658 0.253414 0.322790 -0.334765 0.138698 0.086011 0.006075 
1.347593 -1.233875 0.198161 -0.418904 -0.021877 -0.198140 -0.276329 0.092725 0.004843 0.213616 0.368076 -0.381257 0.136480 0.024183 -0.001474 
1.354928 -1.233244 0.137841 -0.495429 -0.047819 -0.089591 -0.232523 0.135406 -0.028530 0.322865 0.284612 -0.417597 0.059270 0.026772 -0.040264 
1.319895 -1.185393 0.046954 -0.523078 -0.066319 -0.029628 -0.173847 0.108211 -0.028505 0.307451 0.300477 -0.458765 0.103321 -0.072504 -0.002756 
1.418789 -1.238344 0.010942 -0.566594 -0.049512 0.000502 -0.164521 0.120531 -0.032192 0.331397 0.271368 -0.498336 0.138244 -0.115096 0.001253 
1.403069 -1.191475 -0.030495 -0.572135 -0.038092 0.011130 -0.123104 0.111442 -0.030083 0.346143 0.193755 -0.465098 0.110315 -0.093545 -0.010549 
1.406935 -1.244376 -0.000997 -0.572015 -0.081151 0.074709 -0.171111 0.143669 -0.065789 0.411189 0.196069 -0.513485 0.144287 -0.163517 0.013344 
1.437185 -1.237875 -0.013606 -0.535825 -0.103065 0.120272 -0.161457 0.157661 -0.101272 0.441198 0.131834 -0.493745 0.147000 -0.185395 0.035872 
1.490562 -1.279575 -0.044606 -0.539991 -0.114939 0.131991 -0.157755 0.153868 -0.075709 0.422290 0.139339 -0.510676 0.170264 -0.222864 0.051568 
1.498461 -1.232618 -0.150569 -0.511559 -0.092289 0.068641 -0.099682 0.086620 -0.021017 0.414698 0.120492 -0.481578 0.155851 -0.215932 0.050634 
1.363634 -0.919571 -0.129398 -0.502958 -0.101425 -0.006672 -0.012245 0.019050 0.061666 0.308999 0.118687 -0.460924 0.191528 -0.184711 0.037580 
1.278008 -0.887530 -0.227890 -0.411301 -0.143657 0.108768 -0.070028 0.061228 -0.072823 0.455574 0.040837 -0.389300 0.119220 -0.208035 0.062625 
1.368228 -0.598453 -0.367450 -0.172513 -0.157552 0.043685 0.097082 -0.072674 0.066474 0.259093 0.074488 -0.379421 0.163586 -0.184387 0.069422 
1.210818 -0.913463 -0.389186 -0.441055 -0.063406 0.046935 0.023754 -0.033489 0.027725 0.409347 0.060358 -0.463179 0.154603 -0.232115 0.095240 
1.255471 -0.732344 -0.513176 -0.384129 -0.044679 0.034645 0.039665 -0.051591 0.026807 0.375503 0.033705 -0.435265 0.200065 -0.241518 0.130720 
1.039652 -0.709331 -0.286246 -0.218659 -0.056738 0.119452 0.040806 -0.044979 -0.038976 0.340111 -0.087840 -0.324259 0.232161 -0.178365 0.119622 
0.533593 -0.932737 -0.303536 -0.202604 -0.096953 0.076832 0.081735 -0.056670 0.034484 0.260160 -0.061112 -0.313110 0.151344 -0.086590 0.100399 
0.630787 -0.385773 -0.292752 -0.178064 -0.060178 0.210773 0.043978 -0.047721 0.068073 0.296569 -0.053736 -0.419020 0.204799 -0.097479 0.109154 
1.051552 0.075279 -0.357888 -0.059499 -0.154806 0.010021 0.004968 0.030736 0.023633 0.203570 0.086668 -0.338229 0.203036 -0.111458 -0.005617 
0.186769 -0.121329 -0.381719 -0.130769 -0.062277 -0.017800 -0.025934 -0.006004 0.075188 0.178929 0.055333 -0.316953 0.147890 -0.044196 0.018060 
