city011_010
KOGANEI
69
0.051070 0.269729 0.157158 0.173281 -0.010522 0.123041 -0.083108 -0.259016 -0.218752 0.014059 0.003093 -0.107231 -0.062948 -0.018750 -0.012793 
0.604013 -0.444752 -0.446350 -0.302490 0.297585 0.104721 -0.031968 -0.011574 -0.086138 0.049233 -0.144823 0.172028 0.024165 -0.078545 0.033056 
1.221450 -0.573248 -0.357060 -0.535640 0.257238 0.077942 0.032944 0.010933 -0.259617 0.131516 -0.042808 0.166606 0.033620 -0.162618 0.014258 
1.626044 -0.346890 -0.021556 -0.015424 0.314898 0.084315 -0.236280 0.074157 -0.043082 -0.107360 0.028449 0.043056 0.036585 -0.119593 0.020639 
1.830606 -0.249054 0.258600 0.014974 0.253924 0.210890 -0.143770 -0.044600 -0.283921 -0.095362 -0.018450 -0.060236 -0.034277 -0.134403 -0.051970 
1.923132 0.230125 0.142548 -0.360647 0.010582 0.138753 -0.078522 0.019516 -0.375920 -0.153135 -0.138691 -0.043986 0.097618 0.006104 0.000517 
1.629180 -0.579537 0.272466 -0.626860 0.072443 -0.076552 -0.266098 0.050299 -0.226981 -0.184733 -0.187197 -0.008187 0.368095 0.090149 -0.023995 
1.660827 -0.638740 0.336672 -0.661722 0.052507 -0.123586 -0.258939 0.080313 -0.204169 -0.085341 -0.166114 -0.025480 0.319656 0.103670 -0.056976 
1.663615 -0.661038 0.297191 -0.745231 0.060286 -0.112475 -0.236489 0.092953 -0.209981 -0.081007 -0.130189 -0.051807 0.371640 0.108048 -0.046925 
1.715296 -0.544055 0.330444 -0.687096 0.018185 -0.100385 -0.155344 0.110992 -0.226230 -0.071394 -0.108654 -0.208941 0.323395 0.107259 -0.072093 
1.755378 -0.515172 0.386681 -0.651107 0.065002 -0.141892 -0.134565 0.166285 -0.212956 -0.073964 -0.238894 -0.200542 0.275720 0.061584 -0.027871 
1.777027 -0.371061 0.509785 -0.642315 -0.149056 -0.000423 0.004863 0.114194 -0.284123 -0.083605 -0.294273 -0.153054 0.176350 0.010620 0.143837 
1.736444 0.074980 0.386141 -0.607994 -0.190184 0.013984 0.101462 0.133048 -0.410664 -0.015857 -0.285212 -0.316410 0.193563 0.030809 0.103305 
1.731828 0.307435 0.164827 -0.483432 -0.229961 -0.005582 0.182440 0.044519 -0.374056 -0.042774 -0.196533 -0.255396 0.192257 0.071135 0.089879 
1.527438 0.284681 0.112180 -0.425532 -0.268309 0.034301 0.146446 0.091015 -0.338451 -0.148334 -0.089795 -0.265597 0.176602 0.100873 0.116298 
1.463231 0.127249 0.060469 -0.365205 -0.122390 0.097570 0.133945 -0.098876 -0.434712 -0.061401 -0.021335 -0.090819 0.212172 0.065887 -0.028290 
1.472683 -0.341545 0.258898 -0.398709 0.063447 0.051125 -0.065856 -0.186355 -0.495758 0.089751 0.028673 -0.079358 0.184852 -0.051425 -0.045262 
1.647170 -0.739812 0.383195 -0.476306 0.104308 -0.029668 -0.228988 -0.126779 -0.547328 0.201949 0.038625 -0.076602 0.230009 -0.046161 0.017570 
1.610320 -1.037070 0.396675 -0.398170 0.010871 -0.127565 -0.278497 -0.177909 -0.322892 0.178509 0.072952 -0.010810 0.240046 -0.000679 0.009986 
1.432577 -1.019546 0.418551 -0.641498 0.039420 -0.049115 -0.273734 -0.226026 -0.187156 0.352594 0.252448 -0.119549 0.112791 0.022780 -0.049056 
1.242657 -1.135802 0.384310 -0.728801 0.056141 -0.205528 -0.173551 -0.142081 -0.087710 0.373302 0.270179 -0.119425 0.078397 0.027544 -0.124131 
1.257578 -1.071762 0.360852 -0.730361 0.050928 -0.261172 -0.174832 0.053583 -0.042401 0.333326 0.210693 -0.131551 -0.001428 0.032315 -0.072043 
1.343899 -1.207411 0.329777 -0.727932 0.056121 -0.173199 -0.165838 0.035027 0.023360 0.286863 0.252024 -0.235834 -0.044021 0.078889 -0.109753 
1.276188 -1.279335 0.278256 -0.683047 0.033969 -0.123713 -0.188053 0.061127 0.030377 0.310320 0.215736 -0.272349 -0.029692 0.062037 -0.100963 
1.282705 -1.298569 0.290131 -0.650450 0.040851 -0.100732 -0.192188 0.034914 0.073470 0.301789 0.195479 -0.310536 -0.031415 0.099301 -0.099286 
1.263289 -1.293635 0.308811 -0.657111 0.098172 -0.151526 -0.170950 0.035934 0.088907 0.314465 0.167405 -0.362479 0.009849 0.107113 -0.107898 
1.241685 -1.183689 0.252663 -0.602472 0.111101 -0.170154 -0.205824 0.089529 0.047992 0.362224 0.090729 -0.380195 0.084410 0.092860 -0.105380 
1.264595 -1.168079 0.305990 -0.611925 0.123916 -0.194881 -0.190653 0.060882 0.109541 0.346435 0.036731 -0.353516 0.089393 0.099802 -0.124511 
1.252996 -1.173584 0.326542 -0.558495 0.091268 -0.237803 -0.202211 0.066859 0.152400 0.292885 0.003432 -0.310576 0.160198 0.066453 -0.178796 
1.243154 -1.172440 0.314952 -0.518419 0.062126 -0.289997 -0.210846 0.099082 0.145655 0.251503 -0.073146 -0.196095 0.233331 -0.004578 -0.207492 
1.273432 -1.133437 0.384881 -0.428073 0.012299 -0.339756 -0.221120 0.132394 0.134092 0.195903 -0.092360 -0.127922 0.261298 -0.019653 -0.243949 
1.363883 -1.156229 0.483281 -0.369701 -0.010064 -0.298966 -0.320685 0.158820 0.147943 0.157210 -0.152344 0.005167 0.258159 -0.132125 -0.081351 
1.586664 -1.255933 0.632287 -0.238187 -0.037855 -0.223647 -0.372634 0.184253 0.066833 0.170878 -0.219332 0.069350 0.248741 -0.198651 0.056162 
1.506774 -1.034027 0.581134 0.017233 0.083140 -0.152305 -0.380495 0.097951 -0.037201 0.145035 -0.293541 0.019424 0.231023 -0.120720 0.022900 
1.217949 -0.687757 1.004577 0.348131 -0.202938 0.056838 -0.273476 -0.227324 0.028283 0.021186 -0.353008 -0.115031 0.190223 -0.089127 -0.109396 
1.262318 -0.619580 1.025499 0.398193 -0.314133 0.130591 -0.262023 -0.319126 0.044169 -0.007349 -0.336545 -0.173985 0.227555 -0.127263 -0.104386 
1.240688 -0.576961 0.984531 0.410849 -0.323768 0.127711 -0.219595 -0.367632 0.049225 -0.017382 -0.306237 -0.190876 0.204256 -0.106423 -0.099451 
1.324399 -0.632637 0.927133 0.407308 -0.328123 0.184299 -0.226540 -0.395259 0.019104 0.016250 -0.272325 -0.260397 0.203759 -0.095073 -0.095988 
1.354467 -0.786265 0.817928 0.200253 -0.240310 -0.029599 -0.157765 -0.176887 -0.211368 0.011342 -0.245157 -0.047280 0.127041 -0.163733 0.041166 
1.419303 -1.005140 1.025410 -0.169424 -0.206344 -0.118143 -0.156354 0.115739 -0.316160 0.085125 -0.119621 0.095516 0.048943 -0.183437 0.229165 
1.360841 -1.110535 1.145755 -0.335876 -0.298068 -0.036704 -0.138768 0.157797 -0.288188 0.098998 -0.059328 0.072253 0.040244 -0.183226 0.246048 
1.276472 -1.116412 1.148689 -0.405735 -0.316756 0.022996 -0.181918 0.174426 -0.278567 0.099502 0.030643 0.001563 0.060157 -0.149595 0.229541 
1.236127 -1.155062 1.139718 -0.456283 -0.301688 0.012501 -0.154880 0.144768 -0.324818 0.093750 0.017811 0.010504 0.077953 -0.158732 0.237503 
1.101394 -1.129349 1.084574 -0.449936 -0.272692 0.002993 -0.151782 0.106381 -0.307060 0.075676 0.036950 0.015670 0.074614 -0.135033 0.200962 
1.078123 -1.158129 1.079515 -0.468021 -0.275467 0.021959 -0.155050 0.066721 -0.318233 0.067328 0.040452 0.026343 0.080071 -0.123388 0.187361 
1.008686 -1.113529 1.019605 -0.418640 -0.275775 0.017822 -0.155817 0.022717 -0.261296 0.085813 0.051861 0.000418 0.087708 -0.096316 0.147864 
1.060122 -1.154037 1.121152 -0.505508 -0.281821 0.032356 -0.155065 -0.003975 -0.327401 0.109205 0.028514 0.002223 0.117708 -0.107952 0.188869 
0.934167 -1.007576 1.088671 -0.461160 -0.293430 0.045233 -0.169508 -0.012755 -0.282767 0.069043 0.064702 -0.024259 0.088425 -0.058081 0.148889 
0.992122 -1.055613 1.191856 -0.528009 -0.270121 0.066014 -0.198358 0.006210 -0.314207 0.063068 0.043445 -0.014848 0.086671 -0.078069 0.192242 
1.083287 -1.124581 1.356796 -0.564888 -0.307654 0.115509 -0.272043 0.068210 -0.370183 0.085328 0.011745 -0.031432 0.109892 -0.104585 0.217466 
1.074614 -1.059845 1.456841 -0.549612 -0.327982 0.125383 -0.326501 0.106065 -0.365350 0.084167 0.032694 -0.070021 0.108169 -0.080120 0.202056 
1.001088 -0.900146 1.537899 -0.565827 -0.338487 0.131603 -0.361725 0.133255 -0.353191 0.088814 0.036152 -0.072643 0.094443 -0.055135 0.182952 
0.937507 -0.800144 1.487584 -0.521720 -0.313420 0.144519 -0.376025 0.112622 -0.380487 0.049134 0.049263 -0.102814 0.063795 -0.007280 0.170762 
0.822005 -0.639342 1.519283 -0.514598 -0.296962 0.145098 -0.381361 0.086043 -0.342019 0.008714 0.056845 -0.114854 0.057531 -0.000696 0.164302 
0.860710 -0.638440 1.556424 -0.518298 -0.234282 0.128008 -0.379738 0.114505 -0.378944 -0.012426 0.055243 -0.136224 0.032610 0.000342 0.164993 
0.903490 -0.586740 1.516167 -0.466386 -0.244986 0.184197 -0.389461 0.111423 -0.391391 -0.027686 0.034437 -0.152000 0.001405 0.020757 0.128950 
0.828300 -0.464841 1.429870 -0.421480 -0.190031 0.181781 -0.350675 0.065736 -0.390471 -0.073308 0.008344 -0.176255 -0.033480 0.018644 0.102663 
0.831899 -0.477823 1.319618 -0.358205 -0.157390 0.207846 -0.274578 -0.005608 -0.388399 -0.115998 -0.003090 -0.208123 -0.054536 -0.000366 0.072706 
0.896268 -0.218093 1.192728 -0.284635 -0.269836 0.209797 -0.240004 -0.025550 -0.324170 -0.158602 0.014431 -0.243136 -0.029647 0.004457 0.043393 
0.795280 -0.155082 1.225616 -0.392643 -0.151477 0.262769 -0.330849 0.048592 -0.345926 -0.154643 -0.004354 -0.224856 -0.049132 0.003230 0.020870 
0.816089 -0.074854 1.182947 -0.304577 -0.221040 0.213086 -0.227130 -0.000766 -0.262916 -0.236022 0.072794 -0.261579 -0.078143 0.035433 -0.002703 
0.805164 0.020921 1.206886 -0.282185 -0.270383 0.214446 -0.223787 0.025148 -0.285261 -0.181647 0.064427 -0.279335 -0.059005 0.021470 0.015893 
0.596334 -0.079604 1.276114 -0.295994 -0.155836 0.198884 -0.310768 0.095736 -0.357471 -0.152192 0.089423 -0.285279 -0.040448 0.027616 0.004042 
0.418123 0.072399 1.205188 -0.294424 -0.074470 0.102412 -0.343950 0.112399 -0.345766 -0.122984 0.053402 -0.219629 -0.018181 0.005728 0.021564 
0.312977 -0.046050 1.264809 -0.252966 -0.148418 0.224343 -0.351795 0.111285 -0.364680 -0.157720 0.100714 -0.301661 -0.025146 0.003741 0.022466 
0.180209 0.088374 1.099131 -0.166334 -0.067820 0.088039 -0.270191 -0.048293 -0.314214 -0.197975 0.042830 -0.287498 -0.069934 0.052916 -0.042435 
0.319235 0.291704 1.028730 -0.016426 -0.131178 0.150897 -0.248122 0.007562 -0.252759 -0.174651 0.051122 -0.251140 -0.076265 0.051699 -0.065220 
0.068212 0.305778 0.629188 0.064034 -0.001553 0.132595 -0.223204 -0.158001 -0.230745 -0.211932 0.015511 -0.236008 -0.142533 0.030861 -0.029486 
-0.315473 -0.029507 0.679587 -0.166559 -0.047932 0.124991 -0.245085 0.013180 -0.124641 -0.013758 0.082617 -0.149158 0.027110 0.079683 -0.069128 
