city011_007
KICHIJOOJI
94
-0.314193 -1.125360 0.469172 -0.503691 -0.094453 0.290225 -0.136391 -0.021228 0.106448 -0.035858 0.015761 -0.001931 -0.055738 0.017004 0.046208 
0.003552 -0.362481 0.282537 -0.579944 -0.254712 0.267521 -0.231564 -0.103550 0.139647 -0.056339 0.158610 0.041203 -0.062933 0.022521 -0.005854 
-0.114594 -0.909226 0.354822 -0.674208 -0.040036 0.197485 -0.114257 0.069737 0.061209 -0.038637 0.020332 0.097528 -0.187441 0.030183 0.122497 
-0.331242 -0.339403 0.542105 -0.780976 0.073997 -0.056006 -0.316492 0.085097 0.068136 0.034771 0.096767 0.028283 -0.038898 0.050812 -0.053499 
-0.248245 -0.489512 0.603847 -0.687620 0.253049 0.039605 -0.340105 0.025857 0.053112 -0.036290 0.110672 -0.053313 0.001279 0.027548 -0.013094 
-0.575457 -0.524077 0.665154 -0.725296 0.193420 0.029806 -0.042394 0.166106 -0.145594 -0.003820 0.055374 -0.006403 -0.049665 0.039030 0.068005 
-0.191265 -0.299464 0.551915 -0.460729 0.386637 -0.047091 -0.355600 0.144430 0.033074 -0.037063 -0.033253 0.035156 -0.023798 0.013778 0.067277 
-0.212457 -0.090201 0.524729 -0.308760 0.242422 0.104323 -0.248319 0.155215 -0.061444 -0.050291 0.058724 -0.009227 -0.026092 -0.029071 0.100474 
-0.338244 0.134323 0.261611 0.215525 0.236570 0.190140 0.031584 0.007130 0.026610 0.081836 0.127145 -0.042337 -0.019331 0.075376 0.011714 
-0.443016 -0.020451 -0.112402 -0.007306 0.181501 0.189726 -0.085526 -0.023013 -0.113580 0.036242 0.134505 -0.035029 -0.075641 0.032004 -0.034404 
-0.395334 0.090554 -0.094388 -0.146416 -0.195671 0.038524 0.024217 0.079428 -0.059113 -0.028156 0.063659 -0.029170 -0.006225 -0.006742 0.011318 
-0.421031 -0.104307 -0.049503 0.037786 0.040796 0.084398 -0.094916 0.058547 -0.096213 0.007491 0.089139 -0.061475 0.008423 -0.005381 -0.019024 
-0.575141 -0.194498 -0.116408 0.128535 -0.004971 0.118767 0.164233 0.077510 -0.167003 -0.051254 0.137938 -0.076807 0.066463 0.042083 -0.097866 
-0.427625 -0.067791 -0.097120 0.010503 -0.012595 -0.051400 -0.070268 0.037966 -0.011509 0.043130 0.008338 -0.056389 0.027293 0.027801 -0.047832 
0.227433 -0.771243 -0.082560 -0.270935 -0.073038 0.012130 -0.158803 0.054882 0.021383 0.104228 0.102670 -0.047256 -0.077361 -0.025145 0.046903 
0.318545 -0.769117 0.178064 -0.320179 -0.063011 -0.154166 -0.341305 0.098802 0.218130 -0.005315 0.065329 0.070725 -0.031725 -0.019513 0.053248 
-0.388685 -0.564181 0.561195 -0.473323 0.163427 0.098896 -0.239075 -0.067511 0.122402 -0.066828 0.047369 0.039843 -0.075060 -0.022495 0.162700 
-0.750161 -0.832714 0.384433 -0.462154 0.183646 0.013011 -0.053985 -0.060092 0.045791 0.016885 0.050737 -0.003398 -0.091738 -0.009698 0.187090 
-0.733308 -0.830409 0.312051 -0.426471 0.379588 0.036165 -0.103755 -0.178740 0.125172 0.029263 0.004518 0.083647 -0.201929 0.044067 0.182325 
-0.452781 -0.636263 0.353960 -0.471922 0.235932 -0.197531 -0.188123 0.025135 0.106869 0.026194 0.002512 0.055706 -0.073488 -0.003828 0.139197 
0.052884 -0.228566 0.902970 -0.352236 0.147651 0.240891 -0.027358 0.006157 0.012522 -0.045863 0.044266 0.041415 -0.045842 -0.027548 0.144396 
0.376927 -0.424771 1.358039 -0.178546 0.040134 0.112840 -0.171362 -0.035807 -0.253310 -0.095145 -0.081868 -0.091754 -0.190853 -0.020903 0.114043 
0.473714 -0.508733 1.491981 -0.219552 -0.070327 0.146404 -0.275608 -0.021415 -0.323084 -0.192562 -0.021256 -0.173648 -0.206347 0.011126 0.114544 
0.781821 -0.533903 1.627694 -0.217918 -0.227754 0.210554 -0.355940 0.045914 -0.376797 -0.161019 -0.005648 -0.211073 -0.126866 -0.001183 0.105827 
0.807896 -0.529987 1.612491 -0.238045 -0.248309 0.247848 -0.379260 0.046431 -0.368497 -0.188455 0.003177 -0.208898 -0.143914 0.008581 0.092976 
0.765135 -0.500342 1.705260 -0.186699 -0.285318 0.231036 -0.394077 0.077898 -0.399529 -0.165443 -0.002864 -0.205395 -0.127630 -0.011063 0.118450 
0.711417 -0.534379 1.708817 -0.179112 -0.257678 0.206280 -0.373987 0.076797 -0.407899 -0.144215 -0.038663 -0.182369 -0.140360 -0.018376 0.115109 
0.618100 -0.528859 1.693809 -0.191757 -0.207762 0.164258 -0.314722 0.027423 -0.379782 -0.135280 -0.076579 -0.165660 -0.137500 -0.050583 0.122716 
0.629351 -0.647651 1.644629 -0.177525 -0.153253 0.163809 -0.342974 0.052171 -0.378922 -0.127627 -0.094363 -0.161675 -0.120292 -0.097254 0.152437 
0.552630 -0.561858 1.626410 -0.156600 -0.167449 0.146253 -0.264244 0.005307 -0.354970 -0.107213 -0.125387 -0.126043 -0.133001 -0.120665 0.175724 
0.547185 -0.606083 1.601204 -0.076328 -0.190111 0.175457 -0.278470 0.042922 -0.344696 -0.112349 -0.107338 -0.136146 -0.118513 -0.137632 0.161424 
0.395141 -0.353867 1.490284 -0.100046 -0.182146 0.122444 -0.149102 -0.035785 -0.323186 -0.048568 -0.139802 -0.089798 -0.124732 -0.117651 0.182600 
0.426724 -0.287151 1.398159 -0.106245 -0.142332 0.033516 -0.081105 -0.009426 -0.334714 0.000220 -0.132962 -0.028802 -0.141602 -0.107973 0.222641 
0.437103 -0.371791 1.105040 -0.020474 -0.102248 0.135898 -0.072671 -0.075353 -0.218321 -0.100565 -0.045926 -0.045334 -0.146022 -0.125221 0.208289 
0.253152 -0.159963 0.938440 0.066840 -0.019195 -0.051376 0.113550 -0.160855 -0.112873 -0.095759 -0.066451 0.017423 -0.157159 -0.102467 0.182846 
0.058102 -0.130430 0.826567 0.000822 0.242186 -0.198411 0.163472 -0.135537 -0.186730 0.008442 -0.099373 0.003232 -0.103403 -0.139703 0.157763 
0.251833 -0.159430 0.718398 0.105638 0.078356 -0.100908 0.113592 -0.137745 -0.115167 -0.078068 -0.079128 0.066637 -0.139281 -0.119345 0.133662 
0.308728 -0.283066 1.014338 -0.059101 -0.027871 -0.198663 0.042435 -0.031825 -0.270662 -0.026727 -0.059688 -0.010131 -0.048235 -0.112940 0.123059 
0.529030 -0.526692 1.232102 -0.141118 -0.124439 -0.175639 -0.100342 -0.034807 -0.205967 -0.159641 -0.047763 0.076410 -0.096121 -0.096326 0.125166 
0.815346 -0.900133 1.289725 -0.188471 -0.056976 -0.096447 -0.240008 0.039348 -0.279589 -0.150139 -0.044952 -0.014331 0.008238 -0.151075 0.100133 
1.265377 -1.133164 1.392570 -0.280717 -0.144088 -0.025051 -0.371629 0.202279 -0.380458 -0.108784 -0.063965 0.001879 0.102042 -0.232833 0.148104 
1.083937 -0.950011 1.315850 -0.310514 -0.150766 -0.254309 -0.368741 0.099741 -0.254224 -0.078726 -0.069899 0.086730 0.188509 -0.124031 0.075909 
1.150981 -1.006293 0.972652 -0.485522 -0.027466 -0.286030 -0.328579 -0.027089 -0.233529 -0.051891 -0.037312 0.130584 0.190033 -0.007938 0.010298 
1.240230 -1.059958 0.615441 -0.446119 0.107520 -0.135952 -0.409718 -0.252439 -0.279130 0.175022 0.062614 0.063615 0.126454 0.020447 0.075117 
1.455925 -1.012503 0.524557 -0.448179 0.026850 -0.124345 -0.316552 -0.192820 -0.305008 0.071689 0.175824 0.096738 0.051420 0.072073 0.039616 
1.435414 -0.901047 0.441790 -0.545113 0.008076 -0.088316 -0.220998 -0.131730 -0.337565 -0.027054 0.097353 0.084547 0.245226 0.045556 -0.123029 
1.618057 -1.022006 0.444217 -0.561607 -0.016201 -0.012902 -0.213616 -0.081905 -0.325831 -0.105893 -0.007068 0.173822 0.323457 -0.036870 -0.075140 
1.720962 -1.012619 0.444645 -0.598663 -0.005881 -0.062882 -0.189038 0.055266 -0.373378 -0.100002 -0.057038 0.158232 0.325317 -0.023324 -0.010774 
1.686589 -0.961759 0.499520 -0.630724 -0.086839 -0.075199 -0.180411 0.155942 -0.373697 -0.141852 -0.068808 0.128272 0.284879 0.054911 0.016018 
1.649953 -0.942070 0.479325 -0.608225 -0.117819 -0.059253 -0.139985 0.139708 -0.369329 -0.184790 -0.021016 0.114081 0.265073 0.089319 -0.011936 
1.652215 -0.863534 0.414989 -0.599019 -0.089062 -0.068955 -0.087901 0.088156 -0.299680 -0.191593 -0.037556 0.109836 0.260760 0.065287 -0.006639 
1.694462 -0.842363 0.359873 -0.610297 -0.039784 -0.093203 -0.099662 0.068066 -0.254687 -0.168520 -0.123138 0.146779 0.279138 0.074434 -0.027216 
1.643072 -0.768476 0.298452 -0.602864 -0.009756 -0.126141 -0.123772 0.074597 -0.249624 -0.142965 -0.132471 0.126124 0.306156 0.068854 -0.036260 
1.678622 -0.793066 0.323551 -0.634482 0.016597 -0.128001 -0.167558 0.104108 -0.242923 -0.157345 -0.134904 0.099353 0.298725 0.110290 -0.051541 
1.617127 -0.732333 0.282019 -0.616787 0.014997 -0.140732 -0.142746 0.074870 -0.211025 -0.171545 -0.103400 0.082104 0.298832 0.110836 -0.078262 
1.657920 -0.773287 0.304755 -0.627267 0.024549 -0.148158 -0.153531 0.094095 -0.213904 -0.185912 -0.104239 0.059813 0.294002 0.138186 -0.078535 
1.640335 -0.709483 0.280713 -0.619525 0.019512 -0.138330 -0.152680 0.092908 -0.221114 -0.157752 -0.136447 0.079668 0.275131 0.127052 -0.056851 
1.662782 -0.714453 0.306296 -0.636732 0.035313 -0.144776 -0.163766 0.090420 -0.225024 -0.141660 -0.162588 0.085289 0.274604 0.121036 -0.043298 
1.643570 -0.733161 0.376192 -0.681158 0.038266 -0.160049 -0.132181 0.087771 -0.282827 -0.153677 -0.165847 0.077366 0.303181 0.116453 -0.008981 
1.605136 -0.745200 0.363879 -0.572970 -0.050191 -0.087581 -0.111690 0.063526 -0.323589 -0.231185 -0.088055 0.141380 0.254704 0.108073 -0.017699 
1.641468 -0.890702 0.463368 -0.539134 -0.029529 -0.095084 -0.127924 0.087562 -0.441628 -0.249661 -0.026515 0.093084 0.291710 0.094625 -0.050755 
1.563928 -0.702197 0.325880 -0.473791 0.040803 0.004606 -0.219850 -0.117056 -0.343149 -0.130290 -0.039413 0.096450 0.224420 0.058108 -0.113089 
1.496010 -0.897930 0.413278 -0.374486 0.161540 -0.007546 -0.361800 -0.132271 -0.426310 -0.102409 0.114855 0.021714 0.182936 -0.063623 -0.092251 
1.306643 -0.799256 0.649995 -0.455691 0.142371 0.021363 -0.440968 -0.182614 -0.323409 0.059705 0.006898 -0.032735 0.128834 -0.032092 0.043541 
1.240996 -0.862920 1.112890 -0.404087 0.066729 -0.112299 -0.435880 0.033651 -0.297132 -0.022119 -0.175595 -0.058275 0.222700 -0.127081 0.020656 
1.064301 -0.680305 1.070815 -0.159155 0.135314 -0.170927 -0.337565 0.105200 -0.239869 0.040895 -0.253967 -0.050968 0.226757 -0.216169 0.044046 
0.901349 -0.392835 0.739470 0.126127 0.157670 -0.201227 -0.096260 0.015768 -0.052263 -0.051657 -0.304201 0.055469 0.151803 -0.220396 -0.054111 
0.728064 -0.332435 0.743523 0.160828 0.098414 -0.255029 0.007855 -0.007406 -0.114102 -0.077121 -0.235630 0.091467 0.064240 -0.214506 -0.013872 
0.335131 -0.306201 0.936235 0.185527 0.097718 -0.280424 0.027523 0.036541 -0.227030 -0.046346 -0.166269 0.007385 0.030177 -0.223893 0.051578 
0.327126 -0.374981 0.877133 0.097706 0.129495 -0.323547 0.118472 0.032511 -0.169314 -0.019842 -0.154637 0.104632 0.034974 -0.247243 0.119985 
0.438847 -0.341563 0.825001 0.041890 0.097269 -0.316803 0.103616 -0.042933 -0.242320 0.019352 -0.178195 0.030352 0.074665 -0.237600 0.085948 
0.522177 -0.600986 1.084449 0.090547 -0.052341 -0.188636 -0.047340 -0.045729 -0.307731 -0.095665 -0.073611 -0.068335 -0.054974 -0.120468 0.057780 
0.517472 -0.648262 1.262506 -0.059543 -0.119511 -0.118895 -0.075449 -0.079493 -0.300604 -0.098225 -0.097599 -0.023804 -0.061837 -0.152854 0.163140 
0.562229 -0.729474 1.389869 -0.115197 -0.124628 -0.075589 -0.128057 -0.032439 -0.347367 -0.065186 -0.110902 -0.033822 -0.067971 -0.143851 0.170269 
0.895325 -0.860326 1.549378 -0.191062 -0.262678 0.106511 -0.237536 0.053635 -0.325166 -0.013527 -0.063695 -0.075239 0.026829 -0.152791 0.178086 
0.800916 -0.894163 1.568264 -0.206151 -0.133356 0.168501 -0.230670 0.029475 -0.321151 -0.079603 -0.043686 -0.129803 -0.052740 -0.142386 0.158387 
0.758421 -0.920661 1.712398 -0.186125 -0.156248 0.208684 -0.333260 0.144532 -0.374377 -0.059527 -0.046438 -0.161291 -0.037450 -0.143389 0.146700 
0.626682 -0.799109 1.715435 -0.211249 -0.160410 0.238248 -0.333503 0.105392 -0.338365 -0.105976 -0.026051 -0.172948 -0.078124 -0.097053 0.115533 
0.700796 -0.803425 1.755371 -0.258052 -0.180824 0.245531 -0.364649 0.154871 -0.368663 -0.096600 0.011165 -0.184846 -0.064804 -0.077198 0.121839 
0.719743 -0.777743 1.693868 -0.299979 -0.151777 0.267114 -0.369984 0.142115 -0.347232 -0.107326 0.032648 -0.195044 -0.064423 -0.059095 0.113067 
0.597076 -0.693819 1.620541 -0.274337 -0.155739 0.254026 -0.366940 0.109470 -0.308396 -0.134870 0.046486 -0.197005 -0.063656 -0.027979 0.073066 
0.778584 -0.836301 1.744943 -0.364275 -0.129735 0.277615 -0.409280 0.160819 -0.371868 -0.101099 0.036169 -0.221109 -0.041991 -0.053035 0.094871 
0.548862 -0.589552 1.614594 -0.311930 -0.136165 0.253614 -0.361471 0.103161 -0.342212 -0.134617 0.060973 -0.244501 -0.064843 -0.000873 0.055696 
0.721522 -0.628799 1.661765 -0.335375 -0.139352 0.280207 -0.406374 0.160387 -0.379338 -0.111267 0.062723 -0.259796 -0.045365 -0.007342 0.054576 
0.573332 -0.531200 1.563791 -0.293117 -0.103812 0.260794 -0.349015 0.102108 -0.334422 -0.141486 0.057221 -0.257004 -0.067097 -0.008212 0.035922 
0.714097 -0.542814 1.592494 -0.231881 -0.163134 0.308829 -0.429524 0.187703 -0.381623 -0.106821 0.042128 -0.255306 -0.054009 -0.011570 0.029506 
0.572133 -0.337580 1.409981 -0.191487 -0.128773 0.264067 -0.281314 0.058717 -0.321636 -0.195995 0.072777 -0.281902 -0.116964 0.006693 -0.001106 
0.619383 -0.262062 1.439543 -0.166172 -0.155292 0.274404 -0.302190 0.088610 -0.335346 -0.189980 0.060212 -0.284730 -0.122975 0.001968 0.001082 
0.567476 -0.176042 1.285732 -0.184664 -0.092206 0.185046 -0.260047 0.129813 -0.399258 -0.158709 0.125746 -0.325927 -0.091687 0.040610 -0.004291 
0.309563 -0.188645 1.344577 -0.138230 -0.146354 0.158010 -0.250120 0.013896 -0.333044 -0.250464 0.157047 -0.374843 -0.087435 0.058678 -0.042906 
-0.110214 -0.015357 1.320048 -0.042470 -0.134986 0.086807 -0.219320 0.013021 -0.363525 -0.226733 0.096866 -0.347665 -0.098343 -0.016522 0.061532 
0.057117 0.229938 1.034363 0.035889 -0.072860 0.037871 -0.112286 -0.011943 -0.296711 -0.140854 0.027672 -0.215338 -0.150705 0.047739 0.007451 
-0.051260 0.144112 0.425416 0.134818 -0.176241 0.174211 -0.121696 -0.231031 -0.188378 -0.144541 0.139660 -0.185046 -0.111180 0.102100 0.005236 
-0.554377 -0.098467 0.102081 -0.034875 -0.200803 0.125719 0.025824 -0.138008 -0.103170 0.032739 0.187885 -0.154947 0.007015 0.080934 -0.035233 
