city011_025
NOGATA
78
-0.559632 -0.109669 -0.072521 -0.013029 0.141515 0.142017 -0.069886 -0.149159 -0.013927 0.087555 0.082511 -0.101350 -0.013196 0.027834 -0.038476 
-0.439085 -0.153164 -0.089247 0.022965 0.004929 0.271549 -0.050337 -0.008325 -0.115181 0.049144 0.052492 -0.014580 -0.004120 0.023184 -0.096254 
0.332926 0.517908 0.404448 0.242961 -0.063793 -0.066807 -0.052946 -0.110178 -0.115249 -0.086615 -0.051152 -0.091159 -0.028257 0.002267 -0.053975 
0.000866 0.224092 0.256431 0.321178 0.256801 0.078314 -0.095102 -0.049119 -0.012240 -0.018524 0.078289 -0.159426 -0.038494 0.043453 -0.053201 
0.069239 0.303325 0.310678 0.236584 0.161816 0.323333 0.106766 -0.164523 -0.051367 0.165239 0.057916 -0.090931 0.029226 -0.008514 -0.079316 
0.155874 0.456521 0.308325 0.218551 0.115369 0.202697 0.019713 -0.061304 0.024992 0.130298 -0.022051 -0.089196 0.119163 -0.024588 -0.083760 
0.171563 0.211686 0.369010 0.355486 -0.052773 0.215874 -0.049178 -0.247295 -0.090140 0.028659 -0.049485 -0.189313 -0.033559 0.018199 -0.125829 
0.675086 -0.111198 0.727043 0.349900 -0.203654 0.275738 -0.089493 -0.278571 -0.122806 0.008090 -0.144224 -0.237453 0.005448 -0.051435 -0.140389 
0.866963 -0.292744 0.779755 0.174183 -0.157825 0.290823 -0.126236 -0.390005 -0.126522 0.115303 -0.206392 -0.195587 0.032543 -0.072770 -0.089438 
1.359781 -0.619859 0.453311 -0.276957 0.075791 0.170003 -0.086303 -0.139026 -0.373991 0.187977 -0.042991 -0.123546 0.184420 -0.125788 -0.104427 
1.665539 -0.717183 0.344154 -0.460976 -0.060587 0.151387 -0.160106 -0.087422 -0.372987 0.174927 0.026409 -0.132441 0.281666 -0.074444 -0.102431 
1.716039 -0.631235 0.380842 -0.563859 -0.153821 0.216883 -0.190375 -0.033894 -0.351259 0.051448 0.047754 -0.154667 0.321995 -0.004718 -0.125838 
1.605041 -0.731543 0.377301 -0.537918 -0.203003 0.237070 -0.130305 -0.041462 -0.271543 -0.056346 -0.020297 -0.073387 0.317753 0.025780 -0.118909 
1.686991 -0.880881 0.473456 -0.577357 -0.234217 0.192174 -0.140057 0.114542 -0.220772 -0.056886 -0.088342 -0.082454 0.301925 0.022553 -0.072299 
1.697376 -0.883227 0.401319 -0.604291 -0.188186 0.204909 -0.173759 0.174596 -0.150317 -0.062817 -0.113682 -0.136023 0.330497 0.014729 -0.074859 
1.807969 -0.944105 0.494053 -0.622268 -0.205383 0.217051 -0.209474 0.268267 -0.184215 0.093210 -0.114372 -0.213929 0.306052 -0.055631 -0.073839 
1.752187 -0.828420 0.477831 -0.664166 -0.152000 0.136418 -0.105937 0.243123 -0.200066 0.176104 -0.161807 -0.204723 0.286074 -0.093917 -0.036194 
1.759622 -0.786772 0.475671 -0.571327 -0.207953 0.100471 -0.120773 0.271497 -0.153498 0.225246 -0.112450 -0.251059 0.274453 -0.140499 -0.070500 
1.819073 -0.793564 0.450672 -0.578696 -0.209605 0.071253 -0.092936 0.269451 -0.144065 0.250280 -0.168713 -0.234027 0.236972 -0.114157 -0.074643 
1.795310 -0.735407 0.406841 -0.579423 -0.201244 0.009338 -0.015531 0.215476 -0.160574 0.277790 -0.173450 -0.232530 0.236887 -0.123345 -0.056765 
1.820104 -0.480552 0.405268 -0.508541 -0.347291 -0.018899 0.151104 0.093746 -0.268083 0.350422 -0.197828 -0.134722 0.219055 -0.124212 -0.013360 
1.881144 -0.343612 0.518608 -0.431314 -0.513745 0.036809 0.201166 -0.064984 -0.250828 0.206751 -0.264266 -0.162841 0.222419 -0.071006 0.067838 
1.727721 -0.209045 0.504494 -0.365729 -0.514647 0.055299 0.279178 -0.058875 -0.388259 0.151512 -0.353593 -0.213562 0.223562 -0.015804 0.131218 
1.608837 -0.067370 0.357351 -0.162387 -0.399767 0.109402 0.342195 -0.102013 -0.380576 -0.034274 -0.270780 -0.274173 0.209894 0.014083 0.056929 
1.441366 -0.093076 0.212940 0.055857 -0.349504 0.168106 0.311368 -0.310103 -0.432390 -0.106649 -0.171967 -0.132826 0.174010 0.002877 -0.088552 
1.334087 -0.192664 0.238610 0.126646 -0.144556 0.077983 0.054882 -0.336188 -0.398584 -0.024149 -0.005821 -0.208376 0.087101 -0.013283 -0.166628 
1.021153 -0.070823 0.109962 0.094503 0.075726 0.115826 0.018730 -0.367428 -0.378131 0.133962 0.063893 -0.211200 0.048541 -0.098130 -0.116320 
1.117949 -0.373853 0.034897 -0.174332 0.232913 -0.154049 -0.186190 -0.119350 -0.260743 0.354527 0.087532 -0.214353 0.025626 0.083005 0.069423 
1.335919 -0.874267 0.407539 -0.263582 0.250018 -0.263024 -0.385611 0.002216 -0.413866 0.316489 0.035856 -0.260031 0.224201 0.084522 0.040655 
1.495134 -1.157521 0.453605 -0.390082 0.142304 -0.267477 -0.409969 0.079871 -0.314375 0.396117 0.050545 -0.211317 0.261075 0.060036 0.042930 
1.378544 -1.203209 0.410474 -0.497861 0.070962 -0.288283 -0.391306 0.032163 -0.149738 0.391958 0.187367 -0.167104 0.134292 0.133878 0.025721 
1.292102 -1.204514 0.417767 -0.601318 0.055759 -0.218883 -0.334211 0.042043 -0.065866 0.372664 0.224290 -0.182686 0.016160 0.137271 -0.026775 
1.233976 -1.243800 0.304467 -0.655240 0.032754 -0.095093 -0.193498 0.025484 -0.033196 0.341591 0.203137 -0.204486 -0.077079 0.085318 -0.054833 
1.156160 -1.285926 0.203707 -0.732296 0.058294 -0.046607 -0.104046 0.024450 0.004790 0.328887 0.189474 -0.272123 -0.090471 0.036032 -0.084752 
1.168777 -1.330835 0.169966 -0.770527 0.063220 -0.008462 -0.069549 0.046559 -0.001421 0.327209 0.160545 -0.306069 -0.083342 0.029111 -0.113799 
1.173660 -1.309246 0.143272 -0.767258 0.055367 0.027094 -0.046701 0.047047 0.006880 0.314709 0.140801 -0.309216 -0.122245 0.047579 -0.095372 
1.216660 -1.390965 0.172082 -0.803996 0.053703 0.042769 -0.038451 0.065610 0.012157 0.326170 0.085091 -0.291466 -0.129200 0.035214 -0.071856 
1.240760 -1.354082 0.172524 -0.749410 0.016844 0.068848 -0.081982 0.092484 0.030896 0.341885 0.038495 -0.313153 -0.103893 0.034801 -0.026816 
1.143092 -1.270091 0.151276 -0.673943 -0.007931 0.030114 -0.055688 0.073205 0.088070 0.330945 -0.007353 -0.317106 -0.088189 0.061404 -0.061683 
1.229673 -1.296638 0.217476 -0.686324 -0.003317 -0.016591 -0.083115 0.096682 0.121351 0.336170 -0.054463 -0.314716 -0.026691 0.035258 -0.071655 
1.170934 -1.169971 0.190886 -0.601556 -0.008128 -0.083268 -0.115017 0.068630 0.155841 0.382832 -0.111388 -0.278768 0.029186 0.003422 -0.078040 
1.382476 -1.239268 0.294653 -0.548268 0.036226 -0.142736 -0.261406 0.103268 0.066092 0.408104 -0.129322 -0.168425 0.111613 -0.022271 -0.017319 
1.754712 -1.155235 0.282773 -0.316397 0.101751 -0.084065 -0.470790 0.032453 -0.015994 0.303269 -0.197573 -0.004353 0.222454 -0.110110 0.136243 
1.146575 -0.407693 0.167405 0.273817 0.107029 -0.042098 -0.187708 -0.178449 0.053340 0.145837 -0.239453 -0.098614 0.170897 -0.061943 -0.023579 
0.759241 -0.303182 0.022082 0.253596 -0.024022 0.006033 -0.023339 -0.193055 -0.009343 0.081210 -0.028273 -0.097182 0.072236 -0.002986 -0.061609 
0.396697 -0.472345 -0.200258 -0.184627 -0.216740 0.088979 0.019742 -0.056338 0.032888 0.147750 -0.000289 -0.111463 0.019887 0.018016 -0.086813 
-0.045723 -0.776860 -0.383505 -0.185212 -0.256097 0.107031 0.054277 0.106684 0.080501 0.168703 -0.099662 -0.229718 -0.043479 0.089197 -0.058226 
-0.115216 -0.705814 -0.346114 -0.003084 -0.222711 0.085061 0.072503 0.063151 -0.004735 0.048973 0.039185 -0.201007 0.004010 0.142944 -0.073398 
0.000200 -0.646138 -0.373013 -0.068054 -0.119987 -0.126705 0.001979 0.005520 0.028320 0.199407 0.157523 -0.265693 -0.031959 0.066040 -0.043204 
0.104201 -0.588362 -0.342144 -0.080461 -0.160990 -0.019633 -0.066395 -0.057269 0.055643 0.253998 0.078659 -0.181423 -0.085566 0.108062 -0.059519 
-0.170151 -0.474786 -0.389696 -0.150222 -0.284206 0.001507 -0.026325 -0.077898 0.137438 0.231752 0.137516 -0.210868 -0.043745 -0.018939 -0.085847 
0.115066 -0.376360 -0.221258 -0.129366 -0.270327 0.020927 -0.053833 -0.050540 0.047891 0.226456 0.051207 -0.150930 -0.005888 0.052131 -0.095933 
0.819177 -0.959473 0.196905 -0.277623 -0.212793 -0.150254 -0.103722 0.099933 0.050023 -0.001678 0.013167 0.104237 0.074184 -0.133432 0.011218 
1.580153 -0.970567 0.370465 -0.160034 -0.117155 -0.108036 -0.440340 -0.086126 0.055566 0.187183 -0.231281 0.083350 0.253490 -0.071703 0.078365 
1.500319 -1.166666 0.507397 -0.485802 -0.046541 -0.168282 -0.483766 -0.027494 0.156980 0.318102 -0.228162 0.085853 0.300499 -0.123531 0.069250 
1.289741 -1.129389 0.342296 -0.579460 -0.022009 -0.192300 -0.328661 -0.085818 0.339434 0.294102 -0.163826 0.009917 0.197916 -0.100139 -0.050654 
1.210981 -1.319924 0.270131 -0.638312 0.000873 -0.097192 -0.292476 0.012531 0.325284 0.266032 -0.130095 -0.090742 0.131568 -0.104160 -0.094378 
1.202784 -1.265165 0.204782 -0.728423 0.041207 -0.064942 -0.253362 0.055962 0.355457 0.241695 -0.125447 -0.136859 0.047300 -0.117200 -0.033536 
1.260955 -1.321504 0.248945 -0.693149 -0.007544 -0.093792 -0.104325 0.077338 0.211208 0.309077 -0.032341 -0.269012 -0.047202 0.011315 -0.091463 
1.259758 -1.284111 0.189313 -0.654723 -0.034258 -0.079866 -0.047619 0.063435 0.140221 0.354561 -0.002503 -0.306245 -0.071157 0.034440 -0.086574 
1.234103 -1.327032 0.189156 -0.659362 -0.020370 -0.078418 -0.023185 0.014624 0.154939 0.384915 -0.014978 -0.298276 -0.092802 0.012580 -0.046247 
1.231483 -1.320686 0.140636 -0.635390 -0.044012 -0.031561 -0.045819 0.048670 0.127371 0.414178 -0.067582 -0.295750 -0.080735 -0.004605 -0.011446 
1.197124 -1.290095 0.096790 -0.633020 -0.029603 -0.039302 -0.026313 0.035026 0.137326 0.373378 -0.032937 -0.303838 -0.087884 0.023108 -0.055974 
1.231993 -1.358923 0.138302 -0.700916 0.028945 -0.062268 -0.028625 0.051729 0.116449 0.379274 -0.013363 -0.329992 -0.080564 0.031441 -0.063663 
1.155431 -1.317932 0.092437 -0.658829 -0.005188 -0.028519 -0.062014 0.066865 0.098280 0.401866 -0.002092 -0.336752 -0.090495 0.027028 -0.058326 
1.222326 -1.325737 0.126676 -0.717260 0.035600 -0.035891 -0.062092 0.045445 0.090880 0.415100 0.017810 -0.336907 -0.093919 0.013504 -0.042090 
1.254587 -1.276999 0.109679 -0.698946 0.021774 -0.029902 -0.069861 0.049404 0.077004 0.425122 0.021756 -0.331375 -0.099931 0.015856 -0.034910 
1.197927 -1.294576 0.071368 -0.672063 0.022842 -0.046846 -0.082239 0.037290 0.061508 0.447829 0.056396 -0.330203 -0.101426 0.000814 -0.023287 
1.248696 -1.284656 0.017294 -0.670888 0.041703 -0.058990 -0.094873 0.025948 0.057091 0.479788 0.046011 -0.308876 -0.117739 0.010139 -0.030344 
1.348592 -1.241598 -0.035617 -0.658438 0.047782 -0.057424 -0.086551 0.012273 0.058610 0.473187 0.037790 -0.309222 -0.098774 0.007455 -0.024263 
1.359137 -1.259327 -0.079421 -0.642169 0.024168 -0.030294 -0.084934 0.011058 0.069275 0.439910 0.064346 -0.307921 -0.109020 0.003546 -0.041057 
1.345217 -1.233700 -0.078168 -0.630327 -0.005299 0.016345 -0.084197 0.008867 0.071961 0.437268 0.044942 -0.314662 -0.122093 0.015552 -0.031728 
1.647296 -1.261872 -0.221039 -0.411120 -0.202675 0.119018 -0.111800 0.000940 0.103686 0.412689 0.010506 -0.342287 0.008582 -0.076035 -0.006556 
1.785139 -1.288841 -0.335578 -0.333013 -0.252441 0.055182 0.008291 -0.097699 0.163198 0.429183 -0.077333 -0.281092 0.017519 -0.086241 0.019071 
1.510786 -0.727236 -0.379240 -0.167994 -0.221474 0.003364 0.028834 -0.064608 0.143572 0.497546 -0.098190 -0.306053 -0.028989 -0.107037 -0.003408 
0.896805 -0.968091 -0.289710 -0.256025 -0.200106 0.005133 0.029804 -0.059216 0.160779 0.440833 -0.165970 -0.283528 0.022576 -0.096360 0.063410 
0.524320 -0.331534 -0.440636 -0.147974 -0.181579 -0.047720 -0.039765 -0.115272 0.185767 0.448800 -0.028648 -0.315780 -0.037408 0.048278 -0.062121 
0.606700 -0.266141 -0.418248 -0.332197 -0.222878 0.056400 -0.095687 -0.193292 0.194628 0.195328 0.128943 -0.058563 -0.024979 -0.050188 -0.133084 
