city011_094
JOOETSU
85
-0.814690 0.082622 0.278890 -0.662581 0.290401 -0.170354 -0.078330 -0.028668 0.052960 -0.001815 0.064092 -0.022497 0.003329 -0.005269 0.036171 
-1.033743 -0.378586 0.269997 -0.492666 0.326514 -0.231000 0.046374 0.214957 -0.122195 -0.020495 0.020890 -0.048439 0.074888 -0.039175 -0.026085 
-1.242996 -0.666139 0.433642 -0.536397 0.174350 -0.290087 0.142535 0.182014 -0.070505 0.089876 -0.158411 -0.007710 0.172255 -0.185848 0.051043 
-0.744700 -0.525568 0.251031 -0.724598 0.262896 -0.117008 -0.024829 0.028673 0.072689 0.149917 -0.116888 -0.055837 0.049050 -0.055880 0.022243 
-1.080313 -0.732882 0.565086 -0.631834 0.312424 -0.238697 0.130081 0.166474 -0.114474 -0.013020 -0.044615 0.047048 0.045807 -0.112523 0.087852 
-0.917167 -0.715563 0.590734 -0.734779 0.310491 -0.253103 0.064019 0.121828 -0.041445 0.093464 -0.080835 -0.077126 0.152325 -0.091011 -0.041859 
0.001259 -0.250842 1.036333 -0.371266 0.168886 -0.219380 -0.037372 0.148082 0.000820 0.042815 -0.028489 -0.007209 0.196344 -0.178021 0.012411 
0.884421 -0.852208 1.264902 -0.081223 0.015840 -0.215253 -0.382443 0.066227 -0.127236 -0.218973 -0.069205 -0.126070 0.248558 -0.140229 -0.068329 
0.987075 -0.976466 1.301262 -0.189859 -0.015878 -0.283147 -0.375946 -0.061201 -0.026406 -0.193046 -0.072361 -0.097871 0.303621 -0.033647 -0.147628 
1.305401 -1.081521 0.894252 -0.354514 0.073941 -0.309706 -0.351519 -0.053132 -0.041652 -0.041642 -0.114060 0.067777 0.198676 0.049508 -0.152531 
1.405250 -1.102693 0.704645 -0.485074 0.154951 -0.298242 -0.264872 -0.230780 -0.123582 -0.005614 -0.003726 0.100815 0.161690 0.023071 0.003373 
1.475833 -0.941347 0.609063 -0.558948 0.095433 -0.156232 -0.224985 -0.338157 -0.097149 0.067191 0.065076 0.045227 0.114502 0.056792 0.029544 
1.486266 -0.874753 0.615712 -0.673123 0.150791 -0.008452 -0.230947 -0.376605 -0.157833 0.144435 0.110406 0.068690 0.017521 0.011093 0.018121 
1.507385 -0.901910 0.535950 -0.648635 0.130293 -0.044955 -0.180407 -0.314614 -0.188317 0.016969 0.143703 0.120750 0.035811 0.020223 -0.033663 
1.473556 -0.969796 0.524205 -0.675263 0.099755 -0.083312 -0.067799 -0.289114 -0.274745 -0.066671 0.159611 0.157114 0.141219 -0.015066 -0.073827 
1.591861 -0.985196 0.469916 -0.646588 0.062335 -0.106539 -0.106877 -0.171390 -0.252802 -0.097666 0.086251 0.141546 0.230773 0.001985 -0.090105 
1.552118 -0.950620 0.490512 -0.634027 0.022322 -0.194525 -0.086092 -0.117003 -0.188004 -0.175100 0.009155 0.180478 0.252051 0.027307 -0.057387 
1.586558 -1.012660 0.463884 -0.574505 -0.047173 -0.195249 -0.073486 -0.064163 -0.241217 -0.227534 0.038916 0.242277 0.258294 0.012453 -0.050668 
1.634816 -1.077705 0.523333 -0.630942 0.042339 -0.246791 -0.123019 -0.013678 -0.247774 -0.186624 0.122262 0.196187 0.218235 -0.033696 0.010526 
1.614643 -1.044204 0.538211 -0.574985 0.026796 -0.258317 -0.192133 -0.060744 -0.195848 -0.112558 0.160999 0.103404 0.271751 -0.097688 0.053437 
1.559227 -0.972856 0.494574 -0.586093 0.053012 -0.275216 -0.200346 -0.081084 -0.151863 -0.095101 0.104820 0.138711 0.286084 -0.110454 0.047673 
1.545586 -0.893063 0.466698 -0.726145 0.100035 -0.334521 -0.129303 -0.058237 -0.103820 -0.150538 0.001882 0.210479 0.301428 -0.065597 0.053710 
1.503688 -0.803282 0.402495 -0.678278 -0.007667 -0.310791 -0.090823 0.008183 -0.107415 -0.203026 0.009740 0.204493 0.236028 0.018462 0.035871 
1.593848 -0.913071 0.467693 -0.689112 -0.006856 -0.345182 -0.038975 0.010509 -0.145543 -0.191015 0.007555 0.200100 0.183974 0.101703 -0.003435 
1.550046 -0.878002 0.459339 -0.674549 0.032992 -0.293095 -0.140441 0.028519 -0.182103 -0.138907 0.038953 0.216823 0.140106 0.086860 -0.029139 
1.522795 -0.888759 0.520075 -0.737437 0.144943 -0.316901 -0.171945 -0.088027 -0.108376 -0.147924 0.084111 0.151676 0.217056 0.022386 0.002179 
1.447593 -0.779211 0.440395 -0.643901 0.111135 -0.257725 -0.263894 -0.098355 -0.115785 -0.055624 0.031619 0.150084 0.210001 0.036234 -0.028081 
1.471278 -0.785780 0.495545 -0.678800 0.150828 -0.257788 -0.266821 -0.124201 -0.118382 -0.031512 0.039492 0.121247 0.195343 0.039274 -0.015092 
1.501028 -0.779849 0.472033 -0.670142 0.157613 -0.237060 -0.284212 -0.161894 -0.086846 -0.045389 0.031178 0.102922 0.219215 0.042536 -0.021062 
1.557053 -0.793233 0.491188 -0.637994 0.140909 -0.204857 -0.320399 -0.165672 -0.100488 -0.005084 0.008496 0.100290 0.203641 0.048764 -0.018972 
1.539706 -0.784579 0.506439 -0.641745 0.146780 -0.202856 -0.332140 -0.177173 -0.088427 -0.007088 0.016720 0.088054 0.200563 0.054189 -0.017458 
1.530753 -0.766568 0.524237 -0.629972 0.116925 -0.183585 -0.350387 -0.147138 -0.101658 0.001691 0.016199 0.090183 0.177164 0.075798 -0.039962 
1.514413 -0.770528 0.529846 -0.639682 0.107211 -0.194746 -0.324208 -0.129274 -0.102434 -0.027273 0.037572 0.075103 0.191569 0.067239 -0.044761 
1.537052 -0.799803 0.547577 -0.665000 0.152886 -0.220285 -0.306584 -0.186690 -0.081248 -0.032317 0.044280 0.068287 0.203375 0.056100 -0.016884 
1.519461 -0.721186 0.414817 -0.575201 0.115853 -0.192688 -0.322542 -0.186361 -0.097896 -0.007653 0.007168 0.125828 0.172481 0.066310 -0.030641 
1.562563 -0.763513 0.433818 -0.724994 0.119411 -0.229193 -0.208438 -0.084310 -0.110855 -0.112095 -0.033287 0.139978 0.265928 0.031485 -0.025676 
1.588228 -0.796744 0.411424 -0.689678 0.007414 -0.288695 -0.036474 0.001348 -0.144819 -0.179794 -0.005133 0.127611 0.243161 0.043194 0.014962 
1.635405 -0.902421 0.457661 -0.682582 -0.049572 -0.235612 -0.069601 0.046585 -0.201812 -0.160544 -0.045377 0.181816 0.265993 0.035973 -0.006277 
1.646532 -1.019325 0.467476 -0.614901 0.029434 -0.207417 -0.129103 -0.023635 -0.318330 -0.140655 0.130886 0.177577 0.292957 -0.105723 0.026078 
1.540317 -1.017740 0.453308 -0.608783 -0.026710 -0.086392 -0.056022 -0.178671 -0.368084 -0.062168 0.156832 0.132619 0.263518 0.029183 -0.174682 
1.505541 -1.034322 0.443315 -0.596675 0.067939 0.022654 -0.204182 -0.309232 -0.276815 0.105807 0.281210 -0.015862 0.180262 -0.070831 -0.135925 
1.559533 -1.043757 0.499335 -0.552730 0.115230 -0.012450 -0.341850 -0.283779 -0.105782 0.233105 0.298009 -0.251259 0.130794 0.078405 -0.054119 
1.568246 -1.164561 0.525523 -0.356562 -0.000891 -0.008604 -0.575100 -0.047839 -0.053800 0.180450 0.270386 -0.340736 0.227450 0.158220 -0.052222 
1.545416 -1.296231 0.811991 -0.319259 -0.043029 -0.122543 -0.559033 0.061445 0.032081 0.119872 0.195306 -0.302211 0.325249 0.051269 -0.054576 
1.432598 -1.326517 0.952874 -0.287774 -0.110804 -0.169508 -0.521921 0.085871 0.020928 0.087207 0.102699 -0.181520 0.357178 -0.025929 -0.066172 
1.353889 -1.280845 0.964440 -0.281484 -0.189808 -0.179272 -0.426324 0.102444 -0.105799 0.060258 0.109026 -0.108103 0.357691 -0.146402 0.019342 
1.383383 -1.256026 1.030965 -0.306522 -0.213343 -0.193860 -0.352939 0.100884 -0.088974 0.012189 0.136749 -0.092756 0.339534 -0.193663 0.052531 
1.348964 -1.205839 1.014097 -0.307075 -0.183518 -0.176361 -0.340600 0.077227 -0.097964 0.063185 0.067513 -0.062722 0.299803 -0.175466 0.085083 
1.428684 -1.191739 0.995867 -0.300466 -0.089650 -0.251397 -0.290187 -0.020231 -0.073853 0.039819 0.043973 -0.073471 0.329096 -0.201856 0.150781 
1.388141 -1.050535 0.970524 -0.174340 -0.114984 -0.245023 -0.345755 -0.028093 -0.121877 0.052262 -0.004183 -0.043883 0.300157 -0.162012 0.188556 
1.498826 -0.872981 0.784858 0.058153 -0.218749 -0.214403 -0.291965 -0.135172 -0.134771 -0.010183 -0.106312 0.071521 0.189770 -0.179456 0.269321 
1.409493 -0.566969 0.608730 0.144990 -0.057571 -0.334719 -0.189813 -0.149550 -0.175478 -0.014016 -0.212552 0.076388 0.185175 -0.236563 0.225060 
0.743071 0.224835 0.581319 0.232223 0.003422 0.050474 0.081425 0.030660 -0.023698 0.033677 -0.016557 -0.078711 0.156367 -0.182838 0.103454 
-0.043583 -0.088121 0.291003 0.285230 0.097936 0.239022 0.026729 -0.076068 0.079217 0.045635 0.067193 -0.051505 0.094837 -0.082558 0.041431 
-0.243511 -0.215950 0.122168 -0.001242 -0.204895 0.177609 -0.022992 -0.209986 0.063783 -0.007880 0.040701 -0.046154 0.065602 -0.023686 -0.066274 
-0.325035 -0.386743 -0.002584 -0.017981 -0.199989 0.049566 -0.010632 -0.056821 0.101860 -0.050677 0.005303 0.003862 0.072564 -0.106657 0.038733 
-0.176149 -0.546167 -0.198460 -0.054701 -0.021470 0.080424 -0.040684 -0.098970 0.062483 -0.075281 0.114361 0.017744 -0.025803 -0.067196 0.005721 
-0.307288 -0.598323 -0.062270 -0.032243 0.113234 0.150553 -0.041950 -0.132577 -0.001775 -0.039609 0.164156 -0.052421 -0.010938 -0.078093 0.037044 
-0.381340 -0.537604 0.159233 -0.043001 -0.131305 0.003802 -0.160774 -0.070949 0.106498 0.033018 0.051387 -0.088900 0.050483 0.000340 0.035190 
-0.124285 -0.775123 0.005868 -0.127679 -0.133804 -0.029345 -0.090593 -0.000414 0.093063 0.021545 0.121594 -0.118015 0.027679 -0.056118 0.044851 
-0.479500 -0.761775 -0.128203 -0.079880 -0.044700 0.054596 0.060628 0.003118 0.026235 -0.084424 0.044443 -0.032558 0.068750 -0.088375 0.054449 
-0.457020 -0.617736 0.109842 0.017486 -0.117461 -0.052346 -0.105010 0.018829 0.119530 -0.047100 0.001002 0.006205 0.032335 -0.065061 0.063946 
-0.473010 -0.682380 0.080445 -0.024914 -0.069045 0.036320 -0.097707 -0.020951 0.042610 0.030838 0.033294 -0.076348 0.061387 -0.053121 0.046114 
-0.259077 -0.715055 0.168808 -0.046314 -0.088920 0.056990 0.021669 0.074416 0.062692 -0.181787 0.080405 -0.041401 0.084938 -0.069393 0.029277 
-0.421572 -0.610000 0.315819 -0.107052 -0.084806 0.070198 -0.035403 -0.002379 0.092988 -0.138670 0.092963 -0.026235 0.007069 -0.030609 0.043092 
-0.578582 -0.905176 0.136465 0.019171 0.021009 -0.010745 0.121292 -0.030352 -0.020469 -0.104937 0.124049 -0.051131 0.025734 0.007530 -0.039939 
-0.301855 -0.525441 0.128829 -0.116476 -0.000506 0.097166 -0.075811 -0.024484 -0.012704 -0.081501 0.135927 0.017507 -0.078030 -0.046226 0.117286 
-0.374109 -1.004850 -0.036492 -0.337480 0.094806 0.133161 -0.079606 0.084488 0.001773 -0.086192 0.077088 0.014058 -0.058690 -0.089388 0.180538 
-0.253474 -0.833678 0.172012 -0.315775 -0.065457 0.079297 -0.011157 0.101261 0.026377 -0.065222 -0.001755 -0.031145 0.062331 -0.081224 0.080344 
-0.200673 -0.924689 0.389938 -0.161865 -0.028790 -0.046047 -0.052889 -0.030167 0.068245 -0.050820 0.091425 -0.054628 0.029931 -0.071856 0.091124 
-0.115940 -0.930800 -0.105936 -0.297506 -0.022596 0.198147 0.029602 -0.082822 0.069698 -0.005347 0.028630 -0.088781 0.008560 0.003804 0.070503 
-0.162289 -0.721557 0.189651 -0.122248 -0.058861 -0.011881 -0.125767 -0.038845 0.069194 0.039289 0.059497 -0.102316 0.074163 -0.066029 0.094582 
-0.003480 -0.742901 0.123097 -0.115054 -0.050583 -0.163654 -0.064455 0.102017 -0.003052 0.005352 0.063982 -0.046285 0.065517 -0.118436 0.100210 
-0.247384 -0.798539 0.166048 -0.014403 -0.021148 -0.312215 -0.105208 0.187411 0.071624 -0.072949 0.044538 -0.042539 0.149921 -0.160921 0.051296 
-0.221249 -0.682876 0.083071 -0.151217 -0.085758 -0.138453 -0.084321 0.073333 0.090140 0.020924 0.004105 -0.050629 0.133351 -0.174192 0.076064 
-0.259944 -0.613214 0.262994 0.057447 -0.059558 -0.068986 -0.017648 0.053125 -0.087337 0.014921 0.083779 -0.113198 0.111688 -0.098438 0.057186 
-0.312776 -0.607997 0.312350 -0.181668 -0.155394 -0.012070 -0.034657 -0.099045 0.100985 -0.023779 0.109303 -0.067097 -0.020168 0.039426 0.020583 
-0.360973 -0.469574 0.277269 0.046511 0.002129 -0.049795 -0.037016 0.061581 -0.001619 -0.066446 0.099429 -0.098456 0.067341 -0.028152 0.011489 
-0.325491 -0.551273 0.231881 -0.063016 -0.144032 -0.044676 -0.063536 0.095395 0.053640 -0.111636 0.084047 -0.043879 0.078718 -0.107107 0.046563 
-0.348330 -0.758256 0.001468 -0.278855 -0.224820 0.043959 0.141448 0.041209 0.109686 -0.067200 -0.010283 -0.046262 -0.033456 -0.040619 0.131225 
-0.415071 -0.753979 -0.007827 -0.126853 -0.021708 0.047539 -0.000611 0.039570 0.139468 -0.130645 -0.090042 0.055360 0.093362 -0.105916 0.062321 
-0.150366 -0.529781 0.107052 -0.314267 -0.117589 0.057145 -0.073868 -0.090797 0.038653 0.112082 0.039996 -0.050519 0.050624 -0.115738 0.116052 
-0.343555 -0.549939 -0.061901 -0.219918 -0.165777 -0.037898 0.018243 -0.058715 0.155397 0.082353 -0.008071 -0.061595 -0.012324 -0.045923 0.068976 
-0.375707 -0.751853 0.154297 -0.019259 -0.285519 -0.131907 -0.112918 0.169726 0.158166 -0.062715 -0.025461 0.032716 0.084352 -0.161836 0.033335 
-0.081632 -0.617218 0.263735 -0.084597 -0.094632 0.084795 -0.139921 -0.116868 0.192017 0.002704 -0.076872 -0.002555 0.070997 -0.043378 0.015346 
