city011_072
SHUZENJI
97
0.123497 -0.040501 0.448188 -0.062817 0.147590 -0.071906 0.006140 -0.013633 -0.105851 0.091929 0.009935 -0.148412 0.174671 -0.150590 0.117358 
-0.266377 -0.214732 0.385930 -0.200158 0.241130 -0.031867 0.004599 0.046136 -0.214961 0.182218 0.004438 -0.103151 0.110704 -0.136161 0.177869 
-0.572241 -0.352305 0.466845 -0.484051 0.354387 0.139404 0.086652 -0.046419 -0.116434 0.129820 -0.058491 0.016488 0.125308 -0.163885 0.122800 
-0.710153 -0.330504 0.514882 -0.504103 0.340239 -0.027826 0.146726 -0.073013 -0.067831 0.098822 -0.093919 0.074626 0.035341 -0.129861 0.180479 
-0.667508 -0.520667 0.472720 -0.605613 0.427919 -0.046251 -0.092293 0.040392 0.033786 -0.034403 -0.013603 0.018025 0.049109 -0.125438 0.177567 
-0.549586 -0.520189 0.617234 -0.678821 0.263037 -0.061332 0.088591 -0.059262 -0.116953 0.109437 0.011245 -0.042481 0.032397 -0.020365 0.041453 
-0.662480 -0.599483 0.518703 -0.649663 0.326931 -0.043141 0.130574 -0.028908 -0.089409 0.078676 -0.055269 -0.043680 0.160284 -0.138440 0.057591 
-0.426325 -0.555125 0.638876 -0.598810 0.217360 -0.058981 0.147909 -0.108768 -0.039889 0.130350 -0.112447 0.003033 0.112924 -0.148915 0.112197 
-0.470138 -0.486298 0.801886 -0.529547 0.322270 -0.087900 0.084916 -0.061868 -0.113094 0.126951 -0.013570 -0.034300 0.004722 -0.002881 0.045841 
-0.399493 -0.600963 0.919207 -0.566222 0.177790 -0.113878 0.101375 0.055013 -0.098419 0.033881 -0.004138 0.025604 -0.013181 -0.079794 0.122904 
-0.114922 -0.332941 1.060190 -0.574652 0.387717 -0.056329 0.175065 -0.047172 0.011169 0.088929 -0.055245 -0.001465 0.133847 -0.174192 0.123428 
-0.031779 -0.547346 1.110931 -0.486531 0.211792 -0.039991 0.238405 -0.029064 0.006347 0.128753 -0.096436 0.022489 0.140758 -0.150972 0.080929 
0.122236 -0.321402 1.307382 -0.436408 0.224268 -0.165481 0.021747 -0.019789 -0.164011 0.059751 -0.062171 -0.094844 0.126930 -0.139360 0.046256 
0.026332 -0.425190 1.279344 -0.523646 -0.077101 -0.306310 0.136790 -0.039527 -0.052517 0.082097 0.023564 0.027516 0.105513 -0.176025 0.135952 
0.036064 -0.416715 1.199568 -0.354077 -0.178316 -0.115127 0.147521 0.165039 -0.071963 0.127867 0.089057 -0.026166 0.051923 -0.103592 0.049393 
0.693551 -0.796078 1.372081 0.079473 -0.149499 -0.147199 -0.016947 0.051015 -0.252129 -0.140292 0.126450 -0.238239 0.112013 -0.125846 0.018176 
0.984378 -1.136925 1.433057 -0.076543 -0.126667 -0.218644 -0.045364 -0.001109 -0.306156 -0.137161 0.112330 -0.209267 0.088645 -0.097663 0.058932 
0.958231 -1.085506 1.413403 -0.022691 -0.132397 -0.271261 -0.100800 0.032432 -0.354467 -0.159267 0.107127 -0.219932 0.092387 -0.070640 0.028003 
1.017810 -1.079586 1.300827 -0.015031 -0.104332 -0.292328 -0.146798 0.033503 -0.303846 -0.162647 0.070258 -0.169077 0.120058 -0.075555 0.028053 
1.043499 -1.079826 1.271355 0.004691 -0.099941 -0.311162 -0.207302 0.045634 -0.279334 -0.156651 0.039480 -0.173546 0.193734 -0.087375 -0.003707 
1.098521 -1.127799 1.311446 -0.024699 -0.039228 -0.330370 -0.244452 0.085940 -0.272477 -0.182381 0.030549 -0.199256 0.258240 -0.143899 0.002536 
1.080697 -1.040472 1.241670 0.123395 -0.128683 -0.233081 -0.369237 0.177522 -0.313223 -0.190814 0.023935 -0.243161 0.286623 -0.144126 -0.050832 
1.195801 -1.077878 1.231822 0.053286 -0.034431 -0.284411 -0.315883 0.098127 -0.231347 -0.211840 -0.002270 -0.238104 0.321739 -0.195541 -0.022584 
1.060769 -0.976139 1.160277 0.089070 0.016102 -0.285626 -0.254051 0.049047 -0.226886 -0.179752 -0.062099 -0.218707 0.260089 -0.184731 -0.019415 
1.082513 -0.922909 1.089944 0.083710 0.041133 -0.264857 -0.260230 0.102071 -0.216411 -0.112920 -0.050103 -0.254275 0.337149 -0.211182 -0.022456 
0.946623 -0.653471 0.910145 0.153199 -0.058008 -0.299202 -0.202499 0.039838 -0.130919 -0.090987 -0.067168 -0.159625 0.309268 -0.150067 -0.039446 
0.804950 -0.578156 0.852407 0.152788 0.014937 -0.413545 -0.055336 -0.009539 -0.055092 -0.098962 -0.051640 -0.092099 0.227972 -0.077931 -0.080105 
0.637353 -0.473952 0.685644 0.421241 -0.021231 -0.251729 -0.102416 0.087498 -0.101072 -0.047359 -0.101872 -0.169870 0.307564 -0.204575 -0.029476 
0.599382 -0.276609 0.631501 0.436324 -0.083616 -0.227019 -0.077448 0.075613 0.040784 -0.107991 -0.077186 -0.018568 0.222771 -0.171761 0.006233 
0.617064 -0.337118 0.430040 0.315430 0.169098 -0.103591 -0.145473 -0.052394 0.005957 -0.055028 0.017111 -0.168776 0.065102 -0.087686 0.162047 
0.754219 -0.506236 0.476288 0.327443 -0.110668 -0.224987 -0.010984 -0.029615 -0.133423 -0.082615 -0.050347 -0.020101 0.108017 -0.172211 0.077617 
1.046534 -0.833123 0.857964 0.201728 -0.111510 -0.241232 -0.023663 -0.112040 -0.132889 -0.159941 -0.034539 -0.100875 0.142233 -0.165429 0.028778 
1.207037 -0.962764 1.017752 0.076753 -0.273282 -0.147062 -0.189778 0.024872 -0.240820 0.004657 -0.022830 -0.079191 0.187102 -0.139599 0.079730 
1.285011 -1.228118 1.089298 -0.338413 -0.162003 -0.230018 -0.162746 -0.016158 -0.277810 0.019105 0.048463 -0.033745 0.217858 -0.146707 0.139109 
1.206603 -1.205034 0.903741 -0.301539 -0.242909 -0.185574 -0.119397 0.085959 -0.178173 0.033273 0.076858 -0.003350 0.163824 -0.158933 0.089553 
1.206686 -1.300590 0.889690 -0.472899 -0.255654 -0.221708 -0.111608 0.109267 -0.068120 0.031732 0.129556 -0.016215 0.197854 -0.214638 0.097723 
1.167135 -1.272825 0.793095 -0.394766 -0.300158 -0.274598 -0.062517 0.064966 0.071166 0.002257 0.137559 -0.025545 0.180386 -0.185085 0.014725 
1.290621 -1.321984 0.774392 -0.363566 -0.258925 -0.310364 -0.008964 0.032251 0.154489 0.001936 0.085461 -0.039012 0.167132 -0.155146 -0.046079 
1.288327 -1.301839 0.772644 -0.285288 -0.277613 -0.271209 0.005024 0.053799 0.167465 0.029460 0.038497 -0.041344 0.115977 -0.099998 -0.106488 
1.355738 -1.355374 0.785206 -0.260321 -0.250134 -0.265279 -0.007865 0.072283 0.147356 0.009322 0.027727 -0.027200 0.105849 -0.085195 -0.096291 
1.259201 -1.218747 0.682582 -0.099261 -0.322740 -0.189199 -0.086302 0.133433 0.081762 0.012037 0.047081 -0.036875 0.112972 -0.088320 -0.062305 
1.378541 -1.297807 0.768377 -0.166328 -0.254155 -0.185366 -0.126733 0.126560 0.046571 -0.001666 0.063899 -0.068705 0.165427 -0.106865 -0.026123 
1.334325 -1.189923 0.708041 -0.083163 -0.291385 -0.113707 -0.188251 0.139462 -0.006642 0.026649 0.049643 -0.078029 0.167650 -0.063044 -0.077003 
1.582197 -1.335378 0.850166 -0.140376 -0.198580 -0.131698 -0.200283 0.136547 -0.039698 0.060322 0.061464 -0.167514 0.285167 -0.159810 0.024346 
1.577102 -1.217299 0.766266 -0.010909 -0.234921 -0.106554 -0.223939 0.128027 -0.079627 0.030569 0.053243 -0.144678 0.271592 -0.138796 -0.012654 
1.664386 -1.169954 0.765783 0.071164 -0.169639 -0.208561 -0.177439 0.125391 -0.193863 0.028755 0.032915 -0.112761 0.258396 -0.166014 0.027999 
1.673173 -1.087695 0.774886 0.158427 -0.195444 -0.155775 -0.166821 0.034867 -0.251393 0.059910 0.017412 -0.150234 0.234977 -0.156937 0.062275 
1.591692 -1.019983 0.831042 0.246427 -0.299461 -0.003664 -0.179377 -0.123642 -0.165094 -0.011340 -0.049790 -0.193080 0.256970 -0.199109 0.087461 
1.365695 -0.942281 0.966969 0.212802 -0.347343 0.084843 -0.174878 -0.244768 -0.026992 -0.086079 -0.086647 -0.203199 0.274124 -0.223586 0.075249 
1.242451 -0.916206 1.136537 0.113281 -0.349790 0.248058 -0.280312 -0.203216 -0.015278 -0.038299 -0.097798 -0.200407 0.234314 -0.176516 0.052816 
1.131673 -0.881391 1.244900 0.083919 -0.360297 0.349241 -0.418519 -0.189560 -0.011702 -0.054003 -0.134978 -0.212132 0.216236 -0.148556 0.032062 
1.113390 -0.900865 1.221950 0.106526 -0.318544 0.287126 -0.384057 -0.246884 0.084868 -0.157529 -0.115337 -0.219479 0.221263 -0.165809 0.026023 
1.116289 -0.879416 1.199811 0.154454 -0.365405 0.305292 -0.400389 -0.200945 0.087570 -0.197745 -0.106946 -0.196820 0.230093 -0.207073 0.041598 
1.115126 -0.821117 1.215974 0.167232 -0.397078 0.324811 -0.430604 -0.185685 0.070864 -0.178780 -0.123719 -0.193458 0.234676 -0.192559 0.021067 
1.046964 -0.705932 1.254515 0.090290 -0.290741 0.261348 -0.400697 -0.233096 0.093072 -0.086424 -0.205363 -0.145360 0.226749 -0.155703 0.007877 
1.102629 -0.709084 1.220798 0.130133 -0.317843 0.320868 -0.447598 -0.219183 0.106060 -0.121925 -0.174529 -0.201058 0.268727 -0.200748 0.033708 
1.024760 -0.620038 1.220443 0.208487 -0.341133 0.250254 -0.417632 -0.188613 0.109446 -0.123249 -0.212243 -0.126072 0.258409 -0.179645 -0.005498 
1.104804 -0.713268 1.270249 0.208240 -0.333499 0.225776 -0.391016 -0.179362 0.115904 -0.181455 -0.170373 -0.147377 0.258796 -0.199004 -0.002087 
1.044446 -0.632772 1.226830 0.193822 -0.315164 0.220365 -0.387077 -0.203073 0.126933 -0.191105 -0.174895 -0.147192 0.256461 -0.206859 0.008733 
1.085661 -0.567325 1.214865 0.180382 -0.267574 0.245295 -0.433796 -0.213266 0.128706 -0.111015 -0.238488 -0.135380 0.265287 -0.183828 0.017604 
0.995604 -0.475666 1.131342 0.235241 -0.261750 0.231336 -0.422017 -0.274501 0.159309 -0.125417 -0.273097 -0.142362 0.243258 -0.159798 -0.008328 
1.134856 -0.448232 1.102138 0.253343 -0.295853 0.297541 -0.468900 -0.241212 0.175157 -0.157464 -0.227470 -0.153799 0.254905 -0.178693 0.002512 
1.122555 -0.374228 1.039243 0.229810 -0.195568 0.240060 -0.399790 -0.355000 0.224643 -0.154519 -0.215307 -0.226792 0.285004 -0.199168 0.055578 
1.217504 -0.384489 1.045281 0.285631 -0.193477 0.282003 -0.407778 -0.387322 0.208841 -0.158643 -0.236753 -0.264014 0.228947 -0.174307 0.045636 
0.985758 -0.325643 0.861505 0.352922 -0.163326 0.322951 -0.397315 -0.350883 0.140601 -0.110687 -0.251124 -0.289750 0.160633 -0.189252 0.055660 
0.952950 -0.290629 0.622622 0.194449 0.096676 0.199710 -0.149829 -0.248858 -0.076947 -0.020280 -0.146563 -0.139529 0.023408 -0.235843 0.119393 
0.836895 -0.270625 0.793518 0.172130 -0.085765 -0.023022 0.010910 -0.098522 -0.134407 -0.276679 -0.011316 -0.076632 -0.020570 -0.287500 0.215914 
0.399667 -0.221273 0.937899 0.214450 -0.012048 -0.241084 0.124341 -0.168373 -0.058381 -0.220907 -0.081115 0.025178 -0.073429 -0.241443 0.230660 
0.177583 -0.309736 0.935220 0.177538 0.144095 -0.263384 0.106436 -0.121066 -0.006281 -0.232482 -0.064452 0.026090 -0.034440 -0.256919 0.173913 
0.038479 -0.369474 0.676254 -0.011950 0.232948 -0.151146 0.184939 -0.091835 -0.014724 -0.034657 0.040764 0.010357 -0.001739 -0.149511 0.185903 
-0.018110 -0.287806 0.911419 -0.033225 0.131423 -0.218726 0.053671 0.009871 -0.100874 -0.094218 0.000638 0.024082 -0.031168 -0.146605 0.170215 
0.182850 -0.380560 0.787670 -0.066644 0.197517 -0.249404 0.150554 -0.073979 -0.184876 0.027978 -0.024459 -0.027528 0.015180 -0.171730 0.193676 
0.200494 -0.541183 1.070324 -0.104051 0.127256 -0.182115 0.034869 -0.126842 -0.094537 -0.153479 0.032431 -0.062649 -0.015838 -0.173339 0.204951 
0.238488 -0.498168 1.200132 -0.061545 -0.062071 -0.122581 0.033901 -0.180171 -0.092334 -0.195537 0.022263 -0.050839 -0.082347 -0.103919 0.178629 
0.424261 -0.645171 1.407344 -0.163587 -0.067958 -0.091117 -0.085802 -0.089131 -0.222150 -0.171736 0.006654 -0.092746 -0.059253 -0.152109 0.253875 
0.499501 -0.667344 1.485123 -0.197597 -0.102523 -0.057653 -0.097867 -0.119774 -0.209137 -0.193683 -0.001654 -0.087684 -0.085719 -0.123473 0.230932 
0.694734 -0.766253 1.621656 -0.144731 -0.264394 0.070471 -0.239531 0.008219 -0.246745 -0.161917 0.039379 -0.125283 0.000370 -0.139838 0.223719 
0.782256 -0.851203 1.718111 -0.263672 -0.164678 0.054402 -0.194140 -0.037148 -0.224738 -0.165059 0.044137 -0.174611 0.023306 -0.150959 0.233869 
0.760585 -0.876326 1.695563 -0.179257 -0.203328 0.142058 -0.262715 -0.004277 -0.232731 -0.184269 0.057596 -0.224753 0.020566 -0.128781 0.172867 
0.851407 -0.938911 1.767391 -0.239760 -0.203173 0.181905 -0.290883 0.037586 -0.262568 -0.160233 0.071122 -0.228917 0.008866 -0.105769 0.167349 
0.788112 -0.787717 1.702875 -0.252860 -0.235322 0.216792 -0.323316 0.065379 -0.247297 -0.150697 0.107658 -0.231698 0.032434 -0.082917 0.146083 
0.694746 -0.730032 1.668778 -0.271927 -0.196595 0.236333 -0.337365 0.055270 -0.240600 -0.147439 0.080322 -0.233220 0.024397 -0.072336 0.116511 
0.733408 -0.795428 1.731540 -0.325654 -0.135166 0.226902 -0.328138 0.064586 -0.250845 -0.152593 0.098513 -0.268214 0.035346 -0.085623 0.136559 
0.565962 -0.690522 1.649944 -0.276486 -0.127485 0.242067 -0.324555 0.050602 -0.247476 -0.191447 0.115751 -0.285197 -0.010885 -0.053956 0.111963 
0.663132 -0.757400 1.773169 -0.328675 -0.089447 0.208213 -0.323308 0.072476 -0.246713 -0.210543 0.132247 -0.305380 0.020774 -0.091173 0.143560 
0.598542 -0.700553 1.758280 -0.249714 -0.125408 0.212340 -0.342576 0.106994 -0.271838 -0.212331 0.130106 -0.305336 0.000086 -0.070251 0.107325 
0.583098 -0.653823 1.747478 -0.222443 -0.143941 0.233853 -0.371888 0.136648 -0.298468 -0.214616 0.150758 -0.339948 0.008064 -0.057561 0.092925 
0.550578 -0.609940 1.709843 -0.263164 -0.095154 0.216214 -0.324730 0.076725 -0.288755 -0.202055 0.120324 -0.343024 -0.002925 -0.054901 0.086409 
0.564081 -0.538445 1.634859 -0.194509 -0.149454 0.251215 -0.338400 0.060178 -0.281186 -0.223229 0.118715 -0.358416 0.005823 -0.077995 0.091289 
0.628548 -0.401671 1.582123 -0.221590 -0.166447 0.251967 -0.302681 -0.001560 -0.255471 -0.235308 0.099012 -0.348744 0.004494 -0.094029 0.098676 
0.457550 -0.188411 1.540270 -0.238331 -0.161444 0.249407 -0.340301 0.075436 -0.324232 -0.223296 0.116486 -0.361359 -0.006875 -0.086301 0.104504 
0.329685 -0.102505 1.590294 -0.200076 -0.225113 0.239804 -0.287987 0.048953 -0.341661 -0.160002 0.113058 -0.376972 0.029475 -0.063238 0.092537 
0.250962 0.135988 1.371657 -0.094284 -0.260036 0.071947 -0.219763 -0.044811 -0.340070 -0.213962 0.121250 -0.335868 0.009814 -0.070221 0.182890 
-0.167515 -0.136561 1.470052 -0.120870 -0.196251 0.096960 -0.226470 -0.013534 -0.370394 -0.147010 0.042936 -0.328106 0.023116 -0.121586 0.187569 
-0.051955 0.196937 1.000667 0.083557 -0.248709 0.055168 -0.147142 -0.108603 -0.317267 -0.179483 0.042235 -0.279925 -0.047983 -0.062502 0.151298 
0.070754 0.190330 0.687136 0.118489 -0.087684 -0.019778 -0.161152 -0.157284 -0.271643 -0.227006 0.067801 -0.261286 -0.080570 -0.004594 0.102622 
-0.375974 0.096518 0.496086 0.139998 -0.151531 -0.090279 -0.227845 -0.083398 -0.143354 -0.164908 0.119906 -0.150884 0.027795 0.003721 0.148863 
