city011_066
PESUTO
65
-0.524797 0.055103 0.207854 0.149754 -0.009064 0.020772 0.004903 -0.158745 -0.060602 -0.007470 0.149808 -0.146718 -0.040438 0.065367 0.042449 
0.462625 -0.453657 0.611446 -0.077953 -0.156880 0.043177 -0.024690 0.083779 0.125939 -0.033051 -0.066088 0.041956 0.140995 -0.241384 0.161511 
1.166766 -0.517250 0.530624 -0.114398 -0.187869 -0.036078 -0.090787 0.089095 -0.057873 -0.080720 -0.044310 -0.039136 0.202170 -0.201930 0.056096 
1.980956 -0.437985 0.420964 -0.248398 -0.033115 -0.134653 -0.079162 -0.021888 -0.029879 -0.007431 0.047295 -0.069358 0.204643 -0.133556 0.017631 
1.222005 -0.511832 0.725688 -0.046123 -0.087227 -0.040354 0.097517 -0.045983 -0.147124 0.038326 0.003868 -0.063812 0.090707 -0.117317 0.056824 
1.216618 -0.754601 0.907045 -0.184306 -0.211531 -0.278494 0.023679 0.012500 -0.097578 0.008778 0.062146 0.054921 0.055310 -0.146682 0.143551 
1.461659 -1.008548 0.876870 -0.435136 -0.243618 -0.261154 -0.165037 -0.113622 -0.174752 -0.064686 0.258035 0.008583 0.157981 -0.045861 0.201943 
1.355288 -1.281040 0.823822 -0.472745 -0.056212 -0.245171 -0.302107 -0.193732 -0.152776 0.056182 0.213068 0.032591 0.176675 -0.022741 0.146369 
1.110304 -1.267111 0.775746 -0.471499 -0.079170 -0.243903 -0.342057 -0.179704 -0.071170 0.031935 0.251298 0.032325 0.236688 -0.094499 0.163627 
1.027346 -1.172251 0.860723 -0.595442 -0.090375 -0.298151 -0.264812 -0.106042 -0.094548 -0.008934 0.241160 0.127556 0.149352 -0.060873 0.134313 
1.085162 -1.147331 0.950164 -0.596039 -0.105810 -0.351869 -0.242368 -0.039504 -0.096212 0.003907 0.177237 0.132754 0.163347 -0.077997 0.133732 
1.111808 -1.111245 1.110130 -0.452394 -0.183458 -0.381749 -0.300640 0.029928 -0.101160 -0.008374 0.117395 0.127510 0.226306 -0.124212 0.159564 
1.293838 -1.114350 1.147639 -0.307359 -0.221863 -0.379886 -0.299948 -0.026954 -0.042203 -0.115345 0.117700 0.111473 0.251505 -0.132415 0.160945 
1.480605 -0.813743 0.872870 0.009334 -0.309737 -0.334591 -0.263705 -0.040642 -0.079139 -0.069461 0.010728 0.186354 0.170818 -0.158017 0.238806 
1.270615 -0.498967 0.815529 0.111169 -0.247021 -0.373684 -0.119389 -0.020483 -0.065103 -0.092680 -0.036557 0.211425 0.097518 -0.188075 0.206183 
0.862911 -0.203062 0.703083 0.155866 0.019179 -0.126442 0.063827 -0.025243 0.115828 -0.019244 -0.012474 0.094927 -0.026184 0.007639 0.078346 
0.416743 -0.559528 0.377613 -0.166657 -0.163111 -0.143264 -0.004994 -0.109898 0.097982 0.041851 0.008209 -0.026236 0.077746 -0.045381 0.013685 
0.182624 -0.742580 0.271087 -0.109727 -0.095129 -0.145530 -0.100526 0.023268 0.010512 0.009750 0.073665 -0.014249 0.016487 -0.041640 0.073875 
0.060896 -0.788665 0.245772 -0.079575 -0.111902 -0.019906 -0.045464 -0.078305 0.119917 0.036485 -0.072512 0.041902 -0.018179 0.000384 0.048075 
-0.073971 -0.989036 0.371299 -0.053540 0.019682 0.002039 0.054941 0.015308 -0.076486 -0.031174 0.078057 -0.001956 0.017017 -0.133724 0.140392 
-0.012681 -1.208447 0.094620 -0.089459 0.037861 -0.026487 0.070014 0.033950 -0.044114 -0.082362 0.087392 0.026566 -0.041309 -0.061342 0.098782 
-0.055288 -1.154969 0.132379 0.030293 0.183685 0.049085 0.055490 -0.048626 -0.037693 -0.099878 0.120657 0.049553 -0.036816 -0.050511 0.039102 
-0.013234 -1.320281 0.138820 -0.116533 -0.080433 -0.116851 0.095793 0.082758 0.101301 -0.041709 -0.073336 -0.015154 0.004153 -0.021597 0.068239 
-0.195040 -1.202870 0.174440 -0.080631 0.116324 -0.157640 0.086021 0.129233 -0.062607 -0.126441 0.068376 0.028659 0.048898 -0.129664 0.083376 
-0.050672 -1.036224 0.155674 -0.185174 0.048239 -0.069636 -0.060851 0.101628 0.173787 -0.146438 -0.098416 0.127538 -0.011108 -0.090786 0.115310 
-0.136810 -1.040287 0.318505 -0.217076 -0.168594 -0.115542 0.172292 0.011778 -0.020276 0.033353 0.069907 -0.090471 -0.020553 0.001004 0.085545 
-0.377696 -1.071895 0.439206 0.007452 -0.125517 -0.082499 0.029835 0.069472 0.018430 -0.100786 0.091994 -0.042513 0.012015 -0.012772 0.023799 
-0.434825 -1.171823 0.263851 -0.188752 -0.055164 0.118422 -0.020676 -0.016283 0.051073 -0.075009 0.110983 -0.098715 0.021671 -0.016615 0.062307 
-0.190998 -0.889483 0.243616 0.020408 -0.175951 0.031131 -0.090253 -0.070607 0.037178 0.006892 0.105711 -0.047432 -0.011383 -0.071947 0.136511 
-0.394449 -0.680866 0.317903 0.148737 -0.124140 -0.181281 -0.041693 -0.010385 0.130979 -0.150181 0.065440 0.037385 -0.019745 -0.040718 0.076290 
-0.525232 -0.537137 -0.003562 0.144198 -0.110902 0.029420 -0.031151 -0.071828 0.118717 -0.127002 0.117499 -0.032506 -0.021425 -0.020202 0.043635 
-0.436506 -0.378489 0.055719 0.134885 -0.245149 -0.244131 -0.056112 -0.073757 0.028007 0.028304 0.069694 0.043220 0.060421 -0.165763 0.196567 
-0.493492 -0.296948 0.113487 0.221533 -0.331729 -0.079663 -0.019803 -0.069438 0.027517 -0.078811 0.104640 0.055321 -0.086268 -0.007736 0.084425 
-0.401832 -0.311794 -0.124386 0.112859 -0.166368 0.129291 -0.090426 -0.080902 0.069362 -0.055941 0.056058 0.037125 -0.045614 -0.044666 0.068164 
-0.566570 -0.232129 0.105956 0.076643 -0.322019 -0.150658 -0.134882 -0.142554 0.175836 -0.033553 0.101124 0.003610 0.034464 0.030874 0.016721 
-0.476977 -0.205040 -0.012717 0.056464 -0.217262 -0.143530 0.050642 -0.019219 0.033219 -0.079123 0.100212 0.020628 -0.001351 -0.092606 0.072953 
-0.551398 -0.250228 -0.045848 0.126506 -0.077515 -0.152395 -0.047820 -0.194509 0.070162 0.051913 0.108951 -0.108835 0.004467 0.041598 0.070593 
-0.368477 -0.144038 0.052134 -0.025237 -0.140696 -0.067625 -0.139748 -0.163850 -0.011886 0.017875 0.146001 -0.041592 0.026213 -0.041945 0.127254 
-0.457046 -0.048888 0.149041 0.170304 -0.095168 0.096935 -0.015407 -0.176243 -0.039947 0.035508 0.067897 -0.082457 0.018149 -0.067207 0.117422 
-0.665416 -0.268528 0.039816 0.159388 -0.171576 -0.193817 -0.036862 -0.182506 0.097336 0.067475 0.017825 -0.063046 0.094858 -0.037061 0.049358 
-0.535722 -0.221987 0.075590 -0.172482 -0.051469 -0.101214 0.001054 -0.108070 0.100482 -0.072028 0.138037 -0.021779 -0.062190 0.025557 0.063715 
-0.515807 -0.044553 -0.147536 0.035204 0.041486 -0.037664 -0.180522 -0.173170 0.073566 0.011026 0.116303 -0.068494 -0.022297 0.003180 0.088709 
-0.500960 -0.193314 -0.154527 -0.008945 -0.173769 -0.078005 -0.025365 -0.103456 0.090815 -0.032468 0.182295 -0.077795 -0.042393 0.041260 0.030337 
-0.532422 -0.040770 -0.025681 0.075792 -0.165442 -0.235430 -0.202082 -0.057456 0.043381 -0.095306 0.202545 0.032920 -0.041839 0.019258 0.172509 
-0.428258 -0.188458 -0.043018 -0.110397 -0.172107 0.022795 -0.087091 -0.098382 0.024691 0.019874 0.098780 0.007801 -0.014772 -0.059507 0.099216 
-0.259632 -0.292216 0.110488 -0.251652 -0.225497 -0.074704 0.019428 0.058574 0.018046 -0.005577 0.083017 -0.037910 0.028187 -0.099126 0.081234 
0.548548 -0.707459 0.016667 -0.361506 0.032043 -0.145040 -0.074926 0.048055 0.095451 0.024912 0.091792 -0.059652 -0.027097 -0.018702 0.010062 
1.418857 -0.187483 0.212999 -0.098643 0.059347 -0.086971 -0.212332 -0.284675 -0.028148 0.103801 -0.025306 -0.102829 0.166330 -0.097758 0.142850 
1.786374 -0.678087 0.166380 -0.426277 -0.053956 -0.027972 -0.345723 -0.218451 -0.159092 0.154882 0.162764 -0.059557 0.341117 -0.158239 0.078900 
1.880794 -0.747384 0.148965 -0.528723 -0.176126 0.095062 -0.262730 -0.176075 -0.201580 0.115212 0.248480 0.080983 0.284347 -0.191348 -0.036417 
1.903872 -0.653156 -0.051660 -0.646319 -0.074723 0.033916 -0.153214 -0.100972 -0.200705 0.095205 0.169615 0.116212 0.301930 -0.167219 -0.067611 
1.780051 -0.803416 0.003697 -0.554737 -0.257319 -0.123951 -0.112205 0.122506 -0.175911 -0.071658 0.156809 0.089890 0.361314 -0.052106 -0.017646 
1.715796 -0.727808 0.039175 -0.585062 -0.202640 -0.188984 -0.099329 0.123947 -0.146297 -0.171794 0.140150 0.111238 0.310582 0.045566 -0.005029 
1.706677 -0.543798 0.106435 -0.671010 -0.245622 -0.150517 -0.130028 0.147487 -0.108341 -0.203592 0.110130 0.044164 0.271022 0.107225 0.032700 
1.752993 -0.480967 0.210582 -0.764837 -0.312624 -0.092316 -0.109878 0.057580 0.041303 -0.177561 0.035901 -0.014231 0.241215 0.079244 0.061860 
1.816936 -0.256242 0.258009 -0.895233 -0.528046 0.253947 -0.208985 0.092419 0.046893 -0.171725 0.133904 -0.164341 0.279049 0.063349 0.013346 
1.676498 -0.054654 0.067627 -0.873730 -0.532362 0.151850 -0.099542 0.077403 -0.015314 -0.043382 0.050148 -0.137920 0.312723 0.059784 0.012927 
1.669527 -0.276217 0.110751 -0.903964 -0.446602 -0.013145 -0.073273 0.090967 0.072840 -0.152901 0.138927 -0.117161 0.269928 0.094146 0.050291 
1.441080 -0.128669 0.145846 -0.986552 -0.544578 0.086206 -0.094946 0.100457 -0.004426 -0.080831 0.117745 -0.134745 0.361198 0.111447 0.031577 
1.301522 0.077103 0.257364 -1.109868 -0.504450 0.166270 -0.022903 0.084076 0.013303 -0.082148 0.072475 -0.183641 0.354990 0.091885 -0.011927 
1.150190 0.041327 0.134755 -1.003752 -0.533289 0.178162 -0.037253 0.085398 -0.004872 -0.068973 0.095840 -0.158322 0.357265 0.082895 -0.028075 
1.020824 0.440681 -0.069477 -0.825171 -0.507543 0.115243 0.067781 0.013815 0.007932 -0.073195 -0.002779 -0.120957 0.255496 0.111602 0.003499 
0.538472 0.369363 -0.030423 -0.687020 -0.306247 -0.012403 0.021269 0.077563 -0.101368 -0.200042 0.134868 -0.136187 0.185024 0.146926 0.038514 
0.857538 0.619488 -0.168849 -0.558539 -0.430712 0.032567 -0.027700 0.032780 -0.031204 -0.029329 0.042855 -0.123017 0.182355 0.020353 0.013448 
0.338722 0.318697 -0.173256 -0.645093 -0.425808 -0.063373 0.050206 0.009044 -0.117036 -0.063264 0.212625 -0.034380 0.217443 0.145414 -0.026706 
