city011_045
GAMAGOORI
94
-0.409600 -0.089040 -0.240777 -0.113907 -0.073161 -0.081911 0.027271 -0.119247 0.045851 0.039162 0.090206 -0.024885 -0.023122 -0.042805 0.087605 
-0.316209 0.192182 -0.086203 -0.105087 -0.146160 -0.057783 -0.007090 0.080860 0.008302 -0.031943 0.077030 -0.059611 0.016539 -0.030691 0.044926 
0.509497 -1.226981 -0.347836 -0.088428 0.324079 0.006612 -0.317125 0.113941 0.175280 -0.006707 -0.090427 -0.007277 -0.027758 -0.009342 0.160394 
0.959193 -0.608330 0.039581 0.106002 0.361913 -0.179676 -0.556382 0.027509 0.111369 -0.089072 -0.057258 -0.084357 0.125444 0.002709 0.035227 
1.358719 -0.654318 0.641593 -0.028785 -0.044081 -0.288261 -0.571740 0.193784 -0.268170 0.038177 0.171425 -0.246287 0.246805 0.174278 -0.023422 
1.503456 -0.802372 0.525012 -0.146800 -0.054795 -0.428326 -0.450192 0.149546 -0.190946 0.260162 0.102079 -0.156685 0.307088 0.114602 0.004123 
1.328839 -1.293725 0.371051 -0.285953 0.052469 -0.263300 -0.367664 -0.001697 -0.123007 0.370245 0.099150 -0.232452 0.205041 0.122296 -0.005243 
1.337290 -1.267021 0.334135 -0.552358 0.041751 -0.168428 -0.339536 0.043987 -0.045189 0.401402 0.181146 -0.248108 0.082713 0.076662 -0.016515 
1.249162 -1.304728 0.245789 -0.644181 0.088425 -0.067740 -0.220594 0.088726 -0.139396 0.415772 0.195427 -0.303182 0.028246 -0.019715 0.013371 
1.314292 -1.346807 0.235076 -0.715026 0.014284 0.039938 -0.152669 0.076824 -0.185263 0.367709 0.212923 -0.247429 0.055530 -0.129898 -0.012599 
1.312039 -1.384138 0.217369 -0.698765 0.059006 0.092247 -0.122203 0.032140 -0.233999 0.424824 0.137014 -0.187821 -0.002264 -0.147740 0.060318 
1.338629 -1.305839 0.239476 -0.691627 0.040619 0.089549 -0.067555 0.024845 -0.265105 0.398461 0.138812 -0.193031 0.060360 -0.185659 0.055778 
1.440448 -1.195278 0.282979 -0.676492 -0.042232 0.128045 -0.031214 0.010564 -0.377223 0.344649 0.120963 -0.081845 0.134651 -0.168210 -0.019887 
1.657688 -1.060519 0.195699 -0.468624 -0.185314 0.161698 0.062696 -0.017411 -0.403157 0.306368 0.049987 -0.091785 0.259311 -0.201201 -0.060508 
1.445324 -0.846892 0.593240 -0.267710 -0.332520 0.360565 -0.032765 -0.165210 -0.122841 0.118559 -0.014150 -0.114648 0.203665 -0.094857 -0.069636 
1.135021 -0.943987 1.018269 0.171541 -0.147878 0.333977 -0.250295 -0.343995 -0.068542 0.051152 -0.181095 -0.223781 0.062376 -0.144341 0.020907 
1.167941 -0.907747 0.999632 0.174502 -0.195558 0.424812 -0.337985 -0.288012 -0.122949 0.102698 -0.183902 -0.241441 0.077662 -0.145919 0.032707 
1.161695 -0.912567 0.997031 0.152593 -0.163735 0.372328 -0.238249 -0.380316 -0.104513 0.050474 -0.174523 -0.211063 0.022502 -0.147077 0.017650 
1.226015 -1.004720 0.987958 0.149397 -0.117172 0.367959 -0.288396 -0.391530 -0.108741 0.051586 -0.138209 -0.276961 0.039014 -0.142926 0.014495 
1.102321 -0.867114 0.923259 0.221519 -0.176837 0.332420 -0.285275 -0.374968 -0.105689 0.054897 -0.140540 -0.303220 0.077020 -0.109503 0.006668 
1.606844 -0.984217 0.765330 -0.157407 -0.279106 0.338141 -0.114091 -0.227184 -0.218419 0.018160 -0.060381 -0.124685 0.208228 -0.125024 -0.074488 
1.685080 -1.120250 0.271693 -0.677239 -0.087953 0.277334 -0.070443 -0.040747 -0.256126 0.217801 0.135742 -0.158247 0.203138 -0.137358 -0.110322 
1.502744 -1.193452 0.203947 -0.857270 0.042196 0.286578 -0.009643 -0.018164 -0.194151 0.259299 0.130343 -0.147145 -0.034451 -0.077938 -0.084367 
1.543044 -1.241396 0.153214 -0.851192 0.077499 0.323034 -0.006172 -0.037225 -0.126425 0.218906 0.069118 -0.143720 -0.073822 -0.005067 -0.039202 
1.522240 -1.251689 0.135687 -0.841725 0.093806 0.350851 0.023050 -0.067072 -0.041616 0.141033 0.069925 -0.131922 -0.142180 0.051507 -0.038841 
1.453589 -1.185833 0.056738 -0.757072 0.094165 0.369311 0.014204 -0.051501 -0.037091 0.122840 0.066162 -0.170741 -0.120247 0.080908 -0.016154 
1.480033 -1.240566 0.076398 -0.766239 0.117559 0.358159 0.048101 -0.102385 0.023827 0.066463 0.091786 -0.177814 -0.131889 0.105742 -0.026264 
1.418805 -1.178711 0.028057 -0.704423 0.088911 0.370742 0.040722 -0.078923 0.017428 0.087680 0.063268 -0.179405 -0.144400 0.116916 0.003023 
1.519434 -1.258751 0.077101 -0.762420 0.117959 0.306422 0.069016 -0.109134 0.031470 0.094151 0.080855 -0.195996 -0.138165 0.115939 -0.007962 
1.525277 -1.249090 0.094949 -0.743293 0.082420 0.291859 0.050156 -0.094585 0.014750 0.144577 0.077899 -0.204024 -0.140530 0.098122 -0.023571 
1.528357 -1.224659 0.092503 -0.721327 0.028575 0.285795 -0.008499 -0.052173 -0.028644 0.198266 0.101998 -0.227808 -0.111539 0.062147 -0.046161 
1.500455 -1.134926 0.153734 -0.768630 0.037100 0.233440 -0.036302 -0.054933 -0.047556 0.247911 0.128894 -0.235427 -0.064672 0.001741 -0.097774 
1.539638 -1.069522 0.182136 -0.815642 0.022559 0.209685 -0.104739 -0.080231 -0.067038 0.272103 0.180703 -0.214190 0.002697 -0.061673 -0.131831 
1.544733 -0.937768 0.228168 -0.769562 -0.031857 0.208813 -0.156927 -0.127911 -0.097938 0.299711 0.188109 -0.154883 0.057533 -0.104558 -0.138899 
1.737692 -1.052373 0.313935 -0.612289 -0.091534 0.198127 -0.239035 -0.152688 -0.200240 0.370762 0.108481 -0.088094 0.144640 -0.130860 -0.073819 
1.803989 -0.960046 0.383435 -0.355276 -0.073348 0.138411 -0.222091 -0.159084 -0.334003 0.378065 0.086990 -0.154069 0.240267 -0.178498 -0.022788 
1.578734 -0.816396 0.507520 -0.210381 0.041357 0.123814 -0.242133 -0.235050 -0.380348 0.164603 0.042888 -0.197160 0.171377 -0.073518 -0.083429 
1.422367 -0.636642 0.589600 -0.068823 0.023338 0.147470 -0.192462 -0.229890 -0.434356 0.094038 -0.016286 -0.229481 0.068653 -0.038768 -0.127923 
1.276210 -0.401649 0.564309 0.085069 -0.088902 0.168700 -0.225251 -0.162086 -0.355136 0.000003 0.014982 -0.313294 0.051380 0.037556 -0.157645 
1.223795 -0.424650 0.511369 0.053839 -0.032991 0.178164 -0.203549 -0.238355 -0.342202 -0.013524 0.080476 -0.304370 0.010078 0.046008 -0.146353 
1.249102 -0.360847 0.475268 0.011381 -0.051132 0.227595 -0.280243 -0.184032 -0.382350 0.003123 0.076401 -0.308946 0.044300 0.029660 -0.140585 
1.623693 -0.421466 0.405100 -0.262849 0.082477 0.158259 -0.200160 -0.075367 -0.511842 -0.000836 0.124472 -0.277274 0.129188 -0.001579 -0.119679 
1.749524 -0.363177 0.280768 -0.388450 0.099606 0.223877 -0.206600 -0.072578 -0.632439 0.091300 0.156092 -0.237293 0.209337 -0.064415 -0.150896 
1.980672 -0.391523 0.314882 -0.524256 -0.095499 0.247589 -0.225400 -0.070456 -0.568229 0.114953 0.095143 -0.118938 0.317747 -0.088299 -0.086904 
1.775204 -0.611874 0.349146 -0.657806 -0.078998 0.091914 -0.180188 -0.095036 -0.419477 -0.087850 0.013182 -0.003973 0.299814 0.124699 -0.072599 
1.696405 -0.720580 0.232605 -0.590123 0.059249 -0.166832 -0.268281 0.074802 -0.300054 -0.217433 0.003893 0.201790 0.203351 0.155352 -0.035352 
1.699359 -0.799899 0.303393 -0.615221 0.025473 -0.187468 -0.311285 0.035817 -0.152401 -0.153408 -0.080299 0.162174 0.283296 0.111838 -0.021027 
1.745342 -0.884024 0.365747 -0.589943 -0.045544 -0.197847 -0.285569 0.115355 -0.246270 -0.050900 -0.089583 0.104491 0.347666 0.036627 -0.008403 
1.894919 -0.943516 0.346482 -0.529954 -0.099285 -0.150295 -0.292036 0.152168 -0.250253 -0.056126 -0.018521 0.009709 0.385122 -0.013941 -0.004595 
1.898571 -0.969607 0.361133 -0.517633 -0.190245 -0.046352 -0.344445 0.245723 -0.238911 -0.116658 0.007249 -0.016037 0.370824 -0.003870 -0.020107 
1.910835 -0.993016 0.396987 -0.555228 -0.192902 -0.076633 -0.270268 0.222009 -0.202320 -0.131080 -0.016606 -0.013854 0.344652 0.002138 0.015204 
1.877054 -0.962029 0.380556 -0.555339 -0.227667 -0.038093 -0.268268 0.246682 -0.207753 -0.110762 -0.037958 -0.009539 0.329939 0.001455 0.008208 
1.886504 -0.944932 0.364603 -0.571032 -0.190760 -0.052623 -0.257280 0.246914 -0.209640 -0.074131 -0.057901 -0.001522 0.330164 -0.029886 0.020347 
1.890819 -0.935400 0.383077 -0.662872 -0.109544 -0.140682 -0.194660 0.215698 -0.178784 -0.062636 -0.125590 0.013679 0.298548 0.025683 0.037599 
1.820400 -0.838830 0.361022 -0.675343 -0.118859 -0.130642 -0.211834 0.223133 -0.128524 -0.072898 -0.108935 -0.010327 0.266335 0.039876 0.013632 
1.787977 -0.768060 0.356417 -0.747595 -0.072722 -0.154040 -0.202840 0.204844 -0.114711 -0.048584 -0.110659 -0.047839 0.252972 0.076849 -0.002427 
1.706524 -0.660796 0.277653 -0.747889 -0.097346 -0.111849 -0.197924 0.114698 -0.074215 -0.016714 -0.086218 -0.039891 0.231197 0.113436 -0.049317 
1.698383 -0.651638 0.292973 -0.828609 -0.064537 -0.131647 -0.188963 0.143654 -0.134802 0.009083 -0.054377 -0.042846 0.238719 0.118283 -0.042313 
1.610730 -0.605473 0.226964 -0.726260 -0.157450 -0.169948 -0.113013 0.134705 -0.158245 -0.011073 -0.040266 0.011806 0.228885 0.120314 -0.026140 
1.643702 -0.784205 0.388894 -0.724283 -0.189553 -0.215995 -0.179515 0.164490 -0.160844 -0.021966 -0.041929 0.034591 0.286331 0.088959 -0.032463 
1.613824 -0.766423 0.323987 -0.637893 -0.165867 -0.244517 -0.189975 0.121046 -0.180775 0.049869 -0.046647 0.090403 0.267652 0.081059 -0.064714 
1.720626 -0.914025 0.347340 -0.617862 -0.084905 -0.252595 -0.269441 0.069090 -0.168019 0.077316 -0.047489 0.080992 0.344314 0.047295 -0.056725 
1.734448 -0.881839 0.276235 -0.516674 -0.080540 -0.173884 -0.352266 0.018245 -0.175400 0.128543 -0.051657 0.104454 0.324960 0.012068 -0.042961 
1.708951 -0.830553 0.230574 -0.518365 -0.071805 -0.197641 -0.280604 0.002932 -0.166615 0.027207 -0.000527 0.042091 0.369909 0.032709 -0.062136 
1.911097 -0.975940 0.339107 -0.546727 -0.149859 -0.121404 -0.289689 0.138172 -0.240114 -0.060973 0.001686 0.040254 0.367551 0.023541 -0.019476 
1.796901 -0.873900 0.343454 -0.556314 -0.219637 -0.094736 -0.276424 0.172970 -0.244260 -0.144639 -0.009048 0.041658 0.356527 0.081770 -0.020300 
1.661374 -0.769352 0.323140 -0.547765 -0.186631 -0.068556 -0.256611 0.063615 -0.273341 -0.154817 0.048032 0.026608 0.340017 0.125159 -0.061587 
1.756256 -0.879929 0.288929 -0.549390 -0.149182 0.024434 -0.208171 -0.031744 -0.346435 -0.141363 0.066465 0.030741 0.369438 0.143296 -0.115679 
1.849689 -0.703747 0.303409 -0.565389 -0.173429 0.191802 -0.255486 -0.225866 -0.304336 -0.069883 0.207635 -0.029890 0.218200 0.143803 -0.171827 
1.860713 -0.947274 0.446461 -0.377174 -0.151320 0.314036 -0.439910 -0.280129 -0.275234 0.032412 0.304707 -0.087973 0.021602 0.080454 -0.037122 
1.712324 -1.190376 0.478776 0.071509 -0.129126 0.043849 -0.481941 -0.165575 -0.305170 0.113548 0.195629 -0.209049 0.039682 0.079791 0.182813 
1.182132 -0.874991 0.235087 0.411443 0.033194 -0.211459 -0.456237 -0.175766 -0.102227 -0.076929 0.112627 -0.305541 0.062870 0.176596 0.074949 
0.847425 -0.066270 0.253822 0.431004 0.295033 0.002516 -0.387462 0.065420 0.161861 -0.175530 -0.085643 -0.162114 0.060548 0.032953 -0.114557 
0.673872 -0.433645 0.700769 0.218774 0.103527 -0.056161 -0.180740 0.084860 -0.150765 -0.098322 0.006688 -0.140694 0.052016 -0.111203 0.022695 
0.856736 -0.473935 1.281674 0.097140 -0.355574 0.032212 -0.151964 -0.042504 -0.287597 -0.158258 0.037192 -0.195294 0.015604 -0.101438 0.071335 
0.666915 -0.492727 1.429122 -0.053165 -0.270918 0.225523 -0.272655 0.008726 -0.256530 -0.229062 0.056556 -0.228532 -0.055623 -0.108246 0.100631 
0.541614 -0.194744 1.292440 -0.131386 -0.143755 0.204994 -0.279663 0.069654 -0.265266 -0.226697 0.091599 -0.232473 -0.097480 -0.025944 0.046766 
0.495408 -0.105074 1.363886 -0.182112 -0.065200 0.194679 -0.319036 0.143298 -0.273531 -0.287636 0.175182 -0.304879 -0.103370 0.016331 -0.029052 
0.341119 0.046146 1.353769 -0.098798 -0.054371 0.151141 -0.275496 0.128019 -0.234412 -0.295380 0.184287 -0.282831 -0.132493 0.059259 -0.064287 
0.298624 0.216173 1.376201 0.051521 -0.118228 0.128952 -0.249537 0.137774 -0.281546 -0.256089 0.206530 -0.315292 -0.114149 0.135433 -0.148923 
0.288398 0.345835 0.996875 0.097089 -0.075088 0.203704 -0.226067 0.107673 -0.221202 -0.255056 0.174637 -0.307425 -0.139908 0.100965 -0.131409 
0.230322 -0.058090 1.280978 -0.128030 -0.011621 0.233742 -0.345535 0.198114 -0.285701 -0.252668 0.208344 -0.354036 -0.069581 0.036523 -0.076249 
0.063414 -0.052294 1.312751 -0.099575 -0.082860 0.333541 -0.361444 0.171012 -0.282836 -0.284510 0.264811 -0.456455 -0.024311 0.008399 -0.060120 
0.087178 0.052238 1.393802 -0.058115 -0.118498 0.227045 -0.339354 0.220249 -0.326896 -0.222086 0.172018 -0.296934 -0.123067 0.067144 -0.057819 
0.057892 0.062049 1.375849 -0.104226 -0.077876 0.171985 -0.287820 0.177729 -0.327112 -0.233026 0.203702 -0.351238 -0.087996 0.054562 -0.051722 
-0.010648 0.095934 1.247028 0.004185 -0.098498 0.185707 -0.291116 0.140706 -0.293396 -0.204856 0.122741 -0.289919 -0.123373 0.104462 -0.121752 
0.192193 0.220140 1.171137 -0.128736 -0.001226 0.157762 -0.240782 0.112018 -0.306606 -0.209950 0.153238 -0.339266 -0.115736 0.098213 -0.111068 
0.153636 0.055822 1.123659 -0.008908 -0.020436 0.210523 -0.273365 0.074117 -0.171849 -0.275908 0.157707 -0.286237 -0.126044 0.088102 -0.112286 
-0.085496 0.023580 1.045006 -0.029697 0.030133 0.170432 -0.371547 0.084774 -0.323631 -0.200057 0.104138 -0.355407 -0.107827 0.094456 -0.093487 
0.215588 0.366855 0.638347 0.001361 0.010360 0.237863 -0.168047 -0.002951 -0.180337 -0.235040 0.115752 -0.197866 -0.139196 0.057884 -0.075349 
0.079838 0.300013 0.783999 0.050144 0.007488 0.142519 -0.233065 -0.023112 -0.261319 -0.298991 0.116205 -0.305955 -0.165234 0.029532 -0.036228 
-0.043499 0.220993 0.737286 -0.037552 0.295549 0.264221 -0.212659 -0.027089 -0.125750 -0.098198 0.096323 -0.229384 -0.092452 -0.023943 -0.025969 
-0.008983 0.311968 0.275682 0.082387 0.204156 0.192370 -0.224392 -0.327005 -0.095212 -0.050426 -0.009505 -0.128441 -0.172538 -0.031059 0.062052 
0.141905 0.599568 0.408910 0.114983 0.096934 0.291428 -0.149926 -0.077524 -0.177008 -0.166032 -0.006447 -0.146537 -0.151982 -0.044819 -0.051716 
