city011_022
NIHONBASHI
116
-0.445752 -0.130256 -0.157697 -0.069360 -0.081419 0.106148 0.168179 0.000456 -0.062915 0.016149 -0.026733 -0.059707 0.051431 0.093975 -0.136770 
-0.446869 0.026015 -0.132151 -0.086883 0.041408 0.123141 0.088222 -0.008121 -0.116288 -0.014813 0.090023 -0.049611 0.027405 0.025300 -0.072341 
0.686627 0.818401 0.110710 -0.104710 -0.237839 0.112284 -0.027257 -0.114246 -0.097271 -0.033879 0.032649 -0.053692 -0.031657 0.158974 -0.155357 
0.989441 0.739988 0.223600 0.003490 -0.232973 -0.011840 -0.108308 -0.115123 -0.098612 -0.018705 0.017430 -0.093974 0.063329 0.056043 -0.100224 
1.113547 0.979968 0.016538 -0.281808 -0.320725 0.120040 0.036285 -0.063327 -0.117328 0.008357 -0.032458 -0.079588 0.095750 0.090006 -0.092954 
0.953869 0.704526 0.029538 0.027865 -0.024180 0.136840 0.109516 -0.140676 -0.182023 -0.107376 -0.072138 -0.125169 0.022552 -0.012003 -0.102000 
1.142697 0.761800 0.164434 -0.001912 -0.166943 0.062880 0.004759 -0.123081 -0.027200 -0.122672 -0.083275 -0.051551 -0.055565 0.001224 -0.029790 
0.396656 0.523855 0.348619 0.296148 0.056447 0.189459 -0.021255 -0.122161 -0.029607 0.055096 -0.078537 -0.082407 -0.016297 -0.004029 -0.073651 
0.151729 0.605199 0.411010 0.264738 0.103650 0.117244 -0.070694 -0.171871 -0.015804 0.020237 -0.090814 -0.204037 0.079522 -0.059323 -0.107556 
0.408552 0.221716 0.296883 0.406035 0.011033 0.010479 -0.027754 -0.180377 -0.057211 0.017636 -0.145327 -0.113964 0.026465 -0.052548 -0.072381 
0.895747 -0.198073 0.538348 0.543159 -0.177763 0.145720 -0.184794 -0.272926 0.038484 -0.134859 -0.228116 -0.131559 -0.001298 -0.096957 -0.072316 
1.085696 -0.355373 0.700465 0.506119 -0.211504 0.170894 -0.181980 -0.281762 0.033339 -0.059984 -0.234037 -0.130149 -0.012344 -0.016567 -0.119027 
1.073605 -0.320206 0.728949 0.478503 -0.287919 0.167091 -0.167997 -0.316281 0.069444 -0.059288 -0.225189 -0.123570 0.053467 -0.035982 -0.101698 
0.932265 -0.127053 0.944794 -0.181774 0.228375 0.252384 -0.605203 -0.009364 -0.044626 -0.088179 -0.142912 -0.196700 0.042431 -0.075645 0.022332 
0.958687 -0.174933 1.084631 -0.360643 0.198969 0.386303 -0.727451 -0.013000 0.026066 -0.181093 -0.071860 -0.104860 -0.084570 0.022127 0.052501 
0.893359 -0.124303 1.116530 -0.434362 0.187786 0.391754 -0.717971 0.024266 -0.048179 -0.178857 -0.027988 -0.135563 -0.049037 -0.002658 0.039018 
0.858558 -0.115687 1.134225 -0.541398 0.247862 0.374242 -0.710590 0.058089 -0.087069 -0.193827 0.016528 -0.152909 -0.047538 -0.007383 0.030289 
0.763668 -0.085606 1.125192 -0.589597 0.195979 0.398315 -0.679439 0.055754 -0.108903 -0.231599 0.038526 -0.137688 -0.058425 -0.003708 0.011333 
0.884736 -0.385071 1.282374 -0.621040 0.100338 0.410227 -0.625641 0.100031 -0.241946 -0.175193 0.014098 -0.171635 -0.001030 -0.041800 -0.004950 
0.709992 -0.345323 1.284450 -0.626592 -0.022530 0.448654 -0.538098 0.050849 -0.259964 -0.224344 0.045742 -0.192793 0.002787 -0.017884 -0.031634 
0.746966 -0.481310 1.422410 -0.693397 -0.097337 0.424471 -0.476803 0.048781 -0.325970 -0.175793 0.019824 -0.198520 0.018795 -0.003821 -0.018176 
0.802421 -0.492809 1.394226 -0.643681 -0.174593 0.378478 -0.423774 0.004542 -0.329857 -0.137161 -0.029986 -0.165601 0.027937 -0.010303 0.006877 
0.776439 -0.211338 1.303585 -0.485897 -0.317701 0.270735 -0.277090 -0.088595 -0.239624 -0.081615 -0.070947 -0.171608 0.064951 -0.037093 0.007265 
0.770421 -0.063409 1.106042 -0.305470 -0.287024 0.327156 -0.091923 -0.140042 -0.184439 -0.028636 -0.115442 -0.168822 0.042659 -0.036125 -0.065210 
0.969513 -0.216989 0.847048 -0.196516 -0.244225 0.315436 -0.036678 -0.066356 -0.140401 0.003150 -0.028689 -0.120352 0.078516 -0.032331 -0.039907 
0.928786 -0.846545 0.503286 0.021306 -0.142224 0.095343 -0.082980 -0.103630 -0.067469 0.186426 0.013761 -0.153543 0.039867 0.098568 -0.070840 
0.993578 -0.507965 0.184077 -0.200187 0.315494 0.275563 -0.175104 -0.020905 0.082887 0.202992 -0.002349 -0.113963 0.006745 0.040015 0.073450 
1.123521 -0.536144 0.005840 -0.220491 0.217776 0.369120 -0.105330 -0.064398 -0.125160 0.156084 0.088384 -0.008382 -0.087650 -0.011473 0.003581 
1.331275 -0.438148 -0.193510 -0.473910 0.017536 0.209502 0.118929 -0.082858 -0.187452 0.142339 0.095022 -0.048434 0.016993 -0.039668 -0.136082 
1.470334 -0.251033 -0.090643 -0.435638 0.091516 0.248675 -0.043219 0.101199 -0.099980 -0.167433 0.033805 -0.106275 0.165473 0.046929 -0.053003 
1.642352 -0.267110 0.082034 -0.574719 0.080107 0.245873 -0.007622 -0.036711 -0.278026 0.079658 -0.113937 -0.143207 0.271298 -0.055494 -0.039960 
1.693989 -0.086098 0.288464 -0.501516 0.020981 0.141457 0.048663 0.080710 -0.233844 0.079576 -0.186562 -0.243666 0.231695 -0.043753 -0.044810 
1.963866 -0.264470 0.149084 -0.694594 -0.146137 0.149107 -0.068701 0.106658 -0.131503 0.057127 -0.097995 -0.300192 0.227243 -0.001431 -0.039825 
2.073833 -0.844118 0.297765 -0.520577 -0.313351 0.091979 -0.169746 0.264271 0.014681 0.012522 -0.157814 -0.181040 0.174044 -0.023437 -0.018869 
1.855161 -0.980264 0.380787 -0.608464 -0.335278 0.096156 -0.173669 0.254895 0.079915 -0.014688 -0.124087 -0.195115 0.205012 -0.027919 -0.051769 
1.903798 -1.074352 0.390114 -0.619713 -0.345474 0.140203 -0.217372 0.290193 0.075938 0.020748 -0.139349 -0.177285 0.187913 -0.049944 -0.031990 
1.871241 -1.068542 0.359471 -0.646302 -0.307934 0.115512 -0.193083 0.285158 0.089470 0.017369 -0.158258 -0.163766 0.171638 -0.025823 -0.041337 
1.863436 -1.048041 0.365352 -0.650900 -0.259193 0.127355 -0.185039 0.284743 0.087987 0.028945 -0.155996 -0.174387 0.148408 -0.023991 -0.041408 
1.857615 -1.047643 0.359062 -0.641584 -0.239331 0.107213 -0.168764 0.255940 0.109376 0.031391 -0.180023 -0.155171 0.137892 -0.031655 -0.017206 
1.811333 -1.032370 0.376575 -0.616010 -0.206290 0.106815 -0.154412 0.273739 0.078760 0.053696 -0.156755 -0.168014 0.130091 -0.049271 -0.023314 
1.881398 -1.038921 0.457931 -0.644585 -0.192615 0.084893 -0.189979 0.262421 0.069593 0.072352 -0.181392 -0.163827 0.127605 -0.020800 -0.030609 
1.776978 -0.958728 0.391445 -0.538847 -0.164972 0.112786 -0.169889 0.271736 0.055795 0.113874 -0.099125 -0.191043 0.106147 -0.061065 -0.043997 
1.750050 -0.950896 0.511271 -0.567293 -0.103596 0.046536 -0.121982 0.191386 0.063166 0.170921 -0.129936 -0.134204 0.074400 -0.063845 -0.025256 
1.605084 -0.810435 0.546572 -0.473075 -0.185255 0.128740 -0.074084 0.089671 0.077576 0.177515 -0.104940 -0.069287 0.027477 -0.061116 -0.013026 
1.781758 -0.896699 0.735273 -0.413832 -0.328124 0.213053 -0.088858 0.032258 0.036828 0.075963 -0.166467 -0.019255 0.049579 -0.048004 0.015278 
1.709693 -0.939180 0.762030 -0.347525 -0.334580 0.325603 -0.185515 0.018878 0.066400 0.042960 -0.049134 -0.069850 0.071369 -0.034660 -0.012543 
1.582536 -1.011249 0.782222 -0.261395 -0.246792 0.365094 -0.280802 -0.022757 0.065112 0.088075 -0.019452 -0.090813 0.078168 -0.023915 -0.004116 
1.468415 -1.081811 0.905792 -0.147737 -0.184901 0.344133 -0.340513 -0.082019 -0.003770 0.052453 -0.049415 -0.093623 0.073779 -0.012238 -0.009353 
1.285337 -1.030064 1.052933 -0.099315 -0.112838 0.310987 -0.327656 -0.163021 -0.087499 0.016150 -0.081423 -0.115572 0.017045 -0.020148 -0.004206 
1.124446 -1.015969 1.128931 -0.015499 -0.097531 0.310013 -0.339943 -0.209313 -0.125637 -0.005066 -0.104377 -0.174634 -0.011953 -0.034600 -0.004115 
1.010230 -1.021092 1.160100 0.039154 -0.079896 0.303807 -0.370238 -0.213629 -0.143085 0.012986 -0.129260 -0.222899 -0.005957 -0.053165 0.019712 
1.034547 -1.079636 1.161081 0.084291 -0.088837 0.300018 -0.410078 -0.227755 -0.103448 -0.004178 -0.150057 -0.237348 0.002604 -0.042992 0.014900 
1.003438 -0.988839 1.117326 0.063440 -0.078907 0.274822 -0.352813 -0.271236 -0.085251 0.012015 -0.165708 -0.209483 0.001269 -0.043483 0.009177 
1.036930 -0.993170 1.093421 0.082410 -0.098628 0.281134 -0.340760 -0.274103 -0.107614 0.026787 -0.162785 -0.219982 0.025284 -0.079124 0.030559 
1.074244 -0.983015 1.108874 0.100746 -0.099649 0.288591 -0.326386 -0.283008 -0.111911 0.057335 -0.208045 -0.204699 0.015419 -0.091343 0.045169 
1.010242 -0.963841 1.075603 0.166668 -0.133473 0.295195 -0.321541 -0.316659 -0.088783 0.035853 -0.201855 -0.229227 0.011640 -0.068403 0.006670 
0.935505 -0.928734 1.052283 0.229007 -0.155993 0.278927 -0.297616 -0.367021 -0.041117 -0.015156 -0.189680 -0.271721 0.040731 -0.095099 0.003012 
1.000780 -0.901733 1.082490 0.216921 -0.192210 0.274174 -0.249361 -0.366031 -0.072687 0.006553 -0.230217 -0.218727 0.012430 -0.076412 -0.034326 
1.014068 -0.862002 1.069257 0.226300 -0.231117 0.281131 -0.240458 -0.396050 -0.057602 0.023148 -0.260258 -0.196931 0.012089 -0.055230 -0.050529 
0.982600 -0.763875 1.058890 0.232009 -0.274052 0.299595 -0.192634 -0.424015 -0.060912 0.006286 -0.248816 -0.203286 0.021668 -0.085451 -0.046183 
1.037073 -0.707179 1.050282 0.256899 -0.309995 0.316964 -0.182020 -0.454928 -0.049079 0.038524 -0.280345 -0.188810 -0.001646 -0.030854 -0.097309 
1.034368 -0.654250 0.959545 0.301972 -0.282924 0.328955 -0.163804 -0.457654 -0.064921 0.043083 -0.258533 -0.244949 0.041651 -0.094064 -0.095479 
1.002880 -0.611530 0.911184 0.393022 -0.274027 0.312000 -0.154204 -0.484311 -0.055932 0.075739 -0.270419 -0.305620 0.052139 -0.061056 -0.134326 
0.952548 -0.496117 0.890520 0.430535 -0.261322 0.257058 -0.080050 -0.460630 -0.064358 0.077703 -0.293383 -0.281330 0.052995 -0.078048 -0.164192 
1.046682 -0.361031 0.697882 0.324717 -0.207199 0.350285 -0.086527 -0.437780 -0.161098 0.125822 -0.179796 -0.306497 0.097472 -0.172611 -0.082181 
1.666815 -0.589556 0.343270 -0.433136 0.008697 0.253869 -0.322231 -0.144678 -0.311213 0.120234 0.040187 -0.183126 0.237988 -0.059493 -0.114823 
1.723450 -1.099047 0.390739 -0.611758 -0.122504 0.109008 -0.377447 -0.082884 -0.188855 0.324987 0.129061 -0.078000 0.244768 -0.097319 -0.047648 
1.391001 -1.127686 0.340235 -0.632863 -0.108998 -0.113774 -0.201243 -0.121385 -0.039339 0.314907 0.163088 -0.037589 0.160518 -0.028401 -0.156193 
1.379803 -1.065144 0.318784 -0.674582 -0.062807 -0.030754 -0.194925 -0.099912 0.017928 0.357203 0.128895 -0.155653 0.082607 -0.018427 -0.135626 
1.299762 -1.133173 0.255525 -0.650474 -0.069291 0.047942 -0.179593 -0.021713 0.024253 0.371314 0.108499 -0.244327 0.032467 -0.041625 -0.088316 
1.306112 -1.237471 0.235788 -0.721929 -0.035173 0.021472 -0.125227 -0.018897 0.065074 0.331950 0.110746 -0.263735 0.022234 -0.035300 -0.111707 
1.268419 -1.210592 0.178004 -0.693578 -0.068699 0.071744 -0.134823 0.010653 0.068214 0.337318 0.073007 -0.276280 0.024277 -0.052564 -0.100882 
1.301966 -1.246741 0.188006 -0.756772 -0.013488 0.043891 -0.095228 -0.001621 0.074080 0.329565 0.047169 -0.256766 0.016606 -0.045512 -0.118823 
1.306050 -1.219445 0.153313 -0.748050 -0.013671 0.058219 -0.107623 0.039041 0.052572 0.344327 0.002518 -0.263068 0.037482 -0.049703 -0.106187 
1.355804 -1.200097 0.164511 -0.739392 -0.000194 0.045784 -0.113318 0.055988 0.054383 0.364647 -0.037317 -0.270262 0.043995 -0.061112 -0.057558 
1.396990 -1.203411 0.207188 -0.733777 0.029438 0.044433 -0.173532 0.115773 0.061098 0.392527 -0.131131 -0.268466 0.071320 -0.062788 -0.007786 
1.408014 -1.153766 0.209282 -0.627657 -0.027135 0.001317 -0.236982 0.102735 0.145535 0.353888 -0.134935 -0.249249 0.122367 -0.060115 -0.047721 
1.597022 -1.107685 0.189712 -0.477289 -0.079498 -0.035244 -0.276346 0.085811 0.119052 0.346028 -0.192709 -0.172759 0.222361 -0.092360 -0.051148 
1.897534 -0.906161 0.019677 -0.132201 -0.142093 -0.141933 -0.182407 0.032791 0.145023 0.254089 -0.304818 -0.045580 0.257157 -0.114395 -0.053940 
1.733530 -0.537416 0.212644 -0.244207 -0.032399 -0.169097 -0.251716 0.045688 0.084780 0.145530 -0.312527 0.027917 0.168507 -0.068705 0.027427 
1.122715 -0.190505 0.494737 -0.036862 -0.148842 -0.291511 -0.142864 -0.017969 0.016390 0.020334 -0.143411 0.174872 0.076489 -0.103614 0.086002 
0.372843 -0.337582 0.512963 -0.030736 0.216894 -0.128330 0.145706 0.275405 -0.054046 -0.013512 -0.026792 0.122241 0.075613 -0.162062 0.111922 
-0.231410 -0.821504 -0.082586 -0.284189 0.233886 -0.199226 0.206396 0.078291 -0.149070 -0.014975 -0.007607 0.075573 0.016830 -0.110184 0.077851 
-0.624470 -0.562144 0.148099 -0.303570 0.291650 -0.299571 0.031753 -0.050262 0.021514 0.072160 0.062034 -0.098590 0.003635 0.019560 0.035110 
-0.313274 -0.544454 0.015273 -0.346590 0.207380 -0.281656 -0.036642 0.130991 0.006039 0.009135 0.010113 0.070174 -0.087749 -0.037136 0.078813 
-0.528026 -0.656188 0.217339 -0.278400 0.145843 -0.208509 0.315192 -0.002313 -0.085615 -0.107632 0.099233 0.021728 -0.079142 0.076528 -0.025025 
-0.375974 -0.975653 0.139619 -0.449967 0.180210 0.012682 0.189641 -0.079700 -0.121027 0.047255 0.021794 0.030661 -0.043895 0.018553 -0.004460 
-0.273281 -0.878583 0.337810 -0.357255 0.212974 -0.245554 0.180757 0.064427 -0.216070 0.103956 0.049810 -0.031833 -0.025995 0.011366 0.013126 
-0.582578 -0.681624 0.391254 -0.517875 0.289083 -0.232092 0.168643 0.044525 -0.091185 0.019816 -0.004277 0.011347 0.013090 -0.050570 0.048622 
-0.550610 -0.667470 0.538900 -0.528692 0.046647 -0.225372 0.059162 0.148541 -0.099941 -0.004076 0.155778 -0.095304 0.000633 -0.052265 0.099538 
-0.657007 -0.928161 0.614715 -0.683780 0.048633 -0.182410 0.230031 0.149744 -0.012437 -0.070670 -0.057194 0.066570 -0.040369 -0.134694 0.206082 
-0.400761 -0.834364 0.386665 -0.656988 0.131396 -0.154634 0.200976 0.164294 -0.180907 0.059609 -0.037798 0.029827 -0.054768 -0.034544 0.148032 
-0.275972 -0.590810 0.579987 -0.690744 0.001115 -0.318939 0.014674 0.065868 -0.009167 0.207363 -0.041684 0.040054 0.067437 -0.151415 0.047141 
-0.352977 -0.844963 0.596334 -0.525956 0.138765 -0.197962 -0.024706 0.043889 -0.091997 0.165606 -0.073579 0.069102 0.002226 -0.115363 0.134097 
0.085571 -0.584210 0.904071 -0.308439 0.260014 -0.138575 -0.122061 0.087502 -0.180698 0.052825 -0.090127 0.067937 0.001739 -0.137724 0.145289 
0.442770 -0.801522 1.424779 -0.098878 -0.039765 0.013779 -0.259284 -0.006406 -0.221503 -0.197868 -0.076255 -0.017757 -0.157474 -0.107387 0.155990 
0.685971 -0.816480 1.563275 -0.157016 -0.123023 0.126664 -0.256936 0.030535 -0.261002 -0.160807 -0.087960 -0.015429 -0.163079 -0.130429 0.184097 
0.864902 -0.998523 1.744823 -0.132196 -0.195295 0.245628 -0.345939 0.109054 -0.287867 -0.163585 -0.055278 -0.082752 -0.140182 -0.135992 0.164261 
0.786076 -0.960235 1.712001 -0.015382 -0.295372 0.293465 -0.344546 0.084102 -0.249602 -0.230708 0.014780 -0.133666 -0.159043 -0.086353 0.122403 
0.779868 -0.861025 1.621561 -0.070152 -0.281618 0.310955 -0.327594 0.042320 -0.220108 -0.244779 0.042718 -0.127828 -0.193279 -0.015658 0.084297 
0.796366 -0.870820 1.740477 -0.128845 -0.268810 0.312734 -0.401152 0.150506 -0.300888 -0.235227 0.075738 -0.161281 -0.184330 -0.025037 0.110346 
0.619695 -0.674549 1.697919 -0.180409 -0.244807 0.298759 -0.351832 0.079844 -0.253063 -0.246670 0.068054 -0.155862 -0.197467 0.018053 0.071639 
0.618789 -0.654722 1.745226 -0.248331 -0.215541 0.352903 -0.385500 0.112751 -0.279918 -0.226164 0.087732 -0.209126 -0.177812 0.036382 0.050986 
0.620036 -0.610414 1.800616 -0.242002 -0.213014 0.366312 -0.442592 0.217067 -0.337679 -0.195168 0.109505 -0.227273 -0.159124 0.039958 0.043897 
0.532211 -0.572234 1.682411 -0.265981 -0.105548 0.366307 -0.395849 0.168922 -0.301471 -0.235958 0.128392 -0.257137 -0.190137 0.050961 0.015675 
0.520469 -0.459851 1.657002 -0.315865 -0.047328 0.343543 -0.384619 0.201908 -0.341174 -0.212822 0.127319 -0.269308 -0.196650 0.074055 -0.013516 
0.354955 -0.350394 1.590191 -0.183117 -0.077274 0.334527 -0.385620 0.190981 -0.331391 -0.229294 0.131532 -0.319571 -0.164752 0.054637 -0.042803 
0.435249 -0.355894 1.524290 -0.230199 -0.043396 0.332756 -0.318338 0.098363 -0.279585 -0.269492 0.143378 -0.325428 -0.177253 0.054716 -0.065239 
0.559882 -0.332670 1.412665 -0.152372 -0.103547 0.331679 -0.292960 0.076350 -0.279371 -0.305322 0.168385 -0.337205 -0.186454 0.059812 -0.059612 
0.537182 -0.137430 1.469326 -0.086000 -0.197586 0.283446 -0.270325 0.054609 -0.264127 -0.292830 0.144169 -0.328179 -0.178109 0.067041 -0.047949 
0.311998 -0.075274 1.394961 -0.227639 -0.064359 0.199452 -0.286488 0.094886 -0.346524 -0.237107 0.133608 -0.342675 -0.128863 0.049939 -0.032725 
0.117267 -0.145592 1.494626 -0.234208 -0.100001 0.153942 -0.298539 0.063221 -0.357041 -0.255979 0.145075 -0.348751 -0.134586 0.087142 -0.043947 
0.012738 0.011243 1.475758 -0.159171 -0.168541 0.145130 -0.274580 0.033569 -0.357020 -0.255567 0.142301 -0.367881 -0.107537 0.062526 -0.017609 
-0.044426 0.187755 0.653726 0.275788 -0.116912 -0.039150 -0.059584 -0.190766 -0.332366 -0.162834 0.045308 -0.304419 -0.166471 0.115421 -0.047526 
-0.165060 0.068784 0.487926 0.232089 -0.125851 0.123666 -0.215912 -0.144698 -0.172393 -0.115446 0.097256 -0.210970 -0.105304 0.130072 -0.044558 
-0.228371 0.014164 0.176992 -0.176452 -0.020449 0.239039 0.025809 -0.107199 -0.116051 -0.132726 0.224357 -0.034228 -0.101852 0.127047 -0.103575 
