city011_026
HARAJUKU
94
-0.421434 -0.001954 -0.255347 0.035591 0.075032 0.136138 -0.046826 -0.064717 -0.037422 0.095945 0.043869 -0.153139 0.110505 -0.010728 -0.066555 
-0.240584 0.047631 -0.080212 0.031500 0.076207 0.205461 0.027865 -0.088687 0.076013 -0.076393 0.088317 -0.062314 0.089555 -0.064434 -0.005492 
0.332645 0.258641 -0.153638 0.080821 0.102613 0.063597 -0.050774 0.052088 0.082799 0.021629 0.039830 -0.092409 0.062375 0.022335 -0.049112 
0.378930 -0.322166 -0.283401 0.066287 0.191993 0.216972 -0.011872 -0.023779 0.016953 0.094548 0.012318 -0.110584 0.032121 0.085052 -0.014959 
0.526776 -0.373288 -0.201315 0.120981 0.096148 0.134036 -0.049790 -0.096808 0.067982 0.065349 0.112294 -0.170747 -0.050984 0.140458 -0.012595 
0.663273 -0.621318 -0.158460 -0.112385 0.101888 0.141080 0.096206 0.098420 0.004739 -0.002419 -0.163679 -0.052397 0.155943 0.065048 -0.053957 
0.563052 -0.811868 0.050279 -0.092862 0.173989 0.157210 0.045851 0.023632 0.029239 0.089422 -0.184712 -0.072398 0.213646 0.016424 -0.100677 
0.622995 -0.870166 -0.189439 -0.351854 0.222080 0.115908 0.120458 0.165087 -0.212787 0.074069 -0.112471 -0.067159 0.057237 0.135376 0.056969 
0.599891 -1.099331 -0.260020 -0.269323 0.097491 0.104243 -0.047398 0.056419 0.102093 0.165705 -0.385035 -0.044604 0.189539 0.013150 -0.004153 
0.763971 -0.933196 -0.120618 -0.337623 0.206298 -0.021479 -0.047581 0.011736 0.080248 0.265606 -0.378690 -0.040071 0.140169 0.008920 0.009998 
1.655264 -0.708570 -0.219991 -0.221469 0.030373 0.052173 -0.000817 -0.056468 0.055521 0.218899 -0.147360 -0.159473 0.043743 0.078701 -0.000311 
1.589796 -1.231896 0.080192 -0.600981 -0.030980 0.116760 -0.075535 0.103823 0.026786 0.227572 -0.164603 -0.196365 0.093989 0.014781 0.013046 
1.322376 -1.316356 0.204310 -0.720272 0.045404 0.064629 -0.115027 0.122409 0.010951 0.295818 -0.121204 -0.241700 0.109157 -0.018303 -0.050274 
1.194907 -1.341091 0.208029 -0.727549 0.093027 0.011629 -0.114243 0.047711 0.066117 0.298999 -0.062539 -0.239475 0.065380 0.005046 -0.097306 
1.177072 -1.304625 0.227467 -0.711268 0.080743 -0.025417 -0.119023 0.031295 0.107595 0.342471 -0.056895 -0.283028 0.058071 -0.006060 -0.071951 
1.150342 -1.296867 0.257993 -0.660140 0.041690 -0.089342 -0.127546 0.043942 0.153844 0.349398 -0.072830 -0.271067 0.058076 0.002980 -0.110656 
1.172784 -1.289707 0.292816 -0.663782 0.039224 -0.145884 -0.148908 0.056669 0.181603 0.357608 -0.102727 -0.237597 0.072129 0.005993 -0.147342 
1.160468 -1.260795 0.316286 -0.602278 0.020560 -0.193234 -0.205393 0.122965 0.113113 0.382693 -0.062738 -0.257205 0.116059 0.011984 -0.156505 
1.255558 -1.277767 0.439532 -0.506212 0.063415 -0.200971 -0.387852 0.083190 0.180008 0.216487 -0.037958 -0.065894 0.133489 -0.034651 -0.013157 
1.217605 -1.320336 0.413954 -0.133929 -0.008258 -0.259634 -0.558532 0.094765 0.049558 0.140478 -0.038855 0.073623 0.199154 -0.057614 0.082604 
1.182561 -0.326538 0.299910 0.290797 -0.009349 0.003221 -0.138320 -0.185408 -0.036932 0.018381 -0.156003 -0.070357 0.097770 -0.094005 -0.036708 
1.343850 -1.150207 0.416528 -0.321421 0.020495 -0.219576 -0.489063 0.135565 0.085433 0.116417 -0.011892 0.033062 0.144623 -0.016477 0.001847 
1.241762 -1.223574 0.413968 -0.491599 -0.007386 -0.225745 -0.467218 0.006537 0.335339 0.133884 -0.017866 0.026613 0.190396 -0.037134 -0.093173 
1.259783 -1.205312 0.409491 -0.502399 -0.089328 -0.162118 -0.402531 -0.019754 0.406607 0.148473 -0.044264 0.016191 0.111683 -0.030103 -0.105388 
1.247110 -1.188742 0.433394 -0.610815 -0.016839 -0.167744 -0.335412 0.010173 0.407725 0.174370 -0.077486 -0.041073 0.089189 -0.061366 -0.094041 
1.185876 -1.225741 0.337945 -0.724677 0.069551 -0.119791 -0.361533 0.083299 0.351246 0.213109 -0.122936 -0.058796 0.086494 -0.095890 -0.049456 
1.222810 -1.256135 0.308284 -0.708134 0.129724 -0.176981 -0.271647 0.124667 0.265839 0.236818 -0.066078 -0.162169 0.028593 -0.022927 -0.056763 
1.257858 -1.326120 0.286954 -0.686852 0.101870 -0.210428 -0.125571 0.076844 0.154871 0.338893 0.004942 -0.324868 0.043096 0.076695 -0.172074 
1.210745 -1.317608 0.213765 -0.627341 0.058579 -0.177623 -0.105014 0.040499 0.159640 0.347493 -0.016880 -0.316451 0.066218 0.050294 -0.172645 
1.164053 -1.310987 0.166230 -0.608206 0.049928 -0.154527 -0.099322 0.036386 0.144793 0.365467 -0.022440 -0.322232 0.063873 0.034540 -0.148529 
1.185328 -1.324085 0.195993 -0.640452 0.077733 -0.188298 -0.042251 -0.001396 0.169179 0.365335 -0.035784 -0.319700 0.051284 0.023551 -0.126544 
1.194682 -1.294651 0.168479 -0.587858 0.049705 -0.149470 -0.071929 0.011916 0.141582 0.375585 -0.053489 -0.303903 0.054827 0.031221 -0.118464 
1.199464 -1.320926 0.145391 -0.608054 0.066096 -0.124909 -0.071264 0.027765 0.139963 0.356389 -0.079459 -0.292289 0.046380 0.045657 -0.117026 
1.203754 -1.329455 0.214289 -0.588070 0.058919 -0.173892 -0.050919 0.020797 0.194754 0.308610 -0.101360 -0.273431 0.074859 0.030577 -0.132810 
1.239380 -1.283382 0.227087 -0.562015 0.048618 -0.229160 -0.107634 0.059470 0.173717 0.333087 -0.106168 -0.249818 0.128912 0.006417 -0.164433 
1.263097 -1.209110 0.331235 -0.488674 -0.001716 -0.292295 -0.190781 0.106410 0.163610 0.307114 -0.086830 -0.207748 0.192835 0.005986 -0.230411 
1.351936 -1.203579 0.485933 -0.402236 -0.009617 -0.285236 -0.394941 0.136040 0.212370 0.122125 -0.049026 0.011266 0.171361 -0.070457 -0.050978 
1.448827 -1.179019 0.662750 -0.421224 0.016887 -0.182729 -0.536000 0.133473 0.032369 0.122295 -0.172065 0.132849 0.270894 -0.175129 0.107081 
1.231721 -0.875149 0.716334 -0.122527 0.082511 -0.077961 -0.525153 -0.025142 0.027889 -0.026869 -0.312143 0.118659 0.162950 -0.123139 0.092923 
0.877976 -0.189170 0.352622 0.475656 0.162825 0.063264 -0.244027 -0.206451 0.099903 -0.080026 -0.193576 -0.163720 -0.020528 -0.019403 -0.063125 
0.887952 -0.219774 0.272690 0.558300 0.086208 0.056426 -0.171674 -0.195826 0.063249 -0.014111 -0.199422 -0.105614 -0.013584 -0.024811 -0.063327 
0.424280 -0.202076 0.273787 0.236658 0.028040 0.004780 -0.231216 -0.018324 0.078816 0.067886 -0.090246 -0.039739 -0.013786 0.125534 -0.045093 
0.272435 -0.515386 0.164813 0.264689 0.106322 0.053446 -0.138918 -0.110726 0.099070 0.144154 -0.066461 -0.133988 0.045930 0.071097 0.021532 
-0.131050 -0.502042 0.210123 -0.110619 0.219560 -0.160217 -0.151108 -0.107712 -0.055291 0.224225 -0.094009 -0.041249 0.061468 -0.090248 0.176433 
-0.516877 -0.534271 0.271249 -0.265651 0.202546 -0.312240 -0.034160 0.038958 -0.057338 0.075935 0.023553 0.013743 -0.019932 -0.064090 0.119724 
-0.498742 -0.662517 0.272482 -0.374324 0.107084 -0.187099 0.156250 0.093830 -0.077386 -0.013590 -0.060467 0.145380 -0.070729 -0.128099 0.192692 
-0.465227 -0.655623 0.521708 -0.542257 0.043243 -0.138209 0.125769 0.166648 -0.098328 0.033459 -0.121346 0.130745 -0.022279 -0.175356 0.197135 
0.037199 -0.475486 0.802478 -0.317353 -0.089995 -0.149809 -0.009544 0.069236 -0.146252 0.012395 0.010414 0.067387 -0.012450 -0.107167 0.131481 
0.571141 -0.487733 0.984787 -0.058633 -0.227682 -0.207009 -0.135914 -0.026191 -0.174386 -0.050343 -0.075242 0.085469 0.082289 -0.167671 0.140824 
0.872779 -1.025771 1.358472 -0.102489 -0.160543 -0.105298 -0.344063 0.153702 -0.392814 -0.081472 -0.057158 -0.068996 0.132580 -0.204873 0.100740 
1.134413 -1.097671 1.327608 -0.035523 -0.269384 -0.047997 -0.360067 0.147417 -0.384007 -0.100224 0.001221 -0.124892 0.153348 -0.145927 0.029205 
1.142020 -1.085308 1.324840 -0.022186 -0.257118 -0.106503 -0.358789 0.161889 -0.396427 -0.097174 0.001773 -0.132898 0.176372 -0.130480 0.006923 
1.126548 -1.076096 1.250092 -0.009259 -0.220909 -0.170081 -0.350368 0.133655 -0.389788 -0.111196 0.002699 -0.138029 0.183469 -0.086914 -0.027701 
1.195246 -1.004476 1.178338 0.036255 -0.193979 -0.220594 -0.391896 0.205303 -0.380299 -0.098724 0.008545 -0.152151 0.234764 -0.063146 -0.071171 
1.211869 -1.054696 1.063391 0.033406 -0.085531 -0.282091 -0.367755 0.167253 -0.372817 -0.114658 -0.027296 -0.149538 0.222771 -0.049934 -0.092730 
1.275317 -1.002024 1.036220 0.127198 -0.098591 -0.238961 -0.431207 0.236710 -0.422829 -0.030551 -0.049814 -0.232314 0.294759 -0.092259 -0.069974 
1.265441 -0.840383 0.903634 0.182299 -0.017154 -0.282592 -0.377441 0.216907 -0.408796 0.033997 -0.133668 -0.207980 0.278519 -0.105817 -0.045127 
1.108147 -0.497229 0.667692 0.214373 0.119331 -0.322573 -0.213400 -0.006939 -0.220530 0.028316 -0.182302 -0.235671 0.224360 -0.033779 -0.112646 
0.626304 0.022837 0.223788 0.567190 0.122973 -0.108574 -0.054065 -0.008829 0.021610 0.005864 -0.134686 -0.153505 0.191352 -0.082674 -0.153898 
0.300225 0.042798 0.153619 0.560443 0.119671 -0.218945 0.002178 0.061773 -0.085998 -0.051983 -0.057335 -0.078965 0.110376 -0.129369 -0.045938 
-0.189828 -0.220200 0.113930 0.336191 -0.032321 -0.160536 0.111865 0.152558 -0.096285 0.012761 -0.018782 0.037640 0.028153 -0.041773 -0.049083 
-0.286086 -0.383152 -0.090002 0.152216 -0.029242 -0.129479 -0.022639 0.023591 0.016459 -0.009188 0.019475 -0.050301 0.069645 -0.022936 -0.060094 
-0.471063 -0.178304 -0.087391 -0.144755 -0.167645 -0.127394 0.051905 -0.033102 0.072437 0.040154 0.083776 -0.134051 0.085856 -0.026250 -0.072952 
-0.186710 -0.191394 -0.024865 0.083569 -0.166735 -0.003088 -0.106758 -0.071749 0.092878 0.045617 0.005731 -0.099091 0.076151 0.056255 -0.123212 
-0.082094 -0.668058 -0.361374 0.150883 0.201483 0.151735 -0.145710 -0.123972 0.081174 0.100610 -0.094833 -0.020408 0.078692 -0.065903 0.019333 
0.614008 -1.232434 -0.178467 0.004756 0.319854 -0.069580 -0.175690 -0.055601 0.059290 0.100457 -0.115092 0.050143 0.102364 -0.166008 0.008242 
0.454192 -0.795815 -0.090066 0.028943 0.044728 -0.233614 -0.207052 0.080616 0.028742 0.134631 -0.081500 0.007300 0.086961 -0.042058 -0.041210 
0.373901 -0.540778 0.229079 0.208608 0.023881 -0.099353 -0.209500 -0.039634 -0.059639 -0.113498 0.087729 0.033391 -0.069515 -0.072707 0.106524 
1.144318 -0.736909 0.825947 0.268840 -0.140877 -0.119557 -0.187544 0.080077 -0.342247 -0.181175 0.095254 -0.248204 0.042901 -0.026386 -0.058558 
1.442678 -0.993842 1.007207 0.105487 -0.131431 -0.007020 -0.243754 0.177364 -0.473488 -0.106965 0.078186 -0.265917 0.051257 -0.034556 -0.064969 
1.413346 -0.925206 0.959860 0.068802 -0.118491 -0.048659 -0.210699 0.118097 -0.432039 -0.155637 0.101399 -0.291831 0.079404 -0.019295 -0.087625 
1.384156 -0.881576 0.909314 0.045082 -0.119600 -0.060876 -0.252617 0.074899 -0.396740 -0.129588 0.088352 -0.267801 0.080840 0.021192 -0.080056 
1.403050 -0.950865 0.941956 -0.013379 -0.066907 -0.127670 -0.266956 0.031090 -0.387191 -0.068803 0.026244 -0.214378 0.069870 0.054630 -0.057283 
1.399969 -0.926653 0.920591 0.002804 -0.064775 -0.120198 -0.325216 -0.033892 -0.351479 0.010254 -0.034279 -0.215233 0.096319 0.078090 -0.037426 
1.373572 -0.923080 0.895470 -0.028418 -0.020377 -0.145640 -0.341915 -0.059621 -0.318789 0.006055 -0.028056 -0.227266 0.119198 0.080136 -0.026458 
1.389133 -0.887311 0.898204 -0.069349 -0.026400 -0.118191 -0.378399 -0.084618 -0.283868 0.004465 -0.029209 -0.220742 0.117879 0.103496 -0.024463 
1.332767 -0.850214 0.900207 -0.057565 -0.022785 -0.139250 -0.367586 -0.104692 -0.275406 0.011494 -0.054026 -0.198673 0.090446 0.132065 -0.029302 
1.418668 -0.884184 0.860268 -0.061668 -0.033512 -0.123718 -0.380795 -0.093600 -0.283928 -0.008901 -0.033027 -0.200138 0.088421 0.141489 -0.045721 
1.445103 -0.910390 0.834574 -0.048118 -0.024298 -0.147573 -0.372954 -0.092983 -0.280476 -0.020512 -0.021435 -0.206088 0.106200 0.124007 -0.035220 
1.406124 -0.886155 0.845228 -0.060319 -0.019564 -0.133620 -0.389869 -0.096423 -0.306147 0.014810 -0.019207 -0.230992 0.125361 0.112589 -0.016641 
1.346974 -0.915671 0.843770 -0.082170 -0.007483 -0.142370 -0.377627 -0.108441 -0.307152 -0.003820 -0.009275 -0.226852 0.121777 0.124958 -0.047515 
1.301305 -0.858028 0.830803 -0.056037 -0.041448 -0.110236 -0.407710 -0.103170 -0.314964 0.022604 0.001410 -0.248492 0.130103 0.133082 -0.031709 
1.377063 -0.968790 0.869480 -0.092826 -0.015271 -0.094812 -0.441940 -0.070935 -0.358009 0.025843 0.020088 -0.274720 0.142183 0.123263 -0.022949 
1.243033 -0.895271 0.760801 -0.009646 -0.056266 -0.071195 -0.455142 -0.067669 -0.358814 -0.026447 0.088824 -0.335775 0.168716 0.140608 -0.086188 
1.378040 -0.951809 0.801375 -0.097234 -0.042608 -0.087410 -0.437630 -0.020505 -0.424361 -0.032798 0.070181 -0.297229 0.184933 0.114422 -0.112940 
1.340796 -0.879466 0.777255 -0.032563 -0.095913 -0.088370 -0.464403 0.012580 -0.434417 -0.016288 0.061020 -0.313492 0.223350 0.086918 -0.091027 
1.279837 -0.699253 0.779925 -0.043925 -0.144179 -0.093818 -0.416841 -0.026875 -0.375756 -0.084604 0.111722 -0.338568 0.218295 0.111390 -0.105501 
1.195882 -0.503689 0.693977 0.018082 -0.103632 -0.133650 -0.398078 -0.071562 -0.329066 -0.080264 0.099503 -0.343570 0.190294 0.137090 -0.100028 
1.182207 -0.508223 0.621006 0.175500 -0.191785 -0.212192 -0.238428 -0.140218 -0.301224 -0.038992 0.033129 -0.308020 0.226383 0.091183 -0.126466 
0.675325 -0.185186 0.711495 0.102551 -0.128671 -0.264608 -0.282922 -0.138328 -0.310832 -0.027125 0.032355 -0.328857 0.228010 0.176850 -0.176721 
0.368256 0.025181 0.698417 0.032077 -0.200007 -0.118372 -0.291508 -0.107422 -0.322389 -0.022531 0.003058 -0.222019 0.139637 0.104537 -0.092794 
0.405422 0.345653 0.512536 0.096528 -0.228415 -0.139294 -0.250355 -0.203739 -0.356992 -0.011784 0.010456 -0.307620 0.205818 0.122878 -0.143259 
0.065599 0.392845 0.292874 0.078656 -0.139742 -0.146337 -0.259474 -0.271780 -0.202388 -0.102911 -0.059051 -0.088397 0.076098 0.051995 0.010937 
-0.101674 0.049401 0.131830 0.175910 -0.145834 -0.184745 -0.168115 -0.235822 -0.101700 0.079408 -0.010710 -0.070991 0.047256 0.135072 -0.018776 
