city011_020
TOOKYOO
89
-0.281121 0.127910 0.212498 0.253831 0.157661 0.214902 0.133066 0.071854 0.069694 0.088969 0.088298 0.031785 0.071700 0.046574 -0.015589 
-0.098945 0.218452 0.169015 0.055919 -0.019884 0.253329 0.192001 0.190083 0.018401 0.094368 0.035599 -0.003023 0.073867 0.094046 -0.041036 
0.279407 -0.772159 0.114175 -0.050601 -0.086956 -0.287833 -0.044731 0.196444 -0.008030 0.041947 -0.031907 0.031736 0.012214 -0.045129 0.001108 
0.860067 -0.815205 0.326938 -0.296549 0.140403 -0.324349 -0.138109 0.265730 -0.077053 0.101282 -0.049799 0.013141 0.022008 -0.032912 0.011643 
1.734930 -0.307475 0.502068 -0.132767 0.260881 0.034793 -0.035427 0.153816 -0.089332 -0.101843 -0.114977 -0.063914 0.039969 -0.044663 -0.053991 
1.983464 -0.173923 0.393894 -0.195245 0.047054 0.063018 -0.051460 -0.039717 -0.213753 0.041323 -0.080198 -0.021198 0.018665 -0.051794 0.027250 
1.881106 0.034168 0.154568 -0.519704 0.121171 0.193382 -0.262524 -0.056426 -0.071257 0.084532 -0.053701 -0.032644 0.014005 -0.063623 0.053864 
1.823666 -0.226409 0.244699 -0.668295 0.042392 0.171027 -0.229876 -0.059347 -0.315584 0.056792 -0.098757 0.050112 0.177626 -0.074781 0.059751 
1.646604 -0.726339 0.322080 -0.695375 -0.005882 -0.053229 -0.222235 0.040412 -0.249041 -0.114096 -0.120121 0.055236 0.360375 0.089472 -0.028478 
1.625558 -0.771936 0.350401 -0.698898 0.042293 -0.126041 -0.167387 0.053231 -0.186317 -0.124460 -0.125651 0.070522 0.282009 0.128461 -0.080192 
1.672207 -0.944480 0.439227 -0.665024 0.007326 -0.101863 -0.258711 0.141485 -0.192731 -0.014383 -0.112639 0.060880 0.275446 0.032241 -0.058450 
1.691463 -0.886573 0.454543 -0.697925 -0.033724 -0.155070 -0.203163 0.194959 -0.162533 -0.033261 -0.113092 0.007588 0.254732 0.053626 -0.048349 
1.737225 -0.865207 0.423635 -0.696994 -0.019721 -0.183412 -0.187264 0.237063 -0.187054 0.011868 -0.121519 -0.001990 0.218042 0.055669 -0.034940 
1.726038 -0.753375 0.362525 -0.733085 0.029246 -0.215083 -0.175663 0.229669 -0.149998 -0.010637 -0.126950 -0.018237 0.216872 0.047463 -0.004881 
1.759336 -0.760397 0.340231 -0.781377 0.049114 -0.196123 -0.200741 0.220181 -0.139542 0.018464 -0.196914 0.018576 0.231728 0.047086 0.025898 
1.668229 -0.675275 0.282313 -0.793804 0.055120 -0.179233 -0.232108 0.137184 -0.042308 -0.031772 -0.236173 0.042028 0.272759 0.073159 0.006951 
1.659707 -0.651095 0.270023 -0.800472 0.064062 -0.181280 -0.277109 0.113422 -0.005382 -0.074701 -0.249138 0.063759 0.290510 0.095109 0.012079 
1.685121 -0.705943 0.284456 -0.783554 0.060431 -0.181431 -0.300667 0.119912 -0.035454 -0.087917 -0.244169 0.109562 0.290387 0.101735 0.023058 
1.723911 -0.732548 0.271323 -0.740583 0.041812 -0.177047 -0.274057 0.116801 -0.042147 -0.074376 -0.234731 0.118771 0.288554 0.046895 0.057429 
1.717317 -0.763925 0.300784 -0.752303 0.039313 -0.165870 -0.261194 0.115567 -0.053237 -0.063912 -0.244316 0.126525 0.269122 0.065746 0.041683 
1.732906 -0.778726 0.301100 -0.744550 0.059383 -0.196911 -0.187093 0.098881 -0.057206 -0.053856 -0.204249 0.104151 0.251918 0.038574 0.043486 
1.718105 -0.786553 0.318208 -0.728403 0.022468 -0.173507 -0.187963 0.143557 -0.095797 -0.034020 -0.210166 0.098861 0.245012 0.026236 0.046046 
1.681498 -0.780303 0.335944 -0.742820 0.011225 -0.145597 -0.193982 0.161682 -0.117508 -0.021211 -0.214119 0.100970 0.228678 0.033169 0.045528 
1.673570 -0.757052 0.321124 -0.760835 0.040873 -0.185108 -0.176240 0.121721 -0.079086 -0.048414 -0.221657 0.095197 0.267339 0.030913 0.044548 
1.662758 -0.733956 0.289854 -0.745128 0.046195 -0.171576 -0.206523 0.120489 -0.082726 -0.048620 -0.215703 0.097837 0.280563 0.030087 0.038046 
1.692702 -0.773907 0.334655 -0.787934 0.079676 -0.222188 -0.203366 0.129522 -0.097316 -0.064457 -0.221393 0.098863 0.295543 0.065476 0.020357 
1.694401 -0.728531 0.301555 -0.776109 0.069714 -0.192753 -0.249215 0.163255 -0.134013 -0.024498 -0.254987 0.087920 0.287769 0.094550 0.012374 
1.602888 -0.657515 0.273533 -0.781835 0.087520 -0.235683 -0.205288 0.128423 -0.097970 -0.071110 -0.224799 0.066545 0.326670 0.083793 -0.004442 
1.570920 -0.644026 0.263095 -0.763439 0.089418 -0.253400 -0.203392 0.124138 -0.116883 -0.094699 -0.206106 0.087437 0.330848 0.100301 -0.028050 
1.624314 -0.675268 0.270205 -0.772757 0.131228 -0.232050 -0.210462 0.107136 -0.128241 -0.084330 -0.149724 0.060959 0.317967 0.082548 -0.018464 
1.635985 -0.686305 0.275646 -0.727045 0.080863 -0.242377 -0.158331 0.133541 -0.181454 -0.063953 -0.137206 0.027846 0.312396 0.090911 -0.034210 
1.660100 -0.728254 0.287640 -0.662585 0.055602 -0.247983 -0.123595 0.197888 -0.256848 -0.043411 -0.129741 -0.023853 0.282814 0.122869 -0.060420 
1.711458 -0.674147 0.291061 -0.636398 0.002938 -0.227203 -0.096683 0.234243 -0.255239 -0.085903 -0.141130 -0.043359 0.250255 0.125149 -0.031230 
1.732689 -0.633849 0.410699 -0.651216 -0.070965 -0.234238 -0.102306 0.217213 -0.289436 -0.122105 -0.143127 -0.111949 0.281609 0.127882 -0.025519 
1.828976 -0.351581 0.374077 -0.590306 -0.115983 -0.055568 -0.261745 0.072389 -0.303163 -0.006423 -0.104819 -0.202296 0.318224 0.006374 0.006704 
1.943970 0.002335 0.235459 -0.643750 -0.009041 0.083558 -0.123161 -0.047451 -0.502038 -0.003331 -0.069065 -0.165136 0.306377 -0.029187 -0.002084 
1.631174 0.194340 0.014265 -0.367347 0.315829 0.091210 0.034964 0.023918 -0.448381 -0.150309 -0.107162 0.036670 0.108738 -0.084002 0.002527 
1.329712 0.632969 0.290014 0.104908 0.070158 0.322108 0.121647 -0.160673 -0.085933 0.048200 -0.026149 -0.009537 0.024236 -0.043940 -0.067756 
0.711549 0.666264 0.338074 -0.014174 0.011941 0.276738 0.162004 -0.001825 -0.042565 0.038112 -0.028089 -0.039796 0.044892 0.017098 -0.069187 
0.351585 0.391952 -0.002589 -0.077614 -0.118754 0.262464 0.249108 0.083566 0.014061 0.092078 0.051156 -0.150498 0.108789 0.131182 -0.170510 
0.277961 0.304544 -0.012905 -0.242945 -0.272905 0.190681 0.272658 0.159000 -0.083291 -0.000609 0.010708 -0.206924 0.044534 0.175910 -0.104367 
0.077949 -0.065815 -0.319662 -0.224358 -0.147437 0.140193 0.097428 0.154122 0.037010 -0.053041 -0.060344 -0.156653 0.093480 0.067789 -0.081199 
-0.067500 0.030418 -0.156988 -0.384995 -0.242695 0.077517 0.156805 0.220955 -0.004536 -0.100040 -0.045890 -0.063301 -0.038679 0.040699 0.057888 
-0.485416 -1.129369 0.600834 -0.633395 -0.008476 0.196030 -0.126169 0.162751 -0.010544 0.014715 -0.123753 0.069485 -0.003335 -0.053170 0.080000 
-0.371053 -0.693745 0.476653 -0.578883 0.000892 0.152020 -0.263594 0.045112 0.123258 0.011089 -0.031809 0.060260 -0.072971 -0.004455 0.051886 
-0.492694 -0.208560 0.716488 -0.604964 0.009320 0.076069 -0.113880 -0.229314 0.109909 0.014915 -0.093619 0.178403 -0.127867 0.058542 0.037235 
0.156718 -0.630599 0.754876 -0.566867 -0.003994 -0.028973 -0.358362 0.029265 0.114640 -0.011580 -0.035772 0.133212 -0.019443 -0.012186 0.036395 
0.130390 -0.637046 0.940548 -0.399429 -0.145801 0.089227 0.045783 0.040870 -0.095287 0.041949 0.010789 -0.004355 -0.025888 -0.001035 0.048439 
0.456796 -0.403335 0.978999 -0.282319 -0.308139 0.012516 0.037443 -0.104976 -0.084275 0.025728 -0.012442 -0.001496 0.012148 -0.010791 0.022633 
0.977615 -0.334425 0.920189 0.191881 -0.358653 -0.057525 0.077700 -0.036831 -0.188122 0.037642 0.023493 -0.064613 -0.022299 0.073480 -0.123884 
1.598073 -0.993811 0.913468 0.192609 -0.369468 -0.233212 -0.243267 0.036137 -0.219290 -0.223463 0.082051 -0.046187 0.055381 0.089490 -0.088536 
1.591263 -0.942376 0.887628 -0.357941 -0.244391 -0.203577 -0.293934 0.093819 -0.322234 -0.008060 0.021417 -0.016477 0.183482 0.033736 -0.008185 
1.548903 -1.016107 0.612171 -0.473744 0.064083 -0.065646 -0.420649 -0.130606 -0.326766 0.119707 0.006828 0.063532 0.132848 0.045617 0.023283 
1.699072 -1.117184 0.524512 -0.480499 -0.078712 0.019888 -0.317901 -0.040685 -0.391520 -0.044922 0.140351 0.009810 0.237643 0.090150 -0.126789 
1.707095 -1.036611 0.430015 -0.662367 -0.089957 0.044410 -0.207265 0.001599 -0.377851 -0.035603 0.050127 0.063107 0.312987 0.127618 -0.154079 
1.670566 -0.925680 0.270863 -0.681839 -0.081617 -0.048488 -0.159990 0.051181 -0.289191 -0.071035 0.003868 0.133328 0.308706 0.139809 -0.118501 
1.683756 -0.841189 0.294519 -0.752132 -0.111281 -0.068112 -0.196230 0.097485 -0.176861 -0.135807 0.034396 0.066128 0.273036 0.194462 -0.106404 
1.672959 -0.751515 0.269936 -0.771592 -0.143100 -0.131058 -0.182367 0.224743 -0.214064 -0.119786 -0.028224 0.082097 0.246021 0.196447 -0.038700 
1.631319 -0.740170 0.276894 -0.801708 -0.128630 -0.168579 -0.160778 0.235274 -0.209951 -0.106995 -0.053402 0.065625 0.276275 0.184235 -0.029829 
1.616230 -0.750225 0.297084 -0.813331 -0.141715 -0.166938 -0.125137 0.218655 -0.202024 -0.093126 -0.076474 0.075200 0.286480 0.153849 -0.006513 
1.629696 -0.770740 0.271203 -0.803103 -0.137569 -0.194446 -0.086444 0.230275 -0.231442 -0.046370 -0.074260 0.058080 0.276364 0.165172 -0.025487 
1.615479 -0.798617 0.284725 -0.806109 -0.146452 -0.228877 -0.056461 0.219752 -0.228166 -0.029686 -0.070364 0.046669 0.306117 0.141794 -0.020863 
1.591598 -0.789594 0.272490 -0.788643 -0.175586 -0.215923 -0.034742 0.208957 -0.221283 -0.023534 -0.062823 0.064132 0.289268 0.123879 -0.020553 
1.615256 -0.791932 0.275088 -0.767186 -0.202274 -0.252783 -0.035515 0.214414 -0.208661 -0.037638 -0.029590 0.049231 0.284554 0.129887 -0.015417 
1.592139 -0.808385 0.267320 -0.760559 -0.205766 -0.247988 -0.039840 0.216929 -0.210512 -0.030352 -0.014875 0.040274 0.298613 0.114209 -0.017253 
1.634580 -0.861698 0.295632 -0.739758 -0.229922 -0.257588 -0.042577 0.224953 -0.196777 -0.047827 -0.001657 0.059262 0.264371 0.123634 -0.021891 
1.671927 -0.898015 0.280528 -0.703135 -0.235000 -0.261047 -0.035775 0.213824 -0.190281 -0.052549 0.009041 0.061064 0.264805 0.114473 -0.024018 
1.673553 -0.873924 0.259087 -0.697231 -0.223247 -0.258777 -0.057478 0.241213 -0.222821 -0.013981 -0.009161 0.058931 0.273949 0.095015 -0.010981 
1.673215 -0.873315 0.277939 -0.699584 -0.232511 -0.253872 -0.069550 0.230357 -0.206899 -0.033338 -0.001755 0.053718 0.272812 0.113321 -0.024810 
1.673090 -0.861461 0.240246 -0.670999 -0.234816 -0.275209 -0.060662 0.220442 -0.193016 -0.033390 -0.009027 0.062849 0.262510 0.138329 -0.049664 
1.719444 -0.894634 0.246078 -0.656825 -0.230958 -0.296816 -0.067625 0.232035 -0.197585 -0.028766 -0.008134 0.055763 0.266729 0.141594 -0.053086 
1.743870 -0.919964 0.295297 -0.699091 -0.211767 -0.304317 -0.086858 0.255831 -0.220747 -0.012954 -0.028174 0.054632 0.284894 0.132545 -0.033846 
1.764457 -0.886362 0.239329 -0.666791 -0.209151 -0.325059 -0.072449 0.234301 -0.194019 -0.024846 -0.024095 0.040590 0.287566 0.138055 -0.026687 
1.798562 -0.874117 0.229277 -0.659133 -0.194488 -0.331019 -0.100331 0.250815 -0.201215 -0.013131 -0.022727 0.023749 0.295189 0.130002 -0.021636 
1.846767 -0.883416 0.222364 -0.662344 -0.199008 -0.289084 -0.156263 0.273190 -0.210895 -0.000281 -0.035538 0.017470 0.308258 0.134384 -0.027167 
1.799492 -0.806282 0.178764 -0.679703 -0.197887 -0.282806 -0.154790 0.260317 -0.187876 0.001481 -0.070997 0.024198 0.291154 0.181639 -0.049243 
1.832995 -0.742398 0.133746 -0.682706 -0.207692 -0.284260 -0.152455 0.232790 -0.135948 -0.038376 -0.058397 0.006716 0.274108 0.213933 -0.045940 
1.780970 -0.638611 0.116148 -0.668461 -0.289433 -0.213852 -0.186861 0.206543 -0.062330 -0.095598 -0.030698 -0.015235 0.297905 0.183232 -0.049739 
1.780450 -0.520168 0.173700 -0.754514 -0.309392 -0.126437 -0.280835 0.259812 -0.099129 -0.114800 0.011967 -0.035171 0.283676 0.140289 0.036614 
1.688667 -0.231909 0.155612 -0.921888 -0.314168 -0.036578 -0.241595 0.142274 -0.080543 -0.067124 0.008148 -0.075749 0.302685 0.130794 0.065809 
1.722041 0.024647 0.204289 -1.017324 -0.416081 0.095985 -0.165077 0.060922 -0.120715 -0.017339 0.004883 -0.094274 0.374505 0.087319 0.037786 
1.666827 0.253170 0.163864 -1.008958 -0.426867 0.074478 -0.164933 0.053026 -0.092559 0.009823 -0.046808 -0.050567 0.334640 0.044145 0.089953 
1.641821 0.250534 0.110627 -0.937927 -0.434951 0.077776 -0.100805 0.005528 -0.088235 -0.047912 -0.013772 -0.069958 0.330833 0.117947 0.027932 
1.403477 0.346761 0.053651 -0.865625 -0.400213 0.110428 -0.023056 0.115182 -0.129592 0.053679 -0.125378 -0.112398 0.263279 0.025451 0.054198 
1.475453 0.362765 0.013063 -0.906485 -0.474591 -0.001289 0.024600 -0.009688 -0.137480 0.040836 -0.096497 -0.024036 0.332788 0.172611 0.021281 
1.036769 0.339585 0.015166 -0.806655 -0.354412 -0.000534 -0.011165 -0.025704 -0.156352 0.009649 -0.082548 -0.019888 0.308708 0.084060 0.063831 
0.971054 0.482686 -0.220741 -0.490549 -0.593219 -0.106219 -0.042404 -0.012934 -0.077351 -0.055128 0.020846 0.001018 0.189158 0.193164 0.029202 
0.553224 0.264558 -0.136732 -0.464815 -0.643524 0.022877 0.021250 -0.065223 -0.037100 -0.132007 0.051511 0.096473 0.134617 0.199271 0.046620 
0.164514 0.248790 -0.187923 -0.610184 -0.389690 0.257215 0.217659 0.109065 -0.034738 -0.068708 -0.088682 -0.160974 0.119176 0.129240 -0.024884 
