city011_037
YUSHIMA
62
-0.189330 0.277415 0.276870 0.104387 0.093693 0.241486 -0.032667 -0.177167 -0.063842 0.062828 0.055402 -0.147171 0.042447 -0.037039 -0.042491 
0.338848 0.065786 1.186992 0.325676 -0.308520 0.193085 -0.126543 0.004239 -0.121981 -0.181586 0.037622 -0.147774 -0.049931 -0.039910 -0.052427 
0.648970 -0.293501 1.361578 0.161121 -0.324375 0.132201 -0.196770 -0.003609 -0.302752 -0.214790 0.014868 -0.270267 -0.023365 -0.125209 -0.018700 
0.794199 -0.561703 1.475422 0.108584 -0.372459 0.118311 -0.197605 0.013871 -0.386229 -0.184691 0.065728 -0.334926 -0.000077 -0.077827 -0.045990 
0.978134 -0.715408 1.409898 0.051899 -0.393301 0.120672 -0.204656 0.030412 -0.429410 -0.167750 0.117042 -0.370715 0.026096 -0.027336 -0.080214 
1.105474 -0.832693 1.388582 0.061372 -0.284423 -0.031787 -0.233906 0.100316 -0.438572 -0.153225 0.080143 -0.285773 0.039377 -0.028996 -0.071422 
1.213422 -0.933616 1.266211 -0.008324 -0.166284 -0.137225 -0.202549 0.082876 -0.414544 -0.102551 -0.016002 -0.155624 0.025180 -0.028622 -0.055763 
1.199849 -0.905168 1.177772 0.041864 -0.133313 -0.199735 -0.226691 0.023859 -0.281824 -0.149618 -0.056924 -0.112650 0.095936 -0.048681 -0.085780 
1.198702 -0.922821 1.273145 0.031358 -0.155929 -0.158299 -0.343547 0.102032 -0.312375 -0.118937 -0.103550 -0.094911 0.146659 -0.097641 -0.044369 
1.275576 -0.933484 1.239552 -0.041058 -0.108862 -0.216868 -0.315925 0.094101 -0.311614 -0.094483 -0.125371 -0.044183 0.147338 -0.109983 -0.012560 
1.394932 -0.879345 1.083250 0.023011 -0.201919 -0.211907 -0.269631 0.067049 -0.233452 -0.071237 -0.097734 0.026248 0.147293 -0.115762 0.022589 
1.588499 -0.626840 0.879284 0.285127 -0.132085 -0.262124 -0.194928 0.112649 -0.247598 0.009538 -0.129115 0.044575 0.173623 -0.197338 0.082533 
1.291232 -0.276299 1.176289 -0.089591 0.081344 -0.159906 -0.017356 0.226794 -0.214957 -0.054734 -0.074843 0.029102 -0.009715 -0.186579 0.033151 
0.568491 -0.187921 1.088352 -0.167430 0.211874 -0.301889 0.142694 0.227513 -0.235006 0.008485 0.051024 0.047400 -0.052620 -0.100177 0.103955 
-0.040646 -0.437190 0.970488 -0.376094 0.366811 -0.290109 0.245780 0.164035 -0.253509 0.116373 0.037001 -0.009411 0.019532 -0.117478 0.155333 
-0.389235 -0.390209 0.818554 -0.436738 0.385193 -0.264783 0.433770 0.143710 -0.267179 0.211047 -0.069727 0.083943 -0.013347 -0.055955 0.158708 
-0.561746 -0.478833 0.825566 -0.696395 0.076818 -0.379101 0.235937 0.159380 -0.177392 0.119229 0.022024 0.002382 -0.069229 -0.063946 0.138496 
-0.692077 -0.629677 0.632736 -0.611001 0.325711 -0.331069 0.202269 0.108706 -0.142278 -0.018612 0.067243 0.011133 -0.044382 -0.049767 0.108857 
-0.605294 -0.505419 0.438671 -0.512423 0.517848 -0.151979 0.215232 -0.080534 -0.178762 0.097089 0.072896 -0.052218 0.059218 -0.080911 0.038017 
-0.585838 -0.250648 0.642396 -0.469150 0.327652 -0.268091 0.358389 -0.098806 -0.131974 0.090844 -0.021468 0.060968 -0.073953 -0.024927 0.178059 
-0.440387 -0.382855 0.575204 -0.635347 0.244542 -0.280016 0.357624 -0.015407 -0.182486 0.087999 0.045577 -0.100124 0.041668 0.006640 0.064673 
-0.528457 -0.388980 0.707667 -0.688182 0.109164 -0.347259 0.193366 -0.038854 -0.000590 0.093771 -0.032014 0.039928 -0.016006 -0.049018 0.061282 
-0.605013 -0.488042 0.874371 -0.485926 -0.012467 -0.296256 0.181671 -0.093443 0.001691 0.058656 -0.051015 0.102213 -0.031610 -0.079085 0.113883 
-0.594620 -0.429472 1.061178 -0.634863 0.135164 -0.246205 0.050247 -0.104867 -0.047476 0.091217 -0.072457 0.040172 0.071520 -0.103397 0.103110 
-0.723185 -0.579599 0.939901 -0.759891 0.191296 -0.178136 0.120649 0.014297 -0.093868 0.076503 -0.008730 -0.000395 0.008258 -0.054126 0.100148 
-0.562012 -0.452878 0.986865 -0.837448 0.073396 -0.137233 0.102804 -0.037499 -0.012237 0.068233 -0.023582 0.027914 -0.020852 -0.035633 0.089389 
-0.604816 -0.566223 0.869949 -0.856762 0.040726 0.047414 -0.067465 -0.043344 -0.021787 0.142532 -0.056225 -0.015719 0.111514 -0.167703 0.115886 
-0.747379 -0.644821 0.886763 -0.701909 0.113716 -0.049016 -0.005559 -0.082400 -0.044236 0.171472 -0.100915 0.027220 0.053056 -0.121305 0.142291 
-0.319778 -0.257848 1.037597 -0.407816 0.335230 0.056300 0.124993 0.007308 -0.147544 0.219843 -0.104939 0.047192 0.057524 -0.160411 0.181956 
0.448761 -0.214003 1.320903 -0.255074 -0.020588 0.013292 -0.070159 0.001802 -0.244034 -0.117987 -0.029022 -0.027631 -0.180294 -0.074349 0.217371 
0.530870 -0.290413 1.516997 -0.127837 -0.218602 0.103956 -0.178381 -0.030874 -0.271968 -0.105704 -0.094185 -0.050113 -0.127476 -0.115318 0.220648 
0.696785 -0.481653 1.558995 -0.108624 -0.228274 0.251432 -0.335203 0.126786 -0.329220 -0.147789 -0.001352 -0.166897 -0.087449 -0.128663 0.145845 
0.583899 -0.421391 1.579902 -0.112126 -0.231634 0.258814 -0.275274 0.065709 -0.277731 -0.151758 0.002986 -0.196006 -0.056151 -0.114365 0.072681 
0.780753 -0.792399 1.457960 0.067493 -0.364956 0.339051 -0.262838 0.001924 -0.244353 -0.218461 0.107747 -0.294729 -0.032516 -0.042312 -0.026379 
0.967948 -0.838514 1.079525 0.339293 -0.221653 0.054182 -0.124629 0.055906 -0.245542 -0.244380 0.181051 -0.263733 -0.100146 0.047590 -0.098209 
1.078258 -0.672298 0.677934 0.558372 -0.215725 0.170490 -0.160632 -0.163275 -0.145326 -0.159530 0.076477 -0.311621 -0.059935 -0.000028 -0.071487 
1.256633 -0.615116 0.778285 0.484972 -0.254431 0.120124 -0.144400 -0.179151 -0.153830 -0.067652 -0.030601 -0.251681 -0.025884 0.022971 -0.050115 
1.329696 -0.651259 0.838758 0.451063 -0.222763 0.040236 -0.124352 -0.166550 -0.175732 0.006161 -0.052391 -0.223098 -0.025704 0.080073 -0.068052 
1.203528 -0.606444 0.811834 0.443839 -0.281877 0.090025 -0.147213 -0.128456 -0.210318 0.021221 -0.062793 -0.237393 0.043608 0.016317 -0.060864 
1.190824 -0.702787 0.832680 0.455954 -0.248151 0.059372 -0.098476 -0.182216 -0.132575 -0.038829 -0.029237 -0.265937 0.041076 0.034137 -0.100633 
1.209408 -0.645407 0.722965 0.410530 -0.296239 0.125357 -0.144709 -0.206633 -0.140013 0.032167 -0.001152 -0.281935 0.091243 0.034855 -0.053911 
1.525702 -1.013354 0.622215 -0.077005 -0.263351 0.047233 -0.196020 0.157806 -0.398066 -0.135972 0.192335 -0.245458 0.225697 0.024678 -0.123312 
1.693974 -1.138568 0.488160 -0.161018 -0.140172 0.041293 -0.296564 0.025705 -0.182739 0.317145 0.067697 -0.277869 0.207611 0.011709 -0.026749 
1.633727 -1.064930 0.260265 -0.229893 -0.038448 0.007511 -0.349463 0.183372 -0.030664 0.212663 0.072338 -0.304784 0.141762 0.037488 0.014960 
1.567330 -1.095066 0.133480 -0.261519 -0.076716 0.044044 -0.253534 0.114436 -0.045321 0.351077 0.021582 -0.366628 0.144951 0.036395 0.018763 
1.569090 -1.134782 0.132991 -0.312416 -0.060837 0.090742 -0.191039 0.051454 -0.035635 0.357412 0.041067 -0.360375 0.068727 0.080613 -0.012632 
1.592722 -1.098710 0.012847 -0.393804 -0.008597 0.071358 -0.153363 0.053689 -0.083245 0.386451 0.005244 -0.351557 0.126909 -0.019719 0.041592 
1.611497 -1.099695 -0.101270 -0.439868 -0.003296 0.135946 -0.164154 0.039520 -0.082282 0.353064 0.057803 -0.364909 0.100894 -0.004925 0.036194 
1.685881 -1.159615 -0.113140 -0.411904 -0.079001 0.219177 -0.158771 0.074489 -0.082283 0.339223 0.048544 -0.371482 0.074663 -0.010450 0.040670 
1.607186 -1.146677 -0.158040 -0.386853 -0.033767 0.231810 -0.138018 0.060021 -0.149427 0.410286 -0.007672 -0.340011 0.095614 -0.055263 0.058647 
1.609477 -1.081040 -0.196697 -0.397844 -0.014659 0.191406 -0.095332 0.013705 -0.117429 0.367396 0.005820 -0.331225 0.110067 -0.048576 0.052051 
1.751227 -1.107353 -0.288700 -0.320587 -0.030377 0.159896 0.020184 -0.073877 -0.091048 0.378544 -0.006164 -0.325639 0.087075 -0.074087 0.082120 
1.695841 -1.005118 -0.366201 -0.193493 -0.111522 0.239624 0.018008 -0.083343 -0.038809 0.315957 0.037786 -0.344641 0.039273 -0.022225 0.040046 
1.657637 -1.124596 -0.208814 -0.362482 -0.065093 0.277437 -0.053195 -0.034292 -0.071095 0.323588 0.000298 -0.325687 0.078926 -0.043485 0.055697 
1.482490 -0.932033 -0.178403 -0.398421 -0.010069 0.186118 -0.041810 0.045887 -0.114933 0.333746 -0.016975 -0.351524 0.128311 -0.048653 0.061775 
1.584031 -0.708309 -0.308870 -0.103105 -0.071528 0.024701 0.098089 -0.144612 -0.020318 0.363666 0.008778 -0.273941 0.070908 -0.089604 0.056288 
1.372984 -1.166246 -0.242030 -0.403887 -0.014882 0.115708 -0.019519 0.008276 -0.089302 0.337928 -0.018906 -0.318695 0.155113 -0.070906 0.017819 
1.260585 -0.409222 -0.309163 -0.125611 -0.047066 0.176331 0.133968 -0.035784 0.022198 0.351411 -0.062781 -0.289346 0.021088 -0.005026 0.051541 
1.476665 -0.962376 -0.334177 -0.264673 -0.002404 0.136129 -0.054621 0.031860 -0.157547 0.372173 -0.036712 -0.318923 0.154997 -0.055465 0.068623 
0.744064 -0.390824 -0.272263 -0.266360 -0.043706 0.182614 0.022961 -0.039625 0.070700 0.372244 -0.028573 -0.359314 -0.021324 -0.005156 0.074627 
1.400770 -0.106585 -0.481908 -0.179818 -0.012651 0.186615 0.058965 -0.059492 -0.025940 0.258012 0.024216 -0.264170 0.085379 -0.102884 0.047413 
0.842603 -0.009520 -0.503371 -0.155618 -0.029349 0.236338 -0.027857 -0.079533 0.171879 0.279763 -0.024005 -0.209870 -0.062869 -0.082290 0.124277 
