city011_016
TAKAO
63
-0.276095 0.006993 0.003646 0.110287 0.080609 0.283141 0.028935 0.062955 -0.057395 -0.002616 0.074879 0.038497 -0.003270 0.029207 -0.062083 
1.018773 -0.670827 0.118858 -0.508578 -0.179573 -0.000884 -0.146287 0.063722 -0.010697 0.116596 0.003908 0.107712 -0.011014 -0.085998 0.071773 
1.054535 -0.398076 0.490145 -0.016699 0.035439 -0.052195 -0.124797 0.064924 0.176611 0.282819 -0.274796 0.106874 0.134975 -0.115307 0.075387 
0.622419 -0.923349 0.347145 -0.251219 0.018082 -0.182131 0.132134 0.182282 -0.075243 0.242098 -0.421604 0.182388 0.093326 -0.217480 0.172550 
0.571153 -1.258100 0.191208 -0.350461 0.152567 -0.075094 0.010997 0.169332 0.046784 0.154077 -0.484467 0.124460 0.187731 -0.155568 0.119913 
1.250924 -1.097701 0.187731 -0.340771 0.053088 -0.041429 -0.068211 0.183232 0.000739 0.164752 -0.370604 0.071453 0.203031 -0.189956 0.089508 
1.708072 -1.016818 -0.017795 -0.554380 -0.026319 0.050160 -0.029041 0.135726 -0.010335 0.226108 -0.367659 -0.083997 0.272591 -0.109899 0.081036 
1.324853 -1.317686 0.124748 -0.635914 0.087794 -0.018596 -0.004589 0.117348 0.085271 0.246138 -0.270602 -0.210162 0.114805 0.042973 -0.005584 
1.220918 -1.348630 0.199097 -0.669358 0.203673 -0.099289 -0.019179 0.094938 0.079345 0.272153 -0.177385 -0.303812 0.133892 0.056783 -0.035900 
1.181964 -1.285700 0.240849 -0.595815 0.220895 -0.259293 -0.093811 0.063983 0.100426 0.332498 -0.137462 -0.268317 0.144965 0.076044 -0.152545 
1.205878 -1.203775 0.308044 -0.440797 0.191924 -0.438225 -0.163214 -0.002550 0.078856 0.361174 -0.097378 -0.175129 0.213632 0.067360 -0.153120 
1.414751 -1.266015 0.428584 -0.238576 0.129032 -0.356988 -0.332467 0.039959 -0.108321 0.328816 -0.176616 -0.076114 0.285770 0.047034 -0.091045 
1.142568 -0.976286 0.496074 0.062988 0.152846 -0.380134 -0.400502 -0.033926 -0.135048 0.114490 -0.168257 -0.104153 0.176018 0.195893 -0.138990 
0.809412 -0.242771 0.274422 0.365865 -0.000237 -0.170321 -0.224607 -0.005968 0.065934 -0.066742 -0.038673 -0.163739 0.109663 0.155998 -0.239357 
0.529896 -0.287654 -0.094862 0.130360 0.154646 -0.067881 -0.191238 -0.060973 0.106970 0.155876 -0.057438 -0.206027 0.109509 0.119432 -0.099018 
0.004049 -0.626707 -0.408618 0.110209 -0.044077 -0.043477 -0.088116 0.015676 0.149926 0.141706 -0.097063 -0.233721 0.094693 0.142571 -0.091646 
0.003823 -0.697339 -0.295339 0.100483 -0.063856 -0.087595 -0.105493 -0.018661 0.138087 0.136241 -0.053179 -0.147915 0.067914 0.039546 -0.034817 
0.164057 -0.756387 -0.323834 0.113148 -0.080377 -0.165012 -0.092019 0.069294 0.135548 0.126805 -0.034239 -0.202297 0.045043 0.148384 -0.140498 
-0.026532 -0.601466 -0.272453 0.109696 -0.152165 -0.122014 -0.091679 -0.030739 0.177490 0.203288 -0.057790 -0.276601 0.145428 0.098726 -0.121952 
0.581057 -1.189213 -0.308620 -0.131146 0.313677 -0.281240 -0.249289 0.095687 0.222459 0.077751 -0.128501 0.013179 0.025905 0.004991 -0.111124 
0.732265 -1.002701 0.005653 0.069003 0.477672 -0.447476 -0.274237 0.180515 0.116968 -0.042273 -0.165550 0.106838 0.000340 0.084262 -0.109127 
1.413422 -1.283494 0.369428 -0.161371 -0.081750 -0.377543 -0.271316 0.069658 -0.042438 0.248563 0.012019 -0.033090 0.142467 0.100537 -0.078179 
1.500794 -1.426751 0.254445 -0.308388 -0.000447 -0.379255 -0.322001 0.161387 -0.059539 0.287744 0.163099 -0.164482 0.147527 0.127770 -0.124314 
1.407882 -1.227097 0.196333 -0.484802 0.058606 -0.369308 -0.225441 0.081104 0.044172 0.348682 0.163551 -0.228024 0.047548 0.144306 -0.114939 
1.389239 -1.090995 0.165422 -0.516894 -0.005461 -0.240376 -0.160302 0.014194 0.099403 0.388077 0.127804 -0.223871 -0.082631 0.133417 -0.088255 
1.321369 -1.167715 0.138160 -0.579448 0.007665 -0.167606 -0.117994 -0.015949 0.084936 0.453072 0.096950 -0.252445 -0.122846 0.096857 -0.045832 
1.273404 -1.217010 0.094837 -0.634903 0.007830 -0.108706 -0.077953 -0.023213 0.049213 0.439413 0.122309 -0.251636 -0.135984 0.047195 -0.051512 
1.254173 -1.277672 0.076179 -0.698289 0.051557 -0.113149 -0.004695 -0.051760 0.053775 0.388800 0.143362 -0.241847 -0.125916 -0.017259 -0.055233 
1.307077 -1.341661 0.035333 -0.700731 0.010841 -0.061754 0.012404 -0.040791 0.044246 0.346837 0.138845 -0.191612 -0.141173 -0.023241 -0.114731 
1.369936 -1.287680 -0.021104 -0.728593 0.024368 -0.028417 -0.017275 0.016102 -0.009967 0.325286 0.163551 -0.181912 -0.148874 -0.017114 -0.113583 
1.406945 -1.330284 0.038376 -0.749438 -0.011111 0.018115 -0.009588 -0.038757 0.062831 0.253042 0.204582 -0.166099 -0.178149 -0.017583 -0.143846 
1.417390 -1.293906 0.000308 -0.719499 -0.082419 0.058458 -0.037170 -0.014311 0.025237 0.283793 0.183133 -0.133847 -0.146561 -0.038589 -0.171356 
1.493120 -1.245807 0.017149 -0.742352 -0.092113 0.068734 -0.045471 0.003555 0.017137 0.256000 0.211474 -0.135520 -0.167269 -0.002272 -0.186545 
1.419705 -1.158004 0.042565 -0.754393 -0.112829 0.056079 -0.037231 -0.001960 0.007138 0.212438 0.249684 -0.054605 -0.186707 -0.040861 -0.163896 
1.403352 -1.196771 0.073211 -0.802728 -0.124234 0.086949 -0.055165 -0.046276 -0.011952 0.268854 0.204085 0.004359 -0.119395 -0.090786 -0.198789 
1.389981 -1.040058 0.113104 -0.884033 -0.136379 0.125762 -0.054368 -0.031892 -0.080779 0.293339 0.221013 -0.027542 -0.047865 -0.119349 -0.220304 
1.423209 -1.011129 0.174581 -0.962692 -0.117805 0.107739 -0.017859 -0.064341 -0.121416 0.309019 0.211843 -0.006029 0.035501 -0.152738 -0.243754 
1.402984 -0.962238 0.114788 -0.915499 -0.153349 0.099556 -0.023244 -0.034478 -0.171342 0.261693 0.229527 0.003160 0.120844 -0.116068 -0.275203 
1.442050 -0.904336 0.182169 -0.963385 -0.187610 0.117531 -0.043895 -0.009309 -0.200332 0.212888 0.205216 0.035090 0.190266 -0.070575 -0.255900 
1.382447 -0.877791 0.161147 -0.861465 -0.237758 0.036746 -0.032961 0.026707 -0.187177 0.120067 0.175957 0.049693 0.267242 -0.013724 -0.214503 
1.571183 -1.024855 0.230184 -0.782475 -0.315575 0.025195 -0.093292 0.106116 -0.212376 0.069437 0.112079 0.068301 0.347490 0.016782 -0.153339 
1.566266 -0.763364 0.123291 -0.713016 -0.310095 0.012763 -0.142129 0.106928 -0.182139 0.022515 0.092465 0.026155 0.359608 0.047902 -0.113071 
1.640245 -0.826030 0.191161 -0.683476 -0.356230 -0.051936 -0.146842 0.190833 -0.196371 -0.001287 0.047322 0.029959 0.386211 0.027580 -0.045245 
1.679080 -0.842698 0.266138 -0.720163 -0.373462 -0.098782 -0.142536 0.201042 -0.146264 -0.045210 0.002029 0.042576 0.356626 0.080538 -0.027676 
1.686828 -0.706137 0.221460 -0.714882 -0.322267 -0.153712 -0.147003 0.199356 -0.150959 -0.028586 0.001519 0.001483 0.326977 0.112098 -0.034841 
1.699653 -0.666270 0.239515 -0.720560 -0.334509 -0.158704 -0.181328 0.263771 -0.154357 -0.059535 -0.001468 -0.027835 0.321774 0.097296 0.006198 
1.690179 -0.272219 0.228349 -0.963214 -0.280379 -0.033548 -0.126118 0.183473 -0.249830 0.059798 -0.024195 -0.126000 0.333589 0.112491 0.029170 
1.753252 -0.353630 0.243297 -0.911039 -0.307587 -0.062285 -0.148209 0.208544 -0.263863 0.069805 -0.014865 -0.136683 0.317628 0.137682 0.013731 
1.698915 -0.096325 0.301971 -0.964020 -0.436552 0.126217 -0.129700 0.162446 -0.236152 0.014208 0.030815 -0.203284 0.342960 0.160782 -0.066342 
1.705226 -0.137377 0.312056 -0.939088 -0.430801 0.091040 -0.126775 0.157202 -0.214788 0.013175 0.040119 -0.198106 0.311435 0.150243 -0.051300 
1.681969 -0.069052 0.329975 -0.885798 -0.497644 0.089304 -0.116345 0.181372 -0.221549 0.031890 0.023684 -0.227181 0.295074 0.131126 -0.012303 
1.719917 -0.092076 0.323602 -0.899927 -0.465310 0.113825 -0.145762 0.182170 -0.222888 -0.013162 0.053846 -0.237312 0.302188 0.155410 -0.039592 
1.740768 0.200459 0.193450 -0.787314 -0.504946 0.091160 -0.055640 0.098086 -0.182788 -0.042860 0.032930 -0.179772 0.259549 0.200874 -0.037185 
1.655163 0.275628 0.098255 -0.729544 -0.451819 0.046454 -0.025141 0.062336 -0.178529 -0.037650 0.090423 -0.134414 0.248109 0.197765 -0.071562 
1.415644 0.442072 0.025655 -0.736732 -0.511172 -0.020221 -0.008161 0.031032 -0.169395 -0.047384 0.059866 -0.124363 0.247039 0.264570 -0.046322 
1.582516 0.329597 -0.078080 -0.781044 -0.446302 -0.093246 0.033422 0.011828 -0.117539 -0.051401 0.086169 -0.126525 0.266967 0.235140 -0.046874 
1.434782 0.307052 -0.135115 -0.669464 -0.582798 0.035895 0.057055 -0.016853 -0.114451 -0.041330 0.000564 -0.107934 0.292486 0.206040 0.008298 
1.311124 0.435445 -0.046591 -0.631480 -0.451514 0.068938 -0.016482 0.073041 -0.225327 -0.046444 0.048741 -0.154269 0.264501 0.172204 -0.022137 
1.134519 0.468921 -0.119104 -0.508561 -0.376545 -0.077721 -0.027163 -0.089634 -0.173618 0.049362 0.142181 -0.020530 0.199466 0.158314 -0.124529 
0.915834 0.276734 -0.209815 -0.416920 -0.219272 -0.063947 0.016612 0.071310 -0.191637 0.043464 0.121106 -0.080218 0.094468 0.096680 -0.112620 
1.147160 0.696029 -0.220127 -0.443866 -0.256769 0.115153 0.165480 0.049181 -0.086437 -0.021664 -0.075660 -0.114147 0.123416 0.067940 -0.043732 
0.272648 -0.044789 -0.328615 -0.322927 -0.201190 0.134751 0.088978 0.064600 -0.141649 0.107135 -0.036431 -0.024965 0.024625 0.029550 -0.078930 
-0.089163 -0.127242 -0.211956 -0.223321 -0.251606 0.181497 0.129427 -0.025544 -0.137048 0.037596 0.084490 -0.104262 0.053158 0.090398 -0.148098 
