city011_061
BEPPU
85
-0.625034 0.026107 0.119161 -0.029260 -0.115550 -0.174474 -0.228742 -0.223945 -0.030686 -0.006446 0.219621 -0.079227 0.000868 0.118789 0.123850 
-0.687764 -0.044035 0.109726 0.047058 -0.019145 -0.102958 -0.209158 -0.207113 -0.000179 0.049899 0.131184 -0.132582 -0.034454 0.146722 0.069605 
-0.453319 0.140023 0.306507 0.211577 0.007126 0.142307 0.086324 -0.104363 0.007544 -0.059177 0.171993 -0.092131 -0.041850 0.019997 0.073028 
-0.241015 0.281605 0.284949 0.247088 0.160398 0.154115 -0.000679 -0.112327 -0.005819 -0.054498 0.107645 -0.067518 -0.085474 -0.021384 0.072669 
0.456213 0.621170 0.217084 -0.025854 -0.024240 0.183390 0.155262 -0.052353 -0.129146 -0.205330 -0.008949 -0.104998 0.011061 -0.059402 0.042171 
0.344280 0.691051 0.434716 0.142719 -0.037709 0.251332 0.202774 -0.020089 -0.090189 -0.100434 0.008809 -0.121931 -0.015747 -0.067324 0.031044 
0.456832 0.450148 0.121791 0.096338 -0.122330 0.029226 -0.011302 -0.309456 -0.046972 -0.053952 0.011648 -0.113358 0.061903 -0.031667 0.024074 
0.098237 0.264830 0.214351 0.261455 -0.031985 -0.020112 -0.053845 -0.238786 -0.087859 -0.161221 0.074904 -0.156605 -0.054184 0.027318 -0.024654 
0.324496 0.679282 0.417062 0.284447 0.054177 0.036294 0.088045 -0.099131 -0.014973 -0.012815 0.002649 -0.171443 0.106399 -0.077373 -0.048529 
0.167832 0.522447 0.499416 0.399317 0.121504 0.106484 0.094515 -0.094204 -0.047743 -0.127773 0.046055 -0.217272 -0.041309 -0.087103 -0.055115 
0.753487 0.104210 0.580833 0.532380 -0.243439 0.067440 0.045097 -0.367865 -0.056873 -0.086175 -0.157822 -0.256139 0.053483 -0.130392 -0.060871 
0.793024 0.017582 0.666249 0.574820 -0.259196 0.078827 0.047568 -0.361280 -0.050864 -0.083598 -0.165442 -0.268278 0.038409 -0.103862 -0.099716 
0.909862 0.079758 0.561214 0.613207 -0.192483 0.063322 -0.007246 -0.405473 0.016225 -0.072916 -0.188708 -0.262766 0.018743 -0.060497 -0.051421 
0.833158 0.085418 0.530836 0.503603 -0.118448 -0.040302 -0.054214 -0.212858 -0.182322 -0.070742 -0.107140 -0.337463 0.067534 -0.052560 -0.116677 
0.706249 0.314171 0.466754 0.646269 -0.161013 -0.084344 -0.098449 -0.233400 -0.080482 -0.150844 -0.105583 -0.258670 -0.015912 0.074732 -0.117830 
0.630793 0.192273 0.394681 0.564097 0.022046 -0.153793 -0.087007 -0.199557 -0.115153 -0.099760 -0.106157 -0.300877 -0.021258 0.065087 -0.101525 
0.907283 -0.773334 0.852474 0.198999 -0.113794 -0.174000 -0.274786 0.025858 -0.060004 -0.192736 0.027324 -0.138347 0.146178 -0.007280 -0.094063 
1.213653 -0.996725 1.357738 -0.143386 -0.180012 -0.195378 -0.302794 0.067094 -0.217871 -0.147821 0.072584 -0.113825 0.217094 -0.121218 0.031063 
1.124826 -1.086656 1.207177 -0.236306 -0.137162 -0.260558 -0.264194 -0.000999 -0.281172 -0.137394 0.064284 -0.058401 0.205035 -0.152109 0.110450 
1.178866 -1.082199 1.133535 -0.230800 -0.253077 -0.249562 -0.272466 0.047531 -0.190229 -0.114343 0.117405 0.018566 0.195927 -0.160401 0.149232 
1.168447 -1.133758 1.023978 -0.348763 -0.222042 -0.254635 -0.253104 -0.038786 -0.148145 -0.086200 0.093772 0.114039 0.161682 -0.127409 0.169329 
1.074420 -1.173594 0.970602 -0.446371 -0.156692 -0.285831 -0.224708 -0.117926 -0.073344 -0.133540 0.188961 0.092956 0.184257 -0.115371 0.164058 
1.054136 -1.171894 0.890561 -0.487817 -0.134307 -0.274744 -0.248767 -0.101700 -0.158296 -0.023149 0.173960 0.140198 0.140138 -0.043596 0.098908 
1.033840 -1.177295 0.927926 -0.538806 -0.149171 -0.320889 -0.210409 -0.095597 -0.122851 -0.057640 0.243221 0.095809 0.191905 -0.081426 0.120713 
0.970294 -1.186865 0.846023 -0.466274 -0.159217 -0.296185 -0.277488 -0.097000 -0.110882 -0.010362 0.237565 0.079654 0.224118 -0.086638 0.107801 
0.967298 -1.222862 0.849915 -0.476682 -0.124219 -0.331852 -0.273612 -0.118852 -0.056882 -0.024159 0.234724 0.072799 0.250708 -0.089763 0.080890 
0.993792 -1.226179 0.824598 -0.463763 -0.113832 -0.343865 -0.296690 -0.068321 -0.098428 0.012369 0.195006 0.108339 0.255071 -0.115793 0.089300 
1.048809 -1.211219 0.850364 -0.467806 -0.119996 -0.367010 -0.283885 -0.049790 -0.101514 -0.012007 0.179070 0.110939 0.280483 -0.127578 0.085960 
1.183528 -1.196207 0.878844 -0.429853 -0.180669 -0.304010 -0.342626 0.021547 -0.126096 -0.044515 0.151882 0.101729 0.297177 -0.137491 0.080705 
1.353681 -1.240160 0.950354 -0.134869 -0.271123 -0.305968 -0.425572 0.090009 -0.117188 -0.035661 0.164531 -0.102246 0.415183 -0.090861 -0.040996 
1.454823 -0.541092 0.748629 0.270214 -0.130259 -0.216717 -0.244220 0.047520 -0.084635 -0.105202 0.043549 -0.249973 0.342914 -0.077479 -0.145459 
0.432935 0.062868 0.691861 0.520394 -0.107852 0.029014 0.111850 0.075355 0.080050 -0.083688 0.056025 -0.007648 0.121324 -0.102521 -0.033165 
0.200576 -0.082435 0.589758 0.405783 -0.184028 -0.107183 0.006404 -0.002542 -0.058276 -0.149930 -0.038345 0.020015 0.066446 -0.232994 0.109796 
-0.081490 -0.310165 0.303281 0.219907 -0.477178 -0.367489 -0.145433 -0.151225 0.029267 -0.116719 0.153167 0.118791 0.156535 -0.023596 0.055457 
-0.219895 -0.399570 0.297069 0.261312 -0.544548 -0.372861 -0.093950 -0.060625 -0.007819 -0.050442 0.144934 0.140951 0.111031 -0.075656 0.101379 
-0.299181 -0.237924 0.173070 0.052184 -0.452574 -0.230327 -0.137768 -0.093192 0.174653 -0.053496 0.108635 0.080199 0.160444 -0.096691 -0.021454 
-0.389329 -0.307226 0.229910 0.147495 -0.534929 -0.362394 -0.146815 -0.028195 0.106332 -0.057562 0.139753 0.189833 0.158355 -0.138597 0.038426 
-0.437396 -0.456734 0.111653 0.238194 -0.393077 -0.298180 -0.048013 -0.011046 0.119599 -0.099484 0.110693 0.084369 0.045044 -0.078642 -0.004493 
-0.508270 -0.247306 0.109150 0.003010 -0.371292 -0.304468 -0.093545 0.024124 0.054981 0.011761 0.177686 0.034103 0.060196 -0.089189 0.061909 
-0.362343 -0.313974 0.108255 0.063149 -0.437092 -0.248766 -0.071690 -0.295361 0.137099 0.116644 0.134624 -0.011076 0.188705 -0.021333 0.005876 
-0.732489 -0.459759 0.038649 0.085763 -0.427251 -0.258815 0.145487 0.063792 0.112399 -0.063425 0.108619 -0.014131 0.003659 -0.113847 -0.009274 
-0.478508 -0.377497 0.182016 0.219716 -0.390612 -0.427709 -0.095617 -0.096521 0.138672 -0.098946 0.156908 0.113970 0.074686 -0.030762 0.061305 
-0.558320 -0.317540 0.108345 0.150083 -0.255507 -0.265311 -0.143952 -0.144690 0.190528 -0.035892 0.060581 0.014212 0.096524 -0.012191 0.029949 
-0.544164 -0.435651 -0.008473 0.178856 -0.367210 -0.380933 -0.118345 0.067666 0.145776 -0.019236 0.098542 0.107341 0.071890 -0.139802 0.022654 
-0.598793 -0.287487 0.169799 0.023906 -0.393996 -0.143013 -0.051853 -0.060823 0.138330 -0.026213 0.073645 0.039707 0.048451 -0.094398 0.062677 
-0.605651 -0.368589 0.153684 0.084747 -0.392610 -0.221541 -0.091067 0.022882 0.130503 -0.086311 0.131605 0.069684 0.018426 -0.115181 0.096998 
-0.601279 -0.256793 0.100064 0.118896 -0.223835 -0.216835 -0.141928 -0.010798 0.063315 -0.090860 0.150258 0.015719 -0.002699 -0.025731 0.091906 
-0.533069 -0.289389 0.155463 0.170737 -0.234534 -0.107006 0.015266 -0.090549 0.017027 -0.011765 0.062602 -0.046424 0.068797 -0.076242 0.067059 
-0.663930 -0.337456 0.079337 0.062942 -0.331106 -0.173845 -0.037815 0.028680 0.082014 -0.078498 0.159748 0.001012 -0.028730 -0.040493 0.055008 
-0.746065 -0.328799 -0.051972 0.008552 -0.202927 -0.214547 -0.060368 0.056648 0.123614 -0.028439 0.088544 -0.032446 0.036628 -0.090971 0.064297 
-0.662505 -0.439997 -0.048420 0.039182 -0.157561 -0.158079 0.116400 0.058427 0.128710 -0.179876 0.038246 0.010192 0.079981 -0.131712 0.005199 
-0.614508 -0.314367 -0.075858 0.237504 -0.115968 -0.076087 0.049222 -0.059960 0.041180 -0.064681 0.063685 -0.004349 0.011380 -0.068495 0.040749 
-0.726339 -0.294373 -0.163683 0.010397 -0.257114 -0.132065 0.007251 0.020108 0.126212 -0.031474 0.074793 -0.006330 -0.025416 -0.076741 0.058135 
-0.602679 -0.238966 -0.075697 0.146306 -0.191676 -0.077370 0.062715 -0.046827 -0.029678 -0.000034 0.112434 -0.090120 0.039367 -0.017256 -0.008560 
-0.623898 -0.083508 0.087903 0.163225 -0.083436 0.087107 0.047187 -0.163373 -0.007211 -0.016397 0.119722 -0.056554 -0.061941 0.036298 0.014247 
-0.425708 -0.037116 0.082057 0.241375 -0.054429 0.083499 0.021906 -0.157271 0.013103 -0.013393 0.112253 -0.105766 -0.001083 0.010591 0.021269 
-0.480669 -0.154192 0.104672 0.263848 -0.073247 -0.027825 0.097278 -0.171839 0.115891 -0.156235 0.188751 -0.074553 -0.084044 0.071866 0.042126 
-0.347031 -0.409075 0.004877 0.081370 -0.008142 -0.038504 0.009564 -0.062871 0.081903 -0.098100 0.083220 -0.027003 0.017444 -0.057534 0.048778 
0.551077 -0.999551 0.562200 -0.056678 0.008668 0.004493 -0.063494 0.147346 0.065679 -0.005504 -0.032842 -0.105968 0.169758 -0.066362 -0.004900 
1.689376 -0.252382 0.617077 -0.047401 -0.014846 0.016002 -0.167453 0.101877 0.044114 -0.118561 0.020413 -0.090938 0.141716 -0.118882 -0.004260 
1.833592 -0.377647 0.294886 -0.184338 -0.073962 -0.081313 -0.119702 0.059794 -0.044319 -0.043006 0.147690 -0.107729 0.130887 -0.053965 -0.024098 
1.577461 -0.652270 0.733007 -0.280202 0.109714 0.040429 -0.088146 0.043728 -0.213801 0.057796 0.105046 -0.205373 0.156971 -0.065797 -0.016497 
1.721286 -0.699265 0.639024 -0.377316 0.071385 0.011138 -0.061982 -0.131039 -0.157694 0.007191 0.088766 -0.117800 0.084303 -0.003945 -0.040170 
1.338070 -0.880600 0.873477 -0.198062 -0.039565 0.075316 -0.318927 -0.148069 -0.239628 0.007497 0.100530 -0.260462 0.120557 0.050178 -0.058385 
1.424162 -1.074417 1.037256 -0.302920 -0.000979 -0.132099 -0.253018 -0.118668 -0.186579 0.002912 0.048668 -0.165110 0.131302 0.077607 -0.057968 
1.204740 -0.938016 1.059349 -0.168782 -0.052571 -0.113318 -0.303308 -0.136073 -0.186640 0.001488 -0.017187 -0.180132 0.136974 0.085261 -0.064074 
1.269068 -1.000512 1.113807 -0.201337 -0.047968 -0.130555 -0.294818 -0.171264 -0.122571 -0.022822 0.019762 -0.211195 0.185829 0.057534 -0.025246 
1.312539 -0.998792 1.100239 -0.200172 -0.022787 -0.153738 -0.290126 -0.203053 -0.107290 -0.016527 0.011336 -0.198256 0.152913 0.105034 -0.041749 
1.271412 -0.937196 1.036971 -0.186569 -0.026999 -0.112148 -0.352350 -0.176005 -0.153362 0.026681 -0.008838 -0.204054 0.162634 0.097444 -0.030647 
1.364931 -0.966049 1.016022 -0.223758 0.007040 -0.107208 -0.352803 -0.214744 -0.118203 -0.018557 0.032009 -0.239178 0.181936 0.083651 -0.032660 
1.329602 -0.978411 0.989524 -0.202902 -0.014225 -0.050432 -0.392258 -0.215945 -0.127080 0.002521 0.050847 -0.270716 0.183803 0.092070 -0.028527 
1.365669 -0.997878 1.027952 -0.277730 0.034585 -0.059752 -0.386556 -0.225490 -0.095335 -0.008682 0.081171 -0.282908 0.178572 0.107348 -0.026738 
1.347832 -0.855446 0.974400 -0.274538 -0.001262 0.022590 -0.452179 -0.176481 -0.139711 0.002681 0.126527 -0.322330 0.179567 0.131153 -0.053111 
1.345598 -0.792334 0.988027 -0.311631 0.030816 0.040066 -0.501316 -0.152386 -0.177241 0.005953 0.172828 -0.393428 0.218947 0.127989 -0.060544 
1.382425 -0.843719 0.989099 -0.266323 -0.028504 0.103700 -0.573415 -0.081218 -0.251239 0.024154 0.181508 -0.425682 0.230644 0.142484 -0.107171 
1.438228 -0.830468 1.006239 -0.247277 -0.037399 0.081319 -0.591967 -0.094917 -0.217759 -0.008261 0.220529 -0.484696 0.283040 0.152616 -0.114923 
1.454512 -0.680468 0.935393 -0.279431 0.009701 0.067625 -0.633440 -0.124727 -0.190884 0.011409 0.222224 -0.477135 0.293176 0.164999 -0.093053 
1.299693 -0.408354 0.717379 -0.232336 -0.038207 0.055599 -0.599516 -0.120199 -0.306598 0.005740 0.231429 -0.471531 0.293778 0.149137 -0.108740 
1.366496 -0.534472 0.562398 -0.008678 -0.064050 0.001785 -0.511766 -0.222215 -0.239519 -0.014547 0.128887 -0.431245 0.249689 0.129863 -0.048310 
0.967502 -0.551408 0.552148 -0.020170 -0.003216 0.049152 -0.593664 -0.174807 -0.310093 0.059436 0.129147 -0.539080 0.312307 0.111011 -0.090444 
1.021694 -0.127717 0.365381 0.077047 -0.049674 -0.081353 -0.370034 -0.296364 -0.272085 0.071262 0.047830 -0.405989 0.266698 0.076656 -0.037910 
0.374782 0.236488 0.383655 0.107661 -0.218735 -0.148618 -0.255412 -0.364039 -0.182438 -0.048577 -0.005512 -0.233588 0.215167 0.100676 -0.060033 
-0.181917 0.269127 0.363491 0.034188 -0.218668 -0.125851 -0.255923 -0.247593 -0.267155 -0.185932 0.160554 -0.142251 -0.007655 0.197014 0.043787 
-0.139688 0.022682 0.262439 0.156020 -0.111524 -0.151824 -0.293551 -0.262715 -0.137787 -0.139068 0.139198 -0.156847 0.018441 0.138495 0.058226 
-0.603315 -0.185376 0.100445 -0.125598 -0.239065 0.008794 -0.032534 -0.111077 0.026894 0.003837 0.202722 -0.161463 0.036001 0.078394 -0.070747 
