city011_088
RYOOGOKU
85
-0.378201 0.033471 0.122825 0.178532 0.148912 0.029071 0.067654 0.162153 0.075671 -0.123384 0.107349 -0.016309 0.146308 -0.144395 0.096337 
0.348388 -0.937923 0.766460 -0.463455 0.026497 0.545760 -0.368940 -0.022739 0.162796 -0.001308 -0.040648 -0.029648 0.118999 -0.184991 0.224031 
0.485954 -0.692420 1.488079 0.065839 -0.240960 0.232659 -0.293799 0.042486 -0.147325 -0.310654 0.112858 -0.277039 0.058655 -0.206568 0.078766 
0.725947 -0.775201 1.710773 -0.010888 -0.358895 0.196347 -0.326793 0.074989 -0.222700 -0.287583 0.128060 -0.237007 0.040501 -0.144661 0.085369 
0.965440 -0.903533 1.667215 0.015023 -0.448042 0.100627 -0.316053 0.049514 -0.277565 -0.285895 0.191088 -0.268002 0.083359 -0.089900 0.061853 
1.048674 -1.033182 1.390641 0.045948 -0.357763 -0.122171 -0.202896 -0.062145 -0.252326 -0.208804 0.091258 -0.150678 0.066183 -0.033945 0.085180 
1.026333 -0.991526 1.066987 -0.060033 -0.153111 -0.124039 -0.374519 -0.128436 -0.186492 -0.079653 -0.019103 -0.132335 0.108508 0.103754 -0.013542 
1.339447 -1.093063 0.924214 -0.353085 0.115251 -0.148088 -0.383035 -0.234419 -0.150347 -0.004818 0.038420 -0.183910 0.165734 0.088486 0.025786 
1.407796 -0.930927 0.630021 -0.250821 0.016592 0.029797 -0.478998 -0.219694 -0.206088 0.048968 0.137052 -0.099025 0.017433 0.080112 0.136877 
1.706510 -1.052528 0.550259 -0.403295 0.022310 0.047383 -0.274889 -0.266344 -0.226459 -0.036105 0.262655 -0.151070 0.148333 0.008473 -0.013911 
1.737228 -1.077871 0.455364 -0.463416 0.008892 -0.007680 -0.134264 -0.266955 -0.197208 -0.173027 0.131187 -0.006796 0.263161 0.022382 -0.124910 
1.653942 -1.005064 0.497147 -0.593767 0.016825 -0.076145 -0.090172 -0.124674 -0.230659 -0.271177 0.003877 0.083137 0.342876 0.048535 -0.109788 
1.650964 -0.895352 0.472676 -0.602338 -0.013604 -0.182336 -0.072299 0.048152 -0.248882 -0.292465 -0.013147 0.032013 0.346879 0.045049 0.005087 
1.675151 -0.859776 0.485079 -0.640198 -0.055243 -0.148821 -0.065992 0.049953 -0.190780 -0.256823 -0.095175 0.071396 0.301774 0.050125 0.032680 
1.752043 -0.812853 0.419071 -0.682696 -0.010564 -0.131068 -0.064116 -0.025150 -0.109847 -0.178235 -0.098311 0.023976 0.277015 0.067511 0.025145 
1.764113 -0.749753 0.476268 -0.761922 0.113805 -0.194290 -0.164709 -0.009483 -0.039305 -0.160010 -0.066407 -0.006650 0.238227 0.025300 0.070834 
1.782063 -0.787056 0.510494 -0.761731 0.063584 -0.223805 -0.168620 0.075290 -0.052774 -0.150782 -0.126658 0.016099 0.252469 0.002994 0.081667 
1.771730 -0.764903 0.470586 -0.726422 0.038035 -0.247329 -0.127586 0.095067 -0.052003 -0.186928 -0.111455 0.010304 0.263751 -0.016023 0.097446 
1.699689 -0.732204 0.424706 -0.746670 0.061642 -0.222834 -0.151769 0.064629 -0.038029 -0.175021 -0.134193 0.057013 0.271672 -0.011808 0.092744 
1.629316 -0.720646 0.384805 -0.761291 0.137877 -0.181109 -0.244053 -0.024512 -0.032459 -0.189706 -0.092826 0.086752 0.285833 0.039177 0.039062 
1.578911 -0.753108 0.387073 -0.703656 0.211543 -0.200101 -0.314012 -0.089032 -0.120854 -0.131008 -0.019956 0.117571 0.243147 0.057036 -0.001537 
1.542101 -0.768011 0.410614 -0.691322 0.261402 -0.244973 -0.334287 -0.123692 -0.111090 -0.123233 0.036679 0.066347 0.266059 0.025612 0.041011 
1.579682 -0.787287 0.423248 -0.631958 0.248136 -0.282836 -0.333022 -0.136445 -0.103927 -0.078602 0.041714 0.053733 0.225293 0.066633 0.006403 
1.550669 -0.757187 0.424483 -0.610929 0.205525 -0.297004 -0.316131 -0.100399 -0.098930 -0.075431 0.030623 0.030003 0.247834 0.067842 -0.015159 
1.583664 -0.796639 0.452362 -0.641072 0.184028 -0.301724 -0.293678 -0.089629 -0.079743 -0.104338 0.029920 -0.000118 0.298265 0.056196 -0.017243 
1.580407 -0.761598 0.458081 -0.624315 0.121333 -0.261820 -0.307215 -0.047698 -0.092856 -0.079244 -0.016229 0.044029 0.256421 0.070191 -0.045995 
1.640319 -0.761474 0.497167 -0.650378 0.097574 -0.262274 -0.291895 -0.011296 -0.073713 -0.120405 -0.020279 0.028421 0.268587 0.045732 -0.025082 
1.643759 -0.789047 0.523268 -0.690720 0.073091 -0.243241 -0.273337 0.016366 -0.077062 -0.155519 -0.035079 0.022545 0.288579 0.043417 -0.014750 
1.664806 -0.799890 0.544199 -0.716951 0.055200 -0.248770 -0.229676 0.030811 -0.065384 -0.199493 -0.037304 0.018959 0.290801 0.035516 0.009048 
1.681862 -0.779890 0.515565 -0.690016 0.037190 -0.261486 -0.189928 0.080310 -0.109506 -0.201773 -0.042529 0.046572 0.235502 0.059732 -0.004455 
1.677299 -0.753233 0.488835 -0.690543 0.016318 -0.307818 -0.108327 0.110342 -0.143914 -0.235761 -0.038761 0.012277 0.245551 0.079517 0.011112 
1.716297 -0.799345 0.499836 -0.668835 -0.037353 -0.309746 -0.037369 0.136486 -0.174573 -0.269578 -0.009411 -0.068131 0.274186 0.097139 0.011995 
1.705503 -0.767475 0.473650 -0.636956 -0.088049 -0.258991 0.016474 0.170245 -0.218921 -0.271747 0.019027 -0.120317 0.251047 0.118605 0.011236 
1.706770 -0.718729 0.445596 -0.583374 -0.133891 -0.207733 0.054270 0.183583 -0.195369 -0.355336 0.088385 -0.230474 0.245279 0.151308 0.005296 
1.776215 -0.671825 0.473942 -0.707980 -0.018788 -0.153990 0.039068 0.215674 -0.207515 -0.291864 0.008420 -0.221288 0.222674 0.127077 0.050777 
1.885634 -0.463302 0.492286 -0.726186 -0.119815 0.133828 -0.118049 0.192347 -0.205204 -0.226903 -0.097409 -0.301083 0.346139 -0.033667 0.127332 
1.913840 -0.104759 0.502407 -0.662118 -0.215771 0.234173 -0.041999 0.148394 -0.334532 -0.120298 -0.032332 -0.415588 0.366545 -0.041206 0.051366 
1.914900 -0.091726 0.510540 -0.566050 -0.138848 0.222720 0.013965 0.119846 -0.424115 -0.119756 -0.026042 -0.400945 0.370205 -0.063213 0.072865 
1.636668 0.092503 0.285560 -0.356565 -0.099394 0.206081 0.059208 -0.031095 -0.443362 -0.099947 0.008127 -0.340378 0.363950 -0.117859 0.040272 
1.462834 0.172378 0.314050 -0.356719 -0.084970 0.263959 0.106689 -0.075249 -0.519841 -0.102207 -0.022925 -0.219125 0.321766 -0.088303 0.011784 
1.451039 0.021268 0.270025 -0.298150 -0.025438 0.241390 -0.027169 -0.030699 -0.565890 -0.062923 0.100097 -0.342937 0.360527 -0.140684 -0.033799 
1.528961 -0.158925 0.238454 -0.250839 0.000863 0.207816 -0.154091 -0.047923 -0.611380 0.010478 0.149965 -0.351954 0.341841 -0.166852 -0.034479 
1.722177 -0.353524 0.397795 -0.394052 -0.088002 0.161406 -0.196382 -0.047319 -0.520613 0.014256 0.136366 -0.283517 0.361754 -0.126714 0.009549 
1.751324 -0.483946 0.396313 -0.590782 -0.051760 0.129684 -0.198088 -0.144916 -0.438996 0.020294 0.205073 -0.184441 0.358105 -0.073078 -0.060355 
1.623991 -0.828627 0.418147 -0.578783 0.071576 -0.181557 -0.196860 -0.110246 -0.320487 -0.031002 0.062949 0.023371 0.330779 -0.021544 -0.000640 
1.572201 -0.952853 0.471753 -0.584557 -0.073898 -0.172309 -0.114471 -0.032010 -0.289694 -0.122726 0.072559 0.018365 0.419212 -0.032379 -0.030070 
1.654742 -1.012605 0.461554 -0.666247 -0.114606 -0.074037 -0.097900 0.064741 -0.206381 -0.229262 0.098319 -0.043375 0.424830 0.010112 -0.045546 
1.589927 -0.913980 0.399538 -0.709920 -0.087091 -0.098579 -0.088920 0.091258 -0.168257 -0.227429 0.062816 0.005784 0.359992 0.049246 -0.045592 
1.571005 -0.843435 0.383917 -0.746218 -0.035251 -0.118149 -0.060298 0.082355 -0.178760 -0.239197 0.024355 0.032483 0.350769 0.056462 -0.015704 
1.591053 -0.774614 0.330232 -0.674268 -0.018509 -0.078111 -0.078277 0.039639 -0.192784 -0.301878 0.035884 -0.003927 0.401548 0.047727 -0.013124 
1.655118 -0.662331 0.318051 -0.692867 0.065382 -0.074603 -0.135024 0.041356 -0.292277 -0.272828 -0.016595 -0.068892 0.459817 0.037880 0.020931 
1.829741 -0.335336 0.370640 -0.759250 -0.029864 0.064191 -0.084663 0.052482 -0.492826 -0.137740 -0.046807 -0.122833 0.472273 -0.072837 0.186009 
1.793318 0.061073 0.202719 -0.539403 -0.158972 0.180831 0.016898 -0.097265 -0.464671 -0.145157 -0.055917 -0.217785 0.437821 -0.055682 0.088981 
1.750467 0.608493 0.249074 -0.153750 -0.037263 0.251085 0.095120 0.045079 -0.257765 -0.087813 -0.008224 -0.196378 0.177869 -0.098732 0.065302 
0.782696 0.439646 0.262058 -0.014926 0.047300 0.403088 0.288059 0.024094 -0.128103 -0.164774 0.094661 -0.135959 0.185915 -0.015363 -0.015265 
0.434927 0.286755 0.061303 0.076600 -0.037922 0.253322 0.254567 0.025773 -0.054108 0.019284 0.041815 -0.052016 0.177208 -0.083999 0.069638 
0.156836 -0.023785 -0.040219 -0.089412 0.147205 0.354502 0.137936 0.097815 0.111380 -0.065740 0.047834 -0.076925 0.238325 -0.033592 0.067213 
-0.145713 -0.036914 -0.196795 0.012730 0.025016 0.244872 0.195801 0.127701 -0.016855 -0.121232 -0.025080 -0.029905 0.243529 -0.045120 0.006028 
-0.117658 -0.071508 -0.094473 -0.173443 -0.100272 0.142173 0.164639 -0.061055 -0.110699 -0.086309 0.188349 -0.177085 0.172063 -0.057053 0.009406 
0.920772 -0.717970 -0.461667 -0.108854 0.170153 0.270685 -0.219205 -0.182293 0.092184 0.124207 0.000305 -0.097385 0.046883 -0.075119 0.143302 
1.327648 -0.557625 -0.377009 -0.191271 0.107049 0.042916 -0.326676 -0.252593 0.062639 0.208194 0.109444 -0.157854 0.172207 -0.142195 0.199588 
0.585363 -0.810172 -0.235647 -0.029009 0.133111 -0.071404 -0.205966 0.054588 0.077640 0.032401 0.053973 -0.100630 0.061898 -0.120648 0.188060 
0.393861 -0.987485 0.274474 0.341459 0.298315 0.046471 -0.044553 -0.024802 0.173567 0.051155 0.024694 -0.127983 0.178095 -0.077507 0.103848 
1.371239 -0.497579 0.387891 0.168902 0.104875 0.043714 -0.386247 -0.024007 -0.063414 -0.031805 0.035743 -0.281343 0.187259 -0.086378 0.074317 
1.473418 -0.700484 0.750410 -0.054993 0.030878 0.127818 -0.415247 -0.056918 -0.310470 -0.047841 0.169696 -0.457301 0.201298 -0.054376 0.022092 
1.529839 -0.655923 0.717722 -0.103315 0.040705 0.241052 -0.435327 -0.074570 -0.310872 0.003786 0.190661 -0.445042 0.153249 -0.025448 -0.020219 
1.589019 -0.708130 0.753848 -0.083910 0.020419 0.294584 -0.516665 -0.043851 -0.353532 0.045642 0.190232 -0.451895 0.133775 -0.015841 -0.002290 
1.562144 -0.724103 0.711522 -0.083421 0.062483 0.268803 -0.481962 -0.116726 -0.296619 -0.003134 0.189826 -0.471896 0.143937 -0.040343 0.007652 
1.602785 -0.699889 0.680122 -0.081014 0.059703 0.244450 -0.464003 -0.133584 -0.276410 -0.020406 0.179697 -0.478719 0.150196 -0.014558 -0.028569 
1.598188 -0.669866 0.669300 -0.104669 0.095058 0.210661 -0.435017 -0.158256 -0.261080 -0.056220 0.206956 -0.527655 0.183277 -0.026927 -0.029035 
1.574508 -0.613929 0.703724 -0.096739 0.061631 0.239600 -0.497812 -0.130826 -0.308237 0.009252 0.219149 -0.526020 0.163281 -0.005581 0.012113 
1.533889 -0.567086 0.671649 -0.085798 0.028940 0.229020 -0.503906 -0.113328 -0.307361 0.001208 0.211886 -0.492221 0.152143 0.018658 0.003247 
1.646442 -0.642793 0.657244 -0.075660 0.029559 0.225584 -0.537348 -0.113894 -0.314340 0.005600 0.215214 -0.523992 0.170801 0.027774 0.008380 
1.577008 -0.680706 0.635653 -0.045233 0.022219 0.191332 -0.515956 -0.131965 -0.275798 -0.038106 0.218403 -0.526292 0.176269 0.043640 0.003474 
1.528938 -0.608975 0.671124 -0.020741 -0.019010 0.151427 -0.501781 -0.151642 -0.247227 -0.044870 0.192266 -0.511889 0.187946 0.062704 0.002750 
1.590865 -0.559653 0.637963 -0.048588 -0.022920 0.171662 -0.515025 -0.124929 -0.283277 -0.044264 0.212900 -0.518797 0.198596 0.050412 -0.006092 
1.335824 -0.386457 0.680548 -0.038822 -0.010002 0.191362 -0.584712 -0.110591 -0.313020 0.031504 0.178239 -0.508645 0.181654 0.078763 0.012620 
1.382647 -0.371932 0.770224 -0.141973 0.005911 0.157335 -0.527052 -0.156171 -0.286688 -0.017483 0.238981 -0.524315 0.214505 0.075916 -0.013999 
1.353776 -0.227933 0.511146 0.077824 -0.022084 0.100815 -0.481689 -0.253854 -0.257434 0.046996 0.157991 -0.441161 0.127154 0.121906 0.047082 
1.123351 -0.201471 0.616075 -0.079667 0.123974 0.020619 -0.489729 -0.228647 -0.243879 -0.057328 0.250229 -0.611292 0.252911 0.057625 0.033697 
1.208192 0.020107 0.206565 0.202306 0.094275 -0.048648 -0.330956 -0.298539 -0.259538 0.076631 0.055677 -0.444049 0.165523 0.004955 0.071447 
0.346754 0.239956 0.220491 0.210471 0.053634 -0.263548 -0.249695 -0.299135 -0.237340 -0.042345 0.018231 -0.373239 0.205344 0.015138 0.083959 
0.711019 -0.233698 0.235438 0.021429 0.078025 -0.108044 -0.318466 -0.250571 -0.208929 0.140593 0.069891 -0.312535 0.212575 -0.016456 0.137862 
0.405334 0.103629 0.232955 0.164755 0.098562 -0.192601 -0.278144 -0.416672 -0.169337 -0.020852 0.123535 -0.510386 0.203761 0.114591 0.049436 
-0.118055 0.159175 0.224854 0.302516 -0.058602 -0.268605 -0.273378 -0.168588 -0.135604 -0.139581 -0.054771 -0.095545 0.121853 -0.075095 0.159204 
