city011_005
OCHANOMIZU
98
-0.417676 -0.002896 0.029362 -0.005730 -0.047947 0.067617 0.014934 -0.054515 0.020399 -0.025117 0.029442 -0.039669 0.060265 -0.052811 -0.007229 
-0.224832 -0.022065 -0.199063 -0.109181 -0.102089 0.041191 0.127234 0.185055 -0.074309 -0.006194 -0.008339 -0.139032 0.084390 0.035032 -0.043860 
0.126308 0.205172 0.047760 -0.138727 -0.086573 0.135474 0.331564 0.076831 -0.055916 -0.048408 0.003684 -0.060822 0.074650 0.038489 0.027710 
-0.087495 0.172777 0.234931 0.094478 0.102115 0.169777 0.020975 -0.008623 -0.054110 -0.052128 0.138878 -0.056147 -0.020651 0.013986 -0.032593 
-0.111873 0.216112 0.179387 0.100099 0.031815 0.229701 0.178727 0.091232 -0.138730 0.089787 0.087364 -0.010339 0.022912 0.060424 -0.036037 
1.101183 0.556021 0.068565 -0.134578 -0.390671 -0.006464 0.086376 0.081154 0.000171 0.010981 -0.101726 -0.123461 -0.003469 -0.052083 -0.021336 
1.394817 0.146025 0.224915 -0.315016 -0.560889 0.131018 0.124096 0.031981 -0.106113 -0.005650 -0.131004 -0.284715 0.154739 0.041194 -0.080804 
1.517006 -0.063046 0.330455 -0.553840 -0.462782 0.090982 0.033534 0.045801 -0.182785 -0.007775 -0.064988 -0.289600 0.239088 0.087422 -0.083072 
1.545745 -0.094942 0.256292 -0.675341 -0.343280 0.199520 -0.041523 0.082328 -0.330533 -0.005118 -0.003678 -0.253181 0.356024 0.091497 -0.074586 
1.635022 -0.261334 0.218010 -0.731970 -0.173025 0.205994 -0.091231 -0.011186 -0.378191 -0.011829 0.119935 -0.160002 0.355200 0.064144 -0.151799 
1.568184 -0.540037 0.140521 -0.610591 0.022958 0.141229 -0.137924 -0.110722 -0.395607 0.160766 0.107405 -0.060535 0.249726 -0.059892 -0.126783 
1.624992 -0.722589 0.287865 -0.497793 0.148317 0.026143 -0.281478 -0.142042 -0.389951 0.252017 0.094773 -0.112179 0.190558 -0.081993 0.005344 
1.435012 -0.621274 0.498414 -0.328031 0.312311 -0.040290 -0.337489 -0.106967 -0.326796 0.342743 -0.128014 -0.157826 0.149304 -0.119392 0.146870 
1.109519 -0.035875 0.117331 -0.242675 0.376887 -0.055506 -0.096441 -0.237977 -0.132784 0.123379 -0.251819 -0.111339 0.225782 -0.205031 0.072831 
0.616557 0.409080 -0.011187 0.134576 0.177557 0.360882 0.204216 -0.014877 -0.164777 0.072214 0.131681 -0.002110 0.093697 -0.011973 -0.089366 
0.008723 0.327802 0.282157 0.254744 0.105209 0.178929 -0.036066 0.002398 -0.006283 0.002313 0.016728 -0.022409 0.004004 -0.054374 0.037506 
-0.083810 0.078341 0.306748 0.212894 0.061810 0.120568 0.039024 0.014875 0.059684 0.005398 0.042446 0.004974 0.010757 -0.006270 0.035028 
0.000623 0.116423 0.212222 0.065696 0.003537 0.242831 0.116452 0.116793 -0.093929 0.040829 0.080420 -0.020169 0.054826 0.004048 0.006769 
-0.193534 -0.564191 -0.042926 -0.160044 0.019668 0.065193 -0.023056 0.037418 -0.001859 0.027612 -0.062650 0.027723 -0.031695 0.045073 -0.016439 
-0.125839 -1.256002 0.124706 -0.473335 0.177859 -0.006092 0.090229 0.063383 -0.093801 0.019291 -0.017113 0.074479 -0.098481 -0.012375 0.056633 
-0.604502 -0.460535 0.218606 -0.408080 0.194139 -0.265719 0.215788 0.125266 -0.032851 -0.101558 -0.020122 0.083944 -0.055061 -0.014487 0.049759 
-0.025680 -0.540943 0.333642 -0.478321 0.103014 -0.257674 0.088011 -0.015825 -0.000740 -0.061119 0.099658 0.079990 -0.100989 0.017506 0.016618 
0.018952 -0.505140 0.416185 -0.354385 0.146454 -0.114545 0.033879 -0.060568 -0.027405 0.031124 -0.092805 0.146727 -0.034899 -0.076482 0.065767 
0.261503 -0.480408 0.576213 -0.482024 0.028731 -0.247933 0.164826 0.039528 -0.058379 0.036015 -0.136002 0.154221 0.038130 -0.229160 0.211893 
0.591233 -0.616694 0.690600 -0.076997 0.000345 -0.190692 -0.103221 -0.108212 -0.107242 -0.034247 -0.200726 0.212287 0.018135 -0.209300 0.210856 
1.578465 -0.999671 0.657224 -0.311776 -0.158842 -0.159670 -0.298541 0.021946 -0.185710 0.112453 -0.169648 0.148561 0.218154 -0.150380 0.133434 
1.462801 -1.174390 0.675688 -0.458928 -0.115912 -0.122588 -0.369739 0.116323 0.017397 0.256544 -0.115652 -0.003011 0.262105 -0.189874 0.042309 
1.358032 -1.127718 0.514010 -0.580523 -0.045419 -0.152575 -0.293409 0.067952 0.222607 0.241925 -0.118565 -0.094186 0.199274 -0.102452 -0.107995 
1.385467 -1.170141 0.340346 -0.612032 0.047798 -0.086495 -0.233992 0.065154 0.244665 0.172694 -0.146276 -0.167004 0.190777 -0.038159 -0.129957 
1.411783 -1.218449 0.193957 -0.651812 0.119876 0.026227 -0.213904 0.060174 0.187526 0.170450 -0.159542 -0.167910 0.125731 0.015337 -0.051165 
1.455744 -1.098741 0.174327 -0.674144 0.127577 0.086054 -0.237210 0.123144 0.201694 0.146108 -0.178027 -0.208813 0.089793 0.044635 -0.001416 
1.489336 -1.159898 0.192093 -0.636821 0.145940 0.110287 -0.240300 0.122492 0.128567 0.142273 -0.148397 -0.203986 0.111368 0.038411 0.018755 
1.389584 -1.141085 0.227829 -0.659311 0.229641 0.100742 -0.224601 0.093429 0.111312 0.169436 -0.112761 -0.215102 0.079238 0.018304 0.069218 
1.384976 -1.153375 0.276681 -0.594433 0.227667 0.094238 -0.274333 0.183213 0.042168 0.217654 -0.110510 -0.225739 0.085598 -0.014335 0.110221 
1.469747 -1.212727 0.394568 -0.550027 0.227396 0.066791 -0.304097 0.275759 -0.043333 0.292041 -0.142776 -0.194123 0.081660 -0.063382 0.184029 
1.601607 -1.210950 0.443003 -0.514807 0.226262 0.019004 -0.322658 0.226975 -0.094251 0.336400 -0.146042 -0.161186 0.081666 -0.049259 0.179563 
1.776923 -1.200612 0.472474 -0.445647 0.205766 0.015562 -0.365072 0.170914 -0.130359 0.296984 -0.093494 -0.211461 0.145867 -0.006044 0.112308 
1.561491 -1.049233 0.598706 -0.288636 0.141619 0.121240 -0.348953 0.040543 -0.122437 0.340482 -0.126795 -0.163064 0.144383 -0.065590 0.121968 
1.295885 -0.819165 0.996368 0.188391 -0.318320 0.333839 -0.344199 -0.311679 0.037563 -0.125011 -0.138805 -0.151949 0.008909 -0.015561 -0.040187 
1.258023 -0.786422 1.006252 0.165645 -0.289549 0.298374 -0.306715 -0.293465 -0.041414 -0.062624 -0.173355 -0.159005 0.037274 -0.063590 -0.016094 
1.252809 -0.818887 1.013730 0.094770 -0.199465 0.271853 -0.261274 -0.309058 -0.098647 -0.042727 -0.192863 -0.151936 0.014207 -0.093968 -0.017872 
1.646807 -0.919273 0.781434 -0.283030 -0.096911 0.331493 -0.242089 -0.177038 -0.238931 0.064866 -0.076674 -0.069366 0.107922 -0.125442 0.008184 
1.814460 -1.096787 0.538549 -0.540559 0.088567 0.236726 -0.391469 0.147458 -0.254473 0.165234 0.088461 -0.185618 0.138947 -0.041515 -0.002776 
1.844270 -1.182785 0.499876 -0.562693 -0.009650 0.347597 -0.395777 0.185372 -0.299359 0.178509 0.215625 -0.203951 0.090398 -0.061989 -0.030588 
1.796222 -1.109606 0.412985 -0.613845 0.121716 0.192706 -0.241770 0.127282 -0.405523 0.270966 0.131925 -0.191987 0.172535 -0.129957 0.004026 
1.700810 -0.978568 0.328400 -0.590084 0.067428 0.127763 -0.152226 0.125305 -0.400485 0.190342 0.081568 -0.183355 0.253298 -0.068941 -0.069155 
1.757875 -0.954185 0.340663 -0.615691 0.025537 0.117486 -0.114876 0.114890 -0.426438 0.136109 0.042608 -0.147049 0.295737 -0.039141 -0.070440 
1.690700 -0.900550 0.285048 -0.553512 -0.002299 0.095641 -0.028982 0.036762 -0.445713 0.114650 0.022425 -0.081430 0.318407 -0.050816 -0.107716 
1.795594 -0.966167 0.341361 -0.552864 -0.026658 0.165570 -0.067672 0.043278 -0.474671 0.137493 0.000379 -0.050734 0.324327 -0.103790 -0.085469 
1.831203 -0.885599 0.397200 -0.523771 -0.100096 0.296472 -0.140561 -0.005812 -0.359334 0.011214 0.045588 -0.106968 0.299223 -0.031871 -0.128915 
1.779196 -0.805158 0.491661 -0.374631 -0.244707 0.345443 -0.093965 -0.099958 -0.243216 -0.057468 0.029956 -0.139240 0.246312 0.011756 -0.151189 
1.639546 -0.836131 0.633349 -0.229688 -0.243726 0.311396 -0.064764 -0.167662 -0.181153 -0.006843 0.004036 -0.127865 0.163193 -0.005802 -0.149442 
1.104524 -0.695505 0.977161 0.286243 -0.226368 0.246991 -0.184973 -0.312970 -0.154689 0.119635 -0.207141 -0.306755 0.120988 -0.051637 -0.120358 
1.145393 -0.771245 1.027912 0.364172 -0.216347 0.118944 -0.150239 -0.298235 -0.161026 0.094600 -0.236969 -0.341883 0.153161 -0.044717 -0.161127 
1.103075 -0.730851 0.967255 0.414887 -0.246274 0.122742 -0.140867 -0.258122 -0.175168 0.011165 -0.146026 -0.339951 0.071875 0.019586 -0.196899 
1.188419 -0.843746 0.970712 0.390199 -0.183681 0.108754 -0.180372 -0.191922 -0.210630 -0.027057 -0.107750 -0.334385 0.027846 0.013010 -0.154858 
1.207870 -0.889421 1.150894 0.090258 -0.262316 0.157047 -0.206344 -0.056140 -0.300880 -0.200170 0.104117 -0.284436 -0.071097 0.097466 -0.140805 
1.016508 -0.903333 1.445321 -0.121325 -0.335745 0.247962 -0.246894 0.025870 -0.348141 -0.125088 0.122120 -0.308172 0.023153 0.030772 -0.079508 
0.997510 -0.927655 1.580712 -0.321470 -0.273094 0.346008 -0.355688 0.048582 -0.372133 -0.053327 0.030264 -0.272601 0.076752 -0.056844 0.006873 
0.862132 -0.775672 1.588409 -0.398575 -0.194641 0.308800 -0.342790 0.047550 -0.362805 -0.061360 -0.007415 -0.224036 0.033316 -0.090514 0.073448 
0.873543 -0.732814 1.588037 -0.397505 -0.161001 0.284513 -0.360857 0.090268 -0.383181 -0.044311 -0.022812 -0.203058 0.013872 -0.103240 0.106911 
0.913656 -0.737790 1.634859 -0.455319 -0.152040 0.280188 -0.346923 0.087037 -0.384320 -0.041825 -0.034733 -0.194294 0.011754 -0.111526 0.125705 
0.871259 -0.661107 1.621976 -0.409830 -0.160917 0.261642 -0.359892 0.100092 -0.380961 -0.017545 -0.048255 -0.183387 0.017452 -0.105433 0.123973 
0.794406 -0.605861 1.507981 -0.375660 -0.140201 0.261540 -0.339043 0.057860 -0.369995 -0.017928 -0.082366 -0.160581 0.006303 -0.122590 0.132063 
0.817883 -0.653112 1.617771 -0.309138 -0.178023 0.205440 -0.289218 0.054013 -0.389504 0.018721 -0.111304 -0.162909 0.029480 -0.160813 0.160897 
0.821219 -0.616909 1.523270 -0.168381 -0.220810 0.162534 -0.211603 0.043580 -0.417174 0.054741 -0.130009 -0.156034 0.027209 -0.168388 0.165566 
0.850286 -0.633163 1.443983 0.008427 -0.238099 0.050544 -0.096067 0.042325 -0.439581 0.046389 -0.119961 -0.154440 0.010434 -0.192713 0.141670 
0.795355 -0.477451 1.188237 0.209182 -0.264632 -0.039391 -0.013049 0.023573 -0.419108 -0.017084 -0.090098 -0.166104 0.010000 -0.215247 0.085578 
0.860836 -0.539311 1.055986 0.302303 -0.203399 -0.083263 -0.040899 0.049015 -0.352983 -0.101955 -0.045659 -0.169177 0.016533 -0.192623 0.019773 
0.722300 -0.410777 0.973415 0.403996 -0.156348 -0.153231 -0.057502 0.004489 -0.206436 -0.126623 -0.155715 -0.067434 0.054232 -0.206871 -0.003791 
0.775611 -0.367708 0.775806 0.438681 -0.073750 -0.178163 -0.053221 0.070933 -0.143782 -0.085138 -0.135736 -0.033100 0.100501 -0.202777 0.034248 
0.449524 -0.299908 0.776366 0.371789 -0.064237 -0.087467 -0.059334 0.005693 0.018882 -0.081350 -0.163662 0.050137 0.085637 -0.163879 0.003486 
0.345158 -0.349386 0.639334 0.150238 -0.018500 -0.032657 -0.009606 0.056359 0.106926 -0.083487 -0.075902 0.122426 0.049234 -0.158694 0.098266 
0.510756 -0.578706 0.515587 0.194427 0.133843 -0.181828 -0.046458 0.127022 -0.057109 -0.060561 -0.063771 0.054006 0.085012 -0.160424 0.039474 
0.904238 -0.571411 0.404383 -0.048827 -0.055520 -0.095019 -0.053658 0.025959 0.048985 -0.129508 -0.162698 0.136594 0.152807 -0.210214 0.037373 
0.978104 -0.758121 0.703917 0.142261 -0.000544 -0.095297 -0.147084 -0.008092 0.010085 -0.152241 -0.160591 0.081172 0.110164 -0.189728 -0.001678 
1.077949 -0.800035 0.869534 0.115566 -0.065050 -0.198466 -0.269027 0.057690 -0.218522 -0.053971 -0.193653 -0.023813 0.198196 -0.178121 -0.011760 
1.195879 -0.919635 0.995537 0.070459 -0.008306 -0.170063 -0.382335 0.107935 -0.229701 0.020716 -0.273312 -0.047065 0.258372 -0.200005 0.011705 
1.303211 -0.896573 0.998775 0.014895 0.004761 -0.184921 -0.442589 0.131383 -0.226076 0.059833 -0.297353 -0.060470 0.319750 -0.177971 -0.032830 
1.392597 -0.961336 0.963475 0.078439 -0.048640 -0.127461 -0.500417 0.115901 -0.244957 0.057191 -0.270133 -0.106148 0.322287 -0.163330 -0.012394 
1.392072 -0.961928 0.968886 0.037374 -0.010984 -0.149947 -0.474156 0.077438 -0.263673 0.035490 -0.281268 -0.110227 0.302178 -0.162239 -0.017607 
1.407497 -0.974147 0.957642 -0.004918 0.008466 -0.175169 -0.437125 0.063476 -0.242040 0.003735 -0.288120 -0.056389 0.286287 -0.191080 0.005925 
1.503947 -1.011323 0.927945 0.020397 -0.005434 -0.147601 -0.465227 0.094133 -0.269158 0.013975 -0.233473 -0.126177 0.298892 -0.150492 -0.036824 
1.426687 -0.916785 0.892086 0.037452 -0.020328 -0.174877 -0.478020 0.115660 -0.264184 0.037195 -0.260431 -0.097977 0.333440 -0.169914 -0.027977 
1.415656 -0.919405 0.887445 -0.014314 0.017361 -0.200694 -0.451025 0.074809 -0.252966 0.039446 -0.266295 -0.110464 0.339308 -0.154718 -0.051436 
1.484632 -0.941945 0.847017 -0.008578 -0.001569 -0.185788 -0.470659 0.089171 -0.261816 0.047542 -0.244426 -0.116629 0.345712 -0.150070 -0.037487 
1.457129 -0.901860 0.848903 -0.026971 -0.020255 -0.160531 -0.463863 0.080248 -0.264490 0.028307 -0.219635 -0.121301 0.316869 -0.128209 -0.048352 
1.444430 -0.873095 0.816298 -0.034341 0.001058 -0.180498 -0.452817 0.081645 -0.279187 0.008171 -0.223973 -0.117358 0.323355 -0.151490 -0.037950 
1.387744 -0.809954 0.774382 0.013647 -0.033879 -0.213757 -0.422424 0.057400 -0.263474 -0.023469 -0.229048 -0.109897 0.324259 -0.126522 -0.091915 
1.467083 -0.620605 0.641730 0.070542 -0.152290 -0.229101 -0.318865 -0.044727 -0.226708 -0.061843 -0.211609 -0.114983 0.320938 -0.116917 -0.087620 
1.684211 -0.539407 0.398469 0.286790 -0.182012 -0.304659 -0.234295 -0.143992 -0.126559 -0.062068 -0.192777 -0.153658 0.367610 -0.099223 -0.160446 
1.159979 -0.581702 0.632408 0.088072 -0.050700 -0.321464 -0.398959 0.048298 -0.288851 -0.013327 -0.176691 -0.128643 0.351154 -0.080100 -0.104691 
0.777908 -0.278404 0.696077 0.099733 -0.073192 -0.398418 -0.439831 0.039285 -0.285388 -0.031606 -0.144299 -0.221439 0.527736 -0.119398 -0.159098 
0.758587 -0.429604 0.401467 0.146176 -0.120982 -0.388569 -0.281281 -0.099047 -0.244294 0.134449 -0.208933 -0.017194 0.355589 -0.113053 0.039354 
0.720103 -0.162256 0.511815 0.233196 -0.107297 -0.524389 -0.242884 -0.126355 -0.216601 0.062185 -0.290436 -0.041101 0.466713 -0.161788 -0.041037 
0.063034 0.201981 0.426033 0.313917 -0.211193 -0.361239 -0.365374 -0.144788 -0.128865 -0.051118 -0.220322 -0.030337 0.314267 0.056050 -0.189958 
-0.126178 0.025489 0.295635 0.136975 -0.223412 -0.162385 -0.401300 -0.213515 -0.074831 0.080051 -0.092802 -0.081593 0.218649 0.149498 -0.102374 
-0.381621 0.065651 0.140129 0.165067 -0.000484 -0.359003 -0.199024 0.003051 -0.019212 0.000087 -0.069958 -0.011585 0.158932 -0.011037 -0.047665 
