city011_063
PAIPU
69
0.036085 -0.233140 0.190141 0.195045 0.025931 0.137414 -0.138646 -0.412730 0.156505 0.104960 -0.020032 -0.185754 0.048841 0.011882 0.052591 
0.269970 -0.307807 0.045198 0.177720 -0.112532 -0.258472 -0.084289 0.041597 -0.103137 0.004921 0.110099 -0.126722 0.155119 -0.050749 0.003419 
1.381524 -0.593976 0.242072 -0.060106 0.049965 -0.148588 -0.125251 0.081378 -0.201717 0.011560 0.062948 -0.161250 0.216891 -0.112080 0.012445 
1.988739 -0.239028 0.271575 -0.242036 0.085639 0.128501 -0.162727 -0.169307 -0.026001 -0.071368 -0.076474 -0.080000 0.073652 -0.046465 0.001269 
1.266937 -0.418897 0.642161 -0.238060 0.134182 -0.089204 -0.163302 -0.222009 -0.120157 0.097898 -0.036285 -0.118509 0.144408 -0.084143 0.074543 
0.895723 -0.816145 0.057427 -0.318519 0.336456 0.124229 0.211032 -0.054790 0.020358 0.117221 -0.088213 -0.106007 0.126185 -0.007793 0.097717 
1.448522 -0.823222 -0.092962 -0.624066 0.004469 0.145496 0.131872 -0.070602 -0.007891 0.218497 -0.038729 -0.164908 0.097504 -0.179378 0.001343 
1.347348 -1.216976 0.168642 -0.821000 -0.056484 0.160412 0.193350 -0.002996 -0.039953 0.166861 -0.029739 -0.188460 0.103091 -0.154579 0.015451 
1.120568 -1.282377 0.221676 -1.029597 0.138750 0.170857 0.245616 -0.160266 0.037246 0.195710 0.000857 -0.190636 -0.077198 -0.038064 -0.081929 
1.130570 -1.312138 0.251935 -1.037094 0.179184 0.165422 0.196987 -0.167116 0.100997 0.180980 0.024476 -0.247226 -0.093401 -0.009573 -0.061226 
1.146339 -1.302544 0.220161 -0.943555 0.175072 0.179515 0.105000 -0.112300 0.118206 0.155299 0.065185 -0.335359 -0.061173 0.046096 -0.041164 
1.163641 -1.428911 0.203221 -0.852632 0.201802 0.002560 0.085600 -0.076270 0.147682 0.235130 0.006836 -0.340541 -0.058365 0.075084 -0.058397 
1.145717 -1.465480 0.142993 -0.663271 0.108380 -0.094517 0.066358 -0.104624 0.265811 0.277220 -0.089588 -0.306104 -0.035216 0.058028 -0.015279 
1.118306 -1.403927 0.234406 -0.582880 0.052835 -0.220363 0.008706 -0.047375 0.353672 0.257978 -0.125466 -0.271749 0.001627 0.077155 -0.153166 
1.120212 -1.251562 0.272700 -0.488323 -0.021017 -0.370981 -0.007173 0.027057 0.342370 0.250729 -0.150353 -0.165584 0.065346 0.033693 -0.305231 
1.122769 -1.330509 0.400129 -0.382616 -0.102493 -0.508081 0.042422 0.040996 0.301666 0.190491 -0.089274 -0.064600 0.139167 -0.096807 -0.245549 
0.985341 -1.256319 0.735799 -0.315592 -0.243244 -0.416538 -0.146812 0.172882 0.160143 0.075122 -0.025222 0.145070 0.107376 -0.153642 -0.094448 
1.176298 -1.282822 0.946931 -0.365907 -0.256112 -0.308185 -0.335258 0.105762 0.145833 -0.032863 0.115997 0.060053 0.303737 -0.227265 0.031272 
1.078768 -1.208305 1.027135 -0.406707 -0.221810 -0.104075 -0.348915 -0.033410 -0.071126 0.003748 0.141014 -0.020753 0.190218 -0.076261 0.122863 
0.968577 -1.105588 1.163300 -0.462354 -0.115410 -0.039120 -0.243099 -0.147376 -0.207377 -0.132464 0.179125 -0.053847 0.058533 -0.044809 0.173870 
0.969623 -0.982841 1.358799 -0.443599 -0.245572 -0.027282 -0.337649 -0.046463 -0.218906 -0.136664 0.132294 -0.038740 0.045763 0.012054 0.150701 
0.976929 -0.931319 1.510432 -0.331601 -0.271508 0.026562 -0.415522 0.065378 -0.212837 -0.190111 0.190810 -0.120767 0.049601 0.008929 0.136810 
0.819705 -0.805558 1.546779 -0.310132 -0.208927 0.057986 -0.410273 0.099996 -0.267370 -0.202215 0.167044 -0.163455 0.002616 0.026263 0.107320 
0.810468 -0.831600 1.648027 -0.339451 -0.126687 0.041064 -0.396154 0.076711 -0.243730 -0.274571 0.211549 -0.253136 0.020258 0.024448 0.080774 
0.715967 -0.765424 1.646284 -0.333097 -0.107661 0.073309 -0.421588 0.102680 -0.300770 -0.247008 0.157364 -0.250479 -0.017004 0.038653 0.053104 
0.634405 -0.829964 1.708672 -0.268334 -0.115721 0.091181 -0.460879 0.117119 -0.300558 -0.309336 0.159646 -0.296696 -0.011352 0.005931 0.033080 
0.668309 -0.840689 1.817458 -0.261658 -0.172148 0.106938 -0.460079 0.124421 -0.302998 -0.342890 0.188791 -0.309823 -0.004568 -0.017276 0.038676 
0.571508 -0.859854 1.771833 -0.220819 -0.200698 0.170782 -0.456366 0.075055 -0.277527 -0.323153 0.146347 -0.327716 0.008524 -0.040387 0.026659 
0.685455 -1.008543 1.811056 -0.016037 -0.392051 0.147622 -0.320536 0.021503 -0.326444 -0.246394 0.117122 -0.357931 0.092696 -0.091492 -0.013932 
0.798228 -0.820450 1.260493 0.256911 -0.344094 -0.128019 -0.088499 0.056068 -0.422669 -0.214465 0.268356 -0.417239 0.069025 0.005392 -0.039971 
0.567445 -0.056017 0.490605 0.268880 0.232759 0.116578 -0.265292 -0.081351 0.066543 -0.385128 0.077603 -0.115304 -0.183819 -0.050221 -0.035028 
0.271334 -0.102323 0.427138 0.295662 0.095918 0.232065 -0.066528 -0.177084 -0.012260 -0.014424 0.117521 -0.199565 -0.002709 -0.065711 0.067207 
-0.162853 -0.501542 0.231662 0.117240 -0.168719 0.215216 -0.142186 -0.152976 0.059830 -0.104745 0.208976 -0.096388 -0.056293 -0.000462 0.090755 
-0.390215 -0.546691 -0.086467 -0.119298 -0.115935 0.006405 -0.125362 0.070437 0.196893 -0.079141 0.034289 -0.132003 0.114920 -0.039904 -0.052662 
-0.387019 -0.626092 0.135599 0.248196 -0.159037 -0.165324 -0.161593 -0.070298 0.085588 0.074320 0.012239 -0.145531 0.140646 0.026791 -0.009248 
-0.328318 -0.428542 0.024934 0.046629 -0.028125 -0.032196 -0.242370 0.053323 0.126799 -0.093111 0.103089 -0.122147 0.088125 0.005631 -0.036075 
-0.421691 -0.359400 0.166149 -0.060053 -0.139238 0.073135 -0.173851 -0.065451 0.117273 -0.107061 0.160184 -0.065538 -0.043305 0.062505 0.026209 
-0.253329 -0.333265 0.170925 -0.024803 -0.171358 -0.051129 -0.102628 0.014571 0.033337 -0.075753 0.155920 -0.104013 0.073708 -0.068628 0.091148 
-0.280453 -0.384126 0.037925 0.035465 -0.153231 -0.068527 -0.017590 -0.127807 0.190573 -0.031249 -0.013123 -0.043240 0.122692 -0.094110 0.009494 
-0.405584 -0.331608 -0.027852 0.077882 -0.072076 -0.116436 -0.257255 -0.121812 0.140990 -0.056440 0.193323 -0.045999 -0.110937 0.122668 0.122650 
-0.215735 -0.211777 0.093300 0.114621 -0.063710 -0.055094 -0.225198 -0.163214 0.147124 -0.100804 0.079900 -0.051419 0.043252 -0.008274 0.057655 
-0.388724 -0.256304 0.043928 0.120964 -0.179432 -0.060600 -0.130134 -0.109786 0.039025 -0.068044 0.160997 -0.013868 -0.070174 0.024404 0.102771 
-0.362886 -0.403393 0.020188 0.084011 -0.259285 -0.034116 -0.207716 -0.134810 0.228469 -0.070261 0.123049 -0.010371 -0.056774 0.093596 0.020304 
0.098337 -0.824596 0.041604 -0.081323 -0.048801 -0.009169 0.025423 -0.058322 0.096507 -0.051092 0.088786 -0.104608 0.029197 -0.005882 0.022263 
1.046707 -0.570617 0.658851 0.403706 0.192713 0.051121 -0.202518 -0.041416 0.095937 -0.144065 0.016822 -0.080305 -0.136053 0.001819 0.100408 
1.796229 -0.043976 0.303186 -0.117576 -0.089509 -0.116185 -0.035567 0.074695 0.021101 -0.226516 0.177087 -0.003478 0.022125 -0.079321 0.087821 
1.849883 -0.405592 0.444398 -0.054894 -0.038488 0.080813 -0.210060 0.008381 -0.044824 -0.189713 -0.004646 -0.189401 0.133828 -0.071670 -0.016046 
1.803682 -0.416964 0.495583 -0.347206 0.114501 -0.071294 0.057427 -0.032974 -0.110094 0.021853 -0.059045 -0.187190 0.213496 -0.087892 -0.039110 
1.631238 -0.770068 0.779134 -0.286713 -0.065101 0.098093 -0.306086 -0.094937 -0.216817 -0.002120 0.211770 -0.332431 0.223421 0.006384 -0.063443 
1.644910 -0.975541 0.872234 -0.221478 -0.008927 0.145502 -0.372761 -0.134432 -0.287847 -0.008805 0.222880 -0.393618 0.200549 -0.016672 -0.052354 
1.511392 -0.915886 0.861053 -0.238583 0.037249 0.004457 -0.286653 -0.183503 -0.214988 0.016395 0.075303 -0.223272 0.106895 0.040855 -0.031797 
1.531919 -0.880820 0.874767 -0.270025 0.048340 0.035826 -0.312960 -0.241295 -0.177068 0.009839 0.139224 -0.297949 0.167136 -0.013524 0.034870 
1.542764 -0.816153 0.818822 -0.271701 -0.001643 0.073417 -0.367384 -0.188408 -0.215238 0.048108 0.086817 -0.252143 0.166394 0.007412 -0.006242 
1.488571 -0.755602 0.851363 -0.325510 0.009400 0.081082 -0.346704 -0.274401 -0.168539 0.048231 0.114895 -0.272640 0.179291 0.003121 0.013929 
1.549994 -0.806324 0.864796 -0.367026 0.049669 0.033879 -0.324896 -0.274068 -0.153994 0.028660 0.117991 -0.260065 0.175916 0.008003 0.012615 
1.572873 -0.809930 0.873128 -0.366676 0.030139 0.068666 -0.361823 -0.260586 -0.189048 0.069953 0.125755 -0.272121 0.183804 0.011899 0.006865 
1.518450 -0.763962 0.825005 -0.336351 0.025050 0.057370 -0.353277 -0.287509 -0.178993 0.060057 0.141139 -0.280632 0.176762 0.023704 0.017645 
1.538850 -0.767367 0.799305 -0.311567 0.014546 0.046286 -0.344802 -0.291178 -0.201149 0.079210 0.135542 -0.275274 0.162307 0.052198 -0.006311 
1.517130 -0.693214 0.763977 -0.257711 -0.047467 0.083352 -0.341006 -0.330943 -0.221557 0.115792 0.099374 -0.250864 0.146978 0.064179 -0.020739 
1.469399 -0.621518 0.732843 -0.239152 -0.086694 0.156164 -0.394248 -0.302955 -0.247408 0.072293 0.145200 -0.307971 0.167911 0.064832 -0.055900 
1.550803 -0.679040 0.842813 -0.373282 -0.028105 0.192079 -0.440255 -0.289588 -0.281950 0.040393 0.229882 -0.374199 0.208549 0.042998 -0.081372 
1.462178 -0.663558 0.785751 -0.318190 -0.091106 0.210216 -0.501209 -0.199957 -0.324675 -0.017517 0.255355 -0.412691 0.223364 0.091787 -0.135913 
1.402536 -0.510205 0.788100 -0.365377 -0.047287 0.163477 -0.528537 -0.184694 -0.328497 0.005042 0.262733 -0.426089 0.256687 0.084589 -0.114189 
1.400764 -0.271832 0.526760 -0.243364 0.032406 0.135289 -0.555544 -0.284458 -0.316242 0.099172 0.214430 -0.465822 0.269359 0.040963 -0.034235 
1.169533 -0.326575 0.560268 -0.168703 -0.009971 0.139857 -0.541535 -0.268930 -0.326091 0.059539 0.196929 -0.487122 0.245768 0.081801 -0.070954 
0.811227 -0.081096 0.325810 -0.143818 0.045110 0.082842 -0.429667 -0.353823 -0.291053 0.177129 0.175134 -0.417645 0.215983 0.055091 -0.031480 
-0.065212 0.136652 0.261330 0.126890 -0.124179 -0.041364 -0.266744 -0.456920 -0.251199 0.084367 -0.004367 -0.301114 0.155060 0.111455 -0.053327 
0.041984 -0.019935 0.375925 -0.006994 -0.075979 0.021842 -0.244827 -0.407993 -0.254663 0.084333 0.053950 -0.307709 0.179090 0.023309 -0.031273 
0.346425 0.096212 0.182982 -0.041941 -0.016846 0.027759 -0.296887 -0.505098 -0.182481 0.009640 0.108454 -0.235083 0.107598 0.034292 0.025799 
