city011_004
EDOGAWA
77
-0.381140 0.169855 0.083517 0.024742 -0.058888 0.059720 -0.110926 -0.268078 -0.097049 0.121730 0.012722 -0.088505 0.023827 0.022812 -0.014180 
-0.359116 0.016815 -0.043851 0.066166 -0.188218 0.041084 -0.002807 -0.134235 0.011787 0.059922 0.014902 -0.068668 0.066769 0.001547 -0.065660 
0.086419 -0.810341 1.142005 -0.282925 -0.319219 -0.086899 -0.252949 0.106592 -0.196569 -0.031312 0.075841 0.082054 0.016177 -0.089790 0.161250 
0.884683 -0.736239 1.157601 -0.433165 -0.390700 -0.108562 -0.344480 0.062176 -0.278483 0.018725 0.098763 0.038894 0.151506 -0.039257 0.132597 
0.950700 -0.820493 1.146713 -0.314828 -0.409609 -0.109154 -0.356998 0.002463 -0.228082 -0.097882 0.094694 0.068785 0.127007 -0.035520 0.138439 
0.894896 -1.028617 1.253794 -0.340790 -0.322109 -0.040767 -0.451801 0.086672 -0.326735 -0.040363 0.068742 0.010235 0.156996 -0.088368 0.178196 
0.973443 -1.065079 1.232348 -0.438600 -0.250458 -0.049394 -0.403247 0.065537 -0.315314 0.010904 0.019215 0.044184 0.163940 -0.146153 0.224732 
0.946921 -1.068109 1.052533 -0.374149 -0.185947 -0.182335 -0.280098 -0.042885 -0.369421 0.088595 0.024333 0.046129 0.168268 -0.116133 0.234861 
1.009313 -0.966861 0.923620 -0.416029 -0.134186 -0.204504 -0.293810 -0.016591 -0.362477 0.015250 0.028108 0.136658 0.120883 -0.109045 0.225329 
0.968572 -1.025834 0.951114 -0.309674 -0.163162 -0.159118 -0.356330 -0.066566 -0.284755 0.025739 0.005366 0.073641 0.173243 -0.118939 0.222045 
1.072863 -1.031357 0.985273 -0.338587 -0.214648 -0.201640 -0.325532 -0.011434 -0.286940 -0.017168 -0.004658 0.150419 0.169406 -0.160270 0.248744 
1.139222 -0.938251 1.078850 -0.196897 -0.290036 -0.199679 -0.400056 0.075701 -0.254447 0.014622 -0.060515 0.118153 0.237727 -0.206108 0.244183 
1.156177 -0.881432 1.021878 -0.111691 -0.145155 -0.159626 -0.370021 0.123337 -0.249799 -0.024452 -0.190240 0.110110 0.213779 -0.285365 0.195935 
0.831410 -0.483007 0.798851 0.249147 0.058191 -0.074098 -0.252954 0.047381 -0.069182 -0.108082 -0.235119 -0.066840 0.204469 -0.264317 -0.033702 
0.507562 0.017597 0.672844 0.321174 0.100653 0.146559 -0.201435 -0.132560 -0.111541 -0.061812 -0.121960 -0.272167 -0.036384 -0.051831 -0.124826 
0.321002 0.229711 0.585388 0.482308 -0.027091 0.148098 -0.071725 -0.159022 -0.022226 -0.083696 -0.213093 -0.120853 -0.007127 -0.196139 -0.028832 
0.526002 0.101294 0.498723 0.346198 -0.007938 0.049444 0.031487 -0.061072 -0.090929 -0.121046 -0.059925 -0.069530 -0.013424 -0.133517 -0.043095 
0.955418 -0.807732 0.489729 -0.191070 0.159882 -0.098528 -0.269417 -0.022296 -0.067898 -0.113834 -0.053491 0.114620 0.048221 -0.099472 0.014180 
1.423270 -0.987406 0.806983 -0.391225 0.011681 -0.179561 -0.468640 0.066499 -0.091345 0.089439 -0.197184 0.048010 0.329757 -0.155021 0.046268 
1.635221 -1.043456 0.654689 -0.472387 -0.014067 0.069530 -0.628345 0.004636 -0.122690 0.157708 -0.034823 -0.079676 0.321304 -0.089394 0.070858 
1.706026 -0.997364 0.474398 -0.581131 0.017792 0.120419 -0.526567 -0.123879 -0.123578 0.210903 0.092308 -0.102709 0.224708 -0.029485 0.039534 
1.770034 -1.019856 0.331543 -0.515494 -0.102217 0.120036 -0.406331 -0.079218 -0.269864 0.144982 0.084395 0.062682 0.325805 -0.176612 0.025146 
1.718703 -0.983310 0.301588 -0.570183 -0.049041 0.023457 -0.231341 -0.144695 -0.259879 0.055422 0.032520 0.191895 0.265359 -0.096369 -0.030176 
1.684420 -0.929715 0.374650 -0.593956 -0.166693 0.010290 -0.173123 0.000331 -0.295803 -0.084872 0.009176 0.148422 0.319548 -0.012953 0.000100 
1.683799 -0.859135 0.290629 -0.630844 -0.086653 -0.031665 -0.134966 0.023648 -0.294232 -0.097518 -0.010540 0.185444 0.252356 0.055509 -0.025783 
1.679144 -0.787357 0.335819 -0.658170 -0.093067 -0.085396 -0.140872 0.123077 -0.252089 -0.173071 -0.048142 0.094568 0.263647 0.109643 -0.003391 
1.689439 -0.823237 0.363873 -0.605212 -0.162638 -0.033370 -0.081494 0.170508 -0.345781 -0.195549 -0.003676 0.076383 0.247872 0.097103 0.035148 
1.602629 -0.762803 0.329520 -0.678932 -0.039006 -0.092537 -0.027196 0.134178 -0.308141 -0.218607 -0.014320 0.076417 0.270312 0.092036 0.020822 
1.554418 -0.658136 0.249552 -0.675146 0.071796 -0.097442 -0.062709 0.144455 -0.287715 -0.234202 -0.071958 0.075108 0.274142 0.110104 -0.029511 
1.585666 -0.533695 0.167921 -0.658845 0.264117 -0.164690 -0.104252 0.157693 -0.392241 -0.207528 -0.109179 0.037419 0.312893 0.086334 -0.036339 
1.566564 -0.426156 0.296479 -0.715199 0.209338 0.005559 -0.096080 0.016407 -0.508713 -0.091251 -0.183419 -0.014276 0.353089 0.024063 -0.017766 
1.755431 -0.364414 0.451699 -0.704174 0.080339 0.150409 -0.033048 -0.055971 -0.585684 0.054711 -0.186877 -0.078304 0.346363 -0.074985 -0.002641 
1.595960 -0.294893 0.342420 -0.493972 0.152689 0.164026 -0.039333 -0.150953 -0.647303 0.156737 -0.118101 -0.058197 0.284384 -0.205215 -0.043904 
1.386525 -0.311724 0.311837 -0.388455 0.324183 0.023624 -0.146474 -0.215665 -0.609554 0.217163 -0.061055 -0.196607 0.211581 -0.184686 -0.068859 
1.278966 -0.452096 0.405694 -0.272646 0.243593 -0.002101 -0.262243 -0.121169 -0.590229 0.244242 -0.029973 -0.271081 0.238612 -0.156942 -0.009577 
1.355927 -0.671420 0.483428 -0.299682 0.291725 -0.070601 -0.384836 -0.121801 -0.496192 0.314799 -0.007135 -0.319354 0.247881 -0.093128 0.071419 
1.484120 -0.914057 0.571569 -0.384150 0.207594 -0.154320 -0.403246 -0.089555 -0.384471 0.373149 -0.066408 -0.207946 0.287840 -0.062001 0.112382 
1.643809 -1.144505 0.488102 -0.473632 0.116913 -0.070617 -0.422274 -0.077887 -0.279653 0.447921 -0.048139 -0.151189 0.255493 -0.041023 0.107612 
1.437879 -1.082487 0.355075 -0.592931 0.037466 -0.083416 -0.374561 -0.135568 -0.092992 0.404606 0.144084 -0.149610 0.156486 0.064508 -0.063530 
1.280307 -1.045230 0.361993 -0.739647 0.063026 -0.097527 -0.244721 -0.136716 -0.081816 0.393599 0.232959 -0.158754 0.099370 -0.017473 -0.088513 
1.246308 -1.161098 0.208263 -0.800810 0.034553 0.007098 -0.137770 -0.053986 -0.050070 0.338689 0.238261 -0.211544 0.041020 -0.089631 -0.148307 
1.233649 -1.243532 0.121652 -0.796515 0.003193 0.055093 -0.080145 -0.036755 -0.022222 0.320259 0.206964 -0.185340 -0.047641 -0.088019 -0.170044 
1.254133 -1.217664 0.141553 -0.819241 -0.061731 0.116686 -0.014062 -0.084230 0.003689 0.324342 0.126553 -0.117643 -0.057360 -0.160247 -0.118025 
1.333114 -1.208818 0.148230 -0.850439 -0.060457 0.122876 0.054843 -0.094258 0.008816 0.287887 0.072220 -0.106816 -0.000702 -0.200528 -0.099293 
1.301977 -1.193363 0.167161 -0.875798 -0.050816 0.104146 0.032418 -0.120392 0.011561 0.305369 0.095415 -0.083551 0.021472 -0.232450 -0.122220 
1.313326 -1.164901 0.159594 -0.860074 -0.071238 0.119766 0.019727 -0.104836 -0.035510 0.262658 0.120147 -0.042665 0.047122 -0.204471 -0.153364 
1.283508 -1.141255 0.176935 -0.858663 -0.092138 0.134853 0.009989 -0.101746 -0.090634 0.243198 0.142968 0.012861 0.069438 -0.208982 -0.159940 
1.305506 -1.189382 0.231919 -0.816371 -0.082354 0.032773 0.040278 -0.150156 -0.097200 0.189817 0.205528 0.073611 0.077754 -0.193028 -0.152382 
1.397359 -1.169360 0.218275 -0.685982 -0.132519 0.029111 -0.035665 -0.104380 -0.168659 0.160465 0.190950 0.120341 0.133915 -0.177487 -0.111017 
1.590741 -1.207371 0.257459 -0.602369 -0.176583 0.034375 -0.085643 -0.093338 -0.224751 0.145574 0.161867 0.136313 0.213403 -0.187785 -0.062785 
1.637217 -1.199955 0.261768 -0.607548 -0.192630 0.020456 -0.106528 -0.067870 -0.248753 0.173145 0.120479 0.156265 0.242598 -0.180941 -0.051305 
1.539853 -1.180822 0.204911 -0.563890 -0.232415 0.053294 -0.077801 -0.099700 -0.192718 0.132282 0.156912 0.136140 0.200729 -0.144472 -0.098216 
1.438793 -1.151459 0.198442 -0.666414 -0.171741 0.052169 -0.048969 -0.117620 -0.175492 0.185874 0.179536 0.135096 0.127765 -0.155323 -0.123421 
1.403394 -1.246183 0.206229 -0.791663 -0.139449 0.051219 -0.002961 -0.094483 -0.131399 0.224381 0.180001 0.105514 0.079238 -0.156869 -0.188617 
1.312032 -1.142888 0.109203 -0.814185 -0.149878 0.111987 0.004867 -0.091205 -0.082140 0.273263 0.161021 0.021116 0.064309 -0.211805 -0.199097 
1.395773 -1.169163 0.119089 -0.910313 -0.069086 0.124874 0.048956 -0.137851 0.055175 0.276868 0.057062 -0.021651 -0.002883 -0.220627 -0.119683 
1.349479 -1.107026 0.080755 -0.879578 -0.037849 0.173477 -0.024484 -0.100242 0.062896 0.307914 0.077719 -0.094108 -0.109847 -0.156450 -0.094893 
1.320951 -1.194264 0.069773 -0.889261 0.008398 0.119505 -0.061366 -0.034900 0.053005 0.317266 0.094653 -0.117309 -0.139504 -0.108799 -0.107824 
1.317656 -1.118409 0.082464 -0.879563 0.014362 0.103099 -0.096302 -0.036224 0.099571 0.335249 0.077261 -0.161179 -0.109605 -0.129903 -0.052804 
1.333979 -1.039439 0.108470 -0.866971 -0.025521 0.106669 -0.091784 -0.042169 0.121406 0.338878 0.041016 -0.169997 -0.071983 -0.131809 -0.063236 
1.373155 -1.066233 0.037917 -0.832855 -0.026459 0.168538 -0.141683 -0.025420 0.065165 0.331843 0.036151 -0.140148 -0.048232 -0.117109 -0.067341 
1.365362 -1.097816 0.097664 -0.892232 -0.010319 0.204882 -0.123013 -0.091527 0.172154 0.313955 0.019794 -0.164705 -0.089497 -0.133397 -0.036860 
1.440908 -1.150056 0.032087 -0.900372 0.023993 0.210353 -0.082972 -0.065491 0.161918 0.235241 -0.034165 -0.153169 -0.025796 -0.098347 -0.023358 
1.424772 -1.045237 0.071698 -0.867922 0.011354 0.238255 -0.157647 -0.061053 0.114474 0.341420 0.006996 -0.188409 -0.065225 -0.139828 -0.001172 
1.463995 -1.010423 0.059519 -0.851657 -0.047877 0.280005 -0.182160 -0.040882 0.131597 0.319968 0.011134 -0.190559 -0.083021 -0.113976 -0.026627 
1.424228 -1.068930 0.061090 -0.897446 0.004588 0.239411 -0.167039 -0.028397 0.129314 0.326470 -0.006289 -0.193479 -0.068139 -0.126095 -0.006997 
1.379762 -1.046392 0.081054 -0.899010 -0.002575 0.250422 -0.172958 -0.050452 0.165556 0.327889 -0.013099 -0.182198 -0.077023 -0.158230 0.015209 
1.405187 -1.026375 0.032142 -0.904648 0.005858 0.241237 -0.107488 -0.075794 0.150004 0.303879 -0.016571 -0.159148 -0.067596 -0.173697 0.010545 
1.484742 -1.105206 -0.065368 -0.875909 -0.016464 0.290371 -0.141385 -0.031390 0.093580 0.283936 -0.024032 -0.149313 -0.022155 -0.136467 -0.015308 
1.700085 -1.204463 -0.146864 -0.796284 -0.016689 0.354734 -0.240018 0.035874 0.029848 0.332487 -0.019827 -0.210425 0.019405 -0.159702 0.054664 
1.742770 -1.156920 -0.313917 -0.680291 -0.085028 0.344966 -0.177445 -0.014480 0.096146 0.331540 -0.014194 -0.220350 -0.036614 -0.169619 0.044508 
1.435908 -1.072755 -0.280597 -0.888982 0.116978 0.274648 -0.196021 0.062235 0.029938 0.409024 -0.059561 -0.262315 -0.004901 -0.215063 0.116235 
1.435124 -0.962104 -0.420656 -0.698289 -0.054859 0.318184 -0.140909 -0.021726 0.175092 0.331233 -0.052166 -0.287278 -0.033912 -0.220838 0.136701 
0.917591 -0.793896 -0.221143 -0.554012 -0.063988 0.351684 -0.126138 0.037566 0.037803 0.343656 -0.156708 -0.178303 -0.047749 -0.177755 0.227984 
0.948209 -0.297503 -0.543285 -0.609522 0.035244 0.265245 -0.083376 -0.030376 0.187517 0.278884 -0.052012 -0.279074 -0.079852 -0.224095 0.200786 
0.203098 -0.339730 -0.579299 -0.514695 -0.076575 0.193598 -0.019919 -0.142814 0.259236 0.264535 -0.045874 -0.182988 -0.093051 -0.173329 0.049133 
-0.233958 -0.478499 -0.398546 -0.435834 -0.158611 0.215222 -0.035396 -0.087443 0.050792 0.201381 0.176347 -0.135095 -0.165250 -0.091683 -0.020165 
