city011_084
MYUUJIKARU
89
0.278279 0.574856 0.390014 0.511062 0.125710 -0.135158 -0.055740 0.098910 -0.131529 -0.022088 -0.015702 -0.243765 0.209845 -0.168908 -0.001919 
1.103542 -0.108937 0.622134 0.539354 -0.103522 -0.069658 -0.037465 -0.105073 -0.122339 -0.111448 -0.005705 -0.286007 0.110868 -0.124037 0.031341 
1.115687 -0.545101 0.781456 0.492795 -0.174307 0.001051 -0.129012 -0.133803 -0.267878 -0.090665 -0.009912 -0.404187 0.106430 -0.118255 0.004332 
1.143280 -0.656847 0.859560 0.406418 -0.271186 0.055322 -0.314955 0.022103 -0.290888 -0.210118 0.097507 -0.378981 0.088474 -0.031715 -0.024461 
1.020547 -0.786870 1.448551 0.036754 -0.458397 0.226989 -0.295993 0.007416 -0.376686 -0.169697 0.168649 -0.442142 0.125395 -0.020701 -0.052798 
0.984756 -0.766314 1.568965 -0.117029 -0.407200 0.265058 -0.347756 -0.000989 -0.351393 -0.153349 0.125597 -0.417681 0.154184 -0.044843 -0.046763 
0.993763 -0.880845 1.636755 -0.285633 -0.317195 0.198334 -0.304889 -0.057046 -0.316419 -0.185810 0.141443 -0.394400 0.159627 -0.057407 0.004423 
0.931489 -0.861563 1.618846 -0.321120 -0.312176 0.170214 -0.281839 -0.074449 -0.330922 -0.161726 0.145083 -0.387573 0.163465 -0.043932 0.028930 
0.894620 -0.888976 1.595252 -0.350763 -0.290874 0.118848 -0.232068 -0.125675 -0.323134 -0.107243 0.104863 -0.361870 0.191366 -0.036891 0.015028 
0.851657 -0.903102 1.495178 -0.360305 -0.220331 0.020201 -0.148664 -0.164141 -0.334486 -0.065429 0.067800 -0.290349 0.136294 0.015796 -0.028608 
0.892332 -0.934748 1.482492 -0.297407 -0.262549 -0.025348 -0.130807 -0.139120 -0.340777 -0.091377 0.141865 -0.342643 0.175600 -0.000253 -0.001576 
0.882541 -0.892002 1.468186 -0.184745 -0.381259 -0.034219 -0.111360 -0.125556 -0.353899 -0.122583 0.200927 -0.359336 0.137757 0.060038 -0.042069 
0.872716 -0.991669 1.414706 -0.132621 -0.311101 -0.088252 -0.080227 -0.165565 -0.353454 -0.173139 0.215081 -0.366156 0.099775 0.062803 -0.017992 
0.966098 -1.066552 1.376426 -0.121066 -0.180479 -0.201061 -0.098321 -0.104437 -0.400330 -0.079046 0.097312 -0.281063 0.090495 0.055803 -0.050234 
0.950232 -1.031833 1.297511 -0.033771 -0.166980 -0.297659 -0.078894 -0.065983 -0.357586 -0.097865 0.065559 -0.204938 0.111871 -0.014324 -0.005989 
0.984816 -1.045783 1.269605 -0.019134 -0.110643 -0.355174 -0.080689 -0.042914 -0.341426 -0.140348 0.050845 -0.175857 0.129664 -0.070635 -0.003051 
0.987368 -0.999864 1.128216 0.072294 -0.110217 -0.316608 -0.161622 -0.022192 -0.363846 -0.129972 0.040868 -0.243686 0.196525 -0.077637 -0.051286 
1.025409 -0.971420 1.092613 0.072093 -0.058276 -0.330280 -0.209896 -0.014618 -0.343580 -0.099383 -0.013103 -0.264731 0.258131 -0.076299 -0.087016 
1.091720 -0.875641 1.084661 0.078328 -0.044456 -0.294095 -0.333037 0.032330 -0.277510 -0.126560 -0.042292 -0.313439 0.363773 -0.089169 -0.145879 
1.178838 -0.795136 1.033797 0.059308 -0.035949 -0.265287 -0.376141 0.036983 -0.252599 -0.112561 -0.057032 -0.307378 0.359578 -0.049785 -0.191527 
1.337832 -0.804695 1.116711 0.014589 -0.025960 -0.239217 -0.411429 0.044670 -0.256774 -0.075511 -0.038757 -0.359777 0.420921 -0.081412 -0.131174 
1.295222 -0.693126 1.099174 -0.011165 -0.004357 -0.288697 -0.314000 -0.044871 -0.222193 -0.079929 -0.054368 -0.312295 0.354293 -0.040687 -0.148349 
1.240880 -0.588229 1.168795 -0.012311 -0.061108 -0.270583 -0.287193 -0.030369 -0.274991 -0.044739 -0.040730 -0.290457 0.361534 -0.087533 -0.073294 
1.200026 -0.453579 1.187955 -0.005023 -0.105383 -0.277155 -0.223009 -0.049318 -0.280208 -0.082632 0.010473 -0.255633 0.283473 -0.044896 -0.079492 
1.296343 -0.538766 1.271493 -0.103613 -0.094652 -0.317778 -0.131576 -0.092551 -0.293474 -0.070323 -0.010601 -0.218501 0.252898 -0.097145 -0.008438 
1.273748 -0.538870 1.125880 -0.020415 -0.132722 -0.249649 -0.139099 -0.117865 -0.316543 -0.005446 -0.081576 -0.216455 0.250052 -0.118421 -0.000556 
1.245643 -0.541385 1.133897 -0.022310 -0.064383 -0.285487 -0.143261 -0.130720 -0.264552 -0.048062 -0.100261 -0.225230 0.270605 -0.140488 -0.019330 
1.211601 -0.587861 1.055719 -0.048308 0.014520 -0.255940 -0.155468 -0.149443 -0.283242 0.011280 -0.129049 -0.276608 0.275136 -0.119231 -0.049256 
1.257223 -0.588345 1.070072 -0.117700 0.015858 -0.182320 -0.162443 -0.174250 -0.275309 0.012489 -0.088770 -0.290349 0.212420 -0.040364 -0.079713 
1.232759 -0.681502 1.108530 -0.097521 0.015151 -0.162644 -0.172330 -0.172902 -0.247269 -0.035778 -0.073086 -0.291509 0.188997 -0.053320 -0.039175 
1.169014 -0.754926 1.153110 -0.027739 0.041780 -0.198305 -0.193361 -0.125428 -0.248866 -0.064257 -0.094745 -0.288388 0.185165 -0.070455 -0.058040 
1.178353 -0.766444 1.089799 0.036970 0.059949 -0.225460 -0.195086 -0.084328 -0.271363 -0.038925 -0.118033 -0.290254 0.200070 -0.071817 -0.097581 
1.143587 -0.916068 1.181162 0.001460 0.072759 -0.193156 -0.209346 -0.068270 -0.266495 -0.063010 -0.060207 -0.339990 0.202072 -0.060674 -0.091325 
1.093982 -0.955431 1.207156 0.031632 0.008283 -0.209280 -0.104244 -0.038953 -0.284098 -0.117272 0.018328 -0.282262 0.133677 -0.084618 -0.055839 
1.082386 -0.999043 1.315557 -0.029377 -0.034476 -0.184586 -0.001565 -0.048237 -0.320974 -0.089228 0.038338 -0.259030 0.089159 -0.099947 -0.026096 
1.123127 -0.889888 1.487023 0.171883 -0.232738 -0.062219 -0.175637 0.175993 -0.433933 -0.072109 0.053264 -0.314447 0.207709 -0.258335 0.046729 
0.794178 -0.486635 1.176490 0.301308 -0.217988 -0.102083 -0.044705 0.109734 -0.392951 -0.076779 0.010463 -0.255525 0.141833 -0.289709 0.094155 
0.751052 -0.447883 1.100016 0.230599 -0.094659 -0.145978 0.083146 -0.008952 -0.307626 -0.053853 -0.015675 -0.243076 0.138583 -0.292891 0.128570 
0.507663 -0.424980 0.955862 0.316364 -0.059390 -0.202002 0.168606 -0.077649 -0.204273 -0.032228 -0.019422 -0.204656 0.164307 -0.273778 0.110240 
0.248661 -0.266878 0.863324 0.264307 0.066371 -0.223339 0.215307 -0.145094 -0.123838 -0.005034 -0.092396 -0.112729 0.118815 -0.266676 0.136377 
0.027906 -0.164234 0.866886 0.172761 0.071125 -0.223768 0.216814 -0.150196 -0.009803 0.030947 -0.149853 0.006126 0.110570 -0.191022 0.060042 
-0.096734 -0.170167 0.944078 0.128573 0.023448 -0.261844 0.129040 -0.008376 -0.116377 0.010457 -0.102091 0.018414 0.081348 -0.167601 0.069352 
0.143098 -0.416430 0.839605 0.008730 0.081641 -0.250280 0.182999 -0.070415 -0.070705 -0.023632 -0.034833 0.016373 0.060705 -0.191884 0.133298 
0.082969 -0.431732 1.154049 -0.001489 -0.019823 -0.176580 0.111846 -0.096596 -0.105054 -0.023130 -0.059497 -0.037028 0.051422 -0.149966 0.123066 
0.233433 -0.456554 1.226808 -0.026835 0.001494 -0.237778 0.068485 -0.122483 -0.180437 -0.099680 -0.077326 -0.063012 0.036765 -0.206710 0.152303 
0.325256 -0.375584 1.262324 0.057299 -0.099650 -0.200421 0.098871 -0.159027 -0.181588 -0.125038 -0.041357 -0.113667 0.008460 -0.156070 0.091346 
0.494039 -0.604855 1.480962 -0.041846 -0.193493 0.020332 -0.083629 -0.071990 -0.249941 -0.076106 -0.054655 -0.180830 0.115192 -0.288144 0.257970 
0.749785 -0.707445 1.566147 -0.093182 -0.233556 0.082858 -0.181341 0.006654 -0.267155 -0.062682 -0.018328 -0.179449 0.116203 -0.224816 0.209954 
0.768333 -0.767675 1.646591 -0.134693 -0.309971 0.099623 -0.186745 -0.044276 -0.284793 -0.058225 0.017088 -0.251291 0.175472 -0.207893 0.198566 
0.789745 -0.819767 1.626141 -0.169226 -0.295924 0.086597 -0.168982 -0.069080 -0.300686 -0.023909 0.012054 -0.286466 0.215982 -0.201162 0.162303 
0.574084 -0.628219 1.490194 -0.077268 -0.317714 0.106974 -0.131814 -0.063956 -0.354411 0.033589 -0.017506 -0.299352 0.177086 -0.148221 0.103922 
0.560115 -0.501989 1.260876 -0.019624 -0.328964 0.152098 -0.068471 -0.141730 -0.333858 0.086029 -0.059456 -0.317115 0.229195 -0.197301 0.115708 
0.183170 0.021259 0.908045 0.168812 -0.246349 0.038736 0.104255 -0.271385 -0.272325 0.120032 -0.172414 -0.250422 0.176777 -0.219215 0.114740 
-0.232580 -0.060320 0.572270 0.206371 -0.112293 0.095528 -0.008744 -0.105008 0.044903 0.013175 -0.003624 -0.137495 0.158235 -0.081658 -0.015500 
-0.064738 -0.267921 0.010781 0.065451 -0.272671 -0.079728 0.014907 -0.059227 0.048627 -0.003942 0.121044 -0.140602 0.131078 -0.089038 0.070613 
-0.419311 -0.728860 0.148098 0.259921 -0.332210 -0.135785 -0.145080 0.091658 0.089647 0.039842 -0.052027 -0.105873 0.291706 -0.173146 -0.032219 
0.338351 -0.970487 -0.247434 -0.085351 0.000070 0.018111 -0.178998 0.045552 0.217621 -0.041813 -0.042322 -0.044360 0.124503 -0.181648 0.108216 
0.471324 -0.836157 -0.083303 -0.189879 0.024339 -0.077581 -0.224279 0.054350 0.124932 0.045671 -0.034948 -0.010402 0.193737 -0.293888 0.194008 
0.589547 -0.629902 0.223120 -0.158879 0.002945 -0.305784 -0.401234 0.078432 0.058272 -0.003755 0.046972 0.034613 0.239204 -0.165978 0.175597 
1.240662 -0.539903 0.182889 0.091139 0.010235 -0.347467 -0.209424 0.152418 -0.035979 0.047273 0.069767 -0.133141 0.214534 -0.104140 0.089874 
1.848398 -1.022007 0.101510 0.030411 -0.001972 -0.444589 -0.272031 0.182551 -0.189862 0.263190 0.126447 -0.271242 0.337628 -0.070273 0.099032 
1.776716 -1.212601 0.037540 -0.155051 -0.077727 -0.321828 -0.246935 0.117279 0.022925 0.188885 0.221787 -0.313158 0.219918 0.006688 0.036702 
1.587784 -1.166094 -0.038438 -0.153725 -0.080560 -0.268148 -0.164972 0.077457 0.128685 0.188818 0.162542 -0.240063 0.007509 0.058133 0.035359 
1.483873 -1.073526 -0.064596 -0.312690 -0.032851 -0.269646 -0.127562 0.078338 0.173749 0.205850 0.198755 -0.279444 -0.085742 0.083784 0.023296 
1.399412 -1.061528 -0.034879 -0.345151 -0.024382 -0.257088 -0.116171 0.120221 0.185347 0.247475 0.112269 -0.281790 -0.102890 0.073020 0.013884 
1.487471 -1.084092 -0.068121 -0.327076 -0.012134 -0.304218 -0.112850 0.178905 0.145889 0.256739 0.087742 -0.267735 -0.109818 0.106793 -0.040454 
1.513267 -1.131223 -0.088730 -0.352460 0.028921 -0.347947 -0.118128 0.154110 0.204061 0.197487 0.110506 -0.269198 -0.052782 0.064087 -0.029275 
1.408324 -1.218418 0.030382 -0.340417 -0.029651 -0.348693 -0.110170 0.054214 0.260633 0.224384 0.066385 -0.242767 0.025181 0.077859 -0.128208 
1.427864 -1.164376 -0.006049 -0.196638 -0.109433 -0.354669 -0.168570 0.054705 0.225702 0.249794 0.053818 -0.235799 0.159836 0.021011 -0.137152 
1.414393 -1.220895 0.252876 -0.107398 -0.206963 -0.318626 -0.283706 0.068022 0.180885 0.180569 0.164025 -0.236800 0.193137 0.074338 -0.140391 
1.500817 -1.311437 0.397194 0.019746 -0.211917 -0.020346 -0.561789 0.072665 0.081959 -0.039853 0.110143 -0.183024 0.346690 -0.024831 -0.085660 
0.841234 -0.072228 0.275905 0.620252 0.095690 0.025213 -0.225365 -0.174058 -0.028567 0.048284 -0.185256 -0.357702 0.134651 -0.073588 0.001966 
1.054890 -0.611878 0.475466 0.048136 -0.039167 -0.001699 -0.418496 0.114226 0.061055 -0.220472 0.073427 -0.090555 0.172104 -0.116384 0.070815 
1.277353 -1.044713 0.584044 0.091404 -0.087971 -0.290232 -0.599761 0.133599 -0.110636 -0.031323 0.032892 -0.170728 0.418372 -0.022552 -0.007317 
1.290225 -1.197403 0.682894 -0.056741 -0.137714 -0.225410 -0.565334 0.087374 -0.031722 -0.031688 0.119683 -0.203050 0.426763 -0.012185 -0.050287 
1.350365 -1.095369 0.605853 -0.006122 -0.189202 -0.191619 -0.634801 0.068578 0.007010 -0.147884 0.227828 -0.203761 0.345054 0.106106 -0.028141 
1.417989 -1.068663 0.633653 0.061254 -0.206254 -0.218196 -0.591587 0.026669 0.019671 -0.167209 0.278811 -0.252030 0.279481 0.190299 0.000335 
1.446391 -1.031340 0.601008 0.114202 -0.187559 -0.201327 -0.615470 0.085915 -0.080578 -0.121518 0.265946 -0.292657 0.277661 0.172013 0.047607 
1.423858 -0.960122 0.633408 0.145782 -0.174864 -0.195989 -0.586114 0.114660 -0.133247 -0.084563 0.216214 -0.295000 0.267812 0.153718 0.023152 
1.369772 -1.062865 0.702266 0.105286 -0.085971 -0.187558 -0.595656 0.120117 -0.088628 -0.178395 0.210099 -0.289820 0.232988 0.138629 -0.007004 
1.320829 -0.992965 0.673592 0.187107 -0.148397 -0.116100 -0.604507 0.102891 -0.112986 -0.191634 0.212548 -0.310126 0.203464 0.144650 0.011319 
1.355525 -0.982903 0.676438 0.176200 -0.086232 -0.218550 -0.526871 0.041990 -0.086638 -0.222026 0.177838 -0.295429 0.239833 0.104678 -0.000599 
1.130800 -0.981211 0.742000 0.205543 -0.121041 -0.169410 -0.539683 0.046001 -0.079752 -0.262182 0.162417 -0.307838 0.256243 0.073390 -0.026761 
1.131993 -0.918771 0.776020 0.197219 -0.202077 -0.172939 -0.554709 0.029299 -0.133100 -0.205310 0.140114 -0.307029 0.295022 0.107292 -0.036393 
0.959373 -0.406926 0.557411 0.341090 -0.165427 -0.238884 -0.364382 -0.065208 -0.079707 -0.151931 0.058409 -0.254235 0.229797 0.094270 -0.049692 
1.081105 -0.816576 0.677215 0.247939 -0.185482 -0.175144 -0.546124 0.039914 -0.177584 -0.146381 0.110306 -0.343239 0.313595 0.105510 -0.051288 
0.497588 -0.142683 0.504978 0.257269 -0.104787 -0.339519 -0.408851 -0.096860 -0.138357 -0.105476 0.031893 -0.292155 0.326972 0.108860 -0.038596 
0.854094 0.442354 0.471780 0.223211 -0.018212 -0.216552 -0.242845 -0.133183 -0.205321 -0.075050 0.000974 -0.147659 0.104276 0.035122 0.065047 
0.291461 -0.244307 0.571025 0.164400 -0.068301 -0.209577 -0.296727 -0.113907 -0.105530 -0.065008 0.083059 -0.361368 0.267010 0.123960 -0.127049 
