city011_033
MUSASHINO
96
0.064340 0.290578 -0.075681 0.042672 0.168483 0.157861 0.027065 0.164420 -0.052538 -0.108872 0.187057 -0.050629 0.036700 -0.025556 0.071814 
0.128590 0.458463 0.191871 0.147601 0.031651 0.222390 -0.148758 -0.095239 0.000279 0.100533 -0.069808 -0.030243 0.006280 -0.013857 0.016554 
0.824667 0.897915 0.263932 0.114466 -0.040007 0.160556 -0.094929 -0.014364 -0.142557 -0.020832 -0.029445 -0.072568 -0.014975 -0.020545 -0.006852 
0.886689 0.836579 0.275812 0.000408 -0.139798 0.081707 -0.091577 -0.050192 -0.071453 -0.067119 -0.055982 -0.048153 -0.003825 -0.058723 0.045819 
1.263753 0.577974 -0.146696 -0.260695 -0.178581 0.101465 -0.085828 -0.134788 -0.036608 -0.047223 -0.088247 0.002149 0.074052 -0.036744 0.039837 
1.173335 0.679358 0.093812 -0.097146 -0.233282 -0.061160 0.010434 0.013457 0.037807 -0.178880 -0.018419 -0.107987 -0.025522 -0.087348 0.091621 
1.009611 0.574144 -0.050955 0.002151 -0.147235 0.030985 -0.150689 -0.266195 -0.110641 0.102454 0.108356 -0.044089 0.112595 -0.014133 0.043291 
0.957370 0.609992 0.120915 -0.027822 -0.103691 0.160512 -0.078892 -0.252761 -0.170689 0.102477 -0.008988 -0.049429 0.063738 -0.001865 -0.053990 
0.535185 0.608316 0.379944 0.214858 -0.176539 0.023139 -0.145040 -0.249854 -0.047989 0.025257 -0.151944 -0.056142 0.108087 -0.061692 0.005525 
0.363605 0.353787 0.484984 0.468343 -0.049542 0.180120 0.085022 -0.183396 -0.013178 -0.013735 -0.083745 -0.114627 -0.037112 -0.071057 -0.019403 
0.767948 -0.344255 0.749832 0.441929 -0.165802 0.181664 -0.122400 -0.349560 -0.012241 -0.031090 -0.199621 -0.252983 0.048581 -0.125897 -0.003545 
1.017868 -0.450477 0.876393 0.453852 -0.207010 0.283172 -0.219920 -0.314785 -0.008160 -0.001460 -0.234813 -0.225174 -0.051843 0.018826 -0.101181 
1.046338 -0.424131 0.894422 0.392812 -0.204105 0.242150 -0.186852 -0.299913 -0.030478 -0.007801 -0.224397 -0.219448 0.008343 -0.051397 -0.065057 
1.166027 -0.498408 0.949159 0.419166 -0.214941 0.253640 -0.255760 -0.284280 -0.007378 -0.014959 -0.227493 -0.256536 0.036857 -0.021715 -0.095635 
1.245850 -0.553089 0.786518 0.429909 -0.208050 0.235573 -0.144789 -0.360675 -0.047768 0.016084 -0.166483 -0.296695 0.055827 -0.068991 -0.053093 
1.512660 -0.604983 0.626925 0.299400 -0.204346 0.085094 -0.088577 -0.282017 -0.233289 0.149876 -0.046654 -0.278105 0.126500 -0.031340 -0.031668 
1.532829 -0.827243 0.689265 0.235411 -0.171292 0.026500 -0.101942 -0.229772 -0.252140 0.120883 -0.115091 -0.249551 0.185939 -0.123583 -0.005024 
1.490919 -0.875582 0.772197 0.182234 -0.152582 -0.009902 -0.155296 -0.140379 -0.323115 0.156919 -0.134937 -0.244552 0.219779 -0.148075 0.021927 
1.438302 -0.891445 0.785589 0.205762 -0.168687 -0.070180 -0.184073 -0.082415 -0.316095 0.151916 -0.165530 -0.203658 0.245713 -0.159539 0.026260 
1.433202 -0.898954 0.822193 0.215774 -0.137291 -0.163207 -0.219548 -0.059650 -0.287138 0.169828 -0.243505 -0.166706 0.299607 -0.182870 0.044536 
1.463599 -0.794442 0.683956 0.238879 -0.039265 -0.227522 -0.225901 -0.114601 -0.224203 0.156410 -0.302915 -0.167653 0.310763 -0.159094 0.008681 
1.417307 -0.405299 0.573625 0.347746 -0.024018 -0.248653 -0.137051 -0.236199 -0.050090 0.184890 -0.361880 -0.125840 0.321450 -0.153539 0.027197 
1.025678 -0.128364 0.729071 0.274949 0.118456 -0.250951 -0.062614 -0.164058 -0.032316 0.042390 -0.320051 -0.073135 0.152382 -0.103954 -0.081028 
0.484171 -0.147178 0.652281 0.017397 0.239139 -0.056526 -0.065863 0.019930 0.091009 0.119173 -0.169400 0.032137 0.104764 -0.035245 -0.024661 
0.283098 -0.265079 0.667894 0.127410 0.136297 -0.044150 -0.063173 -0.047832 0.024003 -0.045594 -0.110895 0.047336 -0.035263 -0.031672 -0.007992 
0.255656 -0.572915 0.504127 0.203205 0.058065 -0.138614 -0.114117 -0.041265 -0.019665 0.006935 -0.070824 0.006440 -0.025853 -0.017526 0.100452 
-0.037817 -0.828775 0.282635 -0.003124 0.131469 -0.135191 -0.066061 -0.018555 0.144949 -0.027210 -0.137510 0.075763 0.080096 -0.105513 0.043780 
-0.211297 -0.998306 0.328080 0.084834 -0.038739 -0.111587 -0.091497 0.001470 0.211709 -0.068521 -0.152534 0.068815 0.119474 -0.075610 -0.064492 
-0.248642 -1.215433 0.180206 -0.149208 -0.045843 -0.174886 0.041537 0.167447 0.113699 -0.061349 -0.135740 0.032180 0.086393 -0.108978 0.041521 
0.178667 -0.894898 0.103434 -0.262001 0.029188 -0.112386 0.011986 0.093511 0.025951 -0.052391 0.007199 -0.014218 0.105115 -0.137786 0.037465 
0.281685 -0.771463 0.616625 0.028836 0.104250 -0.262742 -0.121206 0.062894 0.013096 -0.059801 -0.137463 0.118825 0.086422 -0.130022 0.013475 
0.660585 -0.762868 0.438533 0.014041 0.007811 -0.119819 -0.114685 -0.056205 -0.052988 0.025935 -0.141919 0.131329 0.050315 -0.154692 0.118570 
1.573385 -0.306573 0.099999 0.046590 -0.055129 -0.074926 -0.123590 -0.165434 0.130347 0.148024 -0.214704 0.014689 0.116866 -0.077544 0.072965 
2.007434 -0.882315 0.173637 -0.123812 -0.249599 -0.093984 -0.328776 -0.050277 0.164230 0.224684 -0.174624 0.023564 0.216459 -0.110219 0.049441 
1.604157 -1.061975 0.306305 -0.436577 -0.044575 -0.168260 -0.281952 0.126717 0.155566 0.266284 -0.155384 -0.128255 0.164166 -0.020832 -0.086070 
1.466843 -1.024181 0.248829 -0.579602 0.003036 -0.200197 -0.225833 0.081680 0.205090 0.350779 -0.124793 -0.212870 0.131506 -0.006587 -0.122899 
1.437462 -1.001159 0.224875 -0.570345 -0.010878 -0.147212 -0.209724 0.052012 0.203980 0.368952 -0.103614 -0.213920 0.069648 0.009299 -0.115430 
1.453390 -1.036613 0.177446 -0.563333 -0.015427 -0.125617 -0.180088 0.037976 0.213241 0.325898 -0.086426 -0.237027 0.079389 0.007603 -0.104319 
1.489866 -1.073620 0.145571 -0.543714 -0.040001 -0.109550 -0.186167 0.053130 0.194902 0.339965 -0.143948 -0.176366 0.067572 0.002672 -0.096899 
1.532240 -1.074375 0.194443 -0.579849 -0.032341 -0.119427 -0.192936 0.022391 0.235192 0.319709 -0.166454 -0.164274 0.131313 -0.056087 -0.065287 
1.517898 -1.066961 0.250057 -0.548878 -0.050059 -0.122789 -0.216102 0.066717 0.250862 0.322609 -0.238846 -0.137371 0.149227 -0.088482 -0.056033 
1.545066 -1.034695 0.301891 -0.502200 -0.015739 -0.184841 -0.209463 0.125593 0.217502 0.315006 -0.238785 -0.132126 0.159420 -0.098349 -0.075627 
1.792963 -0.945565 0.132669 -0.225375 -0.120523 -0.114688 -0.316936 0.195857 0.194357 0.212497 -0.197782 -0.022918 0.121341 -0.137721 0.024172 
1.913041 -0.693157 0.061415 -0.002079 -0.148208 -0.150664 -0.299182 0.112880 0.246315 0.013881 -0.150601 0.139942 0.121029 -0.176831 0.030640 
1.676091 -0.450803 0.322271 0.090561 -0.050600 -0.241219 -0.224926 0.052551 0.183933 -0.030466 -0.238393 0.269919 0.095844 -0.215450 0.126748 
0.897519 -0.213814 0.681153 0.045928 0.203719 -0.175820 -0.100008 0.145272 0.107736 0.021758 -0.165934 0.184103 0.051450 -0.097326 0.083372 
0.225803 -0.407963 0.419413 -0.244135 0.301124 -0.126207 0.133353 0.089369 -0.119524 -0.122290 0.039191 0.177130 -0.106021 -0.114030 0.165721 
-0.126151 -0.525240 0.257616 -0.210735 0.242179 -0.291627 0.157533 0.045515 -0.111051 0.022288 0.025540 0.005956 -0.020387 -0.007677 0.022439 
-0.319090 -0.646212 0.251254 -0.200483 0.295079 -0.265389 0.168692 -0.028933 -0.107460 0.019019 -0.011828 0.148649 -0.086791 -0.145096 0.168190 
-0.760791 -0.747411 0.375571 -0.228159 0.236209 -0.381070 0.118042 0.044224 -0.047649 0.034803 -0.000388 0.037879 -0.079021 0.016776 0.085433 
-0.507743 -0.687125 0.067778 -0.466689 0.030272 -0.304809 0.289963 -0.010081 0.038166 0.106457 0.014751 -0.113452 -0.008642 -0.073443 0.051799 
-0.505461 -0.515832 0.241302 -0.451586 0.028997 -0.331085 0.187114 0.035158 0.015654 0.018260 0.046034 0.059175 -0.133829 -0.029050 0.102327 
-0.355655 -0.555742 0.284709 -0.559221 0.178745 -0.272352 0.166208 -0.136303 0.040340 0.037486 0.073456 0.017329 -0.038934 -0.087187 0.134325 
-0.521607 -0.425122 0.435231 -0.445366 0.262630 -0.231690 0.064102 -0.197478 -0.012064 0.143874 -0.023304 -0.038734 0.084432 -0.140436 0.137301 
-0.492807 -0.694712 0.514105 -0.519327 0.163342 -0.229066 0.003569 -0.027308 -0.029472 0.158658 -0.057192 0.021616 0.042346 -0.152613 0.165489 
-0.710159 -0.710701 0.408041 -0.686142 0.284379 -0.157473 -0.075966 0.030865 0.044836 0.170843 -0.114554 -0.015590 0.049172 -0.117339 0.122808 
-0.722749 -0.710849 0.536242 -0.526943 0.248990 -0.069549 -0.045781 -0.047419 -0.014875 0.087772 0.002864 -0.010091 -0.040834 -0.000570 0.084506 
-0.418448 -0.549674 0.508378 -0.581948 0.192944 -0.056636 -0.063638 -0.026675 0.063844 -0.001293 0.003697 -0.003930 0.026119 -0.049586 0.044543 
-0.363141 -0.408483 0.501352 -0.482520 -0.019941 -0.334596 -0.011060 -0.015087 -0.083479 0.129665 0.113191 -0.013674 0.025130 0.005658 0.043864 
0.165751 -0.028420 0.993045 -0.110805 0.069963 0.005815 0.003869 -0.127474 -0.232925 0.034154 -0.169884 -0.080559 -0.000269 -0.171879 0.104349 
0.724693 -0.525912 1.481290 -0.175235 -0.222275 0.088250 -0.280652 0.014934 -0.284105 -0.138914 -0.064974 -0.040319 -0.090962 -0.114897 0.195401 
0.920056 -0.640900 1.507511 -0.224349 -0.264254 0.257822 -0.384802 0.031236 -0.300253 -0.212273 -0.010758 -0.132159 -0.112809 -0.080966 0.154013 
0.984857 -0.602295 1.483750 -0.282136 -0.269706 0.290995 -0.397671 0.032667 -0.305725 -0.217502 0.001803 -0.142354 -0.114556 -0.064280 0.152478 
0.999006 -0.608392 1.382360 -0.289386 -0.224423 0.292828 -0.361877 -0.018196 -0.275102 -0.248588 0.007509 -0.146035 -0.103550 -0.083954 0.151763 
1.083747 -0.711485 1.313481 -0.234572 -0.178357 0.305619 -0.363055 -0.054223 -0.283174 -0.187759 -0.056876 -0.116006 -0.094001 -0.112635 0.137699 
1.107876 -0.669846 1.197529 -0.100858 -0.215609 0.325134 -0.387378 -0.053703 -0.309188 -0.097714 -0.094761 -0.122476 -0.070898 -0.104233 0.129107 
1.099955 -0.596652 0.982192 0.058686 -0.175524 0.229085 -0.246763 -0.157598 -0.274566 -0.110196 -0.092747 -0.160136 -0.064049 -0.087043 0.039802 
1.257058 -0.586840 0.771985 0.282129 -0.142740 0.192922 -0.149034 -0.322437 -0.182502 0.025353 -0.213404 -0.212167 0.028988 -0.143987 -0.016028 
1.248392 -0.424764 0.901307 0.379237 -0.356468 0.309844 -0.223606 -0.406620 -0.045738 0.030949 -0.261209 -0.231765 0.084038 -0.066562 -0.098132 
1.141760 -0.442050 0.954398 0.367772 -0.306140 0.216338 -0.246882 -0.352224 -0.038550 0.011985 -0.277488 -0.226689 0.112356 -0.048578 -0.126525 
1.173856 -0.512707 0.984670 0.297092 -0.365450 0.264462 -0.178155 -0.401996 -0.032417 -0.069140 -0.187613 -0.258791 0.112762 -0.099291 -0.098996 
1.166635 -0.561966 1.018102 0.340674 -0.370660 0.296574 -0.262104 -0.330736 -0.084774 0.000292 -0.238178 -0.265297 0.121695 -0.087455 -0.104101 
1.420868 -0.734765 0.865488 0.048747 -0.044735 0.068669 -0.287821 -0.277023 -0.124831 0.099314 -0.262958 -0.155640 0.113922 -0.064442 0.003354 
1.724190 -0.932969 0.663049 -0.195538 -0.190691 0.122714 -0.370441 0.029122 -0.122337 0.061074 0.017257 -0.199085 0.208975 0.033944 -0.128245 
1.889486 -0.985039 0.517205 -0.495136 -0.070486 0.208852 -0.409936 0.047262 -0.191810 0.170973 0.182623 -0.299383 0.192716 0.029927 -0.072581 
1.823653 -0.793861 0.285233 -0.542709 -0.143054 0.345722 -0.343597 -0.018712 -0.237786 0.172200 0.237762 -0.250416 0.216390 -0.055728 -0.141987 
1.809845 -0.847327 0.287759 -0.611203 -0.262975 0.325380 -0.222144 0.077119 -0.281796 0.052102 0.110671 -0.157906 0.326003 -0.017950 -0.133889 
1.841679 -0.916180 0.331068 -0.669598 -0.275081 0.188945 -0.141615 0.096925 -0.194661 0.000615 -0.009278 -0.104328 0.324678 0.034122 -0.075880 
1.868713 -0.949847 0.406826 -0.709273 -0.355417 0.184863 -0.196447 0.221283 -0.154522 -0.034530 -0.041507 -0.159642 0.343121 0.025217 -0.030395 
1.799867 -0.973152 0.330235 -0.640393 -0.404815 0.174577 -0.175460 0.267572 -0.112344 -0.076356 -0.044483 -0.135307 0.319030 0.027855 -0.034295 
1.815742 -0.993201 0.340822 -0.692400 -0.392732 0.168431 -0.165303 0.292786 -0.098567 -0.070986 -0.069215 -0.091476 0.265452 0.031023 -0.009932 
1.820921 -0.914414 0.296479 -0.708658 -0.371582 0.184638 -0.227172 0.271286 -0.028382 -0.108498 -0.057947 -0.117915 0.285390 0.028865 0.000933 
1.812171 -0.825356 0.313289 -0.754805 -0.346264 0.145095 -0.218082 0.244892 -0.016285 -0.092604 -0.058079 -0.115003 0.253858 0.043611 -0.001820 
1.760322 -0.784572 0.318591 -0.799218 -0.332763 0.124890 -0.239353 0.200159 0.020117 -0.103544 -0.009558 -0.143964 0.275701 0.064710 -0.031788 
1.829028 -0.780222 0.317547 -0.817594 -0.302444 0.109615 -0.210286 0.199613 -0.045881 -0.060486 -0.041989 -0.115682 0.263543 0.074752 -0.012848 
1.758940 -0.659723 0.225764 -0.806098 -0.307118 0.086717 -0.176118 0.138044 -0.027425 -0.080959 0.007283 -0.109521 0.271306 0.095734 -0.031792 
1.789509 -0.604446 0.215640 -0.872826 -0.302998 0.103470 -0.153322 0.119180 -0.082887 -0.045150 0.025627 -0.115123 0.302660 0.092997 -0.023607 
1.838020 -0.482405 0.197650 -0.937868 -0.367943 0.164009 -0.094002 0.086522 -0.129295 -0.019556 0.029909 -0.108861 0.326948 0.109992 -0.044136 
1.831235 -0.294340 0.157698 -0.968618 -0.430196 0.217296 -0.069733 0.088897 -0.146055 -0.039818 0.127442 -0.195168 0.395426 0.099987 -0.102214 
1.693096 -0.108329 0.179430 -1.005842 -0.467115 0.238896 -0.067483 0.118119 -0.124853 -0.045358 0.124370 -0.229058 0.422510 0.080073 -0.103926 
1.485021 0.190043 0.055040 -0.842113 -0.466744 0.241449 0.004029 0.161589 -0.150028 -0.005174 0.094394 -0.209690 0.331232 0.082353 -0.100612 
1.378389 0.220382 0.060010 -0.847457 -0.443500 0.171148 0.068484 0.044465 -0.096222 -0.065264 0.051355 -0.203251 0.351466 0.106713 -0.075426 
1.054093 0.324975 -0.062531 -0.924128 -0.469763 0.159819 0.037163 0.043537 -0.098985 -0.022884 0.029458 -0.078274 0.370809 0.113753 -0.055655 
0.475778 0.211691 -0.298348 -0.648462 -0.582003 0.122824 0.179017 -0.081083 0.039819 -0.106891 0.071669 0.012919 0.237128 0.104881 0.002087 
0.137260 0.131313 -0.368204 -0.412444 -0.317760 0.078324 0.083212 0.049854 -0.049646 -0.032089 0.081640 0.000495 0.062921 -0.049257 0.053347 
-0.082802 0.090172 -0.047557 -0.291269 -0.276831 0.068195 0.107038 -0.018001 0.056893 0.043078 -0.024219 -0.098096 0.102604 -0.091512 0.026324 
