city011_069
KYUUSHUU
79
-0.232090 0.023071 0.049808 0.167770 0.005471 -0.251578 -0.236096 0.091001 -0.053269 -0.139438 0.110131 -0.033223 0.088088 -0.098801 0.131647 
0.035743 -0.711663 0.517956 -0.441942 -0.087993 0.039943 -0.078446 0.141506 -0.032194 -0.093142 0.197087 -0.127044 -0.020206 0.047527 0.038355 
-0.254108 -0.288485 0.487334 -0.452186 -0.141428 0.186762 -0.205023 0.029469 0.060888 -0.044776 0.085867 -0.072294 0.059990 -0.044626 0.053653 
0.375572 -0.915572 0.542422 -0.547877 -0.142532 -0.024636 -0.128548 -0.039766 0.212308 -0.059959 0.125451 -0.021526 0.012873 -0.104878 0.138651 
-0.231877 -0.608389 0.923498 -0.481034 -0.237857 0.010179 -0.095880 -0.236736 0.261680 -0.095828 0.006046 0.097189 0.037683 -0.112984 0.163845 
-0.384541 -0.582218 1.274596 -0.486367 -0.185276 -0.048948 -0.258051 -0.099790 0.037047 -0.176421 0.137880 -0.028833 0.095772 -0.054221 0.125596 
0.094591 -0.749459 1.081943 -0.425387 -0.275572 0.027937 -0.247800 -0.212116 0.107856 -0.121472 0.118635 -0.024291 0.124829 -0.060061 0.153139 
0.177625 -0.704864 1.104486 -0.623700 -0.210452 0.033008 0.052580 0.003660 0.142163 -0.046144 0.048172 -0.052735 0.074146 -0.155589 0.097090 
0.060974 -0.857574 1.347136 -0.099693 -0.153912 0.035585 -0.027975 -0.137553 0.001693 -0.029214 -0.060719 -0.067036 0.144578 -0.189636 0.127647 
0.486291 -0.495844 1.390273 -0.015459 -0.202927 0.082262 0.101532 -0.159833 0.089303 -0.003693 -0.045788 -0.034487 0.183104 -0.206809 0.087363 
0.769320 -0.678510 1.298569 0.255209 -0.292234 0.103472 0.004854 -0.101027 -0.211030 -0.075106 0.051957 -0.333634 0.121525 -0.125361 0.001909 
0.914511 -1.030859 1.461628 -0.055950 -0.235650 -0.197596 0.088517 -0.201822 -0.293052 -0.115383 0.149303 -0.331412 0.081369 0.042885 -0.040029 
0.850369 -0.987194 1.353921 -0.003464 -0.223469 -0.335797 0.073619 -0.120731 -0.382363 -0.112139 0.174386 -0.273951 0.029402 0.089472 -0.029242 
0.813081 -1.020708 1.266771 0.031913 -0.180554 -0.309489 -0.056509 -0.092257 -0.391452 -0.148925 0.147432 -0.277222 0.053674 0.069163 -0.049968 
0.965734 -1.082772 1.191101 0.063238 -0.123136 -0.329453 -0.107297 -0.129100 -0.312353 -0.176098 0.095957 -0.277980 0.149300 -0.015445 -0.014440 
0.953958 -1.020276 1.106704 0.149041 -0.129699 -0.323537 -0.203438 -0.066067 -0.317347 -0.120917 -0.011554 -0.240982 0.198285 -0.016406 -0.074064 
1.123660 -1.070595 1.132477 -0.000327 0.007844 -0.372565 -0.184836 -0.087152 -0.318731 -0.094134 -0.047647 -0.209851 0.199721 -0.061768 -0.014160 
1.254818 -1.070665 1.023178 -0.121167 0.098688 -0.345260 -0.157471 -0.109048 -0.335147 -0.105263 -0.010984 -0.189457 0.191476 -0.121890 0.061198 
1.332160 -1.023913 0.913228 -0.171978 0.105727 -0.279163 -0.156887 -0.104409 -0.319316 -0.146028 0.016882 -0.155786 0.187150 -0.131808 0.023644 
1.417643 -0.993880 0.876485 -0.185129 0.094033 -0.244646 -0.182738 -0.077267 -0.305808 -0.141304 -0.040875 -0.105641 0.189236 -0.129318 -0.012798 
1.563717 -1.100218 0.986698 -0.252037 0.079495 -0.194576 -0.240942 -0.046568 -0.266640 -0.147212 -0.095558 -0.084780 0.222287 -0.174529 0.056180 
1.510290 -1.072172 1.092008 -0.158104 0.003329 -0.191665 -0.301484 -0.036882 -0.204459 -0.108154 -0.104474 -0.120934 0.220126 -0.121904 0.027627 
1.422271 -0.998797 1.158657 -0.090659 -0.009600 -0.231534 -0.277367 -0.077223 -0.146680 -0.141724 -0.073466 -0.158969 0.224777 -0.111651 0.040145 
1.287990 -1.019031 1.209932 -0.015368 -0.025038 -0.237641 -0.262768 -0.090873 -0.142120 -0.180870 -0.071612 -0.177219 0.203079 -0.096239 -0.012528 
1.167307 -1.056405 1.238855 0.003427 -0.020726 -0.253452 -0.243415 -0.082952 -0.143694 -0.223973 -0.065333 -0.175142 0.191421 -0.100594 -0.049427 
1.035196 -0.982512 1.253589 0.040671 -0.060759 -0.246941 -0.244840 -0.035154 -0.153420 -0.230335 -0.065321 -0.156344 0.197782 -0.113995 -0.080310 
1.064680 -1.000580 1.357869 -0.010893 -0.042865 -0.322330 -0.180147 -0.028252 -0.157887 -0.231358 -0.057218 -0.113729 0.188351 -0.123863 -0.063004 
1.110077 -0.987352 1.249442 0.011992 -0.078252 -0.302706 -0.176646 0.046745 -0.255916 -0.110117 -0.045403 -0.103245 0.178932 -0.123131 -0.018051 
1.100058 -1.009694 1.317670 -0.066639 -0.061250 -0.333516 -0.121507 0.043230 -0.272348 -0.134334 0.004988 -0.131811 0.218415 -0.209601 0.041226 
1.071832 -0.974174 1.389670 -0.066137 -0.111977 -0.292291 -0.142740 0.096623 -0.342677 -0.096909 0.024669 -0.144654 0.208997 -0.230681 0.097542 
1.054747 -0.854485 1.333716 0.097208 -0.251350 -0.195251 -0.207369 0.165505 -0.411441 -0.067047 0.045781 -0.202855 0.256442 -0.251175 0.076462 
0.672214 -0.574699 1.243642 -0.039002 -0.200458 -0.327737 -0.156686 0.049638 -0.397769 -0.075903 0.044312 -0.137251 0.212386 -0.202431 0.154160 
0.616645 -0.534309 0.953923 -0.455833 -0.011433 -0.355366 0.131222 0.210268 -0.128070 0.062270 0.062271 -0.021653 0.114423 -0.301899 0.238732 
0.069735 -0.514719 1.010230 -0.389948 0.247005 -0.288394 0.135793 0.170257 -0.128183 0.007655 -0.000872 0.054383 0.061166 -0.229171 0.190675 
-0.010831 -0.569206 0.874977 -0.489442 0.117614 -0.360380 0.212553 0.196677 -0.124681 0.012144 0.035483 0.014291 0.025230 -0.193805 0.172930 
-0.389462 -0.586646 0.865330 -0.455284 0.129057 -0.280255 0.253353 0.039223 -0.134215 0.087858 -0.006164 -0.046600 0.095602 -0.139831 0.105336 
-0.565616 -0.803845 0.627064 -0.784542 0.278495 -0.030880 0.007958 0.045951 -0.104930 0.102677 0.004781 -0.099253 0.117897 -0.087627 0.024542 
-0.551355 -0.810332 0.683043 -0.795436 0.261516 -0.041611 0.083512 0.105414 -0.152000 0.059538 0.000055 -0.084304 0.114851 -0.085127 0.070054 
-0.695964 -0.631626 0.698177 -0.762465 0.381554 -0.043033 0.035980 0.065531 -0.146037 0.113109 -0.054656 -0.046804 0.138329 -0.120251 0.046072 
-0.777777 -0.623258 0.522968 -0.695191 0.403910 -0.155224 0.014123 0.074920 -0.150834 0.095535 0.086165 -0.174933 0.133865 -0.048250 0.000169 
-0.754614 -0.724827 0.966277 -0.664676 0.308700 -0.175372 -0.032300 0.062526 -0.080014 0.166643 -0.173926 0.045184 0.102793 -0.097640 0.009694 
-0.671365 -0.894152 0.796177 -0.742472 0.149214 -0.152073 -0.021052 0.172561 -0.001529 0.033186 -0.072583 -0.009553 0.098740 -0.117496 -0.003628 
-0.427928 -0.767688 1.004282 -0.574487 0.297916 -0.051624 0.042381 0.232032 -0.132108 -0.021564 -0.005219 0.101497 -0.039061 -0.086898 0.130485 
-0.349986 -0.452136 1.170864 -0.641470 0.262850 -0.066797 0.098903 0.209298 -0.079622 0.065801 0.039218 -0.093428 0.180138 -0.142101 0.044674 
-0.155878 -0.299685 1.391130 -0.612497 0.127219 -0.163846 -0.132552 0.020002 -0.093711 -0.100416 0.114544 -0.130016 0.127871 -0.058988 -0.013799 
-0.352182 -0.508814 1.219107 -0.536653 0.131821 -0.298534 -0.193845 0.106634 -0.113324 -0.081861 0.077388 -0.057383 0.159643 -0.075095 -0.043382 
-0.228191 -0.468216 1.336524 -0.396511 0.048583 -0.207008 -0.056736 0.144885 -0.203362 0.004311 0.019322 0.000586 0.062755 -0.130697 0.077345 
-0.415154 -0.736896 1.104429 -0.672366 0.027488 -0.101690 0.082895 0.207851 -0.158623 0.109167 -0.060346 -0.003562 0.085619 -0.167914 0.105081 
-0.092618 -0.519437 1.080134 -0.448797 0.159888 -0.072524 -0.002111 -0.099640 0.020039 0.051514 -0.097997 -0.009362 0.130567 -0.117316 0.028436 
0.211470 -0.772920 1.006204 -0.504682 0.083770 0.030884 0.088051 0.099834 -0.098881 -0.007698 0.042146 -0.020590 0.046162 -0.079408 0.077002 
0.133683 -0.550314 1.167556 -0.388352 -0.055188 -0.132084 0.032489 0.117554 -0.147376 0.045539 0.056523 -0.067222 0.127432 -0.149983 0.080643 
0.679193 -0.767492 1.404671 -0.164211 -0.150858 -0.112835 -0.044177 -0.034987 -0.224822 -0.007574 0.022886 -0.173938 0.152789 -0.082499 -0.007566 
0.980502 -0.922534 1.421821 0.013288 -0.356853 0.014016 -0.241879 -0.003115 -0.248882 -0.205939 0.128903 -0.250317 0.141166 -0.095196 0.025080 
0.985188 -1.078284 1.492081 0.113396 -0.404417 0.036427 -0.233387 0.032939 -0.289098 -0.180888 0.116580 -0.268244 0.122553 -0.075597 -0.021486 
0.963695 -1.048815 1.309051 0.037389 -0.240770 -0.126101 -0.130545 -0.050530 -0.260740 -0.148193 0.101791 -0.223445 0.084378 -0.020264 0.001040 
0.957183 -1.069762 1.267764 -0.021986 -0.144480 -0.331745 0.016921 -0.077352 -0.316793 -0.085518 0.086567 -0.160556 0.029237 0.044533 -0.027706 
1.054453 -0.986207 1.218242 0.118356 -0.290289 -0.328630 0.015779 -0.050376 -0.330399 -0.122512 0.146007 -0.179004 0.049077 0.024605 0.032031 
1.145353 -1.014338 1.228248 0.187878 -0.365927 -0.260542 -0.124610 0.061880 -0.346904 -0.203116 0.246161 -0.251978 0.125834 -0.021214 0.053725 
1.135968 -1.000608 1.299663 0.190651 -0.414251 -0.202105 -0.254815 0.186738 -0.417631 -0.191438 0.272291 -0.262380 0.147234 0.003290 0.030156 
1.093580 -0.924570 1.275196 0.188004 -0.350690 -0.291099 -0.218973 0.155460 -0.369328 -0.271638 0.292294 -0.228913 0.110044 0.018125 0.045443 
1.194893 -0.929654 1.230528 0.251219 -0.367139 -0.228635 -0.321640 0.216049 -0.374821 -0.318395 0.295584 -0.260273 0.149314 -0.021560 0.053111 
1.170349 -0.871015 1.116646 0.258034 -0.313442 -0.232384 -0.354832 0.189013 -0.305481 -0.335382 0.256644 -0.255488 0.174759 -0.008278 0.008514 
1.072462 -0.756149 1.047069 0.295085 -0.282983 -0.275767 -0.365505 0.180942 -0.300571 -0.317326 0.211952 -0.233104 0.178872 0.017278 -0.014929 
1.177895 -0.771693 0.983053 0.293789 -0.239617 -0.263097 -0.412632 0.164103 -0.263016 -0.322895 0.187204 -0.274889 0.233473 0.010912 -0.041676 
1.156236 -0.743935 0.958590 0.288777 -0.197109 -0.247098 -0.467118 0.178703 -0.254984 -0.271715 0.085179 -0.238918 0.278156 -0.048040 -0.029127 
1.170557 -0.730306 0.917992 0.330583 -0.204401 -0.250893 -0.473053 0.182161 -0.261078 -0.274493 0.099066 -0.252239 0.243820 0.014551 -0.061334 
1.161250 -0.742472 0.879115 0.343424 -0.187394 -0.258341 -0.484254 0.165924 -0.266092 -0.262226 0.098002 -0.293469 0.256439 0.035275 -0.061727 
1.069284 -0.720245 0.829266 0.318362 -0.128457 -0.288003 -0.465839 0.096032 -0.166153 -0.353596 0.147569 -0.346827 0.277030 0.050318 -0.097796 
1.085898 -0.722408 0.865135 0.287783 -0.113271 -0.274441 -0.497301 0.104345 -0.205675 -0.252932 0.080845 -0.334577 0.284331 0.070135 -0.078971 
1.009948 -0.650217 0.800726 0.303248 -0.101399 -0.283261 -0.460504 0.034074 -0.169555 -0.229509 0.070473 -0.345328 0.245951 0.152636 -0.131694 
1.034177 -0.687009 0.802026 0.276803 -0.070043 -0.257407 -0.535198 0.080430 -0.185665 -0.228810 0.069302 -0.355550 0.252897 0.130245 -0.091524 
1.068417 -0.625851 0.757445 0.234677 -0.021198 -0.305336 -0.472790 -0.007970 -0.102135 -0.292877 0.143543 -0.431700 0.309383 0.133469 -0.126515 
1.195930 -0.563994 0.687336 0.333251 -0.131261 -0.172168 -0.598915 0.111727 -0.209431 -0.196449 0.075010 -0.388915 0.298078 0.108874 -0.095650 
1.144423 -0.465474 0.577940 0.371697 -0.087815 -0.275435 -0.494780 0.052302 -0.176339 -0.213662 0.077580 -0.366379 0.288117 0.093488 -0.086479 
1.047665 -0.593586 0.611062 0.330472 -0.114524 -0.218047 -0.553576 0.117682 -0.237121 -0.132949 0.035201 -0.356849 0.318578 0.081933 -0.090917 
0.993727 -0.129273 0.354404 0.404284 -0.008423 -0.318959 -0.337115 0.019687 -0.040563 -0.113601 0.025115 -0.271718 0.265183 0.116433 -0.168200 
0.949490 -0.075097 0.451429 0.468991 -0.028625 -0.365015 -0.395827 -0.005678 -0.169855 -0.181437 0.056475 -0.348085 0.238166 0.150172 -0.093312 
0.063100 0.077887 0.252173 0.404660 -0.127094 -0.318340 -0.363739 -0.095228 -0.140195 -0.174077 -0.040359 -0.167720 0.235339 -0.025762 0.051023 
0.515329 -0.672991 0.457645 0.275965 -0.050787 -0.375930 -0.267031 -0.006719 -0.058906 -0.083742 0.101042 -0.312969 0.331733 0.066759 -0.096450 
