city011_091
GYOODA
64
-0.780016 -0.260781 0.487710 -0.504282 -0.114152 0.037566 -0.068943 0.042032 0.151416 -0.103725 0.053541 -0.023360 0.026616 -0.083837 0.085759 
0.045931 -0.678040 0.687772 -0.371687 -0.324799 -0.036918 -0.241494 -0.129555 0.185383 0.005291 0.046246 0.071554 0.136545 -0.153074 0.170446 
0.394971 -0.236621 0.961483 0.019370 -0.233421 0.058441 -0.033240 -0.190412 -0.020454 -0.130890 0.037153 -0.119731 0.045938 -0.050008 0.041813 
1.077425 -0.804860 1.432669 0.121812 -0.448866 -0.067667 -0.238574 0.055605 -0.334975 -0.215658 0.217547 -0.239514 0.085038 -0.014512 0.079051 
1.317076 -1.048994 0.880837 -0.174184 -0.075028 -0.201170 -0.198979 -0.140733 -0.341843 -0.093970 0.163040 -0.140700 0.056405 0.071053 0.079551 
1.688660 -0.858478 0.697617 -0.449674 0.009846 0.008207 -0.320130 -0.205601 -0.288431 -0.006010 0.316627 -0.214318 0.116050 0.075879 0.057521 
1.870210 -0.810625 0.277230 -0.435007 -0.082332 0.071571 -0.275988 -0.135002 -0.371011 0.033619 0.318498 -0.126898 0.207543 0.028926 -0.056285 
1.956071 -0.909153 0.230087 -0.498309 -0.213034 0.060742 -0.202147 -0.034117 -0.342669 -0.075883 0.200317 -0.043549 0.410778 -0.007341 -0.029893 
1.787385 -0.819441 0.227895 -0.541815 -0.225147 -0.075207 -0.101981 0.015540 -0.229703 -0.134100 0.054203 0.071129 0.332312 0.067821 -0.010954 
1.778816 -0.771307 0.260220 -0.681373 -0.078604 -0.147300 -0.141457 0.052834 -0.088372 -0.194722 0.066412 0.021752 0.260257 0.110281 -0.016239 
1.703294 -0.734515 0.309383 -0.703531 -0.124366 -0.179060 -0.053756 0.146255 -0.122990 -0.208387 -0.014234 0.022308 0.264069 0.075262 0.047456 
1.695317 -0.724614 0.263990 -0.707795 -0.050145 -0.164689 -0.039581 0.110484 -0.089262 -0.220534 -0.028896 -0.019843 0.281810 0.102496 0.006266 
1.745663 -0.836316 0.350561 -0.762233 0.037298 -0.189184 -0.048165 0.065305 -0.081793 -0.186615 -0.048834 -0.071345 0.313429 0.132102 -0.055437 
1.756443 -0.783363 0.347723 -0.710484 0.001415 -0.163885 -0.067609 0.031612 -0.037471 -0.176416 -0.065922 -0.070043 0.292324 0.105091 -0.052385 
1.715721 -0.732048 0.380937 -0.730679 0.035808 -0.180919 -0.088034 0.022331 -0.017739 -0.171456 -0.062868 -0.065259 0.279774 0.077656 -0.046446 
1.732570 -0.833249 0.482242 -0.762670 0.053802 -0.212370 -0.140481 0.075106 -0.068926 -0.186091 -0.071436 -0.060108 0.332867 0.048417 -0.006451 
1.712371 -0.882026 0.508973 -0.726766 0.029553 -0.233026 -0.096099 0.037223 -0.089750 -0.179536 -0.068869 0.013665 0.304714 0.045160 -0.023199 
1.673017 -0.889427 0.512168 -0.697193 -0.041581 -0.193831 -0.110814 0.078156 -0.154838 -0.136981 -0.080139 0.086268 0.265903 0.022172 0.016323 
1.639197 -0.888374 0.531362 -0.711135 -0.058379 -0.253440 -0.047954 0.035657 -0.092688 -0.277430 -0.009024 0.068099 0.282317 0.042828 0.040627 
1.608383 -0.821616 0.504280 -0.722140 -0.058134 -0.269936 -0.016328 0.069889 -0.137782 -0.264201 -0.049719 0.098767 0.257096 0.047597 0.075699 
1.599345 -0.780385 0.474020 -0.713034 -0.059825 -0.287806 0.044279 0.043550 -0.137103 -0.267836 -0.065941 0.042905 0.297315 0.059318 0.073526 
1.566832 -0.694706 0.402544 -0.641705 -0.087033 -0.274001 0.076278 0.079126 -0.199289 -0.258489 -0.033979 -0.039411 0.293564 0.100631 0.023975 
1.594327 -0.699647 0.450677 -0.668317 -0.072455 -0.249172 0.076771 0.101585 -0.230125 -0.290201 0.012767 -0.135515 0.321566 0.117140 0.004398 
1.614559 -0.616076 0.448008 -0.639896 -0.118471 -0.174442 0.049601 0.148069 -0.298767 -0.287288 0.021981 -0.185996 0.292868 0.137288 0.030735 
1.663470 -0.569691 0.529278 -0.748152 -0.071883 -0.068135 -0.022297 0.123140 -0.280097 -0.320037 0.009047 -0.229122 0.348917 0.078433 0.083234 
1.771633 -0.490464 0.584250 -0.876198 -0.041354 0.116936 -0.153051 0.090502 -0.257131 -0.271037 -0.049204 -0.244221 0.402618 -0.008774 0.131678 
1.808588 -0.200495 0.694726 -0.985349 -0.161469 0.308726 -0.191089 0.076895 -0.346445 -0.140846 -0.031574 -0.225514 0.459453 -0.049366 0.072791 
1.785977 -0.191130 0.557152 -0.881438 -0.086821 0.313274 -0.169106 -0.034004 -0.367478 -0.116155 0.022658 -0.170285 0.455701 -0.081357 -0.022828 
1.742487 -0.351472 0.575565 -0.844960 0.043742 0.259780 -0.141776 -0.116871 -0.408662 -0.130289 0.066987 -0.134048 0.415690 -0.120199 -0.016862 
1.733735 -0.458165 0.564213 -0.790256 0.094430 0.295764 -0.177181 -0.217059 -0.350135 -0.137007 0.107242 -0.097573 0.329390 -0.132788 -0.089896 
1.632793 -0.510903 0.617411 -0.563206 0.080292 0.311988 -0.357303 -0.220883 -0.390174 0.109848 0.177718 -0.178013 0.266163 -0.253315 0.002689 
1.575594 -0.761127 0.665723 -0.555480 0.231403 0.176452 -0.298732 -0.327089 -0.275863 0.029051 0.137022 -0.164350 0.157547 -0.183016 0.038719 
1.592860 -0.906236 0.821126 -0.433692 0.216051 0.110128 -0.433336 -0.233953 -0.180265 0.098185 0.070304 -0.320784 0.238549 -0.121490 0.110704 
1.508276 -0.933710 0.845138 -0.192269 0.096630 0.112130 -0.506696 -0.067281 -0.210813 0.102669 0.028206 -0.383374 0.313548 -0.123336 0.051714 
1.421960 -0.610329 0.706107 -0.164721 0.115939 0.202056 -0.454027 -0.077548 -0.217175 0.142653 0.029156 -0.339285 0.254797 -0.175545 0.135939 
0.747794 0.339542 0.332695 0.154081 0.320760 0.274448 -0.120188 -0.361052 -0.132788 0.115820 -0.007969 -0.307301 -0.029361 -0.174630 0.019485 
0.760603 0.268578 0.346409 0.164932 0.274834 0.248959 -0.161580 -0.396490 -0.045865 0.032005 -0.048469 -0.270938 -0.037058 -0.183385 0.085548 
0.605213 -0.088964 0.384153 0.172489 0.149868 0.180571 -0.116566 -0.165735 -0.065584 -0.050723 0.029944 -0.141566 0.037710 -0.197767 0.139186 
0.795633 -0.761132 0.477517 -0.135555 0.077666 -0.138507 -0.217704 0.009452 0.100008 0.139567 -0.136595 -0.077139 0.208281 -0.133708 0.115384 
1.420082 -1.194649 0.916905 -0.318194 -0.032933 -0.221797 -0.468448 0.014061 -0.163779 0.074135 -0.008982 -0.125069 0.458032 -0.192523 0.120977 
1.341719 -1.125399 0.742620 -0.401804 -0.056582 -0.231692 -0.426116 -0.073078 -0.029120 0.179223 -0.001381 -0.069622 0.390036 -0.087192 0.024017 
1.361928 -1.247039 0.576287 -0.611904 -0.009054 -0.210716 -0.436840 -0.013727 0.202028 0.240702 0.014707 -0.097138 0.363640 -0.165749 0.013687 
1.301386 -1.077263 0.445829 -0.613879 -0.011675 -0.240267 -0.330141 -0.035798 0.293872 0.243098 0.033768 -0.055460 0.103296 -0.006911 -0.097901 
1.332637 -1.188328 0.333736 -0.660171 0.050723 -0.239226 -0.120774 -0.009663 0.199159 0.309563 0.130323 -0.330260 0.032619 0.077195 -0.164509 
1.256384 -1.346380 0.176267 -0.680328 0.013753 -0.119622 -0.033513 -0.033408 0.168220 0.293508 0.156157 -0.320045 -0.064084 0.016679 -0.097844 
1.276237 -1.428444 0.161930 -0.767969 0.098977 -0.117139 0.027919 -0.039635 0.115844 0.292744 0.135203 -0.303794 -0.042002 -0.052972 -0.061130 
1.241006 -1.385586 0.112993 -0.746038 0.085421 -0.092517 -0.004397 0.012030 0.067905 0.330917 0.099858 -0.298551 -0.025374 -0.069708 -0.067720 
1.282017 -1.449103 0.164231 -0.828414 0.137622 -0.106153 0.009048 -0.050122 0.122217 0.297742 0.126757 -0.294619 -0.003090 -0.096630 -0.086810 
1.189367 -1.309520 0.086517 -0.728800 0.047184 -0.015881 -0.059843 -0.024652 0.118239 0.311275 0.115478 -0.304294 -0.027284 -0.054519 -0.094034 
1.276226 -1.423862 0.116195 -0.793660 0.109421 -0.053560 -0.044817 -0.043213 0.164369 0.281599 0.139480 -0.347519 0.002678 -0.063185 -0.085192 
1.204212 -1.395939 0.108926 -0.740444 0.093320 -0.068252 -0.056187 -0.010795 0.101726 0.353586 0.109971 -0.318270 -0.028088 -0.071621 -0.078193 
1.266533 -1.442615 0.102360 -0.776946 0.134651 -0.104062 -0.023741 -0.048190 0.158848 0.300496 0.151759 -0.350159 -0.004940 -0.096741 -0.041291 
1.219038 -1.385562 0.063233 -0.705989 0.085357 -0.087312 -0.049702 -0.025710 0.118114 0.361496 0.128936 -0.324244 -0.041439 -0.099990 -0.015715 
1.266665 -1.259840 -0.017846 -0.663115 0.046834 -0.062013 -0.059763 -0.039618 0.113650 0.409586 0.083070 -0.295330 -0.056987 -0.092896 -0.028946 
1.355857 -1.204179 -0.123732 -0.634982 0.033301 -0.047402 -0.043555 -0.086873 0.145280 0.391337 0.096177 -0.297030 -0.050073 -0.087390 -0.047689 
1.485302 -1.112514 -0.303807 -0.505617 -0.058277 0.013429 -0.068661 -0.104497 0.174270 0.410861 0.063192 -0.296182 -0.047132 -0.087863 -0.029473 
1.495802 -1.388519 0.019461 -0.593701 -0.059103 0.109174 -0.232025 0.090997 0.128378 0.360639 0.054251 -0.422547 0.121257 -0.167457 0.030869 
1.479086 -1.333029 0.068214 -0.565453 -0.050418 0.133326 -0.225790 0.125458 0.095594 0.351219 0.036457 -0.489680 0.181340 -0.169616 0.071439 
1.218331 -1.123695 -0.192344 -0.510142 -0.054367 0.202557 -0.241508 0.092552 0.111522 0.311742 0.034306 -0.458366 0.178670 -0.172485 0.095297 
1.166104 -1.143925 -0.255516 -0.562633 -0.027011 0.203826 -0.142717 0.048985 0.163717 0.280560 0.040946 -0.522484 0.154435 -0.176539 0.126668 
0.694294 -0.871704 -0.348362 -0.378725 -0.016515 0.104385 0.014660 0.044487 -0.010981 0.374102 -0.162076 -0.342099 0.169682 -0.145898 0.149709 
0.571301 -0.403421 -0.468676 -0.325255 -0.080460 0.201843 -0.006023 -0.029026 0.211943 0.288072 -0.114114 -0.451172 0.116717 -0.128996 0.197105 
0.390598 -0.417433 -0.474745 -0.261467 -0.077090 0.050446 -0.113211 -0.164126 0.193677 0.284567 0.126480 -0.315497 0.074447 -0.173787 0.133704 
0.076742 -0.631358 -0.606606 -0.228301 -0.043368 0.151499 -0.098775 -0.014352 0.168001 0.179134 0.043557 -0.304404 -0.055369 -0.006413 0.147937 
