city011_054
ZOOSHIGAYA
91
-0.215746 -0.261396 -0.231584 -0.083846 -0.090152 0.076988 0.101807 0.099738 -0.090144 0.005833 -0.037956 -0.046558 0.064887 0.014928 -0.014023 
-0.159028 -0.499531 -0.123433 -0.206380 -0.121188 -0.066085 -0.063568 0.050132 -0.048465 0.199836 -0.004627 0.014184 -0.066633 -0.058402 0.110684 
-0.169293 -0.461197 0.168310 -0.300670 0.060058 0.019433 0.060491 -0.072197 -0.041203 0.090412 -0.034835 -0.004823 0.027728 -0.062412 0.087076 
-0.042013 -0.579284 0.349957 -0.036161 0.087952 -0.217385 0.091366 0.054346 0.024005 -0.102628 -0.001418 0.096592 -0.023278 -0.076120 0.056427 
1.060500 -0.179450 0.410787 -0.077969 0.118705 -0.176659 -0.256496 -0.099106 -0.120213 0.102982 -0.095579 -0.038937 0.075007 -0.004270 0.066551 
1.624146 -0.695116 0.618817 -0.348387 0.091851 -0.021245 -0.424177 -0.055730 -0.248040 0.095203 -0.113404 -0.194695 0.269655 -0.056548 0.001786 
1.612412 -0.829899 0.512534 -0.385584 0.068698 -0.093707 -0.369005 -0.101974 -0.271353 0.047531 -0.097106 -0.037417 0.261016 -0.005508 -0.036532 
1.748594 -1.035579 0.509253 -0.440384 -0.016837 -0.019985 -0.344830 -0.084658 -0.269905 -0.071570 -0.011327 -0.000012 0.324709 -0.005755 -0.074443 
1.704091 -0.921320 0.423520 -0.479490 -0.074680 -0.001330 -0.242845 -0.038190 -0.336180 -0.111408 0.039073 0.033568 0.329455 -0.006021 -0.068757 
1.800426 -0.928308 0.299108 -0.441683 -0.051325 -0.051213 -0.210285 0.015140 -0.361509 -0.157212 0.074292 0.069473 0.269720 0.075173 -0.090767 
1.850481 -0.881707 0.332146 -0.502169 -0.075723 -0.092356 -0.205553 0.131053 -0.367290 -0.162338 0.041721 0.020563 0.267814 0.121958 -0.050672 
1.788511 -0.922333 0.388142 -0.539515 -0.124896 -0.092498 -0.133335 0.111967 -0.359233 -0.180560 0.021336 0.018732 0.320639 0.107187 -0.036964 
1.850878 -0.921078 0.331269 -0.584210 -0.028814 -0.123505 -0.137414 0.123777 -0.312919 -0.144778 -0.066127 0.101558 0.293150 0.066341 0.002530 
1.774881 -0.791860 0.244677 -0.573531 0.010131 -0.162818 -0.157600 0.117444 -0.277340 -0.127020 -0.064183 0.070817 0.307996 0.070451 -0.025204 
1.789545 -0.826757 0.343530 -0.591501 -0.017734 -0.157932 -0.220253 0.088658 -0.253038 -0.026008 -0.118790 0.066839 0.298745 0.067285 -0.035834 
1.718940 -0.857872 0.382564 -0.571077 -0.027744 -0.185424 -0.216226 0.061057 -0.242321 -0.025820 -0.097609 0.088025 0.317691 0.023706 -0.035997 
1.629138 -0.807781 0.353327 -0.566685 -0.051872 -0.258323 -0.130083 0.062503 -0.249131 -0.076454 -0.060317 0.123046 0.286386 0.044360 -0.015277 
1.622569 -0.758616 0.293928 -0.567099 -0.005296 -0.330444 -0.090311 0.082660 -0.281513 -0.079324 -0.037224 0.067231 0.295772 0.113791 -0.064782 
1.676396 -0.748860 0.287374 -0.557130 -0.004997 -0.342559 -0.093719 0.098697 -0.295280 -0.070511 -0.026433 -0.007178 0.315655 0.140190 -0.072797 
1.708941 -0.752326 0.330775 -0.571277 -0.027507 -0.287531 -0.113939 0.057630 -0.251087 -0.086619 -0.024617 -0.017920 0.315397 0.123031 -0.073352 
1.729436 -0.782129 0.399122 -0.572966 -0.095404 -0.205333 -0.169026 0.101834 -0.263547 -0.093406 -0.062103 -0.041507 0.326038 0.109529 -0.057564 
1.769700 -0.736441 0.394357 -0.572684 -0.104902 -0.180587 -0.186670 0.127132 -0.258373 -0.099837 -0.066571 -0.019652 0.278080 0.092387 -0.015787 
1.773735 -0.706654 0.390488 -0.533245 -0.163653 -0.135680 -0.158238 0.160958 -0.303487 -0.122834 -0.051541 -0.031960 0.263685 0.088059 -0.001955 
1.812021 -0.812213 0.476585 -0.544966 -0.174649 -0.159609 -0.087714 0.205685 -0.379073 -0.190763 -0.052191 -0.068991 0.245468 0.153173 0.020064 
1.623627 -0.644241 0.425009 -0.554116 -0.097302 -0.190415 0.031465 0.122166 -0.379822 -0.253047 -0.042118 -0.122160 0.301797 0.142833 -0.002198 
1.648857 -0.664102 0.450649 -0.606193 0.090612 -0.048197 -0.295400 0.088306 -0.288312 -0.193075 -0.150197 0.066621 0.262779 0.012305 0.011045 
1.684190 -0.648486 0.343213 -0.598036 0.038678 0.036087 -0.250179 -0.116274 -0.370035 -0.061160 -0.086000 0.077470 0.307993 0.015374 -0.036380 
1.920604 -0.421263 0.268098 -0.535389 0.006946 0.129158 -0.357828 -0.221554 -0.309062 0.061234 0.036964 -0.048444 0.250017 -0.083861 0.041462 
1.721043 -0.202796 0.473897 -0.336761 0.174519 -0.018156 -0.234776 -0.061947 -0.284789 0.154246 -0.130200 -0.042394 0.138566 -0.164374 0.116103 
1.159802 -0.191297 0.661766 -0.071858 0.505742 -0.166815 0.049120 0.086395 -0.103906 0.043453 -0.331232 0.108339 0.072760 -0.251918 0.077592 
0.368603 -0.280334 0.637056 -0.032039 0.392921 -0.488405 0.077619 0.118280 -0.136501 0.059663 -0.119436 0.070283 0.011338 -0.046356 0.047285 
-0.259050 -0.322435 0.670210 -0.030783 0.347726 -0.377361 0.216888 0.197564 -0.106412 0.028018 -0.008095 0.085413 0.006918 -0.051048 0.016138 
-0.705458 -0.647204 0.289139 -0.412037 0.214855 -0.428849 0.254009 0.133749 -0.041739 -0.057000 0.004727 0.025270 0.011533 -0.098300 0.070243 
-0.427279 -0.371618 0.274514 -0.644061 0.085311 -0.199876 0.200550 -0.119225 -0.018189 0.111720 0.032502 -0.010814 -0.013892 -0.029975 0.045403 
-0.679182 -0.616437 0.336331 -0.472655 0.074958 -0.349158 0.331383 0.040901 -0.028882 0.020914 -0.068096 0.075027 -0.041063 -0.117415 0.132718 
-0.446356 -0.581558 0.420829 -0.483777 0.217340 -0.394231 0.395396 0.033001 0.057353 -0.123418 -0.072726 0.120109 -0.057581 -0.058198 0.089251 
-0.628277 -0.640113 0.373424 -0.516628 0.182694 -0.316959 0.377109 0.099574 -0.107473 -0.099890 0.009180 0.092760 -0.100092 -0.035956 0.152223 
-0.770672 -0.815159 0.376950 -0.554380 0.175810 -0.237286 0.425804 0.073550 -0.191423 -0.049571 -0.033730 0.094736 -0.024807 -0.071166 0.164945 
-0.520290 -0.561655 0.584019 -0.531218 -0.030513 -0.236847 0.236863 0.095274 -0.018531 0.023620 -0.060877 0.027870 0.014679 -0.132770 0.103166 
-0.626427 -0.511140 0.600874 -0.674981 0.199290 -0.110999 0.179711 -0.012124 -0.027686 0.070412 -0.107102 -0.010664 0.121720 -0.103438 0.035512 
-0.293218 -0.492197 0.699386 -0.514683 0.263160 -0.057275 0.279045 0.020880 -0.164291 0.089166 -0.071569 0.079448 0.011509 -0.075541 0.126530 
-0.415255 -0.441912 0.898388 -0.493296 0.051964 -0.207190 0.087796 -0.066891 -0.052555 0.099657 -0.102185 0.084609 0.036153 -0.119502 0.121195 
-0.484625 -0.474785 0.940346 -0.487805 0.039455 -0.289473 0.113232 -0.135610 -0.088003 0.153958 -0.112544 0.068299 0.076387 -0.130660 0.140841 
-0.165044 -0.203890 0.942069 -0.473439 0.071291 -0.059380 0.167042 0.021599 -0.164409 0.122348 -0.042931 -0.009470 0.037072 -0.103561 0.148325 
0.523252 -0.529464 1.455328 -0.108923 -0.158990 -0.018208 -0.126100 -0.030816 -0.275372 -0.098921 -0.082653 -0.057686 -0.060295 -0.146415 0.162696 
0.810078 -0.744212 1.486158 -0.088357 -0.235948 0.150264 -0.288551 -0.026857 -0.324661 -0.145812 -0.081177 -0.126054 -0.102617 -0.100033 0.154249 
0.931601 -0.892852 1.569270 -0.113300 -0.238742 0.231963 -0.360535 0.008423 -0.307454 -0.204115 -0.036458 -0.153805 -0.112771 -0.114188 0.155210 
0.786856 -0.833239 1.552118 -0.023699 -0.300601 0.293124 -0.382629 0.008704 -0.278510 -0.232969 -0.008148 -0.192740 -0.111720 -0.094850 0.113770 
0.830492 -0.862200 1.605723 -0.126397 -0.230597 0.269635 -0.343596 0.020944 -0.310033 -0.224846 0.029918 -0.210731 -0.138868 -0.066243 0.119389 
0.781388 -0.803772 1.646484 -0.108080 -0.265769 0.291538 -0.407511 0.094852 -0.338045 -0.206315 0.021877 -0.211867 -0.116245 -0.069140 0.099194 
0.831803 -0.815516 1.684798 -0.149555 -0.269354 0.324882 -0.405342 0.069195 -0.304401 -0.194010 0.018490 -0.234561 -0.065250 -0.080581 0.079471 
0.839840 -0.823999 1.709602 -0.192459 -0.263216 0.333619 -0.408053 0.063674 -0.323904 -0.150237 0.004356 -0.254167 -0.034360 -0.071912 0.062394 
0.780015 -0.746684 1.686394 -0.226082 -0.252104 0.319950 -0.357083 0.042497 -0.339587 -0.114168 -0.001997 -0.264272 -0.015032 -0.080935 0.067984 
0.780184 -0.740548 1.641562 -0.254672 -0.270806 0.301572 -0.265668 -0.024075 -0.327441 -0.070158 -0.021125 -0.259841 0.031707 -0.105152 0.076514 
0.806997 -0.708257 1.584746 -0.213093 -0.335517 0.297390 -0.244371 -0.040418 -0.365117 0.022816 -0.056397 -0.295025 0.126708 -0.118725 0.025806 
0.775488 -0.657661 1.445644 -0.221773 -0.355796 0.212373 -0.142355 -0.129713 -0.399100 0.085114 -0.072358 -0.319513 0.182459 -0.094802 -0.007737 
0.908640 -0.809874 1.269575 -0.098371 -0.364212 0.140329 -0.218929 -0.086020 -0.472244 0.156619 -0.068117 -0.311975 0.222414 -0.065358 -0.011860 
1.090597 -0.961722 1.167028 -0.109827 -0.285158 0.034467 -0.355983 -0.056675 -0.396366 0.156915 -0.062630 -0.263168 0.291788 -0.066553 0.023059 
1.258142 -0.927816 0.900425 -0.217845 -0.095155 -0.131069 -0.537031 -0.007945 -0.127036 0.071936 -0.095145 -0.071378 0.299474 -0.018124 0.023084 
1.570274 -1.111333 0.618162 -0.241154 -0.061598 -0.142019 -0.593607 0.148119 -0.174699 0.226331 0.013109 -0.211114 0.361767 0.042352 -0.069533 
1.538339 -1.039238 0.310707 -0.308122 -0.087020 -0.247544 -0.405717 0.018882 -0.018089 0.386874 0.024249 -0.175558 0.275152 0.061263 -0.061632 
1.442138 -1.038020 0.360411 -0.443552 -0.033651 -0.238994 -0.349920 -0.023359 0.077626 0.350290 0.140280 -0.195470 0.095356 0.156991 -0.061332 
1.394550 -1.174969 0.258530 -0.505217 0.028066 -0.202862 -0.240113 0.067142 0.052806 0.369762 0.117616 -0.272929 0.000823 0.128103 -0.048146 
1.377547 -1.239802 0.196950 -0.546502 0.020727 -0.211490 -0.224795 0.104247 0.080963 0.345101 0.130153 -0.268361 -0.022892 0.107285 -0.076535 
1.435011 -1.206704 0.195332 -0.569688 0.014785 -0.234666 -0.238834 0.145164 0.122206 0.351958 0.019989 -0.248495 0.044192 0.088310 -0.152440 
1.402297 -1.120679 0.180303 -0.544498 -0.004103 -0.293547 -0.200372 0.095752 0.170168 0.362799 0.007046 -0.255092 0.068183 0.107467 -0.207141 
1.348830 -1.110732 0.190555 -0.447527 -0.063471 -0.345921 -0.196208 0.123211 0.165319 0.345210 0.004471 -0.220688 0.117657 0.062283 -0.226426 
1.365240 -1.220267 0.306599 -0.402712 -0.106764 -0.390481 -0.200940 0.143832 0.157139 0.316957 -0.040876 -0.133468 0.171355 0.015475 -0.250117 
1.365548 -1.277818 0.408495 -0.299760 -0.214555 -0.365148 -0.245408 0.167394 0.120211 0.220791 -0.017573 -0.033488 0.229958 -0.064457 -0.213276 
1.459153 -1.344123 0.619119 -0.250922 -0.328127 -0.255509 -0.325378 0.167009 0.091281 0.178594 -0.016989 0.028974 0.248356 -0.154729 -0.058708 
1.396869 -1.318304 0.689795 -0.212700 -0.375976 -0.231791 -0.306540 0.163595 -0.012771 0.136483 0.021799 0.097379 0.230248 -0.222825 0.076493 
1.335163 -1.295499 0.712132 -0.166638 -0.413263 -0.197252 -0.299336 0.139992 -0.071012 0.088211 0.028891 0.126438 0.225387 -0.223010 0.104877 
1.375842 -1.285101 0.722214 -0.192844 -0.416268 -0.169134 -0.376108 0.199867 -0.061539 0.135929 0.012232 0.117388 0.254453 -0.259899 0.118559 
1.450551 -1.296596 0.650556 -0.176071 -0.449592 -0.195024 -0.374068 0.194510 -0.037073 0.194618 0.010677 0.117107 0.271841 -0.264956 0.089669 
1.561176 -1.282445 0.434447 -0.070613 -0.488932 -0.180076 -0.341334 0.093247 0.086162 0.147258 0.019802 0.068726 0.305075 -0.227170 0.018461 
1.535877 -1.262621 0.329956 -0.149442 -0.377092 -0.184215 -0.301679 0.142183 0.179897 0.178662 -0.050563 -0.004494 0.219669 -0.172834 -0.064840 
1.517430 -1.174515 0.188926 -0.242304 -0.326054 -0.216745 -0.273427 0.187127 0.218700 0.185925 -0.016691 -0.092088 0.194037 -0.114952 -0.169754 
1.488349 -1.197620 0.072041 -0.234738 -0.256688 -0.231308 -0.240950 0.215246 0.203132 0.234444 0.001526 -0.185364 0.129949 -0.055438 -0.180017 
1.495620 -1.263794 -0.042199 -0.326012 -0.165447 -0.226646 -0.141719 0.157452 0.189366 0.278925 0.001556 -0.263031 0.062306 0.044503 -0.193710 
1.473971 -1.201891 -0.141697 -0.370603 -0.162714 -0.120539 -0.114998 0.119582 0.196193 0.332761 -0.035184 -0.348064 0.060736 0.032262 -0.162857 
1.480029 -1.225717 -0.136708 -0.395648 -0.181069 -0.020715 -0.136088 0.148285 0.140205 0.385494 -0.047459 -0.384966 0.040196 -0.000423 -0.108993 
1.450131 -1.161481 -0.246485 -0.363832 -0.237788 0.072952 -0.153313 0.138677 0.144957 0.343980 0.013927 -0.424832 0.034027 0.004706 -0.103576 
1.560430 -1.285274 -0.227531 -0.295207 -0.260011 0.086669 -0.147554 0.161116 0.064844 0.405893 -0.027993 -0.404618 0.060409 -0.066655 -0.027267 
1.601050 -1.246468 -0.375468 -0.172047 -0.292084 0.051568 -0.001271 0.004438 0.121286 0.341398 -0.022012 -0.364024 0.082921 -0.076506 -0.018624 
1.479014 -1.074909 -0.308447 -0.362422 -0.183783 0.091005 -0.147165 0.144719 0.011723 0.330759 0.032322 -0.394168 0.136792 -0.065141 -0.022018 
1.468150 -1.104011 -0.395111 -0.182422 -0.173424 -0.008420 -0.024796 0.068761 0.019726 0.345302 0.006053 -0.330850 0.060178 -0.068388 0.009203 
1.370111 -0.819774 -0.394076 -0.107534 -0.161558 -0.055158 0.043209 -0.020378 0.061469 0.356820 -0.039612 -0.333206 0.078735 -0.042874 0.036650 
1.242107 -0.432942 -0.317382 0.009625 -0.284710 0.064683 0.031777 -0.061594 0.156178 0.378813 -0.066857 -0.273724 0.007767 -0.029891 -0.023927 
0.640490 -1.047516 -0.221132 -0.194520 -0.092808 -0.006463 0.045681 0.041529 0.022209 0.303165 -0.147680 -0.266179 0.093610 0.005145 0.029917 
0.862045 -0.340180 -0.443260 0.127402 -0.049350 0.105853 -0.044124 -0.129778 0.116384 0.181900 0.011022 -0.260218 0.041210 0.103848 -0.002371 
0.275145 -0.388100 -0.349673 0.114961 0.036747 0.010592 0.051762 -0.007631 0.007665 0.196484 -0.089561 -0.212466 0.095432 0.094230 -0.006424 
