city011_018
TSUKIJI
76
-0.623152 -0.529860 0.239655 -0.174598 -0.059447 -0.053640 -0.040447 0.120193 0.057554 -0.099847 -0.040848 0.134016 -0.061044 -0.079769 0.086131 
-0.304945 -0.473126 0.253653 -0.148295 -0.003441 -0.049512 -0.088269 0.064155 0.029277 0.027532 -0.074393 0.034136 0.022160 -0.026019 -0.022379 
-0.710852 -0.753559 0.295170 -0.336499 -0.105229 -0.170081 0.079447 0.190267 0.013834 0.034071 -0.104563 0.029041 -0.017618 -0.025955 -0.043375 
-0.547759 -0.721494 0.176671 -0.191758 0.093952 -0.156812 0.019524 -0.036891 0.060307 0.117352 -0.114693 -0.013340 0.023932 0.027600 -0.030822 
-0.495373 -0.838840 0.229154 -0.354897 0.159686 -0.247231 0.042507 0.069725 0.039539 0.049919 -0.114770 0.126205 -0.098251 -0.021787 0.056433 
-0.359518 -0.912706 0.115504 -0.354121 0.270248 -0.068166 0.132093 0.010355 -0.074927 0.019892 -0.163447 0.215819 -0.052911 -0.054742 0.085511 
-0.249529 -0.589362 0.626391 -0.132759 0.193977 -0.248208 0.051793 0.019869 -0.011056 0.008579 -0.121217 0.150143 -0.023548 -0.081657 0.055289 
-0.505679 -0.516501 0.373270 -0.315414 0.296399 -0.265283 0.024955 0.045241 0.077905 -0.059011 -0.106532 0.165036 -0.057040 -0.046648 0.056924 
-0.472078 -0.693650 0.567907 -0.054645 0.137673 -0.498990 -0.063707 0.066131 0.006845 0.004690 -0.097487 0.090327 0.036326 0.043819 -0.077937 
-0.688772 -0.901079 0.385069 0.037845 0.263240 -0.487553 0.065288 0.024148 0.072638 0.090570 -0.282715 0.156224 0.065547 -0.050251 -0.065962 
-0.054066 -0.972982 0.108463 0.370211 0.466794 -0.129019 -0.173769 0.014740 0.170213 0.056079 -0.121169 0.080406 -0.052043 0.012318 0.067981 
-0.198707 -0.674310 -0.099060 0.498222 0.073728 -0.222990 -0.116668 0.181026 -0.009105 -0.071815 0.015359 0.038606 -0.042580 0.007412 -0.007391 
-0.411276 -0.128608 -0.046257 0.064142 0.088546 0.224415 0.127240 -0.135490 -0.045948 0.033148 0.096735 -0.052131 0.044305 -0.007117 -0.078549 
-0.598510 -0.322106 -0.094828 0.041305 0.134265 0.184077 -0.026601 -0.075777 -0.058403 0.033514 0.080465 -0.016225 -0.039486 0.021760 -0.063026 
-0.578247 -0.146636 -0.261248 0.073123 -0.051286 0.144109 0.006611 -0.013922 -0.118459 0.017722 0.095986 -0.042995 0.000772 -0.000607 -0.037092 
-0.626541 -0.143625 -0.109322 -0.222366 0.115744 0.080046 -0.241168 0.019613 0.092779 -0.073778 0.138345 -0.069327 -0.082986 0.121581 -0.076374 
-0.677200 -0.046633 0.122968 -0.091782 -0.040380 0.200924 -0.023934 -0.027754 -0.000749 -0.114996 0.179162 -0.086988 -0.019843 0.068309 -0.062805 
-0.600141 -0.145512 -0.019356 -0.009994 -0.070506 0.098821 0.058808 -0.103558 -0.006203 -0.052446 0.140919 -0.080736 -0.016771 0.047435 -0.040138 
-0.599794 -1.111220 0.568445 -0.673260 -0.018296 0.096180 -0.039107 0.185088 -0.009727 -0.059597 0.075811 -0.105433 -0.054581 0.104033 -0.048267 
-0.222052 -0.903760 0.456053 -0.630262 0.182049 0.169104 -0.268944 -0.006450 0.044110 0.051953 0.057190 -0.004371 -0.113232 0.047734 0.017469 
-0.210607 -0.223263 0.720616 -0.625652 0.074473 -0.113403 -0.409704 -0.027895 -0.120222 -0.015713 0.158945 -0.034587 0.097377 0.049559 0.083769 
-0.361479 -0.119043 0.806266 -0.530497 0.098612 -0.120106 -0.252626 0.129705 -0.113843 -0.112019 0.154702 -0.019030 -0.053331 0.085905 0.014416 
0.086845 -0.191308 1.346722 -0.364495 0.037128 0.178387 -0.213682 0.101082 -0.178346 -0.088430 0.091255 -0.168908 -0.017853 0.014107 -0.016278 
0.495304 -0.402607 1.638543 -0.480616 -0.003054 0.179217 -0.372553 0.135830 -0.400041 -0.133737 0.037278 -0.236667 -0.123236 0.079877 -0.036387 
0.455620 -0.473720 1.638042 -0.364440 -0.170173 0.251490 -0.437396 0.069581 -0.368762 -0.236167 0.108783 -0.310820 -0.106842 0.110625 -0.042525 
0.547931 -0.575039 1.592624 -0.335375 -0.228145 0.275650 -0.429347 -0.000690 -0.340080 -0.222043 0.094417 -0.308333 -0.076259 0.129778 -0.062072 
0.720906 -0.755815 1.594573 -0.433369 -0.131198 0.303096 -0.475462 0.013830 -0.396464 -0.159687 0.073712 -0.322609 -0.042950 0.098395 -0.044755 
0.607921 -0.683616 1.504783 -0.465762 -0.089066 0.304242 -0.401738 -0.082257 -0.341605 -0.196431 0.094686 -0.307623 -0.066331 0.107412 -0.063338 
0.688609 -0.812149 1.585900 -0.509261 -0.077682 0.332710 -0.433105 -0.048372 -0.397220 -0.143356 0.051059 -0.289905 -0.056737 0.068939 -0.035053 
0.676243 -0.789371 1.579038 -0.454198 -0.100888 0.333808 -0.446729 -0.057436 -0.346592 -0.171824 0.052731 -0.300776 -0.043747 0.059175 -0.046180 
0.643577 -0.737110 1.509893 -0.420298 -0.064505 0.306412 -0.459431 -0.044637 -0.343245 -0.167762 0.051274 -0.289248 -0.064379 0.075568 -0.049481 
0.689434 -0.766921 1.518407 -0.420926 -0.041514 0.278857 -0.460492 -0.042216 -0.348894 -0.147339 0.035211 -0.299513 -0.035508 0.054878 -0.044236 
0.611916 -0.781773 1.520577 -0.438413 0.006961 0.238582 -0.428450 -0.085325 -0.343381 -0.127455 0.003312 -0.273750 -0.058283 0.058424 -0.035923 
0.636262 -0.799712 1.525864 -0.449514 0.012772 0.234215 -0.412714 -0.100166 -0.331872 -0.144459 0.029712 -0.291598 -0.047773 0.053677 -0.030212 
0.678626 -0.839669 1.543799 -0.419060 -0.028702 0.249345 -0.432529 -0.064894 -0.361243 -0.131010 0.011974 -0.278407 -0.045916 0.028034 0.007016 
0.568336 -0.761216 1.526533 -0.397488 -0.055440 0.244303 -0.409633 -0.087550 -0.332994 -0.137232 -0.003544 -0.252774 -0.067914 0.053824 -0.018578 
0.605820 -0.789302 1.600616 -0.394285 -0.087995 0.241885 -0.406599 -0.073803 -0.331957 -0.138841 -0.022990 -0.252860 -0.046782 0.020066 0.008972 
0.577404 -0.738985 1.639973 -0.383831 -0.076428 0.195070 -0.398772 -0.047271 -0.322083 -0.141110 -0.034875 -0.252805 -0.028672 0.004241 0.009478 
0.666937 -0.716487 1.706807 -0.359084 -0.147583 0.214693 -0.410901 0.012275 -0.355143 -0.126519 -0.034523 -0.247850 -0.015231 -0.025974 0.052839 
0.753494 -0.691317 1.720418 -0.354654 -0.184093 0.252871 -0.399418 0.031353 -0.383491 -0.097030 -0.052486 -0.230023 -0.045151 -0.021381 0.067322 
0.667643 -0.619077 1.684508 -0.304529 -0.164221 0.232797 -0.361178 0.041296 -0.377208 -0.078209 -0.078618 -0.192070 -0.075920 -0.039708 0.098858 
0.574412 -0.518412 1.670365 -0.199942 -0.185148 0.211721 -0.283676 0.024299 -0.332186 -0.049912 -0.114972 -0.149572 -0.064251 -0.101264 0.131241 
0.530949 -0.366903 1.432181 -0.169974 -0.192290 0.184810 -0.150530 -0.050735 -0.261464 -0.081961 -0.056026 -0.122099 -0.112353 -0.056993 0.144324 
0.325208 -0.292176 1.326956 -0.128022 -0.111561 0.170038 -0.105191 -0.073287 -0.257275 -0.039391 -0.122075 -0.086266 -0.110635 -0.118534 0.176369 
0.175994 -0.243951 1.242168 0.015378 -0.027735 0.101706 0.003778 -0.098301 -0.187403 -0.028691 -0.119454 -0.053123 -0.163954 -0.063631 0.123128 
0.073263 -0.159691 1.025434 0.126968 -0.020752 0.083372 0.031636 -0.146241 -0.114948 -0.056906 -0.046652 -0.110531 -0.109067 -0.035437 0.048205 
0.073474 -0.029440 0.909996 0.018377 0.024924 0.056890 0.099261 -0.045294 -0.216048 0.068619 -0.032160 -0.063317 -0.089916 -0.009634 0.096550 
0.001090 -0.068754 0.875645 0.011561 0.064936 0.020477 0.141570 -0.156424 -0.063561 0.041914 -0.100706 0.032896 -0.067725 -0.110953 0.180085 
-0.059898 -0.104908 1.022494 -0.082733 0.024134 0.061789 0.004989 -0.095029 -0.057732 -0.042478 -0.057255 0.005788 -0.082586 -0.062582 0.134685 
0.173698 -0.158121 0.964777 -0.100302 0.015403 -0.019632 0.110311 -0.128258 -0.157924 -0.051439 -0.029795 0.025785 -0.200424 0.005804 0.160560 
0.145241 -0.351424 1.129354 -0.168689 0.063089 0.163597 -0.089228 -0.159792 -0.187586 -0.067416 -0.026030 -0.085631 -0.176488 -0.016044 0.124311 
0.252227 -0.369232 1.321014 -0.153281 -0.055127 0.116428 -0.106889 -0.086345 -0.205681 -0.079952 -0.062295 -0.090140 -0.125493 -0.046613 0.138049 
0.364237 -0.441723 1.432806 -0.286612 -0.027240 0.113299 -0.149157 -0.056730 -0.268494 -0.062781 -0.071503 -0.092304 -0.144321 -0.009168 0.125159 
0.468807 -0.528983 1.537564 -0.279610 -0.081317 0.176161 -0.258945 0.000257 -0.303976 -0.064947 -0.089024 -0.114661 -0.118702 -0.034504 0.130211 
0.661528 -0.648422 1.686131 -0.262342 -0.145826 0.196274 -0.339971 0.077512 -0.341674 -0.124392 -0.012193 -0.183063 -0.106495 -0.004355 0.094517 
0.767949 -0.810775 1.688705 -0.345108 -0.074650 0.278071 -0.388205 0.073088 -0.377835 -0.100359 -0.020460 -0.233113 -0.099042 -0.011810 0.075355 
0.656426 -0.685351 1.687866 -0.357053 -0.067863 0.257149 -0.360860 0.078787 -0.378672 -0.091093 -0.026664 -0.226790 -0.098375 -0.013592 0.072682 
0.797608 -0.776410 1.732627 -0.417068 -0.075114 0.300820 -0.407862 0.126331 -0.412395 -0.081535 -0.005573 -0.246765 -0.074578 -0.014599 0.061531 
0.619687 -0.626589 1.630311 -0.370965 -0.086774 0.277306 -0.364742 0.052658 -0.333396 -0.139229 0.037499 -0.260887 -0.081023 0.028080 0.018684 
0.766161 -0.749583 1.729362 -0.447616 -0.064709 0.322922 -0.444623 0.138224 -0.408157 -0.085926 0.014154 -0.274254 -0.048610 -0.003987 0.029445 
0.568840 -0.579066 1.644942 -0.396460 -0.071440 0.286989 -0.398740 0.085444 -0.358727 -0.131375 0.038343 -0.284242 -0.060922 0.017809 0.009593 
0.765413 -0.755245 1.764641 -0.492905 -0.033901 0.293571 -0.425913 0.149506 -0.448196 -0.072975 0.014948 -0.297233 -0.039079 -0.006479 0.025082 
0.680594 -0.690228 1.731103 -0.423406 -0.058263 0.291960 -0.429994 0.121165 -0.409516 -0.108891 0.030821 -0.319553 -0.037974 0.003629 -0.004896 
0.656099 -0.632445 1.713707 -0.405307 -0.056458 0.285470 -0.436988 0.140647 -0.418950 -0.097810 0.020580 -0.314059 -0.039689 0.007912 -0.015926 
0.682497 -0.706961 1.763673 -0.427058 -0.011034 0.274651 -0.459452 0.187054 -0.474167 -0.061252 -0.012030 -0.314548 -0.037820 -0.014347 -0.010290 
0.585298 -0.570238 1.668235 -0.392383 -0.013277 0.269986 -0.419522 0.137035 -0.425709 -0.100853 0.013675 -0.317130 -0.064777 0.017360 -0.034385 
0.680351 -0.601059 1.649118 -0.378882 -0.039482 0.302506 -0.421384 0.128364 -0.426719 -0.123729 0.035351 -0.336759 -0.068196 0.007204 -0.021150 
0.597904 -0.498346 1.522060 -0.337704 -0.026898 0.276259 -0.363460 0.063370 -0.414782 -0.132092 0.033538 -0.345018 -0.079217 0.020509 -0.045608 
0.791487 -0.408449 1.360808 -0.247490 -0.137688 0.334368 -0.334545 0.059957 -0.449585 -0.121897 0.035937 -0.360793 -0.063312 0.016200 -0.047545 
0.740242 -0.314359 1.241481 -0.183302 -0.107565 0.218741 -0.168844 -0.040943 -0.395535 -0.163416 0.053909 -0.369240 -0.070047 0.013178 -0.067041 
0.500796 -0.022394 1.506233 -0.282207 -0.129874 0.235531 -0.289485 0.060121 -0.369274 -0.147677 0.028555 -0.335988 -0.076029 0.007818 -0.051173 
0.403178 0.240968 1.383544 -0.413116 -0.152305 0.136068 -0.284489 0.080784 -0.405477 -0.107576 0.108250 -0.370420 -0.000136 0.078207 -0.052971 
0.195143 0.282757 1.111017 -0.015925 -0.162915 0.069707 -0.216702 -0.028813 -0.343725 -0.080351 0.001326 -0.306103 0.016849 0.033029 -0.105620 
-0.104371 0.363357 0.908001 0.067054 -0.107147 -0.004868 -0.170608 -0.057488 -0.409945 -0.104200 -0.011840 -0.323625 -0.076149 0.069118 -0.074666 
-0.061056 0.161734 0.595643 0.098034 -0.045224 0.106234 -0.242421 -0.148659 -0.206080 -0.171212 0.083377 -0.236244 -0.131225 0.140695 -0.077797 
-0.619982 -0.153825 0.313851 0.022681 -0.200965 0.152705 -0.195030 0.039298 -0.038435 -0.102783 0.201181 -0.080631 -0.124377 0.181918 -0.038638 
