city011_030
HONJO
73
-0.246275 -0.039633 -0.282247 -0.109975 0.022659 0.107522 -0.032658 -0.034159 -0.057735 0.075545 0.011973 -0.023887 -0.014542 0.028040 -0.048162 
0.219571 -0.320999 -0.525184 -0.412262 -0.094673 0.196604 0.113510 0.139800 -0.106655 0.025444 -0.039079 -0.100224 0.039341 0.033532 -0.013663 
0.819812 -0.088540 -0.261541 -0.437862 0.118635 0.496876 0.134936 0.035324 -0.034761 -0.086955 0.009709 0.000906 0.058842 0.108194 -0.085331 
0.864690 0.004499 -0.157469 -0.474500 0.043574 0.295088 0.026607 0.198462 0.057487 -0.029761 0.015730 -0.190392 0.058734 0.033705 -0.015120 
0.831250 -0.260443 0.191599 -0.436385 -0.169359 0.226918 -0.059749 0.071280 0.008834 0.077648 0.033729 -0.185018 0.131043 -0.032984 -0.107276 
0.945926 -0.064163 0.384140 -0.670792 -0.058453 0.409336 -0.054413 0.034344 -0.031932 0.038417 0.029416 -0.085521 0.134983 -0.024585 -0.133827 
0.862687 -0.167808 0.411049 -0.574375 0.016510 0.239492 -0.280244 -0.024830 -0.119325 0.173685 0.011047 -0.021456 0.072969 -0.069466 -0.013941 
1.141189 0.089295 0.640602 -0.570025 -0.118145 0.359995 -0.220281 -0.082919 -0.257999 0.061171 -0.077180 -0.087536 0.212139 -0.075585 -0.097986 
1.139879 0.020142 0.234358 -0.701166 -0.156574 0.302323 -0.110129 -0.046523 -0.106370 0.150049 0.061178 -0.071015 0.203538 -0.125807 -0.123691 
1.398819 0.197316 0.349087 -0.362597 -0.241265 0.242086 0.040618 0.037474 -0.024646 0.114109 -0.009909 -0.148553 0.153315 -0.008406 -0.146751 
1.796890 -0.700988 0.483580 -0.765483 -0.207491 0.024803 -0.247805 0.244804 -0.064692 0.111818 -0.089084 -0.266306 0.230478 0.019810 -0.146951 
1.805359 -0.945315 0.417796 -0.697516 -0.236997 0.101767 -0.253791 0.252499 0.038903 0.001825 -0.093626 -0.204143 0.211801 0.048379 -0.120303 
1.789340 -0.977002 0.348901 -0.657893 -0.227603 0.129544 -0.202296 0.184853 0.071605 -0.039679 -0.130732 -0.122181 0.171401 0.098217 -0.119975 
1.745565 -0.990643 0.366600 -0.681452 -0.195845 0.158476 -0.160183 0.159619 0.029353 -0.101015 -0.120654 -0.099876 0.238435 0.058533 -0.061248 
1.821491 -1.069093 0.433663 -0.672870 -0.172460 0.213786 -0.169002 0.121701 -0.066575 -0.116589 -0.192620 -0.005443 0.275284 0.061963 -0.013746 
1.775850 -1.011187 0.478721 -0.552477 -0.214487 0.252372 -0.047341 0.063506 -0.157792 -0.154474 -0.153633 -0.016807 0.293057 0.028812 -0.018633 
1.821746 -0.999481 0.568250 -0.519039 -0.205603 0.249179 0.013134 0.053953 -0.272611 -0.044394 -0.145180 -0.026004 0.263908 -0.019347 -0.003574 
1.874863 -0.955386 0.548082 -0.428681 -0.138336 0.262421 -0.064668 -0.109628 -0.267506 0.036447 -0.138624 0.009661 0.217965 -0.093064 -0.001803 
1.891641 -1.022305 0.580922 -0.252808 -0.137804 0.314219 -0.076231 -0.285423 -0.375122 0.088252 -0.109373 0.018835 0.178569 -0.190367 -0.008472 
1.798360 -1.016522 0.725760 -0.125576 -0.146123 0.321131 -0.191994 -0.254194 -0.297498 0.061715 -0.124293 -0.024478 0.081725 -0.169306 0.041683 
1.375632 -0.936240 0.994045 -0.028445 -0.228666 0.344478 -0.245043 -0.327379 -0.189349 -0.035933 -0.092920 -0.161868 0.020806 -0.066225 -0.050444 
1.348586 -0.968951 1.099173 0.081655 -0.285085 0.283685 -0.297452 -0.282668 -0.114316 -0.071466 -0.134838 -0.193086 0.047760 -0.031597 -0.083656 
1.256718 -0.883390 1.107474 0.165020 -0.321498 0.307227 -0.390589 -0.259519 -0.080084 -0.035476 -0.171053 -0.229115 0.093217 -0.018788 -0.073673 
1.187551 -0.866541 1.115879 0.100795 -0.271317 0.312450 -0.315515 -0.306357 -0.090062 -0.039462 -0.161662 -0.215033 0.054590 -0.039437 -0.072746 
1.190899 -0.792497 1.236127 0.074783 -0.378807 0.301849 -0.240253 -0.270048 -0.097159 -0.104509 -0.140747 -0.188457 0.060024 -0.062141 -0.100492 
1.079174 -0.739849 1.173554 0.118583 -0.273473 0.293412 -0.294171 -0.307197 -0.054937 -0.041528 -0.213169 -0.200778 0.062947 -0.048079 -0.107338 
1.110062 -0.712173 1.154944 0.110286 -0.322289 0.350195 -0.262068 -0.316116 -0.048468 -0.077908 -0.168982 -0.204844 0.070465 -0.086289 -0.090804 
1.080805 -0.691370 1.153696 0.190400 -0.218226 0.278149 -0.344544 -0.290799 0.039956 -0.062940 -0.278725 -0.182217 0.087679 -0.065644 -0.127752 
1.108065 -0.687666 1.105777 0.205149 -0.190172 0.350525 -0.345499 -0.359705 0.076851 -0.059377 -0.263665 -0.253082 0.103479 -0.105186 -0.104290 
1.055368 -0.531797 1.135401 0.235734 -0.208551 0.328407 -0.338650 -0.327129 0.089556 -0.041297 -0.324557 -0.163837 0.067396 -0.076613 -0.117230 
1.073545 -0.547586 1.138008 0.232465 -0.198432 0.260750 -0.305972 -0.276195 0.085588 -0.079879 -0.296296 -0.155960 0.120455 -0.136567 -0.099022 
1.210808 -0.584201 1.190366 0.209423 -0.230699 0.263457 -0.357789 -0.239822 0.099624 -0.057785 -0.318103 -0.101376 0.160160 -0.145089 -0.071917 
1.182491 -0.533936 1.100348 0.210851 -0.206522 0.214982 -0.322740 -0.265433 0.115427 -0.053058 -0.318002 -0.065151 0.126417 -0.105837 -0.073651 
1.174281 -0.426217 1.143441 0.238883 -0.265334 0.209151 -0.306023 -0.296626 0.133441 -0.083846 -0.312914 -0.033185 0.132413 -0.111438 -0.065489 
1.129215 -0.307812 1.062212 0.320796 -0.294271 0.170005 -0.299528 -0.259480 0.109306 -0.098470 -0.290723 -0.023110 0.151498 -0.125733 -0.046443 
1.132895 -0.198411 0.980574 0.373724 -0.233711 0.119906 -0.299070 -0.309123 0.146170 -0.111614 -0.317925 -0.019858 0.125742 -0.063819 -0.084627 
1.083125 -0.091822 0.809395 0.240554 -0.002797 0.046699 -0.305695 -0.291092 0.077608 0.010315 -0.381786 -0.079290 0.152174 -0.134201 0.010848 
0.815382 -0.123285 0.759934 0.047623 0.061611 -0.022461 -0.126620 -0.124835 -0.269951 0.047549 -0.311276 -0.083812 0.078934 -0.246490 0.058364 
0.805433 -0.253774 0.685084 0.079052 -0.028063 -0.120907 -0.055034 -0.052379 -0.303799 -0.082120 -0.175913 -0.012403 -0.004388 -0.173089 0.058039 
0.394636 -0.257200 0.823628 0.175563 0.014015 -0.204286 -0.085762 0.027216 -0.263951 -0.114047 -0.148429 -0.018708 0.049333 -0.270530 0.104178 
-0.066708 -0.143239 1.078111 0.011823 0.149519 -0.323283 0.075199 0.097460 -0.223109 -0.017710 -0.144987 0.126253 -0.064401 -0.160263 0.083881 
-0.076310 -0.115392 0.684684 -0.266383 0.176604 -0.335613 0.047388 0.212592 -0.109084 0.115089 -0.146411 0.136509 0.069754 -0.188487 0.080749 
-0.166841 -0.336139 0.675891 -0.503046 0.220635 -0.008855 0.014270 0.122709 -0.124980 0.197948 -0.169691 -0.017798 0.204765 -0.189068 0.062502 
0.057415 -0.195711 0.948667 -0.344061 0.047300 -0.345854 -0.052776 0.158589 -0.157791 0.112386 -0.121101 0.132214 0.136665 -0.240920 0.106633 
0.541591 -0.453618 1.005473 -0.312753 0.166983 -0.317791 -0.153770 0.110003 -0.331781 0.034779 -0.107131 -0.019336 0.125504 -0.139248 0.053674 
0.737413 -0.737035 1.179529 -0.135411 -0.098610 -0.231140 -0.327133 0.106923 -0.257523 -0.085039 -0.109063 0.020296 0.190526 -0.156371 0.015514 
1.177806 -1.015365 1.205910 -0.134638 -0.201439 -0.139955 -0.472963 0.135500 -0.230877 -0.145638 -0.055853 0.012411 0.195176 -0.075438 -0.028223 
1.326664 -1.048610 0.839023 -0.176224 -0.174741 -0.149668 -0.429131 0.020145 -0.175637 -0.112062 -0.015666 0.018031 0.200856 0.036189 -0.102912 
1.450344 -1.144430 0.770863 -0.218641 -0.262960 -0.162010 -0.401511 -0.002400 -0.071538 -0.047175 0.026022 0.055602 0.172754 0.115734 -0.114769 
1.558990 -1.099398 0.615509 -0.247534 -0.156014 -0.087493 -0.513677 -0.083162 -0.122488 0.133467 0.043785 -0.017910 0.163473 0.141088 0.015394 
1.446136 -1.054815 0.500287 -0.431912 -0.050369 -0.040146 -0.377523 -0.252137 -0.133560 0.172955 0.133413 0.027333 0.046403 0.160677 0.005084 
1.771457 -1.051985 0.297109 -0.478065 -0.172925 0.152717 -0.355028 -0.219300 -0.131648 0.112793 0.243031 0.018479 0.021352 0.172444 -0.153807 
1.779356 -1.015584 0.205156 -0.463072 -0.265145 0.179707 -0.261432 -0.182845 -0.164739 0.063700 0.259166 0.076959 0.064017 0.101932 -0.190913 
1.681788 -0.933870 0.118215 -0.534929 -0.245088 0.091365 -0.232045 -0.126991 -0.191354 0.083001 0.208396 0.119111 0.147522 0.111091 -0.188141 
1.561011 -0.844689 0.081213 -0.628618 -0.203720 0.031111 -0.191443 -0.074025 -0.203555 0.029077 0.158099 0.135666 0.247013 0.134602 -0.204039 
1.498041 -0.759777 0.087465 -0.689380 -0.202826 -0.016297 -0.162244 -0.008736 -0.192871 -0.015888 0.104757 0.109871 0.328722 0.132454 -0.159115 
1.549900 -0.756485 0.201398 -0.756913 -0.245778 -0.030562 -0.170813 0.094977 -0.218016 -0.015101 0.057847 0.077971 0.328412 0.131180 -0.078832 
1.582944 -0.683361 0.221540 -0.822216 -0.243175 -0.055671 -0.151182 0.136854 -0.232206 0.017002 0.007862 0.041621 0.310367 0.172103 -0.068434 
1.675365 -0.641801 0.176760 -0.825818 -0.302277 0.029849 -0.154661 0.172295 -0.270552 0.047297 0.010692 0.015835 0.331418 0.123499 -0.021790 
1.642081 -0.537163 0.194677 -0.892409 -0.360243 0.098957 -0.141823 0.173924 -0.265481 0.047905 0.045482 -0.015222 0.315704 0.142319 -0.046539 
1.600098 -0.468171 0.222163 -0.997060 -0.279205 0.082473 -0.121097 0.117450 -0.211347 0.040869 0.043765 -0.044808 0.337882 0.113109 -0.062362 
1.577904 -0.349394 0.298810 -1.038782 -0.356450 0.179616 -0.140245 0.144750 -0.265077 0.086046 0.037975 -0.021395 0.348013 0.070762 -0.042529 
1.597490 -0.322012 0.205578 -1.032332 -0.314416 0.144507 -0.123226 0.096465 -0.202781 0.047890 0.035178 -0.024770 0.339998 0.092078 -0.065953 
1.527394 -0.156594 0.146610 -0.992002 -0.345366 0.129132 -0.093835 0.072147 -0.234829 0.065952 0.034554 -0.018231 0.362977 0.108481 -0.075977 
1.458339 0.155791 0.035960 -0.933543 -0.415715 0.131754 -0.036374 0.046922 -0.249545 0.103751 0.013844 0.001496 0.384838 0.103293 -0.069058 
1.534866 0.252179 -0.105584 -0.840686 -0.440884 0.047621 0.032960 -0.001696 -0.156713 0.043375 0.053418 -0.015883 0.296607 0.186469 -0.113803 
1.558718 0.097854 -0.038014 -0.767551 -0.456567 0.100230 0.031900 -0.001613 -0.110248 -0.025943 0.053516 -0.063674 0.244914 0.196856 -0.127693 
1.363428 0.215014 -0.061902 -0.875383 -0.485083 0.063279 0.058750 -0.008326 -0.152933 0.042160 0.013874 -0.033555 0.350963 0.190300 -0.088211 
0.964196 0.434585 -0.136071 -0.452227 -0.463252 0.066401 0.011007 -0.071777 -0.101612 0.018312 -0.016566 -0.035664 0.166984 0.109363 -0.083554 
1.078780 0.463899 -0.196451 -0.629007 -0.518218 -0.004191 0.105184 -0.073077 -0.140331 -0.041918 0.057466 -0.068694 0.267200 0.255172 -0.074848 
0.716462 0.499216 -0.042224 -0.179788 -0.303993 0.025254 -0.022647 -0.085566 -0.186109 0.011999 0.025235 -0.066344 0.084931 0.083972 -0.069811 
0.659267 0.318617 -0.188357 -0.456609 -0.465749 -0.028430 -0.093677 -0.090744 -0.124564 0.091115 0.137379 0.068046 0.185190 0.112306 -0.098427 
0.376285 0.267015 -0.173800 -0.486852 -0.601080 0.037833 0.097186 -0.120587 -0.117323 0.047128 0.032024 0.094044 0.193288 0.126095 -0.011473 
