city011_042
REBUN
63
-0.066358 0.126537 0.404854 0.593799 0.035015 -0.194914 -0.052602 0.040552 0.084512 -0.135481 -0.190331 0.029995 0.158058 -0.166969 -0.089732 
0.232373 0.085876 0.328672 0.512741 -0.063912 0.018289 -0.059819 -0.007554 0.091275 -0.020942 -0.150232 0.039773 0.098122 -0.115457 -0.002451 
1.109622 -0.158008 0.544731 0.531483 -0.266685 -0.097465 -0.118882 -0.256369 0.108535 -0.107177 -0.283132 0.030701 0.163406 -0.182995 0.023236 
1.039913 -0.440824 0.805266 0.594592 -0.382841 -0.022553 -0.156877 -0.292528 0.105046 -0.116563 -0.372898 0.006629 0.210838 -0.229608 -0.020147 
1.135601 -0.458667 0.915541 0.539010 -0.320124 -0.031122 -0.216162 -0.163738 -0.003921 -0.070457 -0.409282 0.002140 0.267806 -0.330178 0.037781 
1.009079 -0.310612 0.835633 0.224080 0.043197 -0.149255 -0.281475 0.053726 -0.183191 -0.093344 -0.264555 -0.167151 0.266292 -0.278747 -0.072073 
1.080405 -0.724035 1.214983 -0.127109 -0.067298 -0.151908 -0.455407 0.113417 -0.210485 -0.042093 -0.176508 -0.019236 0.263462 -0.175805 0.044005 
1.237567 -1.044230 1.165104 -0.347005 -0.276740 -0.270389 -0.444868 0.223089 -0.210665 0.026779 0.021557 0.112002 0.305451 -0.187595 0.092375 
1.180771 -1.100352 1.022441 -0.411422 -0.264970 -0.294857 -0.398845 0.263360 -0.208888 0.035751 0.077946 0.112447 0.248036 -0.141890 0.034151 
1.219528 -1.164941 0.950899 -0.455534 -0.293694 -0.303860 -0.343618 0.232498 -0.187444 0.031712 0.143027 0.107166 0.234801 -0.147615 0.057470 
1.265488 -1.164347 0.950353 -0.393837 -0.334635 -0.298773 -0.374273 0.257773 -0.142296 0.051358 0.142390 0.112577 0.217052 -0.145944 0.054069 
1.272776 -1.223041 0.887914 -0.468331 -0.252690 -0.304989 -0.323206 0.246740 -0.113957 0.026217 0.089947 0.154310 0.191815 -0.178523 0.072497 
1.272421 -1.190722 0.886862 -0.384270 -0.280213 -0.273993 -0.336941 0.277204 -0.113612 0.005972 0.112902 0.148740 0.146313 -0.201381 0.116468 
1.336787 -1.241698 0.903641 -0.320289 -0.287718 -0.241467 -0.359296 0.234366 -0.086250 0.008181 0.106161 0.100973 0.199482 -0.207923 0.114745 
1.202581 -1.132156 0.865049 -0.299891 -0.265383 -0.265262 -0.356886 0.178085 -0.046422 -0.044304 0.078959 0.137750 0.206957 -0.184736 0.093915 
1.246825 -1.124712 0.943129 -0.361903 -0.217869 -0.320698 -0.337821 0.151831 -0.098945 -0.031756 0.013218 0.189709 0.223659 -0.177762 0.096622 
1.137333 -1.018440 0.896678 -0.250276 -0.244866 -0.322303 -0.368392 0.101575 -0.117474 -0.069642 0.028388 0.175227 0.250607 -0.166670 0.122181 
1.199798 -1.196892 0.817978 -0.358042 -0.094655 -0.233230 -0.454613 0.008027 -0.162270 -0.042663 0.022015 0.157041 0.268439 -0.114994 0.087955 
1.186440 -1.068293 0.928306 -0.333486 -0.165493 -0.199511 -0.449057 -0.023566 -0.182716 0.060876 -0.032646 0.046086 0.311838 -0.073355 0.065891 
1.373830 -1.148072 0.982693 -0.167315 -0.175114 -0.187155 -0.417732 0.042627 -0.308493 0.064411 -0.038039 -0.091380 0.324181 -0.084099 0.025760 
1.529086 -0.781274 0.784687 0.090199 -0.085621 0.078675 -0.248795 0.143390 -0.120796 -0.073928 0.004328 -0.259605 0.249805 -0.068804 -0.179192 
1.269280 -0.503904 0.759680 0.215825 -0.059556 -0.001029 -0.344402 0.044884 -0.135159 -0.093253 0.060000 -0.339129 0.175445 0.056237 -0.153119 
1.260618 -0.660316 0.668224 0.105162 -0.074577 0.071555 -0.310020 0.093558 -0.137537 -0.039897 0.115904 -0.338795 0.212459 0.027520 -0.137125 
1.497165 -0.648627 0.655361 0.101274 -0.171895 0.021224 -0.304236 0.122976 -0.111159 -0.106722 0.143095 -0.317713 0.208405 0.057035 -0.172918 
1.551851 -0.670841 0.723229 -0.003935 -0.127089 0.026969 -0.342080 0.119355 -0.074673 0.014972 0.160963 -0.301677 0.195047 0.104117 -0.135303 
1.652883 -0.815188 0.556248 -0.150964 -0.043580 0.184131 -0.303185 -0.036405 -0.250172 0.045925 0.166165 -0.266805 0.102435 0.055498 -0.065902 
1.721025 -0.774201 0.790692 -0.204071 -0.030315 0.065529 -0.258416 0.062454 -0.301531 0.000783 0.034154 -0.253916 0.162606 -0.005072 -0.082841 
1.536582 -0.561378 0.740292 -0.309757 0.073537 0.027862 -0.251399 -0.151528 -0.354777 0.053287 -0.024401 -0.108956 0.030631 -0.005085 0.043568 
1.413635 -0.444397 0.700506 -0.441807 0.090636 0.039804 -0.304101 -0.296749 -0.391275 0.224774 0.016581 -0.107010 0.107239 -0.031066 0.082563 
1.557841 -0.882473 0.710924 -0.219887 0.087850 0.098229 -0.478068 -0.107030 -0.346050 0.171032 0.071930 -0.339161 0.142439 0.065889 -0.006012 
1.620108 -0.753800 0.716218 -0.282209 0.112003 -0.005230 -0.367720 -0.156549 -0.284504 0.192420 -0.036963 -0.153104 0.048996 0.073778 0.053753 
1.700978 -0.781480 0.493387 -0.227471 0.062908 0.089116 -0.357524 -0.136310 -0.331485 0.307961 0.079681 -0.314045 0.194285 -0.017353 0.017151 
1.595221 -0.840719 0.363899 -0.152010 0.026422 0.102230 -0.298055 -0.182154 -0.332216 0.256122 0.046391 -0.267225 0.233957 -0.088223 -0.008470 
1.762749 -0.889768 0.450350 -0.072102 -0.071043 0.166932 -0.251602 -0.102413 -0.406741 0.343023 0.003758 -0.239040 0.256896 -0.193157 0.035207 
1.632885 -0.782047 0.337157 0.034946 -0.124887 0.087846 -0.056225 -0.248052 -0.328896 0.285693 -0.030502 -0.149257 0.195513 -0.175037 0.036274 
1.672493 -0.877301 0.381565 0.017439 -0.140081 0.174360 -0.011516 -0.323545 -0.338135 0.245036 -0.067363 -0.099065 0.198810 -0.247428 0.083434 
1.689299 -0.852206 0.349872 0.051087 -0.143581 0.181390 0.093795 -0.397085 -0.285394 0.180520 -0.120151 -0.052427 0.179953 -0.231883 0.062774 
1.635758 -0.918142 0.478485 0.046696 -0.213156 0.261368 0.047049 -0.302372 -0.282987 0.132562 -0.134756 -0.033304 0.177178 -0.231305 0.061238 
1.465606 -0.758044 0.424601 0.106471 -0.254726 0.223659 0.061138 -0.290791 -0.106910 0.025181 -0.067327 -0.061071 0.135971 -0.136241 0.016183 
1.385181 -0.728420 0.443682 0.227059 -0.343333 0.257896 -0.028134 -0.225962 -0.070142 0.125561 -0.046092 -0.100774 0.118569 -0.096435 0.044166 
1.241017 -0.652948 0.500919 0.277107 -0.315268 0.204590 -0.076513 -0.252057 0.011760 0.077164 -0.027654 -0.154697 0.145455 -0.089353 0.044905 
1.003525 -0.522988 0.591483 0.393954 -0.265804 0.123533 -0.113948 -0.286923 -0.001584 0.090741 -0.122406 -0.169286 0.114309 -0.021004 -0.001050 
1.071852 -0.606960 0.718818 0.403420 -0.274592 0.100055 -0.133644 -0.267904 -0.047114 0.102236 -0.170239 -0.164043 0.099386 -0.002353 -0.021921 
1.044577 -0.489734 0.655353 0.464217 -0.282732 0.086277 -0.129953 -0.334707 -0.029453 0.101545 -0.199719 -0.178525 0.087842 0.016252 -0.021044 
0.888256 -0.256868 0.520527 0.469578 -0.169307 0.061127 -0.171956 -0.275663 -0.043044 0.109807 -0.240685 -0.151539 0.075152 -0.012182 -0.014494 
0.898148 -0.270467 0.541516 0.413468 -0.183815 0.094899 -0.137272 -0.314002 -0.002420 0.067914 -0.199464 -0.156815 0.090348 -0.058152 0.024812 
0.843148 -0.202776 0.548081 0.406401 -0.197477 0.077957 -0.168588 -0.228349 -0.065379 0.079117 -0.193338 -0.140768 0.078763 -0.025545 -0.010112 
0.886577 -0.418855 0.627686 0.421092 -0.257875 0.098165 -0.132169 -0.288356 0.004693 0.026510 -0.133571 -0.193303 0.124233 -0.036842 -0.024564 
0.793359 -0.310741 0.549992 0.468186 -0.311363 0.094769 -0.087900 -0.319084 0.000901 0.049163 -0.179010 -0.122045 0.079545 -0.031294 0.002346 
0.817829 -0.384329 0.623776 0.434124 -0.307116 0.092426 -0.037397 -0.318857 -0.041786 0.061343 -0.176852 -0.106500 0.040755 -0.023571 0.003227 
0.783401 -0.278932 0.536099 0.441556 -0.218087 0.028459 -0.074976 -0.258753 -0.068313 0.066302 -0.146362 -0.181487 0.127511 -0.080642 0.028386 
0.890992 -0.332469 0.579092 0.436590 -0.210221 0.003399 -0.030607 -0.303800 -0.053507 0.067220 -0.190291 -0.117647 0.045579 -0.020301 -0.011983 
0.825068 -0.152309 0.388471 0.551639 -0.232401 0.021727 -0.075244 -0.279198 -0.091346 0.118549 -0.161366 -0.208832 0.114695 -0.025175 -0.000085 
0.719103 -0.125707 0.459446 0.473258 -0.297386 0.081707 -0.039018 -0.260624 -0.116408 0.121688 -0.202683 -0.090777 0.063986 -0.072967 0.041462 
0.563305 0.086269 0.479569 0.473352 -0.165033 -0.026402 -0.029595 -0.247665 -0.137498 0.031898 -0.221827 -0.119664 0.006218 -0.052923 -0.025727 
0.430752 0.323348 0.371431 0.469743 0.039278 -0.172507 -0.039096 -0.232020 -0.151060 -0.021829 -0.143789 -0.291587 0.046885 0.000389 -0.094848 
0.354407 0.378779 0.323738 0.503626 0.108258 0.103998 -0.028913 -0.209347 -0.037417 0.085001 -0.094980 -0.255283 -0.013950 0.046088 -0.117588 
0.075160 0.071739 0.470974 0.510989 -0.013935 0.075597 0.005290 -0.366202 -0.108874 0.128297 -0.230940 -0.227178 -0.057246 -0.035467 0.010330 
0.047530 0.033992 0.292049 0.405459 -0.069287 -0.061409 -0.048218 -0.226096 -0.062423 0.091404 -0.163181 -0.125804 0.091735 -0.048330 -0.002330 
0.014275 0.078706 0.265231 0.468660 -0.004369 0.033209 0.080667 -0.187654 0.001275 0.124009 -0.093406 -0.091455 0.038768 -0.005482 -0.014591 
0.025159 0.393692 0.118408 0.274725 0.039280 0.160017 -0.022754 -0.190740 -0.094184 0.088319 0.007222 -0.119687 -0.043334 0.034926 -0.022454 
-0.063095 0.241437 0.382147 0.319680 -0.068739 0.113719 -0.059881 -0.125902 -0.054889 0.070121 -0.130960 -0.046258 0.014933 -0.054402 0.022931 
-0.072699 0.239934 0.286748 0.351172 0.064080 0.067440 -0.062073 -0.206908 0.003627 -0.026447 -0.033904 -0.140803 -0.002074 -0.066863 0.069944 
