city011_060
BUNKYOO
83
-0.227384 0.037056 -0.309706 -0.256466 -0.182009 -0.177012 -0.087455 0.209579 0.175802 0.026826 0.049797 -0.118821 0.057465 -0.155087 0.005903 
0.209202 -1.078188 0.136071 -0.123094 -0.056701 0.093087 -0.087598 0.059448 -0.007882 0.030577 0.034785 -0.109303 0.080739 -0.071746 0.106824 
1.391913 -0.510221 0.563943 0.235315 0.223272 0.090413 -0.015876 -0.097832 -0.229596 0.077175 0.059080 -0.219635 0.029845 -0.120985 0.019610 
1.699866 -0.431145 0.687637 -0.070119 0.099755 0.208417 -0.096628 -0.048912 -0.164279 -0.017999 0.155651 -0.241785 0.109348 -0.077926 0.010162 
1.556756 -0.383869 0.722950 -0.265582 0.007214 0.163760 -0.125200 -0.092976 -0.275692 0.124607 0.054048 -0.151356 0.145858 -0.115213 0.072340 
1.551950 -0.863283 0.796448 -0.362284 0.033857 0.102394 -0.314534 -0.172808 -0.303021 0.067253 0.212106 -0.313791 0.172506 -0.007758 0.026122 
1.610455 -0.933271 0.860045 -0.299195 0.093050 0.048922 -0.227426 -0.261996 -0.295670 0.052968 0.112064 -0.319535 0.170955 -0.053868 0.035678 
1.577669 -0.905524 0.820918 -0.313146 0.030890 -0.033348 -0.153088 -0.207212 -0.161955 0.035847 0.058079 -0.227362 0.182369 -0.021934 0.016911 
1.581361 -0.924452 0.797269 -0.343165 0.019463 -0.053533 -0.076414 -0.196132 -0.180621 0.109467 0.002099 -0.184782 0.198309 -0.056699 0.019244 
1.525323 -0.909627 0.752036 -0.257255 -0.019518 -0.038849 0.001037 -0.276167 -0.190017 0.154398 -0.037402 -0.146858 0.169871 -0.067211 0.013475 
1.553311 -0.985767 0.788788 -0.292704 0.014879 -0.005498 0.039594 -0.312890 -0.225736 0.181910 -0.044413 -0.164584 0.206178 -0.132108 0.027895 
1.499067 -0.931598 0.766814 -0.260251 0.007405 0.001545 0.064144 -0.330302 -0.226751 0.201290 -0.041400 -0.192476 0.239932 -0.172267 0.040557 
1.402284 -0.894911 0.784727 -0.248288 -0.009666 0.001900 0.043785 -0.284652 -0.201052 0.098595 -0.028681 -0.192860 0.243042 -0.167728 0.036595 
1.407313 -0.916488 0.829852 -0.206975 -0.061391 0.054163 -0.026398 -0.156739 -0.266622 0.163697 -0.038162 -0.183743 0.218434 -0.139286 0.016747 
1.390037 -0.960931 0.907011 -0.258775 -0.052894 0.090413 -0.019466 -0.213148 -0.243196 0.140039 -0.012267 -0.192120 0.221934 -0.167703 0.053893 
1.300302 -0.885953 0.897588 -0.151350 -0.107649 0.174316 -0.133043 -0.250191 -0.196252 0.176843 -0.032167 -0.201356 0.178087 -0.120572 0.060659 
1.418320 -0.980556 1.059800 -0.107154 -0.099699 0.189582 -0.223839 -0.302990 -0.111787 0.150022 -0.055019 -0.258592 0.172993 -0.067433 0.051148 
1.375178 -1.087691 1.151015 0.031655 -0.211652 0.244722 -0.344884 -0.256347 -0.060806 0.037371 -0.058733 -0.330980 0.233654 -0.073759 0.013163 
1.333593 -1.054244 1.164608 0.067798 -0.271489 0.268454 -0.359784 -0.242450 -0.074951 0.036495 -0.069501 -0.325212 0.242752 -0.080118 0.016925 
1.238078 -1.028311 1.204678 0.037910 -0.219354 0.197134 -0.268489 -0.313659 -0.052769 0.002739 -0.088466 -0.318479 0.231785 -0.104295 0.020060 
1.249244 -1.034960 1.259089 0.045560 -0.310695 0.252614 -0.276863 -0.295693 -0.096756 -0.026217 -0.062948 -0.331388 0.235694 -0.120790 0.019393 
1.235598 -0.951093 1.246805 0.046650 -0.372729 0.283445 -0.268128 -0.266685 -0.145140 -0.025559 -0.040562 -0.328478 0.226152 -0.112546 0.007726 
1.299956 -0.920729 1.288623 0.041657 -0.442530 0.322211 -0.298938 -0.202564 -0.210085 0.017533 -0.041588 -0.329151 0.250499 -0.119904 0.020685 
1.193150 -0.780593 1.264076 0.044682 -0.469825 0.286877 -0.237704 -0.233707 -0.200141 0.012345 -0.057241 -0.302317 0.236611 -0.106529 -0.002527 
1.244394 -0.812892 1.325097 0.013547 -0.414184 0.225185 -0.212630 -0.237119 -0.201134 0.015908 -0.056310 -0.312593 0.250533 -0.118353 0.015044 
1.227306 -0.768584 1.314801 0.000596 -0.424570 0.211841 -0.195044 -0.257522 -0.210289 0.016722 -0.061560 -0.309534 0.246437 -0.113146 0.018922 
1.239066 -0.737595 1.213245 0.040578 -0.427815 0.212088 -0.174302 -0.271968 -0.211133 -0.017177 -0.027176 -0.342110 0.238239 -0.097019 -0.020060 
1.325392 -0.703515 1.162211 0.113913 -0.486293 0.259626 -0.231335 -0.216604 -0.241806 -0.022806 -0.020401 -0.354180 0.235374 -0.092725 -0.035391 
1.244562 -0.578156 1.031270 0.193747 -0.466801 0.235815 -0.215088 -0.236557 -0.242225 -0.011296 -0.052858 -0.338685 0.209633 -0.085624 -0.041261 
1.239965 -0.463943 1.051498 0.316717 -0.456113 0.211608 -0.193248 -0.259049 -0.181005 -0.042161 -0.084153 -0.365703 0.253772 -0.159818 -0.027515 
1.134642 -0.236078 0.769357 0.414764 -0.209372 0.098963 -0.136714 -0.408536 -0.055040 0.043486 -0.178628 -0.355334 0.219299 -0.110850 -0.021933 
1.101975 0.006167 0.475094 0.437367 -0.175906 0.185422 -0.305360 -0.382817 -0.049384 0.027766 -0.099859 -0.378114 0.199096 -0.094505 0.042980 
0.703551 -0.096055 0.333745 0.533627 0.048622 0.023429 -0.157548 -0.310395 -0.123793 0.065589 -0.171441 -0.374158 0.076464 -0.090011 0.023690 
0.096591 0.222604 0.576918 0.470078 0.020797 0.106356 0.025280 -0.203548 -0.063807 0.065865 -0.118936 -0.311191 0.137977 -0.129785 -0.076059 
-0.133298 -0.010796 0.493503 0.498933 -0.029154 0.013811 0.029043 -0.114700 -0.006145 0.056557 -0.057867 -0.217509 0.201996 -0.134276 0.019817 
-0.268596 -0.222172 0.210797 0.168731 -0.250757 -0.013764 0.017945 -0.059798 -0.114881 0.149148 -0.011262 -0.155546 0.221853 -0.154010 0.070035 
-0.359066 -0.268409 0.156634 0.173846 -0.226054 -0.041114 0.154216 -0.144534 -0.026786 0.088744 -0.011426 -0.094930 0.160604 -0.146691 0.093462 
-0.316287 -0.180796 0.192195 0.103041 -0.163212 0.069700 0.061267 -0.134951 0.031112 0.046634 0.016324 -0.155497 0.232902 -0.183697 0.075449 
-0.191188 0.009069 0.234933 0.197014 -0.078762 -0.020597 -0.170243 -0.126290 -0.027069 -0.017982 0.018344 -0.158804 0.181077 -0.139256 0.110249 
0.008901 -0.749326 0.430502 -0.452450 -0.015871 0.110971 -0.266640 0.171976 -0.039673 -0.014117 0.163730 -0.192173 0.154742 -0.131293 0.114436 
-0.282355 -0.468709 0.406833 -0.386883 0.180381 0.030602 -0.301131 0.078247 -0.057656 0.014403 0.116868 -0.094980 0.046224 -0.077249 0.165405 
-0.043820 -0.553591 0.645138 -0.566968 0.046018 0.023588 -0.088553 0.081320 0.007990 -0.053537 0.103741 -0.103893 0.072740 -0.060420 0.079232 
0.498226 -1.032176 0.911118 -0.670147 0.165674 -0.026811 -0.435724 0.054686 -0.090032 0.038926 0.183447 -0.140118 0.117839 -0.022406 0.092499 
0.279345 -0.647976 0.790942 -0.454661 0.033036 0.168079 -0.158783 0.005175 0.004460 -0.126159 0.132332 -0.035378 -0.003419 -0.055764 0.104624 
0.998517 -0.912365 1.409478 -0.033028 -0.409728 0.022245 -0.201915 0.005263 -0.226130 -0.132188 0.171353 -0.229666 0.150293 -0.066680 0.067623 
1.155627 -0.964583 1.193190 -0.214202 -0.209397 -0.138080 -0.080216 -0.141702 -0.282473 -0.072532 0.082586 -0.135679 0.035197 0.057760 0.033709 
1.349827 -1.107593 1.024147 -0.378936 -0.168446 -0.120562 -0.194057 -0.140694 -0.199243 -0.040522 0.158169 -0.106551 0.111030 0.084868 0.024808 
1.292609 -0.910100 0.906754 -0.582507 -0.080605 -0.165887 -0.270094 -0.179140 -0.183028 0.020748 0.098077 -0.027503 0.207481 0.069891 -0.003484 
1.321538 -1.037974 0.549095 -0.504801 0.160237 -0.225828 -0.281108 -0.287016 -0.240780 0.016855 0.234151 0.098661 0.087023 -0.051558 0.135439 
1.376841 -1.127401 0.583202 -0.557886 -0.003414 -0.157655 -0.169180 -0.216403 -0.309947 -0.054130 0.284345 0.070764 0.224194 -0.038715 -0.023132 
1.547374 -1.104113 0.544347 -0.584543 -0.078142 -0.171910 -0.101163 -0.018431 -0.342106 -0.167130 0.118437 0.113535 0.348929 -0.020689 -0.031024 
1.699150 -1.051393 0.419803 -0.672417 0.049722 -0.127637 -0.152010 0.100512 -0.215543 -0.209373 0.083001 0.106295 0.294168 -0.050501 0.010906 
1.702123 -0.927425 0.384976 -0.697177 0.093902 -0.214045 -0.122243 0.049947 -0.146286 -0.135694 -0.005258 0.028707 0.329216 -0.004662 -0.006250 
1.727196 -0.878002 0.397752 -0.729738 0.049951 -0.202103 -0.123481 0.107317 -0.110275 -0.143850 -0.038666 -0.031765 0.339155 0.000566 0.025167 
1.751499 -0.838799 0.366672 -0.708238 -0.000566 -0.181805 -0.114175 0.139342 -0.097644 -0.099378 -0.089653 0.006463 0.290707 -0.008542 0.014103 
1.727450 -0.827069 0.365154 -0.762070 0.022031 -0.189351 -0.076528 0.098408 -0.051207 -0.112180 -0.078867 -0.048081 0.317159 0.004987 0.007016 
1.764385 -0.868105 0.420391 -0.766505 -0.021469 -0.197732 -0.088678 0.117044 -0.057260 -0.068372 -0.109382 -0.044414 0.320966 -0.020827 0.030293 
1.730372 -0.843262 0.406563 -0.779687 -0.026368 -0.202134 -0.070437 0.089022 -0.021596 -0.091446 -0.107257 -0.048569 0.309881 0.011207 0.014724 
1.729180 -0.798085 0.366138 -0.724295 -0.079162 -0.165814 -0.073579 0.106159 -0.022162 -0.065986 -0.106897 -0.042551 0.288488 -0.027088 0.028576 
1.721022 -0.801438 0.382558 -0.765295 -0.059544 -0.215685 -0.054242 0.123281 -0.037154 -0.040988 -0.137276 -0.026761 0.234631 0.048136 -0.016921 
1.720600 -0.809102 0.380386 -0.765975 -0.058959 -0.208649 -0.044564 0.129489 -0.035580 -0.060629 -0.099542 -0.059231 0.264879 0.001213 0.031984 
1.688685 -0.732679 0.337830 -0.766677 -0.054814 -0.206996 -0.068795 0.127282 -0.000333 -0.066051 -0.117483 -0.031345 0.211822 0.037491 0.013453 
1.727319 -0.738000 0.343050 -0.798731 -0.038133 -0.234408 -0.069854 0.136869 0.000562 -0.071842 -0.070300 -0.067802 0.205898 0.043282 0.038155 
1.708464 -0.730302 0.354416 -0.833827 -0.049823 -0.216286 -0.057296 0.098687 0.027582 -0.079468 -0.063504 -0.050951 0.202465 0.042167 0.041059 
1.730223 -0.726242 0.357318 -0.812919 -0.044679 -0.216692 -0.108233 0.123984 0.019569 -0.068566 -0.065695 -0.031167 0.181871 0.036596 0.054934 
1.730248 -0.751196 0.426356 -0.883631 -0.048727 -0.204206 -0.128531 0.080396 0.070154 -0.083127 -0.076512 -0.020991 0.196998 0.035030 0.079296 
1.721970 -0.718367 0.402448 -0.902888 -0.025578 -0.185094 -0.131181 0.087388 0.064362 -0.107257 -0.057470 -0.037494 0.196681 0.047584 0.068695 
1.706826 -0.722622 0.406017 -0.878699 -0.049643 -0.213718 -0.103978 0.082904 0.089488 -0.142613 -0.045203 -0.035262 0.188781 0.057921 0.051465 
1.642956 -0.639770 0.379999 -0.873416 -0.075614 -0.130536 -0.169879 0.088411 0.063772 -0.090392 -0.050824 0.016588 0.154707 0.036887 0.056345 
1.616494 -0.645477 0.417451 -0.956514 -0.048173 -0.125778 -0.154007 0.031620 0.083048 -0.086564 -0.056998 -0.002666 0.208584 0.022272 0.077089 
1.629637 -0.657651 0.397622 -0.947017 -0.076698 -0.107763 -0.139949 0.000211 0.094253 -0.105208 -0.078351 0.012016 0.225603 0.045303 0.079162 
1.644797 -0.536528 0.403246 -0.928632 -0.151625 -0.054292 -0.146003 -0.022200 0.070995 -0.101538 -0.029286 -0.025777 0.223442 0.033343 0.077592 
1.649486 -0.486554 0.375700 -0.860865 -0.229692 -0.022621 -0.153559 0.002890 0.050559 -0.117911 -0.018095 -0.015625 0.193114 0.055673 0.067567 
1.679645 -0.414594 0.457332 -0.959882 -0.245702 0.018704 -0.172316 0.011111 0.034223 -0.136835 0.040024 -0.058159 0.194529 0.066503 0.061789 
1.661307 -0.228090 0.574974 -1.022107 -0.428921 0.189269 -0.256126 0.079720 -0.004331 -0.135868 0.121454 -0.135016 0.241290 0.055042 0.035263 
1.693991 -0.103186 0.607964 -1.148388 -0.522942 0.356057 -0.334964 0.133068 -0.022866 -0.177004 0.146762 -0.195480 0.378399 0.060451 0.038203 
1.642165 0.170419 0.437577 -1.084085 -0.583512 0.316736 -0.298143 0.159082 -0.090531 -0.147009 0.103831 -0.180485 0.400822 0.136135 0.055034 
1.569590 0.187016 0.420875 -0.967476 -0.582030 0.232781 -0.280155 -0.010702 -0.017041 -0.197777 0.134622 -0.208454 0.451732 0.036155 0.128541 
1.165477 0.352790 0.275163 -0.989166 -0.577121 0.232387 -0.228406 0.059977 -0.117883 -0.144019 0.045869 -0.151307 0.431504 0.153685 0.089102 
1.087272 0.527827 0.053761 -0.828355 -0.564880 0.137255 -0.178716 0.030828 -0.133441 -0.100418 0.036770 -0.119964 0.410143 0.113619 0.134905 
0.691844 0.351067 -0.151033 -0.544923 -0.528261 -0.021539 -0.066375 -0.028480 -0.090565 -0.166577 0.120274 0.006813 0.303340 0.095035 0.167249 
0.303876 0.281789 -0.078213 -0.484426 -0.203716 0.027716 -0.161826 -0.058674 -0.064027 0.012027 0.212605 -0.077094 0.179164 -0.031945 -0.026757 
-0.076206 -0.131403 -0.056845 -0.235551 -0.159483 -0.044240 0.042112 0.239245 0.052421 -0.071616 0.061227 -0.205349 0.128944 -0.112795 0.054887 
