city011_028
FUCHUU
72
-0.417699 -0.149870 -0.245008 -0.013684 -0.206912 0.084418 -0.053213 -0.069927 -0.041181 0.060268 0.126760 -0.069783 0.003856 -0.019001 -0.000110 
-0.332834 -0.039322 -0.005282 0.037100 0.048053 0.172165 -0.063426 -0.073003 -0.040365 0.090828 -0.007959 -0.032526 0.026656 -0.023960 -0.033119 
-0.046859 0.340165 0.169808 0.219378 0.062500 0.251072 0.039177 -0.084396 -0.074085 0.049282 0.086752 -0.094863 0.020208 0.012154 -0.085393 
0.052976 0.280760 0.098726 0.032838 -0.060944 0.169835 0.023153 -0.138715 -0.149507 -0.016080 0.057143 -0.070114 0.036677 -0.047996 -0.003320 
0.611860 0.516667 0.300535 0.233172 -0.098339 -0.191866 -0.102559 0.087505 -0.176117 -0.105512 0.013213 -0.004573 -0.036235 -0.015509 -0.012114 
0.731675 0.036375 0.157124 0.490258 0.333570 0.179598 -0.130498 -0.182400 0.002857 -0.115776 0.057829 -0.169862 -0.158681 -0.078472 -0.043677 
1.076334 -0.277060 0.236331 0.331114 0.062788 0.080851 -0.171126 -0.107404 -0.001056 -0.010823 -0.032706 -0.037809 -0.050461 -0.006782 0.008035 
1.427173 -0.192575 0.454822 0.261658 -0.034127 -0.070083 -0.217958 -0.061439 0.005393 -0.005455 -0.009640 -0.049000 0.039563 0.038260 0.021596 
1.798302 -0.270058 0.677820 0.340138 0.011830 -0.076235 -0.214116 -0.124398 -0.134369 -0.050247 0.015546 -0.097486 -0.054324 0.058505 0.074565 
1.807710 -0.439493 0.622977 0.295640 -0.017104 -0.105866 -0.351379 -0.239009 -0.047299 0.047173 -0.089171 -0.113349 0.030126 0.144179 0.075712 
1.723300 -0.251332 0.543345 0.304521 0.072988 0.044535 -0.206432 -0.115260 -0.100009 -0.002755 -0.022312 -0.102212 -0.088560 0.039684 0.040839 
1.713382 -0.214925 0.466913 0.255241 0.060067 -0.021924 -0.332167 -0.142249 -0.078753 0.020746 0.082618 -0.065028 -0.038084 0.087327 0.115929 
1.336948 -0.345644 0.522528 0.440065 0.003160 0.098839 -0.130884 -0.098510 -0.046438 0.017198 0.005558 -0.177699 -0.035780 0.077839 -0.062761 
1.286787 -0.939714 0.929017 0.018224 -0.124772 -0.030456 -0.280461 -0.084832 -0.325481 0.019287 -0.074219 -0.142431 0.054239 0.022046 -0.015319 
1.301959 -1.050213 1.135889 -0.051735 -0.076185 -0.139565 -0.184194 -0.040422 -0.349691 -0.060061 -0.070361 -0.119928 0.059757 -0.070512 0.020505 
1.081649 -0.981728 1.196794 0.027561 -0.111441 -0.199093 -0.168283 -0.020856 -0.403550 -0.072096 -0.075060 -0.146612 0.072056 -0.108203 0.015319 
1.049281 -0.925054 1.310142 0.060299 -0.158166 -0.162454 -0.164347 0.039962 -0.421246 -0.088848 -0.098935 -0.134895 0.051927 -0.162290 0.014117 
0.819350 -0.273379 1.065465 0.235843 -0.211888 -0.215427 -0.084340 0.067610 -0.251148 -0.054363 -0.059339 -0.048049 0.153532 -0.190353 0.008044 
0.378800 0.195875 0.586312 0.573974 0.039183 0.174266 0.255019 -0.125762 -0.005471 0.033294 0.024756 -0.189005 0.064514 -0.068162 -0.146639 
0.039199 0.047925 0.630238 0.421662 -0.024201 0.049956 0.032350 -0.123875 -0.072340 -0.057005 0.004153 -0.215778 0.010317 -0.016836 -0.108614 
-0.105408 -0.073347 0.265075 0.240481 -0.175357 -0.029406 0.119990 -0.074846 -0.016979 -0.005747 0.034515 -0.094049 0.121283 -0.074377 -0.056656 
-0.260257 -0.245039 0.066958 0.250335 -0.061870 0.007230 0.250232 0.092085 -0.020063 -0.059815 -0.002065 0.052952 0.066371 -0.039906 -0.056414 
-0.455196 -0.428599 0.119771 0.274851 -0.211194 -0.107432 0.212289 0.186408 -0.156819 -0.010078 0.017434 0.012461 -0.021994 0.056479 -0.102871 
-0.430733 -0.126812 0.259602 0.230958 -0.245326 -0.284513 -0.016161 0.100239 -0.099071 -0.016384 0.051059 0.008555 0.034347 -0.000529 -0.041639 
-0.364653 -0.116771 0.003810 0.193053 -0.085346 -0.024326 0.082739 -0.037917 -0.088507 0.047273 0.075515 -0.064435 -0.052105 0.088848 -0.009365 
-0.258613 -0.618690 0.209893 -0.306526 0.106608 -0.018539 -0.169452 0.029764 -0.080430 0.264145 -0.064748 -0.105282 0.009795 0.100441 -0.057129 
-0.377811 -0.861396 0.126782 -0.581879 0.250078 -0.086280 -0.014912 0.132004 -0.112613 0.162282 -0.041582 -0.037354 -0.053739 -0.012858 0.101025 
-0.267093 -0.726674 0.145897 -0.709729 0.194659 -0.165371 0.006730 0.107411 -0.015322 0.196518 -0.065445 0.002286 -0.088788 -0.081493 0.113160 
-0.830239 -0.572134 0.494618 -0.504508 0.149112 -0.081538 0.190549 0.091749 -0.202754 0.064213 -0.054923 0.079238 -0.025974 -0.081282 0.152259 
-0.356446 -0.525868 0.421276 -0.614707 0.033868 -0.193780 0.118271 0.004988 -0.023788 0.097585 -0.040492 0.085438 -0.076338 -0.061406 0.094209 
-0.692886 -0.514640 0.664716 -0.703594 0.158086 -0.140060 0.153964 0.009898 -0.059775 0.139077 -0.155947 0.034869 0.101887 -0.174811 0.117048 
-0.055335 -0.576121 0.859378 -0.475190 0.137517 -0.181508 0.187779 0.095764 -0.194246 0.084045 -0.047188 0.069013 -0.010780 -0.128381 0.157071 
0.026636 -0.479938 1.015685 -0.518489 0.211109 -0.032529 0.186691 0.050389 -0.182048 0.123106 -0.039634 0.015896 0.033806 -0.087034 0.103045 
0.113525 -0.703183 0.985263 -0.565634 0.040185 -0.085157 0.224004 0.120531 -0.130694 0.058895 -0.038078 0.027673 -0.002827 -0.099708 0.110193 
0.274609 -0.381186 1.154997 -0.415584 0.023922 -0.109989 0.025484 0.158868 -0.206912 0.039361 0.019420 -0.012506 0.056016 -0.174528 0.129610 
0.728192 -0.805221 1.331133 -0.092152 -0.188849 -0.028575 -0.258242 0.027193 -0.293493 -0.155991 0.014989 -0.125125 0.034184 -0.081577 0.028723 
1.067671 -1.125255 1.535493 -0.096509 -0.223651 0.087652 -0.289631 0.117910 -0.392795 -0.086001 -0.033898 -0.135641 0.023562 -0.149667 0.062241 
0.960458 -1.019822 1.435255 0.004161 -0.333868 0.094421 -0.262555 0.025510 -0.294108 -0.177530 0.046925 -0.160875 0.005387 -0.056381 -0.003183 
1.040509 -1.138118 1.477730 -0.037026 -0.357002 0.071930 -0.286478 0.022827 -0.290208 -0.162679 0.033038 -0.129548 0.030498 -0.058013 0.015496 
1.012347 -1.105261 1.397784 -0.067509 -0.317163 -0.001396 -0.229376 -0.040132 -0.261847 -0.158861 0.045894 -0.122763 0.033408 -0.022217 0.005461 
0.980678 -1.090426 1.333958 -0.023193 -0.322531 -0.033770 -0.194021 -0.076610 -0.276817 -0.155198 0.051480 -0.132484 0.014109 0.017566 -0.026158 
0.958510 -1.088213 1.307648 -0.070794 -0.245550 -0.098707 -0.191858 -0.047206 -0.341161 -0.090594 0.023438 -0.122087 0.017117 0.028347 -0.021637 
0.944626 -1.102620 1.299160 -0.063883 -0.191281 -0.177738 -0.152552 -0.051440 -0.344321 -0.077548 0.023652 -0.131733 0.026467 0.036786 -0.023634 
0.872965 -1.063272 1.262742 -0.009607 -0.196350 -0.194902 -0.145910 -0.044685 -0.345992 -0.083026 0.026705 -0.128395 0.005552 0.055287 -0.032762 
0.911599 -1.100810 1.273688 0.021845 -0.176192 -0.256616 -0.114193 0.001517 -0.360093 -0.119002 0.047861 -0.111412 -0.011063 0.036827 -0.043614 
0.976915 -1.089966 1.241195 0.126825 -0.291384 -0.200564 -0.180652 0.056315 -0.362745 -0.148974 0.102135 -0.168675 0.055594 0.024245 -0.053333 
1.170979 -1.158724 1.238362 0.143437 -0.341567 -0.188010 -0.253203 0.144719 -0.438553 -0.152527 0.112012 -0.148480 0.049373 0.023337 -0.031574 
1.224289 -1.100547 1.180478 0.186954 -0.375813 -0.199145 -0.312077 0.170267 -0.413381 -0.210084 0.148998 -0.159555 0.095428 0.026886 -0.042077 
1.228362 -0.968422 1.065521 0.207671 -0.323076 -0.276438 -0.298812 0.137592 -0.372311 -0.241779 0.128772 -0.141520 0.106047 0.053140 -0.074491 
1.222641 -1.014169 1.069880 0.230267 -0.340366 -0.222233 -0.419050 0.204293 -0.389888 -0.227427 0.103727 -0.140826 0.148562 0.041355 -0.072336 
1.212349 -1.012432 1.055544 0.187465 -0.268249 -0.238619 -0.427587 0.158968 -0.340706 -0.239252 0.070694 -0.151424 0.166966 0.053710 -0.105917 
1.207111 -1.069219 0.992145 0.209695 -0.229157 -0.239453 -0.461357 0.163081 -0.316268 -0.285733 0.105836 -0.184516 0.156720 0.104197 -0.141296 
1.210992 -1.053489 0.950592 0.222433 -0.186030 -0.253982 -0.478401 0.156323 -0.271104 -0.295119 0.080733 -0.170715 0.147259 0.126824 -0.166415 
1.207489 -0.992538 0.903111 0.207259 -0.121689 -0.265198 -0.500743 0.160480 -0.245631 -0.289136 0.082245 -0.218340 0.187266 0.114569 -0.168578 
1.254674 -1.038343 0.856614 0.197997 -0.124288 -0.216670 -0.527694 0.137387 -0.256141 -0.223136 0.050390 -0.239505 0.207277 0.136033 -0.186980 
1.243997 -0.992654 0.830601 0.180329 -0.089003 -0.224503 -0.520033 0.132770 -0.269167 -0.162275 0.035555 -0.262289 0.212190 0.151312 -0.186961 
1.258199 -0.902376 0.712100 0.163350 -0.051848 -0.188731 -0.492685 0.061696 -0.212608 -0.173657 0.080973 -0.306203 0.186394 0.187330 -0.196015 
1.335958 -0.909732 0.709935 0.167443 -0.090152 -0.124938 -0.541867 0.056415 -0.178145 -0.170393 0.080837 -0.296796 0.172522 0.190627 -0.158777 
1.379906 -0.785016 0.685570 0.146270 -0.043031 -0.218737 -0.472434 0.038614 -0.205938 -0.118714 0.068747 -0.288788 0.148405 0.232853 -0.162860 
1.303363 -0.738202 0.633093 0.151944 -0.078172 -0.163427 -0.487069 0.032186 -0.212587 -0.138171 0.107042 -0.297110 0.157354 0.186821 -0.121253 
1.430851 -0.421089 0.326370 0.285808 -0.079100 -0.215073 -0.335251 -0.114801 -0.176875 -0.052644 0.099808 -0.274672 0.085780 0.242335 -0.108494 
1.207220 -0.699271 0.537986 0.185323 -0.103829 -0.126099 -0.465163 -0.045121 -0.223322 -0.064647 0.086857 -0.298996 0.159299 0.171986 -0.075364 
0.987557 -0.197333 0.416768 0.217014 -0.068430 -0.242566 -0.418576 -0.128464 -0.186032 0.003609 0.083002 -0.310744 0.155225 0.318955 -0.132716 
1.192240 -0.506761 0.454715 0.258138 -0.076168 -0.162089 -0.338632 -0.050758 -0.160380 -0.068940 0.106197 -0.248323 0.051068 0.207712 -0.088970 
0.738319 -0.074105 0.179228 0.306926 -0.129904 -0.286866 -0.390206 -0.166954 -0.223808 0.024787 0.081251 -0.257987 0.119664 0.347852 -0.093432 
0.774906 0.079891 0.186266 0.351749 -0.051289 -0.213051 -0.262285 -0.139354 -0.117595 -0.090464 0.053744 -0.227786 0.040327 0.219384 -0.144484 
0.863119 -0.200725 0.075650 0.322233 -0.100799 -0.321207 -0.227228 -0.193925 -0.223943 -0.077068 0.141487 -0.231390 0.065787 0.253704 -0.064340 
0.199447 -0.064431 0.258805 0.125781 -0.164867 -0.211339 -0.205817 -0.331346 -0.178724 0.001181 0.060763 -0.160110 0.129705 0.159983 -0.055960 
0.346659 0.278968 0.337825 0.375954 -0.221983 -0.225991 -0.007571 -0.045225 -0.122262 -0.054325 -0.012806 -0.017353 0.029183 -0.011825 -0.027555 
0.662199 0.367761 0.146503 0.292256 0.129386 0.055506 -0.123594 -0.108571 -0.012542 -0.039183 -0.091752 -0.127732 0.065746 -0.086392 -0.050928 
0.202343 -0.063451 0.229137 0.284278 0.026604 0.053530 -0.066642 -0.085882 -0.086625 0.096960 0.002806 -0.154957 0.049337 0.032957 -0.066942 
-0.094765 -0.041879 0.137299 0.312500 0.158977 -0.024017 -0.081837 -0.104460 0.001096 0.045088 0.017525 -0.122970 -0.002885 0.035911 -0.010140 
