city011_012
SHINAGAWA
88
-0.528715 -0.263448 0.299424 -0.317119 0.109790 -0.126108 0.106049 0.116834 -0.093761 -0.012445 -0.008027 0.044358 -0.026707 -0.043143 0.065769 
-0.439930 -0.229695 0.279716 -0.420346 0.133263 -0.205447 0.016014 -0.011422 -0.056696 0.137466 -0.076907 0.031921 0.065136 -0.132656 0.112814 
-0.241959 -0.370148 0.009293 -0.680345 0.014826 -0.119199 0.064344 -0.031412 -0.053615 0.222482 0.098091 -0.048151 -0.008427 -0.118724 0.006262 
-0.510396 -0.495463 0.045217 -0.645174 0.077281 -0.071793 0.188646 0.028693 -0.055745 0.092218 -0.013102 -0.048788 -0.039593 0.003407 0.027769 
-0.259146 -0.515049 0.151253 -0.713892 0.055679 -0.008423 0.109981 -0.055969 -0.091970 0.100141 0.081401 0.076947 -0.167869 0.054381 0.029157 
-0.390415 -0.618059 0.319140 -0.406548 0.200540 -0.125788 0.135069 -0.015648 -0.203991 0.067588 0.086434 0.037254 -0.090469 -0.023570 0.068124 
-0.432116 -0.532503 0.247218 -0.632541 0.132422 -0.103948 0.035935 -0.067713 -0.017212 0.219991 -0.047959 -0.017841 -0.032259 0.004561 -0.009378 
-0.392753 -0.492243 0.458982 -0.752542 -0.080850 -0.087658 0.055365 -0.046169 0.024498 0.218630 -0.059752 -0.000311 0.058554 -0.153749 0.060884 
-0.305137 -0.601456 0.404758 -0.723462 0.123746 -0.139753 0.031854 0.065377 0.042223 0.057161 -0.079938 0.086939 -0.057750 -0.086712 0.117279 
-0.176789 -0.616322 0.299415 -0.900836 -0.011983 -0.080908 0.146632 0.091413 -0.044765 0.144907 -0.004280 -0.033685 -0.027809 -0.112784 0.081277 
-0.359345 -0.793650 0.404622 -0.758139 -0.114329 -0.175011 0.191518 0.099772 0.107833 0.131712 -0.111198 0.017917 -0.121110 -0.142906 0.122390 
-0.463804 -0.849828 0.385749 -0.605682 0.106246 -0.232894 0.156781 0.049828 0.010937 0.109716 -0.107931 0.031482 0.017904 -0.151410 0.130776 
-0.259632 -0.689842 0.686253 -0.562926 0.201462 -0.114040 -0.182602 -0.208560 0.035316 0.152760 -0.025279 0.032631 -0.015677 -0.038363 0.195617 
-0.275927 -0.549979 0.724361 -0.677755 0.052999 -0.094049 -0.057513 -0.028838 -0.092472 0.183764 -0.063418 0.042004 0.046653 -0.101501 0.116414 
0.074577 -0.428876 0.477991 -0.856986 -0.031325 -0.158796 -0.086302 -0.035020 -0.039653 0.160616 0.054561 0.165048 -0.013967 -0.096088 0.130958 
0.095344 -0.342696 0.694460 -0.430208 0.273017 0.001807 -0.208734 -0.055512 -0.190659 0.070588 -0.079254 0.085697 -0.063993 -0.118619 0.202824 
0.843018 -0.145246 0.850365 -0.203213 -0.155169 -0.031704 0.010947 -0.088549 -0.210505 -0.173042 -0.102987 0.052638 -0.150988 -0.101135 0.224390 
0.897468 -0.538703 1.133367 -0.102558 -0.093240 0.161974 -0.248039 -0.052318 -0.266853 -0.184776 -0.094435 -0.032713 -0.166286 -0.129763 0.170667 
1.132994 -0.527624 1.023991 -0.020742 -0.122622 0.168162 -0.239342 -0.080591 -0.244230 -0.092729 -0.159252 -0.001653 -0.137236 -0.113146 0.151910 
1.324812 -0.350056 0.822000 0.104993 -0.091987 0.132158 -0.178912 -0.173875 -0.189598 0.013865 -0.188288 -0.096981 -0.007611 -0.123957 0.084913 
1.269281 -0.326469 0.825709 0.344000 -0.174128 0.135260 -0.230267 -0.304281 0.044952 0.025694 -0.310935 -0.119752 0.147863 -0.136693 -0.008036 
1.321422 -0.506016 0.975944 0.348239 -0.234361 0.201928 -0.284151 -0.300635 0.095918 -0.049356 -0.281716 -0.152029 0.144012 -0.091534 -0.093907 
1.281446 -0.490946 0.928312 0.397989 -0.275987 0.254300 -0.290638 -0.357847 0.119624 -0.009087 -0.284181 -0.174866 0.137097 -0.049224 -0.097388 
1.297905 -0.554074 0.963585 0.392345 -0.300806 0.226937 -0.196134 -0.407424 0.124395 -0.016698 -0.274028 -0.192078 0.158867 -0.080239 -0.121603 
1.295595 -0.644757 0.794241 0.251477 -0.163611 0.009810 -0.061741 -0.320927 -0.074856 0.130699 -0.330180 -0.100250 0.171913 -0.163090 -0.008926 
1.387108 -1.017220 0.880761 -0.091828 -0.066639 -0.127495 -0.255652 0.097583 -0.147269 0.145109 -0.198063 0.007711 0.218938 -0.175625 0.077299 
1.444121 -1.239516 0.785886 -0.368190 -0.118161 -0.073350 -0.312754 0.261566 -0.000966 0.108458 -0.163459 0.085023 0.146049 -0.211892 0.100868 
1.343693 -1.273864 0.609831 -0.360742 -0.146013 -0.134149 -0.173269 0.291530 0.104282 0.053829 -0.183275 0.048452 0.147926 -0.233262 0.028513 
1.235934 -1.258132 0.389344 -0.354505 -0.048732 -0.223731 0.017229 0.238599 0.160013 0.098032 -0.206275 -0.139856 0.140868 -0.050329 -0.153778 
1.108659 -1.199691 0.297937 -0.472323 0.022633 -0.151439 -0.017086 0.219146 0.208821 0.103373 -0.219678 -0.233596 0.137888 0.043592 -0.200880 
1.153036 -1.261725 0.254074 -0.574267 0.053955 -0.108488 -0.022611 0.157277 0.252817 0.083196 -0.187932 -0.260347 0.112368 0.075769 -0.177463 
1.136324 -1.285175 0.187468 -0.598941 0.077321 -0.071942 -0.015280 0.113135 0.241337 0.140357 -0.187199 -0.274286 0.047100 0.121777 -0.130311 
1.171363 -1.237573 0.170217 -0.612579 0.086285 -0.051391 -0.023620 0.113748 0.218252 0.176320 -0.146806 -0.336471 0.030702 0.133319 -0.090238 
1.209997 -1.215146 0.220904 -0.633796 0.107775 -0.007816 -0.039047 0.121276 0.186345 0.213941 -0.144494 -0.352474 0.007786 0.143964 -0.060521 
1.217491 -1.229820 0.232802 -0.649540 0.105065 -0.000830 -0.056680 0.124468 0.134596 0.229322 -0.086660 -0.370052 0.016668 0.133035 -0.061125 
1.280131 -1.245805 0.271660 -0.715218 0.160610 -0.049598 -0.072573 0.082373 0.102612 0.268771 -0.012456 -0.383225 0.018314 0.122750 -0.085110 
1.254345 -1.166849 0.255568 -0.626287 0.119111 -0.034521 -0.191565 0.085193 0.034292 0.339974 0.026378 -0.358210 0.040099 0.114903 -0.093815 
1.313311 -1.167911 0.330965 -0.567575 0.132957 -0.070891 -0.274935 0.032134 0.018899 0.350010 0.031225 -0.321953 0.118488 0.103824 -0.100306 
1.444935 -1.219857 0.391422 -0.426838 0.103450 -0.112132 -0.345113 0.012004 -0.102455 0.408580 -0.061504 -0.216353 0.215085 0.035421 -0.020246 
1.459654 -1.147977 0.482232 -0.298708 0.131977 -0.203278 -0.380389 0.060062 -0.242271 0.373305 -0.098366 -0.211029 0.326449 -0.007269 -0.029762 
1.363386 -0.971666 0.506590 -0.203309 0.254202 -0.233428 -0.340001 -0.006627 -0.284161 0.277107 -0.159519 -0.210405 0.267161 0.054979 -0.098065 
1.172644 -0.795610 0.574149 0.002549 0.282540 -0.248670 -0.296338 -0.041454 -0.261076 0.219871 -0.179013 -0.265505 0.180884 0.098248 -0.107432 
0.977379 -0.652336 0.595558 0.155328 0.194382 -0.259719 -0.249832 -0.048642 -0.271925 0.086418 -0.116511 -0.282998 0.121595 0.108581 -0.139233 
0.868170 -0.572469 0.439015 0.221070 0.199472 -0.293396 -0.252286 -0.062019 -0.221551 0.129982 -0.140810 -0.281984 0.175694 0.080780 -0.084652 
1.065891 -0.565226 0.363878 0.113755 0.145022 -0.307294 -0.273426 0.027309 -0.208122 0.140288 -0.052026 -0.290513 0.236698 0.103024 -0.098502 
1.153322 -0.793649 0.416851 -0.011607 0.228994 -0.313928 -0.345379 0.053732 -0.312833 0.156777 -0.045916 -0.283792 0.258712 0.083650 -0.092202 
1.362109 -1.044871 0.477382 -0.261410 0.228746 -0.285803 -0.437708 0.099999 -0.303283 0.361834 -0.086305 -0.251758 0.313087 0.072977 -0.024206 
1.386011 -1.060706 0.323047 -0.306892 0.058764 -0.258140 -0.353862 0.084155 -0.129163 0.449798 -0.061295 -0.227772 0.288240 0.007720 -0.013693 
1.462324 -1.241902 0.355919 -0.545697 0.052341 -0.213125 -0.325416 0.057470 -0.051896 0.435856 -0.028648 -0.147311 0.160461 0.056763 -0.044767 
1.310008 -1.138533 0.273243 -0.570246 0.007654 -0.055550 -0.238324 0.053861 0.010580 0.361006 0.084118 -0.287288 0.063067 0.065442 -0.110500 
1.308883 -1.233290 0.198911 -0.717518 0.052599 0.044090 -0.144830 0.018446 0.002629 0.317843 0.098782 -0.289715 0.034400 -0.004677 -0.083981 
1.233954 -1.286727 0.160855 -0.765007 -0.009781 0.138151 -0.122194 0.013291 0.014535 0.321851 0.104574 -0.285432 0.014029 -0.091787 -0.068899 
1.195320 -1.302115 0.155701 -0.777160 -0.021542 0.160766 -0.074045 -0.055561 0.035432 0.359239 0.058091 -0.244424 -0.000735 -0.152525 -0.040271 
1.211156 -1.265706 0.173396 -0.787374 -0.035962 0.178240 -0.072808 -0.065934 0.035557 0.355271 0.068558 -0.219820 -0.038430 -0.145075 -0.035969 
1.270645 -1.322534 0.215430 -0.853371 -0.000117 0.154941 -0.064711 -0.068068 0.036012 0.349624 0.056066 -0.181630 -0.035754 -0.163565 -0.035360 
1.259031 -1.261547 0.194059 -0.781931 -0.058297 0.170003 -0.074299 -0.079704 0.035887 0.354483 0.067096 -0.181811 -0.008355 -0.202307 -0.023379 
1.419823 -1.271888 0.175948 -0.714055 -0.130892 0.185634 -0.103995 -0.064957 0.028508 0.317150 0.046530 -0.104276 0.006313 -0.191450 -0.020874 
1.471413 -1.267439 0.219891 -0.697108 -0.170742 0.157535 -0.099091 -0.016296 -0.009343 0.291417 0.012110 -0.056579 0.064028 -0.206519 -0.015256 
1.452987 -1.212942 0.195203 -0.694535 -0.168472 0.119970 -0.093764 -0.039553 0.006341 0.228313 0.041629 -0.019888 0.102889 -0.192132 -0.049958 
1.510105 -1.176477 0.226945 -0.679502 -0.193828 0.098569 -0.097200 -0.018537 -0.050670 0.207502 0.013266 0.035589 0.133805 -0.138881 -0.074861 
1.521177 -1.134421 0.253084 -0.646545 -0.208949 0.089928 -0.096676 -0.035423 -0.116330 0.153375 0.066420 0.076785 0.149059 -0.092990 -0.099198 
1.535452 -1.150546 0.284200 -0.664455 -0.184921 0.071455 -0.102943 -0.101890 -0.150490 0.125811 0.106563 0.113637 0.190105 -0.059997 -0.141007 
1.519583 -1.139579 0.305460 -0.652291 -0.214186 0.058283 -0.116426 -0.080820 -0.175678 0.130478 0.127452 0.107845 0.206037 -0.056502 -0.139839 
1.484227 -1.126675 0.282974 -0.708346 -0.173811 0.056797 -0.087586 -0.095833 -0.177387 0.165554 0.140723 0.085148 0.195121 -0.054757 -0.182151 
1.390748 -1.143577 0.234565 -0.760349 -0.157046 0.064500 -0.034879 -0.096246 -0.126246 0.170113 0.182542 0.053202 0.149644 -0.103187 -0.195202 
1.389942 -1.197069 0.189464 -0.837340 -0.159127 0.111477 -0.007606 -0.067621 -0.078395 0.220203 0.161624 0.024101 0.075825 -0.146831 -0.204023 
1.317812 -1.138746 0.084201 -0.791042 -0.154803 0.125115 0.010705 -0.091676 -0.029124 0.308856 0.119863 -0.019105 -0.020593 -0.173271 -0.186910 
1.455459 -1.156133 0.077089 -0.823653 -0.135459 0.194993 -0.001915 -0.080398 0.037175 0.289052 0.086951 -0.085539 -0.087197 -0.136524 -0.149492 
1.306567 -1.119371 0.025868 -0.817471 -0.086038 0.167446 -0.018251 -0.072534 0.036147 0.314768 0.106334 -0.100513 -0.139472 -0.124269 -0.131641 
1.415634 -1.154952 0.017816 -0.816531 -0.039471 0.134676 -0.076922 -0.062286 0.035427 0.345372 0.137390 -0.133498 -0.140066 -0.104415 -0.120529 
1.384433 -1.097710 0.003515 -0.817204 -0.039148 0.153105 -0.068655 -0.054786 0.055328 0.344151 0.088475 -0.143223 -0.139054 -0.109821 -0.091725 
1.392447 -1.091152 0.015025 -0.796903 -0.062082 0.161063 -0.017386 -0.102717 0.096253 0.323528 0.071631 -0.163515 -0.118501 -0.121082 -0.084738 
1.417280 -1.141096 0.010432 -0.794119 -0.074356 0.215255 -0.072862 -0.066528 0.066688 0.375869 0.019255 -0.137203 -0.129063 -0.150620 -0.050913 
1.442272 -1.126892 0.009514 -0.785738 -0.080869 0.229012 -0.089286 -0.077329 0.113242 0.352228 0.016811 -0.169315 -0.090473 -0.169164 -0.032455 
1.464660 -1.140451 -0.014588 -0.815137 -0.054570 0.246170 -0.108942 -0.075880 0.100472 0.341686 0.024498 -0.172869 -0.097365 -0.113927 -0.069542 
1.514766 -1.152712 -0.026851 -0.793476 -0.037735 0.242804 -0.059594 -0.068456 0.051592 0.296867 0.028233 -0.186614 -0.040926 -0.095884 -0.085724 
1.483013 -1.092274 -0.024744 -0.810815 -0.050205 0.249591 -0.098512 -0.063292 0.066357 0.346927 0.059115 -0.228590 -0.069404 -0.136135 -0.058604 
1.521453 -1.032590 -0.098970 -0.761054 -0.074287 0.254581 -0.099874 -0.057505 0.076778 0.342857 0.038182 -0.216231 -0.073529 -0.127038 -0.059450 
1.620982 -1.089403 -0.179404 -0.724472 -0.080181 0.251264 -0.099964 -0.077111 0.087574 0.348149 0.023660 -0.214534 -0.057449 -0.115821 -0.047940 
1.753327 -1.059891 -0.328430 -0.608318 -0.077279 0.249051 -0.147318 -0.032287 0.035690 0.360878 -0.023914 -0.191180 0.044849 -0.188171 0.046795 
1.646488 -1.083238 -0.169798 -0.725393 -0.014343 0.288489 -0.207216 -0.004582 -0.000746 0.370952 -0.029800 -0.181689 0.038651 -0.197731 0.090007 
1.527473 -0.976821 -0.168279 -0.643619 -0.098771 0.315347 -0.181172 -0.023611 0.061060 0.307166 0.010698 -0.219202 0.025963 -0.196802 0.075195 
1.514605 -0.865591 -0.233926 -0.589466 -0.093969 0.225597 -0.107237 0.006332 0.067259 0.344687 -0.073568 -0.202246 0.013653 -0.220316 0.111350 
1.369573 -0.713142 -0.281364 -0.622871 0.004770 0.180860 -0.108206 0.011733 0.116842 0.294957 -0.065996 -0.202933 -0.044836 -0.156255 0.108713 
1.027914 -0.904362 -0.397643 -0.413817 -0.104405 0.151317 -0.029594 0.018935 0.107715 0.280292 -0.070057 -0.241171 -0.014421 -0.140131 0.090449 
0.914569 -0.882280 -0.372829 -0.387621 -0.030565 0.239326 -0.023704 -0.107764 0.101510 0.291589 -0.105552 -0.248494 0.053450 -0.123930 0.154710 
-0.015140 -0.526271 -0.531965 -0.427457 -0.144453 0.269669 -0.013558 -0.090691 0.127708 0.266322 0.016467 -0.207655 -0.177452 -0.042756 -0.000496 
-0.178569 -0.509583 -0.446184 -0.409273 -0.128540 0.269957 0.078545 -0.105777 0.069019 0.151401 -0.031477 -0.142006 -0.019747 -0.038946 -0.026840 
