city011_090
GYUUBA
65
0.326928 0.023381 0.641251 -0.195373 -0.202997 0.126122 -0.379400 -0.079412 0.118484 -0.211471 0.143016 -0.076179 0.099871 -0.038446 0.105313 
0.511406 -0.909946 0.557651 -0.493895 -0.223568 0.322332 -0.230873 0.177537 0.119248 -0.162875 0.109765 -0.121900 0.074984 -0.092046 0.111939 
0.144318 -0.586785 0.555618 -0.426276 -0.157555 0.290502 -0.257654 0.135487 0.215819 -0.163837 0.061095 -0.053808 0.003518 -0.012530 0.035600 
0.392835 -0.278318 1.117844 0.009987 -0.097355 0.278152 -0.126896 -0.086817 0.057202 -0.116961 0.015656 -0.088120 0.005698 -0.070858 0.080338 
0.510227 -0.665107 1.630033 -0.002205 -0.257406 0.212684 -0.230187 -0.002408 -0.185209 -0.278022 0.112229 -0.287865 -0.016311 -0.103782 0.046843 
0.608629 -0.903007 1.674402 -0.049257 -0.239909 0.203528 -0.257376 -0.064733 -0.205125 -0.317892 0.131287 -0.361597 0.000396 -0.093153 0.030514 
0.753007 -0.976557 1.651642 0.013337 -0.367201 0.196419 -0.259631 -0.072792 -0.289097 -0.257676 0.126377 -0.389875 0.030621 -0.049401 0.012958 
0.842204 -1.018660 1.484930 -0.043591 -0.185222 -0.019184 -0.108041 -0.181843 -0.286400 -0.165404 0.039245 -0.291854 -0.012519 0.009109 -0.016154 
0.787744 -1.037260 1.326065 -0.009144 -0.058842 -0.166278 -0.088696 -0.186751 -0.350010 -0.071214 -0.009711 -0.254512 -0.036591 0.031390 0.033610 
0.710043 -1.057695 1.292402 0.054205 -0.015385 -0.288222 -0.071872 -0.196827 -0.320612 -0.090629 -0.022718 -0.257598 -0.027578 0.071958 0.012452 
0.692984 -1.021455 1.260164 0.114015 -0.064659 -0.392266 0.022413 -0.228303 -0.295312 -0.135014 -0.011774 -0.217548 -0.016576 0.075744 -0.027921 
0.708289 -1.020316 1.227143 0.093871 -0.052192 -0.421321 0.047858 -0.238087 -0.301950 -0.159193 0.028001 -0.207519 -0.037248 0.080495 -0.043296 
0.835239 -1.056438 1.164709 0.071539 -0.053388 -0.334521 -0.033637 -0.235723 -0.257817 -0.219335 0.119956 -0.272976 -0.001874 0.084809 -0.056330 
0.966415 -1.053218 1.169016 0.061874 -0.103893 -0.270135 -0.114503 -0.184157 -0.234558 -0.260365 0.143923 -0.300439 0.066485 0.078764 -0.109805 
1.097297 -1.026120 1.079758 0.065847 -0.112833 -0.249360 -0.114095 -0.170156 -0.202380 -0.271971 0.145773 -0.266632 0.078587 0.056902 -0.122871 
1.199770 -1.036145 0.997624 -0.001921 -0.060532 -0.225550 -0.092758 -0.170693 -0.214043 -0.254877 0.128804 -0.208512 0.063028 0.010877 -0.077366 
1.276818 -1.069988 1.014169 -0.078779 -0.030709 -0.172933 -0.136499 -0.122074 -0.235406 -0.171185 0.043207 -0.128704 0.055186 -0.026632 -0.026282 
1.384802 -1.150358 1.086676 -0.220908 0.064915 -0.162569 -0.168588 -0.068745 -0.269071 -0.149366 0.016169 -0.115117 0.083071 -0.067955 0.006044 
1.346248 -1.079377 1.119926 -0.190463 0.063262 -0.163798 -0.243236 -0.052483 -0.240764 -0.101302 -0.040284 -0.121595 0.085578 -0.032987 -0.003533 
1.308865 -1.063354 1.213711 -0.141581 0.073281 -0.219982 -0.265197 -0.083432 -0.167475 -0.137056 -0.060830 -0.151768 0.107035 -0.008234 -0.022751 
1.298472 -1.048392 1.262615 -0.093922 0.058566 -0.222652 -0.293167 -0.086902 -0.149842 -0.158651 -0.079606 -0.200911 0.171091 -0.057781 0.010978 
1.198651 -0.922070 1.253516 -0.004812 -0.013902 -0.171111 -0.352934 -0.058302 -0.177281 -0.099679 -0.130479 -0.203679 0.190935 -0.046503 -0.014905 
1.280083 -0.972611 1.289706 0.007180 -0.017604 -0.141814 -0.370344 -0.053621 -0.196047 -0.075701 -0.134672 -0.257192 0.226873 -0.060152 -0.027762 
1.183827 -0.954967 1.238894 0.014354 -0.020001 -0.111808 -0.374457 -0.064524 -0.191789 -0.104572 -0.091087 -0.310646 0.221950 -0.031692 -0.089006 
1.153070 -0.919008 1.274754 0.002292 -0.046003 -0.063022 -0.404446 -0.025649 -0.200609 -0.123178 -0.043667 -0.351740 0.246472 -0.043182 -0.090302 
1.173658 -0.852014 1.313915 -0.120234 0.020835 -0.100948 -0.343891 -0.043591 -0.211669 -0.118257 -0.033815 -0.301270 0.192927 -0.041242 -0.042706 
1.259390 -0.817409 1.231461 -0.136477 0.044137 -0.110203 -0.326912 -0.035460 -0.220871 -0.093756 -0.053504 -0.264407 0.188013 -0.057511 -0.051609 
1.403861 -0.861000 1.087115 -0.180658 0.080332 -0.064810 -0.294028 -0.080033 -0.200212 -0.121214 0.011325 -0.340105 0.215702 -0.052270 -0.098520 
1.406668 -0.860704 1.040794 -0.193517 0.078852 -0.021238 -0.289861 -0.114150 -0.202271 -0.088447 0.052842 -0.361982 0.178748 0.016555 -0.112479 
1.466970 -0.891500 1.059412 -0.269474 0.120428 -0.010847 -0.280947 -0.138557 -0.197503 -0.087514 0.090692 -0.345437 0.112446 0.079841 -0.101210 
1.554639 -0.835930 0.940554 -0.233323 0.096184 0.039141 -0.332126 -0.095154 -0.231511 -0.097342 0.134850 -0.368345 0.168854 -0.024881 -0.008989 
1.608262 -0.762524 0.907497 -0.267717 0.106129 0.027533 -0.256384 -0.176152 -0.240487 -0.049564 0.103842 -0.378927 0.169003 0.005566 -0.056914 
1.625958 -0.711133 0.862559 -0.199667 -0.031072 0.134396 -0.293923 -0.149990 -0.290479 -0.067016 0.158905 -0.391979 0.155867 0.017683 -0.064380 
1.490256 -0.563929 0.816763 -0.239305 -0.026293 0.198160 -0.348876 -0.129416 -0.366219 -0.049809 0.192821 -0.404673 0.168703 -0.014296 -0.039539 
1.716274 -0.568079 0.696401 -0.185226 -0.135746 0.278715 -0.333145 -0.076241 -0.434362 -0.098286 0.214809 -0.437393 0.222428 -0.032817 -0.077055 
1.655090 -0.347529 0.600513 -0.186949 -0.136389 0.377704 -0.292064 -0.132064 -0.468507 -0.173347 0.270157 -0.364390 0.102286 0.013192 -0.114125 
1.563797 -0.414002 0.547824 -0.299604 -0.176589 0.300190 -0.211458 -0.103669 -0.431903 -0.252634 0.291541 -0.368848 0.225260 0.020502 -0.074208 
1.635209 -0.058955 0.529672 -0.303998 -0.176989 0.289350 -0.102637 -0.184787 -0.394794 -0.247078 0.269071 -0.338187 0.221444 0.024315 -0.072493 
1.562225 0.233172 0.327071 -0.015420 -0.181241 0.192419 0.044378 -0.189371 -0.378955 -0.153875 0.132520 -0.295861 0.083408 0.084556 -0.142653 
1.488868 0.281316 0.275664 -0.145284 -0.127265 0.248491 0.040431 -0.206297 -0.321421 -0.217370 0.238207 -0.268467 0.153824 0.036989 -0.101037 
1.264912 0.091773 0.145505 -0.082615 -0.060546 0.342865 0.018993 -0.140790 -0.179426 -0.143777 0.273268 -0.180071 0.140128 -0.082509 -0.018381 
1.674188 0.073871 0.409510 -0.123784 -0.095049 0.364391 -0.225920 -0.032361 -0.358351 -0.220047 0.331298 -0.274510 0.091688 -0.011553 -0.039181 
1.902161 -0.172107 0.471802 -0.316466 -0.093161 0.198045 -0.220158 -0.065594 -0.358272 -0.112122 0.402087 -0.146014 0.117607 0.046679 -0.010936 
1.803914 -0.535994 0.400694 -0.346023 -0.147171 0.231049 -0.407102 -0.074892 -0.465822 -0.091989 0.471549 -0.219231 0.134813 0.050660 -0.024895 
1.695832 -1.108862 0.379764 -0.448282 -0.102500 0.008076 -0.400969 -0.195690 -0.271140 0.113027 0.563044 -0.222150 0.173979 0.076373 0.021438 
1.446711 -1.045478 0.374156 -0.543662 -0.117927 -0.053141 -0.347420 -0.178214 -0.057175 0.289749 0.492412 -0.216306 0.051900 0.082323 0.027143 
1.340324 -1.119174 0.346600 -0.648872 0.000172 -0.036262 -0.291473 -0.041143 0.002120 0.312222 0.411972 -0.393779 0.054471 0.045652 -0.023038 
1.386176 -1.038480 0.194082 -0.660645 -0.062038 -0.027513 -0.111463 -0.091572 0.114478 0.346093 0.294227 -0.361468 -0.027592 -0.041324 -0.058040 
1.226261 -1.062256 0.165652 -0.711186 -0.066220 0.021501 -0.100161 -0.075577 0.108863 0.390848 0.230209 -0.355303 -0.046095 -0.086064 -0.062922 
1.343700 -1.184018 0.121260 -0.849671 0.070535 0.038331 -0.107125 -0.051443 0.148774 0.320493 0.221141 -0.399924 -0.043100 -0.089207 -0.037920 
1.351012 -1.234619 0.106434 -0.829050 0.026332 0.059721 -0.058751 -0.071303 0.133363 0.341798 0.183445 -0.392900 -0.013765 -0.125315 -0.057313 
1.390897 -1.234687 0.006072 -0.716967 -0.079519 0.147246 -0.114974 0.015359 0.081303 0.313325 0.171218 -0.416117 0.068054 -0.144107 -0.082735 
1.469090 -1.165764 -0.061743 -0.696291 -0.044579 0.094591 -0.032940 -0.050694 0.099275 0.323178 0.154695 -0.404115 0.052778 -0.156431 -0.043450 
1.526528 -1.223240 -0.060913 -0.661866 -0.067532 0.145405 -0.093369 0.003473 0.074458 0.311820 0.143150 -0.424084 0.126730 -0.220486 0.006398 
1.583573 -1.234232 -0.126745 -0.543635 -0.144355 0.180241 -0.149064 0.058584 0.043751 0.345414 0.081365 -0.397093 0.151029 -0.227594 0.022096 
1.546391 -1.348023 -0.015902 -0.572799 -0.101646 0.160546 -0.151441 0.089874 -0.000172 0.311008 0.127920 -0.407789 0.184661 -0.265059 0.056610 
1.328484 -1.208667 0.005926 -0.632425 -0.066241 0.157804 -0.124829 0.125180 -0.044124 0.344582 0.086812 -0.406466 0.168365 -0.272010 0.075866 
1.234019 -1.066922 -0.079578 -0.637504 -0.114732 0.161084 -0.162713 0.107824 -0.032318 0.454215 0.118621 -0.459207 0.158388 -0.323110 0.047205 
1.230985 -0.996865 -0.091725 -0.667618 -0.108560 0.138016 -0.104322 0.032446 0.037724 0.410556 0.141294 -0.464212 0.154517 -0.322749 0.037590 
1.608526 -0.871171 -0.454590 -0.285748 -0.141334 0.113700 -0.090888 -0.001786 0.042381 0.247105 0.101919 -0.343049 0.175744 -0.197176 0.102446 
1.262555 -0.851637 -0.500390 -0.412440 -0.171176 0.135066 -0.113400 0.017384 0.048606 0.453684 0.135663 -0.455633 0.078423 -0.277936 0.063858 
0.643383 -0.666556 -0.168524 -0.415746 -0.046012 0.113335 -0.038993 -0.022818 0.035650 0.349420 -0.015815 -0.407561 0.200934 -0.176049 0.087384 
1.370301 -0.900028 -0.542754 -0.309679 -0.102459 0.132682 0.027963 -0.018320 0.031946 0.289050 0.130930 -0.451792 0.066491 -0.153443 0.084824 
0.142200 -0.579430 -0.683567 -0.339889 -0.063336 0.093254 -0.062211 0.065264 0.170635 0.150551 0.183384 -0.353548 -0.149097 -0.102235 0.115074 
0.444507 -0.917798 -0.082530 -0.448811 0.156403 0.200467 0.029064 -0.091620 -0.079163 0.275195 -0.047000 -0.303520 0.229611 -0.148085 0.187313 
