city011_034
MEJIRO
72
0.121188 0.601248 0.199608 0.137469 0.113145 0.095481 -0.043147 -0.112407 -0.053350 -0.020241 -0.058347 -0.045375 -0.004672 -0.091054 0.054587 
0.906920 0.851856 0.133969 -0.049361 -0.252520 0.037402 -0.112397 -0.077788 -0.122936 -0.038352 -0.038854 0.004018 -0.027242 0.039662 0.022851 
1.168992 0.616590 0.075854 -0.113110 -0.118024 -0.043595 0.030568 -0.236324 -0.098247 -0.083328 -0.142085 -0.085447 0.078093 -0.074426 0.025573 
1.090275 0.652019 -0.085724 -0.026010 -0.040867 -0.003458 -0.085697 -0.122041 -0.014507 -0.005211 0.007722 0.028128 -0.005208 -0.001829 0.039559 
1.029942 0.337983 -0.013912 0.033949 -0.079251 -0.020505 -0.214344 -0.140127 0.072818 0.239512 0.020830 -0.064646 0.144730 -0.049637 0.070821 
0.796366 0.773459 0.280789 0.172463 -0.133479 0.086231 0.011557 -0.092269 -0.033487 0.156257 0.040274 -0.042724 0.112026 0.043639 -0.039975 
0.712527 0.603320 0.217828 0.206816 -0.304527 -0.004778 0.086768 -0.152134 0.016925 0.103459 -0.046245 -0.032259 0.098848 -0.037054 -0.032237 
0.907819 -0.067730 0.415064 0.473482 -0.313466 -0.010607 -0.109627 -0.300026 -0.105186 0.048233 -0.200811 -0.130683 0.104170 -0.010092 -0.078282 
1.076850 -0.313277 0.833112 0.433165 -0.207777 0.094748 -0.118487 -0.187317 -0.184122 -0.029131 -0.145170 -0.272388 0.047236 -0.061739 -0.109432 
1.386045 -0.655795 1.051758 0.097143 -0.291533 -0.061858 -0.223128 0.148491 -0.304195 -0.218888 0.092613 -0.247570 0.141145 -0.096120 -0.118917 
1.313271 -0.824717 1.168487 -0.093370 -0.334163 -0.055168 -0.197866 0.182498 -0.399567 -0.012896 0.066233 -0.150009 0.157802 -0.176656 0.073825 
1.122420 -0.826427 1.089769 -0.156701 -0.297633 -0.027529 -0.157216 0.080966 -0.360215 -0.016871 0.053187 -0.104313 0.083684 -0.100308 0.104256 
1.140485 -1.003571 1.205326 -0.343419 -0.239865 0.019630 -0.142898 0.036783 -0.382835 0.031807 0.002334 -0.072038 0.085225 -0.100380 0.131187 
1.011794 -0.921369 1.117326 -0.306872 -0.209342 0.017964 -0.136476 -0.008370 -0.288379 -0.001095 -0.005270 -0.019686 0.043855 -0.076337 0.102321 
1.099634 -1.010145 1.139343 -0.384170 -0.160854 0.033532 -0.104583 -0.044014 -0.324296 -0.064054 -0.008323 0.023407 -0.000067 -0.082341 0.135068 
1.105772 -0.985477 1.156563 -0.435634 -0.143750 0.040505 -0.077021 -0.047570 -0.369705 -0.072002 0.012652 -0.008653 0.005478 -0.068193 0.133894 
1.137672 -0.957370 1.209561 -0.421339 -0.182292 0.097732 -0.117042 -0.071275 -0.378242 -0.070143 -0.004677 -0.042762 0.013367 -0.071822 0.150011 
1.064998 -0.946323 1.244706 -0.369727 -0.192899 0.080880 -0.172004 -0.070950 -0.324724 -0.072291 -0.000273 -0.051494 0.019088 -0.084204 0.160200 
1.084934 -0.929027 1.342004 -0.375378 -0.242282 0.076512 -0.190638 -0.056163 -0.319204 -0.093047 0.000881 -0.052516 -0.006160 -0.065333 0.172786 
1.132920 -0.859294 1.426602 -0.362912 -0.303953 0.065534 -0.237508 0.009200 -0.333920 -0.078005 -0.013305 -0.034951 -0.020071 -0.079391 0.206628 
1.127622 -0.796176 1.390070 -0.198378 -0.319423 0.071626 -0.260524 -0.002196 -0.325054 -0.092687 -0.022758 -0.051716 -0.028532 -0.087124 0.200041 
1.079558 -0.744305 1.380178 -0.125845 -0.239664 0.052138 -0.252339 0.024700 -0.378635 -0.069280 -0.085167 -0.055025 -0.059041 -0.134888 0.227311 
0.881023 -0.560199 1.333031 0.012687 -0.269560 0.059630 -0.203240 -0.021154 -0.297293 -0.118732 -0.089531 -0.044316 -0.099710 -0.125661 0.193811 
0.690189 -0.360120 1.234050 0.018698 -0.243487 0.053377 -0.076387 -0.124045 -0.202512 -0.152110 -0.093619 -0.054479 -0.089525 -0.161153 0.174203 
0.523081 -0.292144 1.190090 -0.010283 -0.140935 -0.049175 0.000179 -0.114767 -0.203601 -0.160301 -0.056978 -0.045207 -0.117589 -0.139222 0.170543 
0.376402 -0.270976 1.088097 0.145474 -0.189932 0.025901 -0.009187 -0.145781 -0.078634 -0.219286 -0.029051 -0.005589 -0.177122 -0.064076 0.100665 
0.225880 -0.176343 1.003919 0.131639 -0.075697 -0.069434 0.115887 -0.126902 -0.135645 -0.063624 -0.100812 0.058643 -0.176716 -0.095927 0.177511 
0.324270 -0.278074 0.857523 -0.155128 0.009518 0.007363 0.167735 -0.109228 -0.104696 0.043079 -0.097055 0.097981 -0.079062 -0.115100 0.213859 
0.109038 -0.148579 1.066207 -0.216020 0.070734 0.006958 -0.063450 -0.119426 -0.132407 -0.039444 -0.118983 -0.015168 -0.037226 -0.129293 0.137903 
0.202476 -0.229905 0.800498 -0.143885 0.199539 -0.094919 0.039799 -0.164690 -0.236935 0.039090 -0.076453 -0.049498 -0.058862 -0.100310 0.142604 
0.300193 -0.171794 0.730892 -0.171800 0.026268 -0.039579 0.105835 -0.009763 -0.178750 0.016377 -0.051100 0.090593 -0.100978 -0.111735 0.251972 
0.222126 -0.254060 0.874649 -0.189954 0.161808 0.035369 -0.027843 -0.152948 -0.164595 0.014366 -0.090920 -0.017365 -0.054103 -0.119872 0.154492 
0.297381 -0.177483 1.033052 -0.318199 0.031741 -0.054852 0.002559 -0.102241 -0.208750 -0.034996 -0.068053 -0.023332 -0.031941 -0.117767 0.202004 
0.229709 -0.015486 1.105973 -0.336594 0.075564 -0.108980 0.001987 -0.043177 -0.321270 -0.019375 -0.042925 -0.108561 -0.053618 -0.055515 0.143326 
0.431691 -0.165898 1.223946 -0.065274 -0.203826 -0.036643 -0.000147 -0.199410 -0.098355 -0.161563 -0.052953 -0.007431 -0.115929 -0.053414 0.154415 
0.319146 -0.180268 1.290187 -0.202377 -0.062477 0.012918 -0.048538 -0.151715 -0.180809 -0.207110 -0.025259 -0.067331 -0.216560 -0.004457 0.160255 
0.482784 -0.321599 1.474497 -0.210604 -0.112948 0.038638 -0.162645 -0.019343 -0.229144 -0.184140 0.029088 -0.102801 -0.159045 0.016728 0.093064 
0.417386 -0.470906 1.509266 -0.269867 -0.037524 0.088286 -0.226455 0.027912 -0.299420 -0.111089 -0.061376 -0.082920 -0.144902 -0.064458 0.178982 
0.551833 -0.602600 1.640272 -0.105802 -0.235522 0.242737 -0.338615 0.089404 -0.221775 -0.269517 0.070733 -0.143698 -0.150349 -0.048582 0.115829 
0.566726 -0.548529 1.600998 -0.155563 -0.199466 0.194525 -0.299285 0.092291 -0.270080 -0.174774 0.023983 -0.111847 -0.136287 -0.057024 0.162063 
0.691322 -0.656764 1.591365 -0.152469 -0.201752 0.213601 -0.320555 0.098752 -0.268801 -0.188873 0.018868 -0.099835 -0.146196 -0.080597 0.177090 
0.748265 -0.738689 1.585726 -0.072201 -0.274093 0.231371 -0.332241 0.070005 -0.266295 -0.204048 0.007578 -0.120157 -0.115131 -0.115251 0.177851 
0.807905 -0.695586 1.566054 -0.037284 -0.355610 0.212794 -0.365623 0.097829 -0.305982 -0.156808 -0.017115 -0.090770 -0.061566 -0.134483 0.182737 
0.850994 -0.742278 1.451046 0.042592 -0.327089 0.152834 -0.271039 -0.006094 -0.254869 -0.180812 -0.065110 -0.086561 -0.062244 -0.145997 0.138716 
0.661269 -0.616658 1.069074 0.344172 -0.182783 0.139363 -0.243328 0.020438 -0.188493 -0.193868 -0.037062 -0.207862 0.022066 -0.187986 0.015549 
0.316766 0.075646 0.683203 0.601790 -0.012959 0.003370 -0.130313 0.080631 -0.009665 -0.150226 -0.106844 -0.131241 0.077532 -0.087805 -0.180449 
0.676067 -0.655207 0.322779 -0.123043 -0.002952 0.132463 -0.055920 0.122297 -0.029860 -0.057233 -0.012262 0.002006 0.101295 -0.119434 0.058097 
0.908389 -0.694494 0.874032 -0.023697 -0.177427 -0.107301 -0.402445 0.102262 -0.259327 -0.080040 -0.016794 -0.078663 0.192493 -0.092485 0.020939 
1.309003 -1.060463 0.875402 -0.090517 -0.159104 -0.018138 -0.546272 -0.024690 -0.135113 -0.131238 0.024332 -0.139973 0.218961 0.063704 -0.105480 
1.573381 -1.016190 0.612970 -0.141637 -0.100595 -0.073035 -0.520051 -0.131033 -0.139295 0.012556 0.196172 -0.175563 0.087813 0.243176 0.024851 
1.825210 -1.018218 0.396425 -0.288407 -0.135461 0.174448 -0.553628 -0.141770 -0.160389 0.045723 0.332738 -0.166716 0.041424 0.167256 0.005743 
1.865354 -1.134704 0.250862 -0.297185 -0.268885 0.151522 -0.383451 -0.172936 -0.291377 0.019921 0.309543 0.008840 0.185527 0.092466 -0.150740 
1.708376 -1.002589 0.230795 -0.347665 -0.340237 0.132220 -0.335011 -0.026474 -0.298514 -0.117084 0.239578 0.065071 0.299736 0.074458 -0.148442 
1.785605 -0.795599 0.253535 -0.540883 -0.247790 0.003975 -0.220697 0.020403 -0.232302 -0.132785 0.080663 0.016669 0.291994 0.177292 -0.098611 
1.682503 -0.635517 0.170192 -0.513146 -0.300139 0.001435 -0.143399 0.051241 -0.269865 -0.114391 0.039946 0.000909 0.293775 0.174379 -0.057768 
1.708022 -0.527594 0.248646 -0.721125 -0.240797 0.086461 -0.161235 0.015150 -0.234745 -0.131795 0.097074 -0.017398 0.244219 0.189550 -0.050082 
1.755298 -0.398072 0.289535 -0.762044 -0.364977 0.200255 -0.151935 -0.018348 -0.224229 -0.117183 0.130918 -0.087928 0.299601 0.167549 -0.067656 
1.721431 -0.262336 0.306441 -0.791870 -0.465017 0.218176 -0.161422 0.017694 -0.183755 -0.117931 0.105839 -0.126305 0.316607 0.160384 -0.029496 
1.701366 -0.296751 0.316796 -0.818716 -0.449627 0.184471 -0.159478 0.104426 -0.280696 -0.047420 0.059838 -0.128507 0.363525 0.126409 0.028876 
1.650893 -0.224971 0.302455 -0.859996 -0.441206 0.155535 -0.094671 0.062031 -0.260765 -0.046294 0.035726 -0.128558 0.382297 0.141959 0.019728 
1.548468 -0.081847 0.202389 -0.822592 -0.490130 0.156926 -0.082820 0.082480 -0.273593 -0.039937 0.051273 -0.141325 0.389383 0.174135 0.004530 
1.580169 -0.120822 0.213606 -0.868259 -0.437393 0.127191 -0.076594 0.072421 -0.284422 -0.029730 0.068831 -0.150209 0.419315 0.163780 -0.015071 
1.573362 -0.035908 0.230658 -0.896321 -0.430989 0.118392 -0.069331 0.073088 -0.301979 0.018364 0.077743 -0.133450 0.411620 0.163626 -0.048410 
1.672481 0.185343 0.081868 -0.681519 -0.534821 0.130532 -0.065904 0.070618 -0.206781 -0.011356 0.072618 -0.068456 0.257980 0.172874 -0.013445 
1.534425 0.004125 0.159583 -0.836167 -0.527533 0.175141 -0.061142 0.058208 -0.245500 -0.054271 0.121606 -0.143989 0.411646 0.203578 -0.048139 
1.794412 0.385806 -0.046601 -0.636768 -0.545565 0.062852 0.078733 -0.087579 -0.112821 0.001935 0.047034 -0.059169 0.296506 0.148043 -0.037470 
1.720924 0.422885 -0.223130 -0.655182 -0.578630 0.076899 0.040755 -0.057062 -0.106646 -0.071898 0.069139 -0.059401 0.320571 0.206350 -0.014246 
1.438589 0.259517 -0.115833 -0.566519 -0.442407 0.056691 0.032136 -0.033388 -0.220896 -0.017677 0.039811 -0.105422 0.327010 0.096361 0.013117 
1.454147 0.277758 -0.126966 -0.723701 -0.502572 0.037006 0.065010 0.022278 -0.245300 0.025045 0.047568 -0.122727 0.404768 0.164113 -0.010493 
0.590309 0.365570 -0.280974 -0.549140 -0.613992 0.030011 0.016454 0.042726 -0.166777 -0.131911 0.118041 0.085825 0.190075 0.278648 0.096390 
0.603250 0.116948 -0.178454 -0.583402 -0.339994 -0.048766 0.124766 0.032794 -0.111634 -0.040021 0.086150 -0.008881 0.148988 0.044910 0.054319 
0.505581 0.388120 -0.217922 -0.616265 -0.506965 -0.013647 0.166655 -0.072058 -0.175011 -0.028855 0.036556 0.007484 0.274668 0.195335 0.047823 
