city011_024
NERIMA
70
-0.282212 -0.000957 0.041233 0.059430 0.020826 0.069591 0.076967 -0.097915 -0.068184 0.089781 0.009562 -0.060529 0.046554 -0.012500 -0.050115 
0.222992 0.425438 0.364419 0.239438 0.035951 0.196611 0.084795 -0.190631 0.067929 0.094756 -0.108778 -0.011526 0.047365 -0.059724 -0.015800 
0.799461 0.116034 0.660671 0.421865 -0.160977 0.207625 -0.102267 -0.366160 0.002398 -0.020302 -0.282778 -0.171917 0.016561 -0.123783 -0.091565 
0.887919 -0.125832 0.790497 0.369777 -0.209158 0.245653 -0.188457 -0.318224 -0.019369 -0.006868 -0.204345 -0.281669 0.148832 -0.137595 -0.111988 
1.043026 -0.497625 0.934648 0.077369 -0.249195 -0.079030 -0.116273 0.030719 -0.351904 -0.010513 -0.107714 -0.091583 0.121089 -0.211025 0.077527 
1.107698 -0.708198 1.027074 -0.158284 -0.222771 -0.121223 -0.129445 0.065450 -0.372806 -0.020813 -0.068310 -0.012230 0.082600 -0.192123 0.153274 
1.143115 -1.002515 1.093202 -0.252382 -0.238696 -0.002059 -0.181402 0.075294 -0.373672 0.011785 -0.029707 -0.003485 0.091134 -0.189905 0.185138 
1.186656 -1.195543 1.277110 -0.368477 -0.263881 0.040420 -0.241912 0.136138 -0.410814 0.100441 -0.016507 -0.043582 0.141323 -0.192616 0.199912 
1.018190 -1.220884 1.225140 -0.378176 -0.207230 -0.013343 -0.222216 0.075341 -0.407593 0.102208 0.032298 -0.051943 0.123857 -0.150001 0.201811 
1.000046 -1.165136 1.190434 -0.450463 -0.192152 -0.012628 -0.211599 0.053366 -0.432676 0.104843 0.037804 -0.031982 0.116165 -0.131393 0.202288 
0.878834 -1.136882 1.130334 -0.436183 -0.186313 -0.023758 -0.220254 -0.044830 -0.383947 0.084506 0.069509 -0.026515 0.108837 -0.092669 0.188670 
0.876558 -1.138535 1.095580 -0.413891 -0.191192 -0.046674 -0.234862 -0.110487 -0.338526 0.074484 0.076697 -0.008994 0.096029 -0.038071 0.156371 
0.875211 -1.167179 1.093211 -0.420922 -0.177283 -0.051967 -0.293164 -0.118195 -0.345093 0.079526 0.072858 0.014351 0.091801 -0.020195 0.161211 
0.799811 -1.114503 1.099222 -0.422734 -0.194705 -0.116661 -0.271320 -0.144500 -0.285663 0.039851 0.082835 0.046395 0.080052 0.018544 0.145294 
0.837326 -1.036287 1.177423 -0.435221 -0.277444 -0.106505 -0.252515 -0.119429 -0.279929 -0.003398 0.082906 0.041390 0.095860 -0.006706 0.179212 
1.002065 -1.069131 1.394165 -0.348171 -0.365362 -0.017696 -0.340871 0.053956 -0.361464 0.041073 0.051426 -0.046733 0.143291 -0.092354 0.219742 
0.941676 -0.967051 1.435876 -0.161839 -0.347317 0.061978 -0.274421 0.041530 -0.342666 0.008775 -0.063268 -0.026614 0.043551 -0.139085 0.217385 
0.581879 -0.390942 1.267459 0.246911 -0.348286 0.117656 -0.137658 -0.074565 -0.104401 -0.232682 -0.031196 -0.080121 -0.054175 -0.112471 0.007242 
0.692295 0.051664 0.685801 0.393648 -0.150477 0.125856 -0.099115 -0.207009 -0.084296 -0.123265 -0.162460 -0.172099 -0.011283 -0.126168 -0.068365 
0.448396 -0.068986 0.591959 0.521621 -0.000875 0.153206 -0.144327 -0.145685 -0.121359 -0.082931 -0.090112 -0.237629 -0.124250 -0.052101 -0.043999 
0.487885 -0.001843 0.601500 0.405709 -0.049281 0.161635 -0.117952 -0.224626 -0.116077 -0.046071 -0.200715 -0.153015 -0.083918 -0.104424 -0.041879 
0.559821 -0.485962 0.783298 -0.353878 -0.114574 0.154142 -0.118874 0.058368 -0.208803 -0.048180 0.029242 0.035849 -0.047774 -0.057968 0.167419 
0.617350 -0.668406 1.625277 -0.323477 -0.143457 0.180017 -0.404763 0.127148 -0.390173 -0.131386 0.018405 -0.175133 -0.088303 -0.017686 0.113471 
0.650516 -0.655988 1.643944 -0.313003 -0.139065 0.245304 -0.432835 0.161401 -0.371826 -0.163938 0.067794 -0.227165 -0.088488 0.008039 0.058468 
0.718772 -0.786067 1.741255 -0.390190 -0.075269 0.273818 -0.471665 0.209505 -0.431684 -0.119969 0.067348 -0.285725 -0.055806 0.012304 0.019888 
0.605441 -0.721005 1.745599 -0.347697 -0.117974 0.286965 -0.481799 0.205140 -0.403988 -0.171168 0.112398 -0.310769 -0.065417 0.037494 -0.000779 
0.576123 -0.730989 1.752317 -0.394211 -0.050215 0.260105 -0.456721 0.183616 -0.399202 -0.173840 0.112638 -0.327064 -0.061244 0.029134 -0.003286 
0.637866 -0.745969 1.792226 -0.455389 -0.047355 0.285829 -0.486856 0.222046 -0.445491 -0.131375 0.088957 -0.320155 -0.052680 0.026789 -0.012994 
0.604095 -0.647720 1.770722 -0.479977 -0.045478 0.269171 -0.452791 0.191991 -0.430085 -0.141908 0.086347 -0.309811 -0.065945 0.035730 -0.014239 
0.672359 -0.687364 1.855479 -0.451037 -0.093925 0.257559 -0.467493 0.220999 -0.440739 -0.126754 0.085905 -0.310551 -0.033978 0.020318 -0.011982 
0.679183 -0.673424 1.806181 -0.442251 -0.080973 0.261508 -0.474791 0.214487 -0.432178 -0.137769 0.087297 -0.315257 -0.033381 0.013861 -0.005898 
0.679853 -0.556735 1.742478 -0.516930 -0.060020 0.250351 -0.424596 0.171262 -0.417105 -0.119172 0.065816 -0.286475 -0.046896 0.028439 -0.001636 
0.688112 -0.578788 1.805044 -0.499424 -0.087904 0.246817 -0.447438 0.183619 -0.420248 -0.106921 0.055932 -0.281777 -0.021046 0.004816 0.012806 
0.737963 -0.571992 1.767173 -0.522159 -0.086032 0.259883 -0.470228 0.198794 -0.431811 -0.098649 0.057448 -0.277794 -0.020190 0.015931 0.013550 
0.751004 -0.544034 1.727882 -0.564741 -0.094827 0.272857 -0.454226 0.166825 -0.405457 -0.105607 0.050740 -0.262209 -0.016394 0.002300 0.034288 
0.799982 -0.567190 1.729517 -0.616792 -0.119364 0.287490 -0.439569 0.139234 -0.392142 -0.103892 0.044559 -0.257822 0.000325 -0.010371 0.052103 
0.908949 -0.658163 1.745429 -0.571252 -0.240310 0.332629 -0.408871 0.086783 -0.350383 -0.086552 0.015170 -0.221501 0.007892 -0.018117 0.052946 
1.084548 -0.886113 1.630944 -0.164075 -0.413701 0.192973 -0.263191 0.058198 -0.399891 -0.044013 0.087560 -0.274054 0.038298 0.033145 -0.006237 
1.350615 -0.833901 0.867691 0.347464 -0.230487 0.091349 -0.150028 -0.068947 -0.247497 -0.066573 0.033452 -0.272420 0.004359 0.062271 -0.158629 
1.227375 -0.685433 0.927154 0.330596 -0.203732 0.055833 -0.131943 -0.242280 -0.217472 0.042585 -0.139279 -0.302445 0.075387 0.027028 -0.156960 
1.295412 -0.754689 0.921787 0.353902 -0.239756 0.102048 -0.146824 -0.282663 -0.160619 0.002666 -0.104884 -0.347960 0.114525 0.008402 -0.161252 
1.230372 -0.798136 0.928677 0.316862 -0.221703 0.122566 -0.142794 -0.296685 -0.166372 0.007801 -0.101209 -0.336395 0.095704 -0.002327 -0.138930 
1.266166 -0.855062 0.930663 0.297083 -0.200673 0.136237 -0.149651 -0.301365 -0.213149 0.096016 -0.159217 -0.328116 0.113567 -0.034408 -0.113351 
1.386462 -0.910757 0.845227 0.194391 -0.196379 0.249337 -0.155573 -0.346757 -0.206174 0.045915 -0.070971 -0.300043 0.098172 -0.072123 -0.107787 
1.643867 -1.133414 0.541924 -0.407509 0.061636 0.127649 -0.380638 0.012029 -0.189531 0.201373 0.138006 -0.267066 0.119144 0.085026 -0.040175 
1.336543 -1.160321 0.387222 -0.544025 0.088008 -0.010687 -0.256049 0.038109 0.021744 0.311880 0.058449 -0.331382 0.080572 0.124196 -0.088609 
1.247017 -1.185497 0.309463 -0.636403 0.104182 -0.025123 -0.145215 0.064658 0.095814 0.323254 -0.051675 -0.331729 0.045787 0.093848 -0.086607 
1.257019 -1.209697 0.222640 -0.667678 0.112450 0.006288 -0.076436 0.034090 0.131476 0.307830 -0.050086 -0.355326 -0.025341 0.112741 -0.017916 
1.233447 -1.236901 0.185174 -0.668758 0.117660 0.021273 -0.054969 0.014707 0.144663 0.306732 -0.062050 -0.349118 -0.052695 0.118452 0.005929 
1.237039 -1.265606 0.149316 -0.682904 0.135741 0.030071 -0.063812 -0.002018 0.140609 0.291714 -0.036665 -0.343706 -0.050118 0.105343 0.032399 
1.194387 -1.222553 0.096601 -0.638609 0.134811 0.073646 -0.069055 0.008128 0.094102 0.302473 -0.067424 -0.304913 -0.071565 0.134535 0.029641 
1.243145 -1.298053 0.146580 -0.698715 0.185306 0.080353 -0.036581 -0.021375 0.097096 0.258801 -0.027914 -0.328898 -0.053660 0.130608 0.042255 
1.208785 -1.283478 0.079557 -0.664510 0.147643 0.117781 -0.061744 0.025066 0.037940 0.277137 -0.020303 -0.321568 -0.069000 0.139949 0.026017 
1.260882 -1.317782 0.122932 -0.716172 0.193560 0.114131 -0.038346 0.000345 0.049317 0.247658 -0.011983 -0.337531 -0.029259 0.122278 0.038092 
1.304207 -1.325477 0.098631 -0.720529 0.198046 0.132188 -0.053856 0.019815 -0.000198 0.263090 -0.007363 -0.328675 -0.027695 0.134085 0.015765 
1.234817 -1.314238 0.089051 -0.712718 0.201860 0.146787 -0.042696 0.014354 0.009450 0.238721 -0.007580 -0.328267 -0.027574 0.141985 0.022394 
1.308799 -1.330918 0.099256 -0.726155 0.199996 0.172846 -0.068913 0.037189 -0.021463 0.261859 -0.027905 -0.325898 -0.003377 0.122769 0.035465 
1.327057 -1.291546 0.072584 -0.694448 0.185716 0.202301 -0.083103 0.066788 -0.049733 0.247559 -0.033293 -0.304629 -0.008169 0.131605 0.040624 
1.328642 -1.309942 0.023388 -0.688749 0.189278 0.181524 -0.061748 0.044786 -0.053700 0.237506 -0.004900 -0.326117 0.041114 0.095129 0.023788 
1.411832 -1.279890 -0.028566 -0.681943 0.172902 0.198113 -0.057885 0.031696 -0.067255 0.246361 -0.013212 -0.305885 0.036936 0.097399 0.016722 
1.502245 -1.260845 -0.117004 -0.631180 0.151729 0.206513 -0.070554 0.028166 -0.100622 0.238965 0.008201 -0.279716 0.056675 0.085814 -0.002344 
1.748095 -1.383472 -0.152148 -0.544036 0.065827 0.222780 -0.118013 0.023169 -0.101459 0.273584 -0.018598 -0.222256 0.065831 0.026095 0.039036 
1.874558 -1.259353 -0.392134 -0.254842 -0.103539 0.228034 0.017801 -0.072246 -0.020367 0.265682 -0.075154 -0.239476 0.091052 -0.023492 0.076677 
1.728581 -1.045092 -0.420163 -0.260849 -0.043172 0.240005 -0.019790 -0.024210 -0.039988 0.267020 -0.049177 -0.269128 0.054433 0.000198 0.071757 
1.587703 -0.920495 -0.418599 -0.356515 0.019238 0.142724 0.013580 0.007700 -0.011713 0.266253 -0.024079 -0.312476 0.014162 0.011308 0.063343 
1.420150 -0.829392 -0.393757 -0.370384 0.099968 0.169015 -0.068697 -0.016435 -0.054939 0.244435 -0.001188 -0.259043 0.057358 0.008080 0.067617 
1.272384 -0.756968 -0.364738 -0.433994 0.077021 0.176443 -0.046560 0.041454 0.000685 0.247430 0.031485 -0.368103 0.021083 -0.012991 0.073243 
0.614432 -0.305183 -0.560176 -0.404840 0.020581 0.234750 0.020706 -0.056201 0.121073 0.277834 -0.016810 -0.391772 -0.047134 -0.019017 0.082694 
0.016077 -0.395852 -0.342901 -0.157139 0.040288 0.239569 -0.089949 -0.146105 -0.055676 0.240960 0.003814 -0.079616 -0.076895 0.044189 -0.015022 
-0.233998 -0.558603 -0.283963 -0.056313 0.087189 0.304547 -0.106574 -0.245360 -0.047628 0.213913 0.063907 -0.088912 -0.037050 -0.039991 -0.019329 
