city011_039
RAUSU
75
-0.364305 -0.050136 0.016729 0.077997 -0.055103 -0.042283 -0.105694 -0.003927 0.028421 0.032529 -0.018425 -0.049175 0.075181 -0.038482 0.009740 
-0.477306 -0.032297 -0.091790 0.136883 0.164012 0.051811 0.024034 -0.044184 0.008962 0.060272 -0.028158 0.004646 0.022950 -0.037030 0.038189 
0.556989 0.232799 0.335951 0.320241 0.081624 0.122598 -0.145093 -0.249029 0.008761 0.044886 -0.091098 -0.183934 0.014359 -0.044776 0.061696 
0.970793 -0.353440 0.460547 0.093926 -0.101139 0.038793 -0.423435 -0.319895 0.098425 0.112775 -0.184899 -0.185977 0.257203 -0.027877 0.119876 
1.249469 -0.630367 0.551588 -0.065129 -0.081558 0.076418 -0.513661 -0.262139 0.009512 0.161709 -0.206100 -0.104247 0.193825 0.012162 0.130311 
1.290258 -0.816403 0.570017 -0.272082 -0.039511 0.067270 -0.528344 -0.216785 -0.023982 0.258768 -0.092518 -0.120561 0.195340 0.035826 0.122880 
1.413181 -1.157498 0.541258 -0.539126 -0.145645 0.046599 -0.556482 0.098653 0.106895 0.331302 0.036856 -0.214997 0.241779 -0.017782 -0.097953 
1.322189 -1.074132 0.271178 -0.486908 -0.163082 0.015416 -0.285279 0.005903 0.237843 0.340088 -0.003362 -0.262340 0.081699 -0.000876 -0.129043 
1.207998 -1.308617 0.161380 -0.612775 -0.041754 -0.103080 -0.032386 -0.041095 0.169056 0.417924 -0.043790 -0.250702 -0.001552 -0.092064 -0.031372 
1.229848 -1.331459 0.142903 -0.626065 -0.042540 -0.003951 -0.071959 0.053005 0.127157 0.328673 0.008084 -0.272496 -0.073002 -0.039108 -0.001004 
1.316400 -1.400339 0.188741 -0.743087 0.004238 0.078903 -0.072811 0.007697 0.177849 0.231860 0.050103 -0.268819 -0.112063 0.011812 -0.039944 
1.287364 -1.371658 0.156149 -0.781370 0.040413 0.098952 -0.067616 -0.001268 0.162061 0.233101 0.041304 -0.278496 -0.092922 0.019428 -0.054724 
1.251478 -1.312775 0.214122 -0.844417 0.087535 0.109984 -0.057297 -0.046906 0.194514 0.232077 0.044058 -0.279257 -0.117164 0.012983 -0.044324 
1.319246 -1.229534 0.267822 -0.809796 0.049590 0.152645 -0.105803 -0.039591 0.238538 0.215355 0.046059 -0.287499 -0.143901 0.044485 -0.023119 
1.344067 -1.211737 0.236381 -0.822380 0.018986 0.121045 -0.050738 -0.031338 0.133822 0.259443 0.029293 -0.199499 -0.125332 -0.026062 -0.040455 
1.330758 -1.254366 0.228827 -0.764965 -0.012216 0.084214 -0.095684 -0.031254 0.091803 0.267860 0.123339 -0.141465 -0.167378 -0.046665 -0.038018 
1.249969 -1.365547 0.230353 -0.742497 0.007874 0.007790 -0.158361 -0.105776 0.149224 0.250718 0.192228 -0.072272 -0.118687 -0.095814 -0.077203 
1.158977 -1.276187 0.238518 -0.706878 -0.013058 0.010403 -0.215441 -0.202077 0.171835 0.293939 0.186018 0.002752 -0.101382 -0.097767 -0.073179 
1.307460 -1.047016 0.371217 -0.885634 0.074217 0.083470 -0.264831 -0.285056 0.106480 0.322354 0.202544 -0.033664 -0.005550 -0.141954 0.000265 
1.443358 -0.880678 0.430249 -0.828928 0.063144 0.193473 -0.371870 -0.235030 -0.055933 0.322318 0.210422 -0.048219 0.054534 -0.158348 0.027177 
1.560341 -0.961626 0.464907 -0.684805 0.060107 0.197533 -0.397126 -0.262358 -0.208670 0.276554 0.216231 -0.074888 0.133175 -0.114317 -0.014295 
1.818189 -1.097748 0.547367 -0.545409 -0.041460 0.258640 -0.432479 -0.199918 -0.377328 0.276421 0.195341 -0.098345 0.205965 -0.149914 -0.014308 
1.787359 -1.059246 0.460469 -0.356980 -0.064159 0.235750 -0.392934 -0.242157 -0.425158 0.127004 0.198393 -0.130617 0.249797 -0.129415 -0.068461 
1.807526 -0.911713 0.360569 -0.285318 0.002935 0.161596 -0.230820 -0.332352 -0.397429 0.025491 0.098310 -0.063639 0.167290 -0.068692 -0.093584 
1.839997 -0.679394 0.383608 -0.304354 -0.052994 0.178478 -0.160423 -0.255609 -0.428015 0.048563 -0.002335 -0.060512 0.145272 -0.019326 -0.095017 
1.961181 -0.525946 0.362418 -0.276539 -0.027819 0.136467 -0.126836 -0.268319 -0.400059 0.081701 0.012406 -0.143621 0.155924 -0.043775 -0.071072 
1.934875 -0.446577 0.278846 -0.169314 -0.051117 0.274074 -0.254822 -0.160715 -0.551834 0.105711 0.066141 -0.239614 0.176341 -0.091026 -0.070652 
1.867693 -0.400703 0.239345 -0.196039 0.082352 0.162811 -0.177210 -0.208067 -0.491419 0.052293 0.099247 -0.269722 0.142563 -0.066168 -0.077060 
1.798431 -0.503435 0.298359 -0.148293 0.129437 0.168431 -0.303268 -0.183483 -0.452947 0.085683 0.093072 -0.373616 0.151191 -0.059414 -0.030165 
1.618646 -0.449679 0.402027 -0.099304 0.113847 0.177677 -0.325046 -0.186904 -0.455604 0.070088 0.173804 -0.354096 0.045076 -0.033355 -0.010639 
1.496302 -0.561223 0.466447 -0.020673 0.166005 0.082623 -0.351412 -0.157600 -0.390903 0.101398 0.028880 -0.367316 0.106766 -0.065516 0.031572 
1.378785 -0.585785 0.525066 0.119893 0.052365 -0.048263 -0.224772 -0.031079 -0.397324 0.020872 -0.055508 -0.317494 0.199559 -0.121007 -0.027995 
1.177606 -0.291389 0.374438 0.292295 0.140347 -0.401594 -0.004498 -0.105730 -0.257907 0.080937 -0.202155 -0.146159 0.119188 -0.031968 -0.074752 
0.713412 -0.387620 0.575653 0.195977 0.269241 -0.296463 -0.200531 -0.105565 -0.033173 -0.003651 -0.331690 0.008280 0.073749 -0.117495 0.035000 
0.208834 -0.704088 0.410476 0.087611 0.174407 -0.064694 -0.064637 -0.003138 0.093247 0.013516 -0.128950 0.081885 0.028924 -0.061543 0.029558 
-0.024875 -0.855083 0.347156 -0.259692 0.054706 -0.039730 0.002604 -0.098926 0.045718 0.082073 -0.102572 0.087595 -0.011205 -0.089450 0.102066 
-0.211980 -0.818536 0.378070 -0.232060 0.217921 -0.046121 0.047224 0.185076 -0.065208 -0.019636 -0.148133 0.081226 0.154952 -0.105274 -0.042048 
-0.367631 -0.903405 0.174099 -0.354778 0.050570 -0.039858 0.094421 0.116701 -0.081491 0.000496 -0.061539 0.065141 -0.025710 -0.046343 0.106365 
-0.108694 -0.998051 0.286518 -0.219989 0.039492 -0.141776 0.084927 0.005719 0.051582 -0.032506 -0.049232 0.081599 -0.031534 -0.031828 0.018359 
0.317346 -0.674127 0.506575 -0.276047 0.078903 -0.014347 -0.038364 0.030173 -0.022681 -0.045280 -0.047919 0.123714 -0.038292 -0.061627 0.051448 
0.225120 -1.005507 0.280331 -0.178321 -0.035655 -0.284121 -0.033118 0.086620 0.104914 0.024281 -0.058398 0.039900 0.038478 -0.048967 -0.023927 
0.070094 -1.011900 0.141979 -0.150774 -0.000830 -0.240486 0.086727 0.167872 0.043519 -0.055724 -0.027662 -0.056610 0.068134 0.009811 -0.087751 
0.315279 -0.828400 0.287552 -0.160435 0.058767 -0.283989 0.045764 -0.156345 -0.120405 0.114421 0.089934 0.039536 -0.037279 -0.068018 0.135112 
0.083754 -0.904168 0.250484 -0.094952 0.142701 -0.298966 0.015381 0.099907 0.036276 -0.001492 -0.162700 0.150082 0.050223 -0.114778 0.018138 
0.259865 -0.863643 0.230775 0.130928 0.279198 -0.079476 0.143801 0.073893 0.027084 -0.037290 -0.054736 0.087041 0.095366 -0.070145 0.009018 
0.259919 -0.819195 0.422034 -0.192000 -0.081424 -0.222308 0.130815 0.149111 -0.098720 0.027042 -0.033575 0.018927 0.052852 -0.110242 0.042274 
0.138692 -0.825764 0.231988 -0.267404 0.144712 -0.106829 -0.077893 0.095838 0.046020 -0.077107 -0.005220 0.037192 0.038361 -0.087880 0.060920 
0.231500 -0.762292 0.291703 -0.359153 -0.070478 -0.131273 0.226544 -0.015120 0.059166 0.075087 -0.191580 0.058698 0.043542 -0.110771 0.099627 
0.189282 -0.928189 0.171879 -0.432356 -0.032201 -0.044790 0.046814 0.018424 -0.036156 -0.067210 0.100490 0.141601 -0.051087 -0.213154 0.168305 
-0.027821 -1.151260 0.095546 -0.281248 0.040747 -0.225336 0.136784 0.223902 0.037783 -0.097950 -0.112300 0.066651 0.016384 -0.090913 0.064758 
-0.027112 -1.133001 0.047123 -0.239361 0.149132 -0.083824 0.023332 0.032164 0.078690 -0.057094 -0.048575 0.033119 0.023084 -0.036751 0.007896 
-0.086984 -0.973372 0.090405 -0.025505 0.196159 -0.150121 0.131787 0.081218 -0.037383 -0.057843 -0.106778 0.109568 0.092019 -0.083131 0.005245 
0.079098 -1.137261 0.242013 -0.173048 0.130958 -0.076056 0.015158 0.084255 -0.044378 -0.089388 -0.011607 0.110297 0.085350 -0.196286 0.043875 
0.117481 -0.941516 0.357540 -0.262909 0.102073 -0.140934 0.097406 -0.012046 -0.074041 0.054182 -0.065662 0.107506 -0.004082 -0.117861 0.101744 
0.200016 -0.851201 0.321542 -0.250234 0.096229 -0.056304 -0.070460 0.102426 0.018610 -0.100308 0.027805 0.014026 0.057842 -0.066661 -0.021377 
0.124821 -0.938088 0.175778 -0.145461 -0.028677 -0.118528 0.027153 -0.072105 0.075757 0.044458 -0.040543 0.064949 -0.041395 -0.059131 0.101683 
0.391558 -0.990566 0.090723 -0.273464 0.117887 -0.133424 0.150444 0.106109 0.000438 -0.068004 -0.165831 0.124422 0.065546 -0.060921 0.019818 
0.305410 -0.994688 0.087087 -0.209562 0.098484 -0.033210 0.085133 0.185046 0.106799 -0.255125 -0.160655 0.121976 0.132744 -0.025845 -0.005347 
0.384314 -1.090232 0.115448 -0.454853 -0.099968 -0.073255 0.227294 0.138071 0.054041 -0.056950 -0.199168 0.067619 0.056200 -0.105836 0.102417 
0.104783 -1.048749 0.190536 -0.404546 -0.108708 -0.199021 0.140834 0.215551 0.109910 0.041584 -0.213011 0.028118 -0.031562 -0.100712 0.101164 
0.018844 -0.916750 0.345957 -0.245541 0.021376 -0.139270 0.172917 0.171914 -0.032131 -0.044495 -0.168994 0.124072 0.036330 -0.081029 0.082388 
0.050847 -0.849849 0.182540 -0.332153 -0.181356 -0.060491 0.263805 0.206670 -0.064351 -0.038214 -0.124018 -0.054100 0.120157 -0.114181 0.117186 
-0.036096 -1.144304 0.175279 -0.308979 -0.066109 -0.165142 -0.105509 0.270209 0.226481 -0.065036 -0.167720 0.049314 0.070931 -0.195060 0.062541 
0.123216 -0.939384 0.144815 -0.292162 -0.167739 -0.197636 -0.011288 0.141269 0.301674 -0.070129 -0.120249 0.055251 0.038428 -0.197324 0.049392 
0.061803 -0.959905 0.255090 -0.278331 -0.121884 -0.158171 -0.092365 0.220856 0.103412 0.031414 -0.135626 0.059394 0.072237 -0.173657 0.039397 
-0.012013 -1.044363 0.164246 0.012676 -0.161904 -0.263343 0.004067 0.206761 0.074400 -0.018853 -0.075835 -0.001742 0.100905 -0.093950 -0.029698 
-0.007361 -0.783697 0.074738 -0.281018 -0.199162 -0.218533 0.019855 0.144571 0.234628 -0.012896 -0.071787 0.062200 -0.061265 -0.155575 0.077582 
0.094082 -0.814947 0.240862 -0.199841 -0.183301 -0.252544 -0.064620 0.234663 0.084475 0.000988 -0.053597 0.098081 0.011618 -0.195621 0.112513 
0.107230 -0.874135 0.147175 -0.217173 -0.192951 -0.196837 -0.032814 0.212319 0.105894 -0.053121 -0.004272 0.054228 0.026118 -0.202146 0.080726 
-0.084303 -0.884002 0.233655 -0.068218 -0.247150 -0.000977 -0.028661 0.068349 0.025810 0.028377 -0.012025 -0.010019 0.009168 -0.065869 0.096715 
-0.055555 -0.657057 0.037516 -0.117665 -0.255306 -0.141444 -0.086264 0.051596 0.037246 0.210368 -0.022823 -0.044014 0.086001 -0.166596 0.134814 
-0.014426 -0.757171 0.044269 0.037037 -0.257746 -0.244946 0.016241 0.272842 0.079354 -0.008525 -0.093170 0.024834 0.021097 -0.110301 0.051282 
0.185548 -0.407781 0.064641 0.175165 -0.201514 -0.342609 -0.104571 -0.009356 0.042535 0.076719 -0.088508 0.074850 0.176711 -0.132191 0.024028 
0.118078 -0.322361 -0.253415 0.218597 -0.153586 -0.161522 0.025043 0.024183 0.036137 0.006157 -0.078990 0.124926 -0.017398 -0.115668 0.115589 
-0.089033 -0.316955 -0.090220 0.180190 -0.011040 -0.206577 -0.166020 0.100988 0.104613 -0.083496 -0.030293 0.073987 0.001002 -0.024057 0.023375 
