city011_001
AZABU
61
-0.564886 -0.362052 -0.331799 0.027146 0.118848 0.102376 -0.038906 -0.097793 -0.104022 0.043500 0.191281 -0.064826 -0.069747 -0.062851 0.066074 
-0.066361 -0.534747 -0.542394 -0.393602 -0.023413 0.136101 0.092935 -0.057077 0.009687 0.238097 -0.014652 -0.200186 -0.034928 -0.057951 -0.003195 
0.842157 -0.778868 -0.105691 -0.312336 0.087421 0.204189 -0.041299 -0.049061 -0.009931 0.115195 0.001007 -0.182716 0.119833 -0.025959 -0.020513 
1.278850 -1.399424 0.067990 -0.769867 0.052095 0.294201 -0.167835 0.147297 -0.156301 0.370518 -0.024816 -0.283953 0.097187 -0.181163 0.049259 
1.421715 -1.230193 -0.225744 -0.724383 0.103701 0.194390 -0.075956 0.034107 -0.035347 0.310075 -0.032731 -0.198102 -0.003825 -0.093536 0.019162 
1.289699 -1.321113 -0.102069 -0.853993 0.164666 0.209930 -0.097758 0.066441 -0.048566 0.349875 -0.062024 -0.219468 -0.022268 -0.097542 0.036108 
1.249455 -1.238858 0.009236 -0.840980 0.070885 0.190261 -0.101935 0.085144 -0.027585 0.331549 0.018237 -0.272279 -0.037341 -0.092911 -0.007077 
1.224821 -1.370419 0.127091 -0.762480 -0.010266 0.129633 -0.063520 0.015222 0.083793 0.277739 0.016615 -0.238389 -0.023894 -0.087033 -0.037941 
1.191334 -1.330720 0.177719 -0.664881 -0.040467 0.085474 -0.158575 -0.021745 0.229091 0.284875 -0.038422 -0.259565 0.030907 -0.065734 -0.033000 
1.216255 -1.288188 0.311354 -0.643686 0.044548 -0.044176 -0.238597 0.030437 0.133794 0.386163 -0.120989 -0.185939 0.110722 -0.094614 0.019909 
1.395151 -1.175099 0.419361 -0.507019 -0.011559 -0.135914 -0.300410 -0.055638 0.146501 0.400755 -0.160229 -0.089954 0.183122 -0.054810 -0.012017 
1.546437 -0.996897 0.333271 -0.304140 0.006562 -0.094147 -0.467173 -0.096743 0.097582 0.250509 -0.210891 0.051167 0.213547 -0.047487 0.122197 
1.414196 -0.672349 0.291445 -0.001192 0.221123 -0.070336 -0.396982 -0.152525 -0.042408 0.119944 -0.305183 -0.022731 0.157354 -0.089306 0.103051 
1.136524 -0.253834 0.268047 0.128915 0.174304 0.069094 -0.356221 -0.239891 0.037945 0.118614 -0.255114 -0.141221 0.095190 -0.046697 0.099950 
0.848878 -0.114963 0.087540 0.218149 0.205504 0.141213 -0.139472 -0.301806 0.074611 0.115555 -0.087639 -0.070352 -0.039854 -0.032816 0.087940 
0.608974 -0.419602 0.341482 0.279055 0.196700 0.194899 -0.233774 -0.127218 0.034112 0.086057 -0.004712 -0.136258 -0.017669 -0.031447 0.107335 
0.398919 -0.335132 0.084528 0.198119 0.230282 0.072961 -0.164834 0.070435 0.092392 0.016014 0.053750 -0.099828 -0.017675 0.149192 -0.070392 
0.359414 -0.430793 0.280225 0.131803 -0.028128 -0.028833 -0.065976 0.032417 -0.045087 -0.073830 0.058469 0.018988 -0.039880 -0.036854 0.072766 
0.711401 -0.609370 0.361248 -0.082942 0.096589 0.006496 -0.202951 0.040601 0.027924 0.047126 -0.060551 -0.008940 0.024021 -0.020911 0.080418 
1.520243 -0.872217 0.500197 -0.278433 0.046794 -0.000782 -0.462320 -0.081575 -0.002629 0.146519 -0.159297 -0.033698 0.183912 -0.019016 0.052579 
1.448077 -1.038008 0.524359 -0.398767 0.019172 -0.154791 -0.499288 -0.169826 0.080789 0.218585 -0.123081 0.027532 0.247998 0.055369 0.012356 
1.322387 -1.076368 0.427720 -0.529146 -0.001493 -0.164637 -0.349017 -0.126953 0.253717 0.283684 -0.115265 -0.034641 0.203598 -0.028300 -0.046986 
1.192419 -1.102404 0.467643 -0.627305 -0.012975 -0.226300 -0.223377 -0.117958 0.328307 0.331402 -0.053808 -0.069129 0.067321 -0.035456 -0.079906 
1.263399 -1.248433 0.389684 -0.633303 -0.058401 -0.169563 -0.143387 -0.000891 0.225259 0.312845 -0.009943 -0.174413 0.030837 -0.006666 -0.147230 
1.257705 -1.375028 0.356487 -0.644425 -0.061994 -0.119322 -0.087785 0.013549 0.180329 0.303469 -0.030254 -0.161451 -0.006156 -0.007527 -0.145331 
1.189983 -1.414042 0.326959 -0.672608 -0.034861 -0.115374 -0.055163 -0.004175 0.193968 0.257518 0.009719 -0.166211 -0.019698 -0.031926 -0.124341 
1.184256 -1.402893 0.330787 -0.663400 -0.053992 -0.107616 -0.063749 -0.006215 0.195485 0.262282 -0.012895 -0.120505 -0.035840 -0.037871 -0.122054 
1.229957 -1.384590 0.370079 -0.693345 -0.091604 -0.109960 -0.048492 0.008776 0.175603 0.237529 0.021885 -0.074114 -0.074001 -0.052375 -0.093756 
1.229254 -1.332572 0.363084 -0.669279 -0.118021 -0.144251 -0.035450 -0.005901 0.161276 0.228155 0.065153 -0.060899 -0.057344 -0.060287 -0.104245 
1.231809 -1.275436 0.376810 -0.679418 -0.136494 -0.147156 -0.064548 -0.073682 0.171361 0.225998 0.106094 -0.016500 -0.031727 -0.041949 -0.154154 
1.223847 -1.148237 0.421010 -0.672443 -0.033970 -0.179690 -0.163458 -0.198835 0.088242 0.385321 0.091737 -0.028943 0.084270 -0.053630 -0.076178 
1.484004 -1.049774 0.445218 -0.566597 0.051024 -0.008434 -0.360900 -0.252436 -0.086856 0.266731 0.053113 -0.013419 0.189292 -0.047879 0.017011 
1.657123 -0.970894 0.544177 -0.540018 0.022996 0.152599 -0.554293 -0.136169 -0.254624 0.234994 0.030891 -0.061473 0.242975 -0.084672 0.070589 
1.607733 -0.501813 0.501149 -0.389062 0.152247 0.282289 -0.386162 -0.187716 -0.180411 0.231679 0.022476 -0.175087 0.109753 -0.126024 0.054657 
1.473333 -0.526581 0.469268 -0.305862 0.149021 0.324656 -0.490135 -0.257430 -0.209352 0.114876 0.027539 -0.237509 0.120990 -0.130941 0.046021 
1.653905 -0.493418 0.524019 -0.349304 0.156857 0.227242 -0.451912 -0.209022 -0.228119 0.143476 -0.007884 -0.240565 0.123461 -0.074670 0.028463 
1.536309 -0.518010 0.582219 -0.321808 0.163296 0.165591 -0.489834 -0.193279 -0.284768 0.155241 0.071616 -0.287633 0.098826 -0.004139 0.032808 
1.644538 -0.503939 0.613541 -0.388342 0.285326 0.069827 -0.395457 -0.123743 -0.404200 0.128826 -0.001998 -0.204022 0.036513 -0.030668 0.032190 
1.541992 -0.610647 0.592973 -0.529962 0.201122 0.095443 -0.536618 -0.128686 -0.369740 0.252843 0.021825 -0.146084 0.160770 -0.074382 0.109616 
1.499032 -0.751420 0.699365 -0.492554 0.209540 0.015254 -0.529524 -0.134525 -0.268661 0.190877 -0.091176 -0.143813 0.192274 -0.033891 0.091421 
1.480328 -0.762546 0.740153 -0.515755 0.216586 -0.004267 -0.579273 -0.133383 -0.132875 0.112759 -0.149488 -0.097211 0.175728 0.022434 0.077614 
1.531924 -0.909482 0.739426 -0.454037 0.141057 -0.073841 -0.523263 -0.006819 -0.189210 0.091149 -0.101432 -0.102132 0.240585 -0.004541 0.015137 
1.564920 -0.901799 0.797734 -0.443603 0.151326 0.018649 -0.638810 -0.038640 -0.179274 0.168794 -0.162830 -0.168921 0.257691 0.015693 0.026674 
1.586304 -0.970958 0.828708 -0.431585 0.158889 -0.007032 -0.599201 -0.020189 -0.194712 0.159612 -0.153830 -0.175926 0.260680 0.007664 0.011571 
1.521087 -0.919795 0.809920 -0.401365 0.173541 0.012069 -0.608099 -0.081178 -0.165727 0.154590 -0.137378 -0.202519 0.223397 0.055397 0.003724 
1.535179 -0.895967 0.814063 -0.417202 0.182985 0.003347 -0.578630 -0.093795 -0.173034 0.159203 -0.146497 -0.182633 0.189117 0.072476 0.003394 
1.498250 -0.846374 0.811723 -0.379171 0.152834 0.006708 -0.556147 -0.099243 -0.170304 0.154079 -0.127289 -0.175990 0.173268 0.070970 0.003155 
1.502411 -0.849618 0.804613 -0.359136 0.149692 0.031262 -0.572666 -0.097179 -0.170351 0.147785 -0.113596 -0.172508 0.152918 0.063855 0.035915 
1.460480 -0.815167 0.757607 -0.324051 0.157150 0.054370 -0.557047 -0.169776 -0.138498 0.109355 -0.102176 -0.179501 0.132161 0.053532 0.050886 
1.533028 -0.903879 0.755382 -0.322951 0.156190 0.083547 -0.561185 -0.146690 -0.181334 0.108471 -0.122671 -0.175944 0.143827 0.021591 0.041499 
1.456504 -0.845514 0.724111 -0.273281 0.145048 0.059580 -0.528181 -0.185858 -0.151950 0.056892 -0.084365 -0.198770 0.125084 0.061101 -0.000526 
1.543965 -0.874505 0.779355 -0.275183 0.104164 0.074192 -0.526707 -0.162817 -0.186872 0.083728 -0.095147 -0.210600 0.150540 0.042756 0.001423 
1.523564 -0.844999 0.742627 -0.239259 0.081074 0.087702 -0.566088 -0.137143 -0.221413 0.123895 -0.079427 -0.237290 0.181148 0.033403 0.008768 
1.587095 -0.827221 0.766653 -0.263064 0.125951 0.067477 -0.588531 -0.111997 -0.303022 0.191861 -0.053438 -0.328038 0.210766 0.038512 0.023727 
1.551759 -0.688132 0.729177 -0.215355 0.039286 0.134421 -0.659897 -0.086744 -0.383137 0.249414 -0.036489 -0.363021 0.275923 -0.000572 0.034495 
1.444207 -0.435418 0.558001 -0.262199 0.114666 0.004387 -0.550021 -0.182094 -0.341897 0.195588 -0.051574 -0.375306 0.310519 0.004472 -0.014615 
1.507256 -0.064485 0.327781 -0.135720 0.216757 -0.140557 -0.434305 -0.305921 -0.303029 0.224082 -0.129693 -0.307061 0.213670 -0.002648 0.097647 
1.364793 -0.172069 0.290361 -0.006836 0.131982 -0.137962 -0.377829 -0.389034 -0.242236 0.225514 -0.172309 -0.307533 0.213262 0.064188 -0.003167 
0.692797 0.303743 0.412749 0.265486 -0.086380 -0.262810 -0.257429 -0.376094 -0.058311 -0.046480 -0.217281 -0.148514 0.215578 0.047842 -0.085526 
0.060232 0.037353 0.198756 0.297242 -0.163386 -0.061392 -0.333160 -0.358182 -0.203078 0.032988 -0.135661 -0.097065 0.036866 0.059062 0.070385 
-0.062064 -0.034975 0.094703 0.200314 0.031509 -0.142080 -0.334731 -0.284484 -0.044597 0.080181 -0.024795 -0.192018 0.104188 0.080460 0.088599 
