city011_080
HYAKKATEN
99
-0.123577 0.091999 0.325436 -0.519859 -0.226679 0.227702 -0.253181 -0.085507 -0.016149 -0.069685 0.143769 -0.021009 0.083905 -0.019683 0.060951 
0.006829 -0.053860 0.448856 -0.428810 -0.000341 0.156802 -0.350973 -0.125211 0.019348 -0.046100 0.064919 -0.023106 0.084456 -0.108702 0.144992 
0.129456 -0.152819 0.583723 -0.332321 0.129494 0.016494 -0.354274 -0.090180 0.090924 -0.030688 -0.009769 -0.064082 0.102244 -0.046132 0.100431 
0.184097 -0.340158 0.383106 -0.599529 -0.077513 0.133418 -0.119388 -0.013910 0.038439 -0.082411 0.136204 -0.019271 -0.014313 -0.005120 0.075687 
0.356486 -0.458244 0.491577 -0.399302 0.004636 0.148946 -0.067253 -0.027531 0.222947 -0.098327 -0.012253 0.043074 -0.056221 -0.017552 0.085763 
0.320311 -0.778440 0.436415 -0.210379 0.032123 0.030966 0.060165 0.122421 0.160575 -0.137405 -0.055222 0.024340 0.037928 -0.029472 0.019279 
0.675934 -0.780901 0.556169 -0.210355 -0.005419 -0.138412 0.017965 0.110343 0.171658 0.058262 -0.086822 -0.005203 0.018917 -0.066393 0.063741 
1.487745 -1.180943 0.231039 -0.235454 -0.109136 -0.210637 0.005164 0.226767 0.087365 0.104023 -0.116598 -0.146437 0.159911 -0.106152 -0.091491 
1.221057 -1.404262 0.259053 -0.568371 0.066321 -0.257193 0.003575 0.242812 0.129571 0.173193 -0.123983 -0.294242 0.099043 0.083690 -0.231123 
0.995146 -1.483751 0.247415 -0.671729 0.118958 -0.137836 0.003333 0.134173 0.218846 0.130142 -0.064460 -0.336839 -0.032334 0.201417 -0.179314 
1.031520 -1.451502 0.212109 -0.724564 0.143745 -0.048653 0.067510 -0.009092 0.221723 0.138983 0.014641 -0.371968 -0.085546 0.187013 -0.031764 
1.101939 -1.399014 0.216287 -0.684195 0.106198 -0.028841 0.021842 -0.008675 0.171527 0.237133 0.013424 -0.329299 -0.154090 0.163678 0.032092 
1.121261 -1.378630 0.221513 -0.699288 0.115730 -0.093336 0.043410 -0.050867 0.188354 0.245983 0.099192 -0.367602 -0.128699 0.084082 0.055479 
1.201050 -1.348854 0.153214 -0.631343 0.080965 -0.120440 -0.024250 -0.009661 0.117380 0.307430 0.148778 -0.357438 -0.121386 0.085277 -0.010825 
1.222886 -1.252224 0.188010 -0.669292 0.110941 -0.151453 -0.081841 -0.047942 0.080032 0.316599 0.243208 -0.361114 -0.030509 0.032753 -0.046532 
1.266507 -1.220115 0.311545 -0.557405 0.070945 -0.179669 -0.213845 -0.013025 -0.022916 0.387430 0.192930 -0.324723 0.153832 -0.055002 0.009206 
1.374065 -1.062410 0.264416 -0.278062 0.097676 -0.228641 -0.214381 -0.098106 -0.071293 0.397658 0.048524 -0.283519 0.254256 -0.056469 0.080753 
1.312130 -0.711218 0.187300 0.027949 0.161770 -0.363306 -0.172539 -0.244193 -0.160007 0.377586 -0.068018 -0.210776 0.211249 0.011157 0.161285 
1.059351 -0.273656 0.075542 0.087816 0.205033 -0.225607 -0.140365 -0.226265 -0.133639 0.245469 -0.099813 -0.294763 0.266456 -0.045536 0.026915 
0.428154 -0.439914 -0.146899 0.209273 0.024098 0.102240 0.020888 -0.201979 0.004870 0.106355 0.102604 -0.228006 0.125455 -0.024610 -0.016149 
0.056319 -0.703694 -0.450755 -0.216384 -0.070263 0.031015 0.103775 -0.124870 0.137653 0.066771 0.180100 -0.226869 -0.137260 0.048255 0.053156 
-0.182089 -0.672352 -0.470541 -0.183071 -0.135827 -0.032860 0.133138 -0.107833 0.183259 0.117269 0.079194 -0.185498 -0.096307 -0.066185 0.080147 
-0.382065 -0.742184 -0.556275 -0.079535 -0.157187 -0.090766 0.159070 0.013760 0.107564 0.299962 -0.066785 -0.403091 0.043137 -0.026148 0.103477 
-0.236804 -0.698777 -0.477972 -0.096372 -0.146190 -0.071068 0.089867 0.029454 0.107551 0.195723 0.001169 -0.321182 0.053115 -0.034643 0.048188 
-0.228510 -0.648594 -0.350270 -0.141578 -0.213606 -0.019897 0.046595 -0.029161 0.140771 0.174929 0.059324 -0.273388 0.026108 -0.028501 -0.015163 
-0.198261 -0.501848 -0.314810 -0.096668 -0.177338 -0.132288 -0.041449 -0.031706 0.095098 0.206797 0.116920 -0.175268 -0.000698 -0.052706 0.037104 
-0.450052 -0.579338 -0.556034 -0.118206 0.069609 -0.132211 -0.166112 0.119436 0.250152 -0.002262 0.093490 -0.140140 -0.120128 -0.060867 0.168670 
-0.508959 -0.544855 -0.353210 -0.035338 -0.057917 -0.055666 0.026253 -0.196580 0.149541 0.205020 0.101121 -0.304542 -0.009902 0.135447 -0.012097 
-0.288939 -0.518412 -0.396148 0.083918 -0.166393 -0.098645 -0.048614 -0.168735 0.268912 0.197858 -0.003851 -0.235720 0.017282 0.133467 -0.077040 
-0.321614 -0.293202 -0.534631 -0.050915 0.066498 -0.192510 -0.135873 -0.119853 0.171361 0.167916 0.147436 -0.146786 -0.072683 0.007789 0.089859 
-0.525306 -0.511362 -0.376897 -0.092173 -0.107374 -0.036313 -0.166894 -0.067371 0.220166 0.149936 0.152439 -0.168476 -0.168714 0.053291 0.141458 
-0.392372 -0.408516 -0.507597 -0.011525 -0.060491 -0.078836 -0.101377 -0.096131 0.272925 0.080777 0.082620 -0.164655 -0.096042 0.087695 0.038649 
-0.418120 -0.448403 -0.466366 0.006458 0.025662 -0.149305 -0.169370 -0.040557 0.183590 0.150048 0.036177 -0.123305 0.010619 -0.101079 0.179595 
-0.395968 -0.513684 -0.406647 0.074540 0.029849 -0.095679 -0.138845 -0.059866 0.115473 0.098750 0.160944 -0.239103 -0.005256 0.006647 0.183224 
-0.592997 -0.544949 -0.434111 0.009286 -0.100658 -0.044185 -0.025508 -0.102550 0.171259 0.119884 0.101797 -0.158172 -0.170007 0.115678 0.104736 
-0.519747 -0.444382 -0.348348 0.048016 -0.031596 -0.092225 -0.176777 -0.060633 0.173427 0.107044 0.091099 -0.161587 -0.051455 0.088769 0.069898 
-0.698547 -0.347356 -0.228323 -0.116538 -0.218424 -0.010962 -0.038751 -0.136851 0.120297 0.168289 0.168292 -0.217389 -0.014274 0.017936 0.050053 
-0.549422 -0.333478 -0.264786 0.006094 -0.177762 -0.072467 0.013182 -0.133480 0.164525 0.051508 0.111378 -0.131928 -0.054577 0.091028 0.008384 
-0.467870 -0.249487 -0.067228 -0.016426 -0.242139 0.075287 0.021890 -0.220178 0.085651 0.041181 0.092127 -0.091422 0.053430 -0.034986 0.011064 
-0.541861 -0.289286 -0.331018 -0.027247 -0.248360 -0.114170 -0.032752 -0.060587 0.097310 0.195681 0.126620 -0.191922 0.016799 0.004319 -0.008653 
-0.537610 -0.234443 -0.267087 -0.082471 -0.137590 -0.084806 -0.157392 -0.195375 0.191029 0.138161 0.162969 -0.091575 -0.067298 0.048268 0.053181 
-0.623378 -0.406123 -0.351314 0.050365 -0.193932 -0.151688 -0.129244 -0.061255 0.180059 0.183713 0.115113 -0.137335 -0.103029 0.073802 0.073490 
-0.011551 -1.062681 -0.260664 0.231019 0.223928 -0.161251 -0.121892 0.078365 0.089741 -0.024887 -0.006691 -0.150429 0.146810 0.033196 -0.076417 
0.815903 -1.162992 -0.375535 -0.214017 0.306524 -0.356506 -0.100711 0.223798 0.189857 0.093587 -0.121984 -0.232212 0.140858 -0.047053 0.039218 
1.342269 -0.463177 0.089288 0.016358 -0.029908 -0.292227 -0.235099 -0.022691 -0.036616 0.136757 0.039268 -0.191621 0.257225 0.002524 -0.016221 
1.591162 -1.265886 0.329819 -0.194683 -0.036345 -0.334617 -0.338022 0.042596 -0.050565 0.330480 0.084319 -0.214029 0.289453 0.029612 -0.065523 
1.417372 -1.194597 0.221097 -0.463505 0.108637 -0.333250 -0.191660 -0.052973 0.108659 0.330185 0.119207 -0.250575 0.095915 0.117862 -0.091367 
1.339559 -1.259011 0.313439 -0.692708 0.143425 -0.240756 -0.120718 0.019365 0.116640 0.347616 0.144074 -0.304990 -0.054169 0.065107 -0.033988 
1.293247 -1.283696 0.295178 -0.739115 0.081125 -0.138425 -0.094023 0.035170 0.107395 0.333116 0.140578 -0.305616 -0.097720 0.048812 -0.054582 
1.308694 -1.319392 0.263446 -0.719055 0.052854 -0.135677 -0.047094 0.037768 0.092055 0.341633 0.088254 -0.295391 -0.079837 0.060069 -0.114286 
1.333050 -1.332775 0.317249 -0.721819 0.037237 -0.142547 -0.036307 0.029604 0.131363 0.321844 0.083734 -0.312392 -0.046033 0.015727 -0.091339 
1.298590 -1.237637 0.288577 -0.653914 -0.018086 -0.108911 -0.087021 0.051401 0.173803 0.297113 0.052164 -0.308853 0.000063 -0.013699 -0.093607 
1.359666 -1.216096 0.280670 -0.659875 0.005429 -0.163167 -0.101148 -0.001188 0.246960 0.280919 0.002568 -0.251915 0.071847 -0.075127 -0.079335 
1.445815 -1.160427 0.209453 -0.527891 -0.010378 -0.178313 -0.189744 0.025950 0.190331 0.322046 -0.070380 -0.164952 0.124513 -0.082652 -0.047158 
1.864635 -1.140359 0.162985 -0.215001 0.012708 -0.188031 -0.327196 -0.006693 0.192842 0.140059 -0.019551 -0.046468 0.166126 -0.132642 0.123510 
1.458908 -0.626424 -0.063467 0.071097 -0.079578 -0.138699 -0.447555 -0.158485 0.223662 0.040260 -0.087063 0.006339 0.248747 -0.085167 0.129914 
0.821666 0.125287 -0.108394 0.134988 -0.180029 -0.068739 -0.089756 -0.000953 0.332692 -0.001076 0.009526 -0.056409 0.050398 0.008047 -0.087647 
0.318395 -0.282861 -0.323087 -0.160815 -0.178806 -0.068122 -0.046570 -0.069858 0.296889 0.003452 0.018773 -0.096453 0.046966 -0.029664 -0.071276 
0.083140 -0.632100 -0.404645 -0.083118 -0.190410 -0.154858 -0.107879 0.027399 0.323068 0.053617 0.050417 -0.090953 -0.019179 -0.077603 -0.054446 
0.099156 -0.703312 -0.396588 0.088446 -0.205844 -0.226284 -0.145422 -0.063308 0.218961 0.172446 0.164640 -0.153401 0.027780 -0.050418 0.006671 
-0.056877 -0.476983 -0.400592 -0.048591 -0.179962 -0.099709 -0.054304 -0.181877 0.240232 0.134765 0.130985 -0.121464 -0.026070 -0.019765 -0.035371 
-0.218499 -0.559335 -0.471930 -0.033090 -0.128333 0.050133 -0.007011 -0.161249 0.159431 0.128591 0.109856 -0.222270 -0.007873 0.009616 0.001833 
-0.024980 -0.439619 -0.202819 0.049883 -0.237529 -0.101380 -0.020567 -0.309170 0.115427 0.183272 0.186528 -0.192675 0.065228 0.044381 -0.031027 
-0.081121 -0.245857 -0.403448 -0.068256 -0.115069 -0.098909 -0.049996 -0.206022 0.182115 0.282011 0.064639 -0.295335 0.106584 0.035494 -0.071473 
-0.027017 -0.329621 -0.435989 -0.016997 -0.104388 0.120794 0.040773 -0.302467 0.146166 0.115248 0.132327 -0.241357 0.023536 0.075566 -0.103432 
0.636293 -0.689653 0.236164 -0.265510 -0.232770 0.058343 -0.029059 -0.100430 0.050398 -0.042202 0.113939 -0.002372 0.019565 -0.058699 0.055954 
0.815040 -0.441620 0.478677 0.080673 -0.201614 -0.157780 -0.130372 -0.109691 -0.174781 -0.114957 -0.061072 0.086445 0.102737 -0.232786 0.247514 
1.411692 -0.995507 0.998792 -0.022146 -0.339579 -0.219075 -0.237862 -0.018181 -0.119385 -0.077807 0.052296 0.035975 0.215648 -0.193442 0.191747 
1.204512 -1.139756 0.989657 -0.336139 -0.157907 -0.295326 -0.256823 -0.091329 -0.175442 -0.089066 0.070215 0.108039 0.201324 -0.139014 0.201193 
1.235242 -1.161397 0.991892 -0.250461 -0.316906 -0.277034 -0.249320 0.013768 -0.112939 -0.037352 0.112390 0.103546 0.186333 -0.145333 0.159176 
1.123186 -1.159752 0.789691 -0.294329 -0.343993 -0.247775 -0.253939 -0.019815 -0.078211 0.007063 0.144195 0.137088 0.178085 -0.109567 0.114607 
1.142556 -1.275680 0.768225 -0.426885 -0.172103 -0.371598 -0.122661 -0.132078 -0.064028 0.005727 0.211942 0.089689 0.217678 -0.111848 0.069611 
1.239581 -1.216694 0.733775 -0.260314 -0.480327 -0.119612 -0.103392 0.177668 -0.010706 0.011443 0.130501 -0.019724 0.119885 -0.186302 0.006232 
1.351561 -1.251698 0.740146 -0.238584 -0.457547 -0.059116 -0.091691 0.140632 -0.022891 0.007905 0.171301 -0.127653 0.156439 -0.143324 -0.021483 
1.322986 -1.205752 0.675052 -0.178734 -0.410322 -0.061213 -0.021288 0.136025 -0.087540 0.017288 0.146383 -0.146650 0.153185 -0.119364 -0.020724 
1.415554 -1.251657 0.605181 -0.071158 -0.386906 -0.075520 -0.060249 0.157538 -0.074529 0.072902 0.140101 -0.200212 0.179356 -0.104462 -0.038356 
1.504361 -1.257459 0.531054 -0.001838 -0.277215 -0.093817 -0.075129 0.135236 -0.003878 0.128188 0.065388 -0.248562 0.220837 -0.061585 -0.091884 
1.578160 -1.281611 0.398963 0.109491 -0.260797 -0.076654 -0.063754 0.109249 0.009429 0.133015 0.016450 -0.246907 0.245178 -0.071289 -0.089050 
1.542817 -1.203066 0.332101 0.137789 -0.224842 -0.135823 -0.011201 0.135239 0.022485 0.182202 -0.039433 -0.244540 0.257513 -0.099026 -0.079305 
1.606969 -1.131555 0.212036 0.287638 -0.289062 -0.049776 -0.059266 -0.004851 0.102779 0.166127 -0.063336 -0.268074 0.312106 -0.087824 -0.090380 
1.678680 -1.143413 0.186610 0.323097 -0.218631 -0.117339 -0.022770 -0.030413 0.078787 0.191708 -0.108555 -0.233634 0.316748 -0.115859 -0.028977 
1.549302 -0.973000 0.147954 0.397843 -0.311703 -0.062122 0.004866 -0.119742 0.090031 0.220893 -0.141252 -0.203571 0.285842 -0.091752 0.007958 
1.530452 -1.025831 0.254788 0.332842 -0.192741 -0.051286 -0.045078 -0.167180 0.127947 0.163629 -0.122555 -0.184745 0.255963 -0.079649 0.024608 
1.429853 -0.949398 0.252823 0.338669 -0.189801 -0.043044 -0.037423 -0.188845 0.151343 0.160590 -0.097773 -0.195031 0.246387 -0.083291 0.043776 
1.286257 -0.847247 0.346395 0.328555 -0.178349 -0.024020 -0.067599 -0.263754 0.224156 0.122827 -0.095171 -0.179895 0.208450 -0.032301 0.044501 
1.126318 -0.721577 0.381828 0.370991 -0.190397 0.004742 -0.110242 -0.293925 0.166255 0.130457 -0.107773 -0.175223 0.163357 0.022414 0.020518 
1.069748 -0.666595 0.415210 0.454875 -0.258649 0.114153 -0.193144 -0.266319 0.032727 0.098914 -0.086264 -0.248667 0.203098 -0.053526 0.056811 
0.885995 -0.525848 0.371335 0.471888 -0.228174 -0.002993 -0.032020 -0.403358 0.096307 0.097192 -0.090172 -0.205080 0.120209 0.040333 0.011207 
0.839372 -0.485043 0.423794 0.440966 -0.195919 -0.026163 -0.025284 -0.358527 0.028667 0.094277 -0.103492 -0.203454 0.144872 -0.023249 0.029362 
0.846056 -0.444166 0.460687 0.500339 -0.241576 0.073360 -0.031462 -0.374159 0.013526 -0.009092 -0.076797 -0.205761 0.097843 -0.085131 0.058176 
0.754538 -0.409744 0.542034 0.464222 -0.179639 -0.005370 -0.058643 -0.292743 -0.051866 -0.000821 -0.075241 -0.252022 0.118705 -0.061312 0.033604 
0.610941 -0.258420 0.415309 0.580723 -0.185900 0.004038 -0.060407 -0.341590 0.080031 -0.104288 -0.171422 -0.114048 0.042202 -0.084463 0.010980 
0.675510 -0.234454 0.438034 0.545564 -0.180879 -0.003358 -0.008755 -0.383672 0.083717 -0.144527 -0.165493 -0.076095 -0.029794 -0.060845 0.000770 
0.395576 -0.229450 0.487208 0.685146 -0.185246 -0.005543 -0.064030 -0.362757 0.047322 -0.080591 -0.223143 -0.206560 0.058594 -0.100528 0.002554 
0.288270 -0.050448 0.467597 0.584503 -0.088333 -0.032949 -0.017279 -0.334545 -0.001505 -0.112798 -0.152847 -0.218915 0.000291 -0.063737 -0.061149 
0.188139 0.001742 0.366617 0.657688 0.069481 -0.022094 -0.143773 -0.239164 0.091877 -0.094340 -0.156419 -0.241395 -0.050281 0.057224 -0.046307 
0.176396 0.063918 0.506903 0.453078 -0.162706 0.102347 0.189725 -0.173205 0.133674 -0.006297 0.041118 -0.099043 0.092461 0.007440 -0.066945 
0.037205 0.054708 0.382545 0.463983 0.089362 0.163221 0.085977 -0.180426 0.070151 0.049819 0.038403 -0.143576 0.062433 -0.062377 0.033987 
0.063191 0.059650 0.452615 0.502186 0.019695 0.057215 0.044665 -0.183565 0.128090 -0.054636 -0.061885 -0.123824 0.112403 -0.124336 -0.006970 
