city011_095
BYAKUREN
68
-0.158727 0.090817 0.010515 -0.000032 -0.140952 -0.272363 -0.161151 0.014535 -0.050720 -0.062658 0.147931 0.013075 0.065643 -0.041163 0.097593 
0.090738 -0.987957 0.236942 0.208681 -0.009423 0.214480 -0.130728 0.034602 0.081006 -0.152552 0.095455 0.007461 0.092479 -0.203117 0.143882 
0.842833 -1.087955 0.698976 0.142272 0.043304 0.261905 -0.057990 0.034416 -0.019854 -0.091736 0.209549 -0.073433 0.064238 -0.145682 0.080655 
1.006610 -0.719110 1.599665 -0.183046 -0.153114 0.083330 -0.403095 0.223378 -0.240658 -0.258432 0.178738 -0.197385 0.113471 -0.206742 0.156417 
0.985690 -0.990743 1.315197 -0.472757 -0.176269 -0.118490 -0.386636 0.067968 -0.260780 -0.166379 0.130111 -0.006617 0.129338 -0.120570 0.210925 
1.139322 -1.166153 0.926381 -0.490513 -0.140176 -0.217048 -0.332789 -0.056961 -0.138721 -0.051190 0.180300 0.055201 0.242220 -0.122620 0.161166 
1.149941 -1.274814 0.810749 -0.399374 -0.182838 -0.442368 -0.169837 0.078111 0.111162 0.120740 0.031105 0.097366 0.157570 -0.095484 -0.059386 
1.300397 -1.258209 0.420129 -0.472533 -0.028255 -0.516225 -0.064255 0.061704 0.253875 0.134234 0.008792 -0.037048 0.156459 -0.092611 -0.110142 
1.240985 -1.253865 0.335113 -0.473768 0.032964 -0.456267 -0.059000 0.171168 0.243589 0.141523 0.026475 -0.215751 0.070873 0.039153 -0.226961 
1.300645 -1.322698 0.323728 -0.571609 0.063354 -0.382455 -0.059910 0.145893 0.286020 0.093638 0.045140 -0.244021 0.033859 0.068707 -0.210450 
1.272246 -1.238629 0.380151 -0.570844 0.046437 -0.353989 -0.083891 0.126872 0.297047 0.140411 0.047767 -0.276665 0.021117 0.085956 -0.194879 
1.280829 -1.251102 0.451814 -0.612176 0.032596 -0.324658 -0.108181 0.105346 0.295273 0.211580 -0.031897 -0.223719 0.048977 0.022381 -0.183673 
1.264932 -1.248688 0.359692 -0.559247 0.064142 -0.355469 -0.149275 0.075532 0.208597 0.257375 0.009685 -0.228789 0.127486 0.021270 -0.179804 
1.416528 -1.229007 0.335380 -0.430860 0.160740 -0.404477 -0.202264 0.044876 0.038186 0.259332 0.056076 -0.252546 0.244835 0.030341 -0.053657 
1.664894 -1.096977 0.301407 -0.131450 0.129946 -0.400114 -0.318408 0.017188 -0.139068 0.335573 -0.014158 -0.259649 0.359244 0.002921 0.053711 
1.647921 -0.888694 0.446055 -0.070614 0.135745 -0.349110 -0.455867 0.009820 -0.113846 0.186612 0.023956 -0.240583 0.295763 0.052089 0.159049 
1.157214 -0.226524 0.285071 0.212783 0.025573 -0.197559 -0.368130 -0.026947 0.135529 0.114872 0.014662 -0.137091 0.191550 0.049385 0.172651 
0.651947 -0.258466 0.066323 0.155696 -0.191090 -0.033355 0.085618 0.157530 0.153743 0.089807 0.064669 -0.204910 0.118020 -0.046033 0.020655 
0.265735 -0.512288 -0.094673 -0.018397 -0.312532 -0.134898 0.029580 0.250026 0.087705 0.010390 0.039502 -0.217164 0.110691 -0.117710 0.021493 
0.129682 -0.681012 -0.376537 0.204758 -0.282325 -0.319454 -0.044750 0.114366 0.112680 0.142485 0.136657 -0.262604 0.160983 -0.115102 0.011562 
0.107658 -0.685080 -0.368794 0.006524 -0.073771 -0.138939 -0.035237 0.069472 0.117711 0.108040 0.001549 -0.222749 0.108910 -0.041955 0.039678 
0.002643 -0.667508 -0.232970 0.080149 -0.217545 -0.191845 0.070646 0.046825 0.161291 0.030285 0.019538 -0.216312 0.136414 -0.030159 -0.033968 
0.459955 -0.929619 -0.245177 -0.098805 0.077091 0.213191 -0.075357 -0.096880 0.169134 -0.030151 -0.033105 -0.142806 0.153495 -0.044136 0.098288 
0.818566 -0.879044 -0.292480 -0.245013 0.100430 0.122547 -0.009469 -0.144272 0.182727 0.026604 0.002693 -0.183371 0.095287 -0.037107 0.101613 
0.775137 -0.672349 0.049659 -0.107019 0.045838 -0.070156 -0.156840 -0.311514 0.227850 0.155400 0.077300 -0.223962 0.116328 -0.008604 0.102862 
0.917240 -0.403439 0.271741 0.350604 0.191981 -0.118270 -0.261868 -0.088375 0.162768 -0.080404 -0.029263 -0.177902 0.111294 0.005982 0.031355 
1.317588 -0.738969 0.832341 -0.032882 0.038814 0.113579 -0.449376 -0.118746 -0.241495 0.099464 -0.030768 -0.379450 0.231863 -0.093191 0.091184 
1.460074 -0.788994 0.747665 -0.056953 0.138249 0.128310 -0.453434 -0.167771 -0.265264 0.016463 0.003288 -0.397306 0.172574 -0.112752 0.059187 
1.600987 -0.837538 0.846927 -0.190370 0.199677 0.115876 -0.435319 -0.184943 -0.243956 0.003040 0.048554 -0.357048 0.147463 -0.155855 0.170539 
1.590038 -0.830296 0.806411 -0.247333 0.243610 0.137788 -0.421464 -0.219558 -0.227870 0.022669 0.086871 -0.372415 0.140440 -0.133827 0.139217 
1.559605 -0.816873 0.747319 -0.276898 0.300284 0.123399 -0.432872 -0.171843 -0.295531 0.060496 0.102132 -0.375838 0.119449 -0.105447 0.088717 
1.531142 -0.786721 0.746266 -0.266345 0.263511 0.096844 -0.393395 -0.161928 -0.313878 0.059204 0.171252 -0.377711 0.085881 -0.045606 0.083131 
1.510524 -0.879384 0.854016 -0.284009 0.225163 0.059377 -0.410024 -0.166639 -0.220687 -0.001531 0.175912 -0.380089 0.089056 0.045655 0.056978 
1.514114 -1.030514 0.906027 -0.107068 0.058978 0.113306 -0.456652 -0.201310 -0.132817 -0.032343 0.183508 -0.403649 0.069650 0.107758 0.104389 
1.546859 -1.200896 0.958838 0.140721 -0.134067 0.122574 -0.484868 -0.118379 -0.075272 -0.057230 0.073537 -0.319338 0.094013 0.057608 0.161021 
1.548686 -1.313142 0.959129 0.265515 -0.133933 -0.003808 -0.485398 -0.080685 -0.005652 -0.131802 -0.016463 -0.240399 0.135242 -0.013539 0.167357 
1.461736 -1.357050 1.026299 0.199544 -0.144294 -0.142224 -0.363485 -0.113617 -0.038724 -0.052829 -0.098086 -0.198294 0.251327 -0.075802 0.139489 
1.351183 -1.289461 1.010579 0.117547 -0.084587 -0.336870 -0.199178 -0.137604 -0.061038 0.025803 -0.170633 -0.096360 0.264795 -0.069045 0.077569 
1.433236 -1.233191 0.837893 0.077835 -0.012266 -0.474931 -0.148962 -0.069090 -0.096095 0.068019 -0.085367 -0.134605 0.326040 -0.094920 0.109809 
1.424670 -1.244826 0.751136 -0.146224 -0.108270 -0.390059 -0.298326 0.145448 0.032523 -0.047206 0.046264 0.045481 0.211504 -0.142326 0.106539 
1.535061 -1.319885 0.746295 -0.207989 -0.180575 -0.255909 -0.428773 0.359372 0.142220 0.009350 0.059851 0.018490 0.240948 -0.310147 0.097783 
1.459769 -1.234298 0.595018 -0.268111 -0.191486 -0.230088 -0.304149 0.251616 0.163153 0.033975 -0.011394 0.007686 0.247109 -0.311464 0.064118 
1.527386 -1.280308 0.622051 -0.298780 -0.160619 -0.218151 -0.246544 0.221370 0.163088 0.070082 -0.056333 -0.076644 0.324946 -0.315252 0.021864 
1.550094 -1.297436 0.600580 -0.277285 -0.139727 -0.192983 -0.173168 0.151587 0.181761 0.079356 -0.073427 -0.144818 0.333883 -0.264734 -0.006658 
1.547760 -1.265208 0.516297 -0.154364 -0.182042 -0.150495 -0.151195 0.202801 0.117991 0.133786 -0.084091 -0.181097 0.305346 -0.219807 -0.044611 
1.586811 -1.288772 0.480445 -0.150231 -0.148497 -0.149771 -0.091442 0.193280 0.107548 0.123069 -0.067179 -0.240373 0.325591 -0.219541 -0.011099 
1.602527 -1.248588 0.390680 -0.078111 -0.177609 -0.127884 -0.061679 0.229442 0.034009 0.197418 -0.070462 -0.265247 0.295570 -0.201047 0.007996 
1.756088 -1.273131 0.317775 0.068396 -0.286001 -0.028730 -0.091177 0.219355 0.012594 0.198545 -0.057103 -0.250047 0.268625 -0.171157 0.012681 
1.641115 -1.275025 0.312213 0.050202 -0.180616 -0.101174 -0.088396 0.227684 -0.021185 0.191465 -0.057554 -0.230523 0.236439 -0.112687 0.004653 
1.710838 -1.229427 0.209754 0.160826 -0.186022 -0.120849 -0.052712 0.198575 -0.009742 0.235396 -0.117983 -0.199745 0.248472 -0.136257 0.025131 
1.563545 -1.150794 0.196141 0.140648 -0.167383 -0.148584 -0.018010 0.223069 -0.049508 0.234325 -0.110490 -0.236074 0.290647 -0.142971 -0.013053 
1.653463 -1.131384 0.145730 0.177320 -0.093314 -0.212133 -0.027815 0.215105 -0.074194 0.254750 -0.114327 -0.227517 0.296367 -0.135619 -0.012671 
1.596220 -1.060736 0.108683 0.219512 -0.091907 -0.195246 0.009164 0.107850 -0.067577 0.257698 -0.071308 -0.256580 0.282835 -0.111251 0.021775 
1.602514 -1.057776 0.190409 0.236858 -0.090608 -0.246013 -0.003450 0.142074 -0.039888 0.283497 -0.077460 -0.260501 0.300182 -0.131675 0.050532 
1.584082 -1.123031 0.276213 0.259292 -0.100172 -0.222422 -0.020594 0.053713 -0.009418 0.288550 -0.085421 -0.279403 0.331247 -0.128642 0.044917 
1.536690 -1.021594 0.233728 0.296700 -0.080985 -0.240185 0.002831 -0.009098 0.015425 0.298223 -0.094561 -0.258438 0.315125 -0.134843 0.098763 
1.472257 -0.893209 0.182708 0.423435 -0.165908 -0.174871 -0.031786 -0.046216 0.007023 0.272879 -0.074924 -0.259921 0.312937 -0.122373 0.085547 
1.432609 -0.783637 0.214285 0.406844 -0.126518 -0.200084 -0.038715 -0.099598 -0.015342 0.277941 -0.098111 -0.220113 0.289208 -0.122069 0.136683 
1.346398 -0.736919 0.316362 0.384279 -0.172461 -0.084204 -0.121183 -0.106619 -0.050814 0.238606 -0.094935 -0.213039 0.267904 -0.116427 0.144354 
1.333399 -0.729594 0.368043 0.392350 -0.134041 -0.059087 -0.156697 -0.179654 0.015488 0.170755 -0.058743 -0.279855 0.301249 -0.129578 0.166884 
1.274425 -0.612373 0.261619 0.488110 -0.104825 -0.132497 -0.068743 -0.298611 0.032623 0.109076 -0.087933 -0.230310 0.194962 -0.065489 0.141685 
1.133759 -0.670452 0.430079 0.470922 -0.128976 -0.139492 -0.054591 -0.294337 0.023158 0.122640 -0.087817 -0.274648 0.254826 -0.091772 0.141691 
0.994915 -0.410042 0.328262 0.505135 -0.044679 -0.048361 -0.192484 -0.237373 -0.023747 0.100026 -0.176804 -0.227930 0.162944 -0.074696 0.104847 
0.787210 -0.246100 0.293203 0.554327 -0.041886 -0.121894 -0.095328 -0.205975 -0.075880 0.073701 -0.108701 -0.270870 0.160190 -0.063629 0.084469 
0.674420 -0.147156 0.375053 0.604371 0.061720 -0.162403 -0.057815 -0.101457 -0.016405 0.018223 -0.097219 -0.308728 0.236350 -0.090280 -0.032617 
0.643171 0.014762 0.303656 0.531725 0.040060 -0.189632 -0.011514 -0.079447 -0.036453 -0.022874 -0.011639 -0.285379 0.225997 -0.086187 -0.040001 
0.448539 -0.367553 0.043233 0.376388 0.027562 0.027858 0.103821 0.021245 0.170890 0.074423 -0.050508 -0.145911 0.278446 -0.067017 -0.032902 
0.683015 -0.179450 0.272934 0.431195 -0.091812 -0.217717 0.008934 -0.072835 0.039111 0.020245 -0.002623 -0.212155 0.273975 -0.075598 -0.060666 
