city011_032
MIKAWASHIMA
103
-0.597460 -0.063808 -0.266813 -0.146467 -0.034959 0.101793 -0.090463 0.051831 -0.082147 0.155382 -0.090656 0.032292 -0.029962 -0.004117 0.025198 
-0.367311 0.121758 -0.034744 0.029850 0.124833 0.106363 -0.061461 0.028006 -0.082633 0.092343 -0.010664 0.002762 -0.031731 0.018313 0.011468 
-0.041275 0.417661 0.238540 0.185694 0.131852 0.110191 -0.016639 -0.103916 0.008093 -0.042622 0.031426 -0.038521 -0.078732 0.038311 -0.014474 
0.337124 0.510128 0.254259 0.185254 -0.097184 0.006656 -0.145564 -0.134637 -0.169819 0.008343 -0.153490 -0.003312 -0.053952 0.001942 0.009674 
0.594501 0.435808 0.144746 0.160610 -0.159872 0.074908 -0.021552 0.022374 -0.048078 0.058557 0.036227 -0.016509 -0.041106 0.094183 -0.062519 
0.418931 0.509788 0.368138 0.436454 0.039003 0.011305 -0.096278 -0.091345 -0.041813 0.004654 -0.122391 -0.107566 -0.002401 -0.002085 -0.043982 
0.464172 0.507776 0.480893 0.306645 0.000578 0.017294 0.006553 -0.080264 -0.023059 0.050735 -0.050718 -0.070218 0.043031 0.004518 -0.033204 
0.828423 -0.257115 0.849221 0.280259 -0.288714 0.231110 -0.270722 -0.186771 -0.070657 -0.135378 -0.086140 -0.154721 -0.047333 0.041454 -0.094072 
0.726626 -0.420436 1.168927 -0.178089 -0.081438 0.348910 -0.415642 -0.068232 -0.228376 -0.130746 -0.055134 -0.230753 -0.002540 -0.075943 -0.025062 
0.851719 -0.175031 1.056498 -0.291007 0.074820 0.301617 -0.447616 -0.012561 -0.190102 -0.129096 -0.078419 -0.145928 -0.022127 -0.123641 0.087901 
0.843556 -0.214400 1.041189 -0.291400 0.058890 0.283140 -0.444946 -0.048519 -0.178179 -0.087652 -0.125033 -0.079848 -0.054318 -0.087181 0.110313 
0.817630 -0.295277 1.170754 -0.382457 -0.001100 0.300488 -0.446664 -0.042466 -0.161242 -0.173306 -0.063902 -0.098270 -0.046440 -0.075802 0.101602 
0.813055 -0.309872 1.255529 -0.476281 -0.036581 0.326848 -0.479400 0.025824 -0.220869 -0.167224 -0.024578 -0.118205 -0.044564 -0.030132 0.071872 
0.871250 -0.349557 1.387630 -0.582105 -0.022061 0.317239 -0.476459 0.087359 -0.274099 -0.142000 -0.007585 -0.156463 -0.012697 -0.040435 0.076445 
0.751907 -0.273108 1.357611 -0.669552 -0.065342 0.351684 -0.495515 0.118620 -0.333254 -0.129713 0.021428 -0.203213 0.027273 -0.000978 0.011415 
0.835445 -0.316256 1.361063 -0.699346 0.017506 0.420421 -0.567972 0.143736 -0.358812 -0.133524 0.031075 -0.256486 0.077718 -0.062407 -0.020981 
0.654076 -0.110996 1.364531 -0.635648 -0.013419 0.354495 -0.534418 0.125913 -0.308469 -0.187682 0.032161 -0.269578 0.050400 -0.050531 -0.044032 
0.592117 0.012540 1.065318 -0.464169 0.051918 0.250235 -0.610569 0.054028 -0.254077 -0.159779 -0.023911 -0.191885 0.068910 -0.073563 0.025340 
0.503630 0.039939 0.922590 -0.119147 0.116214 0.165704 -0.429867 -0.061435 -0.164249 -0.132589 -0.116867 -0.254717 0.080602 -0.166391 0.026229 
0.357442 0.225685 0.451539 0.027767 0.012025 0.041672 -0.253200 -0.344938 -0.129636 -0.128504 -0.076604 -0.185674 -0.002756 -0.013607 0.000047 
0.597117 0.004000 0.115371 0.177648 0.049985 0.021557 -0.260527 -0.464376 -0.111722 0.130304 -0.081458 -0.208474 0.012994 0.051291 0.031037 
0.144071 -0.629585 -0.188045 -0.017864 -0.157474 0.194205 -0.058526 -0.202584 0.109885 0.149330 -0.009463 -0.136577 0.037520 0.029103 -0.038554 
-0.556086 -0.000611 -0.039277 -0.057335 -0.006400 0.141744 -0.251998 -0.134182 0.006461 0.085348 0.059845 -0.038214 -0.059965 0.027496 0.102922 
-0.563835 0.016013 0.038268 0.113734 -0.061806 -0.046564 -0.056500 0.049687 -0.027112 -0.094239 0.149190 -0.062496 -0.047199 0.056796 0.006529 
-0.541603 -0.019849 0.115054 -0.001760 -0.159616 -0.178373 -0.204766 -0.139542 0.073908 0.067288 0.033900 -0.058886 0.113373 0.069843 -0.047728 
0.039574 -0.855520 0.115205 0.157795 -0.040027 0.164206 -0.046602 0.079670 0.102460 -0.056271 -0.186739 0.117222 0.103490 -0.057452 -0.015189 
0.717172 -1.264866 0.193416 -0.250784 0.131840 -0.108136 -0.244777 0.056856 0.238621 0.025134 -0.307099 0.228044 0.072669 -0.169325 0.080501 
0.853138 -0.494442 0.545757 -0.067004 0.084482 -0.378015 -0.327986 0.117819 0.025803 -0.060405 -0.162389 0.181216 0.141411 -0.152766 0.103911 
1.440155 -1.153238 0.670584 -0.299318 0.052404 -0.299610 -0.472164 0.106689 -0.237015 0.179082 -0.038499 -0.122202 0.347905 0.037773 -0.066878 
1.609408 -1.196420 0.458546 -0.450727 -0.005217 -0.242912 -0.389674 -0.016587 -0.063959 0.370286 0.006517 -0.134660 0.269764 0.060147 -0.036272 
1.344328 -1.071168 0.397226 -0.611914 -0.029710 -0.153106 -0.312927 -0.077144 0.073919 0.412298 0.098860 -0.145636 0.092589 0.056531 -0.087977 
1.350572 -1.091525 0.386241 -0.718731 0.040398 -0.220211 -0.179569 -0.048319 0.045866 0.407560 0.148834 -0.202105 0.064585 0.001051 -0.071020 
1.305379 -1.179663 0.293391 -0.701011 -0.033709 -0.103234 -0.171904 0.025809 -0.002873 0.353196 0.172693 -0.179526 -0.002599 -0.006823 -0.096167 
1.262302 -1.220673 0.244678 -0.737743 -0.029707 -0.066696 -0.101588 -0.038637 0.016836 0.329080 0.170049 -0.160475 0.013462 -0.069610 -0.116361 
1.272181 -1.250818 0.274679 -0.788311 -0.053913 0.000370 -0.069834 -0.118898 0.031221 0.336880 0.127225 -0.068949 0.011746 -0.148353 -0.105444 
1.252204 -1.208642 0.209001 -0.739948 -0.083535 0.024758 -0.056327 -0.161310 0.021686 0.372369 0.115515 -0.050725 0.034849 -0.226359 -0.062239 
1.354589 -1.201155 0.215906 -0.701618 -0.115109 0.017302 -0.045190 -0.170014 0.008283 0.367032 0.116721 -0.040550 0.048563 -0.216802 -0.071719 
1.487146 -1.241700 0.249420 -0.693139 -0.177522 -0.011492 -0.072224 -0.076598 -0.011959 0.269052 0.119804 0.016697 0.081709 -0.133247 -0.131564 
1.364990 -1.144842 0.296597 -0.680763 -0.206600 -0.113100 -0.055802 0.019692 -0.108864 0.196208 0.141581 0.090307 0.119449 -0.106606 -0.112963 
1.452844 -1.168148 0.349203 -0.682653 -0.161043 -0.113635 -0.064290 -0.068353 -0.167306 0.154381 0.131110 0.194440 0.171006 -0.142982 -0.024081 
1.735411 -1.076665 0.298842 -0.593795 -0.205738 0.088486 -0.187425 -0.064849 -0.247432 0.113044 0.118568 0.158409 0.222120 -0.150380 -0.006321 
1.773767 -1.099193 0.283477 -0.606328 -0.135775 0.106391 -0.183744 -0.150381 -0.210227 0.084727 0.109074 0.158751 0.208305 -0.122129 -0.020684 
1.684841 -1.132151 0.329620 -0.681110 -0.152834 0.143454 -0.204530 -0.144391 -0.207677 0.137876 0.162906 0.115453 0.233827 -0.169132 -0.042666 
1.486303 -1.114647 0.307655 -0.753540 -0.147760 0.076408 -0.123186 -0.181833 -0.154315 0.202884 0.188985 0.129752 0.169177 -0.152617 -0.099081 
1.371720 -1.224037 0.286413 -0.755712 -0.138120 -0.052584 -0.047047 -0.106503 -0.141723 0.280333 0.177150 0.097007 0.131959 -0.145561 -0.146934 
1.330424 -1.216376 0.238564 -0.771664 -0.146302 -0.130986 0.069142 -0.067046 -0.075655 0.260841 0.153394 0.032087 0.140629 -0.173713 -0.166900 
1.414552 -1.182089 0.184470 -0.751820 -0.171318 0.015829 -0.040613 -0.057413 0.027041 0.273059 0.101586 -0.012234 0.023915 -0.114844 -0.143024 
1.409774 -1.243621 0.187500 -0.731408 -0.098785 0.058290 -0.080591 -0.097068 0.089970 0.319860 0.104523 -0.137022 -0.019996 -0.101271 -0.104876 
1.364422 -1.276050 0.172080 -0.707377 -0.070100 0.025368 -0.069582 -0.067371 0.111146 0.294838 0.113527 -0.200055 -0.001869 -0.095322 -0.099958 
1.352862 -1.248775 0.178290 -0.670952 -0.062510 0.019601 -0.140170 0.011106 0.100470 0.337548 0.020953 -0.208896 0.030387 -0.074118 -0.091301 
1.381634 -1.275556 0.241183 -0.664967 -0.037274 -0.032131 -0.184162 0.036624 0.147286 0.340155 -0.023673 -0.225744 0.062443 -0.050055 -0.078108 
1.412890 -1.190386 0.337988 -0.645690 -0.020691 -0.090808 -0.196258 0.035922 0.225809 0.340991 -0.092533 -0.234614 0.112770 -0.076701 -0.076621 
1.552433 -1.098760 0.373119 -0.626867 -0.035151 -0.096837 -0.278352 0.070525 0.213173 0.384782 -0.209623 -0.159301 0.178110 -0.130891 -0.012400 
1.787602 -0.996896 0.251624 -0.356104 -0.179091 -0.135547 -0.324302 0.106106 0.184626 0.212166 -0.192767 -0.015623 0.249274 -0.163925 -0.014213 
1.798239 -0.581811 0.227175 -0.160329 -0.248800 -0.196732 -0.288347 0.014816 0.231088 0.060846 -0.327183 0.201845 0.198699 -0.198824 0.077171 
1.382527 -0.091990 0.561494 -0.136287 0.028641 -0.170304 -0.160268 0.033754 0.058828 0.132142 -0.149774 0.255812 -0.009254 -0.101502 0.192481 
0.613892 0.005996 0.619338 -0.034200 0.274150 -0.191965 -0.033051 0.182805 0.105335 -0.070694 -0.052713 0.139860 0.051362 -0.113059 0.068770 
0.017332 -0.376497 0.231942 -0.313698 0.160631 -0.168114 0.003940 -0.025852 0.028596 -0.011782 -0.033593 0.107868 -0.082318 0.002324 0.057949 
-0.250739 -0.388486 0.299502 -0.290746 0.132475 -0.332535 0.173516 -0.075905 -0.013477 -0.051116 0.054989 0.124630 -0.156452 0.034153 0.062270 
-0.453039 -0.425674 0.125135 -0.414228 0.078734 -0.328572 0.110797 -0.040798 0.010048 0.113713 0.054290 0.000688 -0.041721 -0.056156 0.089109 
-0.639766 -0.426866 0.227863 -0.433100 0.076130 -0.344523 0.098352 0.040242 0.093127 -0.004485 0.011903 0.060774 -0.058844 -0.082318 0.107940 
-0.567385 -0.553781 0.330868 -0.427238 0.151165 -0.299688 0.161775 0.091664 -0.012117 -0.058454 0.023457 0.039959 -0.028319 -0.088226 0.116658 
-0.424412 -0.390845 0.354792 -0.510491 0.216535 -0.162318 0.152495 -0.088543 -0.089007 0.069457 0.062541 -0.053102 0.008204 0.000878 0.040182 
-0.255115 -0.601520 0.200484 -0.468141 0.131963 -0.204277 0.203936 -0.035543 -0.029279 -0.032312 0.035172 0.079814 -0.039096 -0.138816 0.163735 
-0.414852 -0.604388 0.360996 -0.667822 0.151442 -0.064965 0.136391 -0.055786 -0.027887 -0.008185 0.053253 -0.009275 0.044744 -0.122440 0.086603 
-0.554911 -0.624357 0.426673 -0.604272 0.099014 -0.224667 0.222524 0.054059 -0.063786 -0.040643 0.120008 -0.042120 -0.080301 0.003702 0.095701 
-0.645166 -0.628606 0.575849 -0.571287 0.049785 -0.110394 0.225812 -0.004506 -0.054076 0.076590 -0.122467 0.054333 0.048136 -0.117555 0.094979 
-0.472568 -0.412206 0.805942 -0.575548 0.057800 -0.265024 0.132745 -0.045070 -0.050408 0.065900 -0.012878 0.045419 0.003281 -0.099152 0.138275 
-0.373521 -0.588424 0.690435 -0.654431 0.233114 -0.122317 0.072589 -0.151528 -0.010180 0.162166 -0.149389 0.072414 0.080925 -0.195475 0.154287 
-0.139533 -0.460605 0.498122 -0.481410 0.144516 -0.043389 0.105254 -0.026424 -0.240329 0.253308 -0.163013 0.065519 0.094668 -0.202225 0.186994 
0.664007 -0.262963 1.078699 -0.069228 -0.171546 -0.000486 -0.092470 -0.046481 -0.173992 -0.078075 -0.081857 0.000528 -0.018507 -0.156968 0.163423 
0.865517 -0.661475 1.503023 -0.100461 -0.273672 0.109916 -0.312651 0.066702 -0.339012 -0.101214 -0.065828 -0.113085 0.032027 -0.188542 0.148239 
0.934319 -0.771994 1.391043 -0.005884 -0.381096 0.164636 -0.262581 0.020793 -0.269303 -0.201146 0.080186 -0.195209 0.011442 -0.071546 0.025595 
1.150530 -0.975770 1.180886 0.290481 -0.395335 0.044529 -0.250445 0.064161 -0.204718 -0.322094 0.164340 -0.187998 -0.049233 0.047281 -0.092264 
1.064295 -0.523308 0.647353 0.586437 -0.149317 0.021334 -0.216282 -0.103414 -0.100906 -0.265491 0.013947 -0.263904 -0.112301 0.080818 -0.111503 
1.132698 -0.405415 0.670727 0.523400 -0.160687 0.060490 -0.091159 -0.194311 -0.172113 -0.156793 -0.041914 -0.260683 -0.123518 0.037151 -0.120182 
1.006227 -0.380864 0.650728 0.535979 -0.145734 0.081982 -0.136673 -0.195930 -0.165040 -0.116410 -0.040229 -0.322553 -0.061517 0.029242 -0.106274 
1.187890 -0.462076 0.755607 0.582764 -0.218053 0.136006 -0.201096 -0.208384 -0.166674 0.005504 -0.132142 -0.316567 -0.041520 0.095000 -0.134120 
1.066133 -0.426234 0.736536 0.483732 -0.225841 0.182731 -0.121848 -0.286671 -0.189736 0.025012 -0.114816 -0.348803 0.022095 -0.008008 -0.117374 
1.287177 -0.507107 0.753224 0.443742 -0.193962 0.186429 -0.129347 -0.289331 -0.200784 0.147515 -0.159673 -0.305027 0.034825 0.018998 -0.111787 
1.873447 -0.865959 0.420676 -0.274107 0.008018 0.170115 -0.421755 0.039336 -0.305182 0.125168 0.192787 -0.321740 0.156505 0.069195 -0.054185 
1.729232 -1.113883 0.273730 -0.449688 -0.025262 0.121516 -0.309843 0.007228 -0.084723 0.334616 0.094141 -0.320843 0.118297 0.051205 -0.012823 
1.626700 -1.046347 0.175130 -0.583780 0.007186 0.067766 -0.181695 0.012840 0.042573 0.297254 0.075123 -0.362685 0.064620 0.062586 -0.042100 
1.604464 -1.043096 0.123517 -0.578762 0.007021 0.125569 -0.151861 -0.017123 0.039181 0.351759 0.016761 -0.301619 -0.028524 0.069170 -0.020892 
1.612386 -1.056469 0.064474 -0.568958 -0.007332 0.171773 -0.124893 -0.049030 0.043468 0.288150 0.079352 -0.302592 -0.052709 0.079902 -0.028041 
1.645790 -1.027068 -0.004883 -0.615230 0.009862 0.222333 -0.100030 -0.070979 0.007191 0.260087 0.083852 -0.279738 -0.044900 0.063754 -0.022574 
1.633785 -1.036688 -0.001487 -0.646396 0.029529 0.227249 -0.097265 -0.048095 -0.028567 0.254028 0.081921 -0.288176 -0.001785 0.042194 -0.017420 
1.638852 -1.030677 -0.040336 -0.626433 -0.020063 0.277695 -0.073615 -0.064560 0.015434 0.183281 0.117834 -0.300232 -0.020409 0.068812 -0.050961 
1.648576 -1.065921 0.005286 -0.671833 0.021511 0.291941 -0.081813 -0.008836 -0.025091 0.239756 0.067315 -0.290751 -0.058148 0.060491 -0.023140 
1.579106 -1.031600 -0.033220 -0.631611 0.017258 0.300569 -0.020151 -0.021796 -0.019999 0.236101 0.053398 -0.282843 -0.085720 0.048237 0.010778 
1.626341 -1.084176 0.023236 -0.709642 0.054231 0.293805 -0.037497 0.007819 -0.041964 0.250041 0.048505 -0.291955 -0.091339 0.052508 0.024104 
1.581793 -1.063098 0.021892 -0.687041 0.064848 0.284169 0.013341 0.009879 -0.051075 0.256499 0.035764 -0.281988 -0.105939 0.040536 0.037572 
1.626801 -1.125338 0.015564 -0.708071 0.072588 0.267599 -0.017025 0.006136 -0.060106 0.274344 0.046442 -0.290621 -0.093803 0.026819 0.055149 
1.703781 -1.099403 -0.059945 -0.630110 0.033254 0.301547 -0.069341 0.032501 -0.083683 0.285382 0.039834 -0.306827 -0.046315 0.021785 0.039980 
1.846837 -1.097369 -0.162171 -0.517416 -0.060492 0.358352 -0.123787 0.018869 -0.077801 0.263592 0.037492 -0.331766 0.064948 -0.020016 0.066902 
1.757481 -1.023539 -0.159739 -0.519696 -0.012881 0.289549 -0.092995 -0.052367 -0.037625 0.209584 0.050928 -0.301331 0.092605 0.004278 0.032944 
1.557066 -0.880679 -0.115499 -0.495497 -0.065830 0.331347 -0.126159 0.006905 -0.018523 0.256536 0.097845 -0.363671 0.033018 -0.045235 0.029043 
1.607490 -0.727296 -0.368583 -0.476890 -0.024009 0.190325 -0.018531 0.019390 -0.028243 0.290203 0.020347 -0.321588 0.016200 -0.072445 0.075444 
1.455926 -0.810690 -0.362175 -0.436389 -0.085081 0.284417 -0.069204 -0.013737 0.032255 0.268697 0.082864 -0.397824 0.012517 -0.056961 0.049290 
1.304749 -0.730837 -0.452561 -0.371652 -0.069152 0.218276 -0.002204 -0.038817 0.013969 0.297325 0.055658 -0.374742 -0.013543 -0.017263 0.036021 
0.781797 -0.778872 -0.322112 -0.254451 0.023645 0.300683 0.041487 -0.094432 -0.044450 0.267028 -0.085228 -0.238386 0.082553 -0.042647 0.162381 
0.600516 -0.228265 -0.403824 -0.122842 0.078747 0.272065 -0.016639 -0.043839 -0.067497 0.287845 0.022761 -0.195059 -0.068437 0.057630 0.037305 
0.987587 -0.283559 -0.542315 -0.230201 0.150090 0.071894 -0.021591 -0.065006 -0.009050 0.372567 -0.059436 -0.196351 -0.040456 -0.093783 0.189365 
