city011_035
MOTOAKASAKA
109
-0.291242 0.210377 -0.013793 0.020613 0.017097 0.158829 -0.131832 -0.139494 0.094187 0.072440 -0.061175 -0.028484 0.043367 -0.034470 0.023336 
0.077738 0.564908 0.354793 0.266502 0.157010 0.077400 -0.107341 -0.161836 0.033216 -0.031627 -0.130431 -0.107164 0.009206 -0.080455 0.002383 
0.537160 0.423516 0.570994 0.397665 -0.046709 0.149643 -0.096928 -0.208142 -0.128408 0.078806 -0.273545 -0.139694 -0.032140 -0.069551 -0.079660 
0.629542 -0.160010 0.665918 0.486355 -0.154910 0.287560 -0.088105 -0.378028 -0.089611 0.049271 -0.241565 -0.254213 -0.042432 -0.105336 -0.070150 
0.661860 -0.288733 0.759560 0.453736 -0.151104 0.282246 -0.084289 -0.442354 -0.075524 0.108298 -0.295656 -0.281928 0.019859 -0.148980 -0.043172 
0.806723 -0.341349 0.850650 0.317504 -0.129478 0.383150 -0.257931 -0.368538 -0.087896 0.138537 -0.302440 -0.265084 0.007865 -0.100878 -0.057669 
1.736959 -0.469301 0.462362 -0.220210 -0.418157 0.303567 -0.113877 -0.084500 -0.075103 0.122276 -0.087046 -0.101472 0.221945 -0.157150 0.032554 
1.792559 -0.505053 0.623666 -0.451127 -0.561713 0.209785 -0.076569 0.042789 -0.075492 -0.001203 -0.043319 -0.231103 0.229970 -0.072195 -0.013903 
1.759473 -0.654486 0.504346 -0.611597 -0.179594 0.028500 -0.089633 0.143928 -0.069771 0.097881 -0.110386 -0.228439 0.246972 -0.071725 -0.070356 
1.770272 -0.768677 0.442613 -0.603969 -0.196744 0.137051 -0.182150 0.249575 -0.070933 0.074551 -0.092327 -0.264163 0.260250 -0.049329 -0.088290 
1.854958 -0.889686 0.410324 -0.588582 -0.193766 0.174303 -0.230949 0.292642 -0.065417 0.029424 -0.096574 -0.286864 0.298786 -0.031657 -0.085722 
1.869490 -0.907032 0.407185 -0.598788 -0.215863 0.214793 -0.238732 0.274162 -0.079292 -0.012047 -0.098029 -0.257997 0.305447 -0.003750 -0.080218 
1.819134 -0.845912 0.363833 -0.595740 -0.187069 0.218279 -0.225982 0.245866 -0.152131 -0.079562 -0.124804 -0.196957 0.358929 -0.003465 -0.026196 
1.855543 -0.843728 0.470448 -0.683417 -0.132530 0.215910 -0.157641 0.197555 -0.325057 0.021551 -0.113110 -0.175790 0.410206 -0.071375 -0.002956 
1.779762 -0.721584 0.492086 -0.785975 -0.116262 0.219513 -0.164210 0.087410 -0.426667 0.146130 -0.017754 -0.139355 0.419150 -0.119288 -0.042271 
1.649558 -0.634183 0.399456 -0.722431 0.006056 0.139299 -0.136775 -0.069918 -0.467407 0.193977 -0.031749 -0.071442 0.412667 -0.173962 -0.033023 
1.184942 -0.351198 0.618578 -0.666209 0.084834 0.166755 -0.050947 -0.185942 -0.445520 0.166327 -0.192792 0.012205 0.269048 -0.201583 0.015365 
1.039583 -0.148940 0.855109 0.112966 -0.341667 0.363757 -0.104501 -0.406685 -0.076765 0.055751 -0.250977 -0.143248 0.136307 -0.197240 -0.020686 
0.708158 -0.017768 0.380836 0.318809 -0.033054 0.231761 -0.201258 -0.415298 0.027276 0.130885 -0.261101 -0.139797 0.040513 -0.095355 0.028849 
0.352875 0.074591 -0.060538 -0.005300 0.128023 0.259581 -0.104889 -0.279196 0.088701 0.178815 0.022435 -0.121070 0.026537 -0.035471 0.025545 
-0.043143 0.032609 -0.038191 -0.089739 0.008582 0.218914 -0.185198 -0.274261 -0.004456 0.200300 0.036216 -0.139462 0.065794 -0.066814 0.038159 
-0.305823 0.014147 0.086732 -0.100705 -0.272790 0.027135 0.097530 -0.086421 0.049180 0.020435 0.026603 -0.053029 -0.004887 0.055755 -0.065258 
-0.272134 -0.194258 -0.183853 -0.066032 -0.151559 0.065569 0.133482 -0.014300 -0.050853 0.063900 -0.023143 -0.080540 0.047787 0.049538 -0.077716 
-0.243045 -0.011555 -0.106491 -0.092354 -0.184403 0.081324 -0.175134 -0.211904 0.017375 0.201385 0.051161 -0.131038 0.124113 -0.013237 -0.050832 
0.418445 -0.865608 0.374816 0.031702 -0.153843 -0.124225 -0.211998 -0.289688 0.044344 0.202336 -0.039926 -0.041532 0.075706 0.029169 0.175602 
1.260059 -0.545666 0.450697 -0.297265 0.093480 0.086923 -0.389502 -0.189786 -0.073484 0.100868 -0.011507 -0.106197 0.117122 -0.036898 0.059705 
1.694518 -0.724120 0.603671 -0.693343 0.037049 0.192955 -0.528242 -0.076443 -0.190626 0.135553 -0.004443 -0.046598 0.254183 -0.135027 0.101145 
1.434619 -0.861006 0.468873 -0.610597 -0.005246 -0.105787 -0.280304 -0.139821 -0.300605 0.096540 0.044013 0.218054 0.205937 -0.091385 0.096901 
1.501235 -1.083422 0.406438 -0.431649 -0.066811 -0.206519 -0.228825 -0.125492 -0.330073 0.137945 0.142049 0.213150 0.162748 -0.102491 0.092746 
1.443873 -1.222678 0.467692 -0.482261 -0.120767 -0.106400 -0.251683 -0.129337 -0.327842 0.067138 0.218320 0.243768 0.167022 -0.117883 0.039562 
1.382324 -1.165471 0.452367 -0.570864 -0.075519 -0.126077 -0.175998 -0.130401 -0.280522 -0.026873 0.239104 0.237810 0.208914 -0.113760 -0.026977 
1.471344 -1.081657 0.334584 -0.604844 -0.042419 -0.054196 -0.148149 -0.056551 -0.281115 -0.015989 0.117449 0.251925 0.246991 -0.156642 -0.032204 
1.463878 -1.086172 0.338890 -0.705656 -0.085734 0.015836 -0.129464 -0.004951 -0.239898 0.001061 0.117268 0.198271 0.239672 -0.133130 -0.043873 
1.503762 -1.189405 0.313008 -0.747070 -0.141712 -0.025542 -0.074111 0.030742 -0.143828 0.046299 0.079958 0.183966 0.221449 -0.165285 -0.023547 
1.464047 -1.234605 0.259511 -0.748926 -0.140219 -0.059226 -0.055059 0.067747 -0.123309 0.158266 0.066138 0.165973 0.128320 -0.182367 -0.059802 
1.416838 -1.323444 0.227675 -0.764021 -0.131012 -0.054780 -0.037111 0.024909 -0.078676 0.191710 0.093536 0.135832 0.113167 -0.201007 -0.097040 
1.406502 -1.331164 0.216305 -0.773198 -0.124945 0.007748 -0.019213 -0.069967 -0.055662 0.242768 0.149217 0.074833 0.055612 -0.201756 -0.145061 
1.403081 -1.329090 0.245875 -0.806186 -0.152813 0.082593 -0.027520 -0.119149 -0.073457 0.297317 0.178235 0.033462 0.060620 -0.222035 -0.158594 
1.369892 -1.256243 0.233382 -0.825688 -0.146572 0.070394 0.003189 -0.137501 -0.084353 0.299040 0.203821 -0.000118 0.084992 -0.212116 -0.192044 
1.349551 -1.194439 0.212350 -0.809234 -0.163908 0.056643 -0.000186 -0.099230 -0.107759 0.289004 0.196706 -0.014982 0.120286 -0.197922 -0.189571 
1.379031 -1.197838 0.260633 -0.786906 -0.161213 0.026240 -0.014077 -0.098530 -0.139391 0.314119 0.163777 0.018338 0.129239 -0.192715 -0.149484 
1.488383 -1.096348 0.259926 -0.638304 -0.210479 0.124857 -0.166794 -0.064881 -0.204762 0.359318 0.152849 -0.021919 0.172824 -0.246187 -0.012896 
1.821671 -1.096174 0.273341 -0.514844 -0.060125 0.102076 -0.272037 -0.075660 -0.245335 0.389700 0.047662 -0.050772 0.221172 -0.253736 0.106143 
1.566704 -0.726695 0.198577 -0.301346 -0.013165 -0.005623 -0.306441 -0.237801 -0.174434 0.291076 -0.027937 -0.044379 0.209242 -0.092485 0.110194 
1.506100 -0.584265 0.317815 -0.158517 0.114719 -0.143831 -0.357182 -0.277014 -0.224334 0.337348 -0.126146 -0.147816 0.237995 -0.062959 0.195345 
1.138182 -0.100093 0.057460 0.075934 0.159298 -0.065959 -0.315106 -0.260030 -0.246284 0.305711 -0.099833 -0.295329 0.177437 -0.014364 0.085553 
0.830845 -0.066692 -0.273030 0.092466 0.162016 0.196037 -0.093807 -0.226821 0.129013 0.115581 0.004840 -0.127241 0.029007 0.004778 0.040306 
0.209001 0.062744 -0.290099 -0.253615 -0.219689 0.161372 0.014841 -0.217299 -0.061464 0.098918 0.130218 -0.043751 0.066047 -0.022267 -0.107185 
0.094213 -0.172340 -0.408718 -0.330966 -0.211710 0.064188 -0.018076 -0.155242 0.010878 0.222550 0.099172 0.005261 0.027026 -0.169315 -0.021538 
0.088092 -0.206754 -0.423010 -0.197999 -0.056257 0.093892 -0.030990 -0.257360 -0.115716 0.203626 0.182011 0.002182 -0.002500 -0.168515 -0.004106 
0.288037 -0.848543 -0.573487 0.190964 0.357012 -0.056689 -0.206086 -0.108291 0.094131 0.122720 -0.003009 -0.134769 0.086549 -0.043906 0.009269 
0.710870 -1.149647 -0.587311 -0.094291 0.549217 -0.195135 -0.248688 -0.079656 0.106443 0.273777 -0.044135 -0.187961 -0.004237 0.114030 -0.017252 
0.878298 -0.640203 -0.420320 -0.104362 0.316510 -0.293639 -0.286853 -0.142130 0.075734 0.359574 -0.179730 -0.016840 0.156601 -0.076633 0.134658 
1.803064 -0.656734 -0.138673 -0.121411 -0.045309 -0.239994 -0.203278 -0.144202 -0.040835 0.293422 -0.043146 -0.113008 0.205564 0.007931 0.100821 
1.772238 -1.208358 0.097291 -0.353406 -0.015801 -0.163390 -0.277820 0.012915 -0.096307 0.359034 0.149698 -0.182333 0.095739 0.003425 0.101802 
1.522346 -1.283241 0.150966 -0.593356 0.046609 -0.086064 -0.211122 0.098301 -0.073155 0.362136 0.168075 -0.203749 -0.073305 -0.002953 0.069843 
1.443347 -1.253105 0.189497 -0.677006 -0.035217 -0.007524 -0.149679 0.104094 -0.077374 0.354113 0.212301 -0.226019 -0.110361 -0.042272 0.017754 
1.417550 -1.259936 0.210751 -0.692871 -0.069084 0.052883 -0.135726 0.076191 -0.052027 0.365943 0.167448 -0.227049 -0.111446 -0.037124 -0.012503 
1.289425 -1.196055 0.155307 -0.647879 -0.093726 0.077544 -0.132158 0.037833 -0.005558 0.361671 0.130651 -0.247977 -0.060661 -0.043537 -0.056466 
1.414846 -1.313102 0.235988 -0.709993 -0.029048 0.034748 -0.152831 0.044520 -0.006014 0.409320 0.053837 -0.244742 -0.003629 -0.051270 -0.047876 
1.318392 -1.145434 0.124153 -0.489669 -0.089794 0.039307 -0.190754 0.056623 0.105253 0.332402 -0.020600 -0.238030 0.021851 -0.024286 -0.039595 
1.786353 -1.161775 0.079752 -0.430137 -0.082689 0.070451 -0.227398 -0.058457 0.204791 0.283813 -0.186833 -0.152271 0.110502 0.016817 -0.004869 
1.739573 -0.593125 -0.197857 -0.188108 -0.145012 0.059292 -0.110758 -0.154967 0.190420 0.240101 -0.248271 -0.116828 0.125504 -0.004014 0.059759 
1.480702 -0.387240 -0.094668 0.102527 0.074843 -0.159975 -0.165072 0.073644 0.273069 0.085146 -0.200068 0.108558 0.016514 -0.090370 0.104806 
0.665514 -0.589963 0.278281 -0.032195 0.291273 0.089717 -0.100007 0.232170 0.032262 -0.079126 -0.086075 0.193590 0.013244 -0.100178 0.108200 
0.310571 -0.825073 0.141450 0.107929 0.185780 -0.018640 0.070013 0.123502 0.010160 -0.103742 -0.076481 0.192761 0.003659 -0.097619 0.075600 
0.063112 -0.846857 0.076286 0.039816 0.119068 -0.039113 -0.083266 0.001190 -0.031791 0.065985 -0.026044 0.014498 0.018800 -0.102174 0.105509 
-0.014718 -0.832250 -0.252007 -0.176101 0.005614 0.070144 -0.017567 0.045408 0.061054 0.008413 -0.021152 -0.123205 0.080863 -0.016123 0.029598 
-0.204941 -0.858847 -0.196303 -0.267454 0.142539 0.040041 0.060680 0.064050 -0.040704 0.012736 -0.075851 -0.052160 0.062551 0.079212 -0.042461 
-0.083713 -0.794716 -0.081191 0.024024 -0.005786 -0.214656 -0.148480 0.064789 0.205099 -0.045898 0.004338 -0.007094 -0.010660 -0.018013 0.062463 
0.474607 -0.641657 -0.013325 -0.180096 -0.056455 -0.046586 -0.043115 -0.010581 0.076357 -0.018791 0.011656 -0.010698 0.040582 -0.041070 0.023007 
0.525810 -0.679454 0.029848 -0.004981 -0.071708 -0.188664 -0.064821 0.112189 0.165828 0.006338 -0.156323 0.018398 0.110232 -0.100762 0.021207 
1.147941 -0.473421 -0.076431 -0.035243 0.047843 -0.040982 -0.182895 -0.101136 0.159136 0.100062 -0.224320 0.134092 0.049951 -0.164569 0.204263 
1.918470 -0.799999 -0.149808 -0.290000 -0.046811 -0.085204 -0.239029 0.033692 0.082913 0.328830 -0.180659 -0.090395 0.130797 -0.073582 0.094108 
1.540587 -1.096174 0.093526 -0.549642 0.020479 -0.041263 -0.226675 0.053562 0.104191 0.369134 -0.060127 -0.261521 0.085246 -0.015884 0.012478 
1.428070 -1.204754 0.122130 -0.615133 0.016676 -0.092869 -0.218043 0.067683 0.102409 0.400265 -0.017621 -0.280703 0.082404 -0.005974 -0.060876 
1.361467 -1.271345 0.144286 -0.556356 -0.009019 -0.090787 -0.215891 0.056842 0.098660 0.404825 -0.001044 -0.300385 0.090311 0.002375 -0.068381 
1.362148 -1.227613 0.122728 -0.384327 -0.057889 -0.125184 -0.255803 0.040272 0.066897 0.387866 0.049673 -0.289233 0.122795 0.034245 -0.063977 
1.526835 -1.192567 0.124361 -0.216215 -0.003708 -0.218584 -0.304344 0.012391 -0.058383 0.392587 0.001074 -0.215385 0.207104 0.060651 -0.011023 
1.448274 -0.975713 0.162053 -0.101424 0.094008 -0.292916 -0.336573 -0.037737 -0.165806 0.345789 -0.040280 -0.211411 0.267424 0.086950 0.038597 
1.277581 -0.682928 0.255734 -0.055084 0.119572 -0.293139 -0.388572 -0.069106 -0.155920 0.267522 -0.053708 -0.246762 0.238467 0.159004 0.033354 
0.829890 -0.027091 0.166252 0.219955 0.135716 -0.276284 -0.256986 -0.107367 -0.023751 0.195426 -0.038709 -0.228752 0.131693 0.175443 0.016006 
0.397885 0.129437 -0.267645 -0.070841 -0.028610 -0.066686 -0.105938 -0.184261 0.126853 0.199838 0.063643 -0.150314 0.037705 0.012454 0.022686 
0.045320 -0.176653 -0.419704 0.040488 -0.091314 -0.080094 -0.146323 -0.150504 0.101237 0.257909 0.044874 -0.159272 0.004786 0.045821 0.075194 
-0.269585 -0.324770 -0.468106 0.032009 -0.146013 -0.111639 -0.005661 -0.007502 0.045042 0.197884 0.007692 -0.101642 -0.071868 0.063882 0.009053 
-0.267391 -0.313230 -0.545834 0.072192 0.052039 -0.168640 -0.184980 0.060827 0.084179 0.123444 0.002912 -0.036943 -0.062209 0.019131 0.059008 
-0.234312 -0.246598 -0.404344 0.114657 0.064806 0.073974 -0.157872 -0.045988 0.055609 0.107109 -0.021533 -0.084733 -0.008627 0.050209 0.041865 
0.594433 -1.163028 -0.592435 -0.009767 0.299448 -0.304525 -0.009797 0.220013 0.148339 0.002001 -0.248969 -0.035552 0.108490 -0.055577 0.095058 
0.941893 -0.783656 -0.558160 0.140341 0.343842 -0.427800 -0.392822 0.062652 0.086606 0.288160 -0.142881 -0.017008 0.143293 -0.085138 0.112034 
1.450169 -0.259466 -0.206300 0.119598 0.010124 -0.268505 -0.215001 0.039468 -0.037059 0.201544 0.024059 -0.077743 0.102177 -0.046623 0.103874 
1.838316 -0.565400 -0.397449 0.002478 -0.081127 -0.355528 -0.182279 -0.059820 -0.062296 0.254875 0.128268 -0.191821 0.149674 0.105277 0.089271 
1.876094 -0.736533 -0.453873 -0.008582 -0.219048 -0.190768 -0.192944 -0.028368 -0.018113 0.328940 0.242966 -0.275753 0.115448 0.072154 -0.054994 
1.703124 -0.935272 -0.268063 -0.278546 -0.158035 -0.103606 -0.132347 0.061150 -0.036104 0.308312 0.249457 -0.233479 -0.067120 0.006408 0.005200 
1.488196 -0.996185 -0.217842 -0.374911 -0.129888 -0.028175 -0.152855 0.134164 -0.083281 0.319857 0.297416 -0.251614 -0.167701 -0.025705 0.025980 
1.469601 -1.104935 -0.219819 -0.493589 -0.049247 -0.025892 -0.112182 0.133125 -0.090251 0.279697 0.333685 -0.309719 -0.144599 -0.020194 -0.001277 
1.433690 -1.100839 -0.233131 -0.507667 -0.063598 0.005444 -0.073943 0.132581 -0.115748 0.325528 0.294645 -0.307415 -0.168970 -0.048524 0.016238 
1.558123 -1.117846 -0.342802 -0.431710 -0.163028 0.111548 -0.080038 0.110929 -0.078527 0.318355 0.263746 -0.335079 -0.151668 -0.044799 0.009425 
1.595040 -1.240333 -0.283268 -0.501802 -0.114550 0.081714 -0.046786 0.100232 -0.091456 0.349343 0.247669 -0.346546 -0.136768 -0.065194 0.011922 
1.549908 -1.227822 -0.309245 -0.440926 -0.173426 0.112588 -0.031961 0.052131 -0.057723 0.317882 0.219592 -0.340908 -0.051872 -0.068517 -0.029610 
1.494555 -1.239051 -0.192590 -0.484648 -0.163238 0.134979 -0.117614 0.114593 -0.079205 0.324312 0.193778 -0.341123 -0.007398 -0.072321 -0.021205 
1.526489 -1.069339 -0.263403 -0.399897 -0.188748 0.080645 -0.045121 0.052470 -0.048159 0.320629 0.155052 -0.323380 0.014238 -0.066026 -0.027985 
1.473612 -0.764821 -0.363145 -0.248083 -0.264099 0.078257 0.035715 -0.044083 0.016154 0.309263 0.152801 -0.297881 -0.036793 -0.071219 -0.019485 
1.374416 -0.828080 -0.260899 -0.342981 -0.212416 0.052624 0.071392 -0.038141 0.014237 0.366446 0.076304 -0.291567 -0.047109 -0.090717 -0.022845 
1.178934 -0.701770 -0.448048 -0.289939 -0.234608 0.039290 0.103987 -0.056326 0.038761 0.443244 0.088170 -0.383496 -0.088214 -0.083173 -0.031539 
1.331418 -0.926917 -0.514895 -0.229885 -0.230897 0.072127 0.040825 -0.025763 0.030088 0.377154 0.122841 -0.386855 -0.058166 -0.049077 -0.047695 
0.844043 -0.160202 -0.332027 -0.145181 -0.156510 0.053419 0.047733 -0.041229 0.180714 0.311166 -0.021203 -0.279537 -0.027196 -0.031515 0.003459 
1.021035 -0.649040 -0.315223 -0.148688 -0.174355 0.045156 0.084226 -0.101218 0.020010 0.419519 -0.068414 -0.272296 0.027560 -0.066945 0.048214 
0.348605 -0.153818 -0.657460 -0.292458 -0.159731 0.012836 -0.036658 -0.006315 0.120424 0.383696 0.037506 -0.187534 -0.226443 -0.045236 0.008269 
-0.292932 -0.238134 -0.430465 -0.071242 -0.185643 -0.074545 0.015086 0.024668 0.037028 0.196149 -0.012644 -0.125826 0.010697 -0.024237 -0.003147 
