city011_006
KAMEIDO
77
0.138314 -0.458116 -0.024127 -0.106531 0.016897 0.015813 -0.092897 -0.108849 -0.008153 0.023830 0.067496 0.059487 -0.090429 -0.033748 0.092553 
0.708860 -0.836296 0.129809 -0.315963 0.241749 -0.307541 -0.405946 0.114036 0.179415 0.103335 -0.101505 0.123030 -0.047471 0.026621 0.106805 
0.559392 -0.856804 0.100167 -0.049387 0.154442 -0.252739 -0.455249 0.236878 0.113919 -0.022058 0.021569 -0.030587 0.026257 0.072745 0.009384 
0.614584 -1.056636 -0.157071 -0.086009 0.490201 -0.158080 -0.217726 0.045825 0.019028 0.162096 -0.131613 -0.083361 0.115772 -0.013340 0.023093 
0.686646 -1.156854 0.020929 -0.240156 0.389598 -0.096332 -0.205015 -0.126567 0.001980 0.347700 -0.195409 -0.087620 0.146064 -0.056469 -0.011694 
0.576699 -1.182338 -0.177084 -0.386442 0.249708 0.088390 0.006443 -0.059533 0.067724 0.220200 -0.284846 -0.146772 0.146440 0.104380 0.008600 
0.619332 -1.285077 -0.187246 -0.349790 0.224450 0.083199 -0.058688 0.070161 -0.063107 0.235008 -0.256156 -0.069349 0.162089 -0.045453 0.033380 
1.281366 -0.753979 0.081393 -0.333207 0.309896 -0.070802 -0.028413 0.035117 -0.117530 0.411047 -0.316194 -0.136900 0.194544 -0.041570 0.040195 
1.660118 -0.996899 -0.037952 -0.698445 0.253513 -0.019791 -0.043628 0.116133 -0.171766 0.383934 -0.207813 -0.189646 0.085551 0.030107 0.134800 
1.345935 -1.241809 0.151815 -0.699519 0.042883 0.141513 -0.012689 0.122856 -0.060175 0.302178 -0.089893 -0.275893 -0.000041 0.007845 0.080821 
1.259733 -1.302148 0.188323 -0.715797 0.108565 0.056220 -0.042506 0.092878 -0.056638 0.315156 -0.025118 -0.282475 0.024768 -0.028488 0.071811 
1.292783 -1.245387 0.262542 -0.639683 0.104690 0.044912 -0.139552 0.104437 -0.105181 0.332072 0.040393 -0.288280 0.046589 -0.005417 0.036223 
1.507748 -1.217241 0.410448 -0.547889 0.102853 0.033293 -0.248067 0.043740 -0.243611 0.336003 0.079445 -0.201766 0.105409 0.012184 -0.016281 
1.643256 -1.202397 0.444825 -0.141194 -0.096032 0.142824 -0.219714 -0.135638 -0.266721 0.269573 0.035867 -0.198560 0.220527 -0.106564 -0.030505 
1.206128 -0.928982 0.934250 0.398005 -0.212422 0.161513 -0.119785 -0.363394 -0.088014 0.143854 -0.258331 -0.285365 0.144104 -0.079448 -0.075414 
1.181033 -0.859230 0.924661 0.427659 -0.236061 0.230453 -0.188518 -0.331974 -0.076377 0.177334 -0.294908 -0.285126 0.161609 -0.094771 -0.043274 
1.188877 -0.852276 0.950233 0.443499 -0.235160 0.220150 -0.179335 -0.352049 -0.055121 0.146959 -0.302548 -0.294024 0.148830 -0.074924 -0.084934 
1.244748 -0.974254 0.944897 0.446801 -0.206578 0.177264 -0.145689 -0.366952 -0.079875 0.130714 -0.315299 -0.306116 0.186735 -0.163671 -0.069901 
1.175534 -0.878830 0.956465 0.434513 -0.196721 0.139078 -0.139023 -0.355657 -0.082784 0.118225 -0.279579 -0.353934 0.202238 -0.103214 -0.140849 
1.239987 -0.882639 0.928797 0.329168 -0.168101 0.123895 -0.201909 -0.283253 -0.163267 0.120057 -0.203951 -0.349132 0.182853 -0.063893 -0.115452 
1.587242 -1.112496 0.696794 -0.257978 0.008993 0.052691 -0.471921 0.078884 -0.215352 0.196826 -0.024346 -0.247122 0.283595 -0.024931 -0.060685 
1.394603 -1.239789 0.845913 -0.365089 -0.087911 -0.085584 -0.368021 0.244144 -0.033808 0.190270 -0.075045 -0.101071 0.290298 -0.212893 0.042474 
1.316051 -1.266028 0.890489 -0.385318 -0.175033 -0.113622 -0.313231 0.285759 -0.000933 0.177900 -0.101578 -0.007067 0.230053 -0.262094 0.070321 
1.206526 -1.203552 0.885322 -0.398812 -0.203499 -0.140036 -0.269111 0.257466 0.019006 0.141298 -0.074300 0.019557 0.203727 -0.264833 0.074121 
1.202086 -1.232473 0.934003 -0.412125 -0.260191 -0.102939 -0.315462 0.264647 -0.003178 0.160702 -0.055512 0.014308 0.215918 -0.260480 0.069339 
1.233167 -1.281710 0.987282 -0.432952 -0.265852 -0.073772 -0.335263 0.213252 -0.002485 0.166868 0.004810 -0.060761 0.258011 -0.233626 0.056838 
1.158979 -1.281123 0.966551 -0.459240 -0.270664 -0.067031 -0.284470 0.161397 -0.116040 0.143049 0.039230 -0.005876 0.180263 -0.177916 0.099754 
1.071702 -1.263254 0.984926 -0.494287 -0.278730 -0.010996 -0.223971 0.076021 -0.245362 0.116235 0.098142 0.003179 0.135156 -0.136385 0.159652 
0.958385 -1.206771 1.030298 -0.487306 -0.223684 0.027661 -0.187291 -0.010770 -0.317440 0.077787 0.108369 0.001687 0.095419 -0.097753 0.157242 
0.932234 -1.191784 1.125194 -0.468067 -0.166230 0.085989 -0.208656 -0.058007 -0.368099 0.044998 0.085795 -0.002739 0.047239 -0.088764 0.174180 
0.900197 -1.131176 1.259205 -0.483063 -0.163986 0.152461 -0.258754 -0.028543 -0.393198 0.026372 0.041307 -0.029222 0.034411 -0.094311 0.194951 
1.013667 -1.144336 1.429948 -0.508545 -0.198031 0.204812 -0.344711 0.032503 -0.413557 0.015699 0.015247 -0.080183 0.055456 -0.099315 0.206917 
0.967873 -1.027575 1.501792 -0.519792 -0.207333 0.214092 -0.379890 0.046618 -0.406246 0.007793 0.009565 -0.121176 0.055625 -0.066430 0.183533 
0.950346 -0.931556 1.602030 -0.551992 -0.231213 0.204509 -0.404474 0.091076 -0.415280 0.010402 -0.002027 -0.124131 0.041641 -0.031852 0.161417 
0.872952 -0.813624 1.619459 -0.588658 -0.192458 0.193971 -0.390531 0.080389 -0.414422 -0.020275 0.009047 -0.150926 0.026415 -0.018171 0.158825 
0.900659 -0.823035 1.691730 -0.601039 -0.154925 0.202854 -0.424098 0.121224 -0.436984 -0.040505 0.024575 -0.195388 0.035924 -0.032873 0.150865 
0.769174 -0.651738 1.640514 -0.542721 -0.139713 0.205785 -0.412138 0.108240 -0.405412 -0.067621 0.032447 -0.204541 -0.002924 0.007878 0.097838 
0.756603 -0.666642 1.682268 -0.527364 -0.086987 0.197947 -0.421789 0.132145 -0.442032 -0.056642 0.008131 -0.231045 -0.000889 -0.013717 0.088467 
0.655868 -0.511865 1.587204 -0.483207 -0.077427 0.216691 -0.412592 0.116624 -0.407964 -0.096361 0.029497 -0.243343 -0.030389 0.015909 0.044617 
0.795359 -0.628643 1.686342 -0.578345 -0.008403 0.247079 -0.433624 0.181040 -0.485846 -0.066963 0.008586 -0.276328 -0.018687 -0.026990 0.045461 
0.573378 -0.428071 1.526201 -0.465647 0.000373 0.246463 -0.409330 0.135960 -0.434797 -0.114263 0.045420 -0.299393 -0.052531 0.021905 -0.010256 
0.650440 -0.496331 1.602648 -0.492479 0.032094 0.260040 -0.431845 0.179153 -0.479612 -0.079423 0.030514 -0.325404 -0.037980 0.007454 -0.020817 
0.559948 -0.449849 1.587273 -0.496958 0.051312 0.268648 -0.412271 0.158802 -0.464407 -0.110242 0.059375 -0.353560 -0.046588 0.015585 -0.039411 
0.568548 -0.435780 1.589257 -0.497665 0.073501 0.238793 -0.397898 0.162307 -0.457481 -0.111523 0.053085 -0.342356 -0.046089 -0.000209 -0.021217 
0.583232 -0.396684 1.603724 -0.461083 0.018745 0.245989 -0.414706 0.195513 -0.474098 -0.091923 0.041401 -0.331040 -0.046414 0.002776 -0.021688 
0.586996 -0.432866 1.613569 -0.474846 0.027095 0.238928 -0.383714 0.165944 -0.462473 -0.095801 0.022821 -0.296041 -0.082633 0.006374 0.014579 
0.574645 -0.476980 1.664302 -0.368958 -0.005426 0.194422 -0.348948 0.149246 -0.429678 -0.102312 -0.006941 -0.245770 -0.109936 -0.035101 0.098948 
0.625077 -0.481634 1.608739 -0.227343 -0.144249 0.212699 -0.269812 0.079455 -0.379911 -0.085868 -0.049770 -0.186043 -0.106537 -0.101942 0.143584 
0.550796 -0.322524 1.359851 0.048822 -0.219248 0.152844 -0.076676 -0.024966 -0.307182 -0.113268 -0.018437 -0.241948 -0.042141 -0.167342 0.085520 
0.461057 -0.085219 1.025157 0.357833 -0.092723 -0.007787 -0.067871 -0.035834 -0.189153 -0.206949 -0.061247 -0.207947 -0.060758 -0.159420 -0.013483 
0.516629 0.120540 0.795151 0.300194 0.004032 0.115646 -0.162068 -0.075947 -0.125513 -0.162414 -0.033865 -0.260069 -0.085909 0.003254 -0.128395 
0.367877 0.038500 0.612092 0.432662 0.012483 0.099311 -0.135934 -0.076470 -0.073912 0.001373 -0.141688 -0.171590 -0.002851 -0.011833 -0.120099 
0.850581 -0.629821 0.562157 -0.050598 0.045517 0.104423 -0.159018 -0.078759 -0.137918 -0.143025 0.026334 -0.044642 0.087298 -0.167410 0.003896 
1.326378 -1.044915 1.209040 -0.172967 -0.240067 -0.115204 -0.401764 0.211205 -0.338029 0.007885 -0.036611 -0.032586 0.247248 -0.197079 0.083505 
1.197805 -0.986121 0.921629 -0.447773 -0.075479 -0.232227 -0.309554 -0.012599 -0.244563 -0.071280 -0.015034 0.081397 0.232348 -0.068532 0.012802 
1.451215 -1.071871 0.682294 -0.516694 0.132828 -0.072409 -0.568220 -0.168912 -0.157138 0.247060 -0.044898 -0.098556 0.234521 0.122475 -0.005218 
1.540349 -1.060825 0.451830 -0.577574 0.071308 0.115913 -0.482889 -0.179476 -0.135865 0.163978 0.049327 -0.040335 0.236222 -0.018420 -0.045069 
1.641646 -1.026045 0.342430 -0.698696 0.015747 0.116972 -0.329939 -0.194629 -0.255441 0.150799 0.077095 0.152304 0.250201 -0.122696 -0.034166 
1.568339 -0.944347 0.277397 -0.670256 -0.078708 -0.045317 -0.186923 -0.090559 -0.193969 -0.028469 0.050935 0.205505 0.310044 0.009380 -0.099873 
1.516657 -0.903134 0.339310 -0.690221 -0.199855 -0.094262 -0.071386 0.025040 -0.302185 -0.075689 0.080060 0.209939 0.326367 -0.007456 0.027138 
1.469729 -0.797214 0.260773 -0.734604 -0.113582 -0.128253 -0.109155 0.125913 -0.334741 -0.080029 0.088512 0.192473 0.292815 0.022104 0.031674 
1.538085 -0.771212 0.280003 -0.829263 -0.084567 -0.135362 -0.117318 0.073947 -0.215400 -0.041530 -0.044920 0.171122 0.328062 0.077418 -0.006368 
1.540651 -0.693022 0.265830 -0.802105 -0.151240 -0.172722 -0.075170 0.072168 -0.183695 -0.032053 -0.075764 0.141664 0.313291 0.106350 0.000556 
1.605719 -0.730195 0.309915 -0.792045 -0.195225 -0.190319 -0.068762 0.151381 -0.222115 -0.022940 -0.083446 0.108476 0.297492 0.097009 0.044565 
1.573070 -0.721384 0.301897 -0.796536 -0.193608 -0.235074 -0.026955 0.158142 -0.220185 -0.033402 -0.068548 0.093326 0.303242 0.101968 0.041396 
1.566222 -0.711914 0.267195 -0.787948 -0.190930 -0.206311 -0.067018 0.148228 -0.197526 -0.027929 -0.072090 0.097630 0.319418 0.101344 0.009973 
1.634291 -0.731150 0.243022 -0.779950 -0.181617 -0.217018 -0.103330 0.178126 -0.196038 -0.015893 -0.074224 0.089509 0.313647 0.115795 0.002594 
1.685691 -0.691835 0.140359 -0.737363 -0.205940 -0.159346 -0.132947 0.138302 -0.125292 -0.099283 -0.014261 0.086017 0.303407 0.154660 -0.017711 
1.826740 -0.507884 0.083802 -0.775169 -0.258143 -0.047095 -0.187270 0.079180 -0.107205 -0.058001 0.009687 0.066040 0.268715 0.140561 0.026197 
1.861021 -0.160607 0.178342 -0.949213 -0.426460 0.228614 -0.202244 -0.036679 -0.102978 -0.039561 0.110930 0.006536 0.362217 0.058018 -0.038636 
1.760337 -0.299378 0.047519 -0.867943 -0.383607 0.182373 -0.181008 -0.047148 -0.136474 -0.080740 0.050172 0.054560 0.369909 0.167916 -0.021585 
1.538615 -0.086848 0.285167 -1.058308 -0.438316 0.257221 -0.267905 0.056786 -0.174604 -0.037931 0.126286 -0.026640 0.431682 0.122760 -0.088081 
1.176258 0.010725 0.230667 -1.016411 -0.318805 0.158060 -0.155514 -0.069553 -0.203122 0.050321 0.004726 0.140708 0.379127 0.064748 -0.027866 
1.026909 0.278602 -0.030296 -0.911902 -0.414782 0.139570 -0.040779 -0.109287 -0.120821 -0.058062 0.017210 0.068074 0.438360 0.130406 -0.020153 
0.578881 0.301445 -0.267958 -0.523706 -0.587578 0.089835 0.029928 -0.142955 -0.112026 -0.114934 0.064185 0.150502 0.279974 0.231424 -0.023638 
0.168431 0.141384 -0.179927 -0.392296 -0.400960 0.073513 0.046804 -0.236346 -0.106668 0.060351 0.122124 0.065434 0.195258 -0.008038 -0.083942 
-0.024069 -0.141546 -0.214594 -0.192485 -0.340490 0.070021 -0.002577 -0.060067 -0.067767 0.111890 0.122103 -0.015403 -0.020485 0.037987 -0.093348 
