city011_096
BYURETTO
78
-0.498848 0.042354 -0.060573 -0.118923 -0.141017 0.012740 -0.084264 -0.013359 -0.067729 -0.001856 0.142225 -0.048371 0.003082 -0.010566 0.046648 
0.164843 -0.566987 0.349273 0.007344 -0.324425 -0.113597 -0.233459 -0.022125 -0.014937 0.013654 0.138543 -0.081675 0.174819 -0.066907 0.068208 
0.697545 -0.406355 1.054076 0.212941 -0.171478 0.012534 0.080785 -0.006181 -0.138031 -0.041044 0.087936 -0.161757 0.027404 -0.003491 -0.057100 
0.966685 -0.398886 1.037651 0.283507 -0.284470 -0.161838 0.085690 -0.089246 -0.076138 -0.045250 0.050227 -0.057331 0.059448 0.033028 -0.115503 
0.865061 -0.788703 1.274284 0.083445 -0.453760 0.002882 -0.165968 -0.036482 -0.105870 -0.227896 0.229163 -0.195828 0.081913 0.035809 -0.050873 
0.658117 -0.914956 1.479177 0.184519 -0.372499 0.125945 -0.250011 0.013275 -0.316452 -0.265562 0.148093 -0.369316 0.009017 -0.012585 -0.112362 
0.783248 -0.983436 1.559602 0.140915 -0.333768 0.073855 -0.212223 0.021618 -0.366714 -0.263258 0.177369 -0.406210 -0.008109 0.000512 -0.093991 
0.887570 -1.026862 1.489806 0.112389 -0.257075 -0.065609 -0.119888 -0.076353 -0.324830 -0.218316 0.104469 -0.336467 -0.000442 0.030454 -0.115986 
0.829727 -1.054289 1.335738 0.166559 -0.136251 -0.248278 -0.057315 -0.152218 -0.268235 -0.239107 0.081360 -0.303989 -0.000690 0.040945 -0.086345 
0.929761 -1.064686 1.263221 0.090534 -0.004164 -0.379870 -0.022376 -0.150994 -0.289224 -0.166187 0.015519 -0.226042 -0.002740 0.051295 -0.081345 
1.042879 -1.184506 1.188110 -0.000627 0.135106 -0.399408 -0.058791 -0.190055 -0.255217 -0.146729 0.026109 -0.231654 0.010513 0.035614 -0.023524 
1.188688 -1.137101 1.152333 -0.041758 0.067941 -0.336762 -0.126771 -0.130820 -0.207629 -0.148080 0.012632 -0.179202 0.058517 0.058122 -0.080980 
1.188512 -1.063457 1.235208 -0.150209 0.074776 -0.283622 -0.172242 -0.185475 -0.158823 -0.148191 0.009352 -0.212300 0.071440 0.103322 -0.085524 
1.212772 -0.773089 1.104460 -0.298031 0.065094 -0.075163 -0.274983 -0.218241 -0.191900 -0.053786 0.070291 -0.292921 0.098425 0.136554 -0.108480 
1.361798 -0.855640 0.968981 -0.399532 0.221421 0.002493 -0.327007 -0.328185 -0.171113 -0.028667 0.136776 -0.196000 -0.107170 0.162898 0.053558 
1.591662 -1.199746 0.813247 -0.045546 -0.007163 0.078134 -0.233857 -0.383420 -0.176717 0.052235 0.164024 -0.235246 -0.062490 0.047578 0.152171 
1.591779 -1.332746 0.788895 0.096352 0.005382 -0.063270 -0.244286 -0.278193 -0.193391 0.026903 0.137323 -0.239915 -0.031720 0.043341 0.140431 
1.429526 -1.363737 0.848193 0.142279 0.035363 -0.210680 -0.233722 -0.233355 -0.139297 0.129634 -0.020806 -0.226734 0.046951 0.069674 0.184523 
1.363562 -1.448515 0.861242 0.103529 0.046554 -0.364494 -0.100328 -0.244201 -0.029987 0.093009 -0.035719 -0.194476 0.123120 0.112178 0.007083 
1.263176 -1.338982 0.934953 0.092810 -0.092998 -0.346648 -0.119204 -0.190764 -0.023384 0.191189 -0.158688 -0.174867 0.278033 0.086990 -0.121736 
0.975311 -1.275934 1.007459 -0.224425 -0.154775 -0.423618 -0.306957 -0.075570 0.009317 0.091470 -0.030646 -0.001122 0.333083 0.060568 -0.122498 
1.200693 -1.308431 0.904360 -0.326568 -0.102434 -0.537540 -0.220866 0.085713 -0.034011 0.093672 0.072558 0.017737 0.275886 0.025076 -0.188593 
1.060592 -1.283306 0.749509 -0.352878 -0.205691 -0.423973 -0.294684 0.232331 0.110667 0.014277 0.113369 0.124514 0.147085 -0.132621 -0.073820 
0.985312 -1.249173 0.751520 -0.466314 -0.161774 -0.464965 -0.259829 0.123950 0.232914 0.006940 0.060484 0.189738 0.203305 -0.202384 -0.064097 
0.873723 -1.146684 0.652510 -0.397306 -0.202810 -0.477081 -0.244579 0.075878 0.213275 0.085897 0.027266 0.173465 0.247069 -0.158666 -0.139194 
1.050525 -1.173502 0.596213 -0.350858 -0.215350 -0.495393 -0.182252 -0.004070 0.230663 0.064732 0.084900 0.121905 0.226711 -0.079975 -0.173693 
1.195512 -1.182824 0.658335 -0.330641 -0.195542 -0.583769 -0.062597 -0.026543 0.170011 0.075669 0.106796 0.125339 0.187209 -0.138138 -0.015961 
1.251297 -1.160525 0.698067 -0.235029 -0.273611 -0.507323 -0.099736 -0.006463 0.166193 0.059829 0.015239 0.244077 0.132419 -0.181017 0.047034 
1.262666 -1.203169 0.763976 -0.218644 -0.251195 -0.469227 -0.169449 -0.052529 0.224142 -0.059506 0.058191 0.216957 0.184159 -0.159273 0.044131 
1.346155 -1.179875 0.729972 -0.147192 -0.275497 -0.370026 -0.294466 -0.036393 0.134582 -0.020237 -0.009715 0.219405 0.240302 -0.144870 0.052988 
1.482775 -1.152037 0.785963 -0.142289 -0.198297 -0.366493 -0.365996 -0.044324 0.092082 -0.066850 0.014561 0.143964 0.333677 -0.198085 0.154774 
1.383850 -0.905235 0.662132 -0.007910 -0.228986 -0.294059 -0.416982 -0.068387 0.044813 -0.054754 -0.132655 0.181449 0.318938 -0.147361 0.094193 
1.062628 -0.685176 0.473634 0.191820 -0.075264 -0.240107 -0.320575 -0.168087 0.033206 -0.102100 -0.219505 0.047269 0.279063 -0.191127 0.081885 
0.678801 -0.358982 0.327119 0.385559 -0.113396 -0.093093 -0.099185 -0.176981 0.050704 -0.082527 -0.181498 -0.002024 0.162451 -0.164033 -0.007476 
0.258057 -0.445285 0.172067 0.268880 -0.226199 -0.382274 -0.060764 -0.045262 0.183122 -0.172484 0.030867 0.078123 0.127372 -0.079859 -0.031295 
-0.124217 -0.553979 -0.027828 0.175669 -0.324662 -0.389028 -0.245625 -0.075116 0.171798 0.160132 0.068846 -0.005051 0.226216 -0.025872 -0.023169 
-0.205543 -0.469775 0.022229 0.251573 -0.302029 -0.355111 -0.153976 -0.049896 0.152507 -0.025285 0.045426 0.075193 0.136340 -0.083946 0.025397 
-0.149487 -0.518340 0.013291 0.142928 -0.252397 -0.345431 -0.302509 0.013181 0.168080 -0.040964 0.171940 0.033406 0.094380 -0.003391 0.048282 
-0.304723 -0.520039 0.111440 0.305324 -0.316884 -0.373201 -0.227542 -0.076810 0.219730 -0.072807 0.029914 0.045550 0.220368 -0.026460 -0.071083 
-0.311191 -0.409340 0.030721 0.221562 -0.344704 -0.347568 -0.090650 -0.033066 0.113302 0.021728 0.066622 -0.003146 0.166336 -0.042518 -0.088808 
-0.328752 -0.429361 0.077501 0.282543 -0.418438 -0.361306 -0.226965 -0.146759 0.213492 0.000857 0.098703 0.008870 0.196364 0.124112 -0.171772 
-0.387176 -0.540053 -0.068618 0.299704 -0.219719 -0.266859 -0.110881 0.025253 0.103609 0.056629 -0.027182 -0.094742 0.219574 -0.071279 -0.087758 
-0.395397 -0.546470 0.028701 0.097725 -0.393747 -0.220349 0.100566 -0.173769 0.098590 0.157439 0.096536 -0.146356 0.118612 -0.015590 -0.054321 
-0.404716 -0.419041 0.140214 0.159114 -0.400612 -0.350208 -0.084293 -0.049701 0.169377 -0.013427 0.119080 -0.015110 0.141650 0.034458 -0.162826 
-0.397695 -0.405284 -0.054166 0.083225 -0.129658 -0.237695 -0.174467 -0.031663 0.154707 0.020280 0.043485 -0.023531 0.085895 -0.046627 0.018021 
-0.742673 -0.576756 -0.028954 0.101279 -0.331286 -0.233634 0.035472 0.066562 0.179077 -0.046275 0.029861 0.015122 -0.003859 -0.088492 0.003267 
-0.515817 -0.564140 -0.017471 0.293427 -0.290328 -0.403356 -0.108060 0.057023 0.223887 -0.100487 0.055744 0.047803 0.105894 -0.059358 -0.061915 
-0.301750 -0.254172 -0.058060 0.150559 -0.255313 -0.243297 -0.073890 -0.056411 0.207576 -0.032964 -0.016655 0.038057 0.107522 -0.055142 -0.067084 
-0.435855 -0.449678 -0.079180 0.234727 -0.184917 -0.208056 -0.031501 -0.056010 0.106730 -0.020116 0.074890 -0.077242 0.097219 -0.072522 0.031121 
-0.605103 -0.329825 -0.048475 0.146970 -0.132545 -0.179463 -0.083514 0.006997 0.101404 -0.060468 0.052852 -0.006269 0.058027 -0.096277 0.064007 
-0.581689 -0.455169 -0.028139 0.104822 -0.390750 -0.179670 -0.059925 0.027656 0.203145 -0.015008 0.089791 -0.096891 0.114449 -0.053712 -0.104793 
-0.576273 -0.232879 0.078675 0.212308 -0.196127 -0.120852 -0.070689 -0.030857 0.154463 -0.139613 0.031491 0.033529 0.044974 -0.063473 0.015463 
-0.633634 -0.297402 0.111175 0.234823 -0.200078 0.052121 -0.084328 -0.138277 0.054715 0.023142 0.066403 -0.120573 0.060099 -0.024780 0.097802 
-0.579051 -0.307444 -0.194580 0.225338 -0.218547 -0.197864 -0.026758 -0.046218 0.123777 -0.015030 0.081643 -0.061729 0.030511 0.005756 -0.006924 
-0.503808 -0.348892 -0.007217 0.099434 -0.168019 -0.276634 -0.119992 -0.033724 0.246005 -0.080613 0.042063 -0.003007 0.086321 -0.025583 -0.028066 
-0.423375 -0.060004 0.007257 -0.015496 -0.240259 -0.265169 0.024765 -0.026126 0.090849 -0.027068 0.113880 -0.060622 0.121154 -0.100874 0.005335 
-0.407080 -0.067983 -0.043048 0.119643 -0.125615 -0.062820 0.000485 -0.116440 0.014000 0.011649 0.088303 -0.125254 0.095152 -0.011207 -0.035755 
0.476068 -0.757215 0.320330 -0.301479 0.060627 -0.000309 -0.337026 -0.041324 0.172938 -0.038554 0.074245 -0.079035 0.104688 -0.066687 0.084217 
1.124324 -0.323055 0.203802 0.033082 0.056620 -0.108661 -0.266632 -0.191137 0.004332 0.138775 0.005994 -0.162259 0.142785 -0.018901 0.122663 
1.575373 -0.732065 0.464784 -0.206060 -0.078520 -0.007040 -0.539684 -0.100472 -0.008048 0.083132 0.154652 -0.326512 0.327252 0.074069 -0.039518 
1.724868 -0.747622 0.243203 -0.496630 -0.190827 0.178994 -0.431955 -0.208312 -0.172271 0.077213 0.326688 -0.172993 0.322026 -0.005028 -0.095066 
1.795859 -0.655874 0.158105 -0.600657 -0.261607 0.231616 -0.274951 -0.173550 -0.211268 0.076074 0.431951 -0.089606 0.255476 -0.059711 -0.184401 
1.685572 -0.827699 0.175093 -0.608405 -0.310210 0.101254 -0.109346 -0.153504 -0.264211 0.037003 0.320416 0.007534 0.363574 -0.024384 -0.175762 
1.665556 -0.691024 0.147455 -0.669076 -0.322963 0.051995 -0.113432 -0.045636 -0.206217 -0.039739 0.263304 -0.029280 0.349112 0.075645 -0.117961 
1.708938 -0.612203 0.259948 -0.784020 -0.388822 0.204064 -0.102079 -0.009433 -0.131268 -0.121677 0.270234 -0.073653 0.274792 0.116413 -0.146402 
1.702137 -0.560887 0.275843 -0.875225 -0.345656 0.149041 -0.061130 -0.028453 -0.083443 -0.118501 0.240838 -0.096884 0.324182 0.074739 -0.110273 
1.696646 -0.483913 0.280021 -0.929670 -0.395553 0.198802 -0.117572 0.017232 -0.080723 -0.088109 0.262782 -0.152364 0.362147 0.066407 -0.145900 
1.671706 -0.456476 0.208292 -0.873862 -0.453261 0.211583 -0.170002 0.110721 -0.119385 -0.065991 0.240128 -0.159201 0.342186 0.094346 -0.134255 
1.593992 -0.452428 0.278075 -0.976214 -0.415481 0.216486 -0.146419 0.117550 -0.171038 -0.033869 0.202648 -0.147595 0.414422 0.049049 -0.101333 
1.563307 0.095860 0.041954 -0.886149 -0.478309 0.219595 -0.042567 -0.002412 -0.143663 -0.066500 0.208238 -0.087889 0.437472 0.124318 -0.159924 
1.478313 -0.325954 0.133888 -0.885559 -0.405398 0.222310 -0.095695 0.044837 -0.124157 -0.028108 0.171852 -0.107568 0.373403 0.026265 -0.116951 
0.962898 0.145424 -0.108778 -0.872967 -0.492406 0.179157 0.006666 -0.047890 -0.149732 -0.020279 0.186585 -0.056044 0.492052 0.093932 -0.148068 
1.401047 0.387902 -0.115366 -0.617305 -0.442482 0.160566 0.046258 -0.072621 -0.041134 -0.148943 0.149323 -0.096437 0.258202 0.114369 -0.057275 
0.938682 0.312846 -0.296462 -0.747265 -0.480902 0.048007 0.115716 -0.130391 -0.091132 -0.032446 0.177954 0.024667 0.378229 0.141210 -0.114126 
0.229867 0.227320 -0.106529 -0.686772 -0.378680 0.014352 0.072982 -0.061121 -0.195521 -0.009579 0.220055 -0.064779 0.327001 0.086347 -0.060342 
0.785011 0.454845 0.021929 -0.525725 -0.299718 -0.179258 -0.124892 -0.083063 -0.035025 0.037779 0.201995 -0.086491 0.256876 -0.014326 -0.015457 
0.500950 0.290095 -0.176389 -0.572625 -0.567112 -0.094168 -0.022949 -0.064028 0.035439 0.003578 0.278131 -0.024173 0.249775 0.039927 -0.043942 
-0.239749 0.060289 -0.112885 -0.244203 -0.362177 -0.202107 -0.109146 -0.211500 0.031185 0.141005 0.354401 -0.044204 0.107541 0.064568 -0.040560 
