city011_044
WASEDA
64
0.299806 0.363883 0.080914 0.101788 -0.050621 0.152756 0.110917 -0.094366 -0.019645 0.044759 0.012711 -0.054407 0.066257 -0.037037 -0.004620 
0.556653 0.627474 0.014226 0.045020 -0.095623 0.216224 0.059143 -0.088370 -0.198366 -0.092058 0.002550 -0.036555 -0.039426 0.030547 -0.016231 
1.525907 -0.193955 0.284512 -0.573095 -0.268868 0.241495 -0.109116 -0.041160 -0.296732 -0.002852 0.220057 -0.126470 0.219851 0.083677 -0.159985 
1.603039 -0.453516 0.184066 -0.738638 -0.291810 0.328624 -0.165380 -0.030483 -0.308055 0.060921 0.292244 -0.108760 0.300326 -0.000169 -0.251725 
1.833232 -0.753653 0.193463 -0.854470 -0.325535 0.344130 -0.155271 0.044677 -0.183663 0.145077 0.324014 -0.150871 0.161863 -0.047381 -0.287652 
1.547321 -0.952395 0.101790 -0.866143 -0.257687 0.278049 -0.008983 0.009831 -0.103204 0.182080 0.243059 -0.077475 -0.022132 -0.085048 -0.250183 
1.440051 -1.132371 0.098444 -0.915449 -0.115461 0.224246 0.025154 -0.043465 -0.026630 0.273406 0.117951 -0.072757 -0.115285 -0.147786 -0.131588 
1.425878 -1.109850 0.081740 -0.924855 -0.070139 0.185122 0.030255 -0.009015 0.014783 0.253503 0.064119 -0.119878 -0.097508 -0.117858 -0.090491 
1.397417 -1.121600 0.134306 -0.970579 -0.013294 0.190180 0.005843 -0.043749 0.039135 0.295662 0.035696 -0.116106 -0.116966 -0.140138 -0.063920 
1.340647 -1.125779 0.076485 -0.941963 -0.002108 0.174907 0.029449 -0.062087 0.080125 0.250539 0.015485 -0.106160 -0.100487 -0.125496 -0.073944 
1.279042 -1.161528 0.177332 -0.937521 0.046159 0.157072 -0.054364 -0.208979 0.188221 0.277088 0.081846 -0.080798 -0.119204 -0.165022 -0.069617 
1.462922 -1.143560 0.213761 -0.815724 -0.048639 0.091913 -0.071512 -0.158514 0.168361 0.292752 0.037196 -0.075643 -0.044287 -0.137101 -0.068177 
1.410918 -1.152308 0.280016 -0.743329 -0.120486 -0.011503 -0.060227 -0.076254 0.173024 0.298947 -0.043639 -0.034808 0.010549 -0.185783 -0.016052 
1.495409 -1.120150 0.363960 -0.674092 -0.063902 0.007047 -0.248145 -0.043145 0.219876 0.336421 -0.082606 -0.074787 0.026589 -0.138915 0.059350 
1.834995 -0.955772 0.156679 -0.426083 -0.023156 0.045442 -0.408518 -0.019491 0.276154 0.204347 -0.167478 0.009587 0.024537 -0.047231 0.141571 
1.735097 -0.485804 0.013413 -0.108919 0.000064 -0.080322 -0.289495 -0.030602 0.270214 0.088084 -0.227594 0.032588 0.062147 -0.008372 0.061027 
1.104131 -0.277464 0.407223 0.294894 0.068138 0.162891 -0.202786 0.033799 0.242351 0.023784 -0.034001 -0.040781 0.079467 0.075744 -0.027270 
0.608249 -0.537253 0.225331 0.158721 0.219736 0.122802 -0.053978 0.274415 0.088012 0.043222 -0.130405 0.126445 0.102960 -0.000356 -0.012398 
0.423972 -0.698278 0.030597 0.122496 0.109764 0.097739 0.134999 0.069367 -0.109294 0.000005 -0.015821 0.064220 0.084215 -0.089042 0.010074 
0.037253 -0.840642 -0.012529 -0.171107 -0.201850 0.140261 -0.001947 0.172721 0.101095 -0.189342 -0.076481 0.057267 0.023244 -0.009792 -0.001996 
-0.082447 -0.805731 -0.011546 -0.017097 -0.186129 -0.085257 0.045063 0.274052 -0.019364 -0.094076 -0.045732 0.035407 -0.019146 -0.029842 0.062531 
-0.129919 -0.908090 0.140358 -0.063901 -0.120070 -0.131575 0.005733 0.204078 -0.010631 -0.073798 0.050810 -0.011907 -0.051333 0.008864 0.053663 
0.107215 -0.813714 0.061544 -0.188963 -0.057175 0.143140 -0.095550 0.075941 0.008700 -0.040913 0.014543 -0.022636 0.038442 -0.033694 0.017194 
0.530389 -0.490350 0.284841 0.033554 0.094310 0.175780 -0.039703 0.054175 0.003876 -0.091019 -0.060337 0.176596 0.009979 -0.158960 0.111659 
0.406426 -0.496811 0.463949 -0.185678 -0.216123 -0.171527 -0.171048 0.143336 0.025673 -0.053985 0.039158 0.084482 0.043023 -0.122456 0.097743 
0.741559 -0.314251 0.556122 -0.042639 0.024438 -0.109884 0.017114 0.099165 -0.046253 -0.056334 -0.096187 0.185743 -0.077665 -0.152233 0.213667 
1.771373 -0.550106 0.500674 0.205103 -0.288433 -0.273610 -0.144541 -0.095533 -0.114165 0.018083 -0.148038 0.158194 0.107478 -0.158299 0.210338 
1.465753 -0.796012 0.849588 -0.111892 -0.463659 -0.166742 -0.297964 -0.058764 -0.108766 -0.103311 0.022018 0.157924 0.120943 -0.040962 0.113801 
1.279412 -1.049161 0.869776 -0.360054 -0.237150 -0.186477 -0.261123 -0.066076 -0.326217 -0.025372 0.023008 0.167946 0.160913 -0.115221 0.228177 
1.296478 -0.908511 0.843922 -0.157924 -0.416659 -0.171232 -0.188310 -0.054791 -0.229293 0.016748 0.001996 0.113327 0.140829 -0.117361 0.196043 
1.441718 -1.125487 0.919467 -0.156236 -0.489177 -0.124755 -0.249470 0.004867 -0.189489 0.048459 0.056005 0.093364 0.164805 -0.145298 0.214249 
1.263742 -1.003993 0.884367 -0.192662 -0.498216 -0.154834 -0.305244 -0.012654 -0.158754 0.056822 0.073031 0.122134 0.198411 -0.104795 0.177205 
1.375939 -1.049158 0.903857 -0.269948 -0.471026 -0.200184 -0.284278 0.003766 -0.214164 0.035379 0.094907 0.136234 0.202456 -0.107773 0.196805 
1.363312 -1.059315 0.947381 -0.293686 -0.422623 -0.240843 -0.254077 -0.045784 -0.197705 0.046073 0.038554 0.169580 0.186913 -0.088415 0.191212 
1.365337 -0.984329 0.893867 -0.121784 -0.457405 -0.189394 -0.348394 -0.012543 -0.227741 0.061747 0.028855 0.126443 0.211374 -0.089617 0.204065 
1.450947 -0.915442 0.912592 -0.015572 -0.469693 -0.211071 -0.339143 -0.033219 -0.185551 0.015218 -0.038184 0.159579 0.213519 -0.120477 0.214616 
1.313909 -0.774140 0.846643 0.122647 -0.428650 -0.260531 -0.285829 -0.085838 -0.142561 -0.025548 -0.122321 0.163419 0.224411 -0.140132 0.165500 
1.326154 -0.715641 0.758959 0.312298 -0.386210 -0.200085 -0.308180 -0.041875 -0.101753 -0.103356 -0.164587 0.085014 0.243248 -0.170767 0.057279 
1.081585 -0.563832 0.688641 0.380286 -0.103835 -0.143318 -0.244508 -0.023245 -0.099212 -0.114062 -0.315217 -0.006825 0.225198 -0.298574 0.029214 
0.799385 -0.230136 0.537409 0.560357 -0.011636 -0.158819 -0.153213 -0.089875 0.016528 -0.147547 -0.308117 -0.072064 0.181921 -0.246175 -0.065277 
0.634382 -0.019492 0.428395 0.597663 -0.094144 -0.159917 -0.163314 -0.059820 0.002359 -0.098247 -0.278820 -0.017322 0.112585 -0.094081 -0.125780 
0.957837 -0.100303 0.442713 0.493014 -0.221843 -0.224426 -0.227380 -0.125816 0.033902 -0.043066 -0.229191 -0.031399 0.302659 -0.138672 -0.043516 
1.328890 -0.828232 0.730600 0.039933 -0.170400 -0.186340 -0.443334 0.036399 -0.134638 -0.024223 -0.210015 0.045968 0.316733 -0.177574 0.051888 
1.362181 -0.929283 0.680210 -0.111842 -0.239619 -0.308856 -0.422555 -0.009668 -0.037471 0.048127 -0.151791 0.172402 0.370477 -0.176212 0.124467 
1.380909 -1.015197 0.510983 -0.158963 -0.362394 -0.258578 -0.422681 0.072783 0.140162 0.125995 -0.072162 0.143709 0.353175 -0.188337 -0.018083 
1.533179 -1.092058 0.434845 -0.234248 -0.328132 -0.165536 -0.463888 0.131195 0.185541 0.166463 -0.087785 0.080252 0.323708 -0.203694 -0.047038 
1.413774 -1.134624 0.200032 -0.291543 -0.237374 -0.196308 -0.380209 0.162595 0.303979 0.178696 -0.032075 -0.046622 0.197005 -0.160804 -0.120729 
1.492463 -1.110885 0.181812 -0.375809 -0.122982 -0.267390 -0.217220 0.163610 0.228641 0.261138 0.001422 -0.214133 0.057913 0.034872 -0.178193 
1.442227 -1.187094 0.070245 -0.376062 -0.173046 -0.123882 -0.188727 0.088069 0.231700 0.258045 -0.000127 -0.256080 0.049428 0.068714 -0.185175 
1.492981 -1.312411 0.062265 -0.471567 -0.127618 -0.078247 -0.161138 0.085324 0.203780 0.299743 -0.063845 -0.255597 0.066211 0.037589 -0.189641 
1.594685 -1.203051 0.012099 -0.487506 -0.144345 -0.009522 -0.175660 0.081545 0.184254 0.315167 -0.089449 -0.250269 0.079829 -0.012391 -0.124700 
1.535463 -1.168465 -0.007550 -0.504471 -0.167529 0.078517 -0.183279 0.047907 0.196335 0.289826 -0.045973 -0.276785 0.060160 -0.012350 -0.107929 
1.636481 -1.164711 -0.019262 -0.484168 -0.223124 0.163286 -0.247118 0.036453 0.203602 0.290090 -0.039032 -0.262158 0.079848 -0.062319 -0.046416 
1.648535 -1.283146 0.102572 -0.634137 -0.083036 0.097454 -0.272422 0.173027 0.054090 0.371786 -0.089307 -0.269168 0.146919 -0.145377 0.011161 
1.531135 -1.131116 -0.058733 -0.486361 -0.157027 0.113398 -0.209042 0.074520 0.101145 0.354790 -0.071836 -0.273964 0.153701 -0.161249 0.011368 
1.482219 -1.138048 -0.036193 -0.540648 -0.136221 0.167717 -0.209901 0.093973 0.094512 0.368787 -0.119653 -0.284496 0.134496 -0.156099 0.038284 
1.307213 -0.939478 -0.142888 -0.534691 -0.135674 0.119595 -0.166444 0.021400 0.167361 0.383624 -0.087761 -0.324205 0.126570 -0.167994 0.012101 
1.264617 -0.690484 -0.244663 -0.469392 -0.113989 0.058590 -0.131288 0.023321 0.125303 0.432577 -0.091825 -0.315430 0.115141 -0.193604 0.030888 
1.362051 -0.640507 -0.349670 -0.334763 -0.214699 0.101671 -0.102161 0.022013 0.128100 0.358097 -0.042562 -0.288900 0.061871 -0.149438 0.000637 
1.242080 -1.025293 -0.179709 -0.479291 -0.179099 0.166098 -0.163393 0.053059 0.106306 0.410591 -0.038600 -0.354024 0.077076 -0.164743 -0.001821 
1.286942 -0.608930 -0.458341 -0.268649 -0.180469 0.100962 -0.077484 0.017469 0.108983 0.284196 -0.054352 -0.189931 -0.024729 -0.041954 -0.030388 
1.401064 -0.712544 -0.359051 -0.515532 -0.058340 0.084781 -0.077693 0.020882 0.045556 0.448233 -0.085514 -0.300906 0.047699 -0.149933 0.031402 
0.243902 -0.621175 -0.175206 -0.301362 -0.011404 0.044629 -0.111699 -0.085791 0.080837 0.347235 -0.071323 -0.222040 0.060780 -0.034157 0.022197 
1.085757 -0.267817 -0.309643 -0.132218 -0.033015 0.013101 -0.003789 -0.112043 0.094624 0.319662 -0.000963 -0.312271 0.095883 -0.026802 -0.000680 
