city011_070
KYOOBASHI
85
-0.685930 -0.085252 0.085109 -0.040982 -0.163311 -0.012617 -0.242456 -0.158479 0.127773 0.006549 0.079794 -0.018410 -0.009027 0.063249 0.044940 
-0.147940 -0.792799 0.249739 -0.512579 -0.124891 0.193626 0.072581 0.122340 0.065303 -0.217920 -0.029268 0.095244 -0.079097 0.007635 0.172586 
0.080120 -0.338479 0.468643 -0.437006 -0.036085 -0.025256 -0.167124 -0.071443 0.190845 -0.189095 0.145957 0.021389 -0.043017 0.030225 0.003362 
0.252320 -0.856769 0.690262 -0.331166 -0.120396 0.169667 -0.260656 -0.318279 0.359348 0.005285 -0.097446 0.022776 0.070153 -0.057679 0.098309 
0.115617 -0.800439 1.176380 -0.151687 -0.239084 0.175008 0.064586 -0.209098 0.123266 0.067735 -0.111322 -0.015580 0.128307 -0.083835 -0.035767 
0.590376 -0.743883 1.334594 0.152673 -0.212975 -0.108858 0.289215 -0.114591 -0.072117 -0.007120 0.084794 -0.058197 -0.056131 0.075830 -0.036600 
1.258828 -0.674170 1.102297 0.327272 -0.441408 -0.306638 -0.015113 -0.040746 -0.169001 -0.158395 0.163544 0.032184 0.015867 0.005371 0.058124 
1.515827 -0.464070 0.698163 0.265676 -0.255745 -0.344665 -0.177227 0.012030 -0.142289 -0.229467 0.052355 0.035537 0.096407 -0.110461 0.115785 
1.445594 -0.450736 0.386246 0.170024 0.060322 0.141240 -0.056393 -0.090189 -0.060646 -0.023733 0.134650 -0.204211 0.020423 0.085726 -0.145658 
1.598752 -0.610655 0.613351 -0.263759 -0.190120 0.098284 -0.128565 -0.154628 -0.242795 0.030777 0.145670 -0.172919 0.140560 0.032773 -0.070383 
1.565776 -0.651389 0.450451 -0.537830 0.014524 -0.009416 -0.225598 -0.272932 -0.344468 0.020950 0.107681 0.029368 0.158287 0.063758 -0.090486 
1.642451 -0.854940 0.447999 -0.525581 0.088092 -0.186581 -0.171657 -0.151505 -0.269211 -0.127897 0.062252 0.072359 0.207840 0.076757 -0.102508 
1.696434 -0.869663 0.358544 -0.428877 -0.120930 -0.071693 -0.244515 0.051527 -0.313606 -0.203851 0.079860 -0.044740 0.405520 0.038064 -0.120398 
1.774019 -0.914009 0.406765 -0.597557 0.017506 -0.116508 -0.210835 0.054727 -0.237209 -0.264896 0.107375 -0.001325 0.393772 -0.030446 -0.028042 
1.772895 -0.815759 0.389203 -0.631404 0.074435 -0.174729 -0.227262 -0.055464 -0.139446 -0.116503 -0.009593 -0.007424 0.358571 0.006265 -0.026163 
1.749920 -0.761785 0.362158 -0.556926 0.012446 -0.202092 -0.226169 -0.029645 -0.113106 -0.101741 -0.053686 0.055884 0.282125 0.050452 -0.066581 
1.828330 -0.810685 0.382362 -0.566382 -0.040020 -0.228538 -0.175244 0.051024 -0.143267 -0.130651 -0.062021 0.079490 0.277075 0.029546 -0.025706 
1.755574 -0.771376 0.317918 -0.531166 -0.096446 -0.260974 -0.064514 0.041200 -0.152391 -0.150339 -0.045321 0.108528 0.240925 0.041600 -0.001385 
1.748930 -0.806198 0.292531 -0.583027 -0.022053 -0.291148 -0.068375 0.050884 -0.186390 -0.122377 -0.047020 0.118933 0.213742 0.120266 -0.039865 
1.766150 -0.793919 0.280204 -0.628376 0.113326 -0.301904 -0.155716 0.032078 -0.191567 -0.127437 0.071770 0.103457 0.203425 0.081432 -0.039557 
1.686735 -0.744627 0.294778 -0.641984 0.210502 -0.291958 -0.263605 -0.044755 -0.140419 -0.136445 0.150053 0.091988 0.199935 0.030364 -0.002905 
1.606629 -0.741413 0.331731 -0.645591 0.204240 -0.261878 -0.332281 -0.035813 -0.171274 -0.047642 0.075141 0.148151 0.142462 0.093921 -0.049081 
1.590398 -0.755650 0.339811 -0.661409 0.225112 -0.283988 -0.312051 -0.071440 -0.135831 -0.068432 0.104875 0.116006 0.184251 0.054884 -0.019254 
1.556502 -0.738039 0.322870 -0.661589 0.224677 -0.251216 -0.354954 -0.047148 -0.160058 -0.052260 0.081187 0.145423 0.166855 0.069007 -0.031704 
1.570447 -0.769106 0.350915 -0.683702 0.244122 -0.263427 -0.343254 -0.061437 -0.152165 -0.059200 0.092466 0.171725 0.140883 0.075335 -0.049537 
1.461597 -0.712609 0.307083 -0.637752 0.216470 -0.237276 -0.374927 -0.071854 -0.133130 -0.052771 0.111161 0.142523 0.162213 0.048160 -0.017453 
1.540010 -0.781092 0.334754 -0.682419 0.240256 -0.273820 -0.309270 -0.088223 -0.120819 -0.089024 0.109185 0.117477 0.215621 0.034891 -0.023125 
1.478451 -0.738318 0.311466 -0.653239 0.256301 -0.260187 -0.379475 -0.072324 -0.135095 -0.059222 0.102514 0.156145 0.161803 0.058004 -0.031043 
1.512951 -0.730636 0.333158 -0.644759 0.251879 -0.273513 -0.353550 -0.080353 -0.134601 -0.068848 0.114078 0.142970 0.151505 0.054110 -0.018447 
1.562959 -0.740131 0.368469 -0.627894 0.179049 -0.265393 -0.281258 -0.111803 -0.130994 -0.046717 0.063470 0.120237 0.191807 0.051540 -0.035881 
1.648423 -0.726093 0.449072 -0.610077 0.059210 -0.249953 -0.227846 -0.089398 -0.113128 -0.063625 0.022753 0.054867 0.260572 0.024418 -0.031214 
1.799917 -0.651928 0.454839 -0.555727 -0.205402 -0.118594 -0.227293 0.094505 -0.173876 -0.139539 0.012912 -0.029993 0.316454 -0.036256 0.045595 
1.775660 -0.465510 0.484950 -0.697260 -0.380560 0.039566 -0.213842 0.112174 -0.136171 -0.210856 0.019074 -0.193254 0.329057 0.029314 0.079478 
1.758300 0.021046 0.554572 -0.971020 -0.438720 0.305428 -0.169815 0.079446 -0.075868 -0.233110 0.026452 -0.258853 0.315976 0.101928 0.031764 
1.910052 0.076231 0.431575 -0.670376 -0.378731 0.320633 -0.166784 0.052759 -0.052076 -0.267551 -0.056659 -0.310220 0.199529 0.008690 0.031019 
1.695951 0.259665 0.375558 -0.474241 -0.302292 0.372678 -0.030125 0.009670 -0.133874 -0.282267 -0.081346 -0.303922 0.187592 0.039801 -0.034897 
1.445745 0.129251 0.429174 -0.455455 -0.157438 0.387847 0.135848 0.031309 -0.076166 -0.208738 0.005141 -0.202423 0.186572 0.076017 -0.069063 
1.310351 0.079562 0.316704 -0.368177 -0.168817 0.410478 0.153143 0.065084 -0.026410 -0.230216 0.013984 -0.173571 0.166847 0.096476 -0.056166 
1.771921 0.053778 0.413837 -0.522616 -0.274597 0.337012 -0.066282 -0.036369 -0.098702 -0.218787 0.031207 -0.247766 0.243593 0.002187 -0.051727 
1.827097 -0.082272 0.474498 -0.727997 -0.081401 0.376091 -0.044391 -0.013533 -0.263805 -0.165487 0.043834 -0.187979 0.349238 -0.015996 -0.096110 
1.637249 -0.897897 0.389001 -0.776073 -0.021804 -0.074571 -0.014900 -0.068885 -0.296599 -0.082682 0.144741 0.086771 0.314083 -0.005223 -0.061805 
1.447489 -1.266428 0.256265 -0.818465 -0.011706 -0.091854 0.008738 -0.054820 -0.136316 0.148200 0.180554 0.131190 0.128670 -0.163550 -0.177692 
1.290632 -1.232111 0.291168 -0.885368 0.001806 -0.000934 0.004338 -0.212504 -0.054204 0.349062 0.188863 0.015040 0.008489 -0.210813 -0.120326 
1.365487 -1.200552 0.299100 -0.901974 0.068303 0.002363 0.027500 -0.229975 0.094234 0.314206 0.217500 -0.172144 -0.074099 -0.149209 -0.062357 
1.207580 -1.155129 0.237366 -0.872278 0.060738 0.080720 -0.018076 -0.172047 0.090509 0.329739 0.167409 -0.175403 -0.167048 -0.074027 -0.078244 
1.312552 -1.290811 0.202730 -0.858155 0.122194 0.076918 -0.023160 -0.100216 0.037863 0.301883 0.135839 -0.238087 -0.062426 -0.087688 -0.068031 
1.405031 -1.226077 0.155064 -0.743690 0.055221 0.077140 -0.089022 0.023164 0.016150 0.324817 0.030802 -0.300405 0.048796 -0.042516 -0.095295 
1.458734 -1.206289 0.252985 -0.677471 0.071976 -0.017477 -0.102343 0.014304 0.141679 0.299935 -0.014578 -0.359445 0.135394 -0.084986 -0.016603 
1.737971 -1.180345 0.107704 -0.402808 -0.010800 0.001586 -0.138182 0.005699 0.204763 0.243856 -0.104632 -0.252242 0.204500 -0.190521 0.072273 
1.560131 -0.888988 0.144647 -0.282531 0.030797 -0.109802 -0.134990 0.072147 0.178792 0.152797 -0.157166 -0.172645 0.292548 -0.191862 -0.019128 
1.439195 -0.778087 0.113446 0.117814 -0.015013 -0.218965 0.048589 0.018893 0.214396 0.124867 -0.295993 0.023248 0.224976 -0.192407 0.007366 
1.106009 -0.455616 0.168638 -0.004076 0.116848 -0.291558 0.129057 0.152492 0.248746 -0.000947 -0.059563 0.024553 0.001256 -0.044213 0.042110 
0.637010 -0.491183 0.390159 -0.121986 0.304621 -0.234392 0.087401 0.108326 0.001834 -0.129722 0.077480 0.030339 -0.004126 -0.067089 0.077918 
-0.056115 -0.474381 0.162463 0.046722 0.324419 -0.247990 0.183139 0.055287 -0.045886 -0.011461 0.045805 -0.035174 0.049622 0.000165 -0.051429 
-0.298374 -0.509219 0.190195 -0.000421 0.299653 -0.062746 0.189869 -0.074770 -0.063178 0.024641 0.064109 0.019354 -0.001017 -0.054388 0.041626 
-0.291282 -0.625470 -0.048470 -0.328762 0.215672 -0.123179 0.174716 -0.083698 -0.033142 -0.019282 0.026748 0.053994 0.025475 -0.152497 0.105769 
-0.228157 -0.544860 -0.057683 -0.378351 0.125030 -0.033884 0.118339 -0.093850 0.160948 -0.106091 -0.022714 0.038025 -0.017999 -0.022826 0.046935 
-0.479568 -0.831495 0.072705 -0.357808 0.143942 -0.304020 0.121938 0.055199 -0.010713 0.070394 0.106985 -0.096646 -0.095308 -0.007119 0.126110 
-0.400722 -0.875010 0.264008 -0.286298 0.129697 -0.168464 0.080576 -0.022932 -0.036410 0.066925 0.023380 0.017159 -0.091956 -0.025072 0.164598 
-0.326981 -0.760448 0.291163 -0.331870 0.038600 -0.280813 0.199025 0.029437 -0.121302 0.074856 0.040182 0.057619 -0.101883 -0.076154 0.151957 
-0.373526 -0.796301 0.475342 -0.552157 -0.015116 -0.183662 0.086106 0.069425 0.031888 0.076570 -0.062240 0.050794 -0.048386 -0.105547 0.144448 
-0.311442 -0.714257 0.497306 -0.608625 0.044257 -0.192580 -0.103131 -0.124359 0.216743 0.183049 -0.107084 0.033293 0.107678 -0.176628 0.112386 
-0.220363 -0.583427 0.509049 -0.420067 -0.185679 -0.125306 0.104081 -0.145727 0.031960 0.196301 -0.116736 0.064235 0.083561 -0.183774 0.158744 
0.071906 -0.193774 0.793368 -0.289611 -0.090462 -0.137059 0.088914 -0.017526 -0.081587 0.049210 -0.020602 0.017735 0.066271 -0.196223 0.231420 
0.683831 -0.501637 1.410460 -0.144321 -0.164319 -0.045840 -0.122846 -0.099996 -0.160031 -0.187630 0.037043 -0.119763 0.018371 -0.143117 0.192321 
0.556532 -0.658878 1.487888 -0.079756 -0.071744 0.009342 -0.218121 -0.025719 -0.213407 -0.231199 -0.004465 -0.169218 -0.046665 -0.145550 0.148512 
0.678572 -0.668226 1.566770 -0.133630 -0.073630 0.096950 -0.255462 -0.003282 -0.210454 -0.280526 0.068355 -0.224457 -0.087953 -0.107042 0.134706 
0.621866 -0.657314 1.553735 -0.105366 -0.111243 0.212136 -0.335561 0.044980 -0.244662 -0.265178 0.066767 -0.252571 -0.111915 -0.072779 0.086848 
0.580759 -0.655417 1.660806 -0.113874 -0.124315 0.206979 -0.335014 0.072360 -0.254030 -0.283751 0.096816 -0.290506 -0.095234 -0.068110 0.058633 
0.590954 -0.693272 1.688190 -0.163443 -0.110427 0.203186 -0.336895 0.081334 -0.242412 -0.297971 0.130438 -0.280611 -0.110432 -0.034930 0.050726 
0.598353 -0.691350 1.729331 -0.182806 -0.128872 0.198807 -0.335327 0.065286 -0.221228 -0.283415 0.121168 -0.283679 -0.058735 -0.046635 0.033665 
0.645907 -0.705378 1.737181 -0.191772 -0.122850 0.202040 -0.336945 0.070033 -0.222329 -0.279273 0.129229 -0.301004 -0.030878 -0.079099 0.057139 
0.553735 -0.590403 1.675758 -0.151173 -0.156019 0.253589 -0.356627 0.083119 -0.261547 -0.234951 0.089554 -0.301800 -0.045592 -0.058478 0.026205 
0.509905 -0.491339 1.670330 -0.213085 -0.150851 0.259490 -0.344225 0.068101 -0.270517 -0.247862 0.119492 -0.326950 -0.051630 -0.040604 0.019290 
0.532654 -0.490565 1.682055 -0.263277 -0.112710 0.243038 -0.338826 0.073949 -0.262630 -0.279534 0.162503 -0.343983 -0.061959 -0.022440 0.019694 
0.513170 -0.451911 1.614756 -0.295750 -0.067881 0.221936 -0.323853 0.070578 -0.263389 -0.294873 0.192850 -0.367399 -0.048628 -0.034457 0.042641 
0.465347 -0.474336 1.651545 -0.249297 -0.091651 0.191074 -0.316682 0.094597 -0.281805 -0.281820 0.201557 -0.364755 -0.048979 -0.013512 0.032332 
0.351198 -0.399086 1.611984 -0.225153 -0.098797 0.223693 -0.332014 0.106405 -0.267323 -0.307701 0.215110 -0.364726 -0.070845 -0.002793 0.016433 
0.031714 -0.072553 1.507250 -0.213905 -0.179958 0.166347 -0.288466 0.022932 -0.284102 -0.272181 0.189366 -0.354192 -0.058098 0.059060 0.015764 
0.186196 0.095179 1.303873 -0.213577 -0.140747 0.075641 -0.278036 0.022122 -0.326117 -0.244367 0.145068 -0.326832 -0.019750 -0.014744 0.077326 
-0.145196 0.040603 1.000404 0.165585 -0.170601 0.041619 -0.157655 -0.182785 -0.183639 -0.290749 0.049140 -0.290587 -0.108698 0.028783 -0.003859 
-0.097214 -0.032755 1.005634 0.096915 -0.130683 0.131432 -0.249707 -0.097790 -0.268645 -0.226788 0.061910 -0.325835 -0.083070 -0.014746 0.085717 
-0.113934 0.346354 1.104727 -0.282596 -0.024152 -0.041366 -0.223370 -0.048449 -0.287886 -0.159847 0.024184 -0.217712 0.028096 -0.083767 0.140197 
-0.207168 0.408656 0.379891 0.069243 0.061547 0.091274 -0.118784 -0.259154 -0.354865 -0.190854 0.082250 -0.217415 -0.176943 -0.040265 0.091593 
-0.379552 0.106996 0.280001 0.015444 -0.042705 0.090450 -0.135603 -0.314669 -0.122518 -0.116555 0.247753 -0.177679 -0.114879 0.126867 0.068380 
