city011_076
CHOOFU
72
-0.806886 -0.237220 0.110911 -0.232865 0.200559 -0.179058 0.108056 0.166753 -0.092618 -0.089629 0.097215 -0.116542 0.173653 -0.159268 0.103451 
-0.884570 -0.335692 0.450509 -0.338115 0.158441 -0.152385 -0.156681 0.261377 -0.081484 -0.010574 -0.024071 0.023569 0.090953 -0.170525 0.153681 
-0.565550 -0.623400 0.447560 -0.341176 0.267316 -0.192339 0.015001 0.164375 -0.102972 -0.049809 0.074305 -0.031702 0.061504 -0.139648 0.181916 
-0.849691 -0.527953 0.611006 -0.447833 0.453061 -0.072097 0.027128 0.232148 -0.177884 -0.040886 0.084898 -0.014604 0.127922 -0.204795 0.152196 
-0.669961 -0.674983 0.675952 -0.742561 0.464585 -0.108449 -0.196848 0.207506 -0.084846 0.025207 0.047497 -0.129304 0.132386 -0.068669 0.007211 
-0.259272 -0.626137 0.882138 -0.715092 0.208792 -0.223918 -0.068546 0.180006 0.029155 -0.051824 0.063479 -0.096394 0.127562 -0.074570 -0.100157 
0.554108 -0.654625 1.013925 -0.545941 0.205119 -0.357954 -0.170123 0.190472 -0.060780 -0.130488 0.094147 -0.037512 0.195522 -0.179737 0.041762 
1.437243 -0.468267 0.794979 -0.479409 0.114348 -0.279261 -0.279893 0.134392 0.094366 -0.113615 -0.044721 0.027605 0.155948 -0.097347 -0.022649 
1.843224 -0.388508 0.545349 -0.433562 0.095784 0.131125 -0.156695 -0.055404 0.037339 -0.064933 -0.046060 -0.060218 0.072689 -0.050048 0.025278 
1.862331 -0.204448 0.561673 -0.261384 0.009370 0.182936 -0.035510 0.104712 -0.019539 -0.231646 -0.124251 -0.118448 0.063085 -0.105430 0.077008 
1.783900 -0.266925 0.475081 -0.581598 -0.096084 0.285721 -0.308420 -0.132172 -0.097628 -0.035077 0.130078 -0.118546 0.215323 -0.119752 0.035819 
1.823528 -0.872521 0.344057 -0.495448 -0.045419 -0.001391 -0.224213 -0.056549 -0.171063 -0.209467 0.065170 0.071855 0.256701 -0.034186 0.036547 
1.808554 -0.935248 0.327199 -0.572706 0.003514 -0.142352 -0.101424 -0.060007 -0.109361 -0.295507 0.055632 0.141547 0.221903 0.087032 -0.042380 
1.609140 -0.846631 0.368908 -0.639135 -0.044793 -0.118568 -0.143261 0.012139 -0.088014 -0.214930 -0.041106 0.096283 0.290433 0.034480 0.003358 
1.643099 -0.835871 0.435393 -0.725170 -0.053368 -0.173892 -0.122374 0.069556 -0.063646 -0.172529 -0.053978 0.030722 0.287028 0.032807 0.022615 
1.667072 -0.801342 0.402697 -0.720415 -0.059430 -0.213451 -0.068054 0.084458 -0.058512 -0.187464 -0.051363 0.007481 0.262047 0.066650 0.010634 
1.708799 -0.808782 0.375617 -0.742150 -0.013812 -0.231882 -0.056139 0.103347 -0.056653 -0.169766 -0.042639 -0.007720 0.236386 0.074963 0.012550 
1.697334 -0.738624 0.351978 -0.743405 0.037681 -0.249037 -0.078802 0.121662 -0.061107 -0.172517 -0.006549 -0.030725 0.206964 0.074117 0.021184 
1.698308 -0.741205 0.405155 -0.791697 0.056531 -0.256988 -0.102119 0.126734 -0.061071 -0.151605 -0.030776 -0.037730 0.230717 0.052423 0.034489 
1.679723 -0.693126 0.372201 -0.734794 0.071294 -0.264206 -0.129494 0.163112 -0.087622 -0.118451 0.015889 -0.015359 0.180664 0.025122 0.018623 
1.692546 -0.726859 0.400856 -0.770334 0.055309 -0.254567 -0.127151 0.166789 -0.042547 -0.128841 -0.012650 -0.013132 0.177685 0.022533 0.025282 
1.641325 -0.649494 0.349249 -0.714755 0.042188 -0.224624 -0.173216 0.203356 -0.074605 -0.100285 0.011428 -0.013322 0.174848 -0.014679 0.037588 
1.723766 -0.747737 0.431611 -0.786384 0.075964 -0.247266 -0.167676 0.167015 -0.048491 -0.111428 -0.038983 -0.015585 0.206975 0.001671 0.047893 
1.729281 -0.760508 0.399953 -0.748209 0.055933 -0.256110 -0.142215 0.174525 -0.082743 -0.088728 -0.033570 -0.009834 0.196872 0.018113 0.017038 
1.745380 -0.787433 0.378052 -0.736833 0.023264 -0.247164 -0.119381 0.137595 -0.049036 -0.113168 -0.046895 -0.021294 0.238587 0.009369 0.042415 
1.803117 -0.859610 0.397070 -0.760035 0.025899 -0.252549 -0.109339 0.115397 -0.037578 -0.124913 -0.052829 -0.026235 0.270879 0.011483 0.055843 
1.796867 -0.841434 0.363126 -0.731246 -0.016856 -0.226740 -0.088643 0.108291 -0.011440 -0.126836 -0.076064 -0.014928 0.273248 -0.019900 0.084347 
1.832366 -0.864540 0.376101 -0.751223 -0.015752 -0.230114 -0.109467 0.116367 -0.020295 -0.115333 -0.143579 0.055953 0.245730 0.018864 0.071372 
1.802233 -0.802544 0.326204 -0.719663 -0.031825 -0.220769 -0.104491 0.130399 -0.025067 -0.116479 -0.129523 0.049551 0.228328 0.014186 0.075814 
1.763798 -0.778177 0.354809 -0.772949 -0.012784 -0.235170 -0.128005 0.122133 0.005706 -0.168192 -0.132168 0.046849 0.264811 0.016075 0.096597 
1.725685 -0.736002 0.347579 -0.770977 -0.036160 -0.214300 -0.143914 0.133808 0.008216 -0.168528 -0.156177 0.081228 0.236477 0.030849 0.081652 
1.714567 -0.721385 0.342835 -0.786520 -0.035967 -0.197823 -0.148669 0.129602 0.021538 -0.178413 -0.151485 0.065359 0.252002 0.020274 0.096892 
1.742099 -0.779424 0.372213 -0.786605 -0.045993 -0.199812 -0.106416 0.127734 0.010003 -0.178262 -0.115206 0.035854 0.240391 0.030415 0.080913 
1.771822 -0.774674 0.332925 -0.755681 -0.040445 -0.220949 -0.075310 0.133007 -0.010773 -0.184703 -0.088381 0.006805 0.239295 0.046381 0.080914 
1.795058 -0.788168 0.332096 -0.763166 -0.004670 -0.259266 -0.068157 0.151787 -0.054105 -0.161979 -0.095288 0.016620 0.229365 0.071394 0.054265 
1.772689 -0.809453 0.338999 -0.767221 0.039507 -0.274205 -0.066382 0.153683 -0.077891 -0.181002 -0.027028 -0.026650 0.259975 0.060311 0.041901 
1.712655 -0.766418 0.299992 -0.723930 0.055816 -0.254068 -0.092627 0.173447 -0.147891 -0.145022 -0.012347 0.017051 0.230889 0.057998 0.015991 
1.729502 -0.778856 0.324226 -0.699326 0.051905 -0.259446 -0.102709 0.181867 -0.182934 -0.159923 0.029907 0.011392 0.225771 0.054377 0.022512 
1.757136 -0.678221 0.355277 -0.725190 0.009362 -0.243342 -0.119970 0.105705 -0.112950 -0.231705 -0.011403 0.002943 0.269728 0.073360 0.044628 
1.867145 -0.392107 0.391945 -0.715368 -0.206402 0.152924 -0.284589 0.070797 -0.165511 -0.101572 -0.038594 -0.105527 0.370947 -0.123891 0.174686 
1.923087 -0.239771 0.400920 -0.644842 -0.099573 0.121172 -0.054214 0.036286 -0.238550 -0.137943 -0.129241 -0.112225 0.311162 -0.117989 0.195224 
1.949341 -0.188578 0.402462 -0.198451 0.234435 0.250807 0.003537 0.084232 -0.196187 -0.081782 -0.056470 -0.018714 0.186522 -0.206554 0.085948 
2.105138 -0.326161 0.292454 -0.255116 0.088889 -0.027398 -0.114730 0.063728 -0.190604 -0.209874 0.054707 -0.088526 0.107148 -0.101917 0.131335 
2.021594 -0.263362 0.083419 -0.357834 -0.031851 0.035704 -0.240255 0.082849 -0.191323 -0.172053 0.210591 0.078445 0.140947 -0.144962 0.153070 
1.958283 -0.378167 0.169373 -0.119457 0.067048 0.115368 -0.100920 -0.208426 -0.262826 -0.012910 0.037699 -0.045764 0.088796 -0.116341 0.023164 
2.149329 -0.323674 0.358822 -0.102470 -0.048157 -0.006943 -0.096141 0.039093 -0.177048 -0.129248 -0.057623 -0.103754 0.186053 -0.192859 0.125834 
2.092308 -0.319031 0.391761 -0.324396 -0.008986 0.081026 -0.057254 0.022826 -0.143331 -0.112442 -0.004356 -0.031871 0.140591 -0.145466 0.158339 
2.047701 -0.456809 0.413371 -0.323790 0.087750 0.041464 -0.243997 -0.175454 -0.199132 -0.010724 -0.065633 -0.065538 0.194134 -0.173596 0.140550 
2.136407 -0.313343 0.215221 -0.234417 0.106613 -0.030751 -0.255673 -0.157529 -0.096426 -0.110021 0.192762 0.069751 0.067907 -0.092740 0.101299 
2.044973 -0.330002 0.283061 -0.164967 0.013685 -0.071089 -0.122831 -0.155317 -0.276286 -0.032213 0.036625 -0.120405 0.162927 -0.091138 0.090824 
1.966509 -0.307225 0.401446 -0.083766 0.105897 0.035448 -0.226980 -0.156549 -0.217797 0.019349 0.081761 -0.138721 0.129972 -0.131034 0.100858 
1.893793 -0.186227 0.279611 0.038661 0.095221 0.047063 -0.195381 -0.095340 -0.325381 0.052288 0.081337 -0.113198 0.081977 -0.148272 0.108381 
1.808484 -0.148255 0.463202 -0.100726 0.006398 0.259666 -0.212463 -0.166824 -0.357414 0.052447 0.230518 -0.258778 0.149098 -0.098974 -0.012959 
1.725421 -0.556062 0.519098 -0.185630 -0.018704 0.319158 -0.387592 -0.093457 -0.443531 -0.034485 0.192132 -0.340090 0.187712 -0.118884 -0.045825 
1.682323 -0.655454 0.638160 -0.222743 -0.024866 0.236698 -0.380235 -0.137404 -0.377789 -0.027234 0.240816 -0.368614 0.191084 -0.071545 -0.002143 
1.711610 -0.641390 0.626178 -0.196001 -0.017800 0.321780 -0.379534 -0.142514 -0.351495 -0.062904 0.287580 -0.366289 0.129536 -0.066536 -0.010622 
1.659543 -0.620441 0.643249 -0.208740 0.030214 0.304842 -0.343485 -0.140160 -0.373710 -0.052454 0.246128 -0.375391 0.120960 -0.057117 -0.060653 
1.714749 -0.615474 0.705322 -0.222009 0.058147 0.315783 -0.304371 -0.159197 -0.386074 -0.054103 0.289920 -0.385559 0.101292 -0.081985 -0.021936 
1.752279 -0.557434 0.580816 -0.174684 0.025327 0.364565 -0.344408 -0.145888 -0.408487 -0.090633 0.338290 -0.436228 0.113192 -0.068558 -0.060165 
1.733220 -0.526671 0.604654 -0.147174 -0.009176 0.402625 -0.367849 -0.122806 -0.442454 -0.070031 0.320417 -0.403741 0.082243 -0.063803 -0.058724 
1.715233 -0.495202 0.550465 -0.140179 0.035027 0.337791 -0.306375 -0.188121 -0.363788 -0.117835 0.328920 -0.432695 0.097539 -0.070697 -0.052244 
1.665805 -0.456848 0.566696 -0.102866 0.023190 0.351732 -0.362503 -0.136450 -0.397728 -0.056160 0.303053 -0.425467 0.071605 -0.049639 -0.043419 
1.665149 -0.536872 0.642648 -0.124795 0.032437 0.358397 -0.339921 -0.137640 -0.419039 -0.070718 0.291869 -0.469772 0.112098 -0.080782 -0.054539 
1.492364 -0.303836 0.611633 -0.162725 0.064715 0.367101 -0.326786 -0.190248 -0.436963 -0.034256 0.293132 -0.436624 0.077078 -0.075188 -0.095711 
1.475149 -0.392321 0.715148 -0.195301 0.055709 0.394867 -0.411943 -0.133205 -0.474852 -0.022368 0.294884 -0.464213 0.073492 -0.050409 -0.092871 
1.369427 -0.191294 0.683873 -0.247017 0.082571 0.294863 -0.333839 -0.193528 -0.407961 -0.081565 0.344304 -0.468141 0.108121 -0.019132 -0.090999 
1.431402 0.000271 0.486153 -0.100827 0.099914 0.161890 -0.308220 -0.273305 -0.331346 -0.074833 0.393820 -0.526896 0.164602 -0.034829 0.000251 
1.237085 0.280309 0.443267 -0.024232 0.096022 0.134013 -0.354773 -0.207633 -0.438241 -0.013095 0.287744 -0.449711 0.118756 0.014830 -0.006872 
1.062559 0.169668 0.414620 -0.032644 0.099674 0.230999 -0.343494 -0.255882 -0.396410 0.014002 0.215256 -0.443579 0.078427 -0.040650 -0.051428 
0.275500 0.245105 0.258117 0.156199 -0.071742 0.037990 -0.204371 -0.333367 -0.375639 -0.012891 0.062218 -0.383940 0.130076 -0.061794 0.050603 
0.555929 0.110348 0.346674 0.060270 0.083680 0.037226 -0.234341 -0.276008 -0.355812 0.063967 0.004999 -0.357641 0.111452 -0.075989 0.035270 
0.308869 0.249212 0.046603 -0.044999 0.063422 -0.048311 -0.283652 -0.215984 -0.290269 -0.048871 0.095051 -0.171297 0.165032 -0.142559 0.172936 
