city011_019
TENRYUU
80
-0.256556 0.107858 -0.028645 0.039141 -0.047374 0.115449 -0.109398 -0.113914 -0.003730 -0.011473 0.091623 -0.084919 0.015633 0.028673 -0.053248 
0.426844 -0.782136 -0.006036 -0.309575 -0.168033 0.045991 -0.082063 0.036963 -0.098982 0.080278 0.185289 -0.002879 -0.080414 -0.049727 0.038121 
0.564748 -0.757827 0.465139 -0.177531 0.055104 0.029211 -0.029829 0.058361 -0.246331 -0.052080 0.059293 0.149153 -0.078913 -0.170526 0.201117 
0.884987 -0.698113 0.454144 -0.117991 0.058297 0.058913 0.092597 0.075070 -0.232696 0.024144 -0.037073 0.105741 -0.003635 -0.117747 0.124306 
0.876312 -0.465615 0.571182 -0.007926 -0.131414 -0.114240 0.082547 0.003519 -0.032782 0.071202 -0.085493 0.102329 -0.039434 -0.057415 0.079841 
1.026211 -0.403540 0.574510 -0.210989 -0.219795 -0.096564 0.085573 -0.136915 0.044916 0.105177 -0.114403 0.158630 -0.073487 -0.070311 0.154326 
1.472320 -0.501340 0.792483 -0.260367 -0.313822 -0.335572 -0.075288 -0.031065 -0.186330 0.114696 -0.126013 0.263496 -0.006289 -0.120466 0.266527 
1.356047 -1.062428 0.844020 -0.449920 -0.222882 -0.157672 -0.303113 -0.020318 -0.263268 0.044958 0.065889 0.139103 0.139295 -0.064421 0.200348 
1.121955 -1.234516 0.896929 -0.418527 -0.137370 -0.210099 -0.386161 -0.064039 -0.192636 0.117720 0.081046 0.090343 0.200895 -0.091341 0.221902 
0.919211 -1.226915 0.819123 -0.370642 -0.208035 -0.225937 -0.382562 -0.052896 -0.144386 0.069660 0.219047 0.054972 0.218923 -0.109107 0.209595 
0.898131 -1.236100 0.779329 -0.368285 -0.232262 -0.226613 -0.331932 -0.102282 -0.089830 0.032350 0.266305 0.057034 0.205235 -0.113398 0.188430 
1.067055 -1.209545 0.847299 -0.338371 -0.377910 -0.126704 -0.207775 0.002155 -0.100967 -0.024457 0.215051 0.034119 0.144390 -0.128125 0.130024 
1.098012 -1.196157 0.838669 -0.449149 -0.399743 -0.050239 -0.113570 0.094557 -0.099966 -0.063338 0.178681 0.028102 0.094049 -0.140155 0.094139 
1.159926 -1.212336 0.902675 -0.480032 -0.355269 -0.036710 -0.112016 0.106641 -0.121325 -0.063551 0.150024 0.015373 0.095420 -0.133810 0.105984 
1.265089 -1.231534 0.957003 -0.458592 -0.303001 -0.038213 -0.135503 0.135122 -0.162349 -0.015825 0.108844 0.008516 0.082561 -0.122056 0.106205 
1.214846 -1.197242 0.992164 -0.460395 -0.239994 -0.054106 -0.136622 0.119696 -0.224565 -0.022432 0.074743 0.058049 0.046333 -0.108390 0.139928 
1.255744 -1.166862 1.005120 -0.372456 -0.239288 -0.022292 -0.190628 0.132228 -0.287355 -0.012011 0.032859 0.072037 0.033826 -0.103216 0.147605 
1.467749 -1.260250 1.116129 -0.300155 -0.264510 -0.008196 -0.272687 0.191416 -0.342107 -0.017218 0.026871 0.040308 0.054650 -0.127804 0.168821 
1.371457 -1.103352 1.009554 -0.079272 -0.229208 -0.046132 -0.258066 0.108580 -0.360062 -0.041925 0.013561 -0.038973 0.078979 -0.101263 0.078614 
1.314968 -1.051520 1.030616 0.147762 -0.272633 0.189150 -0.201115 -0.246333 -0.167070 -0.006305 -0.176681 -0.125388 0.089291 -0.138552 0.000197 
1.434357 -0.938425 1.020571 0.103361 -0.390854 0.325067 -0.400724 -0.316966 0.043711 -0.080209 -0.172587 -0.145974 0.162269 -0.075822 -0.043344 
1.331089 -0.869081 1.042748 0.110439 -0.362381 0.255359 -0.344839 -0.354306 0.078121 -0.068559 -0.176076 -0.138031 0.143778 -0.022836 -0.081676 
1.369074 -0.916808 1.097739 0.127723 -0.384905 0.243706 -0.342028 -0.308447 0.063531 -0.104781 -0.183007 -0.109746 0.121642 -0.026196 -0.099589 
1.354094 -0.939847 1.123050 0.152044 -0.426987 0.311238 -0.395938 -0.243036 0.011102 -0.119564 -0.171336 -0.132572 0.138823 -0.082200 -0.060490 
1.278097 -0.756568 1.108003 0.176753 -0.428292 0.314968 -0.389998 -0.291582 0.063107 -0.107744 -0.187924 -0.130998 0.139590 -0.060569 -0.074497 
1.346186 -0.763073 1.153350 0.164758 -0.422096 0.273863 -0.333681 -0.313811 0.085635 -0.141411 -0.184309 -0.126119 0.144871 -0.080371 -0.091201 
1.353913 -0.767273 1.235468 0.158899 -0.402751 0.223172 -0.312107 -0.249008 0.009068 -0.085869 -0.220260 -0.086107 0.124249 -0.073746 -0.090584 
1.322872 -0.733245 1.177803 0.142833 -0.374830 0.287080 -0.306450 -0.302367 0.040706 -0.130895 -0.195724 -0.142926 0.109431 -0.081975 -0.107338 
1.302310 -0.701975 1.112511 0.215496 -0.364175 0.283779 -0.332612 -0.281500 0.042471 -0.108335 -0.227795 -0.123829 0.108137 -0.097891 -0.063727 
1.281218 -0.692796 1.069044 0.278463 -0.351902 0.275536 -0.322744 -0.276169 0.059506 -0.167971 -0.186439 -0.192581 0.140908 -0.128080 -0.088154 
1.201613 -0.648893 1.023085 0.321339 -0.270406 0.260519 -0.296042 -0.356414 0.089859 -0.082177 -0.289666 -0.172247 0.093474 -0.090955 -0.086273 
1.291328 -0.698689 1.036062 0.314757 -0.248700 0.295897 -0.282591 -0.383746 0.126510 -0.108377 -0.268987 -0.191790 0.071455 -0.085087 -0.105171 
1.312665 -0.651324 1.062401 0.341402 -0.301247 0.271397 -0.222440 -0.358212 0.124040 -0.133003 -0.267338 -0.115791 0.037990 -0.093182 -0.093944 
1.346230 -0.615994 1.106688 0.304582 -0.321732 0.241446 -0.239774 -0.267774 0.110524 -0.168726 -0.234073 -0.100181 0.105845 -0.163119 -0.070396 
1.321425 -0.528369 1.040621 0.309676 -0.295806 0.200462 -0.227877 -0.269014 0.082928 -0.075561 -0.279524 -0.055477 0.104879 -0.133718 -0.049819 
1.365755 -0.508056 1.012482 0.317494 -0.271299 0.193738 -0.235171 -0.312023 0.127733 -0.059244 -0.282979 -0.057916 0.101585 -0.079374 -0.077415 
1.409243 -0.478344 0.897079 0.383570 -0.283321 0.188856 -0.252314 -0.239649 0.061264 -0.080212 -0.258672 -0.067194 0.091247 -0.125430 -0.023119 
1.352597 -0.346708 0.849977 0.385630 -0.283314 0.152104 -0.196245 -0.323852 0.128306 -0.094769 -0.265694 -0.034017 0.082457 -0.098509 -0.040930 
1.433453 -0.317058 0.837757 0.303991 -0.191826 0.116396 -0.177101 -0.306445 0.109324 -0.063401 -0.306716 -0.029889 0.108481 -0.172382 0.011932 
1.431192 -0.253033 0.847303 0.332158 -0.141127 0.076571 -0.230796 -0.229776 0.037675 -0.024106 -0.256198 -0.075577 0.144064 -0.122004 -0.021258 
1.348710 -0.068529 0.719303 0.420413 -0.080082 0.126672 -0.218273 -0.377744 0.058807 0.085907 -0.274339 -0.147244 0.114636 -0.026310 -0.021733 
1.192316 0.219609 0.642437 0.359810 -0.117928 0.066605 -0.213554 -0.222366 -0.044508 -0.019804 -0.219778 -0.145563 0.139899 -0.083912 -0.108385 
0.960883 0.153000 0.508222 0.221871 -0.004338 0.185970 -0.373064 -0.382257 -0.083489 0.082457 -0.235312 -0.247365 0.057740 -0.026536 -0.027141 
0.697769 -0.485372 0.926074 -0.292184 0.031674 0.206144 -0.162642 0.043388 -0.284562 -0.159911 0.020220 0.016346 -0.103150 -0.110077 0.130542 
0.540894 -0.626661 1.539163 -0.146654 -0.174779 0.192458 -0.325783 0.099424 -0.284666 -0.210180 0.030009 -0.132273 -0.130918 -0.071876 0.089023 
0.647573 -0.717333 1.652372 -0.142447 -0.206533 0.193619 -0.305444 0.083162 -0.278284 -0.220087 0.029623 -0.144537 -0.132058 -0.051643 0.052617 
0.716276 -0.848308 1.614619 -0.110253 -0.249994 0.224143 -0.325516 0.049491 -0.270694 -0.224650 0.026723 -0.157396 -0.114934 -0.036477 0.026905 
0.754535 -0.971242 1.585384 -0.056022 -0.312134 0.254586 -0.332468 -0.001124 -0.307977 -0.208386 0.046451 -0.230876 -0.083504 -0.015946 0.011197 
0.901773 -1.078397 1.590269 -0.062069 -0.318012 0.196204 -0.298212 0.003717 -0.363139 -0.156371 0.040439 -0.242167 -0.051261 -0.008378 -0.007789 
0.954246 -1.050115 1.515237 -0.010978 -0.365582 0.133946 -0.212535 -0.042937 -0.347791 -0.152187 0.067752 -0.243842 -0.052876 0.044995 -0.054853 
0.987791 -1.061897 1.445298 0.065492 -0.362824 0.048524 -0.184287 -0.012125 -0.365459 -0.124540 0.064165 -0.226661 -0.032334 0.040645 -0.053992 
1.010412 -1.116901 1.436333 0.043789 -0.371919 0.005712 -0.195516 0.031523 -0.382896 -0.085393 0.061822 -0.183554 -0.010580 0.032977 -0.021981 
1.156528 -1.152141 1.382594 0.077055 -0.373236 -0.047106 -0.201515 0.098131 -0.442465 -0.072223 0.109299 -0.207217 0.001420 0.044627 -0.003803 
1.078230 -1.057856 1.279221 0.079200 -0.365640 -0.143487 -0.169454 0.075675 -0.417208 -0.134834 0.149761 -0.149845 -0.058754 0.102297 -0.008425 
1.162634 -1.026713 1.138138 0.140573 -0.341822 -0.242584 -0.156540 0.078196 -0.431959 -0.158316 0.172449 -0.152419 -0.039190 0.127296 -0.030314 
1.177514 -1.022182 1.033833 0.146489 -0.283523 -0.266267 -0.223970 0.074224 -0.381201 -0.223268 0.169333 -0.141307 0.009901 0.093293 -0.023422 
1.287532 -1.080677 1.041841 0.159167 -0.254804 -0.263475 -0.371653 0.176669 -0.384119 -0.220358 0.109602 -0.099424 0.056262 0.077104 -0.029391 
1.376864 -1.092179 0.901641 0.206773 -0.235493 -0.245137 -0.393329 0.143800 -0.332599 -0.268937 0.129816 -0.135041 0.074649 0.111523 -0.079425 
1.485410 -1.124571 0.850420 0.182427 -0.162368 -0.244494 -0.411337 0.069032 -0.234532 -0.272428 0.047200 -0.105235 0.073819 0.152978 -0.145534 
1.435374 -1.037800 0.807346 0.229124 -0.170140 -0.209048 -0.470686 0.093480 -0.230594 -0.251106 0.055329 -0.153342 0.097903 0.148838 -0.136902 
1.460373 -1.031924 0.730144 0.212280 -0.161178 -0.155805 -0.498072 0.057904 -0.198619 -0.283433 0.098293 -0.210963 0.124505 0.168004 -0.160577 
1.349640 -0.880252 0.698479 0.255816 -0.139238 -0.176202 -0.504821 0.042187 -0.203050 -0.201499 0.048643 -0.225291 0.124650 0.173143 -0.134747 
1.403368 -0.841625 0.707394 0.184417 -0.063198 -0.202967 -0.495228 0.031996 -0.224014 -0.184536 0.064477 -0.257249 0.091472 0.230661 -0.153232 
1.380675 -0.802751 0.665887 0.193137 -0.062550 -0.166090 -0.509482 0.004034 -0.227355 -0.168394 0.081998 -0.289661 0.084727 0.233758 -0.118269 
1.329976 -0.760013 0.650072 0.217555 -0.068090 -0.148458 -0.518540 -0.016006 -0.227498 -0.135657 0.057711 -0.277788 0.065657 0.236036 -0.090926 
1.353534 -0.777844 0.659816 0.156999 -0.050595 -0.121091 -0.500047 -0.043995 -0.243618 -0.132798 0.102239 -0.311105 0.051924 0.251278 -0.090887 
1.387441 -0.779774 0.588870 0.163994 -0.053849 -0.109541 -0.498509 -0.032138 -0.253711 -0.161154 0.168983 -0.340428 0.057117 0.239675 -0.071002 
1.380911 -0.746281 0.591833 0.147630 -0.094104 -0.043843 -0.481710 -0.077885 -0.287810 -0.074644 0.144627 -0.334869 0.050607 0.228165 -0.036388 
1.452324 -0.806104 0.584162 0.088252 -0.019224 -0.077990 -0.450392 -0.083338 -0.268374 -0.080594 0.150176 -0.321613 0.028608 0.248611 -0.066451 
1.380009 -0.772300 0.569457 0.101690 -0.025121 -0.073700 -0.437473 -0.102072 -0.222106 -0.054943 0.141482 -0.319182 0.044914 0.234566 -0.050033 
1.368371 -0.772068 0.515490 0.090306 -0.029071 -0.091860 -0.389979 -0.102126 -0.227063 -0.073749 0.151725 -0.254507 0.013748 0.215003 -0.054447 
1.382965 -0.739122 0.395534 0.209118 -0.058965 -0.085451 -0.392428 -0.084065 -0.221626 -0.084662 0.162688 -0.255097 0.007075 0.188722 -0.029310 
1.351077 -0.616577 0.388801 0.278697 -0.087171 -0.085946 -0.405544 -0.144220 -0.204416 -0.099540 0.163844 -0.287372 -0.029818 0.249268 -0.025979 
0.918139 -0.383833 0.348633 0.188593 0.028107 -0.264288 -0.364004 -0.220406 -0.240923 -0.049320 0.137847 -0.317897 0.008768 0.329135 -0.031771 
1.267827 -0.040776 0.288658 0.224020 -0.104280 -0.155631 -0.243525 -0.156489 -0.178381 -0.000598 0.082631 -0.152688 0.012154 0.185618 -0.037381 
0.992622 0.080217 0.250787 0.258459 -0.062078 -0.174711 -0.374820 -0.216040 -0.256665 0.019075 0.058459 -0.217732 -0.031780 0.326239 -0.040193 
0.329534 -0.533362 0.342647 0.137941 -0.016099 -0.103583 -0.280985 -0.167035 -0.181944 0.134852 0.110832 -0.273066 0.030161 0.217971 -0.011069 
0.359079 0.098306 0.158109 0.168739 0.060703 -0.023433 -0.251089 -0.127007 -0.239139 0.003882 0.079088 -0.191113 -0.078669 0.165468 -0.093905 
0.917524 0.316278 0.074519 0.191841 0.027871 -0.006541 -0.106132 -0.258544 -0.084810 0.087018 -0.045725 -0.087396 -0.001340 0.018731 0.012339 
0.089894 0.191736 0.248215 0.159064 -0.151772 -0.143753 -0.240894 -0.261540 -0.129206 -0.051113 -0.035833 -0.098095 0.099935 0.054017 -0.002470 
