city011_008
KUNITACHI
77
0.038401 -0.992100 -0.211549 0.232394 -0.053940 -0.154632 0.063641 0.049522 -0.069720 0.005705 0.149964 -0.132059 -0.003229 0.004799 0.035772 
0.253729 -1.185970 -0.182102 0.124432 0.057304 -0.129050 0.199046 -0.048072 -0.107926 -0.035747 0.205789 -0.118841 -0.000683 -0.039114 0.055611 
0.519112 -0.911753 0.009993 0.057137 -0.024574 -0.098871 0.092457 -0.164458 -0.203365 0.091697 0.218500 -0.044162 -0.019536 -0.140434 0.048945 
0.540851 -0.786216 0.085495 -0.008600 0.034694 -0.035823 -0.014555 -0.124147 0.004677 -0.111188 0.193244 0.002763 -0.036937 -0.099140 0.052863 
0.886174 -0.695134 0.475752 0.296504 0.156452 0.013436 -0.098233 -0.059546 0.008307 0.095200 0.014912 -0.143331 0.012164 0.037276 0.061045 
1.017553 -0.822160 0.575014 0.207804 -0.035692 -0.000531 -0.051056 0.033358 -0.035652 0.007169 0.061974 -0.071681 0.016441 -0.018265 0.056276 
1.109171 -0.590871 0.683935 0.363623 0.221541 -0.076586 -0.304247 -0.084762 -0.051351 -0.076778 -0.062104 -0.308669 -0.026852 0.040628 0.061884 
1.319199 -0.424378 0.628833 0.500673 0.232779 -0.053596 -0.109999 -0.141078 -0.069927 0.002800 -0.082962 -0.307663 0.009377 -0.097695 0.052020 
1.313875 -0.733217 0.913888 0.121357 -0.078486 -0.053361 -0.312896 -0.044450 -0.260109 0.048090 0.024152 -0.360182 0.222094 0.002304 -0.012358 
1.375818 -0.892542 1.169773 0.080754 -0.204595 0.004467 -0.295076 0.039494 -0.353022 -0.020112 0.119519 -0.409974 0.229396 -0.020507 -0.055852 
1.112026 -0.874653 1.348114 0.042305 -0.211468 -0.052281 -0.082680 -0.044057 -0.332857 -0.046772 0.075300 -0.343355 0.153676 -0.071448 -0.017450 
0.930724 -0.825687 1.498628 0.009200 -0.183660 0.079146 -0.199420 0.080564 -0.356882 -0.102872 0.118566 -0.394593 0.126580 -0.082804 -0.054564 
0.858304 -0.252690 0.995806 0.220765 -0.097236 0.098331 -0.152884 -0.020194 -0.240113 -0.052283 0.007671 -0.395598 0.174717 -0.111817 -0.127241 
1.235740 -0.512857 0.840009 0.510836 -0.247271 0.091212 -0.198997 -0.275331 -0.043774 -0.034979 -0.283809 -0.252965 0.182290 -0.172279 -0.072487 
1.239518 -0.488166 0.888149 0.499065 -0.308702 0.093363 -0.152661 -0.236982 -0.080410 -0.118698 -0.188961 -0.231194 0.140309 -0.197221 -0.038736 
1.250437 -0.456691 0.837767 0.447939 -0.278230 0.020883 -0.086175 -0.295923 -0.089879 -0.105637 -0.157169 -0.214370 0.095697 -0.135058 -0.017904 
0.843868 -0.413616 1.388600 -0.405514 0.119170 0.255578 -0.590765 0.021928 -0.231411 -0.108218 0.001709 -0.363807 0.150185 -0.076127 -0.033319 
0.785645 -0.330734 1.451741 -0.478297 0.030808 0.285333 -0.516460 0.058790 -0.300024 -0.145291 0.055518 -0.379087 0.136962 -0.077086 -0.073806 
0.779006 -0.317932 1.439563 -0.476748 0.037030 0.299461 -0.600245 0.091415 -0.309719 -0.151160 0.075870 -0.399273 0.152927 -0.053442 -0.094404 
0.758147 -0.334470 1.452756 -0.566882 0.017365 0.321096 -0.541352 0.037337 -0.274575 -0.211029 0.117306 -0.406455 0.146415 -0.054770 -0.105188 
0.790399 -0.373165 1.487255 -0.652381 0.053739 0.344514 -0.551562 0.003007 -0.273619 -0.196090 0.107502 -0.416911 0.175686 -0.075017 -0.111953 
0.689917 -0.288957 1.420710 -0.689238 0.050626 0.347933 -0.546508 0.019648 -0.313919 -0.165200 0.063283 -0.354581 0.140021 -0.048513 -0.110287 
0.830212 -0.361080 1.503863 -0.672303 0.051691 0.363447 -0.620803 0.028390 -0.281885 -0.168058 0.101274 -0.399781 0.186684 -0.066253 -0.092080 
0.800261 -0.356723 1.542596 -0.632653 0.053660 0.247967 -0.534943 0.010199 -0.256381 -0.184628 0.105277 -0.391227 0.188064 -0.071487 -0.048309 
0.759862 -0.317102 1.503081 -0.522564 0.017429 0.250606 -0.504871 0.017235 -0.277916 -0.173035 0.054925 -0.339060 0.098931 -0.039355 -0.021169 
0.694954 -0.277775 1.450254 -0.370157 -0.024736 0.269824 -0.434945 0.011369 -0.251300 -0.209778 0.027165 -0.294893 0.008388 -0.073789 0.042184 
0.556080 -0.236739 1.067120 -0.032872 0.085509 0.359788 -0.394893 -0.136694 -0.078159 -0.147154 -0.118022 -0.238792 -0.035802 -0.191100 0.073627 
0.770374 0.098728 0.422054 0.294353 0.115714 0.155286 -0.345469 -0.078321 -0.198842 -0.195061 0.080099 -0.364692 -0.061390 -0.067385 0.014031 
0.471738 0.037143 0.579829 0.175876 0.188214 0.056169 -0.309177 -0.052730 0.082085 -0.177353 0.087139 -0.291840 0.070406 0.039685 -0.067302 
0.319698 0.026553 0.444337 0.285840 0.068790 0.101692 -0.270477 -0.250371 -0.113889 -0.087464 -0.025888 -0.316045 -0.043964 0.016329 -0.028298 
0.224226 -0.069922 0.597961 0.327689 0.009408 0.066654 -0.250677 -0.329419 -0.046675 -0.099858 -0.146684 -0.301716 -0.029242 0.018613 -0.057403 
0.152586 0.022495 0.407551 0.282378 0.115457 0.043128 -0.265666 -0.245954 -0.167319 -0.058473 -0.032216 -0.315082 -0.040074 -0.011152 0.017409 
0.580025 -0.945242 0.249562 -0.341023 -0.030680 0.088998 -0.054178 0.013478 -0.087910 0.105043 0.096304 -0.132544 0.053701 -0.069869 0.077743 
0.918667 -0.517797 0.520764 -0.211900 -0.118803 -0.066362 -0.106049 0.009656 0.043120 0.025990 -0.024063 0.080596 0.010255 -0.153731 0.205045 
1.333118 -0.903226 0.845347 -0.226708 -0.187905 -0.223148 -0.330148 -0.033373 -0.073299 -0.014126 0.009905 0.074657 0.222667 -0.147563 0.177313 
1.413309 -1.213734 0.731079 -0.376087 -0.146615 -0.326983 -0.402343 -0.004180 0.137090 0.091114 0.034745 0.070297 0.345398 -0.154748 0.034061 
1.236858 -1.059235 0.517231 -0.462555 -0.112611 -0.352879 -0.321783 0.084061 0.281055 0.105782 -0.052972 0.150997 0.178590 -0.156139 -0.075740 
1.253231 -1.159973 0.466436 -0.509835 -0.022324 -0.387851 -0.172565 0.084633 0.342242 0.156251 -0.041424 -0.062252 0.084062 -0.031155 -0.204230 
1.181630 -1.176811 0.303525 -0.539155 0.042790 -0.314822 -0.157532 0.131656 0.340079 0.173313 -0.013851 -0.148842 -0.054638 -0.034279 -0.043055 
1.294171 -1.200078 0.338888 -0.605301 0.055320 -0.321001 -0.099510 0.081484 0.304965 0.230157 -0.008425 -0.219570 -0.007375 -0.006990 -0.081164 
1.270819 -1.127813 0.359102 -0.587872 0.019407 -0.318078 -0.123243 0.076619 0.272324 0.268719 0.005316 -0.199834 0.004485 -0.016300 -0.075356 
1.351930 -1.190966 0.419967 -0.590590 0.012529 -0.353672 -0.123353 0.052992 0.285501 0.238901 0.042933 -0.198327 0.038142 -0.005242 -0.102410 
1.313965 -1.129833 0.348883 -0.474320 -0.025006 -0.357207 -0.145511 0.063945 0.240775 0.307344 0.022059 -0.232022 0.077632 0.040765 -0.173251 
1.286142 -1.176537 0.410115 -0.447831 0.014729 -0.456305 -0.188270 0.117682 0.196994 0.278977 -0.004153 -0.131352 0.113208 0.031600 -0.191981 
1.290419 -1.176609 0.407409 -0.345686 0.046035 -0.464746 -0.267727 0.056155 0.134018 0.244558 -0.098722 0.003900 0.263351 -0.055972 -0.142480 
1.365828 -0.938505 0.388847 -0.115487 0.070941 -0.456249 -0.368995 -0.035902 0.098888 0.143252 -0.177643 0.052572 0.411095 -0.169035 0.026403 
1.078121 -0.549219 0.255520 0.332088 0.095339 -0.153695 -0.302590 -0.177447 0.129865 -0.007510 -0.298439 -0.082711 0.250038 -0.086521 -0.063871 
0.650539 -0.051785 0.176850 0.227851 -0.243181 -0.100267 -0.066836 -0.004321 0.132250 0.041116 0.048271 -0.121397 0.139606 0.028916 -0.128140 
0.478013 -0.426297 -0.191585 0.135985 -0.337023 -0.081629 -0.090716 -0.185153 0.235111 0.127979 0.023791 -0.088826 0.015474 0.094743 -0.041774 
-0.020772 -0.480067 -0.121949 0.092022 -0.343446 -0.296502 -0.057042 -0.046906 0.140662 0.140505 0.107849 -0.078355 0.098439 -0.047748 -0.002815 
0.025733 -0.600459 -0.233238 -0.002165 -0.161441 -0.209418 -0.116163 0.027248 0.218183 0.085912 0.011179 -0.104063 0.098374 -0.088265 -0.008312 
0.012650 -0.740408 0.137737 -0.166264 -0.194345 -0.214907 -0.216107 0.154918 0.157382 0.074451 0.057779 -0.080464 0.085710 -0.075246 -0.015787 
-0.165653 -0.667638 0.060118 -0.196472 -0.097932 -0.245709 -0.124572 0.036091 0.233491 0.037474 0.050844 -0.083638 0.080713 -0.102235 0.044179 
-0.442360 -0.524141 -0.123475 -0.294644 0.068211 -0.300668 0.046536 0.039963 0.112156 0.133716 -0.068125 0.024663 -0.094067 -0.036766 0.088557 
-0.540196 -0.666201 -0.052024 -0.438797 0.160805 -0.117336 0.192355 -0.034336 -0.002339 0.058845 -0.042626 -0.026761 -0.010925 -0.017765 0.057016 
-0.597456 -0.537697 0.047440 -0.532521 0.197508 0.018774 0.160174 -0.084366 -0.073351 0.106376 -0.013049 -0.126626 0.135103 -0.051776 0.002601 
-0.715852 -0.825379 0.189828 -0.429308 0.258386 -0.068031 0.246709 -0.115545 -0.025490 0.011128 -0.122739 0.094741 0.100395 -0.117963 0.048035 
-0.352882 -0.638591 0.194501 -0.440106 0.260076 -0.127418 0.054977 -0.093102 0.056179 0.009588 0.013519 0.030338 -0.057992 -0.034081 0.129546 
-0.694882 -0.811736 0.175859 -0.516457 0.118243 -0.095205 -0.028305 0.059035 0.121007 0.088633 -0.027896 -0.159871 0.006403 0.056474 -0.002879 
-0.490306 -0.813036 0.298339 -0.552153 0.343749 -0.170329 0.060704 -0.083070 0.125377 0.012996 -0.029362 -0.087341 0.112837 -0.083828 0.055027 
-0.438544 -0.610413 0.463154 -0.470497 0.230870 -0.193746 0.206956 -0.069503 -0.020140 -0.006895 0.040499 -0.067470 0.107372 -0.126463 0.085236 
-0.527163 -0.566057 0.199057 -0.627687 0.251903 -0.276283 0.056870 -0.029593 0.109803 0.104785 0.028502 -0.153476 0.092794 -0.094669 0.049470 
-0.422383 -0.625381 0.188428 -0.678830 0.196636 -0.113816 -0.018665 -0.141169 0.246680 0.138278 -0.055050 -0.098901 0.042861 -0.095473 0.068421 
-0.521864 -0.899250 0.348334 -0.453788 0.202368 -0.279342 0.120122 -0.077233 0.183143 -0.011462 -0.081861 0.040041 0.036013 -0.119227 0.084310 
-0.435054 -0.727600 0.398791 -0.518304 0.257065 -0.189421 -0.022513 -0.125121 0.134625 0.115705 -0.088429 0.005973 0.004769 -0.024834 0.050966 
-0.412868 -0.836541 0.199905 -0.539481 0.243651 -0.002395 0.064307 -0.107022 -0.018904 0.176225 -0.145283 0.037866 0.066441 -0.160420 0.127670 
-0.169530 -0.591946 0.497965 -0.486218 0.148866 -0.165348 0.125993 -0.139218 0.057505 0.028013 -0.047890 0.058581 0.016397 -0.118974 0.135186 
-0.550059 -0.731822 0.278513 -0.514710 0.209064 -0.186205 0.191189 0.043108 0.050911 -0.072205 -0.099780 0.042269 0.108720 -0.163210 0.120905 
-0.562362 -0.706277 0.410458 -0.439122 0.134617 -0.108175 0.020448 -0.035547 -0.029125 0.175311 -0.137805 0.042697 0.063840 -0.178549 0.186977 
-0.409608 -0.595084 0.407035 -0.541661 0.163885 -0.038329 0.179494 -0.075486 -0.026059 0.053414 -0.142356 0.128843 0.014738 -0.133338 0.137104 
-0.362784 -0.559862 0.322945 -0.759909 0.345646 -0.068515 0.032953 0.066247 0.115515 -0.035079 -0.202292 0.104368 0.027098 -0.088842 0.121340 
-0.501945 -0.533818 0.265934 -0.659306 0.132636 0.021890 0.120340 -0.034453 0.113913 -0.025481 -0.179091 0.103003 0.034079 -0.123419 0.143109 
-0.227744 -0.275761 0.470845 -0.656784 0.112974 -0.161769 -0.016766 -0.107859 -0.042368 0.138732 -0.064708 0.113321 0.015131 -0.111256 0.111130 
-0.382729 -0.516808 0.581563 -0.606109 0.079926 -0.294249 -0.019452 -0.153427 0.139505 0.095702 -0.056511 0.145910 -0.019814 -0.086552 0.123250 
-0.333199 -0.422685 0.484170 -0.446994 0.319503 0.027112 -0.134172 -0.115531 -0.032729 0.144377 -0.027108 -0.076524 0.118844 -0.190810 0.181959 
-0.421350 -0.388396 0.544898 -0.390999 0.070960 -0.033430 -0.053252 0.006932 -0.121946 0.090013 0.017366 -0.031066 0.047466 -0.111476 0.163350 
-0.384919 -0.449251 0.477222 -0.437938 -0.114671 -0.074776 -0.011080 0.080075 -0.049846 0.062617 0.016546 -0.028659 0.102504 -0.234262 0.243709 
