city011_082
HYOOGO
74
-0.728270 -0.163357 -0.075884 0.085906 0.032546 -0.071560 0.001422 0.130830 -0.065158 -0.053737 0.073283 -0.093709 0.160883 -0.182598 0.132516 
-0.314064 0.348099 0.112843 0.135630 -0.004908 0.006189 0.072870 0.121487 0.121475 -0.070627 0.066367 -0.058925 0.170513 -0.153922 0.076436 
-0.030541 0.234807 0.467729 0.315034 0.044164 0.183570 -0.198165 0.002175 0.120881 -0.150685 0.055076 -0.113795 0.052548 -0.062883 0.050629 
0.012953 0.097360 0.630695 -0.094220 -0.166798 0.039793 -0.181344 -0.051948 0.118101 -0.225553 0.099816 0.006304 0.004697 -0.070422 0.130681 
0.102345 -0.049717 0.718213 -0.248040 -0.087385 0.103445 -0.177184 -0.034093 0.128965 -0.059574 -0.047179 0.062336 0.057348 -0.146930 0.151106 
0.125676 -0.165853 0.653276 -0.408882 -0.248524 0.251687 -0.156596 0.013504 0.202420 -0.122887 0.067908 -0.007304 -0.010958 -0.036564 0.051913 
0.217724 -0.203892 0.945722 -0.375117 0.020751 0.245983 -0.165285 -0.090283 0.054998 -0.009431 -0.029554 -0.063301 0.136481 -0.160037 0.108448 
0.176275 -0.256221 0.869907 -0.475982 -0.139138 -0.006479 -0.192027 -0.205477 0.112540 -0.104950 0.039060 0.020261 0.100692 -0.092473 0.121698 
0.615723 -0.493632 1.061882 -0.164688 -0.038659 0.165266 -0.138643 -0.088198 0.065786 -0.091813 -0.023450 -0.025750 0.062569 -0.147823 0.149693 
0.788925 -0.558394 1.010148 -0.094149 -0.214781 0.165671 0.052003 -0.068014 0.080811 0.016334 0.066505 -0.124830 0.166655 -0.086695 0.030573 
0.818312 -0.280128 0.863750 -0.023147 -0.179536 -0.014327 0.048817 -0.040176 -0.044030 -0.069671 0.064651 -0.058865 0.043192 -0.090392 0.100364 
0.834806 -0.647504 0.483272 0.165801 -0.023659 0.062696 -0.134356 -0.208753 -0.229541 -0.018625 0.065470 -0.131418 0.001679 -0.093714 0.049543 
1.353685 -0.407584 0.460896 -0.062604 0.035818 0.243013 -0.125977 -0.181321 -0.107313 -0.088062 0.191905 -0.205474 0.048374 -0.041433 -0.014939 
1.709028 -0.900247 0.446433 -0.448560 0.038876 0.037409 -0.283639 -0.170640 -0.218484 -0.004594 0.215108 -0.105141 0.174958 -0.036642 -0.014734 
1.580550 -0.983325 0.462942 -0.614836 0.047681 -0.206929 -0.085141 -0.178633 -0.289299 -0.075701 0.199074 0.017138 0.295707 0.022719 -0.070874 
1.525868 -0.896056 0.421433 -0.671297 -0.027414 -0.282136 -0.051978 -0.042889 -0.240313 -0.123486 0.088107 0.076502 0.373334 0.014766 -0.008878 
1.479356 -0.804639 0.427794 -0.761175 -0.052074 -0.317390 0.004939 0.059984 -0.213158 -0.272007 0.078956 0.135721 0.287672 0.094813 0.060249 
1.535524 -0.924047 0.542299 -0.796820 -0.095868 -0.276788 0.031768 0.005204 -0.215784 -0.169591 0.072277 0.079342 0.284813 0.110802 0.010530 
1.605285 -0.768500 0.574760 -0.788550 -0.034999 -0.265575 -0.158584 -0.020852 -0.080593 -0.064777 0.046284 0.021211 0.248597 0.052436 -0.011377 
1.655728 -0.796363 0.586930 -0.780855 0.025119 -0.296794 -0.248210 -0.009634 -0.020100 -0.098212 0.048662 -0.008492 0.298229 0.024984 0.016830 
1.645474 -0.717309 0.567372 -0.747530 -0.030017 -0.266925 -0.275716 0.015394 0.014814 -0.089195 0.015493 0.019705 0.256574 0.019169 0.010558 
1.620462 -0.705209 0.535731 -0.696855 -0.038401 -0.272363 -0.284956 0.046081 -0.018745 -0.045031 -0.027322 0.075929 0.221035 0.025207 -0.019202 
1.542341 -0.674958 0.490449 -0.660133 -0.037587 -0.286473 -0.270552 0.024988 0.000297 -0.050119 -0.006044 0.044541 0.275592 -0.025233 0.008712 
1.543077 -0.705815 0.476118 -0.634151 -0.007364 -0.278724 -0.297875 0.003487 -0.012366 -0.021845 -0.005417 0.061086 0.269285 -0.014329 -0.001737 
1.518860 -0.694559 0.438177 -0.602804 0.021323 -0.271666 -0.338988 -0.034228 0.003549 -0.019186 -0.004136 0.049743 0.293576 -0.004378 -0.003760 
1.544163 -0.767967 0.490936 -0.737556 0.132467 -0.289898 -0.346038 -0.086232 0.001584 -0.005228 -0.042722 0.033412 0.333142 0.038537 -0.022537 
1.489616 -0.750574 0.485483 -0.659581 0.153585 -0.245565 -0.409992 -0.153386 -0.011245 0.020434 0.010164 0.012525 0.290504 0.050501 0.025110 
1.435184 -0.722961 0.448786 -0.600961 0.153529 -0.232777 -0.454605 -0.146153 -0.024690 0.024758 0.042680 0.004306 0.273585 0.051227 0.047343 
1.521954 -0.802934 0.490364 -0.637272 0.200234 -0.243908 -0.433096 -0.195683 -0.028616 0.024905 0.053561 -0.016320 0.263667 0.073568 0.061032 
1.481930 -0.765655 0.439461 -0.570381 0.173469 -0.194966 -0.452875 -0.227496 -0.049739 0.034976 0.061866 0.012424 0.203532 0.095627 0.055189 
1.530401 -0.796968 0.437680 -0.628380 0.191758 -0.139302 -0.442650 -0.283652 -0.031994 -0.004574 0.069840 0.010658 0.233169 0.048382 0.101925 
1.607418 -0.759830 0.433449 -0.669088 0.166740 -0.087040 -0.432991 -0.257237 -0.050045 -0.038201 0.053656 0.062456 0.198604 0.037365 0.110464 
1.753377 -0.687485 0.371775 -0.679791 0.050234 -0.162371 -0.308465 -0.105185 -0.030818 -0.103340 -0.085250 0.078176 0.236280 0.105875 0.027265 
1.810279 -0.589324 0.372381 -0.761004 -0.062186 -0.194175 -0.188955 -0.055863 0.115298 -0.102801 -0.204273 -0.048265 0.236254 0.095138 0.041423 
1.805549 -0.562061 0.380780 -0.823552 -0.069794 -0.190761 -0.135339 0.059418 0.138362 -0.095651 -0.151805 -0.128712 0.203604 0.014612 0.057579 
1.824277 -0.478100 0.462180 -0.854871 -0.116640 -0.243655 -0.112799 0.034510 0.114479 -0.073068 -0.084627 -0.182945 0.204252 -0.005734 0.031949 
1.793765 -0.281285 0.445573 -0.851148 -0.249681 -0.036010 -0.140576 0.022895 0.002971 -0.080806 0.043928 -0.122579 0.170285 0.028187 0.030953 
1.804834 -0.354247 0.465290 -0.832710 -0.295537 0.019970 -0.163715 0.035552 -0.024734 -0.101270 0.080045 -0.185740 0.236651 0.016226 0.034856 
1.810114 -0.420602 0.444525 -0.805294 -0.309729 -0.030699 -0.119587 0.057554 -0.032662 -0.116703 0.095651 -0.266029 0.282717 0.025634 0.022430 
1.817401 -0.410248 0.473058 -0.832277 -0.324938 -0.050830 -0.133817 0.125213 -0.069397 -0.125694 0.065380 -0.342298 0.329013 0.003338 0.045166 
1.776119 -0.301397 0.508869 -0.854362 -0.389895 -0.057573 -0.091015 0.192807 -0.155330 -0.053472 0.029771 -0.386360 0.336210 -0.043316 0.107669 
1.766785 0.009666 0.455394 -0.796246 -0.416855 -0.008495 -0.081409 0.213620 -0.238991 -0.004863 -0.004895 -0.434278 0.308686 -0.045644 0.101223 
1.793910 0.114802 0.408539 -0.701720 -0.421324 0.015390 -0.092965 0.282652 -0.311869 -0.049693 0.030071 -0.495257 0.276152 -0.024692 0.120182 
1.813822 0.246557 0.374986 -0.545519 -0.356056 0.002311 0.041577 0.265636 -0.346253 -0.061561 -0.017892 -0.500152 0.194296 -0.019422 0.129672 
1.633120 0.391309 0.133966 -0.311383 -0.232939 -0.069138 0.178035 0.134260 -0.459716 -0.045472 -0.101404 -0.425278 0.252002 -0.060515 0.177659 
1.540721 0.641649 0.039090 -0.293656 -0.251636 0.005881 0.182735 0.210710 -0.328867 -0.210635 -0.062833 -0.430765 0.143566 0.022612 0.140903 
1.333636 0.589027 0.128900 -0.248482 -0.230948 0.116795 0.125642 0.155683 -0.346195 -0.175105 -0.179356 -0.362747 0.158529 -0.070062 0.154955 
1.238905 0.644300 0.044631 -0.190288 -0.259129 0.074198 0.125738 0.110303 -0.327753 -0.295117 0.049010 -0.348033 0.091048 0.107945 0.070924 
1.167670 0.582019 -0.004774 -0.224615 -0.164141 0.073030 0.080316 0.026701 -0.153623 -0.408595 -0.030764 -0.311798 0.165035 -0.035920 0.118680 
1.395824 0.465827 -0.067273 -0.266198 -0.074815 0.040710 0.089268 0.037417 -0.273758 -0.313876 -0.092193 -0.204482 0.182209 0.000298 0.102412 
1.524773 0.311158 0.035877 -0.216678 -0.191359 0.078024 0.051141 0.028667 -0.428645 -0.271702 0.083446 -0.239366 0.225532 0.013284 0.094262 
1.653978 -0.029668 0.294783 -0.524189 -0.304857 0.129894 -0.082677 0.047489 -0.442893 -0.219584 0.208255 -0.261310 0.317746 0.136205 0.064984 
1.813626 -0.405849 0.360961 -0.736593 -0.228373 0.038422 -0.143758 0.075637 -0.355829 -0.302504 0.275815 -0.230543 0.373519 0.160876 0.074447 
1.810826 -0.428379 0.451219 -0.711605 -0.415950 0.110505 -0.164691 0.129711 -0.295470 -0.238064 0.279752 -0.363203 0.355692 0.198038 0.020835 
1.737540 -0.399363 0.342246 -0.753222 -0.400819 -0.006581 -0.130596 0.127114 -0.217647 -0.083607 0.285564 -0.224079 0.308101 0.104899 0.025175 
1.800499 -0.661973 0.360870 -0.686440 -0.372723 -0.164407 -0.149117 0.114089 -0.058475 -0.181419 0.269077 -0.137727 0.251365 0.110402 0.024878 
1.793182 -0.705421 0.351271 -0.673603 -0.427100 -0.135482 -0.164808 0.180634 -0.115449 -0.133038 0.206489 -0.200877 0.353910 0.076984 0.027876 
1.709851 -0.564975 0.359842 -0.679360 -0.417102 -0.196494 -0.103274 0.099372 -0.032512 -0.168630 0.198545 -0.151405 0.263351 0.092004 0.033297 
1.679533 -0.536874 0.286268 -0.668467 -0.425667 -0.163282 -0.110420 0.153748 -0.041571 -0.156421 0.135203 -0.123128 0.256670 0.070746 0.055238 
1.740985 -0.537285 0.364709 -0.810929 -0.385198 -0.152035 -0.108342 0.149167 0.003755 -0.185935 0.127641 -0.123431 0.222846 0.084555 0.086832 
1.683588 -0.394352 0.274843 -0.786653 -0.442668 -0.062193 -0.148813 0.208495 -0.025509 -0.170250 0.143623 -0.164052 0.223186 0.061750 0.112247 
1.714344 -0.433190 0.336582 -0.876590 -0.410290 -0.069760 -0.081327 0.130037 -0.008122 -0.148030 0.139547 -0.240627 0.285985 0.076577 0.075316 
1.712261 -0.265630 0.385352 -0.956094 -0.577775 0.170083 -0.148086 0.187585 -0.094542 -0.078109 0.144182 -0.269894 0.331699 0.091594 0.046737 
1.532649 -0.189828 0.379680 -1.011269 -0.602510 0.177589 -0.151269 0.155669 -0.103393 -0.057652 0.146065 -0.264604 0.428568 0.074164 0.056822 
1.387068 -0.021857 0.317408 -1.037181 -0.615038 0.127181 -0.138987 0.190612 -0.142718 0.004316 0.120662 -0.277347 0.442151 0.092939 0.051685 
1.474482 0.179460 0.246949 -0.970022 -0.662606 0.105244 -0.109824 0.130674 -0.076265 0.002741 0.126311 -0.244923 0.383989 0.110418 0.024923 
1.403308 0.265638 0.205273 -0.964859 -0.608689 0.093733 -0.111515 0.145127 -0.114900 0.018396 0.114482 -0.242811 0.402962 0.083421 0.035660 
1.448340 0.421138 -0.086383 -0.714422 -0.572789 0.104958 -0.042810 0.079720 -0.019096 -0.031125 0.049919 -0.110269 0.249490 0.029784 0.089624 
1.709491 0.458996 -0.265530 -0.737418 -0.560587 -0.054610 0.059980 0.027786 -0.082855 0.005475 0.036748 -0.187513 0.379417 0.069358 0.116236 
1.186649 0.247917 0.121129 -0.851863 -0.508604 0.075569 -0.046614 0.067633 -0.055693 -0.036249 0.156962 -0.212308 0.333914 0.047393 0.008661 
0.903292 0.398331 -0.018482 -0.845753 -0.625203 0.005682 -0.011208 0.069248 -0.063502 -0.015783 0.099734 -0.193957 0.370684 0.121491 0.074328 
1.232127 0.638963 -0.022361 -0.436911 -0.457212 -0.143837 -0.042087 -0.013093 -0.133892 -0.081548 0.092655 -0.146926 0.177769 0.044296 0.150160 
0.401868 0.442852 -0.202001 -0.464537 -0.563263 -0.148619 0.032934 -0.050726 -0.089120 -0.021856 0.116917 0.036675 0.240788 0.030791 0.164141 
-0.005545 0.045443 -0.145010 -0.262006 -0.277215 -0.106207 -0.046481 0.202166 0.042050 -0.037889 0.159298 -0.114562 0.045960 -0.141916 0.118885 
