city011_078
NYUUZEN
77
0.473029 0.520582 0.198083 0.056327 0.075264 -0.092518 -0.092697 0.059626 0.016613 -0.144633 0.000799 -0.011814 0.066035 -0.157455 0.149548 
0.308596 0.539662 0.436706 0.277388 0.208132 -0.042471 -0.008186 0.062223 -0.029245 -0.151089 0.013700 -0.114609 0.082819 -0.241739 0.137522 
0.948517 0.171372 0.495989 0.524484 -0.095029 -0.035268 -0.123506 -0.118675 -0.107406 -0.120934 -0.059148 -0.154077 -0.003255 -0.102199 0.116563 
1.013784 -0.176461 0.653363 0.496272 -0.168851 0.050438 -0.120641 -0.156617 -0.134195 -0.233251 0.022453 -0.272865 -0.032884 -0.128479 0.098571 
1.131909 -0.287705 0.662782 0.498391 -0.120164 -0.009934 -0.170498 -0.093381 -0.186601 -0.194512 0.027549 -0.278672 -0.030175 -0.103850 0.109343 
1.164080 -0.359030 0.721812 0.504367 -0.133827 0.010416 -0.200331 -0.130022 -0.125933 -0.199587 0.034006 -0.306599 0.008566 -0.092335 0.109205 
1.075746 -0.431402 0.916876 0.313205 -0.035303 -0.050218 -0.224467 -0.030354 -0.213887 -0.155991 -0.039861 -0.234460 -0.013692 -0.100635 0.122729 
0.747016 -0.241523 1.221367 -0.224879 0.035773 0.157653 -0.416446 0.019621 -0.206450 -0.184933 -0.074411 -0.147832 -0.032565 -0.112897 0.103402 
0.888757 -0.314173 1.347866 -0.435998 0.109802 0.360217 -0.635655 0.031823 -0.179579 -0.166696 -0.010572 -0.269043 0.077050 -0.128252 0.097311 
0.603765 -0.115437 1.370248 -0.592885 0.027148 0.383059 -0.505508 -0.016268 -0.174365 -0.259599 0.006672 -0.233835 0.020869 -0.092304 0.017200 
0.812183 -0.336571 1.648255 -0.643791 -0.084333 0.429588 -0.571106 0.024001 -0.173554 -0.294060 0.085808 -0.317823 0.089075 -0.100729 0.023574 
0.644058 -0.285946 1.603568 -0.536626 -0.194860 0.362557 -0.495437 0.025806 -0.224740 -0.276697 0.097082 -0.280526 -0.007660 0.015991 -0.028804 
0.875840 -0.548233 1.696535 -0.540956 -0.236974 0.369880 -0.504386 0.028149 -0.252661 -0.242090 0.139688 -0.344693 0.093461 -0.036307 0.022104 
0.930874 -0.640570 1.639682 -0.451596 -0.326666 0.419109 -0.531002 0.003724 -0.235026 -0.220459 0.112409 -0.314426 0.114524 -0.040925 0.008661 
0.921132 -0.722628 1.699671 -0.404060 -0.357636 0.359255 -0.476402 -0.021133 -0.240289 -0.188737 0.105898 -0.315335 0.144050 -0.048828 0.011549 
0.852799 -0.819761 1.656342 -0.471726 -0.281277 0.221106 -0.261633 -0.158103 -0.234570 -0.181831 0.075459 -0.274351 0.085630 -0.003586 0.030650 
0.816616 -0.869738 1.498271 -0.462417 -0.212236 0.188574 -0.170583 -0.241538 -0.253291 -0.128195 0.055718 -0.250736 0.068122 0.049149 -0.039713 
0.873596 -0.996401 1.451480 -0.418971 -0.140583 0.059867 -0.065114 -0.321483 -0.238459 -0.112341 0.086430 -0.285882 0.111070 0.026454 -0.030632 
0.819787 -0.940607 1.354739 -0.234332 -0.222669 0.015388 -0.141176 -0.201511 -0.257335 -0.073753 0.098482 -0.301835 0.144119 0.038484 -0.055358 
0.797257 -0.954019 1.386042 -0.157607 -0.263454 -0.109104 -0.060537 -0.181302 -0.268593 -0.118394 0.163587 -0.312526 0.125155 0.063911 -0.051464 
0.774755 -0.978884 1.315151 -0.056230 -0.229956 -0.168326 -0.051117 -0.187737 -0.290684 -0.123538 0.125948 -0.285590 0.092902 0.051798 -0.034274 
0.882216 -1.034769 1.238993 -0.063435 -0.052612 -0.257852 -0.047985 -0.217616 -0.305024 -0.087312 0.075829 -0.323324 0.126680 0.030324 -0.059136 
0.937580 -0.971856 1.182116 -0.027178 -0.004774 -0.317994 -0.088818 -0.119137 -0.367942 -0.057019 0.005612 -0.285676 0.149663 -0.016706 -0.064025 
0.994020 -0.910444 1.234297 -0.037178 -0.002810 -0.327196 -0.133152 -0.052021 -0.377817 -0.102024 0.000470 -0.293478 0.176288 -0.046634 -0.076029 
0.988706 -0.733407 1.345102 -0.049123 -0.071274 -0.270130 -0.173141 -0.049786 -0.337941 -0.120806 -0.006762 -0.285945 0.193627 -0.059581 -0.048254 
1.085749 -0.657740 1.259839 -0.184269 -0.068776 -0.194260 -0.058415 -0.153278 -0.408061 -0.028328 -0.010881 -0.353083 0.201070 -0.086211 -0.009829 
1.154649 -0.587628 1.101070 -0.227916 -0.082947 -0.128444 -0.008225 -0.145827 -0.463300 -0.004147 -0.015499 -0.365582 0.219478 -0.104246 -0.039549 
1.158136 -0.509901 0.960604 -0.277054 -0.033127 0.000676 -0.010715 -0.217652 -0.457031 0.009430 -0.028506 -0.361766 0.229796 -0.109857 -0.067153 
1.267708 -0.553965 0.879722 -0.336687 0.027611 0.090135 0.016863 -0.300584 -0.454096 0.006554 -0.032329 -0.299118 0.227203 -0.157887 -0.073964 
1.329350 -0.517805 0.783640 -0.332827 0.047648 0.127111 0.014136 -0.312667 -0.468379 0.040677 -0.039695 -0.282167 0.253700 -0.191885 -0.101651 
1.429139 -0.516721 0.805896 -0.429077 0.091660 0.206973 -0.034145 -0.305032 -0.469554 0.032796 0.018154 -0.269035 0.244047 -0.205533 -0.092042 
1.473882 -0.617541 0.792438 -0.382368 0.052248 0.117536 0.064595 -0.240895 -0.457634 -0.034391 0.017633 -0.304752 0.300830 -0.181582 -0.077893 
1.501278 -0.617490 0.858229 -0.354036 -0.005534 0.032049 0.081372 -0.185967 -0.420204 -0.038601 -0.006440 -0.322720 0.282959 -0.150005 -0.040730 
1.419414 -0.651181 0.869740 -0.281426 -0.032647 0.018891 0.026382 -0.106241 -0.448845 0.004510 -0.004616 -0.328957 0.285966 -0.161976 -0.040880 
1.406846 -0.692558 0.924458 -0.241245 -0.073164 -0.048161 -0.014374 -0.023031 -0.437664 -0.029436 0.072691 -0.368224 0.282189 -0.144760 -0.019672 
1.402144 -0.743310 0.955985 -0.019047 -0.158932 -0.078328 -0.194667 0.162998 -0.472115 -0.012396 0.069870 -0.331942 0.283060 -0.193415 -0.010917 
1.393179 -0.751975 1.017010 0.065293 -0.065831 -0.188172 -0.219149 0.180149 -0.382193 -0.069534 0.041973 -0.336954 0.351794 -0.261207 -0.017391 
1.205192 -0.560301 0.881293 0.234414 0.014237 -0.252372 -0.244534 0.171309 -0.336566 -0.029492 -0.116895 -0.287171 0.360195 -0.252589 -0.077061 
1.079339 -0.505140 0.698333 0.352749 0.050254 -0.225896 -0.191582 0.062112 -0.282683 -0.004399 -0.172867 -0.283108 0.312230 -0.262039 0.004089 
1.016675 -0.439563 0.711605 0.331286 -0.006380 -0.261117 -0.086992 -0.002840 -0.191851 -0.019044 -0.126101 -0.227371 0.293824 -0.227877 0.030566 
0.721439 -0.324145 0.555300 0.421010 0.076141 -0.294766 0.005034 0.057236 -0.094718 0.136510 -0.249161 -0.009761 0.222708 -0.183278 0.039170 
0.506607 -0.247556 0.451626 0.370427 -0.014237 -0.236274 0.075077 -0.046631 0.034951 0.060393 -0.105424 -0.063801 0.209063 -0.134354 0.038826 
0.149208 -0.352232 0.537691 0.301521 0.044132 -0.132672 0.000361 0.117046 0.084417 -0.024268 -0.058171 0.012647 0.139074 -0.076348 -0.004227 
0.060612 -0.629816 0.286397 0.155083 0.138594 0.131656 0.063496 -0.153715 0.171665 0.100398 -0.055386 -0.086211 0.137309 -0.043414 0.072066 
0.127078 -0.650339 0.241108 0.070115 -0.015251 0.086132 0.252958 0.077348 0.046144 -0.102859 -0.022622 0.019463 0.156231 -0.112086 0.129158 
0.471127 -0.438441 0.699613 -0.011260 0.014111 -0.138122 0.114914 -0.013202 -0.022493 0.045106 -0.054867 -0.041511 0.185569 -0.216372 0.122747 
1.107263 -0.725579 0.797303 0.327969 -0.175581 -0.185944 -0.145451 0.091974 -0.248011 -0.022391 -0.075639 -0.119938 0.222547 -0.220060 0.088255 
1.372689 -0.881792 0.884292 0.203850 -0.254084 -0.361793 -0.117987 0.047452 -0.261415 -0.017983 -0.015433 -0.070159 0.274080 -0.202373 0.119981 
1.513920 -1.001768 0.744755 0.059707 -0.434375 -0.260353 -0.196847 0.014115 -0.165168 -0.051339 0.083353 -0.009398 0.268244 -0.141709 0.094967 
1.538083 -1.091628 0.692131 -0.048828 -0.418640 -0.319696 -0.097796 0.004334 -0.165430 0.029020 0.139226 -0.000861 0.229355 -0.128574 0.089958 
1.606974 -1.201964 0.563630 -0.050715 -0.471090 -0.245982 -0.054451 0.050397 -0.121193 0.091229 0.141418 -0.047387 0.227207 -0.181462 0.081488 
1.706061 -1.122226 0.431668 0.051877 -0.479474 -0.298002 0.039229 -0.008443 -0.119536 0.169029 0.090440 -0.043480 0.217211 -0.183643 0.077306 
1.783167 -1.317988 0.457005 0.091092 -0.446396 -0.143756 -0.004057 0.057758 -0.076059 0.176639 0.082331 -0.100404 0.158139 -0.198184 0.120566 
1.804790 -1.349331 0.390400 0.116351 -0.378321 -0.152155 0.027537 0.115408 -0.072584 0.193231 0.067274 -0.150173 0.154837 -0.198246 0.104694 
1.683325 -1.282688 0.328360 0.158217 -0.410134 -0.137041 0.039738 0.123363 -0.132780 0.211268 0.017348 -0.133600 0.168141 -0.167904 0.049365 
1.610332 -1.182348 0.283718 0.160223 -0.308087 -0.132864 -0.026565 0.134289 -0.088448 0.204425 0.044995 -0.200610 0.192732 -0.138044 0.043442 
1.601864 -1.241495 0.382716 0.109731 -0.245236 -0.178949 0.024891 0.147926 -0.076762 0.249693 -0.032288 -0.203370 0.241418 -0.184907 0.074931 
1.481772 -1.082586 0.217409 0.170003 -0.201228 -0.179256 0.044861 0.053789 -0.062584 0.277435 -0.065554 -0.202247 0.226194 -0.132208 0.057385 
1.535377 -1.091685 0.261877 0.195237 -0.188274 -0.192665 0.065247 0.026310 -0.142508 0.300877 -0.006627 -0.236398 0.246056 -0.160292 0.106473 
1.488446 -0.910788 0.326578 0.209067 -0.202413 -0.055391 0.066528 -0.092681 -0.169939 0.306070 0.054554 -0.287312 0.255363 -0.149707 0.113970 
1.277096 -0.731558 0.374490 0.433728 -0.325056 0.028903 -0.016784 -0.192729 -0.014190 0.175974 -0.053724 -0.194919 0.232871 -0.114622 0.083821 
0.942917 -0.600077 0.744272 0.597065 -0.213698 0.050986 -0.059220 -0.357776 0.085531 0.009471 -0.181158 -0.316888 0.220837 -0.099817 -0.005344 
0.808486 -0.561392 0.771708 0.592818 -0.113987 -0.019507 -0.095687 -0.226230 0.002532 0.003075 -0.219563 -0.282113 0.189971 -0.126455 -0.013123 
0.754866 -0.535768 0.695697 0.640563 -0.182003 0.037468 -0.153095 -0.199002 -0.020877 0.013703 -0.227031 -0.278555 0.199738 -0.140343 -0.008966 
0.796185 -0.460481 0.688386 0.657734 -0.194709 0.013003 -0.120202 -0.216960 -0.002248 -0.048268 -0.173226 -0.301249 0.203102 -0.161739 0.031569 
0.753032 -0.426322 0.702484 0.677284 -0.148400 -0.062026 -0.072680 -0.269167 0.082945 -0.102123 -0.180242 -0.300778 0.177357 -0.059187 -0.113100 
0.641138 -0.416449 0.647235 0.696079 -0.160547 0.020994 -0.140861 -0.184671 -0.037531 -0.007720 -0.226562 -0.299769 0.169572 -0.128628 -0.016900 
0.579296 -0.323509 0.679023 0.596262 -0.082136 -0.026660 -0.121273 -0.137001 -0.112123 -0.012928 -0.171248 -0.316065 0.142158 -0.119075 -0.019836 
0.651452 -0.237458 0.715689 0.645132 -0.128354 -0.037498 -0.099358 -0.174537 -0.030616 -0.033096 -0.195863 -0.323789 0.219570 -0.121237 -0.114029 
0.548220 -0.374894 0.659775 0.698555 -0.102518 0.012517 -0.062272 -0.244366 -0.025254 0.029076 -0.198154 -0.366461 0.170762 -0.097568 -0.063376 
0.507571 -0.266817 0.570442 0.718446 -0.063310 -0.046867 -0.043583 -0.239871 -0.001027 -0.037490 -0.165976 -0.351561 0.148658 -0.105688 -0.055845 
0.545407 -0.229747 0.637989 0.660775 -0.146440 -0.021583 -0.060551 -0.180687 -0.042476 -0.025063 -0.176753 -0.289718 0.200650 -0.168826 -0.039691 
0.245086 -0.029544 0.535610 0.698172 0.012410 0.013716 -0.110965 -0.106650 -0.048362 -0.060826 -0.140779 -0.339098 0.109181 -0.143098 -0.023640 
0.175696 0.020800 0.646114 0.537627 0.008381 0.105635 -0.107638 -0.175859 -0.046138 -0.012950 -0.157420 -0.335195 0.104766 -0.137176 -0.054166 
0.149190 -0.000727 0.605612 0.652645 0.066743 -0.034423 -0.006360 -0.076662 -0.013022 -0.017076 -0.129523 -0.282294 0.159906 -0.147024 -0.059129 
0.108462 -0.016040 0.644493 0.575009 0.118255 -0.013772 -0.145135 -0.130519 0.066949 -0.092356 -0.235636 -0.282535 0.169708 -0.208355 -0.029823 
0.219660 0.171848 0.362012 0.600318 0.145718 -0.051537 -0.007507 -0.052860 -0.079850 -0.052244 -0.036792 -0.242872 0.072662 -0.180172 0.068648 
