city011_050
ZAIMOKUCHOO
114
0.063450 0.363338 0.385989 0.349105 0.267086 0.357823 -0.062757 -0.210493 0.102642 0.129620 0.004463 -0.173228 -0.002770 -0.028042 0.010148 
-0.017372 0.253339 0.383716 0.350994 0.195821 0.170370 -0.043082 -0.140389 0.052761 0.107477 -0.117319 -0.054660 -0.005164 -0.055560 0.056644 
0.104858 0.221529 0.405213 0.426310 0.200757 0.072527 -0.038608 -0.067060 -0.025788 -0.077464 0.023003 -0.153785 -0.058929 -0.073706 0.040372 
0.274890 0.090949 0.334529 0.234473 0.072870 0.072050 -0.068075 -0.015573 0.114599 -0.169331 0.037211 0.008478 -0.015688 -0.049762 0.028300 
-0.199098 -0.344953 0.274303 0.207806 0.083282 0.172680 -0.171404 0.015247 0.032425 0.038211 -0.009508 0.015454 -0.045416 -0.025483 0.108736 
0.328396 -0.602524 0.112640 -0.320131 0.073871 0.121529 -0.196555 0.020776 0.010504 0.035686 0.018619 -0.006126 -0.018111 -0.030818 0.084004 
0.208201 -0.565314 0.421566 -0.018060 0.027145 0.139779 0.026333 0.088940 0.002973 0.089926 -0.130596 0.067712 0.065358 -0.074663 0.074481 
0.601445 -0.489975 0.401657 -0.137605 0.078756 -0.010326 -0.050432 0.162730 0.019946 -0.053242 -0.081708 0.106431 0.015979 -0.116248 0.128614 
1.139891 -0.417529 0.407850 0.016455 0.010771 -0.052650 -0.256767 -0.063003 0.068498 -0.026588 -0.125163 -0.025004 0.133366 -0.083291 0.052305 
1.783419 -0.912896 0.551099 -0.212080 -0.075326 -0.086132 -0.515228 -0.011336 -0.002039 0.325774 -0.165584 -0.046636 0.309902 -0.092325 0.103844 
1.540573 -1.024909 0.366315 -0.409580 -0.102792 -0.179903 -0.403006 -0.153112 0.174506 0.318243 -0.071826 -0.006049 0.263517 -0.025722 0.007181 
1.472499 -1.025694 0.403842 -0.537693 -0.093886 -0.160454 -0.323666 -0.126431 0.247472 0.398141 -0.094052 -0.048190 0.149626 -0.023087 -0.053079 
1.401850 -1.166968 0.312602 -0.639288 -0.056554 -0.062594 -0.287860 -0.036016 0.331227 0.307343 -0.044986 -0.148084 0.039772 -0.037725 -0.064012 
1.284743 -1.205741 0.220528 -0.609840 -0.028170 -0.076924 -0.229755 0.057117 0.248593 0.338202 -0.042454 -0.210872 -0.021072 -0.023798 -0.047840 
1.391861 -1.301026 0.238594 -0.662324 0.009447 -0.102085 -0.153958 0.059083 0.202599 0.346700 -0.021872 -0.260155 -0.043672 0.011823 -0.043843 
1.319718 -1.224734 0.168245 -0.588911 0.011463 -0.108381 -0.108090 0.058617 0.201067 0.346246 -0.085799 -0.255409 -0.053192 0.049783 -0.064134 
1.327932 -1.268962 0.145523 -0.624889 0.088216 -0.164775 -0.069091 0.089820 0.211871 0.264990 -0.101663 -0.263671 -0.030380 0.092536 -0.066510 
1.313709 -1.225744 0.111299 -0.625244 0.073176 -0.152105 -0.122418 0.088204 0.318831 0.167234 -0.148381 -0.185023 0.028154 0.021009 -0.073451 
1.350619 -1.247516 0.174555 -0.511649 -0.007836 -0.194453 -0.123959 0.083930 0.356185 0.146655 -0.194527 -0.111855 0.068556 -0.014201 -0.147922 
1.293968 -1.227234 0.281912 -0.368718 -0.093180 -0.230275 -0.163563 0.119615 0.381412 0.110562 -0.205224 -0.018080 0.090312 -0.114816 -0.121080 
1.359484 -1.238529 0.509122 -0.345849 -0.212029 -0.187536 -0.187423 0.129308 0.332352 0.114317 -0.181058 0.021510 0.135400 -0.177657 -0.102739 
1.400786 -1.308107 0.727167 -0.345951 -0.338153 -0.112166 -0.264577 0.132695 0.218767 0.117101 -0.044042 0.000719 0.172668 -0.195918 -0.031088 
1.236105 -1.225734 0.802130 -0.495748 -0.383869 -0.114818 -0.180244 0.123847 -0.069312 0.062998 0.119593 0.100887 0.071523 -0.150638 0.105928 
1.188569 -1.218268 0.954562 -0.518545 -0.349884 -0.049380 -0.154185 0.037803 -0.162872 0.009004 0.097746 0.112299 0.054476 -0.098707 0.168453 
1.148282 -1.109031 1.136596 -0.429523 -0.336230 0.078582 -0.201529 0.010462 -0.210748 -0.049833 0.067451 0.045122 0.016654 -0.062294 0.178012 
1.233344 -1.097905 1.355803 -0.404333 -0.358366 0.166714 -0.330559 0.070881 -0.255147 -0.070153 0.076974 -0.019797 0.006252 -0.055272 0.197272 
1.085345 -0.886602 1.375127 -0.420702 -0.334690 0.190376 -0.342458 0.022466 -0.254694 -0.131034 0.080067 -0.046589 -0.038358 -0.001533 0.179152 
1.018890 -0.729507 1.393560 -0.404234 -0.325458 0.220680 -0.384227 0.030815 -0.281323 -0.156152 0.079003 -0.077722 -0.079497 0.057785 0.132800 
1.093432 -0.745492 1.453941 -0.488264 -0.288751 0.258356 -0.401797 0.027808 -0.318400 -0.169645 0.061025 -0.118827 -0.063626 0.045328 0.130654 
0.948869 -0.592769 1.380344 -0.464568 -0.252581 0.279509 -0.419389 0.006789 -0.317587 -0.177652 0.050254 -0.143210 -0.057033 0.044990 0.098788 
1.003114 -0.619040 1.445961 -0.505824 -0.240995 0.297272 -0.432411 0.026839 -0.347308 -0.168744 0.046215 -0.180405 -0.027767 0.015725 0.101479 
0.928704 -0.566074 1.400119 -0.494843 -0.228240 0.300886 -0.392353 -0.007717 -0.350294 -0.173713 0.034948 -0.196398 -0.018258 -0.002626 0.098651 
0.935223 -0.628612 1.396389 -0.448661 -0.218682 0.333823 -0.401795 -0.015057 -0.358803 -0.167030 0.020894 -0.203618 -0.010089 -0.042782 0.099816 
0.972760 -0.725153 1.431087 -0.418079 -0.237250 0.324758 -0.379074 -0.023894 -0.388650 -0.141536 0.021246 -0.238691 0.033044 -0.070353 0.089599 
1.050225 -0.771796 1.409491 -0.184930 -0.362889 0.187593 -0.237264 -0.016418 -0.426938 -0.112871 0.080865 -0.320241 0.047160 0.007267 -0.018041 
1.319520 -0.896223 1.044146 0.264149 -0.277389 -0.039667 -0.276055 0.117224 -0.355818 -0.288627 0.153566 -0.302045 0.024580 0.032687 -0.129513 
1.289007 -0.550327 0.831619 0.354104 -0.347212 0.084790 -0.104667 -0.204753 -0.269112 -0.106637 0.005134 -0.307933 0.014829 0.037972 -0.126675 
1.321706 -0.499175 0.968534 0.343331 -0.438490 0.088008 -0.099463 -0.237285 -0.246053 -0.083028 -0.016326 -0.335893 0.110127 -0.013073 -0.098793 
1.257473 -0.478363 1.009321 0.304270 -0.406972 0.057447 -0.041137 -0.295347 -0.257151 -0.003404 -0.103888 -0.292771 0.104139 -0.016298 -0.105029 
1.222994 -0.514337 0.952431 0.255071 -0.460561 0.232729 -0.126902 -0.296639 -0.239560 -0.004183 -0.119220 -0.300579 0.151152 -0.099931 -0.070675 
1.199341 -0.538553 0.999519 0.158887 -0.437577 0.262095 -0.119727 -0.312821 -0.215731 -0.012191 -0.153512 -0.233873 0.110444 -0.104879 -0.048683 
1.146490 -0.518379 1.079598 0.084686 -0.424819 0.302290 -0.151242 -0.330958 -0.155326 -0.025832 -0.162505 -0.226834 0.128168 -0.115263 -0.068799 
1.855794 -0.807789 0.669027 -0.348800 -0.336927 0.334439 -0.173304 -0.095884 -0.095656 0.029243 -0.011247 -0.182216 0.241081 -0.059482 -0.092197 
1.894500 -0.881040 0.469042 -0.587277 -0.210876 0.301630 -0.209076 0.209255 -0.137047 -0.110801 -0.114570 -0.218959 0.344490 0.004607 -0.033559 
1.912381 -1.012205 0.437008 -0.610328 -0.229596 0.287188 -0.204681 0.154818 -0.183973 -0.076832 -0.091421 -0.131280 0.367504 -0.021322 -0.014438 
1.807820 -0.923993 0.353566 -0.609140 -0.213813 0.264252 -0.148995 0.118440 -0.182040 -0.052212 -0.080257 -0.128042 0.355115 -0.006833 -0.043542 
1.887691 -0.848264 0.341430 -0.613202 -0.231409 0.266521 -0.179516 0.113407 -0.155589 -0.038557 -0.098102 -0.190360 0.365407 -0.000082 -0.035563 
1.788123 -0.649993 0.314669 -0.583573 -0.222857 0.196692 -0.066047 0.156213 -0.237353 0.096410 -0.144965 -0.190542 0.354478 -0.096174 -0.000208 
1.907538 -0.569023 0.409526 -0.533680 -0.319848 0.163043 0.101373 0.095495 -0.306431 0.179554 -0.171314 -0.152702 0.351469 -0.153329 0.047862 
1.746053 -0.404479 0.448860 -0.393484 -0.436409 0.188939 0.132584 -0.024980 -0.264256 0.064186 -0.224036 -0.192348 0.327367 -0.108550 0.076604 
1.875536 -0.336104 0.486623 -0.240097 -0.462938 0.141182 0.243812 -0.116434 -0.259889 0.077304 -0.295272 -0.196905 0.280586 -0.145629 0.112963 
1.472263 -0.009651 0.360865 -0.146879 -0.424476 0.126824 0.254119 -0.158777 -0.204861 -0.033545 -0.290573 -0.198192 0.227009 -0.128195 0.082795 
0.956824 0.328089 0.244793 -0.151689 -0.129462 0.248553 0.296519 -0.190685 -0.164677 -0.107936 -0.243222 -0.105150 0.192519 -0.094499 -0.011013 
0.777817 0.198391 0.110786 0.187986 0.089020 0.241333 -0.143297 -0.298987 0.023233 -0.104645 -0.025035 -0.107762 -0.016399 -0.095959 -0.000093 
0.748615 0.340116 0.061869 0.211494 -0.094033 0.047411 -0.184391 -0.300133 -0.127424 -0.026563 -0.006833 -0.200674 0.070075 0.020518 -0.056750 
0.249213 0.336419 0.107003 0.024553 -0.114391 0.087502 -0.068228 -0.252952 -0.123691 0.011954 -0.061414 -0.051955 0.099524 -0.107994 0.043611 
0.117699 0.188710 0.124681 0.107515 -0.166235 0.071085 -0.141636 -0.157135 -0.072995 0.033153 -0.072922 0.032453 -0.002172 -0.030115 0.059409 
0.457794 -0.557006 -0.576471 -0.180833 -0.027099 0.234120 0.155701 -0.063200 -0.223094 0.135934 -0.017759 0.045086 -0.018310 -0.025824 -0.020474 
0.914341 -1.040306 -0.357280 -0.358667 -0.096639 -0.177591 0.262725 0.108430 -0.176144 0.086980 0.002970 0.223478 -0.038730 -0.242231 -0.012631 
0.635562 -0.808059 0.101991 -0.165418 0.014327 -0.312692 0.210517 0.256920 -0.250545 0.063374 -0.092125 0.124145 0.006306 -0.193498 0.199612 
0.342149 -0.509216 0.982905 0.112872 0.157214 -0.284701 0.082061 0.186843 -0.302399 0.050227 -0.028443 0.021677 -0.073024 -0.075177 0.109218 
-0.193157 -0.481574 0.741623 -0.273378 0.037394 -0.074394 0.239040 0.285728 -0.175774 0.105048 -0.067820 0.057545 0.031045 -0.124120 0.147793 
-0.380144 -0.247546 0.245883 -0.124616 0.166082 0.071801 0.158773 0.263660 -0.090322 0.000987 -0.096078 0.083672 0.123747 -0.076758 0.061078 
-0.228787 -0.000825 -0.112906 0.020481 -0.132855 0.215281 0.184614 0.263477 0.169603 -0.187678 -0.120966 0.013447 0.086744 0.028217 0.074361 
-0.126218 -0.061592 -0.108184 -0.032623 -0.143275 0.048184 0.086974 0.022274 0.025375 -0.064533 0.029560 -0.050259 0.060657 -0.058712 0.048967 
-0.410322 -0.183958 -0.172262 0.049558 -0.060764 0.193428 0.068726 -0.049649 -0.002646 0.033128 -0.088625 0.022850 0.078581 -0.052132 0.012968 
-0.493099 -0.192670 -0.193332 -0.079387 -0.248948 0.119214 0.205042 0.190731 -0.044904 -0.101039 -0.117720 0.016590 0.005136 0.068853 0.039674 
-0.453159 0.000769 -0.022290 -0.127972 -0.215607 0.155029 0.125923 -0.013580 0.012815 -0.042034 0.039258 -0.116516 0.096393 -0.013070 -0.021132 
-0.429642 -0.020445 -0.262535 -0.171880 -0.203960 0.108276 0.043602 -0.041691 -0.002780 0.185857 -0.093953 -0.068754 0.027311 0.012508 -0.055421 
-0.546665 -0.049696 -0.194371 -0.223925 -0.169092 0.079977 0.014712 -0.024096 0.095702 0.041699 -0.057620 -0.002150 -0.027868 0.010146 -0.006324 
-0.516945 -0.046443 -0.177607 -0.051484 -0.103961 0.044314 0.018987 -0.113158 0.067420 0.086161 -0.084323 0.005257 0.041390 -0.046930 0.018017 
-0.148211 -0.689262 0.140989 -0.392116 0.090732 -0.009780 -0.112047 0.100914 -0.063876 0.142368 -0.042562 -0.034629 0.013980 -0.051603 0.083481 
-0.784771 -0.130890 0.078629 -0.366545 0.280137 -0.036563 -0.109784 0.131392 -0.108116 0.041703 0.011334 -0.014512 0.019328 -0.053434 0.077219 
-0.930518 -0.706054 0.369167 -0.557600 0.280959 -0.139496 0.027382 0.078467 -0.059232 0.084084 -0.081025 0.012286 0.031577 -0.061092 0.064395 
-0.879887 -1.214118 0.464434 -0.599203 0.275829 -0.068940 0.038649 0.114614 -0.096628 0.103431 -0.169818 0.086073 0.002508 -0.056721 0.124208 
-0.686581 -0.512123 0.368672 -0.645637 0.166627 -0.220277 0.232720 0.157040 -0.183205 0.111320 -0.080567 -0.022285 0.029372 -0.050472 0.087309 
-0.830512 -0.666109 0.374544 -0.810855 0.395373 -0.261131 0.139115 0.192921 -0.142914 0.054174 -0.012961 -0.074539 0.016882 0.032449 0.004283 
-0.826726 -0.539759 0.726026 -0.606173 0.223165 -0.405793 0.006839 0.229645 -0.173229 0.133407 -0.043085 0.029051 0.050516 -0.108119 0.074277 
-0.885382 -0.413235 0.837982 -0.574498 0.226266 -0.411623 -0.023957 0.211215 -0.109018 -0.047170 0.085452 0.037261 0.001627 -0.083627 0.070563 
-0.436857 -0.705958 0.811648 -0.763788 0.308704 -0.155890 0.051029 0.194936 -0.091929 -0.019035 0.013967 -0.063798 0.085323 -0.038828 -0.065312 
-0.121164 -0.533018 1.199298 -0.595791 0.116896 -0.226250 -0.202625 0.238172 -0.109527 -0.018346 0.040565 -0.011574 0.144908 -0.130839 -0.038804 
0.806001 -0.477986 1.270554 -0.436577 -0.038348 -0.208116 -0.193073 0.238971 -0.173714 0.074943 0.033397 -0.016601 0.203825 -0.142042 -0.061778 
1.164297 -0.514609 1.026521 0.025232 -0.059843 -0.110513 -0.296430 0.280327 -0.067979 -0.027760 -0.081048 0.015879 0.268739 -0.162516 -0.129537 
1.739332 -0.718670 0.506934 0.071418 -0.191010 -0.227901 -0.397694 -0.032156 -0.064830 -0.013683 -0.119110 -0.002634 0.189182 0.092359 -0.088420 
1.741525 -0.885549 0.502582 -0.136878 -0.303706 -0.043361 -0.415104 -0.023187 -0.030343 -0.070276 0.062354 -0.053163 0.176538 0.119943 -0.116882 
1.853739 -0.862234 0.286246 -0.311847 -0.252563 0.007288 -0.338718 -0.155864 -0.181744 0.066564 0.154483 0.045317 0.115594 0.136420 -0.026878 
1.788523 -0.926849 0.189897 -0.215479 -0.370780 0.040914 -0.259934 -0.161195 -0.173632 -0.122313 0.228717 0.083090 0.170209 0.144134 -0.121058 
1.754059 -0.833551 0.199168 -0.460445 -0.288635 0.142091 -0.244081 -0.090200 -0.256703 -0.104607 0.270850 0.128846 0.114967 0.129947 -0.119940 
1.895426 -0.772656 0.061525 -0.493410 -0.294578 0.052020 -0.182805 0.016421 -0.305416 -0.004992 0.145426 0.044928 0.235196 0.163616 -0.077773 
1.798897 -0.689090 0.029111 -0.512378 -0.325000 0.033246 -0.200580 0.059421 -0.240313 -0.068114 0.108100 0.112808 0.237547 0.156853 -0.049772 
1.802891 -0.684492 0.074125 -0.570642 -0.301878 -0.094330 -0.181750 0.096242 -0.133748 -0.117535 0.099299 0.040920 0.247901 0.175786 -0.003298 
1.822054 -0.693576 0.079697 -0.445621 -0.403247 -0.068259 -0.232838 0.125092 -0.113266 -0.139710 0.077810 0.099027 0.208303 0.170343 -0.038418 
1.865631 -0.756502 0.065110 -0.388601 -0.489726 0.023403 -0.286317 0.165785 -0.154228 -0.154853 0.134562 -0.005279 0.298871 0.166456 -0.046741 
1.795577 -0.648056 0.095964 -0.523221 -0.355660 -0.062445 -0.213268 0.149981 -0.174409 -0.136462 0.044478 0.052706 0.267245 0.166190 0.000564 
1.796352 -0.674917 0.101035 -0.556240 -0.316825 -0.086500 -0.169870 0.118487 -0.146395 -0.182891 0.056470 -0.003284 0.291921 0.217621 -0.029523 
1.714104 -0.513865 0.064979 -0.597156 -0.303772 -0.049608 -0.248420 0.226410 -0.198465 -0.158007 0.050376 -0.006559 0.285549 0.156958 0.036267 
1.742733 -0.461470 0.087546 -0.712044 -0.239488 -0.067526 -0.207408 0.186383 -0.156305 -0.163660 0.024967 0.026900 0.224714 0.196826 0.034887 
1.669250 -0.352257 0.106349 -0.771693 -0.291593 -0.014233 -0.156207 0.128243 -0.144162 -0.146164 0.035621 -0.083593 0.285525 0.189887 0.030340 
1.618103 -0.237035 0.153227 -0.820100 -0.396887 0.072501 -0.132046 0.151804 -0.211053 -0.089591 0.063834 -0.099178 0.291702 0.182547 0.030187 
1.610725 -0.230112 0.203604 -0.883918 -0.427922 0.078152 -0.108932 0.131859 -0.203732 -0.068331 0.087578 -0.173894 0.350413 0.185013 -0.011489 
1.697618 -0.219998 0.265988 -0.909071 -0.480078 0.131449 -0.124879 0.161612 -0.255086 -0.027062 0.062713 -0.182653 0.357405 0.194887 -0.013799 
1.606485 -0.107256 0.234906 -0.901233 -0.484337 0.106305 -0.091729 0.126794 -0.212972 -0.069561 0.102332 -0.197001 0.346556 0.217104 -0.027253 
1.609035 -0.077600 0.218838 -0.847621 -0.572997 0.178061 -0.112629 0.159192 -0.216968 -0.068611 0.126210 -0.232765 0.344724 0.227806 -0.047105 
1.528654 -0.054843 0.299356 -0.933141 -0.503549 0.156780 -0.121180 0.190836 -0.251805 -0.015668 0.059135 -0.200847 0.326142 0.200017 -0.024595 
1.525395 0.003465 0.186397 -0.853593 -0.489005 0.107073 -0.081658 0.149188 -0.192403 -0.090194 0.126311 -0.269814 0.349003 0.173386 -0.013899 
1.667111 0.228660 0.039803 -0.739743 -0.486238 0.037172 0.016724 0.122973 -0.224717 0.000003 0.018590 -0.135833 0.227951 0.204330 0.015457 
1.536703 0.545925 0.018356 -0.666225 -0.512432 0.063912 0.011104 0.115297 -0.233959 0.035925 0.037801 -0.105660 0.239183 0.214840 -0.025269 
1.446193 0.029503 0.131612 -0.832701 -0.426025 0.186187 -0.085376 0.197991 -0.244303 -0.013436 0.110597 -0.253427 0.354503 0.077492 -0.031434 
1.384217 0.126859 0.105328 -0.878173 -0.352562 0.134290 0.002595 0.150265 -0.201840 -0.023862 0.067253 -0.196061 0.309417 0.099103 -0.035932 
1.488000 0.385123 -0.118394 -0.711389 -0.503512 0.073340 0.110157 0.010681 -0.057863 -0.034007 0.032336 -0.160175 0.227973 0.164750 -0.078383 
0.920830 0.535366 0.043680 -0.822052 -0.454758 0.045151 0.008882 0.092887 -0.213833 0.046599 0.045066 -0.213305 0.334115 0.141457 -0.066287 
0.888643 0.638955 -0.113937 -0.631264 -0.411064 0.095525 0.072069 -0.016306 -0.102663 -0.092901 -0.024431 -0.135133 0.219816 0.148725 -0.026290 
0.995829 0.665421 0.035986 -0.084555 -0.233936 -0.014492 -0.056071 -0.090575 -0.084472 -0.078941 -0.026521 -0.050455 0.027440 0.002933 0.023162 
0.273319 0.445805 -0.129554 -0.238259 -0.231739 -0.091454 -0.230694 0.000599 -0.024894 0.028549 0.152437 -0.015237 0.076842 0.032703 -0.027312 
