city011_058
BAKUROCHOO
92
-0.202088 0.049941 -0.033228 0.325057 -0.081183 -0.015842 -0.132582 -0.172329 0.006028 -0.083466 0.053902 -0.010457 -0.042415 -0.055965 0.122361 
0.387583 -0.209942 0.065166 0.172660 -0.319527 -0.036679 -0.039906 -0.378006 0.001744 0.075563 0.045933 -0.091036 0.174115 -0.075990 0.067822 
1.285552 -0.311783 0.329157 0.070645 0.045517 0.200910 -0.142664 -0.169445 -0.144920 0.076071 0.087590 -0.219290 0.112014 -0.103100 0.010317 
1.686264 -0.801603 0.308165 -0.516743 -0.014566 0.070552 -0.226331 -0.036542 -0.246374 0.287545 0.386588 -0.340168 0.198211 -0.120531 -0.030370 
1.495293 -0.941601 0.172255 -0.650852 -0.095669 0.090505 -0.165814 -0.000418 -0.107212 0.330843 0.366244 -0.381490 0.130063 -0.167851 -0.074172 
1.332250 -0.970408 0.080351 -0.718849 -0.064965 0.109632 -0.082084 -0.034939 -0.013672 0.333394 0.278866 -0.364724 0.028134 -0.153312 -0.088943 
1.316136 -1.030533 0.098290 -0.759599 -0.045916 0.094849 -0.024740 0.017989 -0.048390 0.308534 0.258000 -0.341803 -0.028203 -0.121369 -0.083898 
1.250587 -1.333293 0.142090 -0.768561 0.059494 0.031980 -0.011854 0.055803 -0.009752 0.234043 0.228405 -0.408215 0.033458 -0.115647 0.012590 
1.226483 -1.326185 0.157629 -0.758850 0.093635 0.101996 -0.012129 0.052233 -0.041214 0.275278 0.107076 -0.379843 0.028048 -0.065378 0.038953 
1.189097 -1.240835 0.203644 -0.683524 0.112772 0.023851 -0.006512 0.054358 -0.094090 0.375191 0.018616 -0.332651 0.063431 -0.099424 0.094621 
1.257346 -1.215291 0.183882 -0.553653 0.147326 -0.106784 -0.005171 0.056999 -0.082657 0.413320 -0.033813 -0.319279 0.098828 -0.094665 0.135601 
1.361168 -0.984514 0.044428 -0.335183 0.179655 -0.217150 -0.063055 0.003162 -0.127048 0.472056 -0.046840 -0.295801 0.178307 -0.079906 0.109610 
1.448769 -0.623187 -0.071308 -0.087229 0.233095 -0.262581 -0.135685 -0.130732 -0.115172 0.395373 -0.003969 -0.222723 0.136369 -0.058341 0.218651 
1.240263 -0.143202 -0.116235 0.090355 0.335802 -0.285457 -0.047401 -0.202640 -0.221679 0.430173 -0.078548 -0.268272 0.131599 -0.032260 0.231626 
0.550581 0.044657 -0.000325 0.061741 0.152214 0.112518 -0.040168 -0.128992 0.195645 0.185865 0.038493 -0.164327 0.086088 -0.009558 0.113506 
0.087729 -0.130887 -0.282495 -0.029510 -0.170012 -0.127690 -0.078164 -0.094458 0.161126 0.009213 0.133121 -0.079806 0.027424 -0.012996 0.020814 
-0.119147 -0.297281 -0.290086 -0.053829 -0.133284 -0.189591 -0.013663 -0.083818 0.078945 0.169044 0.175815 -0.256253 0.060290 0.045837 -0.022217 
-0.355408 -0.382817 -0.424659 0.018345 0.040077 0.081429 -0.012049 -0.154949 -0.039852 0.154427 0.117306 -0.173549 0.012614 -0.022737 0.065637 
-0.341328 -0.450793 -0.300859 -0.037946 0.037823 0.061168 -0.094280 -0.121980 0.020235 0.167666 0.051938 -0.166579 0.069730 -0.086636 0.125009 
-0.601294 -0.330139 -0.429248 -0.127337 -0.060041 0.065648 -0.029947 -0.128459 0.034153 0.187535 0.107069 -0.165709 -0.028961 -0.059125 0.117953 
0.698082 -0.864471 -0.408644 -0.233468 0.146376 0.138343 -0.132866 -0.138156 0.204625 0.000573 -0.067258 -0.046745 0.155875 -0.099814 0.000516 
0.988154 -0.721394 -0.445571 -0.101975 0.101062 -0.070117 -0.231676 -0.226515 0.204947 0.241159 -0.012945 -0.138579 0.131536 -0.080969 0.095206 
0.387237 -0.774922 -0.132041 -0.079491 0.141453 -0.122731 -0.156245 -0.093372 0.185392 0.030862 0.048295 -0.082128 0.007045 -0.034336 0.104182 
0.625226 -0.647863 0.043329 0.256048 0.072980 -0.158154 -0.254283 -0.082624 0.168354 -0.101759 0.101265 -0.119887 0.038422 0.024336 0.073219 
0.584137 -0.805065 0.176579 0.318548 0.235574 -0.013216 -0.162361 -0.098483 0.240495 -0.024116 0.051782 -0.121923 -0.042347 0.076215 0.171590 
1.287827 -0.504766 0.670855 0.089594 0.029351 0.016631 -0.331849 -0.144196 -0.109311 -0.009452 0.063740 -0.298583 0.100200 0.030666 0.063904 
1.448228 -0.791825 0.782902 -0.059167 0.047492 0.125632 -0.429925 -0.093959 -0.307333 0.083943 0.092286 -0.417620 0.190164 -0.048243 0.031094 
1.593503 -0.858014 0.815828 -0.103258 0.048081 0.117208 -0.451370 -0.089503 -0.287580 0.092528 0.127342 -0.426374 0.204826 -0.031328 0.040613 
1.590083 -0.850310 0.818712 -0.103417 0.066431 0.060080 -0.465607 -0.130447 -0.139879 0.062984 0.085816 -0.425271 0.248199 0.008171 0.030497 
1.552869 -0.839917 0.791666 -0.067090 0.010442 0.072181 -0.511626 -0.110901 -0.141848 0.093588 0.039787 -0.384027 0.247416 0.039774 0.006200 
1.589368 -0.907948 0.786412 -0.086871 0.011039 0.039387 -0.463751 -0.180056 -0.083556 0.061853 -0.008030 -0.323035 0.215637 0.069642 -0.032022 
1.542415 -0.962990 0.839742 -0.113092 0.027202 0.062592 -0.577310 -0.102847 -0.089214 0.017074 0.069422 -0.383705 0.257742 0.065729 -0.018119 
1.252367 -0.622550 0.162110 0.295799 0.326765 0.042794 -0.493678 -0.093969 0.144940 -0.131256 -0.042618 -0.162342 -0.014831 0.073904 0.003648 
1.334007 -0.998369 0.444419 0.177249 0.225117 0.048428 -0.709902 -0.036702 0.061669 -0.168988 0.010858 -0.237858 0.084773 0.034943 0.049238 
1.526630 -1.021623 0.671618 -0.173272 0.126120 0.040140 -0.598500 -0.089575 -0.020913 -0.007663 0.102216 -0.303712 0.219985 0.014187 0.071761 
1.550067 -0.923019 0.644812 -0.286019 0.017862 -0.076673 -0.445689 -0.178498 -0.165518 0.047142 0.154852 -0.138593 0.132689 0.082757 0.053851 
1.708538 -1.000984 0.498289 -0.342425 0.050169 -0.062028 -0.431523 -0.169965 -0.300351 0.013885 0.259068 -0.059635 0.170450 -0.092183 0.137808 
1.628811 -1.016613 0.449978 -0.415112 0.002580 -0.074229 -0.276195 -0.223629 -0.282840 -0.096894 0.232516 0.046211 0.217478 -0.068067 0.007201 
1.710529 -1.034137 0.405037 -0.408173 -0.129602 -0.030118 -0.149461 -0.198076 -0.277262 -0.189596 0.190267 0.094933 0.304330 -0.076260 -0.042445 
1.875843 -0.933616 0.359988 -0.461217 -0.194385 0.028291 -0.213972 -0.007113 -0.237955 -0.231637 0.104959 0.019417 0.415448 -0.075527 -0.001636 
1.899597 -0.850458 0.307600 -0.501736 -0.198956 0.008188 -0.139389 0.037291 -0.229567 -0.230663 0.048389 0.029950 0.427377 -0.089676 0.049302 
1.839185 -0.773738 0.256400 -0.506786 -0.185926 -0.028286 -0.072788 0.020168 -0.197463 -0.197721 -0.001044 0.062757 0.367580 -0.055746 0.041223 
1.715444 -0.780807 0.354303 -0.612805 -0.101386 -0.061677 -0.059054 -0.032350 -0.156533 -0.198594 -0.010048 0.052825 0.326690 0.007612 -0.005489 
1.577738 -0.788400 0.409705 -0.636919 -0.006752 -0.062015 -0.110695 -0.102412 -0.170591 -0.152408 0.023709 0.022747 0.360265 -0.050107 -0.016710 
1.466935 -0.835461 0.388574 -0.527861 0.104761 0.022317 -0.230517 -0.234080 -0.267824 -0.021792 0.063210 0.023820 0.295606 -0.110163 -0.086476 
1.521090 -0.773629 0.478417 -0.497720 0.188552 0.017135 -0.393485 -0.262286 -0.237438 0.170811 0.088111 -0.199791 0.323584 -0.180662 0.097611 
1.470616 -0.675969 0.483254 -0.342328 0.225336 -0.016431 -0.519548 -0.210331 -0.236662 0.211599 -0.003321 -0.174935 0.249862 -0.175330 0.273518 
1.099751 0.053674 0.269883 -0.214849 0.240791 -0.060977 -0.151418 -0.351012 -0.089679 0.206126 -0.206225 -0.040098 0.160263 -0.222299 0.226657 
0.253576 0.431263 0.150741 0.121411 0.087796 0.160182 0.063869 -0.369122 0.059062 -0.026450 -0.054191 -0.032451 -0.030499 -0.036567 -0.064819 
0.003427 0.155751 0.127436 0.010203 0.055454 0.174611 -0.152288 -0.068315 0.012600 0.051669 0.057218 -0.156193 0.100465 -0.018596 -0.027179 
-0.258227 -0.142962 -0.149744 0.096019 0.061697 0.225452 -0.109614 -0.152126 0.047076 -0.020530 0.115043 -0.063736 0.009229 -0.069967 0.043618 
-0.182870 -0.117180 -0.365771 -0.051262 -0.062073 0.046674 -0.066178 -0.026253 -0.035058 -0.043532 0.202919 -0.070234 -0.035844 0.019193 -0.028476 
-0.253479 -0.082825 -0.157509 -0.065701 -0.109206 0.088686 -0.132757 -0.052729 -0.145092 0.001067 0.208771 -0.019171 -0.038301 -0.060465 0.110512 
-0.235569 -0.578335 -0.004477 -0.162973 0.234958 -0.169784 0.065816 -0.001117 -0.098603 0.072149 0.056706 -0.057848 0.012727 -0.073394 0.144720 
-0.496680 -0.777543 0.210208 -0.340092 0.204356 -0.022350 0.071148 -0.017011 -0.080143 0.027538 0.066612 -0.086681 0.056737 -0.034227 0.041683 
-0.702839 -0.577868 0.282308 -0.487434 0.366631 -0.262966 0.198522 0.114601 -0.097727 -0.057404 -0.023737 0.041911 0.071714 -0.125838 0.121368 
-0.384731 -0.578875 0.403456 -0.620991 0.419771 -0.337049 0.190096 0.098088 -0.156516 0.102517 -0.066280 0.008746 0.039304 -0.066852 0.085901 
-0.932548 -0.616686 0.478036 -0.831765 0.312716 -0.507990 0.139671 0.377928 -0.123320 0.036456 0.067491 -0.106360 -0.027299 -0.057253 0.024148 
-0.275202 -0.695858 0.701528 -0.563034 0.451793 -0.122263 0.091747 0.413890 -0.142700 -0.112641 -0.009052 0.013149 0.198047 -0.154852 0.045058 
0.523499 -0.507505 0.980934 -0.483921 0.168689 -0.373341 -0.138493 0.404247 0.047985 -0.034266 0.079127 -0.001891 0.220132 -0.234729 -0.057356 
1.053314 -0.471328 0.940285 -0.227388 0.129229 -0.266853 -0.239022 0.183124 0.014066 -0.083205 -0.059246 -0.052553 0.358817 -0.264408 -0.022052 
1.319979 -0.615550 0.596717 0.200509 -0.038100 -0.075499 -0.317101 0.103687 0.128064 -0.115087 -0.006722 -0.116160 0.195178 0.007263 -0.151165 
1.415505 -0.826001 0.650544 -0.251601 -0.082159 -0.052141 -0.471704 -0.118362 -0.025477 0.024633 0.076063 -0.156432 0.223383 0.080324 -0.039707 
1.526007 -1.071355 0.694367 -0.496962 0.043472 -0.097943 -0.288532 -0.257010 -0.109021 -0.100336 0.151104 -0.062157 0.201844 0.033500 -0.016974 
1.519359 -0.828464 0.537164 -0.535051 -0.105765 0.142429 -0.214098 -0.253335 -0.136683 -0.050766 0.197535 -0.012876 0.101370 0.040931 -0.093753 
1.594099 -0.812483 0.421934 -0.675298 -0.090146 0.070896 -0.173633 -0.146930 -0.090599 -0.146284 0.174862 0.052191 0.153967 0.053815 -0.068869 
1.622587 -0.779227 0.336206 -0.680681 -0.162529 -0.012317 -0.138284 -0.080313 -0.155293 -0.104561 0.157274 0.027826 0.270870 0.064704 -0.070962 
1.583377 -0.716377 0.235229 -0.680950 -0.186393 -0.017803 -0.137281 -0.043669 -0.161368 -0.128092 0.100829 0.097416 0.310022 0.064217 -0.034315 
1.705561 -0.717670 0.212102 -0.691448 -0.152692 -0.163082 -0.097346 0.040321 -0.148980 -0.198260 0.103395 0.077652 0.330574 0.070272 0.041727 
1.623631 -0.676335 0.219833 -0.735537 -0.138686 -0.166112 -0.102333 0.088680 -0.196026 -0.191378 0.077325 0.117398 0.307600 0.101906 0.042718 
1.639773 -0.641739 0.238133 -0.794098 -0.136393 -0.143003 -0.093930 0.103493 -0.190501 -0.186007 0.085758 0.121887 0.271859 0.102590 0.055095 
1.575780 -0.564005 0.175249 -0.805107 -0.082587 -0.193191 -0.066833 0.054582 -0.153206 -0.173586 0.079362 0.078667 0.301907 0.126612 0.022368 
1.634602 -0.598577 0.210580 -0.761951 -0.153307 -0.217590 -0.052223 0.078434 -0.137000 -0.136702 0.047463 0.027885 0.310059 0.104082 0.035540 
1.718524 -0.690018 0.177862 -0.628764 -0.172261 -0.217055 -0.109148 0.160631 -0.207731 -0.137433 0.061966 0.053700 0.331895 0.041701 0.045875 
1.681943 -0.677406 0.180462 -0.631032 -0.184585 -0.207198 -0.115914 0.163130 -0.197634 -0.165412 0.088947 0.036063 0.345624 0.034075 0.056890 
1.866852 -0.792239 0.211978 -0.625540 -0.166503 -0.195463 -0.145979 0.150138 -0.151651 -0.225120 0.122140 0.008449 0.390870 0.000562 0.061244 
1.841884 -0.731974 0.186499 -0.545676 -0.260132 -0.136173 -0.186889 0.196586 -0.170412 -0.167859 0.085241 0.021607 0.346626 -0.014509 0.054541 
1.909165 -0.760781 0.213918 -0.555933 -0.308397 -0.105251 -0.204289 0.217018 -0.169633 -0.212672 0.102507 -0.034514 0.404564 -0.014268 0.074053 
1.840083 -0.681673 0.220139 -0.601564 -0.289424 -0.135236 -0.153106 0.209762 -0.166392 -0.194239 0.040252 -0.032283 0.395717 -0.006000 0.096101 
1.712028 -0.542015 0.206066 -0.669441 -0.309590 -0.114566 -0.142101 0.166897 -0.162829 -0.128153 -0.011602 -0.077248 0.387459 0.066803 0.066825 
1.707698 -0.455665 0.238889 -0.811765 -0.251693 -0.037032 -0.106762 0.112393 -0.144671 -0.140768 0.080125 -0.131060 0.365633 0.061061 0.073888 
1.697549 -0.228404 0.256904 -0.856167 -0.418416 0.126641 -0.101267 0.096333 -0.180407 -0.093388 0.136861 -0.212630 0.387709 0.098341 -0.002340 
1.761416 -0.176275 0.400877 -0.942676 -0.470183 0.254226 -0.146015 0.111621 -0.160977 -0.106027 0.166304 -0.224256 0.394535 0.102796 -0.046561 
1.794328 -0.223576 0.391555 -0.948727 -0.481809 0.233698 -0.151090 0.142987 -0.163196 -0.106915 0.138909 -0.246041 0.386635 0.114087 -0.027114 
1.703248 -0.234907 0.358483 -0.891315 -0.553206 0.279790 -0.184789 0.147921 -0.192408 -0.131493 0.138615 -0.251915 0.413071 0.148954 -0.012626 
1.654015 -0.196686 0.254554 -0.829330 -0.578763 0.262007 -0.221321 0.172599 -0.212107 -0.118116 0.158810 -0.305192 0.453387 0.141420 -0.017149 
1.481637 0.180239 0.265751 -0.919656 -0.509908 0.164834 -0.082154 0.071999 -0.167747 -0.123717 0.143641 -0.222343 0.418380 0.187770 -0.014672 
1.442603 0.531879 0.015157 -0.727273 -0.438870 -0.000154 0.002831 -0.001368 -0.154244 -0.089732 0.162350 -0.160357 0.333716 0.180866 -0.026340 
1.118914 0.365452 0.035328 -0.854282 -0.525121 0.075290 -0.037340 0.055400 -0.219482 -0.043531 0.102268 -0.200994 0.467276 0.177649 0.007871 
0.524154 0.390017 -0.230898 -0.493993 -0.603443 -0.082371 0.166796 -0.106528 -0.131567 -0.116330 0.064166 0.022024 0.275445 0.179030 0.182036 
0.257514 0.267334 -0.219236 -0.454549 -0.420396 -0.113592 0.113439 0.022458 -0.139766 -0.110212 0.205559 0.029302 0.090967 0.078769 0.145841 
-0.138367 0.213147 -0.018932 -0.172912 -0.211334 -0.180637 -0.147561 -0.169067 -0.144660 0.087437 0.194619 -0.037858 0.129517 0.039372 0.053755 
