city011_041
RUMOI
64
-0.258534 0.061332 0.134559 -0.168345 -0.255201 0.079478 -0.140885 -0.206616 0.152925 -0.058257 0.049134 0.042908 0.024054 -0.040965 0.061202 
0.802284 -0.353057 0.490906 0.002879 -0.295843 0.156530 -0.136503 0.013883 0.100141 -0.264307 0.067172 0.081851 -0.069496 -0.051684 0.110703 
1.021367 -0.524223 0.986217 0.315077 -0.133830 0.017455 -0.335427 -0.022671 -0.104862 -0.263713 -0.055258 -0.192322 -0.036065 0.038454 -0.122121 
1.152861 -0.803576 1.304956 0.053102 -0.184380 0.072999 -0.453232 0.140061 -0.278288 -0.189235 0.026525 -0.259105 0.087057 0.008694 -0.128331 
1.242992 -0.772675 1.258353 -0.041194 -0.112411 0.012239 -0.390699 0.098179 -0.303802 -0.105058 0.004805 -0.251129 0.102902 0.008978 -0.092148 
1.289054 -0.945134 1.234362 -0.055657 -0.063984 -0.026997 -0.335947 0.050157 -0.286503 -0.037834 -0.056767 -0.195494 0.089631 -0.002222 -0.043177 
1.309194 -1.015823 1.202982 -0.073411 -0.049299 -0.035055 -0.279870 -0.010658 -0.253716 -0.052445 -0.043030 -0.204170 0.103756 -0.016432 -0.052286 
1.156291 -0.947597 1.222809 -0.124805 -0.019956 -0.052834 -0.269525 -0.022275 -0.236791 -0.057574 -0.049593 -0.172440 0.078770 -0.005115 -0.044840 
1.208235 -0.980195 1.229004 -0.133426 -0.052125 -0.045469 -0.273923 -0.013734 -0.259441 -0.077780 -0.028911 -0.159628 0.064946 -0.015509 -0.017326 
1.269961 -1.001355 1.245334 -0.168902 -0.072644 -0.040764 -0.277605 -0.024165 -0.258107 -0.055808 -0.013544 -0.169062 0.096937 -0.028304 0.013093 
1.295511 -1.006475 1.195855 -0.207871 -0.066720 -0.012636 -0.281908 -0.040173 -0.285412 -0.040442 -0.052182 -0.130537 0.065904 -0.016728 0.008299 
1.327800 -0.928568 1.123701 -0.225572 0.006590 -0.048244 -0.293428 -0.083214 -0.297038 0.031754 -0.133482 -0.145934 0.102899 0.002137 -0.052471 
1.297691 -0.763143 0.969522 -0.179458 -0.000444 -0.092394 -0.220059 -0.101186 -0.313939 0.019930 -0.115002 -0.164928 0.132522 -0.027590 -0.070267 
1.375667 -0.767193 0.866852 -0.182324 0.046275 -0.104824 -0.156263 -0.126898 -0.363337 0.037201 -0.143726 -0.154834 0.155878 -0.086147 -0.058695 
1.469143 -0.714642 0.675895 -0.161743 -0.000277 -0.043833 -0.007746 -0.158605 -0.468516 0.019908 -0.145641 -0.120527 0.176398 -0.134444 -0.069124 
1.469541 -0.785070 0.808567 -0.028310 -0.372455 0.376858 -0.090309 -0.370720 -0.214731 -0.012745 -0.049376 -0.169959 0.129156 -0.072703 -0.107097 
1.246785 -0.848507 1.101830 0.156572 -0.421660 0.372865 -0.356402 -0.285110 -0.116879 0.009144 -0.161119 -0.213631 0.107964 -0.040275 -0.050695 
1.278579 -0.914619 1.130095 0.099407 -0.349554 0.347753 -0.346435 -0.325024 -0.069642 0.000688 -0.159540 -0.214577 0.100115 -0.032495 -0.054197 
1.165031 -0.821176 1.064096 0.117872 -0.339514 0.362778 -0.321566 -0.359397 -0.032264 -0.030320 -0.151770 -0.211116 0.088240 -0.039952 -0.067498 
1.209170 -0.841865 1.101341 0.051979 -0.403135 0.474912 -0.378827 -0.283810 -0.141381 0.000300 -0.128338 -0.215781 0.100395 -0.078146 -0.040029 
1.128157 -0.731807 1.177905 -0.045136 -0.348217 0.353934 -0.252778 -0.309143 -0.092134 -0.050966 -0.134378 -0.167477 0.082527 -0.072459 -0.050605 
1.207745 -0.676628 1.201879 -0.108145 -0.353564 0.350002 -0.257229 -0.228958 -0.155188 0.004600 -0.154393 -0.136293 0.102419 -0.112021 0.018228 
1.802344 -0.665130 0.639854 -0.554330 -0.238446 0.102038 -0.019562 0.038349 -0.182268 0.038029 -0.204002 -0.105595 0.212203 -0.047529 -0.005952 
1.774221 -0.911702 0.441463 -0.596910 -0.173019 0.143194 -0.076536 0.228084 -0.047321 -0.097035 -0.206951 -0.136337 0.281715 -0.022811 0.007041 
1.749892 -0.954392 0.430524 -0.650520 -0.218468 0.093520 -0.154598 0.242798 -0.064023 -0.035841 -0.121563 -0.150286 0.301918 -0.051527 -0.024115 
1.734481 -1.001959 0.354614 -0.704431 -0.179936 0.063411 -0.139654 0.198594 -0.078084 -0.029274 -0.120490 -0.101029 0.324498 -0.007827 -0.036613 
1.713170 -1.022705 0.359109 -0.726921 -0.162524 0.075054 -0.130438 0.246751 -0.126582 -0.045005 -0.137613 -0.073107 0.340128 -0.024170 -0.004941 
1.719079 -1.044235 0.386037 -0.758141 -0.151038 0.038937 -0.092058 0.257085 -0.128048 -0.039760 -0.166346 -0.065658 0.334179 -0.024188 0.018121 
1.634050 -0.946762 0.337279 -0.724053 -0.152082 0.034643 -0.051866 0.251120 -0.079125 -0.088240 -0.157865 -0.094621 0.324904 -0.020301 0.004440 
1.638740 -0.953230 0.381551 -0.736392 -0.177199 0.039293 -0.056049 0.245042 -0.053728 -0.098337 -0.163467 -0.122891 0.328882 -0.009103 -0.001086 
1.660099 -0.920094 0.379908 -0.699611 -0.224819 0.065781 -0.084472 0.280684 -0.052653 -0.073627 -0.152930 -0.160080 0.306083 -0.022107 -0.009688 
1.674013 -0.874305 0.343692 -0.728911 -0.225030 0.031025 -0.127968 0.249465 -0.017136 -0.045184 -0.128075 -0.175982 0.297459 0.021301 -0.071328 
1.711424 -0.975462 0.313614 -0.748692 -0.252967 0.074161 -0.139583 0.237300 -0.076485 -0.022995 -0.114976 -0.094653 0.322360 0.014973 -0.045605 
1.718096 -0.954828 0.276861 -0.696716 -0.298476 0.092684 -0.125095 0.188913 -0.131904 -0.069454 -0.064601 -0.069864 0.395931 0.013969 -0.030835 
1.791204 -0.934281 0.296740 -0.684778 -0.303713 0.036164 -0.157979 0.106192 -0.103721 -0.037224 -0.038291 -0.047368 0.361377 0.070266 -0.075482 
1.845389 -0.937993 0.273260 -0.605891 -0.338461 0.088929 -0.130755 0.056751 -0.231363 0.003204 0.022647 -0.024446 0.381271 0.035350 -0.070663 
1.744849 -0.962099 0.192983 -0.460939 -0.210837 0.123287 -0.194563 -0.134136 -0.306389 0.052930 0.172449 0.033198 0.308086 -0.019579 -0.157202 
1.708157 -0.783544 0.176360 -0.396592 -0.100633 0.115902 -0.322529 -0.210128 -0.281627 0.224616 0.270341 -0.136084 0.159526 0.039096 -0.119133 
1.591144 -0.752549 0.359424 -0.238463 -0.008117 -0.002671 -0.520384 -0.061389 -0.232916 0.246881 0.260662 -0.321498 0.135088 0.190560 0.018818 
1.450275 -0.939774 0.758724 -0.083223 -0.081792 -0.024513 -0.583613 0.066396 -0.162723 0.088458 0.020798 -0.311477 0.322545 0.095171 -0.125350 
1.159279 -1.023533 1.128121 0.015737 -0.346930 0.058779 -0.295895 0.052235 -0.492937 -0.040341 0.147456 -0.334374 0.131804 0.039523 -0.061871 
0.841130 -0.778230 1.479071 -0.026726 -0.439342 0.093311 -0.252268 0.003473 -0.410889 -0.092349 0.076864 -0.284690 0.085117 -0.019514 -0.007276 
0.718294 -0.652469 1.474708 -0.145637 -0.297010 0.235563 -0.312494 0.015744 -0.301656 -0.141020 0.026599 -0.218657 0.010509 -0.074367 0.056923 
0.597093 -0.498519 1.517613 -0.199631 -0.203243 0.248124 -0.372510 0.116710 -0.342301 -0.208587 0.090658 -0.249192 -0.081374 -0.034801 0.059690 
0.435926 -0.345802 1.543791 -0.161465 -0.266842 0.312648 -0.408568 0.126379 -0.323933 -0.232322 0.113684 -0.272533 -0.094015 0.005041 0.027261 
0.529590 -0.368005 1.509192 -0.255826 -0.169442 0.294124 -0.394382 0.118720 -0.296158 -0.251613 0.119438 -0.270658 -0.084299 -0.029885 0.049884 
0.439200 -0.342075 1.531568 -0.250150 -0.106375 0.218579 -0.298309 0.056295 -0.273538 -0.231540 0.094709 -0.262998 -0.110191 0.006696 0.020209 
0.348050 -0.266378 1.479544 -0.157327 -0.133756 0.268732 -0.397844 0.134168 -0.314464 -0.191326 0.040472 -0.259791 -0.064901 -0.049270 0.016630 
0.394765 -0.207220 1.461776 -0.209307 -0.157510 0.275046 -0.395682 0.136455 -0.325135 -0.199147 0.083763 -0.269790 -0.075092 -0.009848 0.024366 
0.312936 -0.195755 1.396298 -0.160984 -0.158820 0.259007 -0.389371 0.149136 -0.308254 -0.251607 0.134053 -0.272222 -0.094783 -0.018705 0.055186 
0.250186 -0.221025 1.452271 -0.136188 -0.188847 0.210728 -0.292057 0.037832 -0.260964 -0.249670 0.125675 -0.290098 -0.083746 0.016380 0.008931 
0.142334 -0.106126 1.344286 -0.007352 -0.222691 0.227974 -0.343686 0.129246 -0.320925 -0.216426 0.108274 -0.282407 -0.073905 -0.015881 0.030675 
0.010116 0.115213 1.218764 -0.023596 -0.220145 0.165324 -0.302457 0.091724 -0.257819 -0.182004 0.096647 -0.197651 -0.067095 0.041194 -0.002324 
0.070093 0.257507 0.813749 0.024719 -0.061951 0.310556 -0.168773 -0.066177 -0.216564 -0.178334 0.091625 -0.272771 -0.119332 0.051643 -0.060967 
-0.094004 0.298480 0.712348 -0.007929 0.081028 0.139710 -0.262328 -0.103304 -0.183197 -0.194998 0.012438 -0.234464 -0.085592 -0.021096 -0.016753 
0.009825 0.319914 0.771871 0.009468 -0.036302 0.302610 -0.306419 -0.073077 -0.154810 -0.165362 0.006420 -0.254071 -0.029071 -0.039426 -0.058805 
-0.114773 0.361540 0.365099 -0.097025 -0.036557 0.209675 -0.050319 -0.017803 -0.116000 -0.133400 0.154944 -0.109589 -0.046053 0.076225 -0.033233 
-0.049356 0.443004 0.439510 0.167221 -0.047710 0.132227 0.030161 -0.069634 -0.091008 -0.060386 0.028960 -0.066340 -0.066086 -0.014569 0.056536 
-0.013136 0.502462 0.797221 0.153923 -0.099968 0.159175 -0.140366 0.042154 -0.250955 -0.125899 0.026865 -0.205442 -0.112507 0.003139 -0.025659 
-0.214047 0.056275 0.533405 -0.097906 -0.020332 0.180155 -0.179027 -0.005062 -0.162629 -0.054966 0.151544 -0.152377 -0.033913 0.073009 -0.004824 
0.053582 0.421279 0.438248 0.166388 0.014679 0.106817 -0.044391 -0.136909 -0.123400 0.010880 -0.057443 -0.136504 -0.004005 -0.021941 -0.050599 
0.051626 0.452492 0.465836 0.222521 -0.148307 0.086278 -0.021373 -0.147498 -0.147961 -0.081520 -0.056639 -0.058126 -0.123004 -0.003639 0.062195 
-0.031178 0.314896 0.391595 0.213672 0.003354 0.154562 -0.004768 -0.123545 -0.062063 -0.035598 0.006575 -0.095298 -0.000501 -0.090364 0.062644 
-0.049935 0.244842 0.248595 0.198604 0.066269 0.049486 0.081459 -0.073801 -0.053194 0.010026 0.095085 -0.138558 0.056426 -0.024251 0.005712 
