city011_067
POPURA
59
0.096122 -0.577911 -0.080483 -0.048483 -0.081486 0.070615 -0.061251 0.040815 0.037275 -0.031794 0.068310 -0.111568 0.082505 -0.068334 0.092738 
1.027658 -0.747555 0.368216 -0.030110 0.044818 0.195412 -0.044748 0.153303 0.023896 -0.001609 0.067289 -0.119804 0.160443 -0.105213 0.106999 
1.543168 -0.049460 0.122845 -0.382587 -0.129382 0.027841 -0.161739 0.132486 -0.020476 -0.131451 -0.057547 -0.166857 0.153376 -0.017908 0.015373 
1.587298 -0.850725 0.325596 -0.678290 -0.045512 -0.207196 -0.124647 0.068832 -0.000394 -0.091102 -0.007388 -0.015660 0.319669 -0.011876 -0.062185 
1.470308 -1.144655 0.464348 -0.619048 0.014044 -0.266234 -0.199517 -0.010953 -0.092207 -0.003410 0.197927 0.157211 0.122558 -0.083275 0.038925 
1.438201 -1.164895 0.542757 -0.736485 -0.109790 -0.225284 -0.008660 0.016376 -0.233750 -0.090120 0.215346 0.210248 0.160687 -0.081045 0.077007 
1.533441 -1.263214 0.544354 -0.697347 -0.069118 -0.242712 -0.026791 -0.063618 -0.168913 -0.053770 0.197645 0.223580 0.147030 -0.089348 0.044020 
1.463024 -1.225442 0.435006 -0.535062 0.044872 -0.280631 -0.232175 -0.203741 0.027921 0.033967 0.165137 0.145172 0.166938 -0.038748 0.001895 
1.377478 -1.136257 0.403422 -0.511593 0.191558 -0.343541 -0.390818 -0.231935 0.050878 0.148780 0.104834 0.038990 0.273549 -0.037755 0.104310 
1.390507 -1.077589 0.452154 -0.528732 0.126013 -0.327285 -0.353032 -0.148482 0.017120 -0.019169 0.180448 0.106006 0.205831 -0.001718 0.020156 
1.599020 -0.894891 0.426597 -0.565612 0.062010 -0.407129 -0.196335 -0.002900 -0.102401 -0.076986 0.148677 0.040537 0.255266 0.047501 -0.072261 
1.939276 -0.445683 0.305425 -0.499514 0.076910 0.049318 -0.230649 -0.057777 -0.213613 -0.073185 -0.036506 -0.178067 0.316479 -0.106836 0.071074 
1.678328 0.345006 0.530839 -0.084212 -0.098879 0.140083 -0.229959 -0.010278 -0.052240 -0.203521 -0.030002 -0.223224 0.093410 -0.162103 0.025655 
0.829096 0.571962 0.350371 -0.365892 -0.136841 0.320321 -0.042540 0.053402 -0.025838 0.041079 0.085158 -0.162942 0.222205 -0.086424 -0.023446 
0.396814 0.310704 0.208562 -0.447517 -0.325684 0.067043 -0.042916 0.035258 0.056724 0.025398 0.091300 -0.163376 0.142222 -0.089742 -0.010828 
0.332623 0.259487 0.024986 -0.581331 -0.509342 0.125385 -0.011450 0.031665 -0.033162 0.019819 0.112248 -0.147613 0.172778 0.031569 -0.052899 
0.368035 0.069417 -0.035484 -0.529530 -0.332774 0.005295 -0.022351 0.025138 -0.087508 -0.100830 0.285040 -0.126085 0.186370 0.019552 0.007348 
0.376636 0.307572 0.018426 -0.359818 -0.251050 -0.014877 -0.214966 -0.034296 -0.082999 0.041040 0.205352 -0.124909 0.212788 -0.026882 -0.018953 
0.883778 -0.388826 0.018036 -0.246686 -0.224288 0.005653 -0.190995 -0.029282 -0.054040 0.041278 0.131418 -0.008165 0.124930 -0.107279 0.082976 
1.759710 -0.450235 0.341439 -0.042437 -0.013629 0.039644 -0.221756 -0.044284 0.029566 0.014023 -0.062751 0.030335 0.075822 -0.127341 0.157053 
1.946756 -0.482888 0.269476 -0.098821 0.020142 -0.131420 -0.119746 0.099814 0.009738 0.048023 0.024094 -0.073940 0.113798 -0.085554 0.074200 
1.857771 -0.592530 0.423420 -0.343413 -0.206583 -0.211939 -0.085759 0.018395 0.129473 0.086105 0.107891 -0.032932 0.109758 -0.162477 0.097781 
2.128519 -0.409909 0.189711 -0.287633 -0.267479 -0.090569 -0.147822 -0.085327 -0.071202 0.074126 0.070661 -0.043319 0.238004 -0.162654 0.165430 
2.049134 -0.386325 0.081198 -0.102472 -0.294965 -0.094266 -0.264139 0.059250 -0.061791 0.031981 0.050335 -0.078905 0.189089 -0.085409 0.110975 
2.026602 -0.034938 -0.110701 -0.287512 -0.201701 0.059857 -0.208652 -0.179873 -0.031217 -0.123008 -0.007558 -0.020986 0.181299 -0.034104 0.127332 
1.824443 -0.414734 0.387146 -0.301143 0.040250 0.068544 -0.228876 -0.072340 -0.343488 -0.122760 0.007777 -0.168158 0.260864 -0.157991 0.062390 
1.774974 -0.489298 0.330090 -0.327151 0.062098 0.051232 -0.163813 0.002218 -0.283742 -0.221826 0.050424 -0.200836 0.267749 -0.077652 0.004316 
1.843392 -0.457397 0.535167 -0.569094 -0.132512 0.290065 -0.272501 -0.092884 -0.366672 -0.126375 0.255875 -0.277535 0.345021 -0.049143 -0.071687 
1.868443 -0.461014 0.570183 -0.504335 -0.074240 0.392062 -0.228621 -0.196905 -0.382865 -0.238278 0.284292 -0.267897 0.274202 -0.066536 -0.126693 
1.775839 -0.506965 0.579695 -0.424339 -0.105090 0.349884 -0.248177 -0.219990 -0.403954 -0.144484 0.246786 -0.221584 0.224792 -0.076764 -0.084432 
1.757240 -0.635789 0.618101 -0.352337 -0.101590 0.327390 -0.335407 -0.254881 -0.421948 -0.081198 0.278925 -0.209429 0.156972 -0.098638 -0.000766 
1.625708 -0.706120 0.557169 -0.253763 -0.033038 0.205322 -0.263110 -0.336165 -0.355295 -0.065170 0.182464 -0.129515 0.072495 -0.133646 0.115157 
1.816892 -0.869952 0.516558 0.050557 -0.156517 0.163155 -0.363190 -0.292728 -0.230916 -0.070468 0.117857 -0.084977 -0.042969 -0.063823 0.282556 
1.802696 -1.012409 0.491486 0.123557 -0.082684 0.106866 -0.358825 -0.305165 -0.234622 -0.122682 0.240095 -0.136509 -0.158549 0.005115 0.275350 
1.829851 -1.151069 0.573131 0.168541 -0.082111 0.067056 -0.480482 -0.166556 -0.139554 -0.239440 0.280210 -0.246948 -0.056470 0.039728 0.260002 
1.566811 -1.210407 0.617028 0.211696 -0.079983 -0.043384 -0.425861 -0.223750 -0.118931 -0.051011 0.115863 -0.221141 0.008999 0.061125 0.265082 
1.623187 -1.423831 0.683832 0.206046 -0.286503 -0.014472 -0.398703 -0.274006 -0.079408 0.048023 0.154526 -0.315079 0.208350 0.084962 0.161741 
1.552903 -1.381663 0.847906 -0.005257 -0.279470 -0.076112 -0.424375 -0.271557 -0.036891 0.195450 0.060373 -0.241172 0.269033 0.121697 0.162780 
1.361373 -1.249053 0.639675 0.081609 -0.171352 -0.318039 -0.190028 -0.519645 0.112659 0.165272 -0.123241 -0.065847 0.222733 0.116872 0.180721 
1.580495 -1.439437 0.624668 0.014389 -0.397267 -0.046326 -0.344931 -0.384409 0.297921 0.131766 -0.035479 -0.017986 0.183534 0.064787 0.134420 
1.368917 -1.224878 0.461714 -0.189907 -0.196809 -0.261661 -0.264433 -0.384902 0.273031 0.251223 -0.038108 -0.021853 0.246703 0.049637 0.096141 
1.304562 -1.244184 0.390441 -0.285907 -0.073260 -0.284551 -0.243629 -0.239284 0.197333 0.280313 0.032989 -0.129198 0.195372 0.117445 -0.075348 
1.228298 -1.253114 0.253367 -0.465277 -0.023396 -0.236038 -0.210267 -0.053648 0.245771 0.276515 0.129085 -0.306541 0.135807 0.060025 -0.132101 
1.253080 -1.249032 0.183747 -0.595998 0.067540 -0.208494 -0.154263 -0.029180 0.233524 0.271358 0.133177 -0.386798 0.144429 0.018194 -0.129337 
1.276669 -1.302382 0.079992 -0.590187 0.019956 -0.093032 -0.108280 0.036204 0.166932 0.283842 0.072002 -0.388059 0.082969 0.021426 -0.127322 
1.326781 -1.262714 0.018644 -0.640532 0.045684 -0.109789 -0.064886 0.045631 0.143490 0.288658 0.082230 -0.398441 0.085749 -0.017259 -0.094047 
1.436257 -1.230265 -0.004974 -0.699699 0.056378 -0.059478 -0.030526 -0.010560 0.173330 0.265298 0.086982 -0.412280 0.092661 -0.063360 -0.013443 
1.475754 -1.191725 -0.041972 -0.686097 0.027085 -0.017599 -0.042067 -0.020891 0.162940 0.259168 0.104197 -0.422051 0.120709 -0.080228 -0.033293 
1.473321 -1.199643 -0.172044 -0.516084 -0.071683 0.035716 -0.068003 -0.006900 0.152607 0.251110 0.142834 -0.439393 0.120068 -0.100705 -0.029350 
1.348830 -1.268584 -0.121107 -0.614155 -0.037965 0.099733 -0.100138 0.023149 0.133958 0.249229 0.140726 -0.439363 0.111080 -0.136141 -0.008678 
1.442059 -1.330207 -0.083544 -0.595199 -0.093741 0.157007 -0.138667 0.070300 0.080082 0.316079 0.125823 -0.478932 0.138752 -0.202796 0.045089 
1.412359 -1.297006 -0.119147 -0.536304 -0.159093 0.216310 -0.192213 0.131206 0.003927 0.415366 0.075843 -0.467890 0.123588 -0.228481 0.038855 
1.312366 -1.232233 -0.052471 -0.594811 -0.136789 0.137115 -0.123336 0.121948 0.028961 0.386896 0.050906 -0.449505 0.173856 -0.282678 0.059919 
1.251239 -1.154166 -0.120941 -0.611030 -0.087097 0.138816 -0.077607 0.036828 0.051704 0.365949 0.081783 -0.451299 0.153504 -0.265816 0.068912 
1.266810 -1.022885 -0.296974 -0.413263 -0.171905 0.209556 -0.124559 0.028715 0.043902 0.335367 0.053867 -0.379017 0.124973 -0.197474 0.060113 
1.256097 -1.005155 -0.405469 -0.452430 -0.153975 0.147579 -0.057707 -0.017947 0.092279 0.336150 0.133871 -0.453863 0.137399 -0.257554 0.036943 
0.579398 -0.649554 -0.254899 -0.252645 -0.105485 0.191129 0.011419 -0.070101 0.101675 0.244010 -0.029535 -0.399854 0.183529 -0.091119 0.087789 
1.458122 -0.375672 -0.447852 -0.391288 -0.135250 0.261677 -0.121681 -0.006390 0.088372 0.319145 0.047034 -0.290239 0.042863 -0.280406 0.142097 
0.275265 -0.326239 -0.473616 -0.340852 -0.224942 0.033373 -0.059681 -0.027510 0.221741 0.315516 0.117399 -0.345142 -0.065762 -0.092259 -0.020823 
