city011_014
SENJU
60
-0.611387 -0.487280 0.046502 -0.019083 -0.086100 -0.110612 -0.067151 -0.013177 0.143736 -0.051894 0.030345 -0.003540 -0.002682 -0.039270 0.069597 
-0.427882 -0.587612 0.340309 -0.085870 -0.099538 0.114400 0.004523 0.095483 -0.025695 -0.109012 0.037426 0.057195 0.006015 -0.140110 0.180713 
0.098188 -0.575370 0.493637 -0.069504 -0.129676 -0.102021 0.060708 -0.047080 0.042467 -0.056061 0.022020 -0.000465 0.089850 -0.181397 0.158629 
0.467378 -0.371587 0.457757 -0.141983 -0.132543 -0.249392 -0.056162 -0.039473 -0.059768 0.047324 -0.090634 0.081970 0.196455 -0.259960 0.179964 
0.275958 -0.543195 0.287351 -0.180317 -0.030432 -0.054944 -0.136641 0.036242 -0.022184 0.052000 -0.056766 0.010126 0.152190 -0.218847 0.158278 
0.578037 -0.439820 0.371159 -0.077262 -0.278657 0.156105 0.092505 -0.016799 -0.073511 0.002947 -0.083445 0.043738 0.118259 -0.231166 0.226818 
1.252927 -0.610869 0.737405 0.096573 -0.271276 -0.101894 -0.179301 -0.097286 -0.070543 0.053832 -0.152288 0.042000 0.197984 -0.211660 0.180603 
1.380892 -0.968311 0.887836 -0.110977 -0.261706 -0.181095 -0.249242 -0.053441 -0.093415 0.098436 -0.062851 0.058294 0.218404 -0.164396 0.187470 
1.265224 -1.018602 0.880212 -0.116121 -0.213651 -0.158415 -0.216156 0.048284 -0.078067 0.083702 -0.023980 0.024850 0.184054 -0.197859 0.192842 
1.320807 -1.169011 0.879388 -0.167824 -0.154446 -0.187320 -0.193956 0.118418 0.000454 0.098709 -0.036684 0.028318 0.178974 -0.228193 0.174629 
1.266469 -1.165722 0.852729 -0.179961 -0.178289 -0.160075 -0.217252 0.136157 0.001084 0.124603 -0.071443 0.038209 0.178925 -0.211423 0.131022 
1.363580 -1.235289 0.904920 -0.236758 -0.142114 -0.165505 -0.198136 0.120473 0.031572 0.117399 -0.061479 0.004727 0.202491 -0.226179 0.140348 
1.369429 -1.223341 0.930213 -0.194916 -0.191032 -0.131014 -0.224722 0.139863 0.039437 0.118447 -0.025405 -0.031274 0.212366 -0.199110 0.107082 
1.373079 -1.227116 0.917608 -0.180388 -0.150821 -0.151076 -0.220512 0.111008 0.053632 0.066706 -0.013503 -0.027465 0.211457 -0.208858 0.132416 
1.393007 -1.222697 0.950875 -0.182276 -0.140115 -0.159944 -0.204487 0.106322 0.038010 0.052892 -0.001044 -0.013830 0.179934 -0.191999 0.146217 
1.446776 -1.187402 0.936734 -0.134206 -0.120120 -0.163247 -0.208135 0.089805 0.013588 0.031240 0.042504 -0.040424 0.171870 -0.178770 0.171510 
1.390168 -1.096405 0.933691 -0.111137 -0.136710 -0.114418 -0.219667 0.021504 -0.038369 0.052021 0.016957 -0.056630 0.149901 -0.102904 0.125446 
1.378520 -0.964642 0.851405 0.012808 -0.138191 -0.081714 -0.280491 0.007788 -0.092011 0.065203 -0.001553 -0.104644 0.165798 -0.061109 0.087770 
1.461730 -0.933355 0.772045 0.165734 -0.147066 -0.104540 -0.226691 -0.014689 -0.224313 0.033108 -0.012607 -0.183216 0.196849 -0.092353 0.032903 
1.421380 -0.812805 0.746399 0.301117 -0.195302 -0.121372 -0.090258 -0.186200 -0.194199 0.054994 -0.068081 -0.196554 0.171941 -0.098625 0.043467 
1.285368 -0.880130 1.020257 0.267715 -0.285363 0.126661 -0.258389 -0.271894 0.114175 -0.079406 -0.095418 -0.270445 0.300224 -0.134924 -0.007400 
1.046791 -0.773728 1.164630 0.272238 -0.281324 0.192393 -0.382807 -0.199587 0.164380 -0.135669 -0.192278 -0.198205 0.284976 -0.137706 -0.084930 
1.043590 -0.796144 1.166996 0.273174 -0.298652 0.197555 -0.388434 -0.179518 0.151095 -0.136263 -0.193253 -0.181070 0.282251 -0.148238 -0.077929 
1.070014 -0.779570 1.123878 0.296835 -0.320135 0.258254 -0.443138 -0.153092 0.145358 -0.129850 -0.203897 -0.176790 0.268807 -0.143400 -0.078272 
1.106442 -0.817839 1.165048 0.272776 -0.296544 0.264028 -0.448392 -0.156006 0.159479 -0.178277 -0.171823 -0.206571 0.267096 -0.150940 -0.082475 
1.095712 -0.827400 1.180514 0.257673 -0.256226 0.208586 -0.440433 -0.094564 0.105261 -0.188006 -0.173045 -0.166143 0.235114 -0.170086 -0.046956 
1.042198 -0.829005 1.143316 0.302485 -0.266603 0.188506 -0.407077 -0.074689 0.083656 -0.264831 -0.140644 -0.143376 0.185149 -0.203863 -0.019834 
0.990775 -0.748876 1.120105 0.320074 -0.236275 0.142717 -0.354221 -0.115401 0.133595 -0.274141 -0.138841 -0.133443 0.173871 -0.179978 -0.026852 
1.036490 -0.697749 1.081850 0.340483 -0.254339 0.177140 -0.383835 -0.128777 0.142402 -0.237361 -0.166478 -0.140192 0.189262 -0.170642 -0.033236 
1.093993 -0.702246 1.061785 0.332448 -0.247717 0.191982 -0.394371 -0.146120 0.156577 -0.257741 -0.175067 -0.144364 0.193382 -0.194935 -0.022629 
1.014924 -0.609868 0.994259 0.297305 -0.113402 0.113084 -0.342738 -0.159800 0.105010 -0.164972 -0.211148 -0.143435 0.147271 -0.156930 0.005560 
1.058380 -0.537470 0.998261 0.336565 -0.135854 0.154842 -0.365321 -0.206060 0.154547 -0.183488 -0.249369 -0.153125 0.151799 -0.164852 -0.002427 
1.022967 -0.441724 0.907741 0.370517 -0.108023 0.181516 -0.356529 -0.204766 0.129223 -0.154402 -0.241658 -0.182521 0.130263 -0.157530 -0.005477 
1.103405 -0.377394 0.835398 0.416324 -0.074648 0.201020 -0.317286 -0.257917 0.141976 -0.124606 -0.243838 -0.223176 0.120713 -0.172724 0.026197 
0.964693 -0.174860 0.718069 0.389091 0.030773 0.168124 -0.212924 -0.351164 0.216114 -0.150050 -0.202520 -0.225935 0.077980 -0.162529 0.034360 
0.754493 -0.024924 0.421971 0.517460 0.191068 0.089976 -0.117775 -0.201735 0.071092 -0.105833 -0.169522 -0.133598 -0.049429 -0.213152 0.121085 
0.581999 -0.304803 0.820772 0.162125 0.085540 -0.054010 -0.068175 0.011325 -0.137182 -0.114631 -0.115260 0.003010 0.022053 -0.317068 0.216835 
0.180257 -0.372355 1.098287 0.157021 0.024418 -0.095071 -0.073281 0.039271 -0.104492 -0.138869 -0.098452 0.006477 0.003137 -0.226723 0.136554 
0.100003 -0.450944 1.177851 0.066228 0.074328 -0.216528 -0.001723 0.027616 -0.096256 -0.112964 -0.131211 0.060333 0.060372 -0.300733 0.192276 
0.149676 -0.443530 1.159567 -0.197514 0.091594 -0.342883 0.009653 0.065833 -0.127750 -0.048674 -0.094124 0.121647 0.074953 -0.270837 0.205860 
0.508265 -0.739957 1.223029 -0.070394 -0.054951 -0.186537 -0.142896 -0.054596 -0.088485 -0.198768 -0.053652 0.012468 0.060482 -0.174503 0.101355 
0.649394 -0.839614 1.367130 -0.136141 -0.027845 -0.176783 -0.240750 0.066922 -0.183521 -0.142641 -0.080848 -0.031107 0.154462 -0.227989 0.089923 
1.119453 -1.039534 1.447516 -0.098220 -0.149251 -0.087769 -0.297167 0.081180 -0.136475 -0.199292 0.011268 -0.094954 0.212808 -0.229424 0.069573 
1.168809 -1.092715 1.299663 0.006178 -0.210511 0.051975 -0.373098 0.133073 -0.161818 -0.228605 0.065473 -0.154477 0.185692 -0.184012 -0.011094 
1.205854 -1.129485 1.317569 0.042620 -0.264097 0.024830 -0.380747 0.116383 -0.174943 -0.231455 0.064222 -0.158442 0.197301 -0.167858 -0.014995 
1.269341 -1.127395 1.277716 0.070642 -0.311853 -0.016153 -0.379847 0.131857 -0.186373 -0.219644 0.085043 -0.150847 0.225758 -0.161114 -0.018081 
1.301029 -1.119431 1.264892 0.069971 -0.312908 -0.083927 -0.357463 0.127829 -0.178420 -0.207522 0.102665 -0.140980 0.238041 -0.135730 -0.024494 
1.291819 -1.184627 1.270505 0.009333 -0.285900 -0.135856 -0.329735 0.101707 -0.168396 -0.211212 0.129212 -0.160328 0.256117 -0.112230 -0.036019 
1.267865 -1.145955 1.183559 0.015366 -0.229931 -0.243872 -0.286684 0.073168 -0.180363 -0.216161 0.128287 -0.155881 0.252283 -0.068970 -0.075738 
1.236522 -1.170984 1.082213 0.045526 -0.225070 -0.248120 -0.306958 0.079683 -0.198820 -0.215464 0.137754 -0.166618 0.249891 -0.031188 -0.111699 
1.387858 -1.181307 1.059107 0.051669 -0.209862 -0.262486 -0.335906 0.066181 -0.215951 -0.195280 0.143677 -0.219189 0.305238 -0.041717 -0.087557 
1.415157 -1.150260 0.957341 0.158484 -0.246625 -0.230890 -0.406573 0.037797 -0.118878 -0.214830 0.115077 -0.232526 0.342235 -0.007153 -0.108562 
1.409362 -1.167456 0.920036 0.157861 -0.217056 -0.224691 -0.496139 0.124883 -0.160253 -0.226532 0.143819 -0.260347 0.345105 0.035508 -0.140994 
1.484669 -1.070370 0.805170 0.132115 -0.162766 -0.259077 -0.496613 0.120335 -0.228721 -0.124865 0.133948 -0.324099 0.389378 0.061776 -0.144549 
1.356451 -0.793063 0.911389 0.008166 -0.101552 -0.233051 -0.611659 0.128456 -0.183401 -0.092860 0.160085 -0.408245 0.464842 0.131515 -0.210641 
1.307154 -0.385961 0.518804 0.180598 -0.020105 -0.373405 -0.504307 0.036633 -0.209601 -0.057329 -0.011786 -0.318840 0.441320 0.050822 -0.113630 
1.085995 -0.174894 0.362881 0.293866 -0.100375 -0.348740 -0.392618 -0.076394 -0.238619 -0.040620 0.039870 -0.358936 0.348442 0.135112 -0.086666 
0.136822 0.061028 0.436034 0.337964 -0.222714 -0.452777 -0.237094 -0.126171 -0.228771 -0.129758 -0.037336 -0.117363 0.269798 0.029222 -0.036122 
-0.069382 -0.100146 0.351177 0.354029 -0.256415 -0.258879 -0.369081 -0.213302 -0.056051 -0.086709 -0.166478 -0.033778 0.277658 -0.060036 0.095806 
-0.355417 -0.197322 0.274304 0.303493 -0.223832 -0.225756 -0.112205 -0.138565 0.106259 -0.009845 -0.101241 -0.047819 0.229314 -0.060773 -0.059968 
