city011_023
NUMABUKURO
95
-0.144999 0.180560 0.143098 0.236896 0.167284 0.234225 -0.007018 -0.080718 0.015688 0.096452 0.079163 -0.088979 0.032916 0.014804 -0.040353 
0.133026 0.376143 0.238324 0.323881 0.168478 0.140548 -0.033196 -0.148412 -0.039348 -0.000569 -0.009137 -0.130783 -0.042730 -0.011295 -0.077777 
0.675162 0.293138 0.692635 0.340523 -0.193055 0.162281 0.072290 -0.254798 -0.028153 -0.029864 -0.137983 -0.121430 -0.014454 -0.058422 -0.089225 
0.901171 -0.135737 0.763929 0.410669 -0.166309 0.254027 -0.153934 -0.314157 -0.096996 0.067289 -0.223521 -0.268653 0.018526 -0.028404 -0.157797 
1.056919 -0.406086 0.824078 0.404396 -0.132656 0.255204 -0.178468 -0.378521 -0.040528 0.085065 -0.225916 -0.296078 0.005294 0.008304 -0.117075 
1.183012 -0.455164 0.858275 0.319283 -0.147189 0.298875 -0.232109 -0.330098 -0.079104 0.068523 -0.172124 -0.308268 0.030736 -0.012198 -0.104135 
1.282045 -0.457405 0.923336 0.303407 -0.162845 0.145016 -0.214574 -0.271483 -0.053694 0.001609 -0.138676 -0.296619 0.112895 0.002886 -0.131811 
1.495868 -0.723502 0.798033 0.289898 -0.143936 -0.109223 -0.111559 -0.060619 -0.244998 -0.018522 -0.179962 -0.180682 0.156593 -0.134536 -0.082768 
1.539449 -0.861571 0.933758 0.266658 -0.183239 -0.192606 -0.136041 0.131565 -0.357776 -0.010856 -0.120221 -0.133498 0.171677 -0.157482 -0.051066 
1.480353 -0.885090 0.894417 0.252593 -0.150349 -0.175277 -0.174015 0.138876 -0.358493 -0.044284 -0.085490 -0.174081 0.185447 -0.136772 -0.081834 
1.533434 -0.946525 0.893948 0.166407 -0.093896 -0.129085 -0.204714 0.101989 -0.335538 -0.021683 -0.109136 -0.187290 0.190150 -0.115019 -0.102055 
1.624112 -0.914858 0.824754 0.145219 -0.159876 0.063789 -0.256533 0.010709 -0.316119 0.035472 -0.054850 -0.259463 0.188653 -0.075977 -0.092279 
1.628860 -0.818177 0.705926 0.125701 -0.287516 0.211251 -0.136872 -0.155989 -0.294238 0.046357 -0.002654 -0.252261 0.156849 -0.044622 -0.111668 
1.313844 -0.753650 0.918301 0.230075 -0.363850 0.282664 -0.080781 -0.317709 -0.130288 0.021614 -0.089569 -0.213998 0.076512 -0.046101 -0.074537 
1.165942 -0.754167 1.180413 0.234685 -0.364742 0.288096 -0.118596 -0.291503 -0.110920 -0.067437 -0.155524 -0.214347 0.020302 -0.073505 -0.105150 
1.164384 -0.750871 1.162069 0.216707 -0.327567 0.321353 -0.171139 -0.318060 -0.100417 -0.023638 -0.190114 -0.212792 0.007836 -0.036116 -0.127932 
1.163350 -0.860254 1.162036 0.155696 -0.284212 0.340081 -0.183749 -0.344411 -0.120314 -0.018604 -0.183723 -0.219921 0.012420 -0.065407 -0.108762 
1.184008 -0.924190 1.119251 0.183715 -0.267825 0.335977 -0.224179 -0.365721 -0.083698 -0.012738 -0.177084 -0.241929 0.040666 -0.074383 -0.077483 
1.241685 -1.004862 1.099276 0.099269 -0.231508 0.314174 -0.272054 -0.351900 -0.137667 0.039858 -0.201292 -0.208892 0.058786 -0.093367 -0.036055 
1.776402 -0.992558 0.553612 -0.249187 -0.151157 0.253219 -0.157461 -0.142082 -0.303889 0.089714 -0.056536 -0.103020 0.250423 -0.128913 -0.076291 
1.689718 -1.175487 0.512793 -0.548585 0.000942 0.192653 -0.199545 -0.057931 -0.387802 0.317873 0.053512 -0.122857 0.236498 -0.172784 -0.032119 
1.394907 -1.049426 0.319853 -0.609178 0.093789 0.096743 -0.153795 -0.079800 -0.169949 0.363495 0.088411 -0.208586 0.086181 -0.052477 -0.039993 
1.330325 -1.141759 0.259357 -0.726691 0.165840 0.103562 -0.133052 -0.084824 -0.085339 0.327090 0.145794 -0.284107 0.039064 -0.021977 -0.054805 
1.302175 -1.226044 0.210443 -0.752735 0.129485 0.122275 -0.060724 -0.032917 -0.032387 0.277981 0.104694 -0.304101 -0.008994 0.036413 -0.072973 
1.268017 -1.291460 0.133176 -0.765114 0.106098 0.149046 -0.050378 0.010820 -0.030211 0.269420 0.056570 -0.282864 -0.038236 0.055853 -0.051762 
1.308535 -1.319351 0.151213 -0.802962 0.120497 0.168641 -0.046629 -0.014245 -0.013489 0.251079 0.090775 -0.294219 -0.043142 0.036125 -0.053661 
1.332763 -1.294772 0.170978 -0.800690 0.129306 0.165361 -0.092691 -0.003831 -0.056528 0.292484 0.097173 -0.241785 -0.075415 0.020004 -0.049726 
1.345048 -1.232841 0.181501 -0.778046 0.089018 0.110847 -0.079335 -0.064916 -0.012323 0.293913 0.161441 -0.230238 -0.107587 0.016348 -0.067385 
1.383596 -1.178130 0.202808 -0.782971 0.030893 0.102472 -0.105981 -0.065222 -0.028364 0.332344 0.142987 -0.196823 -0.050942 -0.027168 -0.105587 
1.403550 -1.083948 0.256130 -0.837446 -0.014109 0.055861 -0.056138 -0.106346 -0.036268 0.299344 0.166313 -0.139816 0.037771 -0.089872 -0.156480 
1.416491 -1.065562 0.259807 -0.767895 -0.094968 0.011681 -0.068069 -0.108600 -0.144287 0.301047 0.171305 -0.001874 0.094458 -0.092369 -0.158842 
1.536499 -1.103585 0.325815 -0.692202 -0.107693 0.034029 -0.122590 -0.184615 -0.217858 0.219301 0.141351 0.112561 0.188548 -0.087299 -0.128457 
1.687481 -0.760377 0.357630 -0.695178 0.000025 0.300047 -0.251643 -0.181878 -0.338044 0.093450 0.117480 0.007479 0.217673 -0.089661 -0.143703 
1.739279 -0.469225 0.413899 -0.492755 0.125069 0.497826 -0.145225 -0.107502 -0.344479 -0.004832 0.112779 -0.190936 0.213422 -0.094350 -0.255728 
1.518770 -0.148300 0.396800 -0.288118 -0.048214 0.437364 -0.072760 -0.155731 -0.334198 -0.063268 0.035622 -0.155240 0.190794 -0.078037 -0.205629 
1.340110 -0.138400 0.326056 -0.292148 -0.009558 0.419250 -0.059675 -0.166956 -0.266104 0.050304 0.077934 -0.093728 0.156963 -0.096183 -0.181102 
1.404566 -0.142985 0.366438 -0.383101 -0.021252 0.408247 -0.123495 -0.215845 -0.248003 -0.046907 0.070173 -0.075277 0.148264 -0.080066 -0.180773 
1.638979 -0.067564 0.466968 -0.343328 0.008301 0.518076 -0.069905 -0.118146 -0.223831 -0.151968 0.056589 -0.151051 0.176383 -0.089740 -0.175576 
1.800834 -0.305607 0.559146 -0.492198 0.110652 0.298946 -0.180837 -0.181619 -0.358208 0.043950 0.022005 -0.038966 0.071587 -0.086963 -0.092621 
1.638676 -0.543058 0.389374 -0.574538 0.175205 0.138167 -0.221874 -0.216692 -0.533191 0.081655 0.060570 -0.048429 0.173996 -0.067575 -0.125795 
1.732329 -0.633153 0.481040 -0.629177 0.068768 0.248167 -0.314334 -0.267300 -0.477309 0.118417 0.131519 -0.047928 0.181565 -0.079890 -0.145605 
1.550036 -0.760142 0.510439 -0.486544 0.059876 0.189445 -0.289974 -0.320236 -0.384123 0.030915 0.105030 0.042180 0.094070 -0.107776 -0.020984 
1.579457 -0.922552 0.576837 -0.423874 0.067642 0.099502 -0.321634 -0.215717 -0.422438 0.029179 0.012938 0.070023 0.113458 -0.119698 0.046109 
1.588562 -0.789388 0.599540 -0.451630 -0.003072 0.083792 -0.307995 -0.166408 -0.354696 -0.014361 -0.021920 0.034691 0.137137 -0.032959 0.015303 
1.630174 -0.695482 0.614565 -0.537283 0.009350 0.159349 -0.294251 -0.188632 -0.379086 0.016596 -0.045789 0.038355 0.117930 -0.031487 0.006034 
1.570210 -0.500165 0.539493 -0.541050 0.022075 0.170330 -0.254126 -0.168204 -0.412123 0.023374 -0.002295 -0.050326 0.177102 -0.052300 -0.043546 
1.757467 -0.487349 0.590485 -0.566000 0.098211 0.207399 -0.270782 -0.098877 -0.481457 0.084554 -0.045803 -0.148671 0.209314 -0.098806 -0.070419 
1.562314 -0.176090 0.416025 -0.447469 0.143993 0.219806 -0.184170 -0.179098 -0.422282 0.057492 0.006575 -0.221250 0.208078 -0.133657 -0.121228 
1.298479 0.224458 0.079846 -0.268725 -0.045111 0.136303 0.022586 -0.331911 -0.366183 0.123593 -0.023511 -0.022793 0.199170 -0.122487 -0.102275 
0.805993 0.364584 0.268524 0.134821 0.230874 0.525452 0.109530 -0.161651 -0.107509 0.119317 0.119626 0.006442 0.022306 -0.102887 -0.103833 
0.167585 0.055385 0.027418 -0.028260 0.114534 0.371602 0.203378 0.013846 -0.080396 0.033882 0.062718 0.044288 0.103913 0.025895 -0.087967 
0.102162 -0.122913 -0.100456 -0.049060 -0.212592 0.198758 0.057739 -0.157503 -0.079802 0.057497 0.046299 -0.042882 0.040907 0.020217 -0.104852 
-0.000325 -0.090756 -0.014389 0.007634 -0.058730 0.310539 0.015785 -0.276676 -0.129235 0.189657 0.020808 -0.042853 0.017084 -0.048307 -0.089737 
-0.213375 -0.364295 -0.178697 0.001209 0.033016 0.176198 0.020659 -0.118005 -0.098493 0.103630 0.065632 -0.070017 -0.005447 0.040102 -0.091263 
-0.022847 -0.810006 -0.499644 0.152307 0.222318 -0.035175 -0.213416 0.024989 0.096827 -0.006825 0.055069 -0.115912 0.076241 -0.050949 0.014645 
-0.089168 -0.207501 -0.258896 -0.202312 -0.127015 0.264150 -0.065677 -0.163590 -0.114353 0.088946 0.125892 0.013567 -0.006541 -0.052076 -0.107980 
0.444627 -1.387820 -0.290343 0.156922 0.076663 -0.241979 0.017008 0.209234 -0.013385 0.065568 -0.146076 -0.023727 0.019643 -0.002273 0.094889 
0.534291 -1.112800 -0.302785 0.042876 0.170346 -0.158533 -0.132703 0.084670 0.110967 0.057330 -0.085456 -0.097685 0.087544 0.033369 -0.070171 
0.102422 -1.069202 0.073528 -0.044848 -0.075461 -0.303338 -0.077638 0.179018 0.164488 0.039868 -0.129931 -0.009829 0.111584 -0.044435 -0.186392 
0.152680 -1.136598 0.239448 0.213132 0.085888 -0.233571 -0.142637 0.117734 0.050075 -0.029214 -0.053243 0.041776 0.006399 -0.003722 -0.028507 
0.758315 -0.514207 0.776317 0.394951 0.017404 -0.114404 -0.113914 -0.004140 -0.092982 -0.098369 -0.106415 -0.053025 -0.062430 -0.022389 -0.015909 
1.094434 -0.641975 0.860326 0.217840 -0.003331 -0.126648 -0.330024 -0.007862 -0.209933 -0.084820 -0.084058 -0.286557 0.133363 0.045269 -0.162722 
1.302622 -0.840673 0.839760 0.197732 0.040144 -0.038657 -0.439039 0.073941 -0.237808 -0.008984 -0.092525 -0.336604 0.170300 0.052453 -0.158593 
1.457935 -1.016452 0.809889 0.249429 0.042196 0.020087 -0.521049 0.118842 -0.258945 -0.051399 -0.039633 -0.373579 0.146576 0.049848 -0.115808 
1.411289 -0.985641 0.838402 0.130180 0.135116 -0.032057 -0.470565 0.043226 -0.260989 -0.057692 -0.024400 -0.384724 0.092021 0.122798 -0.155232 
1.372601 -0.908742 0.779881 0.141500 0.088269 -0.035627 -0.459065 -0.016693 -0.202164 -0.086101 0.009717 -0.390556 0.091003 0.174697 -0.168177 
1.385763 -0.889559 0.863832 0.084427 0.000130 -0.068673 -0.449513 0.079804 -0.255783 -0.131067 0.038891 -0.330009 0.116376 0.148222 -0.186039 
1.346593 -0.880989 0.879479 0.039009 -0.056613 -0.071346 -0.426436 0.033222 -0.271830 -0.105668 0.056571 -0.286344 0.095619 0.157746 -0.128701 
1.343483 -0.932979 0.860147 0.035209 -0.088372 -0.090859 -0.431970 -0.014453 -0.234596 -0.144683 0.058589 -0.268771 0.118411 0.169194 -0.143858 
1.404217 -0.941431 0.875401 0.169829 -0.199000 -0.108067 -0.471613 -0.003162 -0.204911 -0.121481 -0.004603 -0.216180 0.142557 0.148821 -0.082130 
1.478078 -1.097589 0.959428 0.207967 -0.370036 0.037345 -0.404395 -0.191650 -0.039885 -0.155181 -0.059914 -0.051264 -0.018596 0.178938 -0.025506 
1.265491 -0.771404 0.266031 0.517121 -0.004322 -0.086393 -0.358610 -0.176715 0.085036 -0.125379 -0.132401 -0.087047 -0.008200 0.097098 -0.036634 
1.298398 -1.032172 0.496331 0.242105 0.073058 -0.074786 -0.547624 -0.056791 -0.130140 -0.158033 0.072411 -0.165985 -0.066519 0.144807 0.053805 
1.500071 -1.037127 0.568873 -0.136939 0.042317 0.007339 -0.621602 -0.050502 -0.294820 0.024783 0.143102 -0.151258 0.041458 0.120323 0.083249 
1.658409 -1.076042 0.546908 -0.396080 0.007093 0.158939 -0.532940 -0.150484 -0.289176 0.062184 0.214016 -0.056207 0.012259 0.085950 0.032023 
1.752840 -1.071657 0.342881 -0.423585 -0.194638 0.162446 -0.398827 -0.166184 -0.283516 -0.009567 0.363041 -0.052629 0.143332 0.151750 -0.152632 
1.711779 -1.066211 0.383448 -0.561463 -0.166945 0.104806 -0.297139 -0.099942 -0.304119 -0.055615 0.211320 0.069294 0.195508 0.185305 -0.209757 
1.703356 -0.814011 0.257644 -0.667118 -0.154428 0.106207 -0.175156 -0.074645 -0.294563 -0.030268 0.156343 0.076575 0.195289 0.162459 -0.177079 
1.685364 -0.679963 0.180127 -0.686553 -0.238299 0.044906 -0.134101 0.012931 -0.220316 -0.035791 0.123129 -0.014307 0.240903 0.200219 -0.159703 
1.642466 -0.669674 0.111482 -0.681349 -0.258713 -0.066952 -0.110803 0.075892 -0.169227 -0.076823 0.091432 -0.007894 0.297887 0.198025 -0.108645 
1.658914 -0.612175 0.094517 -0.760491 -0.238619 -0.041540 -0.109439 0.092042 -0.204422 -0.033820 0.062629 -0.000669 0.299292 0.199325 -0.085893 
1.638418 -0.543436 0.128637 -0.834897 -0.286248 -0.010182 -0.121192 0.123597 -0.215333 -0.011291 0.051524 -0.005396 0.313878 0.193136 -0.066993 
1.641526 -0.501786 0.188471 -0.896859 -0.338623 0.044087 -0.135827 0.128950 -0.210980 0.014177 0.069839 -0.072404 0.344110 0.177924 -0.089423 
1.664025 -0.497099 0.215806 -0.910382 -0.395584 0.091220 -0.149689 0.119353 -0.167580 -0.037174 0.135537 -0.118560 0.354873 0.186064 -0.104699 
1.602059 -0.358365 0.298741 -0.999775 -0.438772 0.186689 -0.164184 0.170026 -0.286052 0.049407 0.101579 -0.099985 0.400683 0.141951 -0.084350 
1.562361 -0.193451 0.237275 -0.977686 -0.425864 0.183478 -0.109197 0.061463 -0.209141 0.022289 0.142361 -0.089394 0.376377 0.140779 -0.160685 
1.677802 -0.027839 0.138482 -0.931545 -0.437749 0.184548 -0.049578 -0.021852 -0.142331 -0.009439 0.129605 -0.026466 0.366368 0.124710 -0.152250 
1.610579 -0.375781 0.211873 -0.936947 -0.390782 0.177293 -0.047264 0.102911 -0.215831 0.028307 0.069544 -0.097451 0.329911 0.126895 -0.114539 
1.238604 0.328790 -0.165129 -0.777582 -0.471019 0.173219 0.043607 -0.063488 -0.140095 0.003122 0.079035 0.004001 0.361153 0.132919 -0.161673 
1.850744 -0.050991 -0.200249 -0.515245 -0.568976 0.169337 0.060604 -0.048651 -0.106332 -0.012196 0.031288 0.030337 0.262840 0.119159 -0.103309 
0.814369 0.046083 -0.107005 -0.782560 -0.457115 0.039405 0.067344 -0.044308 -0.197271 0.023392 0.106337 0.075460 0.344204 0.164777 -0.081070 
0.661807 -0.104934 0.024500 -0.793746 -0.301354 0.106131 0.086935 -0.068312 -0.242850 0.103101 0.038403 -0.003596 0.363120 0.015588 -0.133690 
1.024433 0.477253 -0.146783 -0.620184 -0.314182 0.130572 0.060156 0.000898 -0.175260 -0.050023 0.046372 -0.107254 0.265171 0.103410 -0.099175 
0.303456 0.215339 -0.305923 -0.461989 -0.297466 -0.115943 0.072910 -0.050679 -0.210295 0.018840 0.211432 0.103415 0.085776 0.115631 -0.067076 
-0.204377 -0.006844 -0.109131 -0.096013 -0.260660 -0.056505 -0.030309 0.014515 -0.038844 0.052882 0.093024 -0.057263 0.038949 0.007795 -0.064987 
