city021_022
NIHONBASHI
85
0.301657 0.094664 0.092381 0.011694 -0.326953 0.209559 -0.086645 -0.081886 -0.009200 0.000470 -0.086849 0.093539 -0.013600 -0.006994 -0.008098 
0.789813 0.179247 0.449803 -0.095413 -0.329797 0.296009 -0.001613 -0.170602 -0.140814 0.006348 -0.366963 0.162705 -0.050833 -0.107594 0.120529 
0.916594 0.300816 0.433861 0.171960 -0.268225 0.270925 -0.283775 -0.086822 -0.050957 -0.118731 -0.205788 0.030019 -0.046029 -0.073283 -0.014602 
0.948095 -0.007979 0.609807 0.087295 -0.215943 0.240216 -0.162144 -0.024184 -0.096372 -0.227400 -0.310591 0.171149 -0.158792 -0.190754 0.129564 
1.082291 0.048950 0.705601 0.093693 -0.312570 0.230201 -0.189511 0.107737 -0.111168 -0.310508 -0.190444 0.092141 -0.228726 -0.124302 0.049060 
1.122753 0.058553 0.733686 0.062623 -0.302564 0.224338 -0.194418 0.161366 -0.155555 -0.308355 -0.198684 0.142142 -0.328398 -0.110912 0.116310 
1.330553 0.012908 0.762606 0.083408 -0.331943 0.164957 -0.158239 0.158239 -0.234584 -0.263910 -0.116641 0.056417 -0.332291 -0.033245 0.060768 
1.210508 -0.038396 0.937623 -0.230948 -0.084833 0.142490 -0.248739 0.297271 -0.348723 -0.228935 -0.150609 0.048494 -0.354193 0.034208 0.011897 
1.061291 0.046261 1.366734 -0.467993 -0.172485 0.245599 -0.405979 0.278970 -0.377333 -0.143679 -0.025388 -0.087010 -0.333842 0.185750 -0.059742 
1.029410 -0.149209 1.576931 -0.502719 -0.153187 0.251948 -0.462405 0.294367 -0.401812 -0.122027 -0.001352 -0.068365 -0.308079 0.195988 -0.070070 
1.098427 -0.332823 1.686265 -0.492602 -0.212850 0.255602 -0.442511 0.273961 -0.439524 -0.063006 -0.041061 -0.064656 -0.262909 0.144497 -0.039345 
1.075079 -0.430394 1.624119 -0.312857 -0.293355 0.181397 -0.291387 0.126658 -0.472992 0.065045 -0.126185 -0.068268 -0.169222 0.116007 -0.035924 
1.041438 -0.509176 1.536369 -0.020467 -0.318178 -0.030623 -0.138819 0.124153 -0.595729 0.119631 -0.043238 -0.157678 -0.123594 0.177829 -0.094750 
1.212808 -0.509707 1.086426 0.065419 -0.229799 -0.211664 0.046643 0.196156 -0.658644 0.226773 -0.050164 -0.151529 -0.080586 0.129131 -0.084987 
1.345403 -0.219945 0.563838 0.105279 -0.114987 -0.226598 -0.106895 0.191814 -0.462678 0.088186 -0.150573 -0.018042 -0.024731 0.014553 -0.055710 
1.250806 -0.445128 0.225139 0.308908 0.319174 0.056815 -0.163841 0.053834 -0.217625 0.177274 -0.237836 0.111269 -0.106571 -0.022744 -0.059509 
1.176171 -0.672224 0.029909 0.307467 0.537153 0.104686 -0.009418 0.141254 -0.326669 0.276986 -0.034107 0.185225 -0.053571 -0.073366 -0.134589 
1.129750 -0.781603 0.100032 -0.119926 0.087993 0.290500 0.138399 0.167143 -0.303556 0.171271 -0.132932 0.157993 -0.018135 0.062972 -0.019668 
1.338645 -0.524818 0.110720 -0.201373 0.091596 0.302948 -0.135557 0.117552 -0.198411 0.029283 -0.124974 0.172362 -0.042243 0.030685 -0.045119 
1.586970 -0.370072 0.145057 0.023858 0.210446 0.164414 -0.004562 0.172144 -0.341865 0.093456 -0.240587 0.183962 0.055722 -0.069237 -0.121894 
1.732239 -0.154986 0.292787 -0.166913 -0.002879 0.373812 -0.021313 0.100651 -0.392065 -0.033552 -0.196214 -0.042396 0.066346 0.032270 -0.122953 
1.847817 0.092817 0.160144 -0.304343 -0.097093 0.127260 0.065528 0.294556 -0.362463 0.094789 -0.242152 -0.082421 0.015501 0.071319 0.028476 
2.087548 0.166437 0.175700 -0.509982 -0.122058 -0.073183 0.096711 0.232950 -0.379671 0.257258 -0.171494 -0.086599 0.041529 0.035836 0.017620 
2.110380 -0.707100 0.112499 -0.586675 0.090583 -0.207578 -0.254932 0.430819 -0.201458 0.151854 -0.261867 0.062123 -0.001845 0.063655 0.032823 
2.188576 -0.531447 -0.084941 -0.402904 0.005070 -0.293446 -0.159860 0.293208 -0.170585 0.065950 -0.156840 -0.008747 0.027729 0.110509 0.003298 
2.132737 -0.556556 0.109764 -0.451159 -0.000808 -0.211274 -0.248017 0.267177 -0.156433 0.069266 -0.180582 0.003401 -0.028597 0.154173 -0.017476 
2.096129 -0.549516 0.172669 -0.393178 -0.055026 -0.211603 -0.278502 0.249277 -0.211623 0.135502 -0.105452 -0.094977 -0.016245 0.187551 -0.042825 
2.182386 -0.626544 0.387299 -0.337629 -0.147211 -0.155478 -0.343602 0.222685 -0.285317 0.297927 -0.168493 -0.038945 0.041628 0.123493 -0.050080 
2.019854 -0.483312 0.585053 -0.350260 -0.238980 -0.083003 -0.226219 0.020119 -0.200765 0.347926 -0.266878 0.148214 0.065621 -0.028978 0.014800 
1.879732 -0.156796 0.773793 -0.398577 -0.612154 0.120473 -0.107586 -0.088364 -0.130989 0.195157 -0.284314 0.068205 0.009718 -0.036004 0.032915 
1.682351 -0.375868 0.918763 -0.346061 -0.544479 0.348393 -0.112890 -0.008226 -0.239570 0.117000 -0.322594 0.049271 -0.039781 0.004730 0.049282 
1.398451 -0.328198 1.000818 -0.249063 -0.467623 0.354092 -0.000859 -0.014271 -0.296660 0.001850 -0.356423 -0.041643 -0.072734 -0.050624 0.071333 
1.465543 -0.389642 1.006993 -0.276355 -0.449537 0.329056 0.043965 -0.037513 -0.338018 0.035263 -0.417474 0.020654 -0.127105 0.003130 0.076946 
1.512592 -0.437366 1.042701 -0.276052 -0.479160 0.374920 -0.028479 -0.004857 -0.329118 0.018225 -0.380435 0.030101 -0.143507 0.020258 0.068898 
1.535672 -0.413466 0.992292 -0.263629 -0.490022 0.347601 -0.008269 0.011923 -0.318326 0.007658 -0.382032 0.018078 -0.133347 0.002914 0.089983 
1.579268 -0.414484 1.010158 -0.312818 -0.539367 0.408073 -0.011308 0.033594 -0.288814 -0.001808 -0.394165 -0.012028 -0.118016 0.013902 0.089806 
1.582467 -0.399156 1.014241 -0.334510 -0.543397 0.419607 0.018711 0.041831 -0.295927 0.010725 -0.424833 -0.013220 -0.139545 0.045469 0.084752 
1.595341 -0.371295 0.989228 -0.270082 -0.593849 0.395748 0.083450 0.019576 -0.288184 0.058725 -0.497176 -0.027832 -0.127547 -0.024592 0.127171 
1.562398 -0.334725 0.945787 -0.219350 -0.637249 0.373896 0.129039 0.006454 -0.272517 0.040992 -0.509706 -0.073002 -0.121927 -0.050459 0.138892 
1.569114 -0.317237 0.915267 -0.224776 -0.580178 0.373385 0.162280 -0.016942 -0.259267 0.014205 -0.518660 -0.078839 -0.112576 -0.025284 0.093026 
1.524786 -0.301406 0.816572 -0.097375 -0.610354 0.491765 0.166192 -0.062227 -0.287838 -0.045118 -0.474599 -0.101685 -0.051990 0.003412 0.039421 
1.511862 -0.261866 0.701693 0.006799 -0.609741 0.507017 0.208752 -0.073690 -0.268906 -0.070810 -0.435954 -0.133261 0.004372 -0.018991 0.028289 
1.545756 -0.031571 0.568799 0.030345 -0.708745 0.564167 0.175270 -0.080833 -0.211569 -0.084513 -0.362940 -0.244836 0.059509 0.006608 -0.027533 
1.175043 0.316616 0.487085 0.015213 -0.587187 0.395520 0.126183 -0.103063 -0.252569 -0.038333 -0.294744 -0.208307 -0.012127 0.044167 -0.099627 
0.962906 0.460658 0.274894 0.023411 -0.256537 0.501780 -0.024147 -0.101058 -0.182642 -0.285235 -0.184286 -0.048604 -0.117365 0.045501 -0.102992 
0.942822 0.540216 0.336333 -0.094803 -0.228153 0.478339 0.144365 -0.030372 -0.227876 -0.223903 -0.213391 -0.102639 -0.082571 0.152197 -0.154042 
0.846323 0.095261 0.359631 0.090736 0.075424 0.324498 -0.172827 0.113420 -0.270316 -0.234382 -0.104949 0.032797 -0.101910 -0.114627 -0.067790 
1.698962 -0.556429 0.282839 -0.349678 -0.006410 0.237122 -0.273802 -0.037475 -0.329411 0.181092 -0.005365 -0.008187 -0.011217 0.076105 -0.108172 
1.746115 -1.009019 0.377595 -0.529178 -0.035805 -0.186153 -0.150174 -0.004520 -0.219637 0.150353 0.060869 0.141343 -0.012093 0.113841 -0.055726 
1.644059 -0.862981 0.078478 -0.618047 -0.028041 -0.040343 -0.228875 -0.066673 -0.290458 0.393072 0.189829 0.039019 0.028547 0.014458 -0.094874 
1.580035 -1.105811 0.294936 -0.601778 -0.043886 -0.102972 -0.239303 -0.062978 -0.167845 0.237394 0.243777 0.181618 -0.152589 0.059249 -0.011954 
1.417149 -0.995793 0.336427 -0.707871 0.046395 -0.135547 -0.190393 -0.116000 -0.153065 0.329181 0.262197 0.065466 -0.128109 0.048936 -0.009593 
1.445469 -0.999322 0.387088 -0.675980 -0.016851 -0.102923 -0.232718 -0.127141 -0.101900 0.375619 0.225432 0.020733 -0.079232 0.037526 -0.012409 
1.469357 -0.928895 0.423623 -0.608185 0.012600 -0.128480 -0.301704 -0.168709 -0.066924 0.409719 0.150228 -0.021580 0.011974 0.049736 0.036123 
1.483700 -0.915451 0.475839 -0.548709 0.021175 -0.124509 -0.358728 -0.232257 -0.055787 0.443734 0.058524 -0.015980 0.057819 0.084878 0.075500 
1.538989 -0.829767 0.523320 -0.468640 0.013301 -0.131540 -0.431008 -0.170998 -0.185520 0.438727 -0.107543 0.040996 0.121163 0.118479 0.054688 
1.264503 -0.596505 0.450229 -0.259354 0.032409 -0.102007 -0.362690 -0.266185 -0.141431 0.217308 -0.151507 -0.003029 0.115749 0.114847 -0.027182 
0.465321 0.120259 0.486724 -0.322575 0.229189 -0.276358 -0.084530 -0.201925 -0.081698 0.113251 -0.112295 0.007011 0.038108 0.052917 -0.025121 
-0.426016 0.154220 0.354709 -0.230890 0.601584 -0.143691 0.007505 -0.104335 0.004545 0.064120 0.032976 -0.062708 -0.046964 0.044364 0.003341 
-0.388717 0.313214 0.270807 -0.542178 0.443690 -0.255531 0.120734 -0.302049 0.009649 0.074207 -0.075749 0.058604 -0.002855 -0.045299 0.042684 
-0.696320 0.086827 0.319189 -0.443958 0.423524 -0.280041 0.035373 -0.205145 0.047754 0.095281 -0.058340 -0.011257 0.006703 0.018645 0.011650 
-0.915640 0.076086 0.196121 -0.563491 0.511836 -0.274187 0.091215 0.055032 -0.072693 0.019566 0.003956 -0.001523 -0.005254 0.013336 -0.007228 
-1.049649 -0.124034 0.246429 -0.656239 0.577196 -0.258184 0.193797 -0.145017 0.004810 0.087332 -0.119914 0.115985 -0.064237 0.003867 0.023473 
-1.146061 -0.431296 0.452339 -0.775339 0.472378 -0.112929 0.125679 -0.065107 0.055082 -0.075908 -0.062325 0.160471 -0.121855 0.045822 0.020516 
-1.009376 -0.444347 0.586841 -0.798192 0.410701 -0.229513 0.126557 0.041800 -0.111111 0.125315 -0.106032 0.062458 -0.032535 0.000994 0.017941 
-0.771154 -0.622307 0.535680 -0.737157 0.345583 -0.153590 0.167244 -0.067943 -0.138585 0.271954 -0.215745 0.064965 0.043553 -0.061250 -0.011490 
-0.947934 -0.502285 0.612581 -0.866478 0.224756 -0.172023 0.053444 -0.051769 -0.020217 0.348865 -0.283713 0.052148 0.099226 -0.125382 -0.027416 
-0.169368 0.109374 1.065960 -0.478034 0.173549 -0.081998 0.002962 -0.029673 -0.220995 0.254062 -0.243305 0.031969 0.071415 -0.062455 -0.037107 
0.390893 -0.485729 1.202436 -0.048868 0.084275 -0.235898 -0.134230 0.004755 -0.319577 -0.045333 -0.316220 0.152367 -0.178701 -0.064126 -0.004492 
0.727563 -0.601470 1.308875 -0.064856 -0.127624 -0.084652 -0.223049 0.053840 -0.344460 -0.048257 -0.278754 0.175081 -0.169023 -0.093207 0.089362 
0.725847 -0.577755 1.378212 -0.170617 -0.134721 -0.062991 -0.261522 0.088579 -0.347841 -0.034582 -0.251477 0.209199 -0.195131 -0.080720 0.159244 
0.819082 -0.656228 1.463719 -0.167357 -0.200121 0.042845 -0.332471 0.151719 -0.391002 -0.005889 -0.188064 0.116331 -0.158507 -0.039416 0.114974 
0.752268 -0.556060 1.504287 -0.145132 -0.230612 0.067706 -0.294092 0.089284 -0.280838 -0.126864 -0.137805 0.148725 -0.241500 -0.015215 0.109823 
0.738903 -0.511110 1.560364 -0.227932 -0.149058 0.044262 -0.276517 0.147793 -0.375772 -0.034538 -0.185546 0.162021 -0.282433 -0.001136 0.125834 
0.640274 -0.483316 1.489969 -0.262235 -0.070032 0.029540 -0.220626 0.104178 -0.327764 -0.061332 -0.147712 0.104914 -0.245057 -0.024893 0.125380 
0.715799 -0.653558 1.557461 -0.114935 -0.169676 0.167335 -0.278698 0.121781 -0.340474 -0.046081 -0.144204 0.044792 -0.249553 0.002695 0.082154 
0.762720 -0.696628 1.635672 -0.034009 -0.197886 0.219568 -0.328766 0.207106 -0.373767 -0.068001 -0.156945 0.064888 -0.295026 -0.021500 0.081210 
0.672879 -0.553359 1.546095 0.040364 -0.181097 0.224905 -0.297587 0.173756 -0.355138 -0.111323 -0.150143 0.039508 -0.342980 -0.027489 0.075236 
0.723028 -0.456237 1.569992 0.051368 -0.233671 0.210137 -0.318300 0.188639 -0.366522 -0.126900 -0.143903 0.059615 -0.347145 -0.002897 0.042236 
0.734374 -0.326322 1.429460 0.042552 -0.301320 0.202056 -0.360049 0.172100 -0.382721 -0.152934 -0.074844 0.008324 -0.306415 0.044522 0.025352 
0.412298 -0.462225 1.533729 -0.000955 -0.209078 0.158082 -0.314183 0.176999 -0.436258 -0.051327 -0.153961 -0.002930 -0.267077 0.009895 0.039964 
0.122889 -0.217807 1.328416 0.036431 -0.184030 0.090525 -0.318030 0.162427 -0.460860 -0.147605 -0.090406 -0.048121 -0.292948 -0.013433 0.067479 
-0.001124 -0.162271 0.985350 0.089334 -0.221851 0.089693 -0.226071 0.010263 -0.324220 -0.054149 -0.080678 -0.043847 -0.159228 0.046832 0.017894 
-0.071441 -0.088112 1.174242 0.120795 -0.107497 0.120828 -0.124150 0.076144 -0.356416 0.023256 -0.159543 -0.023917 -0.224656 -0.000820 0.017082 
0.423963 0.273804 0.470600 0.553404 -0.239477 -0.076511 0.001771 -0.069039 -0.341818 -0.170647 -0.051794 -0.102946 -0.291023 0.065135 -0.038400 
