city021_086
RYAKUZU
60
0.161911 0.148651 0.266909 0.271954 -0.016775 0.348365 -0.070947 0.016883 -0.026520 0.037408 0.013441 0.023453 -0.018533 0.002234 -0.017817 
1.038810 0.618168 0.473786 0.299562 -0.116003 0.189174 -0.228454 0.025394 0.005363 -0.102102 -0.235086 0.017487 -0.052235 -0.133297 -0.008507 
1.234207 0.638900 0.657841 0.143521 -0.262322 0.300199 -0.245977 -0.086927 0.007860 -0.161335 -0.259694 -0.012165 -0.121415 -0.161071 0.006832 
1.248539 0.769371 0.578184 0.039340 -0.362739 0.227914 -0.252263 0.047313 -0.046768 -0.133522 -0.219677 -0.106851 -0.130525 -0.185802 -0.026563 
0.612323 -0.408281 0.864398 -0.005556 0.168207 0.016558 -0.442740 0.250883 -0.474918 -0.059215 0.007900 -0.156402 -0.177666 0.092757 -0.070410 
0.936874 -0.287440 1.302153 -0.058855 -0.184631 0.092581 -0.424423 0.161965 -0.337752 -0.140461 -0.144259 0.075588 -0.214711 0.018316 0.033888 
1.095567 -0.566787 1.420924 -0.073636 -0.249143 0.010554 -0.467544 0.106593 -0.287695 -0.175383 -0.182108 0.183628 -0.176449 0.020618 0.052417 
1.294087 -0.821313 1.347277 -0.153044 -0.301642 -0.060052 -0.444842 0.115834 -0.349810 -0.134802 -0.130106 0.170023 -0.113906 0.034145 0.065158 
1.248903 -0.924142 0.898854 -0.392116 -0.082867 -0.113354 -0.248233 -0.037878 -0.441643 -0.080520 -0.130644 0.259094 -0.069820 0.008752 0.117854 
1.238955 -0.884650 0.986896 -0.167839 -0.180188 -0.304174 -0.293143 0.028687 -0.247094 -0.093280 -0.028228 0.153326 0.008802 0.064261 0.017751 
1.314130 -1.094085 0.892701 -0.277325 -0.215871 -0.280727 -0.393948 0.155949 -0.124995 -0.029754 0.016435 0.197693 0.068758 0.070011 -0.061276 
1.350612 -1.033151 0.548910 -0.269518 -0.095172 -0.413533 -0.382546 0.085040 0.022558 0.076018 -0.054776 0.236830 0.109956 0.087826 -0.110450 
1.267040 -1.177025 0.525398 -0.245582 0.080642 -0.550771 -0.444629 0.263826 0.022702 0.099226 0.059565 0.121462 0.077705 0.016910 0.036866 
1.521261 -1.180298 0.373243 -0.353440 0.165154 -0.446009 -0.541638 0.327170 -0.034663 0.231874 0.039476 0.052086 0.044679 0.063192 0.010519 
1.550114 -1.105887 0.285217 -0.401452 0.244197 -0.420482 -0.494193 0.231698 -0.072308 0.325219 -0.018820 0.069218 -0.004306 0.072868 0.085483 
1.784342 -0.989821 0.110936 -0.262608 0.332311 -0.461662 -0.381127 0.149277 -0.327690 0.398891 -0.100643 0.102723 -0.107081 0.194881 0.173769 
1.841406 -0.806550 -0.072511 0.030142 0.274176 -0.419639 -0.227202 -0.078097 -0.467295 0.446470 -0.131489 0.098041 -0.146409 0.169777 0.198221 
1.315413 -0.287451 -0.168884 0.119912 0.194752 -0.161135 -0.302126 -0.154965 -0.298692 0.271844 -0.023821 0.053200 -0.216765 0.153660 0.124191 
0.934113 -0.009623 0.001732 0.434377 -0.112975 -0.007686 -0.357433 0.090729 -0.035974 -0.067106 -0.057213 -0.065964 0.073930 0.025185 -0.049003 
0.490773 -0.356671 -0.168156 0.334539 -0.194437 -0.131908 -0.478863 -0.087544 0.036619 0.041832 0.022372 -0.019321 0.069113 0.194831 -0.036070 
0.573022 -0.405095 -0.112153 0.371652 -0.221247 -0.153410 -0.313252 -0.019989 -0.036007 -0.034799 -0.014633 0.050400 0.086911 0.072366 -0.121278 
0.464292 -0.435034 -0.309181 0.242505 -0.350816 -0.309738 -0.193214 0.064923 0.019059 0.030170 0.146293 0.159237 -0.089657 0.122235 -0.096664 
0.286361 -0.492109 -0.280107 0.230318 -0.264674 -0.213548 -0.326420 0.110101 0.005378 0.113211 0.044374 0.094141 0.032094 -0.007880 0.007128 
0.260116 -0.422219 -0.229056 0.351646 -0.266167 -0.224272 -0.272269 0.101932 -0.143224 0.105762 0.146085 -0.040787 0.000227 0.107113 0.024960 
1.042163 -1.323187 -0.353991 -0.046172 0.449898 -0.073095 -0.261762 0.172861 -0.223050 0.229349 -0.047580 0.037958 -0.124008 0.098394 -0.044963 
1.089739 -1.152446 -0.244695 0.041100 0.505766 -0.399427 -0.291645 -0.013310 -0.129658 0.387387 -0.204163 0.107909 -0.162888 0.227023 -0.057995 
1.255249 -0.449280 0.436301 0.194325 0.289512 -0.212621 -0.182666 -0.089454 -0.288308 0.185555 -0.287914 -0.048218 -0.191533 0.239530 -0.146043 
1.535024 -0.630885 0.595332 0.142467 0.060791 -0.167315 -0.250521 0.060833 -0.401988 0.056481 -0.124769 -0.058574 -0.170562 0.214445 -0.066187 
1.597518 -0.894107 0.786244 0.058612 0.098704 -0.132815 -0.399961 0.121209 -0.438691 0.191394 -0.176895 -0.122810 -0.060816 0.194470 -0.028610 
1.501934 -0.866383 0.925218 0.038197 0.114642 -0.138646 -0.413139 0.142545 -0.447076 0.194062 -0.219167 -0.160137 -0.007395 0.168333 -0.074772 
1.386525 -0.819637 0.922577 0.031133 0.180871 -0.214380 -0.366726 0.144064 -0.444990 0.206719 -0.258160 -0.155546 0.015377 0.146815 -0.092073 
1.191483 -0.699018 0.824566 0.117055 0.255605 -0.225179 -0.288545 0.070806 -0.358737 0.177653 -0.299328 -0.134917 -0.062138 0.193736 -0.160054 
0.917317 -0.337012 0.635427 0.111492 0.356700 -0.301992 -0.131214 -0.114666 -0.223386 0.192616 -0.266687 -0.161937 -0.059375 0.211541 -0.161620 
0.866890 -0.111657 0.384162 0.140475 0.269215 -0.251020 -0.039137 -0.220436 -0.135563 0.176911 -0.175845 -0.109689 -0.109074 0.267258 -0.181324 
0.615397 -0.033823 0.352156 0.282269 0.410749 -0.295486 -0.047212 -0.190558 -0.126865 0.155633 -0.262722 -0.109619 -0.140379 0.190658 -0.130758 
0.430047 0.050284 0.394881 0.273495 0.463196 -0.139926 0.001791 -0.273327 -0.128244 0.237538 -0.238809 -0.143875 -0.233103 0.226570 -0.147146 
0.170286 0.174895 0.359551 0.195959 0.530701 -0.220882 0.046394 -0.271164 -0.120927 0.164254 -0.140138 -0.186364 -0.153669 0.099893 -0.027066 
0.071171 0.144928 0.430274 0.104132 0.347736 -0.091138 0.111407 -0.409670 -0.080573 0.118301 -0.119991 -0.157763 -0.096687 0.042513 -0.107851 
-0.021582 -0.067300 0.535786 0.120874 0.348087 -0.373483 0.242272 -0.301879 -0.158149 0.143104 -0.127022 -0.114950 -0.046935 -0.000654 0.080600 
0.071931 0.097928 0.495145 -0.028871 0.615076 -0.355083 0.011525 -0.301091 -0.088745 0.108835 -0.218253 -0.118762 -0.115033 0.049206 0.012758 
0.524904 -0.116456 0.453178 0.088647 0.395294 -0.242187 0.009127 -0.434929 -0.090481 0.085881 -0.157760 -0.190080 -0.117872 0.111604 -0.074050 
0.974751 -0.341830 0.511366 0.054969 0.306542 -0.165643 -0.129002 -0.310058 -0.196935 0.181486 -0.203276 -0.124704 -0.194069 0.244855 -0.083589 
1.186087 -0.471150 0.583913 0.028311 0.264872 -0.083437 -0.263022 -0.253231 -0.208233 0.191791 -0.205056 -0.226022 -0.065424 0.187433 -0.078784 
1.383357 -0.593730 0.714165 -0.048547 0.274309 -0.049180 -0.368485 -0.158792 -0.311581 0.288995 -0.319692 -0.173734 -0.098954 0.210304 -0.054799 
1.428543 -0.622523 0.811640 -0.082247 0.246827 -0.049048 -0.429184 -0.115774 -0.314547 0.301113 -0.310293 -0.200028 -0.033467 0.199350 -0.043241 
1.510377 -0.642233 0.811579 -0.128891 0.258453 -0.061074 -0.431076 -0.079808 -0.339858 0.343314 -0.320325 -0.175505 -0.030428 0.201999 -0.037870 
1.513762 -0.732481 0.888605 -0.117581 0.206093 -0.012366 -0.497933 -0.052826 -0.320137 0.303879 -0.268314 -0.218895 0.005996 0.210575 -0.054064 
1.527096 -0.788551 0.908937 -0.162385 0.236910 -0.036499 -0.499907 -0.030485 -0.337858 0.321843 -0.301224 -0.206854 0.022998 0.194261 -0.065095 
1.582660 -0.732484 0.855445 -0.120072 0.190144 -0.029542 -0.508115 -0.051532 -0.311658 0.302213 -0.309853 -0.197057 0.029784 0.205922 -0.099223 
1.628797 -0.667944 0.793061 -0.149079 0.210842 -0.070915 -0.492166 -0.036547 -0.335265 0.308058 -0.362743 -0.173676 0.042216 0.202182 -0.143217 
1.622163 -0.571138 0.722187 -0.054320 0.096600 -0.094232 -0.407315 -0.066857 -0.364633 0.268736 -0.355434 -0.131088 0.058162 0.139650 -0.133445 
1.598508 -0.471611 0.816797 -0.025901 0.035267 -0.129924 -0.439321 -0.025027 -0.378057 0.240104 -0.356949 -0.086224 0.107050 0.093430 -0.107331 
1.523565 -0.330438 0.719735 0.001930 0.001307 -0.171193 -0.409248 -0.020435 -0.386551 0.186293 -0.292395 -0.091520 0.098910 0.115628 -0.114193 
1.453137 -0.377091 0.697191 0.049756 -0.014410 -0.169021 -0.402941 -0.098564 -0.352480 0.190922 -0.376098 -0.061205 0.098427 0.111647 -0.132173 
1.427437 -0.284520 0.686602 0.182473 0.073934 -0.216764 -0.415586 -0.108045 -0.284279 0.227577 -0.436226 -0.148254 0.157159 0.134643 -0.197321 
1.408074 -0.142070 0.549732 0.166248 0.064605 -0.222314 -0.487192 -0.073950 -0.266262 0.239975 -0.420306 -0.173748 0.241490 0.126993 -0.205820 
1.469966 0.253318 0.374227 0.117678 0.039692 -0.242892 -0.535025 -0.081605 -0.263848 0.218775 -0.360707 -0.241702 0.370099 0.011932 -0.127050 
0.825944 0.167695 0.409692 0.219050 0.063148 -0.286873 -0.374051 -0.104701 -0.213668 0.175148 -0.339123 -0.064019 0.152859 0.122506 -0.111706 
0.943136 0.062415 0.530525 0.177473 0.112275 -0.371432 -0.340228 -0.134757 -0.295263 0.310334 -0.515056 -0.038696 0.220183 0.082432 -0.146746 
0.366997 0.090564 0.239201 0.278849 -0.158205 -0.099634 -0.526878 -0.259863 -0.040737 0.066677 -0.249627 -0.124107 0.214496 0.173065 -0.096562 
