city021_043
ROPPONGI
77
0.329878 0.412447 0.317496 0.306690 -0.067019 0.164406 0.050268 -0.114840 -0.153338 -0.019281 -0.053165 -0.137268 0.010183 -0.037067 -0.106451 
0.891770 0.529247 0.501604 0.395114 -0.012473 0.153735 -0.217557 -0.180464 -0.015361 -0.009146 -0.197214 -0.176696 0.062716 -0.038253 -0.123973 
1.071052 0.197986 0.589833 0.450474 -0.093550 0.240877 -0.224282 -0.236950 -0.046902 -0.002126 -0.275238 -0.183453 -0.039949 -0.042917 -0.101722 
1.706386 -0.993864 -0.030749 0.590041 -0.080935 -0.159309 -0.235235 0.041841 -0.144633 -0.176488 -0.059634 0.123738 -0.030242 -0.030685 -0.018057 
1.994441 -0.805881 0.356434 0.332148 -0.316139 0.159253 -0.474172 -0.171745 -0.136217 -0.117276 0.013782 -0.042269 -0.096945 0.170573 -0.009299 
1.987337 -0.668693 0.475083 -0.117984 -0.267183 0.403037 -0.463316 -0.185339 -0.307761 0.007128 0.280004 -0.106476 -0.160094 0.255272 -0.103135 
1.911447 -0.417987 0.559906 -0.453040 -0.198025 0.221350 -0.370026 -0.031978 -0.447186 0.065652 0.210316 -0.019575 -0.012494 0.261692 -0.165920 
1.899698 -0.378392 0.510754 -0.582317 -0.212400 0.230684 -0.291504 0.012016 -0.561697 0.096152 0.178769 0.063907 0.070063 0.201138 -0.108626 
1.918149 -0.439044 0.399321 -0.648189 -0.196963 0.063131 -0.215368 0.055133 -0.480451 0.055434 0.030552 0.083124 0.045112 0.269221 -0.058812 
1.982597 -0.578235 0.390024 -0.553153 -0.227848 -0.094499 -0.343962 0.188756 -0.259229 0.007525 -0.110606 0.032177 0.052160 0.229425 -0.037797 
1.869879 -0.277725 0.408278 -0.633002 -0.185501 -0.117236 -0.384558 0.204479 -0.167547 -0.016414 -0.112533 0.056143 -0.007445 0.138036 0.030660 
2.166916 -0.009092 0.482173 -0.606190 -0.433428 0.035183 -0.253768 0.180150 -0.236469 0.040244 -0.051735 -0.136297 -0.081969 0.192058 -0.092984 
2.048897 -0.141925 0.213740 -0.270839 -0.051546 0.209900 -0.116293 0.000367 -0.346696 0.042785 -0.068711 -0.081392 -0.010499 0.095227 -0.095301 
1.308184 0.632621 0.164885 0.145754 -0.012289 0.073611 0.009246 0.058219 0.059123 0.092624 -0.083286 -0.073032 0.027908 0.051026 -0.143464 
0.851183 0.297651 0.010715 0.139290 -0.044138 0.111932 0.035047 -0.013509 0.058365 0.039888 -0.021074 0.024865 -0.030496 0.076905 -0.066252 
0.458297 -0.001830 -0.082802 0.051670 -0.266337 -0.008051 0.011126 -0.038307 -0.039194 -0.059539 -0.002487 0.044680 0.006507 0.051849 -0.077196 
0.349921 -0.050116 0.056323 0.082650 -0.220473 0.097171 -0.136379 -0.063911 -0.057310 -0.037699 -0.004595 0.063064 -0.035650 0.035320 -0.005238 
0.287684 -0.070492 -0.015288 0.086593 -0.216711 -0.035355 -0.121915 -0.103429 -0.057896 0.086478 -0.039847 0.038629 0.040957 -0.006766 0.035673 
0.132147 -0.090777 -0.058233 0.069492 -0.040397 -0.154587 -0.375593 -0.036560 0.081883 0.002160 -0.073645 0.071445 0.092723 0.037002 -0.026714 
0.212883 -0.138939 -0.163012 0.165465 0.003308 -0.080140 -0.334811 -0.155123 0.072989 -0.101005 -0.018890 0.109807 0.025941 -0.013955 0.024462 
0.198932 -0.099532 -0.089744 0.083472 -0.231771 -0.174902 -0.255361 -0.082333 -0.096046 0.075655 0.078890 0.040745 0.085416 0.056967 0.021583 
0.121086 -0.185232 0.006075 0.216051 -0.251306 -0.047155 -0.302924 -0.115842 -0.038841 0.103044 0.002441 -0.066953 0.121216 0.061971 0.002962 
-0.065847 -0.171732 0.024906 0.055113 -0.232898 -0.072205 -0.285646 -0.205438 -0.060972 0.103341 0.106946 -0.023479 0.079945 0.082589 0.017849 
0.140610 -0.141299 -0.160202 -0.034865 -0.061994 0.032654 -0.222216 -0.013332 0.074030 -0.049417 0.037289 0.054411 -0.062387 0.081071 -0.041560 
-0.092543 -0.072548 -0.056336 0.028825 -0.086054 -0.047795 -0.232537 -0.089351 -0.071979 0.068429 0.084110 -0.033421 0.005563 0.073488 -0.004488 
0.012409 -0.230044 -0.340695 0.103006 -0.062578 -0.077880 -0.063876 0.003099 0.017543 -0.000290 0.012365 0.038259 -0.017507 0.025731 -0.044574 
-0.036163 -0.193322 -0.129871 -0.098929 -0.222576 -0.010778 -0.230839 -0.093946 -0.010015 0.057242 0.142505 0.090090 -0.042445 0.001318 0.060065 
-0.146563 -0.237877 -0.038354 -0.054890 -0.186977 0.095111 -0.096991 -0.116588 -0.004440 0.099942 0.006589 -0.019400 0.048040 -0.004759 -0.038329 
-0.042686 -0.105845 -0.084550 0.067831 -0.235633 -0.044130 -0.127517 -0.056720 -0.067156 0.065609 0.017038 0.053051 0.042608 -0.056575 0.059629 
-0.239271 -0.181233 -0.055507 0.155512 0.021146 0.061405 -0.051954 0.015648 -0.085870 0.082075 -0.029295 0.009488 -0.001649 0.025155 -0.039937 
0.009898 -0.091199 0.052962 0.049120 -0.110823 0.160240 -0.059811 0.035237 -0.067073 -0.001871 -0.001165 0.018429 0.017571 -0.019235 -0.000977 
0.375880 -0.070236 0.099867 0.026787 -0.223431 0.138803 -0.079719 0.059588 0.008625 0.029073 0.002117 -0.080018 0.069826 0.030240 -0.094324 
1.006767 -0.034677 0.398265 -0.027528 -0.238276 0.198728 -0.038377 0.102087 -0.103039 -0.005363 -0.000919 -0.085357 0.033867 0.032251 -0.045643 
1.226674 -0.418468 0.186761 0.006171 -0.069018 0.437276 -0.205797 -0.025941 -0.249156 0.043467 0.139846 -0.111992 0.020446 0.007695 -0.107124 
1.959478 -0.305869 0.241267 -0.352170 -0.033430 -0.104402 -0.303474 0.209201 -0.088355 0.009304 -0.152227 0.123247 -0.119014 0.110772 0.015758 
2.076218 -0.440849 0.446613 -0.644412 -0.300284 -0.111967 -0.399177 0.254980 -0.022919 0.012788 -0.147215 0.057775 -0.093284 0.132079 -0.012614 
2.023717 -0.575799 0.371967 -0.625970 -0.198650 -0.159464 -0.318745 0.210701 -0.093354 0.032765 -0.162230 0.014754 -0.025977 0.222477 -0.059718 
2.017231 -0.601277 0.423439 -0.646613 -0.360013 -0.051309 -0.323219 0.272122 -0.116561 0.086149 -0.109427 -0.066785 0.008757 0.166591 -0.063201 
2.034274 -0.648223 0.409137 -0.539801 -0.471843 -0.102202 -0.368063 0.235124 -0.038483 0.150209 -0.114263 -0.053550 0.090093 0.083496 -0.087344 
2.011491 -0.535460 0.440995 -0.603018 -0.491505 -0.044742 -0.293386 0.243309 -0.123105 0.153108 -0.053537 -0.083097 0.040256 0.109880 -0.092283 
2.025090 -0.423930 0.493375 -0.644494 -0.536507 -0.007917 -0.155953 0.259459 -0.293069 0.254956 -0.080949 -0.104655 0.040218 0.097382 0.006934 
2.043547 -0.457173 0.554637 -0.578839 -0.610576 0.077016 -0.020747 0.244974 -0.340923 0.265961 -0.183619 -0.112977 0.042726 0.069056 0.094209 
1.959740 -0.465865 0.535048 -0.418536 -0.559615 0.086923 0.073283 0.140975 -0.305115 0.270757 -0.249643 -0.017129 -0.007194 0.034989 0.135588 
1.885704 -0.570476 0.628547 -0.339531 -0.572079 0.190595 0.077859 0.098154 -0.317885 0.149533 -0.260524 -0.001747 -0.029506 0.089172 0.131266 
1.704085 -0.543348 0.695559 -0.234595 -0.440827 0.177872 0.058707 0.046791 -0.388162 0.144902 -0.209792 0.025760 -0.063947 0.105657 0.084207 
1.681435 -0.579064 0.692804 -0.044289 -0.407070 0.281132 -0.024882 -0.053779 -0.356168 0.051825 -0.094120 0.000526 -0.107310 0.154867 -0.041843 
1.561633 -0.495838 0.858687 0.036280 -0.375200 0.197760 -0.102052 -0.020489 -0.353415 0.054742 -0.107521 -0.020758 -0.147157 0.122584 0.000138 
1.542851 -0.482500 0.953634 0.091369 -0.448294 0.237643 -0.137608 -0.061129 -0.285980 -0.018337 -0.070806 -0.044601 -0.165863 0.143890 -0.036423 
1.548208 -0.413372 0.917869 0.133851 -0.468075 0.172769 -0.059126 -0.060200 -0.322700 -0.005173 -0.104204 -0.071935 -0.166672 0.129815 -0.034117 
1.478325 -0.327609 0.896151 0.119690 -0.434134 0.115314 -0.015283 -0.046493 -0.348964 0.042088 -0.183923 -0.021526 -0.168295 0.045903 0.060375 
1.535330 -0.270687 0.858028 0.195137 -0.480967 0.057655 0.008489 -0.063257 -0.329507 0.055441 -0.178844 -0.014250 -0.171033 0.059490 0.058728 
1.568600 -0.286646 0.873177 0.210963 -0.494857 0.047059 -0.003990 -0.083186 -0.302453 0.014339 -0.146887 -0.045222 -0.144993 0.052182 0.033837 
1.641104 -0.192455 0.901070 0.231756 -0.493499 -0.035938 0.020137 -0.084927 -0.323332 0.041029 -0.172915 -0.012360 -0.197356 0.077075 0.051640 
1.665145 -0.066168 0.789168 0.327345 -0.554278 -0.011878 0.062256 -0.123426 -0.262242 -0.003801 -0.167262 -0.065942 -0.171602 0.005247 0.058648 
1.589687 0.036578 0.832225 0.290116 -0.581174 0.024720 0.102650 -0.122356 -0.251016 0.003720 -0.189150 -0.104828 -0.177539 -0.051198 0.062469 
1.502092 0.314685 0.853315 0.061030 -0.188417 0.087341 -0.233927 0.088150 -0.339319 -0.093484 -0.026473 -0.203808 -0.104894 0.045618 -0.075664 
1.167795 0.199377 1.010631 -0.163088 -0.403488 0.019758 -0.139795 0.096431 -0.403906 -0.050448 -0.029948 -0.218172 -0.184224 0.105959 -0.048584 
0.780357 -0.466664 1.128594 -0.404603 -0.067831 0.105722 -0.180114 0.053484 -0.336919 -0.027309 -0.173771 0.153025 -0.243781 0.067818 0.096993 
0.631574 -0.408245 1.494684 -0.316391 -0.096241 0.157807 -0.229393 0.092177 -0.420640 -0.003847 -0.142283 -0.007631 -0.286921 0.122701 0.036106 
0.570800 -0.580973 1.371266 -0.271238 0.089421 0.190044 -0.215113 0.059967 -0.366018 -0.022074 -0.127883 0.027028 -0.330913 0.089596 0.037278 
0.740614 -0.479236 1.643860 -0.223251 -0.137120 0.197215 -0.331026 0.205588 -0.408373 -0.087738 -0.030935 -0.057061 -0.290770 0.130226 0.012714 
0.847500 -0.648529 1.692733 -0.185894 -0.180188 0.211638 -0.313649 0.183250 -0.394473 -0.073933 -0.062989 -0.018082 -0.306006 0.107226 0.045891 
0.789404 -0.663095 1.763064 -0.268691 -0.148489 0.198758 -0.289060 0.173994 -0.428844 -0.041567 -0.078357 -0.036411 -0.295619 0.095178 0.058524 
0.792648 -0.664239 1.702662 -0.230383 -0.150963 0.155035 -0.222726 0.130964 -0.438233 -0.025715 -0.089453 -0.050636 -0.282037 0.089223 0.048633 
0.921970 -0.739828 1.758802 -0.159016 -0.273960 0.210027 -0.268939 0.133435 -0.416366 -0.045809 -0.064466 -0.044834 -0.281107 0.115981 0.037820 
0.970611 -0.722731 1.721373 -0.138716 -0.276556 0.186845 -0.250478 0.125193 -0.405576 -0.067711 -0.036343 -0.048891 -0.305284 0.164821 0.002925 
0.838336 -0.604993 1.663579 -0.166680 -0.190138 0.114856 -0.200619 0.118473 -0.414018 -0.024373 -0.075602 -0.022805 -0.290630 0.129473 0.032930 
1.053912 -0.635532 1.689972 -0.006722 -0.344914 0.192730 -0.257713 0.127476 -0.384717 -0.087621 -0.013621 -0.042917 -0.299926 0.175704 -0.016898 
0.847094 -0.438061 1.644260 -0.044742 -0.285140 0.169490 -0.243358 0.094805 -0.387588 -0.098697 -0.029076 -0.075665 -0.291383 0.155201 -0.020149 
0.926255 -0.264159 1.598551 0.035741 -0.273837 0.152975 -0.254215 0.095338 -0.413150 -0.101813 -0.043537 -0.066182 -0.334230 0.202919 -0.026114 
0.824535 -0.141763 1.584736 0.049392 -0.321637 0.181743 -0.193574 0.024874 -0.386217 -0.018999 -0.108181 -0.047734 -0.274768 0.176228 -0.038776 
0.610043 -0.144578 1.602494 0.053830 -0.280039 0.069601 -0.209578 0.076356 -0.477823 -0.028140 -0.072243 -0.089805 -0.241466 0.185264 -0.048993 
0.373729 -0.076733 1.460029 -0.004464 -0.279384 0.088892 -0.195736 0.035690 -0.505550 -0.027778 -0.056717 -0.228459 -0.169195 0.139247 -0.082022 
0.360828 -0.230468 1.446906 -0.083251 -0.089107 0.093246 -0.152864 0.104531 -0.472495 0.071879 -0.144770 -0.127439 -0.177683 0.058383 -0.033022 
0.114388 0.047271 1.252182 -0.075060 -0.137495 0.017368 -0.182786 0.051511 -0.551368 0.027468 -0.115818 -0.192614 -0.175097 0.109683 -0.028706 
0.363069 0.179328 0.377146 0.200210 -0.283736 -0.004576 -0.070191 -0.128575 -0.338081 -0.102549 0.096132 -0.164420 -0.123137 0.214754 -0.071694 
0.093334 -0.066546 0.121623 0.126457 -0.203548 -0.000128 -0.157091 -0.253041 -0.293918 -0.072489 0.184301 -0.023158 -0.087310 0.089125 0.057008 
