city021_055
DATE
48
0.317773 0.425391 0.307031 0.416932 -0.016334 0.310365 -0.021118 -0.000145 -0.028301 -0.051163 0.006573 -0.015629 -0.083284 0.009833 -0.058976 
0.959951 0.554671 0.603004 0.308235 -0.401371 0.258589 -0.116574 -0.220606 -0.025604 -0.175694 -0.234499 -0.009805 -0.164632 -0.065090 -0.031328 
1.107814 0.616659 0.780141 0.240432 -0.452194 0.300582 -0.175505 -0.268394 -0.128262 -0.012078 -0.307085 -0.034706 -0.011016 -0.133430 0.021604 
1.240825 0.437037 0.603004 0.343429 -0.172077 0.276948 -0.290297 -0.284722 -0.028857 -0.044490 -0.332459 -0.023478 -0.091922 -0.042239 -0.050050 
1.003910 0.611390 0.462291 0.404809 0.001956 0.208276 -0.404068 -0.240634 -0.090218 0.021453 -0.319284 -0.145585 -0.017638 -0.048584 0.020976 
0.635972 0.553032 0.502820 0.361783 0.004722 0.049234 -0.258182 -0.027689 -0.217969 -0.037359 -0.209478 -0.169415 -0.023114 -0.036770 -0.130630 
0.736445 -0.676072 0.247612 0.200417 0.157096 0.098334 -0.361346 -0.065755 0.065978 0.023148 -0.244614 0.210156 -0.147050 0.037540 0.009032 
1.284600 -0.758068 0.342308 -0.199518 0.053672 -0.050205 -0.439085 -0.008775 -0.042683 0.057271 -0.260131 0.270019 -0.037512 0.066541 -0.000926 
1.710509 -0.675680 0.407985 -0.341425 -0.037541 -0.097416 -0.456826 -0.139113 -0.103906 0.389960 -0.168249 0.024226 0.061469 0.206573 0.016243 
1.823055 -0.921958 0.392065 -0.463728 -0.111340 -0.033881 -0.453186 -0.100573 -0.074725 0.466917 -0.019312 0.014978 0.006147 0.177013 -0.004355 
1.597779 -0.985826 0.302784 -0.506616 -0.166465 -0.028607 -0.270981 -0.183089 -0.048198 0.432655 0.179482 0.016610 -0.114992 0.140735 -0.067849 
1.398596 -0.985696 0.228339 -0.600422 -0.105764 -0.052178 -0.238699 -0.137459 -0.040740 0.357115 0.248918 0.045178 -0.144740 0.066802 -0.041948 
1.496364 -1.019158 0.212366 -0.699121 -0.050036 -0.056151 -0.201899 -0.064713 -0.101093 0.359571 0.220804 0.062691 -0.136884 0.006440 -0.044090 
1.486588 -0.985362 0.153885 -0.717952 -0.133589 0.060456 -0.185213 -0.049975 -0.111189 0.361187 0.213855 0.027314 -0.110867 -0.013163 -0.127670 
1.538825 -0.995226 0.184527 -0.783958 -0.097788 0.069966 -0.160305 -0.056912 -0.158768 0.375341 0.210271 0.025037 -0.097359 -0.004539 -0.162749 
1.567274 -0.871050 0.169680 -0.698995 -0.091943 0.030780 -0.197393 -0.088031 -0.193083 0.376909 0.221754 0.034506 -0.054208 0.008498 -0.116001 
1.696246 -0.834155 0.312443 -0.652482 -0.149912 0.094599 -0.301968 -0.076655 -0.285973 0.402430 0.138631 0.071968 0.035342 0.007663 -0.075140 
2.061413 -0.710573 0.265900 -0.499188 -0.109794 0.132439 -0.353034 -0.106217 -0.356532 0.460005 -0.014138 0.072324 0.020326 0.031822 -0.020348 
1.673773 -0.085779 0.000056 -0.205688 -0.147961 0.158299 -0.297202 -0.256305 -0.301864 0.328481 0.095216 -0.053654 0.049907 0.034683 -0.043833 
1.167413 0.195637 -0.121283 0.214088 0.051571 0.287149 -0.225213 -0.130793 -0.000982 0.092488 0.033667 -0.049851 -0.113984 0.107945 -0.035243 
0.854080 0.097734 -0.260248 0.008211 -0.090141 0.256888 -0.262345 -0.180754 -0.070238 0.070430 0.031655 0.028796 -0.052205 0.020873 -0.012792 
0.580392 -0.186298 -0.418022 -0.064220 -0.336272 0.024029 -0.202574 -0.043735 -0.092122 0.193166 0.208497 -0.049949 0.040837 0.054066 -0.126650 
0.343008 -0.268219 -0.447357 -0.004157 -0.318692 0.129467 -0.171110 -0.132609 0.008393 0.113772 0.154933 0.063620 -0.118092 0.066823 -0.083288 
0.288859 -0.248941 -0.409160 -0.025505 -0.297315 0.054553 -0.174771 -0.183092 -0.092852 0.182735 0.234564 0.084754 -0.111898 0.049991 -0.066456 
0.242773 0.036244 -0.403495 -0.145068 -0.230141 0.056468 -0.222770 -0.256094 -0.061636 0.263711 0.180067 0.028655 -0.002140 0.041839 -0.108503 
0.341073 0.000037 -0.409158 -0.131130 -0.274850 0.032324 -0.237969 -0.124594 -0.014806 0.306195 0.134523 -0.049795 0.016932 0.037753 -0.092359 
0.383437 0.048050 -0.287906 -0.093396 -0.339579 -0.081129 -0.268457 -0.068254 0.118890 0.108476 0.057840 0.169309 -0.060526 0.091628 -0.059000 
0.614320 -1.452348 0.441295 -0.369227 -0.091955 0.026171 -0.235819 0.347424 -0.061635 0.091054 -0.249907 0.210820 0.007093 -0.082959 -0.076134 
1.606993 -0.746394 0.700657 -0.052670 -0.131306 -0.046683 -0.348534 0.102522 -0.150042 0.119583 -0.336991 0.134548 0.043695 0.050600 -0.127521 
1.556727 -0.924505 0.767944 0.030286 -0.279135 -0.118979 -0.454828 -0.023820 -0.110711 -0.028807 -0.152196 0.042564 0.176151 0.087690 -0.121569 
1.474697 -1.114532 0.935169 -0.117283 -0.226078 -0.182724 -0.387667 0.006398 -0.149600 0.008336 -0.196963 0.168349 0.114152 0.063244 -0.096760 
1.271772 -1.040935 0.864378 -0.162317 -0.195070 -0.194676 -0.267313 -0.078977 -0.155280 -0.049917 -0.117730 0.165285 0.081482 0.015211 -0.020212 
1.355528 -1.095148 0.935543 -0.252759 -0.226314 -0.184271 -0.264961 -0.009598 -0.191206 -0.049392 -0.121147 0.219571 0.047742 0.021493 -0.017418 
1.360618 -1.157411 0.983390 -0.308577 -0.253410 -0.190131 -0.288783 0.030699 -0.188989 -0.023337 -0.124239 0.271329 0.028548 0.037160 -0.016426 
1.296007 -1.120769 0.976290 -0.354073 -0.282284 -0.212078 -0.248105 -0.002816 -0.190393 0.013431 -0.054581 0.232820 0.044931 0.037229 0.012287 
1.301319 -1.033148 0.973185 -0.410625 -0.322245 -0.207391 -0.244236 0.018170 -0.224503 0.059280 -0.047975 0.219763 0.063210 0.032411 0.028754 
1.346095 -1.074092 0.952020 -0.434632 -0.349493 -0.180367 -0.274609 0.024577 -0.222137 0.041159 -0.016916 0.212420 0.088504 0.049576 0.000885 
1.329166 -1.058118 0.906827 -0.454992 -0.319932 -0.190000 -0.291463 0.007868 -0.205472 0.043485 -0.016661 0.219771 0.094291 0.089667 -0.043784 
1.337450 -1.038875 0.862340 -0.482057 -0.301126 -0.169587 -0.318463 0.000358 -0.205783 0.066346 -0.027309 0.228539 0.105804 0.096228 -0.043008 
1.361059 -1.017815 0.817231 -0.441248 -0.270122 -0.223180 -0.351090 0.048674 -0.200207 0.071518 -0.056265 0.235251 0.168149 0.028332 -0.031093 
1.619995 -0.873331 0.851521 -0.192822 -0.462853 -0.251351 -0.399760 0.113281 -0.172894 0.104147 -0.076462 0.309054 0.123666 0.028823 -0.040587 
1.590297 -0.707477 0.763341 -0.177940 -0.438170 -0.267414 -0.409358 0.097723 -0.159397 0.106680 -0.095425 0.349797 0.120283 0.010159 0.012041 
1.469470 -0.540189 0.674267 -0.149483 -0.414710 -0.293696 -0.412588 0.124672 -0.185204 0.123729 -0.105352 0.287620 0.187181 -0.027418 -0.001341 
1.448352 -0.417654 0.498489 0.011543 -0.422822 -0.355371 -0.351110 0.049305 -0.082785 0.129338 -0.168662 0.392847 0.119850 0.004234 -0.003408 
1.485305 -0.167336 0.565948 -0.006300 -0.521098 -0.359136 -0.287219 0.042208 -0.136579 0.198280 -0.171925 0.433421 0.121850 -0.071103 0.066647 
0.908041 0.098211 0.395764 0.068350 -0.659394 -0.228264 -0.345644 -0.056423 -0.022545 0.023695 0.057318 0.263287 0.146861 0.054926 -0.010415 
0.281170 -0.726022 0.237171 0.051541 -0.287567 -0.315124 -0.377681 -0.129989 0.099178 0.154276 -0.151553 0.410713 0.011441 0.062060 0.074929 
0.192575 -0.251538 0.242164 0.186729 -0.581175 -0.105975 -0.178876 -0.096166 0.040512 -0.003929 -0.051285 0.250237 0.029345 -0.035263 0.035995 
