city021_056
DENENCHOOFU
106
-0.023604 0.001602 0.205519 0.323206 -0.037429 0.178233 0.090665 0.067844 0.039573 0.086293 0.002775 -0.011883 0.116413 0.001099 -0.040034 
0.830081 0.644304 0.535604 0.367700 -0.081845 0.176393 -0.062143 -0.163671 -0.010912 -0.083134 -0.180593 -0.094984 -0.045644 -0.076439 -0.092917 
0.829140 0.653087 0.618043 0.297260 -0.050784 0.119352 -0.195921 -0.163603 -0.083206 -0.125913 -0.228125 -0.099870 -0.062910 -0.099271 -0.039945 
0.816671 0.476028 0.369366 0.227850 0.111250 0.148482 -0.255715 -0.211339 -0.115569 -0.011304 -0.219177 -0.187725 -0.026662 -0.069727 -0.061081 
0.602120 0.328144 0.392702 0.361487 0.083942 0.192202 -0.024866 -0.136583 -0.105217 -0.039908 -0.168454 -0.086254 -0.094085 -0.099330 -0.056087 
0.674454 0.381213 0.351946 0.170219 0.006695 0.279822 -0.010855 -0.086026 -0.150536 -0.156958 -0.135055 -0.020410 -0.118770 -0.088336 -0.031103 
0.585684 -0.341882 0.544749 0.170498 0.085879 0.191254 -0.159086 -0.010461 -0.163934 -0.030441 -0.033051 0.002761 -0.100160 -0.043438 -0.020859 
1.307910 -0.686393 0.648897 -0.085572 -0.047292 -0.025816 -0.267686 0.036237 -0.203572 -0.006433 -0.295090 0.157745 0.007218 -0.006224 -0.072129 
1.709517 -0.820806 0.850570 -0.082154 -0.232325 -0.142303 -0.382055 0.091044 -0.323226 -0.002595 -0.265130 0.114345 0.082524 0.021809 -0.073708 
1.519358 -0.943178 0.697471 -0.255150 -0.128059 -0.122880 -0.323771 -0.020302 -0.342560 -0.071569 -0.204179 0.166462 0.129112 0.047381 -0.081172 
1.566831 -0.910528 0.870874 -0.292604 -0.210436 -0.124074 -0.384307 0.032951 -0.321296 0.002522 -0.217599 0.130149 0.151009 0.020342 -0.041413 
1.563525 -0.823783 1.000289 -0.197143 -0.386896 -0.181889 -0.312524 0.092699 -0.216518 0.003779 -0.098833 0.159948 0.068900 0.036406 -0.082676 
1.540741 -0.859881 0.952500 -0.297887 -0.451371 -0.233079 -0.292234 0.186337 -0.130014 0.056570 -0.011768 0.199313 0.054588 0.003590 -0.091676 
1.700441 -0.974045 1.012165 -0.326949 -0.467682 -0.261479 -0.323273 0.274650 -0.196591 0.143591 -0.029850 0.236710 0.045135 -0.018693 -0.065520 
1.626918 -1.001558 1.084949 -0.281621 -0.467342 -0.186775 -0.317134 0.292618 -0.189726 0.143194 0.014942 0.161285 0.061913 -0.032371 -0.089823 
1.532850 -0.966548 1.125255 -0.325671 -0.462240 -0.131649 -0.253026 0.276035 -0.221172 0.069664 0.035021 0.101110 -0.017532 0.036127 -0.114074 
1.547095 -0.909747 1.176378 -0.288429 -0.540661 -0.060268 -0.267721 0.273218 -0.215058 0.048702 0.101014 0.045691 -0.014396 0.038700 -0.118758 
1.488084 -0.832224 1.141779 -0.352335 -0.495062 -0.117673 -0.190663 0.251079 -0.280792 0.055543 0.069766 0.029844 -0.050893 0.060583 -0.093351 
1.399859 -0.788986 1.162764 -0.387570 -0.427802 -0.114294 -0.141437 0.181395 -0.294911 0.069706 0.062037 0.008624 -0.036172 0.048730 -0.027367 
1.360234 -0.739510 1.161233 -0.380503 -0.479930 -0.036567 -0.122532 0.147542 -0.313244 0.001892 0.086923 -0.055798 -0.074079 0.123350 -0.057288 
1.397264 -0.712369 1.284050 -0.402784 -0.502841 0.014887 -0.125028 0.148679 -0.350583 0.069369 0.019482 -0.056138 -0.091055 0.116310 -0.036435 
1.360287 -0.678117 1.419431 -0.479877 -0.499159 0.103174 -0.166107 0.155463 -0.403646 0.114841 -0.018477 -0.126319 -0.056313 0.131356 -0.061749 
1.397853 -0.603162 1.513198 -0.511782 -0.585461 0.227007 -0.238464 0.173281 -0.390006 0.086959 0.009908 -0.223898 -0.037637 0.140448 -0.099566 
1.258710 -0.378948 1.432734 -0.461895 -0.573628 0.224825 -0.181092 0.089295 -0.311660 0.023554 0.015672 -0.260750 -0.038376 0.121169 -0.113703 
1.388323 -0.423940 1.472931 -0.479429 -0.610502 0.325193 -0.265059 0.173078 -0.364704 0.025442 -0.023231 -0.309792 -0.021834 0.071292 -0.108330 
1.204457 -0.287143 1.456670 -0.540912 -0.520671 0.310441 -0.243653 0.131740 -0.314393 -0.004082 -0.036071 -0.299588 -0.021231 0.063482 -0.121876 
1.342829 -0.340596 1.473722 -0.531568 -0.575150 0.331884 -0.247654 0.141809 -0.338676 0.037339 -0.092335 -0.296958 -0.023813 0.037866 -0.105199 
1.380139 -0.391125 1.510274 -0.552550 -0.571507 0.334042 -0.241903 0.135728 -0.358801 0.074330 -0.119154 -0.290987 -0.016682 0.055257 -0.128161 
1.374471 -0.405858 1.507243 -0.534800 -0.561993 0.292395 -0.193499 0.121484 -0.389452 0.123760 -0.135531 -0.293731 -0.001945 0.060062 -0.137151 
1.401239 -0.447944 1.505631 -0.488706 -0.584874 0.274421 -0.218089 0.129708 -0.386827 0.113244 -0.081436 -0.274797 0.007047 0.062957 -0.118124 
1.375553 -0.487772 1.494217 -0.444929 -0.581969 0.193902 -0.194127 0.126927 -0.384891 0.095631 -0.019305 -0.235283 -0.017885 0.080686 -0.083978 
1.406497 -0.590734 1.477224 -0.436586 -0.566394 0.146030 -0.201277 0.167895 -0.418642 0.114968 0.018081 -0.203859 -0.014444 0.093607 -0.064342 
1.411681 -0.667541 1.380699 -0.393261 -0.546999 0.058075 -0.173066 0.167076 -0.406753 0.115086 0.039613 -0.137206 -0.028032 0.104529 -0.057752 
1.326851 -0.767978 1.233168 -0.358770 -0.435705 -0.077108 -0.105197 0.135452 -0.377381 0.075740 0.043770 -0.034030 -0.052092 0.078700 -0.005793 
1.268622 -0.705525 1.135430 -0.364916 -0.398016 -0.161868 -0.105574 0.168232 -0.363819 0.072442 0.070260 -0.008849 -0.024066 0.022593 0.029612 
1.363298 -0.800924 1.198423 -0.410705 -0.425165 -0.162799 -0.141870 0.219777 -0.391389 0.135963 0.022158 0.040242 -0.047455 0.040373 0.006811 
1.313723 -0.736749 1.161771 -0.328256 -0.429513 -0.172673 -0.150533 0.220956 -0.329956 0.104989 0.095072 0.014267 -0.004577 0.007722 -0.015366 
1.440095 -0.800235 1.213598 -0.293620 -0.413558 -0.153420 -0.188942 0.261134 -0.356972 0.145367 0.034659 0.064844 -0.004638 -0.027910 0.019679 
1.582709 -0.896869 1.279287 -0.257108 -0.392587 -0.124992 -0.222990 0.288510 -0.384526 0.180172 -0.051665 0.127094 -0.012731 -0.062952 0.057956 
1.454624 -0.726025 1.122002 -0.094323 -0.301708 -0.134955 -0.213752 0.214456 -0.309900 0.120688 -0.101955 0.148941 0.023097 -0.095245 0.061203 
1.568731 -0.699171 1.080380 -0.007649 -0.241982 -0.025954 -0.235598 0.193218 -0.305949 0.057654 -0.223002 0.148038 -0.001749 -0.141951 0.062465 
1.578911 -0.609695 0.985629 0.030431 -0.325264 0.268908 -0.196263 0.074370 -0.155327 -0.159750 -0.250831 0.077719 -0.076769 -0.139711 0.008270 
1.551554 -0.359445 1.041277 -0.219573 -0.360493 0.566566 -0.227378 -0.143713 -0.186572 -0.099753 -0.270316 -0.029386 -0.068931 -0.038629 -0.089918 
1.559135 -0.322717 1.038967 -0.214813 -0.333628 0.577207 -0.247316 -0.140350 -0.196290 -0.076093 -0.293158 -0.034845 -0.056985 -0.062861 -0.095923 
1.508019 -0.244886 1.021160 -0.186394 -0.390477 0.602612 -0.251780 -0.166310 -0.119697 -0.139038 -0.243076 -0.069866 -0.043939 -0.067788 -0.093812 
1.531506 -0.308416 1.038868 -0.172550 -0.384900 0.580269 -0.254304 -0.171061 -0.128094 -0.115442 -0.265711 -0.038998 -0.062114 -0.059679 -0.088739 
1.473422 -0.199388 1.058026 -0.209087 -0.412596 0.601980 -0.264925 -0.200068 -0.091228 -0.117298 -0.291643 -0.008622 -0.067590 -0.077041 -0.058487 
1.502429 -0.211219 0.996086 -0.155720 -0.359748 0.561845 -0.317525 -0.149182 -0.072345 -0.166941 -0.249904 -0.029210 -0.065142 -0.094972 -0.041663 
1.491011 -0.163126 1.036279 -0.135199 -0.324592 0.545539 -0.325315 -0.189628 -0.100542 -0.090313 -0.312183 0.025712 -0.101108 -0.096545 -0.019312 
1.477845 -0.012507 0.890896 -0.160982 -0.307020 0.535338 -0.288471 -0.193469 -0.055055 -0.166643 -0.290283 -0.000852 -0.087091 -0.105297 -0.031914 
1.336548 0.245927 0.747000 -0.034924 -0.319973 0.435317 -0.312375 -0.232416 -0.006143 -0.178839 -0.248156 -0.033060 -0.037017 -0.135170 0.011184 
1.008531 0.400226 0.763303 0.277677 -0.258162 0.012164 -0.206483 -0.176183 -0.007943 -0.232506 -0.290436 0.134564 -0.115594 -0.144435 0.069955 
0.717919 0.354624 0.431179 0.142519 -0.124106 0.081240 -0.090174 -0.062590 -0.179794 -0.165557 -0.218361 -0.029510 -0.027963 -0.192112 0.051836 
0.463964 0.258634 0.388630 0.195587 -0.157834 0.178179 0.032973 -0.013691 0.052065 -0.028044 -0.046103 0.049556 -0.018900 0.017957 -0.041718 
0.498618 0.230932 0.335787 0.226567 -0.171061 0.264555 0.163030 0.019934 -0.021537 0.040788 -0.015853 0.029508 0.027310 -0.002894 0.017034 
0.350877 0.172354 0.377047 0.176984 -0.191090 0.181954 -0.041042 -0.000287 0.127121 -0.029230 -0.007784 0.022896 0.014572 0.052553 -0.108918 
0.149141 0.097690 0.375238 0.268496 -0.115840 0.111269 -0.123423 -0.085491 -0.074038 -0.042129 -0.107522 0.005214 -0.001568 -0.073640 0.014348 
-0.321725 -0.742925 0.424709 -0.349766 0.007413 0.010431 -0.230226 0.196058 -0.182077 0.154127 0.004704 -0.003513 -0.017469 -0.006753 0.044107 
-0.334048 -1.129172 0.570053 -0.598829 0.153207 -0.017243 -0.202466 0.326604 -0.274278 0.258589 -0.114024 0.027970 -0.040016 -0.014434 0.079096 
-1.045852 -0.421770 0.842024 -0.650123 0.247370 -0.059146 -0.274959 0.231331 -0.194754 0.195088 -0.112109 0.008660 0.056814 -0.001348 -0.044428 
-1.131127 -0.340572 1.173342 -0.703024 0.315936 -0.042797 -0.184390 0.211265 -0.252148 0.191847 -0.075962 -0.043835 0.063943 -0.007785 -0.038298 
-1.076588 -0.404190 0.914640 -0.860241 0.478233 -0.004754 -0.180157 0.277397 -0.237232 0.077174 0.040213 -0.034599 -0.031240 0.089911 -0.081610 
-0.926674 -0.584297 0.967404 -0.882791 0.321105 -0.072665 -0.385980 0.172598 -0.080497 0.143823 0.018909 -0.136766 0.127391 0.060787 -0.158677 
-0.479640 -0.813376 0.987784 -0.781389 -0.028004 0.060853 -0.358059 0.215793 0.002768 0.053295 0.022867 -0.005778 -0.004807 0.076234 -0.141618 
0.655000 -0.695426 1.135018 -0.098683 -0.025997 -0.000558 -0.465505 0.064807 -0.128205 -0.101235 -0.133015 -0.051296 0.045409 0.067490 -0.125281 
1.524815 -1.064318 1.150572 0.058662 -0.133012 0.096154 -0.608501 0.067135 -0.143494 -0.041068 -0.210487 -0.092437 0.010399 0.220286 -0.205590 
1.652226 -1.155157 0.994251 -0.114422 -0.065780 -0.039463 -0.587637 0.033087 -0.205778 0.063225 -0.112067 -0.086782 -0.000935 0.328419 -0.099040 
1.883264 -1.053980 0.846436 -0.167004 -0.133131 -0.012409 -0.568070 0.020303 -0.232236 0.061125 0.006252 -0.098186 -0.040886 0.393609 -0.100907 
1.901700 -0.922872 0.603648 -0.205812 -0.065966 -0.003328 -0.508557 -0.049463 -0.357418 0.100128 0.082722 -0.141418 -0.040054 0.355496 -0.063492 
1.943124 -0.880484 0.468391 -0.371567 0.029054 0.084627 -0.439480 -0.087648 -0.502330 0.114454 0.066388 -0.092114 0.006873 0.230441 -0.070838 
1.960724 -0.947343 0.465323 -0.369303 -0.077348 0.154194 -0.366468 -0.056285 -0.536187 -0.032162 0.088937 -0.006930 0.014221 0.258517 -0.153072 
1.960023 -0.844726 0.446024 -0.421008 -0.145278 0.119921 -0.278260 0.033365 -0.523208 -0.054038 0.040407 0.026136 0.051467 0.241331 -0.088265 
1.950744 -0.697989 0.387070 -0.583315 -0.111423 0.008654 -0.226307 0.089467 -0.448647 -0.043930 0.012166 0.049012 0.023005 0.308184 -0.049290 
1.902013 -0.689364 0.377011 -0.673400 -0.100094 -0.071464 -0.271065 0.211156 -0.407362 -0.037173 -0.053557 0.062545 0.074470 0.284696 -0.014246 
1.874292 -0.636313 0.273472 -0.637088 -0.155083 -0.102735 -0.225546 0.165547 -0.284220 -0.119531 -0.076669 0.076279 0.111744 0.289109 -0.005288 
1.944010 -0.783422 0.289596 -0.626870 -0.172671 -0.130877 -0.254287 0.216465 -0.306415 -0.059647 -0.134335 0.050997 0.147095 0.337005 -0.017545 
1.859352 -0.686402 0.254768 -0.618039 -0.184023 -0.144169 -0.233875 0.178315 -0.231078 -0.102479 -0.101360 0.059549 0.148886 0.291770 -0.021467 
1.925871 -0.647346 0.272935 -0.664068 -0.124295 -0.201106 -0.276996 0.219588 -0.238095 -0.019122 -0.144612 0.067138 0.100074 0.269980 0.005439 
1.991982 -0.713875 0.287271 -0.670468 -0.071922 -0.141779 -0.342609 0.208125 -0.289982 0.033366 -0.161470 0.036751 0.118497 0.293561 -0.007140 
1.979203 -0.649159 0.279345 -0.627311 -0.025194 -0.151113 -0.366053 0.163446 -0.258745 0.041393 -0.181193 0.070303 0.078068 0.260811 0.013373 
1.990480 -0.438273 0.272387 -0.540243 -0.142289 -0.156988 -0.347273 0.205445 -0.204615 -0.030557 -0.224696 0.043585 0.067103 0.162907 0.048470 
1.948492 -0.280946 0.588153 -0.813963 -0.381544 0.168830 -0.108800 0.206154 -0.405527 0.031258 -0.138390 -0.122710 0.113801 0.267654 -0.034086 
2.141026 -0.086463 0.480166 -0.399404 0.052119 0.142232 -0.143423 0.265248 -0.254767 0.151534 -0.158680 -0.151155 -0.043116 0.077666 -0.118587 
2.237083 -0.262530 0.384257 -0.302548 0.097225 0.214116 -0.208298 0.168043 0.001392 0.260703 -0.093243 -0.044848 -0.085572 0.091191 -0.054036 
1.923726 -0.262937 0.499593 -0.155396 -0.075966 0.184549 -0.211138 0.025256 -0.075293 -0.031258 -0.218298 -0.038887 -0.053139 0.059534 -0.104179 
1.668232 -0.208010 0.678377 -0.091762 0.006142 0.142118 -0.251702 0.082575 -0.067520 0.060010 -0.175452 -0.026237 0.027756 -0.011106 -0.079053 
1.237420 -0.554445 0.603528 -0.104676 0.072169 0.170018 -0.300390 0.000021 -0.202625 -0.091626 -0.113089 0.009866 -0.035125 0.009464 -0.128100 
1.487530 -0.470755 0.515999 -0.282297 -0.014529 0.123775 -0.156338 -0.012336 -0.236869 0.150492 -0.054078 0.095501 -0.130594 0.112519 -0.027882 
1.173103 -0.740735 0.726450 0.053985 0.137624 0.125534 -0.334286 0.033463 -0.124955 0.004065 -0.172788 0.080926 -0.160051 0.066476 -0.047825 
0.935708 -0.717818 0.460148 0.120489 0.140868 0.131249 -0.154792 0.056578 -0.193130 0.156708 0.020301 -0.052335 -0.085630 0.079963 -0.016905 
1.111680 -0.865088 0.606142 0.071313 0.206890 0.330898 -0.196369 -0.072997 -0.225147 0.131650 -0.038099 0.057322 -0.146735 -0.038926 -0.088756 
0.879731 -0.842497 0.459029 0.020844 0.132674 0.165897 -0.228397 0.081857 -0.193357 0.115601 -0.010587 0.024406 -0.089369 0.037068 -0.025776 
0.945319 -0.642100 0.432556 0.231360 0.192409 0.260093 -0.136585 0.034070 -0.156411 0.127869 0.049743 0.058062 -0.201116 0.071512 0.012237 
1.840675 -0.117697 0.183528 -0.152404 -0.144999 0.336865 -0.148320 -0.072781 -0.464475 -0.132629 0.157745 -0.091501 0.015583 0.102026 -0.170681 
1.583596 -0.313262 0.461950 -0.322375 -0.094480 0.343915 -0.233331 -0.123218 -0.540243 -0.094971 0.062138 0.014727 -0.062949 0.133406 -0.187276 
1.740423 -0.382622 0.634670 -0.412256 -0.101755 0.423903 -0.278239 -0.147048 -0.566798 0.000501 0.047892 0.072353 -0.078527 0.111436 -0.176448 
1.648773 -0.376098 0.560679 -0.348947 -0.070278 0.332088 -0.221197 -0.212759 -0.542566 0.059684 -0.065210 0.073386 -0.086448 0.082002 -0.137789 
1.655298 -0.304785 0.491337 -0.225464 -0.078022 0.401228 -0.263465 -0.264771 -0.485117 0.015037 0.035457 0.023469 -0.149969 0.083663 -0.172447 
1.450537 -0.298914 0.533242 -0.285502 -0.069326 0.431225 -0.266670 -0.254717 -0.500254 -0.045178 0.044800 -0.057908 -0.060366 0.059723 -0.261049 
1.531200 -0.270268 0.593101 -0.264695 -0.042928 0.428522 -0.319386 -0.226487 -0.552858 0.004552 0.082892 -0.049591 -0.150845 0.096423 -0.213952 
1.612318 -0.384035 0.564591 -0.199899 -0.115410 0.467428 -0.398427 -0.261736 -0.444841 -0.080618 0.191790 -0.136528 -0.137454 0.132118 -0.210339 
1.663453 -0.452161 0.621617 -0.208507 -0.115249 0.440334 -0.414035 -0.227445 -0.431142 -0.029066 0.146737 -0.092003 -0.168038 0.156334 -0.163976 
1.556223 -0.282702 0.543256 -0.179572 -0.063486 0.325033 -0.417490 -0.220082 -0.379420 0.060626 0.059517 -0.087256 -0.108519 0.130790 -0.130000 
0.995725 -0.124129 0.267083 -0.148578 0.051902 0.231240 -0.380780 -0.342154 -0.481092 0.059869 0.092642 -0.179454 -0.033774 0.032705 -0.150206 
1.402099 -0.157360 0.413237 -0.114899 0.061564 0.259441 -0.402308 -0.241057 -0.487642 0.114788 0.083705 -0.157343 -0.160696 0.131737 -0.143849 
0.742709 0.166579 -0.046778 0.065606 0.041157 0.059042 -0.317017 -0.438399 -0.405987 0.100582 0.116405 -0.182596 -0.065641 0.088583 -0.005823 
