city021_091
GYOODA
56
0.435282 0.427156 0.270652 0.394771 0.131158 0.326863 -0.153060 0.040119 -0.044450 -0.071363 -0.079015 -0.000155 -0.088609 -0.112135 0.012091 
0.597897 0.498881 0.175667 0.377037 0.014064 0.086512 -0.123998 0.027307 -0.168055 -0.115422 -0.105492 -0.075463 -0.053299 -0.081832 -0.067736 
0.504415 0.546520 0.286755 0.379881 0.016895 0.183681 -0.037823 0.045264 -0.153649 -0.181240 -0.081133 -0.062891 -0.115946 -0.117266 -0.066174 
0.567919 0.477962 0.351643 0.450997 -0.011548 0.178588 -0.176289 -0.019760 -0.102022 -0.131521 -0.132886 -0.125751 -0.104489 -0.030562 -0.141671 
0.349900 -0.092058 0.720832 0.218784 -0.031052 0.454742 -0.356156 0.040830 -0.215512 -0.122913 0.069920 -0.204544 -0.145679 -0.029368 -0.022111 
0.269659 0.407370 0.622947 0.190274 -0.000203 0.345999 -0.248289 0.025752 -0.121592 -0.264533 0.027598 -0.131619 -0.243255 0.049666 -0.124774 
0.463253 -0.354969 0.622084 -0.429507 0.105988 0.204424 -0.333396 0.262918 -0.203552 -0.004969 0.039517 0.048514 -0.129013 0.135795 -0.072741 
0.368309 -0.138700 1.220931 -0.025947 -0.066470 0.288952 -0.377401 0.169498 -0.207210 -0.277118 0.000328 -0.019762 -0.349493 0.091279 -0.049606 
0.566364 -0.423054 1.197424 -0.279449 -0.053694 0.209524 -0.235675 0.041796 -0.243444 -0.059883 -0.129656 0.102231 -0.256446 0.075561 0.012399 
0.689584 -0.444391 1.530504 0.179516 -0.417878 0.166142 -0.265157 0.080221 -0.300290 -0.218663 0.051198 -0.104857 -0.216835 0.128777 -0.103696 
1.107540 -0.784625 1.474664 0.199828 -0.319186 -0.065309 -0.336662 0.279754 -0.479492 -0.205790 0.066278 -0.054196 -0.218059 0.145071 -0.076011 
1.269461 -0.895025 1.104758 0.256170 -0.186153 -0.279637 -0.320547 0.221564 -0.374598 -0.241538 0.058674 -0.060122 -0.108380 0.181140 -0.114310 
1.547058 -0.927727 0.882719 0.140195 -0.112002 -0.172915 -0.441883 0.044065 -0.232168 -0.128274 0.003028 -0.108257 -0.079604 0.328977 -0.161603 
1.752467 -0.872388 0.740739 -0.105143 0.058412 -0.073419 -0.509404 0.026152 -0.414665 0.102261 0.026097 -0.175301 -0.105582 0.334257 -0.036943 
1.826418 -0.832041 0.521687 -0.195769 0.122701 -0.018270 -0.462312 0.019652 -0.545008 0.111932 0.066759 -0.190643 -0.072984 0.269134 -0.083804 
1.913056 -0.544165 0.639492 -0.444773 -0.080364 0.118553 -0.288416 0.050837 -0.649161 0.064858 0.044763 -0.046252 -0.050540 0.236824 -0.085889 
1.940218 -0.339658 0.602392 -0.559613 -0.161576 0.191522 -0.241610 0.072698 -0.609007 0.012993 0.058103 -0.041349 0.034172 0.264827 -0.138348 
1.937140 -0.418848 0.522279 -0.559930 -0.125316 0.026094 -0.200831 0.158743 -0.510503 0.001068 -0.125256 -0.023070 -0.026169 0.258653 -0.056156 
1.963710 -0.420970 0.336369 -0.515466 -0.106156 0.043988 -0.286421 0.149957 -0.344616 -0.107059 -0.205221 0.038721 0.009021 0.207001 0.021066 
1.936324 -0.394855 0.415243 -0.568939 -0.119710 0.005643 -0.311320 0.163197 -0.309574 -0.080469 -0.132949 0.032878 -0.051750 0.254061 -0.048223 
1.869842 -0.294666 0.511204 -0.604075 -0.220548 -0.011056 -0.284131 0.186481 -0.290550 -0.037890 -0.116381 -0.013379 -0.034731 0.193297 -0.023198 
1.870969 -0.361468 0.566036 -0.669289 -0.187925 -0.073449 -0.301336 0.271793 -0.308579 -0.027571 -0.150051 -0.030545 -0.041019 0.197069 -0.042421 
1.886752 -0.496791 0.529395 -0.627082 -0.199765 -0.085892 -0.293272 0.237665 -0.283770 -0.023253 -0.216984 -0.005876 -0.013778 0.226955 -0.045912 
1.893597 -0.547704 0.497797 -0.571548 -0.169171 -0.067175 -0.317735 0.213791 -0.275999 -0.037036 -0.197401 -0.011868 0.031679 0.215914 -0.070411 
1.789871 -0.555244 0.524034 -0.562805 -0.124437 -0.085045 -0.288432 0.130264 -0.262105 -0.009532 -0.199304 -0.013889 0.067951 0.204245 -0.108096 
1.747237 -0.738864 0.493701 -0.566573 -0.056101 0.020919 -0.276021 0.072464 -0.386000 -0.020913 -0.222889 0.041076 0.158148 0.205685 -0.118286 
1.788401 -0.926371 0.503477 -0.527888 -0.038766 0.140479 -0.317890 0.027132 -0.454072 -0.054789 -0.201106 0.071019 0.220776 0.193192 -0.213604 
1.735999 -0.756825 0.536399 -0.517442 -0.018797 0.076799 -0.292397 -0.003138 -0.399036 0.023553 -0.221111 -0.003562 0.177441 0.148750 -0.170048 
1.716347 -0.689036 0.606812 -0.523296 0.072953 0.075124 -0.338487 -0.044806 -0.431588 0.139515 -0.253354 -0.014319 0.113101 0.100527 -0.117844 
1.751746 -0.448231 0.712362 -0.538549 0.150430 0.245208 -0.388673 -0.164610 -0.495690 0.273070 -0.148238 0.004143 -0.021526 -0.011415 -0.071737 
1.623501 -0.302270 0.498559 -0.332642 0.154203 0.332818 -0.290900 -0.228966 -0.439738 0.244975 -0.132792 -0.032100 -0.060776 -0.046106 -0.141883 
1.549170 -0.175890 0.442724 -0.377703 0.179157 0.239498 -0.242533 -0.158957 -0.429908 0.298957 -0.133820 -0.002384 -0.032044 -0.021472 -0.110372 
1.611433 -0.288744 0.475261 -0.344052 0.153726 0.293873 -0.302826 -0.232671 -0.380373 0.223753 -0.158072 -0.008439 -0.096559 0.025457 -0.142318 
1.582210 -0.353082 0.439611 -0.284944 0.126796 0.209242 -0.342525 -0.244814 -0.377073 0.224557 -0.141898 -0.053169 -0.076485 0.059898 -0.086589 
1.688608 -0.489139 0.597872 -0.495797 0.138114 0.137116 -0.417262 -0.169311 -0.448527 0.351359 -0.177346 0.008026 -0.015259 0.052953 -0.009868 
1.834740 -0.659041 0.599415 -0.462799 -0.022473 0.201570 -0.495867 -0.179488 -0.424589 0.321908 -0.088759 0.005363 0.038476 0.078357 -0.031230 
1.735897 -0.671391 0.497323 -0.538824 0.000421 0.110849 -0.438983 -0.219906 -0.403333 0.360694 -0.092355 0.074959 0.054398 0.083056 -0.001395 
1.588086 -0.866693 0.373579 -0.507774 -0.033569 -0.018567 -0.367471 -0.202107 -0.324000 0.266558 -0.030737 0.112308 0.178179 0.078075 -0.057356 
1.534913 -0.882273 0.445887 -0.570828 -0.109287 -0.107991 -0.262375 -0.150788 -0.349171 0.319234 0.027358 0.157508 0.156325 0.050084 -0.001857 
1.518415 -0.869065 0.396598 -0.634346 -0.146007 -0.051970 -0.198802 -0.203388 -0.266550 0.247355 0.150572 0.107080 0.103043 0.160964 -0.161001 
1.598440 -0.912678 0.349345 -0.732973 -0.134525 0.056838 -0.158067 -0.222539 -0.253274 0.318697 0.204987 0.101785 0.027474 0.096334 -0.218946 
1.536917 -1.024850 0.317893 -0.771928 -0.182781 0.024311 -0.093330 -0.124245 -0.173655 0.323502 0.213921 0.052746 0.001735 0.064681 -0.246453 
1.596126 -0.982275 0.270635 -0.816179 -0.212129 0.026171 -0.104003 0.012409 -0.149154 0.322816 0.205375 0.021090 -0.049038 0.038686 -0.209421 
1.684093 -0.798488 0.249978 -0.839511 -0.159858 0.045033 -0.146520 0.045303 -0.170110 0.376858 0.185657 -0.011344 -0.057673 0.000860 -0.196058 
1.772286 -0.751753 0.222161 -0.815377 -0.170176 0.111435 -0.194260 0.109807 -0.246059 0.363964 0.213371 0.013424 -0.073317 -0.013881 -0.179875 
1.906167 -0.894885 0.149351 -0.842790 -0.142704 0.142248 -0.236529 0.200384 -0.342517 0.387439 0.153747 0.010088 -0.014624 -0.043396 -0.148459 
1.898642 -0.902183 0.010337 -0.746518 -0.148889 0.188440 -0.276102 0.191184 -0.323205 0.344335 0.169752 0.056202 -0.007804 -0.110363 -0.135483 
1.882516 -0.897468 0.006813 -0.702548 -0.049719 0.040798 -0.259946 0.307999 -0.448625 0.339438 0.276598 0.038620 -0.097252 -0.066954 -0.117874 
1.768868 -0.837396 -0.058626 -0.633501 -0.021891 0.039147 -0.297436 0.272622 -0.438706 0.400577 0.242819 0.008853 -0.054144 -0.110486 -0.085183 
1.653357 -0.760886 -0.214807 -0.581489 -0.039227 0.037034 -0.244010 0.262015 -0.405788 0.390335 0.243032 -0.010956 -0.104862 -0.075951 -0.108143 
1.468127 -0.772325 -0.355430 -0.632775 -0.042174 0.021520 -0.178873 0.326188 -0.445224 0.491586 0.313164 -0.121190 -0.159591 -0.151722 -0.144024 
1.423928 -0.309907 -0.382028 -0.491221 -0.096435 0.068600 -0.077762 0.181060 -0.314767 0.432492 0.204642 -0.204264 -0.054078 -0.082451 -0.159441 
1.544711 -0.692813 -0.205193 -0.527158 -0.017368 0.027999 -0.204693 0.241398 -0.376143 0.466768 0.158651 -0.124197 -0.083908 -0.041305 -0.081784 
1.045364 -0.004953 -0.582077 -0.469012 -0.166276 0.215801 -0.162547 0.027905 -0.049527 0.403801 0.220785 -0.181549 -0.134204 -0.178575 -0.171692 
0.543954 -0.066413 -0.345514 -0.238065 -0.450415 0.089785 -0.147032 -0.017954 0.107383 0.192857 0.104651 -0.039358 -0.046965 0.054873 -0.196244 
0.278301 -0.133876 -0.439030 -0.340921 -0.330681 0.010151 -0.174028 -0.009394 0.010640 0.244425 0.166142 0.128633 -0.084608 -0.050694 -0.136733 
