city021_034
MEJIRO
54
0.540407 0.433592 0.112791 0.106594 -0.305566 0.081093 -0.186742 0.067221 0.024738 0.025367 -0.025574 0.037968 0.018046 -0.002331 -0.029413 
1.033005 0.454916 0.285370 0.256196 -0.250056 0.089118 -0.160354 0.024288 -0.172069 0.050821 -0.036891 -0.127878 0.058424 0.035357 -0.103704 
0.853146 0.079021 0.379666 0.311331 -0.250109 0.006389 -0.194000 -0.034261 -0.241379 0.092905 -0.052900 -0.139388 0.041529 0.126208 -0.136482 
0.960759 -0.089358 0.536026 0.340692 -0.204093 0.127220 -0.106137 0.003410 -0.435230 -0.015585 -0.050250 -0.252233 -0.072141 0.054807 -0.141145 
1.206070 0.095853 0.575846 0.372117 -0.224744 0.142587 -0.132364 -0.047578 -0.316795 -0.053994 -0.074216 -0.235002 -0.111256 0.097604 -0.201052 
1.244327 0.068850 0.666850 0.301204 -0.249468 0.261599 -0.147778 0.032210 -0.304609 -0.109394 -0.042671 -0.245339 -0.125257 0.060542 -0.197815 
1.387517 -0.066449 0.576634 0.426476 -0.289369 0.178554 -0.107139 0.058634 -0.302713 -0.149365 -0.070082 -0.190448 -0.159228 0.027393 -0.108160 
1.458003 -0.188564 0.563919 0.392938 -0.139828 0.160330 -0.176745 0.026685 -0.348698 -0.087759 -0.063654 -0.212894 -0.203806 0.121069 -0.155352 
1.612198 -0.289451 0.532061 0.409202 -0.115658 0.145336 -0.210015 -0.016777 -0.331493 -0.082342 -0.063441 -0.186755 -0.256706 0.164723 -0.109748 
1.467179 -0.763218 0.954568 -0.066390 -0.168057 -0.055248 -0.153370 0.092015 -0.432255 -0.067387 -0.158093 0.019666 -0.126506 0.063033 -0.064520 
1.300835 -0.914509 1.070861 -0.154695 -0.231608 -0.131000 -0.094221 0.037675 -0.369787 -0.075938 -0.069883 0.066864 -0.093679 0.028239 -0.003289 
1.247616 -0.929535 1.047670 -0.259679 -0.194715 -0.120286 -0.066254 -0.035028 -0.383723 -0.101676 -0.070188 0.097596 -0.102534 0.039591 0.019888 
1.191054 -0.878037 1.069755 -0.259113 -0.159469 -0.130757 -0.035298 -0.079237 -0.394272 -0.064746 -0.073766 0.068791 -0.130113 0.068720 0.035074 
1.165711 -0.796111 1.166463 -0.275314 -0.200897 -0.139427 -0.031792 -0.098122 -0.354710 -0.044216 -0.107479 0.059511 -0.118427 0.055689 0.046148 
1.147701 -0.722769 1.244166 -0.266888 -0.240842 -0.125008 -0.072733 -0.066686 -0.345987 -0.053461 -0.084180 0.025651 -0.105919 0.047345 0.034832 
1.166413 -0.684719 1.358056 -0.210452 -0.266060 -0.120533 -0.141293 -0.012053 -0.347664 -0.016913 -0.127378 0.076725 -0.106510 0.000721 0.071407 
1.269998 -0.700225 1.397999 -0.160163 -0.307539 -0.019752 -0.229838 0.031342 -0.350156 -0.044878 -0.137161 0.063731 -0.106643 -0.018500 0.058058 
1.325844 -0.701898 1.500309 -0.038582 -0.319751 0.020870 -0.273124 0.084116 -0.401543 -0.009838 -0.213141 0.092393 -0.125852 -0.061891 0.065794 
1.049921 -0.527391 1.299719 -0.019742 -0.196173 -0.104856 -0.170082 0.042794 -0.347314 -0.079677 -0.214346 0.101955 -0.151455 -0.067056 0.019003 
0.890148 -0.370366 1.148667 0.011805 -0.129025 -0.190017 -0.115525 0.036677 -0.283848 -0.080446 -0.270884 0.222278 -0.200575 -0.046244 -0.007054 
0.644441 -0.295379 1.050433 0.038742 0.012815 -0.333600 0.023830 -0.040698 -0.200924 -0.055353 -0.298436 0.262191 -0.194488 -0.040673 -0.019554 
0.195414 -0.451621 0.914255 -0.151361 0.320509 -0.314629 0.100409 -0.071191 -0.204386 0.114816 -0.253041 0.181822 -0.136263 -0.071917 0.078961 
-0.035580 -0.245481 1.077033 -0.233639 0.443017 -0.476591 0.058335 0.001298 -0.232082 0.119445 -0.375587 0.223635 -0.109532 -0.081887 0.038068 
-0.197296 -0.040009 1.182331 -0.187957 0.344107 -0.445242 0.057740 0.034017 -0.186951 -0.101244 -0.209315 0.251719 -0.281322 -0.015153 0.061299 
-0.008628 -0.258992 1.166316 -0.128257 0.342421 -0.430283 -0.038425 0.128712 -0.307278 -0.007738 -0.223771 0.083183 -0.057026 -0.118285 0.021256 
0.074408 -0.255837 1.203574 -0.229848 0.190880 -0.357835 -0.058110 0.132924 -0.227201 0.039000 -0.185431 0.131285 0.048477 -0.153606 0.037823 
0.242262 -0.380698 1.347128 -0.314271 0.187103 -0.269883 -0.196333 0.242319 -0.326967 0.045159 -0.150936 0.060538 0.073360 -0.147792 0.015311 
0.542929 -0.610630 1.280864 -0.134280 0.066199 -0.237986 -0.114511 0.138514 -0.374536 0.025362 -0.149879 0.005999 -0.009577 -0.072240 -0.086132 
0.757166 -0.663073 1.296653 -0.040483 -0.094325 -0.214645 -0.116171 0.151323 -0.363616 -0.033856 -0.066564 0.017904 -0.066483 -0.005870 -0.086716 
0.911615 -0.750852 1.411093 0.095167 -0.172985 -0.101287 -0.204212 0.175292 -0.401044 -0.034481 -0.173387 0.047118 -0.102407 -0.053960 -0.062419 
1.010203 -0.790970 1.447609 -0.000423 -0.080420 -0.105342 -0.197753 0.206567 -0.456986 -0.010345 -0.215731 0.063387 -0.172254 -0.017756 -0.093346 
1.126191 -0.967836 1.484954 0.018326 -0.152962 -0.002737 -0.274573 0.237680 -0.481541 -0.078782 -0.130846 -0.011057 -0.209102 0.060104 -0.163277 
1.136981 -1.037986 1.448308 0.188000 -0.275860 0.106186 -0.423884 0.192866 -0.298698 -0.251989 -0.087280 -0.055447 -0.148671 0.084956 -0.255272 
1.153685 -1.046810 1.375457 0.329152 -0.254244 0.006016 -0.371180 0.098030 -0.224521 -0.100058 -0.306410 0.033041 -0.054061 0.012696 -0.132712 
1.188775 -0.946322 0.924268 0.501354 -0.264599 -0.082859 -0.193491 0.008853 -0.268356 0.025068 -0.244938 -0.030688 -0.042664 0.068656 -0.130381 
1.362855 -1.078664 0.218778 0.512455 -0.248389 0.081239 -0.203201 0.057360 -0.104611 0.020508 -0.024728 -0.010402 -0.012655 0.073355 -0.100455 
1.786407 -0.984008 0.404689 0.441913 -0.472662 0.140111 -0.257842 -0.095559 -0.215004 0.065997 0.013111 -0.091444 -0.014572 0.118675 -0.014076 
1.952711 -0.822617 0.546866 0.269877 -0.489435 0.426880 -0.375366 -0.373019 -0.207163 0.075758 0.002483 -0.080742 -0.085265 0.094206 0.023753 
1.940900 -0.641072 0.598227 -0.141478 -0.324247 0.290164 -0.250350 -0.354806 -0.405922 0.155230 -0.071657 0.111574 -0.088506 0.101757 -0.014170 
2.077879 -0.543281 0.604928 -0.248440 -0.507070 0.541106 -0.321848 -0.250505 -0.400842 -0.096334 0.093465 0.140066 -0.081066 0.230401 -0.138506 
2.115505 -0.414686 0.438334 -0.300140 -0.611776 0.608854 -0.334812 -0.234019 -0.313405 -0.219750 0.237144 0.115849 0.004237 0.302756 -0.206701 
1.855185 -0.213666 0.376999 -0.512414 -0.544713 0.461508 -0.277506 -0.105387 -0.406234 -0.147361 0.155577 0.099766 0.128124 0.367362 -0.193265 
1.551912 -0.097375 0.377233 -0.726308 -0.276415 0.169817 -0.169616 -0.013098 -0.578926 -0.005520 0.106068 0.147056 0.138396 0.384483 -0.148506 
1.751092 -0.112737 0.309679 -0.626412 -0.477859 0.216447 -0.188490 0.059362 -0.446537 -0.074220 0.115922 0.141960 0.095559 0.397571 -0.041319 
1.860846 -0.088863 0.244863 -0.577733 -0.579952 0.177665 -0.148691 0.043611 -0.319349 -0.053353 0.040407 0.156396 0.038156 0.386838 0.004546 
1.924345 -0.088037 0.235509 -0.587926 -0.577508 0.143423 -0.149236 0.107076 -0.321559 -0.000239 0.063925 0.047836 0.059472 0.357762 -0.052405 
1.720771 0.037765 0.119210 -0.664041 -0.609738 0.043962 -0.089400 0.167807 -0.381114 0.024727 0.040443 0.043943 0.099104 0.418028 0.058778 
1.801778 -0.016518 0.164439 -0.633863 -0.684618 0.043666 -0.111401 0.198790 -0.291982 0.017523 -0.002626 0.055631 -0.022465 0.408385 0.078137 
1.562093 0.548362 -0.032526 -0.662563 -0.534593 0.054426 -0.015653 0.121597 -0.377492 0.083859 -0.035542 -0.065198 0.230349 0.331366 -0.039259 
1.772142 -0.031437 0.157779 -0.641503 -0.737227 0.095749 -0.179761 0.211358 -0.153469 -0.022263 0.079679 -0.035276 0.000504 0.322250 0.008413 
1.258292 0.181117 -0.036073 -0.611806 -0.787132 0.004460 -0.105712 0.257076 -0.283526 0.004929 0.100508 -0.115952 0.150717 0.356036 0.123801 
0.953514 0.403446 -0.214538 -0.528816 -0.626906 -0.084906 -0.073213 0.179615 -0.157977 -0.076161 0.008901 0.029847 0.086098 0.255345 0.110157 
0.457987 0.298750 -0.231664 -0.355190 -0.498201 0.009377 -0.090843 0.108868 -0.147271 -0.059805 0.111697 0.082222 0.030759 0.156442 -0.001112 
0.143512 -0.056924 -0.176715 0.141130 -0.369862 -0.017713 -0.141580 -0.100801 -0.132083 0.024901 0.154930 0.023867 -0.010923 0.103786 -0.070014 
