city021_004
EDOGAWA
58
-0.083115 0.163269 0.204026 0.241691 -0.085208 -0.022093 -0.335995 -0.131533 -0.149064 0.060494 -0.158753 -0.055599 0.044931 0.043753 -0.015999 
-0.099028 0.137638 0.157480 0.147357 -0.144249 0.032138 -0.217787 0.091651 -0.236429 0.005187 0.087016 -0.095457 0.008445 0.059776 -0.043104 
0.942129 -0.828834 0.863465 -0.139397 -0.172071 -0.227567 -0.260617 0.141070 -0.311149 0.239015 -0.212142 0.125876 0.090423 0.045894 -0.117532 
1.276111 -0.602015 1.071469 -0.095449 -0.193696 -0.260663 -0.377316 0.209289 -0.302086 0.143864 -0.120134 0.153309 0.074025 0.129433 -0.134261 
1.487794 -0.866459 1.064425 -0.136677 -0.338338 -0.174146 -0.528140 0.227286 -0.275041 0.023681 -0.043984 0.094656 0.131717 0.166568 -0.206513 
1.424412 -0.948601 1.134183 -0.115760 -0.338605 -0.203505 -0.485704 0.180961 -0.253796 0.099034 -0.089410 0.152392 0.124803 0.149363 -0.153734 
1.436966 -0.948755 1.060528 -0.227929 -0.269526 -0.224171 -0.436816 0.171601 -0.315288 0.093244 -0.090298 0.101295 0.116635 0.144625 -0.153922 
1.412886 -0.966257 1.029673 -0.114240 -0.167282 -0.248959 -0.412885 0.183765 -0.332462 0.084302 -0.177330 0.092017 0.121501 0.072360 -0.121202 
1.563656 -0.960876 0.996101 0.032232 -0.115323 -0.172550 -0.435363 0.121290 -0.282505 0.079297 -0.322111 0.077243 0.087083 0.083641 -0.182664 
1.623561 -0.700705 0.651637 0.182362 -0.044653 -0.092177 -0.437467 0.081706 -0.200207 0.137185 -0.309395 -0.038284 0.093993 0.112781 -0.178780 
1.381382 -0.419913 0.261900 0.299873 0.000710 0.143322 -0.252595 0.086618 -0.099132 0.170984 -0.148587 -0.159387 0.040558 0.187645 -0.177592 
0.917845 0.063409 0.372890 0.557280 0.081095 0.181100 -0.267958 -0.112238 -0.041221 0.049550 -0.190330 -0.239922 -0.099417 0.148333 -0.205891 
0.883510 -0.042770 0.298691 0.617367 0.107330 0.119081 -0.211459 -0.056606 -0.183480 0.122411 -0.169125 -0.277005 -0.080829 0.095473 -0.126636 
0.906155 -0.971038 0.456751 -0.129330 -0.002032 0.131772 -0.199085 0.112124 -0.132475 0.122699 -0.086306 0.064205 -0.048939 0.029697 -0.008002 
1.661829 -0.762217 0.516778 -0.024294 0.175973 0.009292 -0.340474 -0.109992 -0.393044 0.171168 -0.188073 -0.112264 -0.105851 0.169208 -0.095258 
1.961494 -0.710777 0.683939 -0.369863 -0.047677 0.238590 -0.251080 0.091952 -0.224794 0.144441 -0.165623 0.042692 -0.032140 0.058361 -0.057006 
1.947024 -0.592176 0.622765 -0.392295 -0.085578 0.257224 -0.366643 -0.141787 -0.448240 0.187335 0.084435 -0.071252 0.016722 0.106885 -0.127375 
1.979678 -0.538105 0.592371 -0.515539 -0.055413 0.215762 -0.332960 -0.031258 -0.592649 0.118131 0.002072 -0.031659 0.033206 0.150440 -0.149900 
1.961171 -0.355928 0.469190 -0.551362 -0.144603 0.100950 -0.249637 0.074746 -0.591106 0.050993 -0.003006 -0.161234 0.132730 0.225096 -0.149942 
2.131175 -0.343108 0.564568 -0.658280 -0.256595 0.215382 -0.217664 0.175816 -0.659956 0.022154 -0.059239 -0.109170 0.153585 0.274120 -0.100800 
1.922196 -0.277842 0.518030 -0.632107 -0.161695 0.027523 -0.243683 0.166606 -0.490961 0.001300 -0.142997 -0.067548 0.081046 0.178037 -0.020618 
1.921936 -0.281045 0.478415 -0.521023 -0.053321 -0.160226 -0.331433 0.202971 -0.334152 0.043551 -0.286600 -0.023783 0.003746 0.129333 -0.049155 
1.998922 -0.354630 0.390323 -0.479743 0.031545 -0.172592 -0.236339 0.195604 -0.396372 0.074657 -0.372380 -0.044058 -0.024280 0.177358 -0.048780 
1.884511 -0.116093 0.548964 -0.488859 -0.185647 0.003476 -0.067126 0.110729 -0.497464 0.028763 -0.251053 -0.039704 -0.072418 0.203514 -0.017174 
1.851106 0.106134 0.351846 -0.544585 -0.074687 0.012462 0.087831 0.122414 -0.645254 0.028898 -0.204384 -0.024570 -0.018006 0.307798 -0.037887 
1.852502 -0.078527 0.326048 -0.503021 -0.049759 0.079923 0.026519 0.092479 -0.657036 0.089027 -0.172668 0.004530 -0.000931 0.270116 -0.111543 
1.795641 -0.238843 0.353154 -0.405839 0.015767 0.111017 -0.135390 -0.022223 -0.700377 0.158546 -0.037273 0.043673 -0.039014 0.172204 -0.144294 
1.794454 -0.376689 0.420184 -0.426116 0.028769 0.076341 -0.210997 -0.077446 -0.652949 0.171942 -0.007611 0.057818 -0.057333 0.168545 -0.116794 
1.752592 -0.523679 0.491760 -0.508403 -0.002033 0.024158 -0.248870 -0.054619 -0.597919 0.226834 0.031488 0.060162 -0.038599 0.212556 -0.105036 
1.778179 -0.846035 0.537854 -0.539751 -0.116078 -0.104159 -0.272170 0.107545 -0.529157 0.228909 0.012434 0.028270 0.080532 0.226449 -0.075308 
1.601702 -0.768574 0.525502 -0.694612 -0.165528 -0.223939 -0.126683 0.054011 -0.372629 0.205244 0.163860 0.016927 0.091776 0.224669 -0.104849 
1.553355 -0.851321 0.459208 -0.627441 -0.108617 -0.312946 -0.172917 0.031677 -0.226767 0.231527 0.162124 0.093133 0.002908 0.206473 -0.081610 
1.554178 -0.816996 0.439526 -0.567117 -0.015768 -0.423404 -0.183866 0.001356 -0.129753 0.300554 0.118315 0.026317 0.046527 0.194625 -0.120965 
1.493278 -0.755943 0.478953 -0.700670 -0.105018 -0.314953 -0.105900 0.051216 -0.225217 0.304492 0.128023 0.060141 -0.005144 0.167319 -0.101878 
1.585862 -0.805761 0.398585 -0.713248 -0.182866 -0.307781 -0.037756 0.104716 -0.226150 0.243812 0.122387 0.038227 -0.004792 0.207932 -0.121993 
1.663957 -0.779989 0.304137 -0.711919 -0.211422 -0.300428 -0.017355 0.131058 -0.262718 0.214823 0.129830 0.039602 0.011492 0.231728 -0.095173 
1.778603 -0.849677 0.284104 -0.672674 -0.267850 -0.288102 -0.052991 0.186517 -0.269262 0.192802 0.075418 0.092402 -0.012599 0.253551 -0.024833 
1.834649 -0.897759 0.315117 -0.591792 -0.256791 -0.256288 -0.129224 0.154737 -0.205952 0.110229 0.066843 0.155247 -0.009457 0.187119 -0.007762 
1.772495 -0.923874 0.337045 -0.530265 -0.170137 -0.260878 -0.218011 0.115417 -0.198476 0.049972 0.064366 0.126420 0.101517 0.172663 -0.073422 
1.728297 -0.986157 0.371366 -0.523971 -0.123016 -0.272217 -0.260357 0.114265 -0.245818 0.078377 0.022840 0.163017 0.136319 0.164798 -0.059175 
1.714184 -0.987884 0.353588 -0.534174 -0.147484 -0.262192 -0.259038 0.135335 -0.258528 0.072693 0.034085 0.170355 0.129038 0.194088 -0.080968 
1.772955 -0.968192 0.378806 -0.494548 -0.163579 -0.314444 -0.269934 0.110552 -0.171615 0.129576 0.023578 0.196121 0.064848 0.147131 -0.017347 
1.816549 -0.912913 0.388913 -0.553448 -0.206433 -0.308837 -0.178299 0.117857 -0.191718 0.164303 0.063673 0.163322 -0.023792 0.194539 -0.025939 
1.770711 -0.949996 0.255309 -0.674501 -0.228239 -0.147348 -0.088111 0.108028 -0.297740 0.160254 0.121431 0.170838 -0.025719 0.238065 -0.064088 
1.620632 -1.059459 0.147771 -0.698511 -0.197680 -0.097347 0.015740 0.018254 -0.269095 0.213389 0.191500 0.167297 -0.025769 0.101854 -0.129549 
1.623504 -1.134850 0.127779 -0.740343 -0.209305 -0.040699 0.085151 -0.005266 -0.177249 0.195781 0.167854 0.174083 -0.070612 -0.013367 -0.117102 
1.642216 -1.096894 0.121388 -0.780676 -0.262689 0.005369 0.084572 0.085028 -0.122958 0.136271 0.132609 0.142313 -0.082576 -0.039900 -0.076068 
1.706673 -1.004210 0.123596 -0.819690 -0.285185 0.039609 0.047269 0.165151 -0.145853 0.144673 0.141296 0.110722 -0.155619 0.036709 -0.091098 
1.793642 -0.937856 0.103953 -0.859656 -0.246230 0.012505 0.050092 0.190941 -0.214555 0.218217 0.129924 0.100571 -0.168322 0.057019 -0.067198 
1.824461 -0.807385 0.067707 -0.842653 -0.206846 0.062793 -0.008058 0.203092 -0.280702 0.260891 0.193150 0.082405 -0.189211 0.038869 -0.118151 
1.969114 -0.803544 -0.045836 -0.774203 -0.225230 0.140351 -0.055826 0.230314 -0.356860 0.324328 0.227871 0.034687 -0.190075 0.002104 -0.119516 
2.026417 -0.712704 -0.139697 -0.687653 -0.252229 0.192872 -0.116445 0.277223 -0.420809 0.245355 0.307809 0.007468 -0.117269 -0.005684 -0.151075 
1.964104 -0.619013 -0.194220 -0.652380 -0.139778 0.184895 -0.084670 0.184883 -0.429748 0.257636 0.243520 0.016589 -0.099011 0.006571 -0.160337 
1.879651 -0.601257 -0.277431 -0.498801 -0.210127 0.087440 -0.171222 0.123944 -0.405942 0.334378 0.242241 0.022556 -0.068300 0.053277 -0.102887 
1.568987 -0.296309 -0.543840 -0.433337 -0.381240 0.162074 -0.016464 0.151611 -0.246848 0.217056 0.429842 -0.034299 -0.214809 -0.015878 -0.316426 
1.255146 -0.856285 -0.407806 -0.345774 -0.089972 -0.008473 0.093878 0.151823 -0.378245 0.302412 0.040578 0.018590 -0.069043 0.030711 -0.084162 
1.482690 -0.437039 -0.552244 -0.322354 -0.291324 0.066064 0.107253 0.050409 -0.364652 0.366744 0.202193 0.049565 -0.108655 -0.113606 -0.144246 
0.545033 -0.220277 -0.606878 -0.419673 -0.369236 0.247259 -0.103382 0.010086 -0.149961 0.243064 0.285999 0.082329 -0.103383 -0.168619 -0.197618 
