city021_038
YOTSUYA
54
0.062163 -0.019697 -0.014947 0.336766 -0.219319 0.185228 -0.218881 -0.154205 0.011300 -0.067688 0.024348 -0.000114 -0.064250 0.070920 -0.071508 
-0.102505 -0.061351 -0.106000 0.125306 -0.204405 0.161783 -0.049291 -0.066109 -0.077834 0.155855 -0.052108 -0.045315 0.042740 0.030374 -0.086089 
0.425325 -0.498688 1.390179 -0.013116 -0.240137 -0.051365 -0.203939 0.204170 -0.465489 0.131411 -0.122821 -0.015280 -0.003587 0.001402 -0.073871 
1.071617 -0.290184 1.123915 0.211327 -0.074870 -0.201514 -0.335847 0.230747 -0.465464 -0.036556 -0.206003 -0.035661 0.002916 0.000700 -0.160862 
1.307144 -0.410750 0.892681 0.130395 0.061864 -0.075636 -0.504303 0.110530 -0.341217 0.047818 -0.166047 -0.213369 -0.001620 0.238545 -0.233855 
1.589642 -0.468850 0.690793 -0.039856 0.059552 0.121454 -0.550648 -0.005892 -0.368266 0.165775 0.001629 -0.318129 -0.028824 0.296480 -0.169468 
1.712429 -0.412146 0.587133 -0.293821 -0.040725 0.270670 -0.506265 -0.104221 -0.453389 0.184808 0.139848 -0.155141 -0.064681 0.236205 -0.186137 
1.797031 -0.235017 0.586485 -0.321836 -0.035458 0.322917 -0.453383 -0.134285 -0.450625 0.161785 0.207883 -0.115216 -0.047771 0.199053 -0.221028 
1.821263 -0.083798 0.508611 -0.330324 -0.007614 0.309623 -0.342431 -0.150665 -0.426789 0.146203 0.184367 -0.079955 0.002977 0.118306 -0.220999 
1.969769 -0.494475 0.626362 -0.240425 0.078413 0.295009 -0.408227 0.083366 -0.464646 0.085472 -0.041378 -0.052274 -0.084773 0.037135 -0.079602 
1.876097 -0.290309 0.447043 -0.184749 0.086293 0.292262 -0.324508 -0.069748 -0.304643 0.069102 -0.075937 -0.152956 -0.049627 0.055367 -0.130442 
1.707917 -0.095116 0.460425 -0.232042 0.370729 0.310119 -0.184876 -0.119976 -0.395611 0.210510 -0.162067 -0.079482 -0.154658 -0.021744 -0.165301 
0.943738 0.559283 0.292705 0.095973 0.383652 0.286848 -0.142108 -0.105932 -0.156482 0.215444 -0.094552 -0.013197 -0.147581 -0.008514 -0.020720 
0.337291 0.322863 0.291759 0.446734 0.101549 0.319415 -0.091691 -0.138080 -0.112734 -0.013362 -0.085047 -0.110363 -0.113365 -0.105532 -0.078274 
0.437931 0.363609 0.231833 0.385239 0.169608 0.429381 -0.035212 -0.088388 -0.239605 0.058581 0.024672 -0.093955 -0.127145 -0.122300 -0.076895 
0.323496 0.180198 0.072337 0.356884 0.001642 0.260489 -0.082190 0.082694 -0.030173 0.165010 -0.010758 -0.103736 0.148162 0.006385 -0.089976 
-0.346519 -0.424366 0.536432 0.180447 -0.031223 -0.016709 0.025141 -0.080214 0.017718 0.080472 -0.160563 0.173632 -0.183491 0.148681 -0.063537 
-0.585982 -0.872643 0.572296 -0.131152 -0.067444 -0.279566 0.113974 -0.132514 0.146279 0.034514 -0.151368 0.203462 -0.167883 0.156111 -0.099698 
-0.751542 -0.467941 0.232682 -0.234502 0.222504 0.102393 0.061828 -0.125958 -0.115944 0.106435 0.018623 0.075815 -0.128640 0.044474 -0.027981 
-0.804336 -0.490450 0.222344 -0.306463 0.115646 -0.175894 0.061350 -0.133568 0.165719 -0.021757 -0.008785 0.055307 -0.132649 0.144562 -0.101392 
-0.867494 -0.639179 0.195897 -0.208852 0.236424 -0.213249 0.264398 -0.200992 0.116034 -0.070899 -0.028579 0.123644 -0.127335 0.088269 -0.055706 
-0.788599 -0.447485 0.190823 -0.193528 0.400122 -0.308187 0.340308 -0.041044 -0.164253 0.066610 0.007893 0.027678 0.007426 -0.045252 0.039795 
-0.666939 -0.458853 0.471149 -0.304250 0.355120 -0.563722 0.279166 0.051906 -0.143958 0.078621 -0.056759 0.102254 -0.078612 -0.003772 0.021051 
0.504078 -0.414562 0.627172 0.025061 0.277379 -0.390215 -0.134263 -0.193418 -0.104412 0.125969 -0.263109 -0.039765 -0.038398 0.220389 -0.136108 
1.035359 -0.555716 0.744542 0.097112 0.279270 -0.352630 -0.221576 -0.053894 -0.187972 0.109513 -0.330370 -0.083823 -0.011123 0.208619 -0.229208 
1.333754 -0.768672 0.906454 0.130464 0.032704 -0.210918 -0.341882 0.097960 -0.281417 0.036297 -0.321854 -0.027652 0.051966 0.081983 -0.201740 
1.248089 -0.841089 1.141619 0.119671 -0.127428 -0.218612 -0.263249 0.153663 -0.393891 -0.026810 -0.227400 0.052825 -0.032240 0.011673 -0.098363 
1.221173 -0.889121 1.400414 0.027766 -0.234475 -0.116611 -0.249404 0.166745 -0.479974 0.033295 -0.204850 0.054672 -0.078713 -0.030854 -0.007004 
0.984917 -0.839938 1.556582 -0.055032 -0.245731 -0.064529 -0.254892 0.158208 -0.466696 0.000658 -0.164588 0.060877 -0.127990 -0.034344 0.033394 
0.966622 -0.896047 1.613286 -0.176659 -0.182740 -0.058030 -0.256076 0.174027 -0.512393 0.015130 -0.142666 0.022889 -0.146262 -0.019601 0.050349 
1.017796 -0.846797 1.633211 -0.196159 -0.248842 -0.031909 -0.299322 0.162435 -0.479171 -0.006007 -0.114004 0.049292 -0.142796 -0.007203 0.092031 
1.222082 -1.007427 1.610207 -0.234144 -0.338107 0.007460 -0.331368 0.176256 -0.514889 0.025107 -0.103968 0.050105 -0.138587 0.046575 0.050236 
1.190040 -0.953887 1.321730 -0.215411 -0.265980 -0.159756 -0.265593 0.067570 -0.421660 -0.025778 -0.049650 0.076837 -0.099958 0.096160 0.061499 
1.297323 -1.096564 0.929817 -0.285706 -0.056725 -0.235629 -0.230062 0.010937 -0.436757 0.001582 -0.055753 0.139832 -0.052865 0.102542 0.044741 
1.213687 -1.075122 0.979887 -0.193488 -0.181188 -0.396569 -0.261819 0.139248 -0.178407 0.015502 0.020659 0.138652 0.055212 0.086534 -0.018033 
1.357519 -1.120538 0.773588 -0.218201 -0.215896 -0.401830 -0.332157 0.063242 0.030865 0.018342 0.077711 0.147155 0.062679 0.192006 -0.127267 
1.349496 -0.873090 0.592016 -0.274265 -0.111866 -0.395931 -0.302455 -0.094641 0.118650 0.205118 0.027150 0.106432 0.066413 0.169214 -0.035452 
1.503751 -0.933593 0.534666 -0.428884 0.066703 -0.396664 -0.306525 0.011694 -0.018840 0.380265 0.103454 -0.030059 -0.010839 0.197019 -0.008752 
1.516570 -0.948150 0.419456 -0.446546 0.067648 -0.328002 -0.300915 0.030814 0.044211 0.396879 0.097283 -0.026783 -0.088352 0.114017 0.072511 
1.497684 -1.067803 0.298322 -0.570136 0.039704 -0.243854 -0.269706 0.029987 0.075745 0.356203 0.130051 -0.029093 -0.124747 0.045636 0.007429 
1.589949 -1.122826 0.203408 -0.647477 -0.018924 -0.132954 -0.154341 0.068066 0.006885 0.327885 0.155818 -0.031904 -0.183783 -0.030402 -0.032741 
1.535704 -1.075775 0.210486 -0.651947 -0.131405 -0.105196 -0.092614 0.103864 -0.075064 0.323700 0.169656 -0.004743 -0.171462 -0.063828 -0.006602 
1.575108 -1.075650 0.229802 -0.665628 -0.099628 -0.135213 -0.086821 0.085816 -0.059547 0.308045 0.187445 -0.010384 -0.198696 -0.002217 -0.036001 
1.535899 -0.969350 0.085016 -0.540661 -0.070638 -0.132034 -0.164941 0.027007 -0.047968 0.362736 0.229605 -0.041366 -0.219062 0.035854 0.007056 
1.763993 -0.888623 -0.012007 -0.557529 -0.090251 -0.042350 -0.212091 0.120187 -0.133777 0.375247 0.265479 -0.044803 -0.307646 0.071665 -0.014411 
1.809554 -0.761179 -0.104841 -0.470437 -0.150350 0.018597 -0.292261 0.120388 -0.182675 0.435448 0.294820 -0.085717 -0.251708 0.048197 0.035113 
1.786271 -0.585947 -0.161642 -0.408107 -0.228785 0.059808 -0.301190 0.119303 -0.178214 0.432270 0.324117 -0.163734 -0.157083 0.030249 -0.066671 
1.697787 -0.612355 -0.275844 -0.423133 -0.215794 0.031221 -0.244291 0.033145 -0.178712 0.448413 0.366840 -0.131679 -0.202492 0.055282 -0.096264 
1.543537 -0.852083 -0.061407 -0.335778 -0.339674 -0.013659 -0.079007 0.053980 -0.194409 0.493019 -0.000906 0.065185 -0.144772 0.001349 -0.003848 
1.329279 -0.505699 -0.231778 -0.389463 -0.120943 -0.050785 -0.124314 0.138273 -0.306071 0.534671 0.156443 -0.089205 -0.155589 -0.018067 -0.037873 
1.238125 -0.818664 -0.342569 -0.448725 0.034219 -0.023642 -0.135514 0.166612 -0.377872 0.579097 0.105043 -0.092719 -0.196391 -0.044038 0.021974 
0.715946 -0.401835 -0.686637 -0.224582 -0.279612 0.118787 -0.180183 -0.041994 0.025493 0.418784 0.192036 -0.091770 -0.199728 -0.109554 -0.058814 
0.286841 -0.522885 -0.463023 -0.004902 -0.355451 0.010184 -0.171402 -0.010078 -0.024218 0.298830 0.238367 -0.092771 -0.163055 0.060342 -0.061340 
0.204760 -0.367758 -0.371831 -0.177841 -0.271832 0.004392 -0.276406 0.128559 0.113971 0.225450 0.057763 -0.057443 -0.070917 -0.010962 -0.053867 
