city021_046
GINZA
62
-0.152570 -0.177267 -0.115718 0.005044 -0.200724 0.088574 -0.198435 -0.036202 -0.077602 0.035225 0.082123 0.099864 -0.117105 0.026328 0.050904 
-0.221686 0.063770 -0.093126 0.041193 -0.199642 0.215254 -0.037289 -0.059768 -0.179763 0.087118 0.060749 -0.044947 0.004360 0.056445 -0.099255 
0.494183 0.439618 0.271708 0.330192 0.048584 0.135002 -0.080833 0.048785 -0.115122 -0.055863 -0.043803 -0.020478 -0.113731 0.037927 -0.087500 
0.975730 0.532707 0.429009 0.495151 -0.251987 0.124724 -0.115897 -0.170593 -0.145328 -0.119514 -0.170700 -0.098156 -0.128789 -0.015939 -0.065878 
0.945370 0.690621 0.383838 0.298343 -0.342155 -0.010501 0.013804 -0.111395 -0.300170 -0.039772 -0.173160 -0.130987 -0.120233 0.004895 -0.052760 
0.813342 0.617349 0.276082 0.077464 -0.156149 0.136077 -0.083466 -0.048439 -0.237941 -0.151700 -0.167185 -0.094427 -0.110198 0.002903 -0.081678 
0.427811 0.476852 0.593556 0.026857 0.024620 0.213854 -0.195936 -0.001740 -0.194845 -0.067065 -0.181668 -0.039359 -0.105546 -0.086317 -0.009337 
0.354479 -0.329543 0.776986 -0.197341 0.116584 0.189369 -0.276198 0.146415 -0.207862 0.066652 -0.099355 0.101095 -0.148995 0.060984 -0.006643 
0.391280 -0.625321 0.950195 -0.474097 0.199367 0.119464 -0.287705 0.157875 -0.258709 0.074346 -0.111540 0.179320 -0.211048 0.093776 0.010641 
0.497303 -0.381556 1.086303 -0.361454 0.127058 0.202696 -0.266387 0.201612 -0.334110 -0.054742 0.004118 0.045554 -0.265448 0.147076 -0.024615 
0.630703 -0.349746 1.296548 -0.402181 0.181506 0.221549 -0.324206 0.239580 -0.420643 -0.136630 -0.026177 -0.027917 -0.328153 0.100008 -0.031986 
0.623090 -0.250163 1.640887 -0.267451 -0.022337 0.197861 -0.320627 0.251425 -0.389502 -0.135999 -0.027841 -0.012548 -0.418840 0.185069 -0.028261 
0.679892 -0.338937 1.803874 -0.158075 -0.133806 0.259111 -0.337344 0.232774 -0.384091 -0.122990 -0.039402 -0.027002 -0.387129 0.161122 -0.025732 
0.616752 -0.363138 1.755692 -0.199411 -0.072282 0.224259 -0.289787 0.210047 -0.368535 -0.122935 -0.059895 -0.001399 -0.421997 0.152032 -0.002641 
0.655717 -0.419727 1.722731 -0.144588 -0.096523 0.239722 -0.312785 0.214744 -0.360221 -0.138971 -0.050440 -0.010323 -0.419793 0.157392 -0.015593 
0.955446 -0.310457 1.574574 -0.397946 -0.154740 0.229893 -0.302727 0.172520 -0.393648 -0.101285 -0.087906 -0.012339 -0.378487 0.170032 -0.004547 
1.112881 -0.146524 1.481159 -0.364061 -0.267552 0.169778 -0.283342 0.135043 -0.364870 -0.073136 -0.101596 0.022846 -0.362398 0.149123 0.031857 
1.309544 -0.097181 1.246260 -0.303098 -0.392349 0.212485 -0.150557 0.122591 -0.320205 -0.053235 -0.187398 -0.021936 -0.361356 0.106026 0.000758 
1.469317 -0.117493 1.044881 -0.199842 -0.500988 0.299576 -0.088117 0.159369 -0.328062 -0.008695 -0.289163 -0.147936 -0.182130 -0.038880 -0.023450 
1.537163 -0.113885 0.854951 -0.170534 -0.424417 0.457633 -0.007475 -0.099416 -0.209243 -0.069109 -0.408473 0.008452 -0.163746 0.035948 -0.073759 
1.492203 -0.171789 0.930312 -0.075474 -0.411584 0.493952 -0.096765 -0.155135 -0.225772 -0.042722 -0.308060 -0.032294 -0.133004 0.026067 -0.142320 
1.400062 -0.236404 1.076482 -0.080179 -0.404809 0.477626 -0.110428 -0.182510 -0.251712 0.007815 -0.305087 -0.036157 -0.154896 0.048009 -0.150609 
1.486256 -0.221773 1.027280 0.018898 -0.398798 0.458579 -0.134036 -0.185623 -0.286501 0.050612 -0.297698 -0.038279 -0.150976 0.047894 -0.148410 
1.340425 -0.154054 1.061671 -0.012515 -0.442186 0.407035 -0.067120 -0.187502 -0.267642 0.051429 -0.333897 -0.037563 -0.156103 0.037878 -0.123045 
1.410183 -0.240582 1.046794 0.056580 -0.408257 0.403107 -0.113572 -0.187116 -0.249644 0.024135 -0.291232 -0.055149 -0.149061 0.032101 -0.140882 
1.528375 -0.316799 1.168095 0.021152 -0.504207 0.491211 -0.183238 -0.160839 -0.233687 -0.006956 -0.253461 -0.103882 -0.118223 0.038681 -0.171711 
1.481748 -0.246118 1.111000 0.031844 -0.461793 0.442057 -0.127756 -0.206411 -0.248953 0.045485 -0.307501 -0.049902 -0.143291 0.052669 -0.164105 
1.411226 -0.219974 1.065683 0.068155 -0.464434 0.437864 -0.124195 -0.211632 -0.205584 -0.014132 -0.265212 -0.074548 -0.144144 0.052050 -0.179078 
1.490429 -0.224853 1.018785 0.190978 -0.530099 0.501635 -0.216748 -0.201597 -0.154480 -0.073567 -0.174580 -0.180643 -0.035319 -0.019699 -0.170814 
1.473909 -0.174573 1.017393 0.196058 -0.513776 0.498198 -0.213549 -0.230084 -0.150632 -0.067779 -0.174476 -0.191595 -0.036429 0.005405 -0.216810 
1.305038 -0.409428 0.734069 0.023172 0.087101 0.103897 -0.183064 -0.086656 -0.230523 0.056297 -0.239259 -0.073093 -0.070004 0.035045 -0.170669 
1.520959 -0.329196 0.536648 0.360835 -0.038540 0.121245 -0.252590 -0.211420 -0.078963 0.152605 -0.371948 -0.104872 -0.027800 0.074945 -0.152463 
1.188690 -0.016876 0.369167 0.293236 0.124859 -0.030198 -0.220252 -0.271911 -0.049469 0.180967 -0.332217 -0.176413 0.038075 0.080933 -0.121257 
1.123662 -0.202196 0.248019 0.206794 0.190556 -0.058641 -0.204241 -0.202380 -0.046218 0.110667 -0.237521 -0.192039 0.083366 0.083883 -0.181162 
0.839529 -0.293456 0.367866 0.339388 0.218472 -0.133250 -0.206488 -0.231298 -0.027579 0.046965 -0.230877 -0.145560 -0.089793 0.175056 -0.119682 
0.582741 -0.171523 0.474138 0.184040 0.233797 -0.033557 -0.278991 -0.316955 0.075871 0.049843 -0.263905 -0.151276 -0.036839 0.117612 -0.068727 
0.614342 -0.223403 0.495065 0.197951 0.136269 -0.084759 -0.206321 -0.313590 0.044849 0.001161 -0.154127 -0.200018 0.057729 0.047399 -0.046824 
0.896913 -0.319010 0.399638 0.071328 0.164237 0.016601 -0.313851 -0.310151 -0.011437 0.081842 -0.184175 -0.144182 -0.009726 0.092495 -0.019554 
1.362605 -0.503676 0.346965 0.024168 0.108101 -0.044579 -0.382822 -0.265765 -0.159383 0.161786 -0.183978 -0.145984 -0.013642 0.208997 -0.037999 
1.586930 -0.695482 0.472727 -0.045892 0.072897 0.065979 -0.493495 -0.185885 -0.221787 0.184689 -0.206200 -0.174352 0.053040 0.152471 -0.033781 
1.803917 -0.789706 0.659882 -0.293136 -0.005857 0.083658 -0.553599 -0.091348 -0.328338 0.325164 -0.175982 -0.091155 0.092912 0.137182 -0.007278 
1.741997 -0.915662 0.678090 -0.518330 0.022590 0.017790 -0.536467 -0.121733 -0.249101 0.439494 -0.220798 0.036832 0.127707 0.077683 0.083541 
1.619525 -1.026406 0.552800 -0.467274 -0.085301 -0.048389 -0.419751 -0.253087 -0.101702 0.363520 -0.028876 0.074855 0.081315 0.130370 0.044035 
1.442976 -0.921071 0.506692 -0.515886 -0.044545 -0.200955 -0.255669 -0.300797 -0.113405 0.405834 0.079426 0.015679 0.112741 0.121032 -0.018301 
1.499246 -0.785506 0.482700 -0.575365 -0.012585 -0.261262 -0.221024 -0.182366 -0.163423 0.464934 0.056078 -0.002781 0.115786 0.108695 -0.051938 
1.575581 -0.858727 0.443163 -0.554042 -0.100031 -0.137918 -0.192017 -0.160643 -0.144327 0.459280 0.104990 0.002616 0.019849 0.066982 -0.020739 
1.542597 -0.930105 0.397879 -0.650397 -0.051373 -0.163674 -0.105579 -0.113008 -0.124920 0.449926 0.126621 0.002106 -0.055002 0.032340 -0.034132 
1.448074 -1.035850 0.331405 -0.688603 -0.087835 -0.136127 -0.117231 -0.032864 -0.073928 0.372978 0.154445 0.028886 -0.106148 -0.006501 -0.021608 
1.520594 -1.123205 0.334369 -0.749302 -0.033211 -0.158239 -0.124235 0.135271 -0.149587 0.409799 0.114227 -0.008914 -0.112326 -0.076632 0.000007 
1.534971 -1.151993 0.249723 -0.737001 -0.056089 -0.168636 -0.054834 0.152525 -0.169766 0.403547 0.066107 0.033224 -0.113724 -0.115245 -0.000377 
1.650168 -1.102195 0.156665 -0.771420 -0.062650 -0.153649 -0.031129 0.145565 -0.201243 0.340359 0.145520 0.025450 -0.087951 -0.063148 -0.073577 
1.661194 -0.911314 0.142036 -0.736377 -0.099565 -0.095829 -0.011633 0.055564 -0.212169 0.383685 0.190550 -0.001549 -0.124090 -0.024305 -0.103106 
1.619021 -0.921831 0.183130 -0.717843 -0.095862 -0.019611 -0.094686 0.030353 -0.208056 0.418650 0.223891 0.012699 -0.178296 -0.050538 -0.067976 
1.739666 -0.904391 0.047207 -0.637132 -0.140970 0.042443 -0.136612 0.051239 -0.200708 0.417027 0.250147 -0.021368 -0.234112 -0.000788 -0.081244 
1.856603 -0.747263 -0.086805 -0.556655 -0.238011 0.128036 -0.190609 0.039542 -0.190492 0.393872 0.268147 -0.035857 -0.208923 0.037233 -0.110473 
1.890831 -0.567663 -0.141593 -0.505939 -0.269499 0.154600 -0.226002 0.035108 -0.199224 0.415316 0.254902 -0.110623 -0.097234 -0.010034 -0.123082 
1.605298 -0.599963 -0.097672 -0.521025 -0.178790 0.086447 -0.141497 0.004143 -0.256440 0.568500 0.118279 0.000153 -0.161874 -0.045521 -0.099482 
1.888795 -0.408631 -0.240249 -0.437314 -0.205620 0.098892 -0.202609 -0.099172 -0.199002 0.532949 0.122012 0.031753 -0.119572 -0.047551 -0.082783 
0.807450 -0.294069 -0.541243 -0.327238 -0.277567 0.068773 -0.152408 -0.077970 -0.034688 0.439797 0.246828 -0.048520 -0.170243 -0.093807 -0.113122 
1.282246 -0.610855 -0.266839 -0.531497 -0.086596 0.085495 -0.057193 0.097099 -0.218382 0.434066 -0.018485 -0.046167 -0.102151 -0.034375 -0.074184 
1.010479 -0.303900 -0.595063 -0.436409 -0.210172 0.120072 -0.038902 0.010210 -0.090949 0.523589 0.108329 -0.163792 -0.185669 -0.159740 -0.110205 
0.427834 -0.308533 -0.558361 -0.186295 -0.407095 0.042722 -0.049270 0.090776 -0.029002 0.259735 0.169270 -0.102440 -0.102561 -0.030137 -0.133946 
