city021_050
ZAIMOKUCHOO
97
0.152836 0.001869 -0.013408 0.089256 -0.159832 0.255927 -0.113923 0.052480 0.035967 0.091146 -0.106615 0.004904 0.053125 -0.010649 -0.027057 
0.260933 0.083734 0.235393 0.191407 -0.067975 0.288066 -0.170604 -0.173420 -0.116737 0.021149 -0.043933 -0.020446 -0.083543 0.013736 -0.065520 
0.460029 0.424380 0.343153 0.425834 0.027470 0.150111 -0.097261 0.040037 -0.012651 -0.065381 -0.164119 0.051175 -0.056274 -0.080381 -0.040970 
0.624037 0.656077 0.306699 0.365412 0.009674 0.360058 0.005240 -0.142432 0.008334 -0.037670 -0.122494 -0.054969 -0.081644 -0.028443 -0.158853 
0.799907 0.492722 0.849745 0.334803 -0.264389 0.322274 -0.110706 -0.127123 -0.010315 -0.051084 -0.221391 0.013564 -0.097476 -0.060015 -0.070298 
1.173905 0.153148 0.974595 0.355079 -0.535541 0.409976 -0.230422 -0.274318 -0.014077 -0.114986 -0.318730 0.034992 -0.098847 -0.126701 0.009971 
1.270902 0.093149 1.136723 0.195773 -0.550887 0.460069 -0.337048 -0.245378 -0.058710 -0.088720 -0.227874 -0.019785 -0.023462 -0.026818 -0.069418 
1.461765 0.046274 0.677997 0.285064 -0.295564 0.368542 -0.324376 -0.348038 0.050708 -0.022623 -0.376563 0.047327 -0.051793 -0.101009 0.024580 
1.311571 0.206888 0.568202 0.354854 -0.290303 0.213839 -0.242486 -0.357767 -0.037398 -0.012420 -0.347515 0.000188 -0.010706 -0.079131 -0.009981 
1.036611 -0.016147 0.293153 0.173309 0.067798 0.041901 -0.307095 -0.174094 -0.062961 -0.063603 -0.288169 -0.053593 0.057030 -0.096614 -0.043652 
0.289489 -0.034963 0.532693 0.098366 0.311133 -0.111481 -0.245777 -0.137581 -0.082094 -0.052739 -0.266895 -0.005812 -0.099126 -0.029557 -0.041767 
0.362041 -0.095079 0.619888 -0.050104 0.218653 -0.020354 -0.136816 -0.256472 0.000015 -0.018223 -0.120768 -0.077254 -0.014956 -0.048337 0.060784 
0.827928 -0.335895 0.701932 0.041769 0.032459 0.037013 -0.346720 -0.200013 0.090012 -0.106036 -0.256122 0.066956 -0.034694 -0.044318 0.096699 
1.603950 -0.565410 0.639266 -0.117365 0.010372 0.053218 -0.635016 -0.149227 -0.049218 0.093418 -0.267182 0.045092 0.018148 0.169795 -0.011141 
1.684964 -0.746206 0.698508 -0.413506 0.043334 0.032515 -0.666744 -0.133955 -0.033871 0.228523 -0.245837 0.071376 0.066293 0.194873 0.011638 
1.468736 -0.855591 0.519697 -0.526981 0.057971 -0.130806 -0.515470 -0.231025 0.087627 0.286609 -0.101634 0.079834 0.119981 0.159633 0.018272 
1.398578 -0.896161 0.467786 -0.503113 -0.069235 -0.137623 -0.386611 -0.238896 0.065400 0.429900 -0.081856 0.076347 0.144206 0.039049 0.033033 
1.420925 -0.856863 0.539502 -0.551364 -0.104576 -0.097550 -0.313997 -0.243249 0.120173 0.462095 -0.036437 0.034945 0.082324 0.029188 -0.028053 
1.358913 -0.839327 0.519849 -0.648248 -0.052606 -0.065043 -0.349276 -0.177804 0.216782 0.444185 -0.053105 0.008696 0.014272 0.037489 -0.042134 
1.378044 -0.815865 0.472017 -0.605108 -0.057143 -0.077489 -0.321208 -0.163122 0.279050 0.397738 -0.034689 -0.033468 -0.012684 0.073163 -0.090819 
1.370714 -0.896100 0.595114 -0.625329 -0.039149 -0.127648 -0.332741 -0.112456 0.299127 0.340885 -0.004827 -0.080964 0.047341 0.091052 -0.174302 
1.312469 -0.899199 0.657251 -0.596279 -0.042147 -0.195502 -0.375551 -0.041190 0.274758 0.271325 0.009178 -0.065830 0.112364 0.101708 -0.226160 
1.353614 -0.918434 0.718588 -0.507338 -0.106435 -0.195428 -0.443229 -0.032810 0.241283 0.166422 0.035057 -0.041442 0.212654 0.079119 -0.204301 
1.324214 -0.956336 0.673918 -0.432220 -0.148152 -0.243941 -0.483275 -0.057851 0.228037 0.045464 0.052795 0.007105 0.303719 0.072225 -0.202801 
1.149333 -1.023567 0.846380 -0.524251 -0.067540 -0.270755 -0.372573 -0.114292 0.015709 0.069294 -0.001566 0.142784 0.163376 0.096435 -0.070810 
1.011351 -0.947608 0.947776 -0.424867 -0.084680 -0.133270 -0.276668 -0.104377 -0.303493 -0.051256 0.015135 0.121243 0.041512 0.008753 0.074625 
0.960174 -0.968695 1.060545 -0.476662 0.018600 -0.145932 -0.215952 -0.176995 -0.373229 -0.069899 0.018324 0.108850 -0.052841 0.013434 0.130780 
0.955904 -0.713969 1.374775 -0.409068 -0.258405 -0.069866 -0.315665 0.007713 -0.342972 -0.105906 0.039070 -0.005118 -0.012288 0.035755 0.105453 
0.955848 -0.729236 1.602013 -0.496614 -0.176749 0.031315 -0.353079 0.112985 -0.403454 -0.112972 0.032510 -0.047793 -0.116291 0.054165 0.090661 
0.782076 -0.710297 1.567122 -0.375402 -0.134002 0.080570 -0.310663 0.088929 -0.373996 -0.150401 0.034793 -0.099894 -0.140538 0.032708 0.057676 
0.801699 -0.813263 1.667732 -0.332058 -0.143306 0.141174 -0.310996 0.098285 -0.393173 -0.131462 0.017435 -0.152875 -0.122788 0.026955 -0.004716 
1.011207 -0.911905 1.682691 -0.287766 -0.222608 0.173569 -0.323173 0.172097 -0.500003 -0.036277 -0.026498 -0.166555 -0.085756 0.020937 -0.046543 
1.064520 -0.874899 1.328769 -0.134114 -0.107519 -0.066323 -0.170464 0.080508 -0.424190 -0.098760 0.049243 -0.152797 -0.115246 0.095240 -0.088736 
1.586373 -0.719709 0.998543 -0.062788 -0.171253 -0.124268 -0.245550 0.257111 -0.431906 -0.033916 0.016237 -0.086752 -0.104733 0.199977 -0.174052 
1.387211 -0.282409 1.020436 0.067457 -0.240935 0.186358 -0.178926 -0.032314 -0.432607 -0.001789 -0.136309 -0.156788 -0.187631 0.131276 -0.135188 
1.395043 -0.280144 0.974983 0.091989 -0.245461 0.152274 -0.136785 -0.050624 -0.479711 0.054775 -0.165884 -0.206791 -0.106408 0.078126 -0.144030 
1.392806 -0.319947 0.999318 0.014015 -0.224356 0.307843 -0.181213 -0.187498 -0.420292 0.116233 -0.272068 -0.124587 -0.111021 0.017839 -0.108893 
1.464969 -0.360232 0.888469 -0.051832 -0.370183 0.386256 -0.009191 -0.210226 -0.404839 0.011775 -0.319787 -0.051801 -0.129263 0.042898 -0.114171 
1.445710 -0.340381 0.853212 -0.152245 -0.366054 0.429785 0.055315 -0.155358 -0.434022 -0.058547 -0.330901 -0.021541 -0.139889 0.100500 -0.093306 
1.496557 -0.308447 0.860809 -0.197886 -0.443395 0.448529 0.101004 -0.066125 -0.443748 -0.050299 -0.391350 -0.079301 -0.091215 0.101406 -0.031833 
1.570154 -0.838074 0.697660 -0.149947 0.068928 0.080168 -0.203376 -0.010310 -0.350295 -0.060556 -0.139101 0.087537 -0.093855 -0.032815 0.015811 
2.087358 -0.648375 0.445146 -0.335475 -0.081123 -0.058237 -0.168186 0.135211 -0.359238 0.192229 -0.241451 -0.063907 0.103632 0.076342 -0.081262 
1.988307 -0.741314 0.326014 -0.428931 -0.193193 -0.098804 -0.084006 0.170030 -0.296283 0.214574 -0.205690 0.015866 0.121811 0.040205 -0.036431 
2.053794 -0.688501 0.346625 -0.428134 -0.175329 -0.158186 -0.090432 0.155851 -0.279112 0.296512 -0.292604 -0.015487 0.092408 0.073188 -0.052086 
2.004190 -0.512339 0.296309 -0.317024 -0.242869 -0.136640 -0.013265 0.099733 -0.189263 0.209227 -0.329422 -0.067180 0.093789 0.028252 -0.019226 
2.111762 -0.325752 0.418603 -0.354987 -0.330313 -0.102886 0.080898 0.125151 -0.266994 0.204250 -0.457485 -0.084899 -0.105007 0.114174 -0.044627 
1.738467 -0.040761 0.656509 -0.296147 -0.599202 0.156505 0.220588 0.092482 -0.288752 0.105282 -0.416993 -0.192123 -0.213228 0.193185 -0.043061 
1.444122 0.171839 0.566540 -0.035522 -0.715257 0.242753 0.221290 0.059407 -0.150407 -0.061290 -0.298226 -0.324744 -0.230101 0.102332 -0.093226 
1.263547 0.407967 0.275852 0.131618 -0.589915 0.168873 0.227019 -0.051001 -0.191467 -0.106522 -0.251608 -0.293264 -0.104480 0.091297 -0.136026 
0.825777 0.475767 0.235834 -0.157465 0.027813 0.230914 0.239565 0.142688 -0.266685 -0.070287 -0.114624 0.009824 -0.074294 0.200453 -0.110140 
0.752470 0.398464 0.263036 0.015438 -0.428343 0.234052 0.209434 0.042061 -0.065967 0.050752 -0.115309 -0.076928 -0.018710 0.083630 -0.072374 
0.606012 0.344477 0.467032 0.278471 -0.185442 0.258076 -0.052382 0.075911 -0.008237 0.078554 0.001576 0.020865 -0.006063 0.069380 -0.042387 
0.827995 -0.435343 -0.480099 -0.084083 0.026699 0.193484 -0.104357 -0.054297 -0.084718 0.133060 -0.040746 0.026465 -0.041655 0.064382 -0.061659 
1.146484 -1.083790 -0.356690 -0.479957 0.308790 0.088345 -0.113416 -0.058734 -0.168459 0.402686 -0.228161 0.160723 -0.089469 -0.005707 -0.054515 
1.007104 -1.312109 -0.022471 -0.253613 0.488856 0.046276 -0.219915 -0.039510 -0.211295 0.435949 -0.272270 0.112969 -0.023877 -0.054472 0.043151 
0.145350 -0.089716 1.020654 0.000797 0.274837 -0.337569 -0.003501 0.056272 -0.211300 0.076438 -0.354145 0.144167 0.024030 -0.216753 0.057157 
0.340860 0.238618 0.201603 -0.130842 0.263496 0.029579 -0.097973 0.014600 -0.307967 0.225081 -0.214948 0.054449 0.021451 -0.105825 0.021116 
0.339396 -0.017491 -0.222186 0.041032 -0.107415 0.177834 -0.118531 -0.032926 -0.042749 0.069448 -0.102886 0.065075 0.033875 -0.035882 -0.004059 
0.261143 -0.078327 -0.302425 0.066317 -0.227529 0.059834 -0.342754 -0.130679 -0.060696 0.211745 0.096175 -0.061096 0.046941 0.074923 -0.016880 
0.191927 -0.172155 -0.317047 -0.055132 -0.123137 0.074609 -0.201953 0.100619 -0.071896 0.068712 -0.029317 0.050261 0.038704 -0.042810 -0.017536 
0.179406 -0.061288 -0.048447 0.092946 -0.174465 0.175427 -0.167747 -0.099467 -0.181236 0.044419 0.030541 0.030888 -0.010372 -0.003023 -0.037853 
0.120246 0.047145 0.015573 0.242321 0.061253 0.136645 -0.243922 -0.109781 -0.149057 0.085866 -0.004464 -0.087313 -0.024517 -0.004424 -0.011327 
0.028991 -0.034354 -0.173818 0.073994 -0.072644 0.084234 -0.181074 -0.015937 -0.139303 0.110116 -0.047857 0.045741 0.049371 -0.101660 0.054905 
-0.185479 -1.165090 0.531604 -0.597395 0.136057 0.021815 -0.216106 0.284966 -0.232564 0.227683 -0.068268 0.011556 -0.067025 0.025414 0.013456 
-0.677822 -0.573187 0.722065 -0.488138 0.245390 0.106282 -0.229616 0.231708 -0.246139 0.175283 -0.049002 0.003159 -0.039574 0.079258 -0.078811 
-1.419044 -0.643659 0.963269 -0.884644 0.369496 0.182951 -0.207509 0.178682 -0.261296 0.189535 -0.019649 -0.054687 0.025573 0.066527 -0.124688 
-1.385749 -0.483885 1.123644 -1.104216 0.180564 0.108154 -0.087013 0.177073 -0.151439 0.103207 -0.014902 -0.068993 0.013295 0.082740 -0.084291 
-0.801983 -0.934580 0.798898 -1.007793 0.339084 0.059128 -0.245370 0.320936 -0.068591 -0.026892 -0.011703 -0.019834 -0.007216 0.048979 -0.075513 
-0.663876 -0.872705 0.938940 -0.771226 0.091446 -0.069596 -0.228221 0.273056 -0.006654 -0.002788 -0.030125 0.073891 -0.051422 0.012722 -0.077740 
-0.038698 -0.735390 0.965787 -0.213244 0.059615 -0.055098 -0.285513 0.230681 -0.067696 -0.008319 -0.088258 0.031841 0.096447 -0.032402 -0.145877 
1.229603 -0.850423 1.045076 0.031381 -0.054404 -0.027114 -0.512600 0.115010 -0.151985 -0.025396 -0.203344 -0.029988 0.032997 0.155334 -0.178533 
1.500182 -0.931609 1.003634 0.144301 -0.187535 -0.021494 -0.549870 0.042595 -0.151337 -0.055325 -0.116783 -0.075979 -0.006806 0.281980 -0.149742 
1.630916 -0.975541 0.826440 -0.060490 -0.091994 -0.022177 -0.501669 -0.069878 -0.242437 0.050914 -0.018075 -0.081062 -0.106096 0.355264 -0.049128 
1.695934 -0.895003 0.662914 -0.235022 0.064357 -0.094957 -0.461832 -0.083695 -0.381291 0.157004 0.042241 -0.092040 -0.100466 0.324759 0.024199 
1.662265 -0.807665 0.582493 -0.344027 0.095508 -0.028204 -0.423925 -0.137284 -0.469456 0.149776 0.153949 -0.038522 -0.158796 0.268081 0.031749 
1.848170 -0.901140 0.536007 -0.377349 -0.028275 0.044793 -0.367123 -0.053455 -0.480421 0.050888 0.170854 0.018562 -0.122311 0.273647 -0.067100 
1.855620 -0.890667 0.435776 -0.418966 -0.128283 0.089708 -0.288798 -0.014258 -0.539694 0.002477 0.198994 0.062216 -0.039403 0.260598 -0.115603 
2.048959 -1.000072 0.440551 -0.476093 -0.164384 0.102555 -0.339885 0.127452 -0.568067 0.037050 0.152469 0.039256 0.023746 0.272777 -0.102687 
2.031004 -0.941191 0.396760 -0.483585 -0.271787 0.042662 -0.314457 0.146325 -0.424872 -0.026791 0.108724 -0.003953 0.064460 0.372909 -0.130939 
2.015051 -0.995234 0.389564 -0.534086 -0.270822 -0.018127 -0.315378 0.195109 -0.421835 -0.002634 0.049519 0.022779 0.090228 0.428176 -0.142901 
2.103151 -1.008597 0.377247 -0.482264 -0.368818 0.021775 -0.385651 0.259157 -0.361899 -0.035918 0.040659 -0.023079 0.163113 0.363287 -0.139018 
2.028598 -0.921827 0.275348 -0.436633 -0.359670 -0.012836 -0.308604 0.207237 -0.282839 -0.094706 0.039657 -0.037638 0.196117 0.323542 -0.136737 
1.980005 -0.866151 0.292907 -0.533916 -0.258484 -0.059125 -0.267881 0.190355 -0.295205 -0.040693 -0.092277 0.044858 0.138831 0.347297 -0.107867 
1.912567 -0.735283 0.274273 -0.559369 -0.244674 -0.098928 -0.262479 0.151654 -0.211828 -0.029349 -0.094191 0.041781 0.104633 0.324766 -0.108612 
1.971613 -0.773974 0.321056 -0.607492 -0.254353 -0.108429 -0.267262 0.211153 -0.240381 -0.004008 -0.116790 0.026534 0.091500 0.337337 -0.100690 
2.017467 -0.754677 0.251778 -0.500163 -0.355649 -0.107587 -0.238724 0.175153 -0.172998 -0.022521 -0.116984 0.020591 0.102052 0.319347 -0.111649 
1.923059 -0.695600 0.181216 -0.521484 -0.303613 -0.107324 -0.233724 0.143358 -0.173186 -0.062322 -0.088758 0.051062 0.172524 0.259289 -0.046089 
1.886576 -0.750595 0.180741 -0.551262 -0.262863 -0.102099 -0.230121 0.150220 -0.257722 -0.039295 -0.095176 0.081954 0.195477 0.310405 -0.076428 
1.914192 -0.567186 0.136745 -0.666382 -0.288057 0.025084 -0.271753 0.151839 -0.309768 -0.024369 -0.059710 0.086850 0.211260 0.277897 -0.018598 
2.070031 -0.158486 0.271263 -0.794433 -0.446376 0.166157 -0.196649 0.176750 -0.507679 0.091757 -0.038587 0.047611 0.268819 0.312938 -0.057693 
1.966935 0.085456 0.171531 -0.740088 -0.501246 0.138744 -0.145094 0.126261 -0.450874 0.034222 -0.048713 -0.058999 0.269676 0.353657 -0.069876 
1.991766 0.346299 0.155933 -0.594637 -0.547111 0.129590 -0.168563 0.015061 -0.287835 0.077376 0.055025 0.006775 0.231191 0.235897 -0.094911 
1.947132 0.643090 -0.106662 -0.540958 -0.526372 -0.023509 -0.118501 -0.024805 -0.194944 0.089828 -0.045887 0.020378 0.081406 0.227608 -0.085227 
1.584312 0.593699 -0.267981 -0.492012 -0.641751 0.031411 0.001339 -0.089945 -0.232241 0.030959 -0.025636 0.060753 0.234307 0.334235 -0.060696 
0.691560 0.117713 -0.007276 -0.521092 -0.556310 -0.007414 -0.065400 -0.000158 -0.266865 0.072361 -0.013779 0.125029 0.214698 0.184937 0.028391 
1.022989 0.143241 0.099833 -0.569525 -0.318232 0.098144 0.108894 0.090699 -0.383178 0.125699 -0.235312 -0.052635 0.160925 0.212935 -0.087013 
0.942920 0.287274 -0.146116 -0.130027 -0.331294 0.276613 0.195114 -0.015354 -0.235646 -0.046465 -0.173690 -0.056661 0.158831 0.112362 -0.056845 
