city021_005
OCHANOMIZU
76
0.093576 -0.060265 -0.005800 0.065872 -0.293721 0.077333 -0.188100 -0.093714 -0.131995 0.047234 0.043805 0.084564 -0.080340 0.093665 -0.020067 
0.072448 0.010705 0.031668 0.295736 -0.272858 0.008150 -0.201062 -0.063207 -0.081155 0.022453 0.002648 -0.002770 -0.040361 0.130418 -0.072489 
1.352887 0.075418 0.101811 -0.442681 -0.398727 0.250134 -0.024595 0.109282 -0.133279 0.012234 -0.260870 -0.019805 0.085300 0.051840 0.030469 
1.614047 0.235524 0.286322 -0.643223 -0.264265 0.153906 -0.097167 0.162770 -0.333628 0.025076 -0.362767 -0.088955 0.062629 0.122407 0.011819 
2.071181 0.183513 0.208102 -0.520794 -0.337171 0.307535 -0.053817 0.124679 -0.394712 0.006036 -0.096655 -0.135283 0.206089 0.198272 -0.177318 
1.957819 0.115301 0.221682 -0.499910 -0.237093 0.320860 -0.124809 0.061845 -0.532975 0.027459 0.091881 -0.091441 0.240680 0.184251 -0.257719 
1.871630 -0.214892 0.297505 -0.468641 -0.013790 0.319971 -0.236674 -0.019468 -0.627668 0.070742 0.058888 -0.034311 0.090636 0.098507 -0.278239 
1.761354 -0.349419 0.371070 -0.351083 0.108390 0.277440 -0.430123 -0.079166 -0.588621 0.154627 0.092306 -0.140603 -0.009829 0.055209 -0.199209 
1.621250 -0.307241 0.526584 -0.274708 0.243237 0.131474 -0.365151 -0.136002 -0.445828 0.391350 -0.165264 -0.098498 -0.074835 0.077953 -0.064644 
0.998614 0.190960 0.500578 -0.057594 0.388660 0.089012 -0.275785 -0.019155 -0.340901 0.342573 -0.244753 -0.111928 -0.044344 0.002333 -0.032390 
0.787010 0.519916 0.296424 0.453307 0.039156 0.295093 -0.126152 -0.051436 -0.063991 -0.055115 -0.149850 -0.074146 -0.127530 -0.059205 -0.078307 
0.664639 0.511303 0.176638 0.416270 -0.088006 0.274603 -0.028339 -0.033348 -0.176772 -0.109353 -0.104998 -0.046352 -0.126800 -0.065788 -0.065078 
-0.075431 0.382045 0.613234 0.116633 0.308101 0.065416 -0.109387 0.004363 -0.076895 0.091463 -0.301916 0.170684 -0.212165 -0.007041 0.024923 
0.427581 0.059636 0.344434 0.050633 0.084232 0.294769 -0.101757 0.231377 -0.191904 0.015476 0.036139 0.044467 -0.030124 0.008390 -0.017433 
-0.056418 -0.486944 0.197128 -0.513842 0.096130 -0.062555 -0.131055 0.204140 -0.241617 0.168394 -0.051918 0.184704 -0.205339 0.102344 -0.020561 
-1.267266 -0.149638 0.861334 -0.588806 0.278399 -0.183585 0.100770 0.063567 -0.215581 0.227594 -0.117936 0.006517 0.026569 -0.015154 0.000802 
-1.356901 -0.210938 0.876820 -0.950145 0.282532 -0.195094 -0.047433 0.104606 -0.093711 0.159827 -0.089858 0.045717 -0.021885 0.032708 -0.074696 
-0.996495 -0.683821 0.625997 -1.038476 0.391233 -0.042662 -0.024591 0.236323 -0.179032 0.116039 -0.107470 -0.008560 0.039034 -0.019122 0.011536 
-0.296810 -0.610707 0.711892 -0.662010 0.443010 -0.210071 -0.153312 0.310149 -0.165486 0.114505 -0.106792 -0.001171 0.098366 -0.048803 -0.070071 
0.941784 -0.696966 1.010355 -0.306979 0.072819 -0.216087 -0.508539 0.108084 -0.196909 0.132966 -0.203418 -0.040847 0.238401 0.099537 -0.250047 
1.531792 -1.011756 0.938522 -0.275209 -0.017337 -0.111262 -0.588393 0.110661 -0.248339 0.200266 -0.186204 -0.039809 0.134119 0.222296 -0.171741 
1.555058 -1.087929 0.831133 -0.296511 -0.109881 -0.066980 -0.595780 0.010621 -0.139756 0.300742 -0.035670 -0.115657 0.194433 0.206657 -0.047826 
1.531377 -1.036785 0.636958 -0.514207 -0.018366 -0.138212 -0.487525 -0.059202 -0.157503 0.388740 0.034795 -0.051415 0.073880 0.282909 -0.070097 
1.465485 -0.827327 0.516720 -0.571426 -0.077168 -0.145131 -0.254402 -0.154338 -0.104201 0.424212 0.140233 0.005046 -0.043979 0.180982 -0.027271 
1.587766 -0.906144 0.469604 -0.631416 -0.084093 -0.064868 -0.240472 -0.022073 -0.128156 0.407133 0.179116 -0.064458 -0.079666 0.131277 -0.072281 
1.598730 -0.919758 0.379394 -0.664614 -0.051317 0.007184 -0.208924 -0.032715 -0.155307 0.346608 0.207662 -0.060086 -0.111394 0.117377 -0.104096 
1.690461 -0.910639 0.345968 -0.651243 -0.067327 0.034258 -0.241589 0.045113 -0.247086 0.318604 0.196282 -0.059351 -0.056818 0.103832 -0.091521 
1.914046 -1.014416 0.547551 -0.551587 -0.212659 0.209441 -0.317133 0.168129 -0.408243 0.361182 0.091064 -0.021158 0.045523 -0.005809 -0.038004 
1.811476 -0.819050 0.656407 -0.524306 -0.171143 0.201011 -0.246241 0.128142 -0.442628 0.271677 -0.039332 0.029493 0.064580 -0.004819 0.015887 
1.487622 -0.750589 0.947879 -0.194973 -0.251364 0.456553 -0.200347 -0.159045 -0.390780 0.044453 -0.230764 0.118943 -0.157174 -0.011735 0.011485 
1.487148 -0.769127 1.017576 -0.217457 -0.194670 0.486250 -0.214064 -0.157279 -0.424190 0.057358 -0.228144 0.132914 -0.229400 0.008416 -0.005163 
1.410863 -0.702711 1.005931 -0.178791 -0.243872 0.491581 -0.202104 -0.134404 -0.431099 0.040813 -0.208086 0.070739 -0.176846 0.000605 -0.018202 
1.518258 -0.670171 0.953872 -0.228187 -0.317357 0.474259 -0.174999 -0.059221 -0.385518 -0.021860 -0.180008 0.071242 -0.127110 0.039727 -0.008462 
2.004709 -0.706392 0.584241 -0.482704 -0.366499 0.287662 -0.269332 0.156268 -0.339756 0.035492 0.035589 0.022176 0.003638 0.167729 -0.097914 
1.929766 -0.598356 0.638099 -0.537913 -0.403130 0.297628 -0.298900 0.186081 -0.263836 0.041755 0.078748 -0.021931 -0.001625 0.172735 -0.122695 
2.070125 -0.614791 0.757006 -0.521263 -0.465949 0.356567 -0.280967 0.218439 -0.358705 0.127105 -0.013272 -0.019764 0.037929 0.143599 -0.096655 
1.909301 -0.454483 0.716843 -0.359599 -0.477205 0.196792 -0.175712 0.222412 -0.357909 0.118516 -0.068516 -0.083829 -0.015576 0.141488 -0.080843 
1.626515 -0.458253 0.873262 -0.123016 -0.378312 0.348254 -0.011790 0.078181 -0.454759 0.047727 -0.198860 -0.093954 -0.077201 0.109160 -0.096690 
1.430705 -0.333720 0.895444 0.053663 -0.379706 0.309329 -0.038111 -0.055665 -0.425370 0.029954 -0.194172 -0.132656 -0.108685 0.038702 -0.072808 
1.506652 -0.399821 0.909173 0.102549 -0.354570 0.309343 -0.088121 -0.042198 -0.431971 0.026058 -0.173477 -0.109029 -0.161646 0.071734 -0.091151 
1.452067 -0.423397 0.923251 0.135810 -0.299110 0.238033 -0.118331 0.011921 -0.477704 0.020532 -0.139262 -0.123976 -0.200730 0.101704 -0.099194 
1.562211 -0.409768 0.907912 0.170035 -0.279463 0.216871 -0.179216 0.046088 -0.438188 -0.055487 -0.042635 -0.132402 -0.264503 0.186884 -0.134631 
1.456170 -0.311097 0.857001 0.188955 -0.321708 0.233034 -0.224855 0.128808 -0.436377 -0.132431 0.030801 -0.197895 -0.213018 0.126054 -0.077832 
1.449745 -0.754937 1.343463 0.250064 -0.464803 0.029413 -0.328100 0.296996 -0.463467 -0.239644 0.242381 -0.157234 -0.249408 0.284748 -0.137066 
1.244297 -0.745385 1.728016 -0.042560 -0.506029 0.229182 -0.375691 0.213239 -0.499620 -0.055752 0.114093 -0.200757 -0.131386 0.222713 -0.168460 
1.068833 -0.549261 1.765443 -0.185999 -0.449387 0.339745 -0.425884 0.163956 -0.397711 -0.118472 0.061384 -0.168428 -0.151676 0.144961 -0.092466 
1.016123 -0.443966 1.891557 -0.319782 -0.303433 0.312785 -0.475837 0.224497 -0.420657 -0.105052 0.014458 -0.097697 -0.203759 0.123852 -0.036550 
0.868421 -0.353017 1.881419 -0.310776 -0.238775 0.278621 -0.441501 0.204277 -0.412117 -0.095155 -0.006416 -0.097034 -0.190457 0.088826 -0.011543 
0.936977 -0.367806 1.934301 -0.316537 -0.190622 0.218133 -0.406293 0.221401 -0.479478 -0.028915 -0.101178 -0.014964 -0.255727 0.071396 0.046937 
0.836616 -0.292794 1.759104 -0.040850 -0.242474 0.149746 -0.258021 0.137682 -0.457304 -0.022723 -0.118347 -0.058146 -0.189861 -0.019490 0.058461 
0.968855 -0.299602 1.254780 0.118708 -0.286492 0.031228 -0.056095 0.047896 -0.392577 -0.090294 -0.064781 -0.142073 -0.174378 0.003566 -0.130386 
1.001116 -0.233171 0.878120 0.370284 -0.154502 -0.161943 -0.042948 0.074958 -0.349330 -0.052565 -0.191303 -0.016130 -0.132559 -0.003977 -0.156735 
0.889966 -0.124429 0.625980 0.399837 -0.009200 -0.148866 0.068363 0.034185 -0.212464 -0.058160 -0.143208 -0.087310 -0.014163 -0.034470 -0.227304 
0.593127 -0.106168 0.539995 0.376733 0.180244 -0.207899 -0.081502 -0.059884 -0.046964 -0.072283 -0.170035 -0.095156 -0.004910 0.006455 -0.113106 
0.275190 -0.055001 0.690984 0.257315 0.179911 -0.276184 -0.056617 -0.167903 0.084874 -0.077177 -0.231770 -0.086342 0.129272 -0.036648 -0.153213 
0.145380 -0.275691 0.734181 0.241877 0.434338 -0.389122 -0.139708 0.021693 -0.011039 -0.119543 -0.222768 -0.054317 -0.015852 0.017499 -0.128753 
0.152843 -0.022843 0.692160 0.085359 0.488207 -0.371584 -0.019001 -0.203940 -0.033532 -0.028425 -0.268385 -0.088885 -0.056982 0.009166 -0.097417 
0.420819 -0.195652 0.630558 0.188713 0.489631 -0.320988 -0.206340 -0.117621 -0.036005 -0.051328 -0.311055 -0.107621 -0.077168 0.043711 -0.097048 
0.836077 -0.161928 0.570801 0.232726 0.223423 -0.240438 -0.148393 -0.149298 -0.098259 -0.018062 -0.222081 -0.150332 -0.001443 0.064364 -0.142222 
0.973269 -0.263270 0.615177 0.118236 0.234828 -0.097633 -0.206850 -0.208297 -0.182510 0.106663 -0.285328 -0.170799 -0.066718 0.131124 -0.196409 
1.208788 -0.445312 0.598946 0.079800 0.271546 -0.062171 -0.342108 -0.173690 -0.180756 0.174604 -0.358669 -0.158435 -0.073739 0.194480 -0.191349 
1.245185 -0.553344 0.729984 0.032439 0.253854 -0.063691 -0.372347 -0.150087 -0.197894 0.222819 -0.363830 -0.186709 -0.010803 0.177867 -0.169028 
1.375341 -0.668763 0.764965 0.012081 0.215590 -0.007615 -0.432673 -0.071800 -0.268693 0.211691 -0.332696 -0.184547 0.009172 0.116773 -0.119582 
1.654928 -0.659769 0.830912 -0.007925 0.161406 0.013701 -0.555317 -0.010506 -0.279750 0.303765 -0.352047 -0.201705 0.031362 0.226061 -0.156053 
1.614262 -0.603356 0.815569 -0.038263 0.156746 -0.002414 -0.537837 -0.030414 -0.308013 0.274611 -0.326855 -0.197210 0.012305 0.228432 -0.155212 
1.631178 -0.629429 0.829291 -0.027286 0.079706 -0.014409 -0.537294 -0.023494 -0.337924 0.233823 -0.270468 -0.197142 0.024688 0.244139 -0.166538 
1.681455 -0.634325 0.819624 0.042431 0.024049 -0.004495 -0.558830 -0.053738 -0.339938 0.272313 -0.266033 -0.199581 0.061072 0.227376 -0.107611 
1.696241 -0.597606 0.729208 0.012833 0.041792 -0.036731 -0.529319 -0.052591 -0.370157 0.266870 -0.251397 -0.182528 0.019987 0.258096 -0.118279 
1.589311 -0.494481 0.684564 0.060033 0.082099 -0.083895 -0.557292 -0.037190 -0.315990 0.264907 -0.310650 -0.187254 0.081069 0.229839 -0.125414 
1.489909 -0.400212 0.626377 0.104594 0.018162 -0.087820 -0.509349 -0.027966 -0.316584 0.258028 -0.267656 -0.230793 0.159483 0.187934 -0.156189 
1.472395 -0.143160 0.500941 -0.041262 0.098543 -0.177530 -0.492334 -0.084546 -0.385409 0.286532 -0.250550 -0.165053 0.126726 0.191430 -0.065918 
1.291298 -0.303596 0.649936 0.067424 0.064270 -0.140374 -0.608805 -0.024160 -0.270374 0.241529 -0.289620 -0.160296 0.185703 0.198451 -0.106862 
1.081752 0.177052 0.244124 0.272935 -0.057769 -0.160322 -0.628413 -0.090029 -0.307111 0.276971 -0.217604 -0.320200 0.356522 0.188735 -0.061979 
0.421285 0.014240 0.117124 0.350481 -0.142208 -0.152107 -0.556128 -0.190182 -0.164674 0.106700 -0.157592 -0.218026 0.208968 0.255000 -0.087409 
-0.121187 -0.163599 0.394197 0.237126 0.107654 -0.227444 -0.570917 0.002553 -0.269092 0.027739 -0.147551 -0.188674 0.043081 0.202596 -0.011209 
0.008273 0.092476 -0.001580 0.249580 -0.112991 -0.113635 -0.374511 -0.215001 -0.290393 0.076027 0.026944 -0.064693 -0.041380 0.165382 0.101080 
