city021_040
RISHIRI
47
0.094293 -0.033809 0.682034 0.340957 -0.166214 0.293425 -0.017691 -0.123584 -0.087325 0.023073 -0.062904 -0.066297 -0.052829 -0.026891 -0.008682 
0.663290 0.149368 0.784246 0.379195 -0.342378 0.288681 -0.063849 -0.233438 -0.080976 -0.087937 -0.235593 -0.077145 -0.069031 -0.154741 0.024597 
0.807698 0.488123 0.608732 0.377273 -0.171903 0.175223 -0.030090 -0.142080 -0.014116 -0.160401 -0.194272 -0.068548 -0.132116 -0.047524 -0.141938 
0.572981 0.014243 0.643038 0.391255 -0.060214 0.141307 -0.045028 -0.020373 -0.142158 -0.119069 -0.115629 -0.076249 -0.081174 -0.097724 -0.092127 
0.955297 -0.647752 1.064238 -0.310141 -0.153085 0.211488 -0.253144 0.230612 -0.287344 -0.002235 -0.031828 0.021876 -0.068905 0.031037 -0.029073 
1.022291 -0.629676 1.498167 0.016052 -0.271381 0.123947 -0.373196 0.187305 -0.357131 -0.137889 -0.090298 -0.038637 -0.111738 0.000080 -0.102105 
1.041885 -0.645054 1.499921 0.048862 -0.262593 0.057797 -0.316283 0.154676 -0.376106 -0.086825 -0.148021 0.036759 -0.161935 -0.005692 -0.022801 
0.913308 -0.497986 1.469012 -0.041610 -0.207763 -0.001155 -0.291326 0.182945 -0.455316 -0.048565 -0.112491 -0.023474 -0.110018 -0.050597 0.018056 
0.801793 -0.348663 1.298888 -0.077196 -0.182339 -0.025068 -0.187017 0.101205 -0.426184 -0.054405 -0.078757 -0.120866 -0.034564 -0.091255 -0.013465 
0.408562 -0.284166 1.416338 -0.231375 0.089969 -0.183294 -0.203675 0.230457 -0.539832 0.004678 -0.113163 -0.048571 -0.126643 -0.070123 0.055940 
-0.003906 -0.220046 1.487955 -0.258174 0.055002 -0.200727 -0.075063 0.065760 -0.463405 0.074039 -0.148488 -0.071265 -0.077410 -0.008195 -0.020300 
-0.429101 -0.220468 1.358819 -0.384005 0.207292 -0.259704 -0.154094 0.106414 -0.409704 0.110211 -0.192211 -0.034974 0.057378 -0.101043 0.030959 
-0.762046 -0.345298 1.210477 -0.483018 0.314326 -0.170934 -0.104725 0.194727 -0.214958 0.079683 -0.055411 0.021291 0.001085 -0.041399 0.053958 
-1.084904 -0.421029 0.965863 -0.669835 0.437497 -0.169277 -0.004552 0.293544 -0.212998 -0.032775 0.111252 0.024362 -0.119248 0.073300 0.014823 
-1.158028 -0.754126 0.788843 -0.792433 0.351552 -0.131142 0.071822 0.226747 -0.259816 0.026546 0.036611 0.047665 -0.099273 0.050182 0.063564 
-1.216854 -0.731503 0.717589 -0.849288 0.305022 -0.196703 0.075961 0.378153 -0.328361 0.025240 0.056910 0.006347 -0.112282 0.077527 0.049825 
-1.023241 -0.845858 0.814952 -0.624740 0.407018 -0.151318 0.038743 0.190355 -0.287636 0.148109 -0.023989 -0.015214 0.063114 -0.058894 -0.000951 
-0.950787 -0.735763 0.948889 -0.814684 0.385212 -0.117904 0.010903 0.153211 -0.286366 0.262759 -0.128605 -0.000697 0.052579 -0.019023 -0.013411 
-1.006927 -0.470915 0.849495 -0.804251 0.282388 -0.238256 -0.084516 0.164224 -0.133019 0.185390 -0.103961 -0.002533 0.103689 -0.091140 -0.014529 
-0.724677 -0.616769 0.957637 -0.704495 0.067634 -0.124047 0.096162 0.296457 -0.309514 0.197451 -0.070051 -0.046803 0.074379 -0.104192 0.039240 
0.070553 -0.177278 1.185878 -0.351607 0.274162 -0.271081 0.014203 0.152868 -0.345063 0.170968 -0.155317 0.030939 0.018901 -0.105958 0.043914 
0.707315 -0.543560 1.340726 -0.128823 -0.044434 -0.104225 -0.064514 0.049594 -0.415780 0.067586 -0.243655 0.075149 -0.164497 -0.058072 0.066841 
0.733278 -0.538878 1.307216 -0.089700 -0.118053 -0.134770 0.024275 -0.055887 -0.351005 0.014338 -0.210417 0.093588 -0.220143 -0.004323 0.057603 
0.602127 -0.635671 1.402375 -0.036748 -0.091667 -0.120419 0.007823 -0.038483 -0.331072 -0.006934 -0.182576 0.050293 -0.206174 -0.001551 0.007798 
0.487908 -0.560217 1.402602 0.024465 -0.064895 -0.147787 -0.004230 0.084025 -0.422853 0.066766 -0.193945 0.040217 -0.177520 -0.030053 0.010250 
0.458086 -0.632970 1.159328 0.388613 -0.241954 0.035067 -0.146845 0.097835 -0.298291 -0.098518 -0.112935 -0.051298 -0.116853 -0.064022 -0.048713 
0.497119 -0.572781 1.228406 0.163255 -0.151251 -0.076501 -0.216938 0.226867 -0.428998 -0.022402 -0.096478 -0.062105 -0.042357 -0.045130 -0.071865 
0.271440 -0.593993 1.404862 -0.012149 -0.049725 -0.188714 -0.190665 0.223880 -0.504262 0.039543 -0.185468 0.038301 -0.100296 -0.088398 0.090357 
0.350999 -0.627279 1.547943 -0.112035 -0.054268 -0.153674 -0.134165 0.151467 -0.565549 0.095071 -0.202293 -0.020350 -0.138907 -0.048728 0.061987 
0.783260 -0.832090 1.583434 -0.066710 -0.192144 0.038931 -0.130531 0.070398 -0.502131 0.074232 -0.195899 -0.041839 -0.192448 0.010716 0.007664 
0.944816 -0.926792 1.700053 0.040711 -0.319561 0.183109 -0.144975 0.016536 -0.395863 0.021300 -0.202413 -0.024017 -0.241937 0.022188 0.005074 
1.042933 -0.920038 1.775052 -0.037177 -0.390479 0.220924 -0.163482 -0.016103 -0.370443 0.013700 -0.190426 0.006650 -0.271333 0.085702 0.014637 
0.990195 -0.875719 1.835900 -0.045569 -0.381419 0.247593 -0.179670 -0.021925 -0.370722 0.014215 -0.217685 0.002056 -0.281683 0.072951 0.019077 
0.812088 -0.743835 1.775804 0.005914 -0.376692 0.237883 -0.183193 -0.036283 -0.304403 -0.075941 -0.134099 -0.044159 -0.260517 0.072283 0.007677 
0.928798 -0.809554 1.856676 -0.126936 -0.339599 0.279267 -0.222813 0.007540 -0.378667 0.006104 -0.201929 -0.020651 -0.272019 0.065047 0.027629 
0.746583 -0.631017 1.803485 -0.067848 -0.337133 0.249314 -0.183938 -0.048371 -0.308062 -0.061130 -0.141450 -0.065866 -0.253442 0.081451 -0.002804 
0.828836 -0.655766 1.895974 -0.184317 -0.302196 0.295895 -0.211356 0.007530 -0.349768 -0.021701 -0.167018 -0.039074 -0.293866 0.106517 -0.006799 
0.874178 -0.572610 1.777596 -0.127690 -0.320128 0.325448 -0.192866 -0.022432 -0.308958 -0.027209 -0.141789 -0.071207 -0.281297 0.148105 -0.066439 
0.845776 -0.501932 1.853384 -0.121929 -0.302105 0.257585 -0.185288 0.003192 -0.378767 0.037869 -0.191226 -0.052699 -0.255354 0.127183 -0.061056 
0.681639 -0.108903 1.799548 -0.105148 -0.213588 0.236071 -0.203254 0.032998 -0.381536 -0.002600 -0.164342 -0.076509 -0.261647 0.113588 -0.068425 
0.689826 0.011095 1.708705 -0.094259 -0.290808 0.268577 -0.237073 0.006218 -0.366478 -0.010218 -0.119331 -0.141725 -0.150503 0.087066 -0.079419 
0.539986 0.174621 1.593310 -0.116130 -0.252826 0.207068 -0.278399 -0.003199 -0.377086 -0.048445 -0.114306 -0.163665 -0.102342 0.044142 -0.063257 
0.496663 0.099263 1.523689 -0.035452 -0.272631 0.167817 -0.160592 -0.069834 -0.391235 0.025757 -0.209109 -0.122151 -0.151207 0.038149 -0.050130 
0.513717 0.258863 1.407869 0.068426 -0.395344 0.191339 -0.119075 -0.153164 -0.333019 -0.036394 -0.128152 -0.170801 -0.159628 0.120756 -0.088537 
0.002152 -0.117146 1.304239 -0.106634 -0.172352 0.107287 -0.220155 -0.015778 -0.414145 -0.006566 -0.117579 -0.156280 -0.143288 0.106742 -0.062989 
0.189632 0.029007 1.418004 -0.301806 -0.049228 0.147220 -0.237405 0.017639 -0.429267 0.052976 -0.220582 -0.157322 -0.066753 -0.035654 -0.079806 
0.094084 -0.360423 1.206559 0.214235 -0.245486 0.272777 -0.148570 -0.052919 -0.281573 0.033565 -0.109621 -0.223180 -0.025111 -0.043946 -0.043220 
