city021_083
MYAKUHAKU
88
0.278259 0.147572 0.014931 0.242400 0.130517 0.241512 -0.067349 0.093637 -0.027320 0.002740 0.038151 0.064797 -0.014464 -0.031605 0.067243 
1.123762 0.461349 0.306721 0.409680 0.006639 -0.037876 -0.202028 0.037200 -0.108854 -0.202388 -0.054367 -0.100148 -0.099167 0.018031 -0.078754 
1.520872 0.182978 0.420444 0.362312 -0.175030 -0.037648 -0.248057 0.120168 -0.241455 -0.315110 -0.012422 -0.040443 -0.222665 -0.004160 0.035295 
1.662636 -0.013024 0.325924 0.291371 -0.175894 0.045525 -0.256913 0.038668 -0.148204 -0.230842 -0.099364 0.004455 -0.199033 0.061974 0.017615 
1.602703 -0.327422 0.743279 0.372566 -0.287398 0.110295 -0.432989 0.119921 -0.220797 -0.353869 0.092460 -0.071556 -0.232016 0.098883 0.015734 
1.364207 -0.912378 1.272304 -0.030603 -0.512951 0.144247 -0.448465 0.205601 -0.225430 -0.236171 0.107225 0.030573 -0.122549 0.148613 -0.110628 
1.161334 -0.838026 1.199359 -0.196388 -0.418150 0.078566 -0.483791 0.227657 -0.135085 -0.204782 0.112257 0.067205 0.008111 0.029260 -0.057931 
1.344895 -1.067500 1.213713 -0.247681 -0.424388 -0.014253 -0.447553 0.274956 -0.136225 -0.058249 0.039423 0.148343 0.018953 0.031996 -0.091668 
1.291022 -1.145846 1.011664 -0.229348 -0.381186 -0.184142 -0.338657 0.310631 -0.122895 0.050996 0.077792 0.066011 0.094238 0.018891 -0.166526 
1.304764 -1.204004 0.777956 -0.251089 -0.291668 -0.337622 -0.300075 0.314566 -0.074799 0.094394 0.141390 0.005742 0.065621 0.121579 -0.216435 
1.471726 -1.187706 0.379535 -0.226420 -0.145159 -0.488931 -0.213301 0.243589 -0.058678 0.226419 0.048200 0.036468 0.004560 0.167608 -0.135593 
1.456621 -1.095332 0.239612 -0.361440 0.083190 -0.436406 -0.387757 0.265883 0.039553 0.165542 0.052489 0.103126 -0.021361 0.043788 -0.052855 
1.465031 -1.108649 0.226648 -0.388848 0.163390 -0.410437 -0.483662 0.292089 0.006281 0.176552 0.039285 0.145634 -0.041207 0.038892 0.008760 
1.613013 -1.058652 0.182769 -0.344947 0.309507 -0.473422 -0.537836 0.313100 -0.094211 0.228886 -0.022117 0.156159 -0.021292 0.048938 0.084873 
1.851541 -0.877544 -0.068123 -0.023589 0.286167 -0.549999 -0.447659 0.266811 -0.178276 0.169514 -0.072466 0.151916 -0.045884 0.118632 0.086470 
1.738154 -0.640220 -0.059399 0.109744 0.441262 -0.514084 -0.411511 0.112571 -0.284603 0.161219 -0.181650 0.125874 -0.146128 0.189219 0.102284 
1.245894 -0.243193 -0.041325 0.318325 0.188617 -0.054839 -0.300213 -0.146480 -0.143964 -0.031495 -0.110166 -0.108920 -0.121623 0.174462 -0.070780 
0.672962 -0.123731 0.246289 0.361955 -0.189420 -0.058501 -0.277966 -0.079637 -0.126107 -0.085855 -0.064829 -0.054887 0.027638 0.039648 -0.012806 
0.453806 -0.336234 0.153586 0.252390 -0.207580 -0.121994 -0.282601 0.082841 -0.106224 0.019568 0.021236 -0.070324 0.115310 0.046327 -0.054703 
0.250123 -0.378404 -0.158210 0.221696 -0.389762 -0.243781 -0.181504 0.038503 -0.019034 0.111146 0.116116 0.031940 0.029877 0.034584 0.029644 
0.159347 -0.268037 0.103713 0.143632 -0.268928 -0.047906 -0.205174 0.005442 -0.088143 -0.016842 0.043676 0.043617 0.023047 0.021038 -0.017143 
0.068552 -0.326269 -0.138810 0.077507 -0.227334 -0.206600 -0.153412 0.197332 0.023169 -0.020149 0.034088 0.051725 0.030817 -0.031821 -0.054004 
0.279776 -0.154602 -0.061044 0.301472 -0.076705 -0.045701 -0.117602 -0.049392 0.007081 0.008135 -0.080599 0.047543 0.012881 0.004153 -0.010587 
0.294661 -0.037039 -0.106235 0.067850 -0.087691 -0.084024 -0.347431 -0.002434 0.065775 -0.015224 -0.116859 0.136642 0.072388 -0.040776 0.043463 
0.302013 -0.175610 -0.134124 0.250980 0.010063 -0.004968 -0.227563 -0.075510 -0.029811 0.033856 -0.026682 0.005737 -0.015560 0.027891 0.008695 
0.523131 0.186687 0.005767 0.326953 -0.002019 -0.022365 -0.081932 0.092821 -0.043534 -0.040591 0.010680 -0.049909 0.043311 0.027438 -0.090415 
0.993053 -1.270787 -0.460628 -0.228076 0.306373 0.004376 -0.075362 0.045915 -0.107878 0.231987 -0.178570 0.134722 -0.152159 0.068633 -0.000830 
1.223077 -1.177081 -0.406710 -0.208034 0.330236 -0.024029 -0.160955 -0.007216 -0.028324 0.255806 -0.256831 0.156204 -0.108947 0.126999 -0.062200 
0.783642 -1.155848 -0.276757 -0.285238 0.318506 -0.067635 -0.274583 0.090150 0.038328 0.248863 -0.240570 0.116980 -0.086959 0.075210 -0.066947 
0.780818 -1.263507 -0.155101 -0.159961 0.301248 -0.242995 -0.303335 0.124845 0.021030 0.306342 -0.213306 0.076376 -0.071924 0.103375 -0.080832 
0.836318 -1.229051 0.033886 -0.144348 0.151377 -0.357701 -0.374117 0.094185 0.154881 0.210512 -0.171853 0.236289 -0.139111 0.129500 -0.047799 
1.057552 -1.003731 0.285762 0.147244 0.108223 -0.314598 -0.372392 0.012754 -0.029510 0.142804 -0.300686 0.171014 0.036870 0.121245 -0.102840 
1.197689 -0.664852 0.394232 0.012088 0.307958 -0.034880 -0.078293 0.164257 -0.082363 0.170320 -0.229969 0.093773 -0.000764 0.100333 -0.125702 
1.154516 -0.711210 0.438440 0.092738 0.505531 0.035284 -0.192177 0.145198 -0.212782 0.187032 -0.123630 0.062952 -0.072295 -0.008908 -0.020936 
1.238071 -0.608216 0.336410 -0.186053 -0.025736 -0.187551 -0.396076 0.063011 -0.120541 0.198817 -0.132010 0.023172 0.136529 0.085632 -0.061957 
1.566226 -0.349152 0.430447 -0.008952 0.214656 -0.060840 -0.234492 0.017277 -0.122111 0.223973 -0.183170 -0.081572 0.015944 0.119246 -0.093092 
1.426775 -0.551943 0.332288 -0.118158 0.322043 0.044246 -0.349555 0.130420 -0.115489 0.129907 -0.308727 0.075985 0.056086 -0.025109 -0.048726 
1.587747 -0.265146 0.618611 -0.039054 0.357762 0.058184 -0.178922 0.168362 -0.106751 0.189585 -0.374808 -0.056006 0.099015 -0.010884 -0.191703 
1.733022 -0.375101 0.566472 -0.163244 0.253076 0.065748 -0.282544 0.204148 -0.175129 0.132404 -0.242431 0.018298 0.009699 -0.019542 -0.037885 
1.535377 -0.330140 0.568950 -0.068920 0.167378 -0.180337 -0.295542 0.020808 -0.191036 0.240347 -0.278381 -0.043400 0.054465 0.123949 -0.118515 
1.315727 -0.443465 0.425313 0.040002 0.279685 -0.075935 -0.196436 0.033714 -0.238976 0.284426 -0.264348 -0.101839 0.103100 0.002643 -0.093962 
1.349690 -0.426228 0.414399 -0.155753 0.169768 -0.252302 -0.291549 0.007833 -0.162450 0.233260 -0.243597 0.008298 0.061501 0.132274 -0.114179 
1.259309 -0.531960 0.353441 -0.085339 0.235250 -0.068667 -0.152319 0.081647 -0.102455 0.320601 -0.274842 -0.064354 0.114285 0.073019 -0.126175 
1.089189 -0.584965 0.392032 -0.057411 0.344217 -0.074524 -0.124893 0.214810 -0.202014 0.343376 -0.182489 -0.041050 0.066616 0.046190 -0.036407 
1.013679 -0.951593 0.161563 -0.180705 0.234805 -0.022974 -0.083560 0.131472 -0.160199 0.200362 -0.211961 0.048568 0.029964 0.090869 -0.127530 
1.286924 -0.713369 0.253392 -0.211576 0.239613 0.053945 -0.063723 0.329781 -0.233142 0.315674 -0.208508 -0.169027 0.188723 0.116174 -0.155963 
1.703666 -1.025326 0.216400 -0.368610 -0.110213 0.023269 -0.222481 0.292933 -0.131608 0.198985 -0.078331 -0.066127 -0.011203 0.061918 -0.045303 
1.515449 -1.215986 0.269577 -0.637587 -0.139524 -0.016399 -0.144784 0.176915 -0.158967 0.182461 0.104014 0.067587 -0.025645 -0.103121 0.008301 
1.373969 -1.297703 0.253521 -0.757103 -0.062292 -0.075070 -0.097639 0.085194 -0.075521 0.162592 0.196000 0.122052 -0.098721 -0.122424 -0.074391 
1.433640 -1.256014 0.197016 -0.685291 -0.057930 -0.007415 -0.185523 0.011813 -0.056110 0.167460 0.227999 0.105145 -0.082371 -0.090513 -0.092818 
1.531433 -1.145386 0.197828 -0.653272 -0.048575 0.019441 -0.255455 -0.034369 -0.121704 0.208036 0.230650 0.114092 -0.023557 -0.099910 -0.045721 
1.600041 -1.088865 0.225463 -0.556666 -0.024441 0.009524 -0.315135 -0.068940 -0.217934 0.193262 0.189889 0.190429 0.008152 -0.092551 0.022629 
1.853133 -0.816761 0.003611 -0.261149 -0.012617 0.000170 -0.251500 -0.124913 -0.289934 0.120543 0.123128 0.248077 -0.109177 -0.015716 0.042043 
1.843832 -0.388443 -0.375365 -0.146843 0.130148 -0.118378 -0.132600 -0.078527 -0.590637 0.152200 0.131146 0.153084 -0.036933 -0.012667 0.040183 
1.345668 0.022470 -0.244124 0.047689 0.054852 0.135374 -0.050591 0.000616 -0.303322 0.038543 0.023372 -0.004843 0.012836 -0.020212 -0.009917 
1.071750 0.001020 -0.248613 0.003929 -0.064934 0.085413 -0.244033 0.026760 0.060514 0.119255 0.088757 -0.063517 -0.063851 0.059068 0.012710 
0.918188 -0.055695 -0.229617 0.141595 0.034155 0.046796 -0.089742 0.228619 -0.217982 -0.016736 0.159492 -0.092808 0.004307 0.023150 -0.004403 
0.577731 -0.351114 -0.523872 -0.014100 -0.098820 -0.054161 -0.210560 -0.055032 -0.205016 0.158841 0.271255 0.057208 -0.036422 -0.077438 0.017765 
0.578516 -0.207540 -0.441371 -0.127153 -0.107612 0.155581 -0.166823 -0.100790 -0.170848 0.158319 0.205392 -0.027569 -0.035641 -0.019411 -0.050954 
0.369916 -0.179986 -0.340929 -0.071723 -0.223036 0.079324 -0.027813 -0.185434 -0.181670 0.014034 0.124383 0.204558 -0.013853 -0.072612 0.005031 
0.399577 -0.084323 -0.299439 -0.195441 -0.355942 0.041567 -0.111948 -0.137747 -0.135970 0.100709 0.200702 0.091838 0.067853 0.007357 -0.050600 
0.391782 -0.030963 -0.335333 -0.269175 -0.340221 0.068366 -0.061908 -0.197340 -0.166755 0.176545 0.163506 0.080908 0.141990 -0.025902 -0.121909 
0.195317 -0.120589 -0.336733 -0.138855 -0.282490 -0.090734 -0.076023 -0.007795 -0.081974 0.128801 0.157539 0.057291 -0.037383 0.020023 -0.044794 
0.304348 -0.273285 -0.244508 -0.083112 -0.290904 -0.104706 -0.146117 -0.042986 -0.058156 0.260025 0.071112 -0.003143 0.069271 -0.009729 -0.051602 
0.146443 -0.211494 -0.291400 -0.245459 -0.246209 -0.041168 -0.136996 -0.071574 -0.076456 0.036681 0.257789 0.196839 -0.088495 -0.023623 -0.017210 
0.103772 -0.191335 -0.312654 -0.020461 -0.281454 -0.196057 -0.094617 -0.016305 -0.027858 0.155543 0.140448 0.007198 0.039841 -0.010123 -0.047630 
-0.001490 -0.266537 -0.295992 -0.091163 -0.287260 -0.015049 -0.229769 -0.212064 0.138591 0.181314 0.171254 0.063076 -0.085535 0.049332 -0.000245 
0.098337 -0.277329 -0.292816 0.057933 -0.097582 0.133140 -0.039516 -0.065029 -0.037461 0.005446 0.045324 0.010413 -0.005070 0.021810 -0.058092 
0.818712 -1.067532 -0.306971 -0.132737 0.130560 -0.025251 -0.243506 0.075648 -0.033678 0.224148 -0.084882 0.037654 -0.057936 0.042357 -0.065115 
1.021505 -1.143267 -0.200501 -0.161265 0.253982 -0.142210 -0.314930 0.047016 -0.051484 0.322749 -0.120647 0.086823 -0.098193 0.027106 0.035331 
0.926464 -1.102279 -0.029280 -0.034837 0.184877 -0.131321 -0.291874 -0.053142 -0.003522 0.283758 -0.169057 0.108970 -0.111151 0.095084 0.045650 
1.096029 -1.203990 -0.078045 -0.210554 0.210987 -0.174835 -0.361392 0.187379 -0.057886 0.272237 -0.214182 0.123408 0.037659 0.006312 -0.102573 
0.582379 -0.977474 0.078089 -0.103613 0.065318 -0.337054 -0.309324 0.147321 0.005848 0.158307 -0.097420 0.179783 -0.031020 0.055916 -0.086653 
0.513902 -0.905816 0.451621 0.158458 0.227188 -0.331838 -0.274193 0.157687 -0.089267 0.088783 -0.234314 0.129370 -0.030550 0.090283 -0.075665 
0.676077 -0.782322 0.380648 0.176469 0.229641 -0.012291 -0.165330 0.066147 -0.091803 0.167889 -0.135113 0.027262 -0.032535 0.057672 -0.043314 
0.578354 -0.734211 0.583487 0.281031 0.213816 -0.069213 -0.090923 0.127945 -0.133565 0.119427 -0.088667 0.064195 -0.128855 0.095250 -0.002089 
0.490388 -0.773737 0.667768 0.270668 0.211696 -0.030058 -0.062520 0.127523 -0.119746 0.130400 -0.129920 0.116477 -0.085418 0.015634 -0.007796 
0.648796 -0.698390 0.621784 0.503088 0.227293 -0.007843 -0.119700 0.052577 0.052164 0.070776 -0.198240 0.058722 -0.057137 0.083476 -0.104631 
0.620154 -0.540409 0.451384 0.196368 0.067813 -0.075950 -0.151019 0.080515 0.048350 0.009199 -0.211824 0.122360 0.045845 -0.014852 -0.102439 
0.367101 -0.929387 0.294223 0.269689 0.131673 -0.223892 -0.180927 0.256497 -0.117391 0.066288 -0.113615 0.056700 0.000733 0.059863 -0.100645 
0.378226 -0.988745 0.251495 0.332073 0.109464 -0.082835 -0.076685 0.099958 -0.040291 0.051972 -0.118014 0.152646 -0.060198 -0.037340 0.028900 
0.015120 -0.991917 0.258173 0.199891 0.016521 -0.131741 -0.219578 0.126509 0.002106 0.113812 -0.157588 0.000008 0.084749 0.009846 -0.043572 
0.114401 -1.040336 0.302744 0.310135 0.037433 -0.204463 -0.239121 0.173747 -0.088063 0.111920 -0.099681 -0.007477 0.027808 0.032161 -0.011073 
0.207891 -0.969187 0.137614 0.193214 -0.153521 -0.184404 -0.383081 0.203867 0.127068 0.017074 -0.143882 0.076687 0.169221 -0.077444 -0.072197 
0.151701 -0.662752 0.320501 0.338909 0.198790 -0.094517 -0.168833 0.204227 0.003472 0.123607 -0.276982 0.094309 0.193953 -0.120566 -0.085007 
0.054635 -0.788781 0.289630 0.328815 0.203802 -0.043060 -0.219312 0.170228 0.037952 0.102886 -0.189639 0.032172 0.094623 -0.002510 -0.063321 
0.074757 -0.550527 0.362475 0.238045 0.109430 0.019953 -0.211669 0.118772 -0.050543 0.076675 -0.052640 0.002211 -0.060854 0.090895 -0.014947 
0.079824 -0.721400 0.291689 0.204919 0.106362 -0.119165 -0.178453 0.218379 -0.079190 0.061939 -0.140852 0.126967 -0.049247 0.018694 0.026182 
