city021_037
YUSHIMA
50
0.089507 0.128641 1.119629 0.114994 -0.068053 0.346247 -0.332621 0.257515 -0.233066 -0.180363 0.081093 -0.174564 -0.142762 -0.000614 -0.068453 
0.254173 -0.066672 1.503950 -0.073288 -0.137184 0.318855 -0.402498 0.306909 -0.354581 -0.210320 0.094871 -0.187529 -0.207667 0.015982 -0.067894 
0.530612 -0.292453 1.581838 0.069290 -0.272355 0.305030 -0.350455 0.188110 -0.351995 -0.172281 -0.031095 -0.142207 -0.224963 0.026376 -0.106662 
0.798978 -0.505208 1.554911 0.134346 -0.284480 0.274687 -0.331839 0.199539 -0.352424 -0.172529 -0.026975 -0.158780 -0.173023 -0.013529 -0.128801 
0.945534 -0.547859 1.565281 0.180141 -0.245988 0.083115 -0.324087 0.279362 -0.437240 -0.164385 0.005753 -0.132939 -0.156484 0.043069 -0.161731 
1.162506 -0.697781 1.400224 0.212308 -0.189988 -0.045080 -0.353127 0.276392 -0.414754 -0.146291 -0.058902 -0.096417 -0.079864 0.060811 -0.189473 
1.231512 -0.795341 1.350339 0.145367 -0.166882 -0.047227 -0.403735 0.252766 -0.371018 -0.119265 -0.144585 -0.043112 -0.023043 0.016456 -0.186479 
1.254253 -0.935124 1.401016 0.045346 -0.129597 -0.023033 -0.482760 0.242358 -0.340193 -0.062793 -0.225176 -0.013161 0.020878 0.029310 -0.203525 
1.097625 -0.921847 1.412281 0.000120 -0.088287 -0.053281 -0.448965 0.221161 -0.310039 -0.046427 -0.287715 0.061021 0.024923 -0.034966 -0.160338 
0.937260 -0.927577 1.332432 -0.089631 0.029706 -0.093930 -0.383872 0.224689 -0.317399 0.011987 -0.315426 0.114163 0.018067 -0.104685 -0.063035 
0.280829 -0.196804 1.184919 -0.189593 0.334670 -0.452831 -0.120444 0.229250 -0.332103 0.037649 -0.258776 0.117307 0.085765 -0.202492 0.007478 
-0.360297 -0.066859 1.093372 -0.580477 0.543089 -0.100647 -0.153254 0.320878 -0.161320 0.097868 -0.057377 0.046537 0.050089 -0.088964 0.049618 
-0.688799 -0.323220 0.885850 -0.626343 0.324287 -0.239574 -0.009947 0.173022 -0.071943 0.052162 -0.104494 0.082917 0.059448 -0.145465 0.046653 
-0.675228 -0.511764 0.623706 -0.744132 0.419422 -0.233839 -0.034627 0.234940 -0.130369 0.051456 -0.065003 0.042506 0.014636 -0.059985 0.033524 
-0.733944 -0.534099 0.583082 -0.793294 0.362137 -0.386012 -0.091136 0.360159 -0.079239 0.000814 0.008218 0.030131 -0.032544 -0.027903 -0.023380 
-0.945602 -0.716887 0.664471 -0.827184 0.400220 0.017523 -0.047056 0.085371 -0.132474 0.128229 -0.104594 0.009768 0.088677 -0.090999 0.032999 
-0.980638 -0.801851 0.539158 -0.923802 0.320921 -0.113925 0.077028 0.273083 -0.219368 0.145948 -0.161283 -0.020836 0.088141 -0.065734 0.073057 
-0.963168 -0.708092 0.827607 -0.796336 0.518406 -0.275119 -0.035436 0.325500 -0.191188 -0.020394 0.000084 0.035847 0.058144 -0.144145 0.082796 
-0.920426 -0.627951 1.013723 -0.811814 0.251484 -0.133271 -0.174219 0.222519 -0.132679 0.097126 -0.031762 -0.018461 0.080928 -0.101116 0.050418 
-0.718280 -0.643199 0.868600 -0.924092 0.226200 -0.085933 -0.113834 0.328545 -0.209266 0.140851 -0.019738 -0.132961 0.154601 -0.097236 -0.039288 
-0.682404 -0.816526 0.970359 -0.822607 0.105139 -0.065788 -0.196143 0.449672 -0.234758 0.022764 0.093203 -0.051188 -0.053877 0.058621 -0.086385 
0.067078 -0.490288 1.435233 -0.263778 0.123633 -0.006061 -0.279762 0.294645 -0.314992 -0.026634 -0.006003 -0.059967 -0.054988 0.032395 -0.126040 
0.735908 -0.812912 1.541524 -0.092703 -0.167008 -0.021450 -0.339766 0.192493 -0.362085 -0.085796 -0.128627 0.046821 -0.100021 -0.008454 -0.051711 
1.089198 -0.940746 1.515718 0.009230 -0.331831 0.049153 -0.376004 0.175905 -0.371321 -0.114320 -0.090864 0.034916 -0.112191 0.012395 -0.012102 
1.397797 -1.061693 1.530905 0.193729 -0.535910 0.089811 -0.351325 0.133344 -0.294530 -0.165969 -0.022605 0.096518 -0.205423 0.154366 -0.041242 
1.401374 -1.050701 1.370438 0.379995 -0.489800 0.051514 -0.362493 0.142450 -0.229766 -0.200286 -0.054947 0.086139 -0.165137 0.127439 -0.025867 
1.518652 -0.698789 0.937798 0.255714 -0.232965 0.179512 -0.283912 0.100971 -0.268132 -0.048905 -0.113568 0.045389 -0.224842 0.055999 0.027562 
1.486084 -0.413119 0.995560 0.166343 -0.357164 0.146005 -0.247863 0.028988 -0.353594 0.018312 -0.093244 0.002211 -0.210336 0.171155 -0.005144 
1.418021 -0.433765 0.904930 0.207460 -0.260662 0.140368 -0.251924 0.019756 -0.377564 0.018285 -0.088059 -0.094351 -0.195024 0.193592 -0.088278 
1.502780 -0.423304 0.810378 0.238528 -0.278497 0.205085 -0.148859 -0.067481 -0.389283 0.063719 -0.122044 -0.121195 -0.173832 0.152880 -0.118274 
1.451661 -0.450844 0.814100 0.158578 -0.281909 0.321301 -0.119010 -0.189292 -0.401978 0.109968 -0.209815 -0.021540 -0.222070 0.089276 -0.051812 
1.446802 -0.545460 0.732448 0.190190 -0.343220 0.328463 -0.013896 -0.220726 -0.395592 0.037543 -0.245614 0.017589 -0.201543 0.031556 -0.040336 
1.412235 -0.489652 0.645143 0.165163 -0.281724 0.266220 0.083676 -0.221292 -0.424036 0.009303 -0.226094 0.023064 -0.170474 -0.024344 0.020525 
1.870625 -0.523740 0.265840 -0.031281 -0.386070 0.233748 -0.036658 -0.117855 -0.498288 -0.005194 0.001640 0.048703 -0.027633 0.141415 -0.041463 
2.061919 -0.732531 0.111699 -0.297736 -0.404402 0.269223 -0.141533 0.026159 -0.348756 0.135546 0.235166 0.116972 -0.134377 0.153333 -0.123370 
2.127978 -0.967009 0.014530 -0.476075 -0.312633 0.229604 -0.167449 0.161670 -0.387395 0.244156 0.252513 0.119175 -0.194530 0.018774 -0.065994 
2.100130 -0.914450 -0.095138 -0.432422 -0.259834 0.161510 -0.093511 0.123033 -0.323690 0.319373 0.185207 0.089211 -0.253864 0.002162 -0.022690 
2.067339 -0.994837 -0.085116 -0.486457 -0.337064 0.262042 -0.124020 0.230850 -0.280127 0.305403 0.158003 0.031921 -0.237443 -0.083349 0.001449 
1.937138 -0.899153 -0.121741 -0.462339 -0.380695 0.267072 -0.074306 0.118746 -0.242299 0.329472 0.189655 0.049720 -0.226170 -0.116513 -0.061659 
1.836445 -0.866745 -0.270098 -0.453886 -0.387919 0.231488 -0.017965 0.066349 -0.213569 0.344892 0.182947 0.051743 -0.239024 -0.154383 0.009424 
1.842656 -0.904854 -0.235561 -0.460856 -0.440096 0.295672 -0.009196 0.083165 -0.190822 0.282126 0.217485 0.038214 -0.270766 -0.118538 -0.069309 
1.920794 -1.000978 -0.175895 -0.465860 -0.404191 0.321729 -0.056107 0.107599 -0.211489 0.282346 0.191029 -0.008708 -0.239805 -0.087407 -0.033223 
1.733383 -1.065415 -0.235817 -0.442211 -0.345277 0.248511 -0.029032 0.081624 -0.219853 0.297854 0.161448 0.028120 -0.211186 -0.108648 -0.002956 
1.529514 -0.959296 -0.230350 -0.533127 -0.355509 0.266132 -0.008157 0.125834 -0.227918 0.336448 0.169289 -0.044538 -0.207522 -0.083624 -0.143911 
1.754738 -0.900445 -0.386854 -0.420526 -0.375104 0.249901 -0.016406 0.083541 -0.201837 0.325434 0.207592 -0.030864 -0.259457 -0.107945 0.000327 
1.475110 -0.549821 -0.511934 -0.426209 -0.111135 -0.006668 0.012558 0.202065 -0.255359 0.364060 0.114176 -0.164269 -0.151527 0.012391 -0.040822 
1.600821 -0.813365 -0.382209 -0.435445 -0.116241 0.231702 -0.136275 0.202217 -0.362192 0.215926 0.151807 -0.037010 -0.098755 0.072365 -0.042200 
1.287367 -0.531170 -0.484651 -0.434291 -0.292429 0.243248 -0.072858 0.148998 -0.271665 0.309398 0.330918 -0.109247 -0.229588 -0.102217 -0.068530 
0.605927 -0.078379 -0.716571 -0.407989 -0.280479 0.170556 -0.039468 -0.017029 -0.042144 0.265463 0.215892 -0.001253 -0.187619 -0.096150 -0.207426 
-0.007130 -0.292095 -0.502187 -0.127012 -0.534583 0.172322 -0.027553 -0.076956 -0.087073 0.220829 0.277119 -0.002001 -0.051885 -0.124851 -0.113154 
