city021_001
AZABU
55
-0.075850 0.104786 -0.021580 0.113982 -0.225768 0.267670 -0.118946 -0.149758 -0.168561 0.009986 0.072547 -0.021789 -0.002345 0.014705 -0.088283 
-0.201481 -0.066503 -0.145270 0.076092 -0.058915 0.122410 -0.138033 -0.068947 -0.010387 0.134565 -0.094715 0.035143 -0.021557 0.023889 -0.023525 
1.273605 -0.094043 -0.502983 -0.113975 -0.180049 0.055757 -0.282433 0.222720 0.126186 0.149705 -0.084212 -0.124094 -0.000766 0.023515 -0.061239 
1.504526 -0.431525 -0.423839 -0.070156 -0.202046 0.034168 -0.312771 0.141596 0.040736 0.318148 0.138226 -0.234662 -0.131037 0.132640 -0.070369 
1.390994 -0.640522 -0.295145 -0.310165 -0.225625 0.129915 -0.246919 0.162318 -0.169663 0.365867 0.305746 -0.239009 -0.198661 0.071824 -0.096047 
1.534014 -0.706388 -0.231341 -0.361799 -0.144075 0.165165 -0.226636 0.203926 -0.153851 0.330946 0.201124 -0.176037 -0.278590 0.101319 -0.063621 
1.960933 -0.757866 -0.183203 -0.436963 -0.202031 0.193709 -0.239246 0.134860 -0.185430 0.326769 0.230139 -0.128904 -0.256607 0.116748 -0.088298 
1.950786 -0.750601 -0.024501 -0.498346 -0.324663 0.205339 -0.165723 0.162359 -0.111560 0.228006 0.079896 -0.050705 -0.179948 0.136798 -0.105573 
1.986582 -0.786220 -0.113474 -0.520182 -0.232278 0.110548 -0.184626 0.068488 -0.123389 0.344231 0.120535 -0.073397 -0.209776 0.151320 -0.051562 
1.959914 -0.815877 0.048883 -0.630352 -0.196797 0.035175 -0.148617 0.059809 -0.208049 0.481869 0.053875 0.063008 -0.205074 0.048896 -0.015599 
2.009795 -0.802135 0.057671 -0.501060 -0.199074 0.089558 -0.252193 0.026159 -0.170013 0.446698 0.166310 0.011213 -0.211669 0.071879 -0.070982 
1.887681 -0.515795 0.087686 -0.562887 -0.101192 0.155008 -0.371471 -0.195055 -0.020701 0.340373 0.077924 0.006845 -0.081893 0.105343 -0.097782 
1.859833 -0.323241 0.228751 -0.421896 0.040645 -0.035796 -0.411480 -0.203026 -0.212695 0.475712 -0.101555 0.077511 -0.037811 0.132096 0.059372 
1.740596 -0.047631 0.400872 -0.328194 0.103675 0.021167 -0.424143 -0.304501 -0.227840 0.462653 -0.222844 0.077193 0.026199 0.072280 0.075657 
1.379825 -0.043520 0.354104 -0.015479 0.102095 -0.009043 -0.258903 -0.229575 -0.264328 0.221942 -0.303421 0.014311 -0.051109 0.028158 0.019238 
1.154987 0.013379 0.232837 -0.111494 0.259190 -0.033399 -0.097962 -0.225741 -0.351749 0.140312 -0.215670 0.031371 -0.115126 0.012564 -0.052933 
0.729847 0.050949 0.307901 -0.058239 0.291682 -0.194715 -0.168324 -0.242701 -0.126423 0.008159 -0.243023 -0.002416 -0.039970 0.049476 -0.092030 
0.686226 0.089508 0.396356 -0.108158 0.160944 -0.119699 -0.167648 -0.198106 -0.193886 -0.100886 -0.119765 0.040753 -0.134338 0.044418 0.021870 
0.851123 0.067068 0.320870 -0.114426 0.100601 -0.072017 -0.067460 -0.347215 -0.172255 -0.051985 -0.113764 -0.003828 -0.047630 0.010164 -0.003512 
1.399862 -0.199308 0.241120 -0.355307 0.255115 0.061045 -0.345975 -0.368072 -0.243461 0.228361 -0.275295 0.081077 -0.047951 0.008670 0.058129 
1.791019 -0.482452 0.427479 -0.373007 0.058298 0.219148 -0.509091 -0.332846 -0.236933 0.255173 -0.164456 0.057925 -0.070843 0.082515 0.054696 
1.862984 -0.669263 0.304181 -0.468945 0.112407 0.011351 -0.469976 -0.217609 -0.269781 0.272621 -0.056749 0.107578 -0.027254 0.133474 0.064080 
1.756346 -0.803053 0.384052 -0.530106 -0.034752 0.021207 -0.387017 -0.227920 -0.188017 0.271177 -0.010465 0.071176 0.124087 0.046549 0.021856 
1.708013 -0.859416 0.397415 -0.640424 -0.020291 -0.101573 -0.303729 -0.079199 -0.284788 0.366241 0.068133 0.089749 0.083493 0.053328 -0.010906 
1.655761 -0.985302 0.363214 -0.538328 -0.110441 -0.204199 -0.261367 -0.036695 -0.199735 0.353437 -0.009458 0.138938 0.127430 0.043553 -0.035850 
1.586422 -0.983796 0.360385 -0.505671 -0.129308 -0.156834 -0.280709 -0.115010 -0.130335 0.270919 0.064254 0.125585 0.064154 0.142285 -0.076468 
1.725036 -0.963550 0.337020 -0.457329 -0.055738 -0.209423 -0.297465 -0.066294 -0.208980 0.193314 0.099077 0.150922 0.011528 0.159416 0.004303 
1.875956 -0.795036 0.209978 -0.347861 -0.100796 -0.091258 -0.236106 -0.129130 -0.331801 0.152968 -0.015820 0.136503 0.125269 0.092323 -0.035276 
2.046537 -0.714061 0.383613 -0.415848 -0.106115 0.221608 -0.347690 -0.143751 -0.491603 0.161292 -0.045728 0.101475 0.062988 0.076976 -0.113116 
1.972221 -0.679504 0.301874 -0.365739 -0.082161 0.364805 -0.400622 -0.179503 -0.430625 0.073627 -0.021727 -0.010967 0.075177 0.072919 -0.165708 
1.875736 -0.636888 0.313327 -0.258394 -0.118921 0.349594 -0.314754 -0.106659 -0.410751 0.027891 -0.078340 0.004235 0.057590 0.081697 -0.176699 
1.822743 -0.454705 0.251769 -0.269484 -0.105035 0.387767 -0.310591 -0.062667 -0.438185 0.062444 -0.071533 -0.076315 0.067256 0.093880 -0.200103 
1.701159 -0.207801 0.143845 -0.292347 -0.081370 0.398631 -0.314442 -0.053690 -0.461094 -0.043136 -0.007867 -0.145930 0.142675 0.045201 -0.199436 
1.717243 -0.339358 0.116902 -0.301157 -0.037080 0.341740 -0.347565 -0.036285 -0.497951 0.015230 0.022496 -0.087190 0.081577 0.092708 -0.194520 
1.598560 -0.285496 0.227672 -0.367013 -0.009878 0.282987 -0.277216 -0.111701 -0.532302 0.099580 0.019050 -0.026267 0.046055 0.073140 -0.207467 
1.780123 -0.402642 0.434450 -0.322459 0.074174 0.256245 -0.228760 0.018686 -0.458003 0.204301 -0.134915 -0.057607 0.026085 0.021008 -0.113220 
2.026439 -0.465318 0.534342 -0.294937 0.022004 0.293548 -0.160632 -0.003974 -0.305076 0.185673 -0.142504 0.041554 -0.081876 0.066947 -0.077342 
1.898962 -0.661285 0.620013 -0.337684 0.017660 0.144425 -0.328667 0.108495 -0.265842 0.019489 -0.167712 -0.050467 0.024109 0.075586 -0.098421 
1.695700 -0.798709 0.733222 -0.281784 0.050444 0.057292 -0.374062 0.021632 -0.460388 0.026242 -0.129690 -0.055299 0.016887 0.061862 -0.086506 
1.505427 -0.748684 0.744656 -0.228540 0.146940 0.024700 -0.464209 -0.199570 -0.430521 0.242572 -0.121846 -0.152164 -0.041187 0.137512 0.027077 
1.538377 -0.674499 0.780396 -0.279972 0.066911 0.124089 -0.522522 -0.239399 -0.369898 0.237610 -0.091706 -0.120584 -0.037922 0.145763 0.031969 
1.611231 -0.652203 0.771601 -0.288983 0.099609 0.095419 -0.510657 -0.178986 -0.422771 0.259150 -0.080791 -0.160621 -0.038917 0.190438 -0.029496 
1.676161 -0.659959 0.726493 -0.256887 0.113723 0.115782 -0.547478 -0.168256 -0.429199 0.295522 -0.094501 -0.192531 -0.032250 0.191412 -0.029445 
1.809390 -0.680373 0.708642 -0.196039 0.069828 0.129093 -0.532105 -0.176193 -0.395744 0.309656 -0.146515 -0.180105 -0.037838 0.220454 -0.076026 
1.796698 -0.556842 0.718065 -0.085124 0.059591 0.133070 -0.497277 -0.182941 -0.419149 0.349260 -0.144856 -0.162527 -0.094950 0.229077 -0.033832 
1.714200 -0.348386 0.678387 -0.036510 0.029437 0.171440 -0.597817 -0.105464 -0.423550 0.290710 -0.104009 -0.304633 0.059854 0.171698 -0.071357 
1.475886 -0.226782 0.711290 -0.020318 0.149824 -0.000638 -0.533708 -0.104421 -0.432742 0.332926 -0.198445 -0.258850 0.046803 0.204944 -0.038843 
1.258488 -0.179374 0.732185 -0.053454 0.202097 -0.022671 -0.542484 -0.116807 -0.409517 0.367413 -0.285517 -0.284450 0.112091 0.142493 -0.043680 
1.190567 -0.096727 0.664142 -0.014389 0.140247 -0.042227 -0.559699 -0.132681 -0.369224 0.303945 -0.245492 -0.222406 0.057376 0.250965 -0.074525 
1.047037 -0.032206 0.379565 0.120053 0.189304 -0.044783 -0.530766 -0.191447 -0.260620 0.258227 -0.339543 -0.236726 0.062937 0.136677 -0.026683 
0.974529 -0.182492 0.382492 0.212402 0.066292 0.073283 -0.431386 -0.135305 -0.196908 0.200321 -0.207259 -0.273566 0.117198 0.063763 -0.106896 
0.555035 -0.139242 0.338354 0.214545 0.000707 -0.038657 -0.560037 -0.161408 -0.310380 0.262451 -0.261795 -0.355653 0.289228 0.054920 -0.059976 
0.324096 0.136629 0.146599 0.087587 -0.112439 0.098960 -0.446000 -0.262707 -0.268168 0.233543 -0.144315 -0.158913 0.179334 -0.015352 0.024941 
0.275347 0.119324 -0.023439 0.237540 -0.128790 0.130174 -0.176022 -0.180324 -0.264696 0.030529 0.038196 -0.073981 -0.043035 0.058157 -0.085694 
0.093556 0.154072 0.031359 0.173169 -0.171166 0.157155 -0.286453 -0.216200 -0.137643 0.023192 0.003631 -0.049579 -0.020952 0.067919 -0.040698 
