city021_093
JUUMONJI
85
-0.124283 0.040273 -0.127981 -0.012556 -0.281465 0.092439 -0.018822 -0.033429 -0.110132 0.059891 -0.036915 0.093985 0.005000 -0.064538 0.059657 
-0.098232 0.109580 0.056480 0.312747 0.047607 0.079327 -0.034606 0.025725 -0.113301 0.049161 -0.003351 0.019969 -0.033044 -0.024264 -0.001356 
0.620367 0.546209 0.443465 0.463971 -0.095134 0.204413 0.013921 0.040779 -0.096354 -0.115917 -0.077149 -0.068624 -0.088621 -0.102371 -0.057255 
0.632612 0.497123 0.871282 0.446563 -0.138442 0.046405 -0.172927 0.016178 -0.117008 -0.206401 -0.202820 0.007075 -0.085006 -0.160594 -0.059157 
0.362122 0.310402 0.933312 0.139838 0.021043 0.046496 -0.346238 0.197718 -0.258727 -0.174191 -0.157987 -0.023049 -0.101902 -0.146063 0.004756 
-0.002472 0.275722 1.054397 -0.230234 0.330274 0.057345 -0.437342 0.352779 -0.335775 0.001959 -0.139041 -0.077778 0.002570 -0.117454 -0.016077 
-0.307881 -0.077811 1.258208 -0.197588 0.350509 0.081527 -0.513788 0.354225 -0.310216 -0.030875 -0.191463 -0.097580 -0.017928 -0.094977 -0.078606 
-0.462477 -0.212921 1.436958 -0.195110 0.234692 0.089520 -0.417832 0.272574 -0.233812 -0.146481 -0.108486 -0.020459 -0.209051 0.089429 -0.149708 
-0.666938 -0.252718 1.502825 -0.357607 0.332307 0.102106 -0.505302 0.370643 -0.168122 -0.173859 -0.027610 -0.047053 -0.083846 0.066520 -0.178734 
-0.874283 -0.130828 1.523348 -0.441088 0.368801 0.005603 -0.416998 0.232683 -0.182403 -0.136957 -0.111711 -0.042340 -0.092168 0.041551 -0.165300 
-0.705094 -0.287842 1.431008 -0.501310 0.351661 -0.076944 -0.411276 0.234926 -0.115246 -0.178663 -0.071073 0.076689 -0.122563 0.054476 -0.068946 
-0.296522 -0.301105 1.448176 -0.341184 0.310521 -0.044655 -0.412223 0.258464 -0.288297 -0.119470 -0.123749 -0.018955 -0.153088 0.035585 -0.078835 
-0.076007 -0.330555 1.489255 -0.219826 0.121596 0.001903 -0.330826 0.103288 -0.216800 -0.198057 -0.158901 0.032249 -0.218767 0.002354 -0.028971 
0.396239 -0.515400 1.501482 -0.302745 0.001160 0.161284 -0.397891 0.075505 -0.213664 -0.105821 -0.164055 0.025842 -0.163856 0.042452 -0.034294 
0.756255 -0.626451 1.411501 -0.025066 -0.132340 0.054951 -0.407701 0.148236 -0.218754 -0.193958 -0.130501 0.021584 -0.071859 -0.041215 -0.044846 
0.977229 -0.806413 1.396681 0.138775 -0.241319 0.034441 -0.399637 0.185065 -0.229197 -0.238902 -0.071894 -0.027933 -0.035560 0.010522 -0.196563 
1.197430 -0.965609 1.517455 0.146673 -0.314617 0.080210 -0.420805 0.186559 -0.246672 -0.194676 -0.145080 0.078753 -0.119451 0.039669 -0.121404 
1.128959 -0.902903 1.487614 0.129674 -0.314293 0.071235 -0.395704 0.153877 -0.231923 -0.196539 -0.071004 -0.012581 -0.056404 0.048498 -0.147597 
1.296610 -1.074692 1.535663 0.093581 -0.280480 0.140003 -0.489690 0.204575 -0.268840 -0.169690 -0.134441 -0.019747 -0.085957 0.089327 -0.201398 
1.286554 -0.999490 1.466624 0.124399 -0.284851 0.119260 -0.508803 0.177307 -0.217353 -0.205984 -0.113053 -0.043768 -0.047416 0.113461 -0.246392 
1.305891 -0.943753 1.363615 0.116097 -0.271396 0.094274 -0.515856 0.143351 -0.164006 -0.246023 -0.074822 -0.069274 -0.014294 0.131941 -0.272497 
1.363726 -0.966543 1.391109 0.039642 -0.218770 0.081189 -0.542640 0.180804 -0.232306 -0.170119 -0.096054 -0.067200 -0.028124 0.161564 -0.247544 
1.370828 -0.926980 1.287887 0.043408 -0.176642 0.070614 -0.572807 0.132319 -0.177769 -0.174325 -0.065619 -0.145544 0.031405 0.191587 -0.275312 
1.475321 -1.002569 1.279211 0.009671 -0.119915 0.035603 -0.600489 0.142743 -0.184928 -0.102836 -0.131124 -0.123479 0.038174 0.230654 -0.285850 
1.552186 -1.010937 1.319903 -0.048831 -0.086119 0.024358 -0.667318 0.230636 -0.268187 -0.036682 -0.164824 -0.117140 0.062246 0.235126 -0.288275 
1.528459 -0.907562 1.270900 -0.067981 -0.067146 0.029723 -0.635531 0.182630 -0.271113 -0.013112 -0.125466 -0.160171 0.069297 0.232659 -0.259359 
1.514620 -0.857858 1.206484 -0.072301 -0.036955 0.065849 -0.645344 0.123636 -0.260000 0.029556 -0.117929 -0.215385 0.068307 0.258065 -0.237421 
1.642009 -0.928921 1.218014 -0.135120 0.018881 0.089204 -0.709588 0.169389 -0.324717 0.106071 -0.143389 -0.235893 0.058198 0.282840 -0.214228 
1.556736 -0.805023 1.116629 -0.074223 0.060810 0.042932 -0.655764 0.090700 -0.281843 0.154286 -0.144696 -0.250950 0.073038 0.275358 -0.145407 
1.588267 -0.833918 1.104223 -0.137784 0.091480 0.084446 -0.645738 0.046943 -0.308483 0.197336 -0.157735 -0.245937 0.009329 0.296528 -0.125497 
1.681670 -0.747138 0.965867 -0.173144 0.087410 0.209561 -0.623486 -0.006832 -0.407842 0.246333 -0.042091 -0.283178 -0.051064 0.249054 -0.059144 
1.728333 -0.534361 0.667673 -0.132954 -0.005721 0.322025 -0.567811 -0.032129 -0.400334 0.176510 0.131063 -0.281608 -0.070396 0.226469 -0.127241 
1.410973 -0.250308 0.550690 0.206951 -0.231844 0.445065 -0.201932 -0.049596 -0.405065 -0.121728 -0.004153 -0.294289 -0.047836 0.034375 -0.261726 
1.317665 -0.275833 0.754509 0.050636 -0.438670 0.515583 0.029782 -0.231905 -0.350577 -0.112298 -0.231238 -0.114819 -0.101556 0.060023 -0.177651 
1.401467 -0.346739 0.909477 -0.094640 -0.508233 0.511160 0.030279 -0.205764 -0.329317 -0.085699 -0.336057 -0.064925 -0.127932 0.092534 -0.113852 
1.582027 -0.435345 0.935930 -0.261830 -0.487691 0.549666 0.010001 -0.111197 -0.362188 -0.114999 -0.374446 -0.047820 -0.091086 0.134719 -0.090031 
1.508746 -0.333410 1.009632 -0.332745 -0.597951 0.507828 0.009529 -0.014306 -0.302759 -0.065585 -0.416396 -0.142824 -0.076026 0.064457 0.014926 
1.698702 -0.475161 1.063279 -0.339542 -0.513618 0.481649 -0.048169 -0.051441 -0.297942 0.010635 -0.389778 -0.004063 -0.115505 0.087311 -0.019113 
1.610664 -0.406274 1.119076 -0.423245 -0.447379 0.420104 -0.140756 -0.036625 -0.342395 0.069463 -0.389248 -0.002579 -0.060607 -0.004738 0.041002 
1.828636 -0.450873 0.925997 -0.518721 -0.476982 0.354433 -0.160213 -0.020322 -0.247808 0.139164 -0.297598 0.059066 0.038636 -0.015900 0.065566 
1.750904 -0.510671 0.745696 -0.484076 -0.204189 0.029452 -0.294341 0.077543 -0.076701 0.270773 -0.201394 0.151695 0.041412 -0.065958 0.028142 
1.898449 -0.657852 0.672553 -0.487443 -0.177468 -0.025112 -0.408736 0.198456 -0.023817 0.317988 -0.234070 0.156446 0.050268 -0.080532 -0.004916 
1.992034 -0.733599 0.625837 -0.445474 -0.216133 0.056288 -0.483171 0.251276 0.015914 0.230481 -0.125872 0.151991 0.029455 -0.080689 -0.000684 
1.964092 -0.774306 0.686184 -0.499379 -0.183411 0.038233 -0.483362 0.208838 -0.004193 0.242247 -0.203864 0.174596 0.015302 -0.044999 0.009319 
1.909178 -0.785133 0.526835 -0.547665 -0.187292 0.052873 -0.343662 0.211030 -0.039871 0.137428 -0.234188 0.150304 0.010127 -0.041423 0.038888 
1.928358 -0.829227 0.568219 -0.630128 -0.284478 0.127861 -0.168353 0.179670 -0.182552 0.102746 -0.271500 0.101193 0.032701 0.043167 0.047919 
1.889776 -0.673711 0.581141 -0.598930 -0.410180 0.250993 -0.090961 0.054160 -0.308441 0.052474 -0.147878 0.076522 0.110142 0.067465 0.064825 
1.950267 -0.676880 0.599329 -0.535728 -0.328191 0.383475 -0.150803 -0.077207 -0.377954 0.188187 -0.098426 0.189397 0.090359 -0.050807 0.039301 
1.977189 -0.732354 0.729269 -0.460243 -0.231593 0.422659 -0.285634 -0.061014 -0.423299 0.331998 -0.086408 0.172798 0.027880 -0.086698 0.051606 
1.557280 -0.758406 0.923969 -0.212010 -0.124165 0.545195 -0.348561 -0.106569 -0.352598 0.188671 -0.115650 0.027464 -0.107181 -0.039068 0.002754 
1.235615 -0.659041 1.305002 -0.080584 -0.138845 0.463432 -0.410538 -0.110808 -0.279996 0.121021 -0.312225 -0.055488 -0.162226 -0.005387 -0.041293 
1.293020 -0.562807 1.265829 -0.052327 -0.146712 0.457720 -0.418507 -0.119412 -0.225411 0.099283 -0.292113 -0.042430 -0.157566 0.021619 -0.058290 
1.292116 -0.513721 1.250844 -0.079910 -0.156940 0.418169 -0.444370 -0.090699 -0.214129 0.132957 -0.282942 -0.016375 -0.090704 0.010216 -0.018024 
1.288119 -0.385759 1.208568 -0.110649 -0.219563 0.363771 -0.361483 -0.124007 -0.149850 0.078082 -0.241634 0.046345 -0.109127 0.076262 -0.067770 
1.286648 -0.330525 1.212485 -0.234321 -0.237737 0.413012 -0.287114 -0.121176 -0.209787 0.094174 -0.273566 0.057867 -0.117614 0.032730 -0.057367 
1.247624 -0.175487 1.256915 -0.264887 -0.321902 0.466263 -0.282962 -0.132640 -0.173812 0.062081 -0.291444 0.045620 -0.101981 0.023499 -0.094110 
1.284911 -0.080284 1.231646 -0.255452 -0.357020 0.469187 -0.289191 -0.102094 -0.192826 0.061148 -0.307564 0.023844 -0.078432 -0.014728 -0.077919 
1.280925 0.055325 1.244118 -0.275460 -0.330179 0.431146 -0.279611 -0.088642 -0.202579 0.088403 -0.346404 0.040425 -0.081404 -0.040848 -0.052982 
1.231074 0.164372 1.164075 -0.275747 -0.233235 0.369566 -0.277163 -0.007345 -0.236560 0.076329 -0.343129 0.008880 -0.087034 -0.075929 -0.040113 
0.872554 -0.180834 0.870683 -0.326236 0.318321 0.084832 -0.182850 -0.048267 -0.317450 0.097927 -0.363526 0.098778 -0.146109 -0.070010 -0.033457 
0.760414 0.146253 0.879942 -0.034580 0.252658 -0.287252 -0.174827 0.105273 -0.308856 0.026454 -0.448519 0.174066 -0.099159 -0.151179 -0.012800 
0.322640 0.006209 0.975282 -0.266747 0.396949 -0.264868 -0.215924 0.286776 -0.304623 0.092894 -0.289683 0.185164 -0.055878 -0.106404 0.031094 
-0.287310 0.098318 1.124200 -0.253214 0.510190 -0.282957 -0.089939 0.258432 -0.296231 0.188655 -0.314722 0.134564 0.015311 -0.166693 0.078595 
-0.469033 0.198160 1.112539 -0.024271 0.463596 -0.290227 -0.012828 0.159869 -0.272571 0.069232 -0.315185 0.049616 -0.036548 -0.200973 -0.008420 
-0.297807 0.314160 1.152120 -0.213596 0.485329 -0.287131 -0.184847 0.283965 -0.297644 -0.052119 -0.238468 0.149619 -0.178401 -0.086263 0.004286 
-0.557056 0.316743 1.141848 -0.294201 0.597764 -0.268270 -0.092500 0.106949 -0.273570 0.068070 -0.317934 0.052957 -0.160907 -0.038773 -0.056460 
-0.561683 0.218521 1.235010 -0.205198 0.370429 -0.139911 -0.006490 -0.027171 -0.186003 0.020128 -0.223588 -0.037061 -0.103923 -0.036840 -0.085851 
-0.275191 -0.077652 1.286697 -0.188658 0.277451 -0.341169 -0.041670 0.189424 -0.359772 0.067851 -0.229039 0.082855 0.010999 -0.187895 0.032755 
-0.044620 -0.191885 1.326987 -0.119202 0.108205 -0.274475 -0.050285 0.128726 -0.419715 0.074072 -0.188819 -0.013233 0.003401 -0.129149 -0.003674 
0.340186 -0.285226 1.380982 -0.131812 -0.086653 -0.092944 -0.138436 0.152233 -0.389718 0.061332 -0.150007 0.078935 -0.117737 -0.040107 0.041917 
0.560474 -0.464206 1.578691 -0.105072 -0.208776 -0.018345 -0.245547 0.125314 -0.443941 0.019222 -0.234434 0.123087 -0.175084 -0.071750 0.108722 
0.571265 -0.484300 1.690151 -0.056336 -0.232060 0.062614 -0.249427 0.142197 -0.429132 -0.013787 -0.221108 0.103938 -0.222953 -0.063340 0.077956 
0.415542 -0.366962 1.712633 -0.049511 -0.243170 0.082346 -0.183776 0.061127 -0.391458 -0.028839 -0.200605 0.064323 -0.257421 -0.016871 0.061556 
0.447495 -0.545876 1.746583 -0.026798 -0.287845 0.166665 -0.175408 0.032353 -0.350064 -0.041015 -0.218198 0.091478 -0.338879 0.032559 0.054376 
0.524348 -0.641427 1.751367 -0.045614 -0.291015 0.245182 -0.226557 0.057141 -0.312568 -0.073601 -0.161684 0.039826 -0.305511 0.040981 0.017868 
0.549371 -0.644712 1.825442 -0.114544 -0.273038 0.234547 -0.227454 0.088021 -0.355595 -0.024596 -0.170359 0.060566 -0.328356 0.080777 0.024791 
0.316649 -0.567252 1.773748 -0.254962 -0.127038 0.128717 -0.198763 0.070445 -0.401576 0.021499 -0.204472 0.047756 -0.298400 0.064905 0.054612 
0.453338 -0.342370 1.762645 -0.032350 -0.389287 0.247507 -0.238697 0.018193 -0.364252 -0.049372 -0.124744 -0.016051 -0.291217 0.136838 -0.019166 
0.265043 -0.200251 1.809710 -0.056011 -0.340762 0.265000 -0.275759 0.039284 -0.386168 -0.098663 -0.134483 -0.041762 -0.328768 0.101752 -0.014418 
0.471709 -0.255238 1.744303 -0.054063 -0.300360 0.279788 -0.292252 0.118870 -0.397384 -0.048826 -0.103239 -0.059511 -0.277709 0.108849 -0.039480 
0.301464 0.223792 1.040167 0.173552 -0.292559 0.087983 -0.103551 -0.003686 -0.406620 -0.140097 -0.019053 -0.201094 -0.251274 0.089325 -0.054459 
-0.159998 -0.240882 1.441855 -0.091483 -0.213859 0.225760 -0.287350 0.001935 -0.272541 -0.030902 -0.194220 -0.007988 -0.184509 0.055304 -0.050903 
-0.139846 -0.133411 1.485196 -0.024359 -0.211927 0.171665 -0.278068 0.121901 -0.438356 -0.100734 -0.053214 -0.158512 -0.225045 0.055166 -0.023633 
0.107157 0.137954 0.313547 0.326266 -0.126969 0.241792 -0.169217 -0.209229 -0.381636 -0.010611 -0.017767 -0.161376 -0.138517 -0.090761 0.077413 
-0.209452 0.035253 0.269168 -0.061517 -0.262827 0.094172 -0.105058 0.069709 -0.066721 -0.030858 0.008380 0.086855 -0.092227 0.034386 0.012291 
