city021_074
CHANPION
66
-1.058283 -0.032709 0.403791 -0.575639 0.346246 -0.097058 -0.060613 0.111412 -0.105491 0.082028 -0.085806 0.118166 -0.128107 0.097104 -0.025254 
-1.273928 0.058673 0.465083 -0.657071 0.544883 -0.248324 -0.052797 0.001766 -0.024623 0.096636 -0.102125 0.095287 -0.102821 0.083123 -0.007930 
-1.155903 -0.094656 0.438477 -0.939752 0.283295 -0.149784 -0.006022 0.079207 -0.022272 0.105169 -0.022635 -0.015562 -0.042409 0.066815 -0.111587 
-0.711660 -0.468534 0.530640 -0.920423 0.226499 -0.211642 0.064389 0.215917 -0.020315 0.158971 -0.225015 0.034494 0.031464 -0.102976 0.031068 
-0.294871 -0.454561 0.616717 -0.511487 0.204407 -0.242110 -0.019377 0.085479 -0.193993 0.225295 -0.139591 0.067943 0.023900 -0.048506 0.028152 
0.868621 -0.217678 0.647697 -0.074189 0.057087 -0.350169 -0.181860 0.083457 -0.324894 0.113122 -0.335826 0.162375 0.075535 -0.113164 0.025659 
1.531796 -0.913358 0.919453 -0.161648 -0.201084 -0.097145 -0.562155 0.057491 -0.175016 0.045610 -0.260645 0.125656 0.194165 0.025312 -0.055819 
1.417803 -1.068309 0.812605 -0.276155 -0.122124 -0.163914 -0.540890 -0.053075 -0.075602 0.067585 -0.156098 0.095474 0.254257 0.059037 -0.022549 
1.465591 -1.017297 0.678898 -0.269702 -0.223161 -0.133826 -0.464006 -0.110122 0.063415 0.106256 -0.046619 0.029798 0.196860 0.178758 -0.151124 
1.457107 -1.069242 0.527769 -0.473702 -0.166302 -0.152773 -0.336003 -0.097615 0.193673 0.267411 0.037639 -0.045812 0.070939 0.164438 -0.171397 
1.445150 -0.981502 0.407538 -0.561920 -0.089563 -0.087817 -0.233963 -0.110153 0.187073 0.353457 0.107631 -0.133413 -0.085211 0.133239 -0.094795 
1.363759 -1.055665 0.352750 -0.627920 -0.026246 -0.014825 -0.197550 -0.060476 0.143175 0.348908 0.123531 -0.191333 -0.163133 0.132611 -0.070379 
1.413930 -1.076795 0.284833 -0.659787 -0.012203 0.043665 -0.173520 -0.035543 0.104984 0.310805 0.153824 -0.178258 -0.215342 0.103814 -0.050819 
1.456853 -1.076927 0.268470 -0.694102 0.008922 0.069265 -0.144875 -0.015236 0.056538 0.246275 0.213068 -0.141469 -0.255947 0.082067 -0.046175 
1.528960 -1.043381 0.307426 -0.735408 0.016484 0.107234 -0.152341 -0.009847 -0.017806 0.245590 0.210100 -0.087632 -0.234087 0.063840 -0.075700 
1.595262 -1.012957 0.307827 -0.724122 0.002626 0.127761 -0.182105 -0.011496 -0.087542 0.241387 0.208280 -0.046212 -0.189916 0.067012 -0.100276 
1.688113 -1.009590 0.368178 -0.669574 -0.057036 0.171381 -0.247438 -0.018172 -0.158411 0.218074 0.204270 -0.017676 -0.125257 0.108288 -0.136366 
1.819328 -0.987028 0.471431 -0.521016 -0.150017 0.292484 -0.344111 -0.005461 -0.247368 0.215148 0.146650 -0.004976 -0.034348 0.056639 -0.107310 
1.512315 -0.831895 0.935151 -0.169561 -0.147315 0.447753 -0.348704 -0.170770 -0.409997 0.168969 -0.104491 -0.025124 -0.116734 0.000326 -0.021998 
1.360844 -0.657583 1.059940 0.020571 -0.190078 0.369482 -0.342093 -0.160536 -0.355482 0.123666 -0.216580 -0.128173 -0.101813 0.017530 -0.053174 
1.409378 -0.566322 1.030190 0.088703 -0.259509 0.316124 -0.317708 -0.100678 -0.329149 0.062138 -0.183118 -0.145811 -0.073054 0.055282 -0.123469 
1.474149 -0.463862 0.900563 0.197975 -0.264898 0.285485 -0.336552 -0.058311 -0.287798 -0.021962 -0.148022 -0.186607 -0.067900 0.075676 -0.191120 
1.524283 -0.276793 0.698659 0.198086 -0.294241 0.283191 -0.225126 -0.018159 -0.322446 -0.061230 -0.132369 -0.194613 -0.080918 0.073601 -0.210630 
1.440368 -0.083435 0.538533 0.233603 -0.325578 0.160172 -0.196453 0.051678 -0.306782 -0.103308 -0.102249 -0.230607 -0.026234 0.032053 -0.121753 
1.246485 0.086124 0.314312 0.339444 -0.268735 0.231737 -0.260749 -0.111873 -0.257052 -0.059844 -0.047332 -0.199397 -0.073905 0.116152 -0.147777 
0.825139 0.157601 0.194751 0.314167 -0.239193 0.121287 -0.094164 -0.130417 -0.168537 -0.156612 -0.047631 -0.026018 -0.143813 0.095414 -0.087274 
0.579287 0.085346 0.276712 0.353288 -0.203457 0.254626 -0.123897 -0.163283 -0.190912 0.008557 -0.096656 -0.110037 -0.022746 0.001206 -0.129300 
0.478360 0.323815 0.030003 0.135776 -0.091347 0.215836 -0.179370 -0.039204 0.004927 0.092493 -0.105589 -0.011982 0.078491 -0.050812 -0.019887 
0.457421 0.206245 0.166969 -0.047261 -0.507909 0.164842 -0.074758 -0.076482 0.026057 0.098986 -0.061532 0.062516 -0.034083 0.056650 -0.048410 
0.266883 -0.092031 -0.167398 0.030518 -0.251882 0.031360 -0.163530 -0.154057 -0.049211 0.060842 0.031180 0.097918 -0.031282 0.073814 -0.070340 
0.279321 0.098263 -0.083173 0.096373 -0.110171 0.043718 -0.218774 0.001017 -0.049990 0.072012 -0.031772 0.020181 -0.022554 0.047203 0.002199 
0.282773 0.135121 -0.007104 0.200030 -0.102024 0.071250 -0.147756 -0.117857 -0.132327 0.044826 -0.008746 -0.019098 -0.062838 0.101286 -0.069775 
0.024909 -0.159888 -0.167204 0.133337 -0.045832 0.100437 -0.256359 -0.133338 -0.067367 0.199097 0.040984 -0.137177 0.004583 0.109952 -0.072408 
-0.216971 -0.240447 -0.146620 0.039074 -0.154106 0.191651 -0.127032 0.035248 -0.069998 0.062056 0.001169 -0.022722 0.039223 -0.028796 -0.012632 
0.326004 -0.480371 0.876359 -0.067337 -0.157367 0.250576 -0.058694 0.225455 -0.044093 0.039089 -0.058864 0.160529 -0.084318 0.029468 -0.006661 
0.471280 -0.380306 1.319135 -0.296858 0.249384 0.471865 -0.160245 0.099823 -0.200567 0.200282 -0.206432 0.136930 -0.139990 -0.044975 -0.002347 
0.715832 -0.105101 1.237716 -0.237258 0.073678 0.170649 -0.359176 0.244420 -0.257133 -0.059360 -0.161462 0.077253 -0.172810 -0.055662 0.015053 
0.777380 -0.289413 1.404583 -0.179787 -0.077233 0.196961 -0.426694 0.280954 -0.294884 -0.240683 -0.060896 0.068783 -0.298164 -0.050126 0.081496 
0.669419 -0.353389 1.502370 -0.046080 -0.154679 0.227851 -0.426297 0.209630 -0.164451 -0.346968 -0.022160 0.104505 -0.337317 -0.029685 0.085549 
0.811954 -0.480271 1.609151 -0.144105 -0.113160 0.196291 -0.451604 0.278349 -0.291590 -0.218511 -0.114943 0.156706 -0.343617 -0.045497 0.140710 
0.755076 -0.247359 1.536426 -0.025757 -0.163722 0.173362 -0.361105 0.200709 -0.245680 -0.265748 -0.045873 0.072942 -0.293422 -0.069740 0.118362 
0.897367 -0.455835 1.622185 0.057521 -0.307350 0.232454 -0.386267 0.167466 -0.290891 -0.215370 -0.107857 0.095153 -0.306334 -0.053550 0.125258 
0.994672 -0.562336 1.660575 0.033674 -0.374132 0.228435 -0.364573 0.128998 -0.325261 -0.197531 -0.093923 0.031113 -0.263944 -0.003958 0.018040 
1.105522 -0.724600 1.618837 0.132182 -0.416416 0.098544 -0.305043 0.140701 -0.444819 -0.145027 -0.044863 -0.058786 -0.223684 0.090490 -0.087585 
1.193495 -0.808803 1.321644 0.320385 -0.336555 -0.173571 -0.298215 0.251967 -0.470998 -0.247069 0.065621 -0.020983 -0.227804 0.152934 -0.051992 
1.526280 -0.895947 1.001071 0.266818 -0.182738 -0.199946 -0.577771 0.279456 -0.316155 -0.229643 0.004664 -0.042126 -0.063750 0.274991 -0.161178 
1.594139 -0.680557 0.666209 0.131694 0.048058 -0.209780 -0.601226 0.059378 -0.297349 0.016897 -0.003210 -0.149650 -0.072400 0.366526 -0.017301 
1.789308 -0.495249 0.425465 -0.071284 0.058219 0.007681 -0.495064 -0.063365 -0.424638 0.060320 0.153142 -0.013938 -0.215866 0.215139 0.051863 
2.174512 -0.469552 0.098076 -0.228740 -0.178980 0.157602 -0.296600 0.044277 -0.414835 0.054508 0.337342 0.059839 -0.146440 0.154315 -0.094493 
2.029157 -0.355301 -0.003559 -0.407344 -0.260493 0.114036 -0.103314 0.120781 -0.416015 0.104661 0.200838 0.060006 -0.018553 0.145378 -0.110879 
2.161313 -0.258451 0.049944 -0.521478 -0.439656 0.177462 -0.103427 0.210023 -0.385960 0.095781 0.136364 0.060936 0.030725 0.218564 -0.107774 
1.974297 -0.305425 0.159362 -0.574583 -0.459388 0.128309 -0.172155 0.289075 -0.400128 0.140392 0.073794 -0.005344 0.068423 0.196447 -0.069407 
2.000585 -0.150089 0.109690 -0.502192 -0.610975 0.087706 -0.068677 0.200176 -0.267187 0.125021 0.019884 -0.022819 0.029914 0.199392 -0.021798 
1.936906 -0.150779 0.213255 -0.403861 -0.672893 0.077277 -0.084173 0.159227 -0.202033 0.139821 -0.006542 -0.011984 -0.012910 0.165511 -0.048755 
1.894877 -0.101732 0.224003 -0.382579 -0.699182 0.108228 -0.094897 0.146648 -0.148371 0.095643 0.027474 -0.039949 -0.022421 0.142298 -0.033364 
1.770514 -0.091685 0.295795 -0.377165 -0.680421 0.085874 -0.112957 0.088382 -0.101461 0.142288 -0.059852 -0.005284 -0.002779 0.029454 0.034721 
1.878654 -0.069539 0.327609 -0.253401 -0.763164 0.112449 -0.013198 0.025901 -0.109826 0.118692 -0.109581 0.011970 -0.048122 0.049229 0.069420 
2.022429 -0.096003 0.242682 -0.117747 -0.754594 0.170184 -0.057390 0.005918 -0.112075 0.038776 -0.068665 -0.002650 -0.022235 0.036948 0.086802 
1.687698 -0.039865 0.365168 -0.212904 -0.547396 0.163895 -0.034337 -0.019107 -0.162667 0.047510 -0.166002 0.023272 -0.003817 0.013413 0.078862 
1.576972 -0.050708 0.197239 0.149765 -0.554093 0.286676 0.043165 -0.128202 -0.083161 -0.174338 -0.195514 0.047472 -0.105661 0.082239 0.004569 
1.265562 0.001809 0.310554 0.111131 -0.439715 0.351147 0.178715 -0.013619 -0.208276 -0.247768 -0.242934 0.013794 -0.086605 0.031211 0.099448 
1.267151 -0.229202 0.409035 0.096317 -0.384066 0.368739 0.071997 0.015594 -0.271893 -0.301128 -0.173991 0.081848 -0.126167 0.030215 0.073533 
0.842540 -0.062046 0.308942 0.016939 -0.106956 0.341818 -0.032452 0.012370 -0.317125 -0.113340 -0.128619 0.086755 0.009757 -0.136930 0.057481 
1.130980 -0.132878 0.286250 0.143009 -0.259013 0.326281 -0.015948 -0.002294 -0.300260 -0.302777 -0.118570 0.093602 -0.092749 -0.054563 0.023375 
0.525352 0.086424 0.311388 0.168112 -0.153974 0.208562 -0.006856 -0.075146 -0.316098 -0.195852 -0.006205 0.074342 -0.239821 0.007708 0.022729 
0.960053 -0.081343 0.288324 0.244070 -0.165840 0.316659 0.008219 -0.050578 -0.385707 -0.222008 -0.117928 0.093993 -0.144976 -0.126668 -0.002175 
