city021_097
BYOOIN
54
0.299379 0.314696 0.184979 0.241723 0.046930 0.223036 0.021537 0.014676 -0.164497 -0.028698 -0.013314 0.058624 -0.094855 -0.032202 0.000541 
0.648601 -0.130661 0.396731 0.436231 -0.080669 0.166267 -0.253664 -0.001533 -0.047745 -0.206206 -0.100697 0.061337 -0.159202 -0.042116 -0.002618 
0.774081 -0.369387 0.785514 0.635597 -0.319135 0.088526 -0.210953 0.150965 -0.160366 -0.248554 0.019896 -0.028207 -0.172876 0.008118 0.004111 
0.718929 -0.396236 1.194210 0.479638 -0.296156 0.172540 -0.218053 0.206770 -0.202916 -0.209923 -0.001343 -0.052118 -0.142285 -0.038508 -0.069040 
0.890358 -0.522957 1.463268 0.041425 -0.302586 0.287362 -0.475029 0.166521 -0.081955 -0.314007 -0.062225 0.126392 -0.212261 0.008575 -0.035717 
0.840909 -0.577132 1.587222 -0.076554 -0.148102 0.269613 -0.587618 0.313871 -0.210746 -0.350687 -0.059276 0.084498 -0.266370 -0.028215 -0.026887 
0.950904 -0.704519 1.649466 -0.002726 -0.211429 0.275807 -0.545691 0.264622 -0.194724 -0.317079 -0.121672 0.103340 -0.231388 -0.062450 -0.032818 
1.102416 -0.877776 1.622368 0.037808 -0.288276 0.208095 -0.472012 0.264977 -0.309266 -0.256153 -0.058218 0.019128 -0.207377 0.009078 -0.093238 
1.163758 -0.908534 1.377859 0.134273 -0.238434 -0.103756 -0.297310 0.168465 -0.346561 -0.187735 -0.015627 -0.049908 -0.097746 0.085607 -0.135100 
1.256716 -0.894325 1.194997 0.116149 -0.130295 -0.310839 -0.341263 0.166987 -0.305417 -0.227643 -0.012568 0.028012 -0.087325 0.172816 -0.124936 
1.743612 -1.069093 0.802044 0.029897 -0.076641 -0.139272 -0.552859 0.180864 -0.309600 -0.108542 -0.029947 -0.081591 0.024212 0.230208 -0.163338 
1.751918 -0.897458 0.738244 -0.038560 0.065502 -0.142441 -0.567597 0.045749 -0.353869 0.112218 -0.053338 -0.119043 -0.085079 0.330703 0.007549 
1.836414 -0.860528 0.588396 -0.035664 0.011305 -0.134196 -0.495445 0.079326 -0.383112 0.112819 0.016447 -0.156086 -0.047356 0.318801 -0.040400 
1.858424 -0.798651 0.646265 -0.467958 0.040056 0.117678 -0.402989 0.008965 -0.616161 0.145955 0.169192 -0.050484 -0.115566 0.244223 -0.082840 
1.771702 -0.635923 0.490234 -0.467253 0.005447 0.059851 -0.273698 -0.020744 -0.590469 0.093649 0.141306 -0.011558 -0.024472 0.184894 -0.087631 
1.904945 -0.672321 0.404691 -0.479199 -0.062793 0.104685 -0.239259 0.000753 -0.557857 0.013565 0.053318 0.011400 0.008768 0.260789 -0.141509 
1.913676 -0.533003 0.458511 -0.484790 -0.164766 0.069684 -0.251896 0.046874 -0.419201 0.013820 -0.019430 -0.019374 -0.014074 0.286079 -0.117688 
1.934590 -0.588697 0.557760 -0.571650 -0.199920 0.020987 -0.245979 0.121952 -0.414460 0.031687 -0.126569 -0.042178 0.014711 0.290061 -0.099012 
1.918967 -0.647218 0.428808 -0.510566 -0.191501 0.033792 -0.252446 0.120575 -0.382822 -0.049285 -0.187309 -0.038583 0.103675 0.278267 -0.087401 
1.995950 -0.614856 0.429115 -0.540166 -0.162528 0.049442 -0.265798 0.124515 -0.360744 -0.042949 -0.218321 -0.015506 0.050586 0.276014 -0.061707 
1.878647 -0.542576 0.437690 -0.482996 -0.202153 0.008798 -0.234261 0.068768 -0.281116 -0.046714 -0.174665 -0.035632 0.043241 0.256974 -0.104994 
1.884398 -0.630656 0.466456 -0.576280 -0.144575 0.004179 -0.228275 0.105547 -0.374393 -0.016590 -0.200933 0.022383 0.048746 0.284643 -0.081195 
1.805960 -0.626813 0.388041 -0.560044 -0.160177 0.075594 -0.179235 0.068353 -0.414966 -0.089096 -0.097502 0.001180 0.152756 0.241448 -0.082641 
1.927612 -0.636867 0.499171 -0.689691 -0.106694 0.114800 -0.196090 0.072846 -0.531765 0.055447 -0.115222 0.014326 0.083893 0.290014 -0.119601 
1.788233 -0.615009 0.576698 -0.582264 -0.051623 0.113341 -0.263835 -0.034934 -0.503669 0.123276 0.058529 -0.030236 0.038440 0.212329 -0.166456 
1.816889 -0.761705 0.577400 -0.507369 0.075926 0.126262 -0.361194 -0.076850 -0.582953 0.193954 0.094958 -0.025811 -0.066167 0.194799 -0.123984 
1.667293 -0.725189 0.675882 -0.349210 0.112410 0.095547 -0.460672 -0.113157 -0.485343 0.193738 0.168136 -0.133613 -0.160578 0.263048 -0.032974 
1.642470 -0.932972 0.898339 -0.213252 0.019152 0.016214 -0.490792 0.070671 -0.487962 0.091545 0.027313 -0.153993 -0.119942 0.312703 -0.076628 
1.476827 -0.927042 1.114022 -0.066034 -0.117436 -0.102586 -0.386479 0.184068 -0.521948 0.004577 -0.005804 -0.138945 -0.076598 0.217832 -0.091297 
1.181227 -0.840498 1.177805 0.002870 -0.115742 -0.222801 -0.207095 0.120508 -0.511843 -0.042554 -0.011105 -0.115667 -0.122762 0.171633 -0.088737 
1.117182 -0.787374 1.336765 0.017014 -0.250803 -0.202173 -0.143401 0.133142 -0.520777 -0.053318 0.071092 -0.145846 -0.114243 0.154519 -0.086939 
1.235648 -0.859244 1.670204 -0.045520 -0.479423 0.046723 -0.279467 0.239130 -0.538782 0.023038 0.125319 -0.113630 -0.138380 0.235851 -0.115421 
1.128088 -0.763347 1.686333 -0.142455 -0.493713 0.136501 -0.255898 0.179223 -0.403828 0.027080 0.124679 -0.082622 -0.130106 0.233812 -0.141230 
1.150211 -0.748093 1.731795 -0.200915 -0.522829 0.249984 -0.345899 0.175913 -0.362707 -0.032180 0.121577 -0.091354 -0.132486 0.216397 -0.121184 
1.099425 -0.654631 1.724614 -0.257501 -0.446069 0.233181 -0.356037 0.187949 -0.360418 -0.012076 0.098123 -0.063200 -0.137002 0.202774 -0.074807 
1.107514 -0.469980 1.649413 -0.323428 -0.457682 0.305838 -0.373476 0.177119 -0.316162 -0.063100 0.102740 -0.101794 -0.160884 0.205477 -0.091903 
1.126123 -0.405304 1.623141 -0.394661 -0.424159 0.335438 -0.393738 0.206028 -0.300138 -0.077207 0.094052 -0.096318 -0.196062 0.211626 -0.081133 
1.167213 -0.297873 1.624762 -0.480080 -0.356257 0.302809 -0.408658 0.238671 -0.321217 -0.064703 0.046265 -0.058657 -0.257520 0.216511 -0.064888 
1.132512 -0.125678 1.463722 -0.459282 -0.395991 0.381059 -0.452944 0.252155 -0.264190 -0.178163 0.094429 -0.153265 -0.241649 0.187908 -0.097807 
1.270302 -0.173236 1.360586 -0.438172 -0.363948 0.394688 -0.455273 0.268080 -0.236084 -0.219426 0.030273 -0.095046 -0.290168 0.168996 -0.093773 
1.360321 -0.109301 1.155366 -0.361115 -0.316800 0.460068 -0.477595 0.232103 -0.206881 -0.208472 -0.019112 -0.111679 -0.178911 0.103311 -0.116380 
1.541417 -0.156141 1.008596 -0.083988 -0.386215 0.235629 -0.234594 0.198530 -0.364570 -0.053509 0.016817 -0.169780 -0.174735 0.173483 -0.134769 
1.584052 -0.160669 0.789348 0.148932 -0.332727 0.023269 -0.079560 0.181358 -0.423970 -0.027887 -0.030968 -0.082937 -0.228545 0.132490 -0.069910 
1.666960 -0.209595 0.702375 0.241996 -0.325740 0.161941 -0.133406 0.109710 -0.372494 -0.116484 0.028159 -0.159769 -0.195837 0.137271 -0.108040 
1.560241 -0.098584 0.608722 0.187623 -0.238632 0.130447 -0.077016 0.139682 -0.438661 -0.076265 -0.054052 -0.173373 -0.177874 0.085336 -0.073161 
1.514852 -0.118319 0.493746 0.172249 -0.132419 0.079015 -0.006106 0.141339 -0.478185 -0.058530 -0.078551 -0.166020 -0.181838 0.121851 -0.103765 
1.426876 0.039413 0.494619 0.107990 -0.286355 0.093547 0.053018 0.159117 -0.426938 -0.091259 -0.091891 -0.229370 -0.128788 0.085811 -0.069056 
1.339438 -0.014007 0.572992 0.125308 -0.225529 0.008619 0.006889 0.076372 -0.449810 0.002943 -0.131757 -0.154897 -0.139770 0.108669 -0.110833 
1.257921 0.079913 0.441615 0.002763 -0.346454 0.141341 0.025795 0.074159 -0.378033 -0.142427 -0.218967 -0.182796 -0.071687 0.033776 -0.014129 
1.201782 0.134525 0.507323 0.289570 -0.173180 0.006402 -0.079359 0.012653 -0.404374 -0.085041 -0.058947 -0.221605 -0.138693 0.071774 -0.095361 
1.169343 0.225747 0.248377 0.305559 -0.209057 -0.084840 0.103570 -0.047056 -0.403095 -0.037028 -0.157686 -0.105666 -0.133345 0.037676 -0.024094 
1.091803 0.162305 0.172618 0.323343 -0.263509 0.110422 0.110945 -0.013987 -0.485116 -0.177891 -0.051843 -0.209705 -0.084906 0.053596 -0.091099 
0.489597 0.226754 0.273233 0.140389 -0.086751 0.102282 -0.070932 -0.040590 -0.315524 -0.032163 -0.040957 -0.062017 -0.088706 0.035396 -0.029260 
0.682927 0.021103 0.347407 0.341151 -0.076576 0.043091 0.025206 -0.031191 -0.399743 0.033548 -0.077602 -0.100856 -0.114404 -0.003697 -0.020194 
