city021_030
HONJO
68
0.236280 0.250088 0.228707 0.308329 -0.021400 0.221031 -0.044672 0.155414 -0.024796 0.052718 0.004668 0.019301 0.047578 0.011737 -0.061044 
0.722940 0.537862 0.331437 0.339457 -0.119150 -0.009832 -0.157067 0.066871 -0.216648 -0.078639 -0.010780 -0.115517 -0.061584 0.085506 -0.150372 
0.920310 0.737122 0.334727 0.254552 -0.126277 0.098056 -0.126807 0.071583 -0.126494 -0.167207 -0.047861 -0.092307 -0.122742 0.007693 -0.104944 
1.095019 0.486026 0.115853 0.088056 -0.177224 0.088362 -0.278860 -0.019160 -0.031607 -0.088872 -0.098774 0.009120 -0.055822 0.073187 -0.080066 
1.314318 0.576840 0.015628 -0.027522 -0.272156 0.031352 -0.172892 0.113782 0.045509 0.089982 -0.026419 -0.019404 -0.011895 0.028683 -0.120883 
1.370938 0.649195 0.221212 0.194536 -0.302398 0.013202 -0.118375 0.228492 -0.002567 0.012771 0.012740 -0.047589 -0.032390 -0.016374 -0.110530 
2.014439 0.675546 0.050759 0.086572 -0.185248 0.207638 -0.138894 -0.071015 -0.160074 -0.001439 -0.058868 -0.050504 -0.042031 0.034559 -0.072424 
2.152776 0.025681 0.166751 -0.137447 -0.118745 0.433280 -0.451943 -0.086196 -0.028198 -0.016084 -0.006536 -0.058967 -0.138170 0.083445 -0.042776 
1.732637 0.098031 0.342351 -0.014278 -0.135897 0.425445 -0.349717 -0.167877 -0.038456 -0.059178 -0.076501 0.020629 -0.137232 0.067969 -0.059822 
2.013151 0.053756 0.202260 -0.047694 -0.093103 0.323518 -0.311264 0.065052 -0.045793 -0.058894 -0.265827 -0.118630 0.009060 -0.075931 -0.017958 
2.152935 -0.140723 -0.047936 -0.014592 -0.348086 0.015672 -0.216271 -0.039133 -0.138759 0.048930 -0.117794 -0.069192 -0.001268 0.076224 0.040381 
1.911984 0.135491 0.097810 0.084937 -0.210303 0.013382 -0.102990 0.178243 -0.135773 -0.049414 -0.058852 -0.067127 -0.109240 0.073960 -0.056074 
1.992202 0.334526 -0.026587 -0.042981 -0.173850 0.284397 -0.136745 0.060386 -0.172059 -0.031165 -0.067715 -0.085498 -0.074035 0.045149 -0.017264 
2.104169 0.319879 -0.064655 0.033976 -0.238600 0.014309 -0.116877 0.087713 -0.125362 -0.116955 -0.068380 -0.013213 -0.133985 0.118697 -0.079583 
1.994025 0.068931 0.303012 -0.596211 -0.511560 0.086932 -0.245799 0.127876 -0.165671 0.053641 -0.089418 -0.181460 0.009803 0.149805 -0.131890 
2.025286 -0.026206 0.276664 -0.686079 -0.603497 0.152417 -0.178121 0.136448 -0.208619 0.059743 -0.094498 -0.165834 0.088003 0.219722 -0.100625 
2.090953 -0.285894 0.239860 -0.635347 -0.569122 0.204311 -0.164458 0.119327 -0.295290 0.041384 -0.111523 -0.075844 0.141475 0.274984 -0.066852 
2.057190 -0.301990 0.250641 -0.530978 -0.553058 0.269212 -0.141401 0.061243 -0.346174 0.047449 -0.030446 -0.029561 0.162086 0.233423 -0.086457 
2.076699 -0.435880 0.318629 -0.471897 -0.418187 0.364688 -0.176763 0.032470 -0.429380 0.082351 -0.019057 0.017045 0.150942 0.150531 -0.123334 
2.172235 -0.400780 0.264001 -0.326105 -0.281218 0.307781 -0.208884 -0.026953 -0.457895 0.198912 0.037168 0.040175 0.042439 0.092966 -0.115870 
2.047592 -0.544119 0.402173 -0.158454 -0.248653 0.212918 -0.213159 -0.078034 -0.424296 0.286816 -0.076897 0.006507 0.041339 0.023529 -0.005727 
1.986458 -0.620802 0.527660 0.009744 -0.168310 0.150309 -0.278287 -0.089251 -0.382383 0.394720 -0.168842 -0.012592 0.032721 0.010327 0.049811 
1.628454 -0.563317 0.711116 0.158182 -0.180418 0.251961 -0.248490 -0.222594 -0.240000 0.308443 -0.262013 -0.068451 0.030776 -0.049913 0.066389 
1.463483 -0.428017 1.039987 0.117806 -0.457151 0.409304 -0.232383 -0.140985 -0.206458 0.024856 -0.240917 -0.062349 -0.038670 -0.050304 -0.053739 
1.419453 -0.343355 1.118543 -0.005782 -0.515626 0.421711 -0.185879 -0.102983 -0.259973 0.046248 -0.294988 -0.059740 -0.033857 -0.105665 0.004416 
1.405901 -0.304601 1.103592 -0.092136 -0.541490 0.500732 -0.178510 -0.147167 -0.220229 0.007229 -0.274775 -0.058558 -0.065212 -0.011802 -0.074759 
1.441283 -0.282668 1.046995 -0.092240 -0.550373 0.535133 -0.191885 -0.143401 -0.177381 -0.057781 -0.245190 -0.103794 -0.027012 -0.043179 -0.095359 
1.416640 -0.232424 1.089537 -0.143314 -0.534088 0.602564 -0.215646 -0.143392 -0.164423 -0.054919 -0.273575 -0.071661 -0.057590 -0.033900 -0.100221 
1.411091 -0.182502 1.024011 -0.095814 -0.508859 0.536494 -0.187162 -0.153978 -0.153009 -0.078992 -0.297476 -0.078288 -0.056604 -0.079234 -0.073292 
1.407288 -0.099836 1.027141 -0.043266 -0.462464 0.503776 -0.203819 -0.189790 -0.121464 -0.068879 -0.314792 -0.049761 -0.080615 -0.090144 -0.075585 
1.456257 -0.000846 0.973144 -0.007426 -0.512775 0.530171 -0.184840 -0.176482 -0.072056 -0.089011 -0.319707 -0.050086 -0.090859 -0.104129 -0.071519 
1.195321 -0.172487 1.074414 -0.119756 -0.036962 0.357014 -0.483506 0.107257 -0.210725 -0.085667 -0.206319 -0.064076 -0.100425 -0.028936 -0.114034 
0.966898 -0.534166 1.092342 -0.295484 0.162977 0.165148 -0.518792 0.215556 -0.226670 -0.002463 -0.173025 0.001870 -0.056487 0.043306 -0.116141 
0.759977 -0.405334 1.095945 -0.310544 0.205851 0.013440 -0.482765 0.193993 -0.220405 0.074856 -0.259007 0.061805 -0.019047 0.036162 -0.093365 
0.231433 -0.386806 1.222462 -0.238860 0.275591 -0.000032 -0.579600 0.157622 -0.151441 -0.049494 -0.294786 -0.047920 0.025478 0.042549 -0.194837 
-0.149911 -0.367753 1.457782 -0.322577 0.353493 0.107972 -0.518435 0.130405 -0.101698 -0.126505 -0.258340 -0.028915 -0.120205 0.007589 -0.102146 
-0.250992 -0.319934 1.387618 -0.378894 0.471656 -0.004399 -0.484449 0.138194 -0.177459 -0.086117 -0.214878 -0.095270 -0.123368 0.068343 -0.147077 
0.036766 -0.421715 1.295043 -0.294187 0.305723 0.066547 -0.606331 0.154694 -0.076205 -0.241545 -0.160445 -0.014487 -0.145339 0.071259 -0.111629 
0.336577 -0.595263 1.265053 -0.167172 0.208139 -0.026376 -0.513947 0.140163 -0.114253 -0.155874 -0.147588 -0.111808 0.017875 0.070681 -0.182593 
0.902216 -0.785585 1.111924 0.054731 0.019291 0.011700 -0.443898 0.039104 -0.115559 0.026401 -0.376122 0.021669 0.032262 0.033959 -0.133048 
1.212199 -0.930096 1.127216 0.094712 -0.071610 0.056014 -0.512029 0.046932 -0.118022 -0.044104 -0.294550 -0.007372 -0.007873 0.113389 -0.206461 
1.365392 -1.101749 1.124930 0.076678 -0.106477 0.082676 -0.567940 0.028099 -0.130764 -0.040384 -0.248160 -0.067510 -0.002233 0.187643 -0.203744 
1.525772 -0.989765 0.977712 0.006397 -0.011960 -0.021038 -0.513752 -0.022268 -0.193474 0.096432 -0.274740 -0.051695 -0.042021 0.255543 -0.106223 
1.556008 -0.977313 0.882231 -0.157680 0.073271 -0.096331 -0.503089 -0.005324 -0.247583 0.154762 -0.167309 -0.094773 -0.017044 0.304901 -0.096196 
1.727031 -0.886362 0.736774 -0.232201 0.072571 -0.063120 -0.537691 0.022636 -0.351745 0.246713 -0.076891 -0.109022 -0.045727 0.319907 -0.019635 
1.754197 -0.916614 0.626176 -0.348570 0.070109 -0.072669 -0.469411 -0.041835 -0.391912 0.287012 0.039627 -0.071212 -0.073747 0.304808 0.031066 
1.868038 -0.934812 0.438791 -0.367571 -0.031233 -0.057073 -0.379064 -0.118463 -0.406821 0.250409 0.110106 0.035475 -0.083181 0.302759 -0.034954 
1.823412 -0.931614 0.392533 -0.445002 -0.052205 -0.096852 -0.352531 -0.031696 -0.457619 0.172683 0.127271 0.084874 -0.006480 0.264582 -0.007766 
1.656708 -0.873173 0.395470 -0.453236 -0.095395 -0.130315 -0.283193 -0.074017 -0.388357 0.095883 0.121995 0.119901 0.040437 0.240548 -0.022306 
1.722708 -0.856873 0.407357 -0.435049 -0.136495 -0.120709 -0.340670 -0.049876 -0.302848 0.067932 0.061493 0.094436 0.093421 0.241743 -0.054129 
1.804181 -0.840415 0.380565 -0.456165 -0.183905 -0.088185 -0.304300 -0.011407 -0.323443 0.036621 -0.007539 0.141542 0.088635 0.246429 -0.030930 
1.821980 -0.759685 0.326067 -0.420034 -0.216346 -0.138548 -0.194732 0.036155 -0.363932 -0.035810 0.004364 0.123743 0.075150 0.246123 0.017418 
1.873906 -0.900378 0.308311 -0.511311 -0.123352 -0.168121 -0.185323 0.149850 -0.457545 0.011736 -0.137430 0.150638 0.122383 0.330464 -0.022728 
1.845523 -0.683402 0.232943 -0.419073 -0.313496 -0.092007 -0.099626 0.060329 -0.296500 -0.113106 -0.061394 0.098268 0.088458 0.310091 -0.041060 
2.010467 -0.761935 0.275599 -0.412867 -0.432669 -0.002512 -0.204878 0.133441 -0.318953 -0.076757 -0.075821 0.042031 0.100475 0.361662 -0.058946 
1.985251 -0.344958 0.201843 -0.629320 -0.326657 -0.027780 -0.124509 0.099506 -0.360059 0.016978 -0.112969 0.031286 0.088325 0.310669 -0.011058 
1.983664 -0.153069 0.216974 -0.683274 -0.419305 0.055988 -0.093477 0.103233 -0.373860 -0.011564 -0.042115 0.013926 0.063084 0.375243 -0.017870 
2.002569 -0.043059 0.259521 -0.796540 -0.424344 0.096772 -0.094324 0.157945 -0.422080 0.036833 -0.054693 0.011690 0.125059 0.368690 -0.011178 
2.153780 0.095916 0.251830 -0.707900 -0.561870 0.143021 -0.084956 0.186835 -0.379757 -0.008466 0.021898 -0.031089 0.104562 0.456722 -0.053157 
2.064536 0.099029 0.181646 -0.694918 -0.561085 0.109639 -0.068498 0.123882 -0.357618 0.009119 -0.006430 -0.056830 0.122231 0.418774 -0.069973 
1.946117 0.114438 0.055538 -0.641160 -0.566716 0.084209 -0.045755 0.072502 -0.324103 -0.058443 0.070261 -0.030151 0.134822 0.456372 -0.091059 
1.819737 0.113136 0.071951 -0.681798 -0.577917 0.103046 -0.101061 0.132731 -0.386651 -0.024328 0.097091 -0.048608 0.195503 0.446672 -0.081460 
1.716175 -0.145717 0.049523 -0.668253 -0.496549 0.069351 -0.052275 0.141157 -0.394892 0.024882 0.017412 -0.036706 0.159995 0.410909 -0.070319 
1.639727 0.112729 -0.036627 -0.603525 -0.655065 0.129695 -0.126639 0.125626 -0.260844 0.033859 0.028807 -0.060565 0.170697 0.317454 -0.063420 
1.416698 0.426159 -0.073693 -0.538925 -0.438537 0.073310 -0.122635 0.066308 -0.209873 0.055055 0.079514 0.043703 0.074169 0.212664 -0.108658 
1.273394 0.341914 -0.262654 -0.526751 -0.624410 0.097543 0.006175 0.034691 -0.246379 -0.011514 0.054589 0.027014 0.189173 0.334471 -0.042994 
0.720275 0.302143 -0.289414 -0.300867 -0.531961 0.094256 0.158823 0.008091 -0.314489 -0.030378 -0.055182 0.005911 0.158695 0.258157 -0.006451 
0.365366 0.115913 -0.205976 -0.021553 -0.268646 0.049060 -0.072523 0.039121 -0.166597 -0.035145 -0.015037 0.082110 0.063347 -0.039093 0.021394 
