city021_042
REBUN
44
0.027750 0.260309 0.218529 0.273846 -0.123584 0.170305 -0.051352 -0.052853 -0.004541 0.019312 -0.071606 0.031514 -0.021125 0.015262 -0.047203 
0.762133 0.493865 0.154459 0.464411 -0.027509 0.260785 -0.033019 -0.081695 -0.112304 -0.069185 -0.091389 -0.111710 -0.080844 -0.022294 -0.163544 
1.184296 0.238505 0.451188 0.148585 -0.337119 0.460869 -0.080148 -0.248763 -0.162971 -0.043025 -0.246656 -0.079391 -0.015869 -0.086034 -0.106333 
1.236210 0.305192 0.563820 0.149765 -0.464498 0.384134 -0.069078 -0.265132 -0.111445 -0.094037 -0.276685 -0.079615 -0.064769 -0.053681 -0.106123 
1.265729 0.207912 0.405717 0.271363 -0.278145 0.455892 -0.107347 -0.214677 -0.158247 -0.087308 -0.239415 -0.129015 -0.071819 -0.070289 -0.161571 
1.236102 -0.210717 0.150128 0.614714 0.059357 0.356388 -0.387163 -0.276592 0.123921 0.000600 -0.383893 -0.162167 -0.058788 0.006127 -0.138375 
1.687678 -0.920691 -0.192266 0.841248 -0.038982 -0.089657 -0.278878 0.039219 0.003630 0.126651 -0.212266 -0.089476 0.129498 0.079971 -0.168097 
1.763876 -1.228605 0.638010 0.503628 -0.382023 -0.131484 -0.371273 -0.013751 -0.096584 0.058245 -0.185784 0.045058 0.030866 0.201669 -0.146738 
1.602932 -1.008822 0.838964 0.031590 -0.224254 -0.198779 -0.511987 0.053220 -0.230115 0.018249 -0.152604 0.077106 0.063666 0.240767 -0.095266 
1.560729 -1.098746 0.880373 0.013787 -0.199766 -0.199222 -0.511477 0.096478 -0.212399 0.034535 -0.141271 0.053458 0.102519 0.201019 -0.116091 
1.474221 -1.116473 0.938019 -0.072807 -0.183064 -0.266411 -0.432973 0.134506 -0.210685 0.020703 -0.135995 0.116326 0.104772 0.140250 -0.104973 
1.402470 -0.990615 0.874147 -0.075276 -0.188879 -0.308557 -0.321384 0.012762 -0.204600 -0.058149 -0.079400 0.119140 0.061347 0.138575 -0.047295 
1.334615 -1.000494 0.885208 -0.040149 -0.190230 -0.302956 -0.302797 -0.062723 -0.141348 -0.073062 -0.075371 0.098504 0.069251 0.143144 -0.058866 
1.418821 -1.034941 0.833947 -0.156269 -0.202199 -0.245600 -0.282579 -0.042716 -0.261102 -0.049647 -0.076699 0.110980 0.071067 0.138612 -0.067940 
1.420888 -1.021109 0.841440 -0.054101 -0.183719 -0.257896 -0.347333 -0.019353 -0.169088 -0.097554 -0.068880 0.059922 0.094685 0.155807 -0.120747 
1.553523 -1.060715 0.795913 -0.075479 -0.115539 -0.201160 -0.357379 -0.028608 -0.261467 -0.038530 -0.141289 0.083846 0.027807 0.159361 -0.067894 
1.682674 -0.994229 0.742498 -0.058025 -0.071933 -0.110945 -0.444956 -0.042750 -0.287565 0.048975 -0.159624 -0.016810 -0.000537 0.241782 -0.079661 
1.604241 -0.860407 0.637375 0.201382 -0.115194 -0.033148 -0.515965 -0.080227 -0.305772 0.124143 -0.199658 -0.137032 -0.015890 0.267363 -0.028290 
1.473604 -0.770088 0.452806 0.139968 -0.086876 0.129748 -0.446966 -0.053765 -0.281975 0.067052 0.012139 -0.185120 -0.078497 0.254380 -0.066158 
1.482880 -0.593568 0.381049 0.246260 -0.059550 0.394966 -0.348675 -0.099014 -0.241057 0.050765 0.098929 -0.235742 -0.146482 0.184785 -0.106497 
1.385748 -0.442718 0.281830 0.253661 0.049778 0.251295 -0.281963 -0.204388 -0.248278 0.039853 0.009203 -0.160708 -0.239515 0.196328 -0.127160 
1.335919 -0.359383 0.213064 0.188011 -0.069960 0.326263 -0.422635 -0.136466 -0.346040 0.101434 0.091456 -0.248243 -0.090270 0.109713 -0.028789 
1.747099 -0.319452 0.490838 0.084824 -0.057373 0.437875 -0.457121 -0.066416 -0.318533 0.082801 0.164213 -0.292181 -0.109307 0.154847 -0.104488 
1.838388 -0.355984 0.707048 -0.047144 0.092713 0.359278 -0.379752 -0.056523 -0.324746 0.147242 0.110553 -0.212731 -0.169322 0.211852 -0.142636 
1.855154 -0.801835 0.790483 -0.057959 0.186780 0.211364 -0.358896 0.051784 -0.336237 0.241461 -0.149402 -0.100972 -0.162890 0.166433 -0.058773 
1.893375 -0.760413 0.702447 -0.114546 -0.022680 0.136354 -0.274631 0.214794 -0.283135 0.025898 -0.067855 -0.116277 -0.015208 0.127510 -0.148499 
1.775662 -0.745259 0.769765 -0.186596 0.050791 0.172023 -0.399933 0.081805 -0.336746 0.069372 -0.064778 -0.102532 -0.081277 0.148966 -0.111483 
1.667171 -0.654830 0.871967 -0.186691 0.120193 0.194483 -0.495696 -0.112217 -0.353408 0.216770 -0.073575 -0.185118 -0.161741 0.271888 -0.096578 
1.708309 -0.584665 0.816739 -0.180595 0.133408 0.222774 -0.515197 -0.124311 -0.380372 0.207331 -0.045414 -0.208454 -0.168209 0.246397 -0.083063 
1.712892 -0.698291 0.802053 -0.222891 0.162277 0.216437 -0.542258 -0.076121 -0.482821 0.306314 -0.071125 -0.193490 -0.140531 0.177852 -0.007100 
1.736529 -0.544538 0.694037 -0.129986 0.011429 0.208779 -0.461133 -0.132296 -0.378931 0.251617 0.025937 -0.177285 -0.111165 0.247915 -0.079716 
1.729460 -0.519322 0.659964 -0.067385 -0.044064 0.197164 -0.495745 -0.112247 -0.379946 0.229401 0.061715 -0.252992 -0.030169 0.240102 -0.076552 
1.703258 -0.492286 0.647193 -0.049730 -0.060172 0.220692 -0.438449 -0.183401 -0.365539 0.282416 -0.015691 -0.158163 -0.049252 0.160860 -0.014510 
1.600360 -0.442292 0.564214 0.090339 -0.068264 0.195811 -0.252114 -0.128705 -0.413074 0.218449 -0.075629 -0.119122 -0.116012 0.115161 -0.034182 
1.410536 -0.487873 0.694834 0.149353 -0.097761 0.321816 -0.123155 -0.159217 -0.290918 0.213495 -0.205470 0.063282 -0.229681 0.076055 -0.004093 
1.013163 -0.405783 0.869725 0.158849 -0.294796 0.414467 -0.060601 -0.136404 -0.357324 0.023305 -0.254059 0.034777 -0.229379 -0.043522 0.038865 
0.967982 -0.453511 0.844097 0.199591 -0.208525 0.357702 -0.123800 -0.165157 -0.333408 0.008961 -0.254723 0.037701 -0.262577 -0.060587 0.044304 
0.871033 -0.399845 0.796754 0.339251 -0.258805 0.277839 -0.056505 -0.202725 -0.284617 0.004727 -0.268990 0.011675 -0.228240 -0.096988 0.069766 
0.795485 -0.466930 0.676814 0.424498 -0.160959 0.236618 -0.188366 -0.340620 -0.164189 0.069969 -0.366935 -0.001855 -0.217655 -0.078030 0.077794 
0.813312 -0.328533 0.713644 0.387989 -0.231144 0.183620 -0.051083 -0.221711 -0.290348 0.048165 -0.288787 0.030142 -0.258000 -0.054043 0.094251 
0.818239 -0.307120 0.576733 0.456268 -0.105904 0.102890 -0.203175 -0.165443 -0.192648 -0.016612 -0.280169 -0.020791 -0.179029 -0.063950 0.076705 
0.547522 -0.080194 0.370126 0.558138 -0.057889 0.192061 -0.262288 -0.176478 -0.162470 -0.081537 -0.248300 -0.039161 -0.217705 -0.128177 0.085632 
0.308164 -0.255383 0.381082 0.512725 -0.200186 0.161168 -0.190519 -0.184543 -0.066878 -0.028487 -0.132173 0.030067 -0.192366 0.042710 0.056258 
0.515781 -0.482532 0.555849 0.604774 -0.117721 0.217183 -0.278621 -0.274934 -0.068408 -0.021960 -0.203392 -0.086233 -0.282735 0.026183 0.113213 
