city021_016
TAKAO
49
0.098958 0.056032 0.108531 0.115127 -0.161554 0.070871 -0.244032 0.132363 -0.084905 0.011922 -0.017873 -0.004860 0.038776 0.003411 -0.047272 
0.988008 -0.958084 0.221966 -0.260903 -0.083603 -0.077271 -0.274442 0.041113 -0.101062 0.073317 -0.036044 0.283749 -0.074681 0.003378 -0.017281 
1.568638 -0.117038 0.373271 -0.217637 -0.150918 0.103049 -0.226457 0.064176 -0.129442 0.160286 -0.178875 0.039668 0.013047 0.005710 -0.023264 
1.597679 -0.268694 0.262019 -0.016239 0.062272 0.003375 -0.090029 0.043607 -0.275801 0.394446 -0.231224 -0.016624 0.028669 0.042442 -0.043541 
1.471594 -0.804348 0.093862 -0.329873 -0.222411 -0.001695 -0.124038 -0.104839 0.019650 0.295552 -0.034358 0.007120 -0.004981 0.008832 -0.016312 
1.573775 -1.172402 0.316779 -0.683421 -0.102381 -0.005955 -0.206346 0.031854 -0.180053 0.482444 0.030995 0.053593 -0.071480 -0.058314 0.010357 
1.351846 -1.059695 0.217211 -0.659212 -0.032629 -0.007712 -0.190357 0.024990 -0.136023 0.371011 0.119712 -0.008844 -0.050363 -0.111333 0.019530 
1.533592 -1.189390 0.310251 -0.733018 0.072218 -0.052243 -0.262899 0.052999 -0.205214 0.361911 0.018285 0.137801 -0.035005 -0.056704 0.007607 
1.511589 -1.246746 0.318947 -0.644131 0.135216 -0.086973 -0.305341 -0.032949 -0.237460 0.352966 0.002147 0.237151 -0.075248 -0.009491 0.026521 
1.581546 -1.090111 0.209949 -0.470305 0.122051 -0.113619 -0.275084 -0.122725 -0.238638 0.250843 0.029241 0.289167 -0.139416 0.058158 0.018412 
1.774090 -0.743271 -0.049725 -0.285773 0.255864 -0.264880 -0.224099 -0.014404 -0.438240 0.306195 0.023089 0.278871 -0.235036 0.065410 0.084668 
1.064218 -0.163498 -0.347672 0.180829 0.219133 -0.078276 -0.100442 -0.139182 -0.453148 0.074568 0.052225 0.140026 -0.177379 -0.023177 -0.068152 
0.777747 -0.076897 -0.463222 0.215106 -0.022096 0.024131 -0.060205 -0.017748 -0.261015 0.099996 0.099580 0.003319 -0.079574 0.059238 -0.073068 
0.593814 -0.146266 -0.447282 0.028999 0.009315 0.025404 -0.271593 -0.025327 -0.164567 0.089677 0.100532 0.081707 -0.070296 0.000634 -0.010622 
0.479221 -0.126795 -0.459305 -0.045429 -0.143235 0.078973 -0.239385 -0.131149 -0.030824 0.295897 0.056469 -0.035601 -0.041131 0.012673 0.004397 
0.261799 -0.412706 -0.524713 0.123901 -0.051850 0.078084 -0.091974 -0.046439 -0.199490 0.114233 0.126214 0.058227 -0.063118 -0.065162 -0.077812 
0.571724 -0.725491 -0.658588 -0.239442 -0.116861 0.269515 0.017017 0.048477 -0.060952 0.059222 0.044032 -0.005349 -0.170534 0.028154 -0.005687 
1.373937 -1.156281 -0.514411 -0.690192 0.339653 0.205775 0.044792 -0.056805 -0.178546 0.270376 -0.142575 0.181769 -0.279864 0.092552 -0.008135 
1.703285 -0.684311 -0.119536 -0.315344 0.128051 -0.080418 -0.224823 -0.129361 -0.235985 0.357852 0.037469 0.168940 -0.221173 0.073652 0.058242 
1.686173 -1.022172 0.256495 -0.531212 0.032906 -0.173475 -0.198802 -0.036758 -0.359199 0.290213 0.152691 0.245778 -0.198698 0.135880 0.053793 
1.692955 -1.009631 0.300056 -0.656551 -0.028477 -0.122603 -0.198997 0.042312 -0.398893 0.310115 0.200430 0.258482 -0.151033 0.016306 0.074278 
1.507708 -1.022528 0.236782 -0.638696 -0.039638 -0.131217 -0.178549 -0.002298 -0.293717 0.254451 0.259197 0.256688 -0.144764 -0.053063 0.059825 
1.453657 -1.127129 0.195305 -0.667437 -0.054295 -0.148539 -0.096354 0.018664 -0.238195 0.225739 0.221613 0.273418 -0.132535 -0.093628 0.019675 
1.420449 -1.136163 0.113852 -0.654237 -0.082747 -0.108979 -0.065880 0.028036 -0.214833 0.186503 0.212318 0.288545 -0.102743 -0.160965 0.006220 
1.466713 -1.206950 0.127850 -0.711156 -0.104004 -0.095565 -0.054082 0.088953 -0.186331 0.157158 0.182042 0.292331 -0.092391 -0.160547 -0.029757 
1.508476 -1.135273 0.101275 -0.731575 -0.114920 -0.143660 0.006341 0.093647 -0.193564 0.170680 0.134910 0.286230 -0.056171 -0.116814 -0.039148 
1.526714 -1.012810 0.085268 -0.744361 -0.186194 -0.115822 0.043538 0.105742 -0.223347 0.149082 0.200933 0.225195 -0.069530 -0.049644 -0.037208 
1.646361 -1.042911 0.101870 -0.752429 -0.231476 -0.060821 -0.011635 0.160806 -0.297679 0.168876 0.187007 0.239336 -0.048812 0.010332 -0.044269 
1.600992 -0.980530 0.075347 -0.728705 -0.253200 -0.122136 0.082248 0.103726 -0.281667 0.145939 0.143866 0.255664 -0.032302 0.108593 -0.080872 
1.622257 -1.015586 0.100884 -0.745995 -0.274292 -0.223512 0.104861 0.178098 -0.308162 0.226669 -0.010849 0.257727 0.027279 0.198774 -0.081090 
1.681617 -0.859696 0.086335 -0.698412 -0.308388 -0.285987 0.102763 0.194745 -0.303170 0.236089 -0.134330 0.243323 0.069427 0.238710 -0.038597 
1.844756 -0.713048 0.063547 -0.615696 -0.402849 -0.244081 0.035348 0.187513 -0.298853 0.208126 -0.134879 0.136450 0.146654 0.248127 -0.037836 
1.801237 -0.518127 0.126846 -0.767411 -0.339646 -0.191187 -0.042976 0.168949 -0.257144 0.206537 -0.223473 0.121794 0.079681 0.302909 0.007498 
1.845549 -0.245747 0.206216 -0.866651 -0.327730 -0.135571 -0.110189 0.191502 -0.297787 0.172183 -0.188352 0.104532 0.013833 0.304453 0.020291 
1.913354 0.026424 0.327079 -0.790999 -0.593058 0.021787 -0.102924 0.190773 -0.348620 0.159801 -0.104750 -0.069620 0.111702 0.303353 -0.010070 
1.911602 0.086587 0.188307 -0.697098 -0.584545 0.006632 -0.073524 0.158023 -0.277350 0.110556 -0.106942 -0.087641 0.054052 0.288325 -0.020413 
2.062948 0.056382 0.173967 -0.600263 -0.631978 0.003676 -0.108117 0.198070 -0.270879 0.125199 -0.088187 -0.049084 -0.030064 0.292988 -0.033485 
1.914179 0.170032 0.068756 -0.615728 -0.597371 -0.048021 -0.092640 0.162171 -0.247530 0.078632 -0.023697 -0.076749 0.021789 0.285700 -0.009621 
1.809332 0.357920 0.030409 -0.665419 -0.642171 -0.010427 -0.101870 0.179224 -0.261204 0.096345 -0.057787 -0.130068 0.100408 0.267979 -0.008554 
1.820631 0.311435 0.034787 -0.688024 -0.660674 -0.038517 -0.111259 0.204666 -0.262916 0.096183 -0.005723 -0.162064 0.110692 0.274024 0.003355 
1.895499 0.375705 0.020708 -0.625581 -0.658936 -0.031612 -0.095838 0.177967 -0.205114 0.103064 -0.006033 -0.117101 0.054255 0.219970 0.004844 
1.594113 0.434552 -0.226638 -0.597909 -0.511546 -0.155431 -0.056060 0.199185 -0.177015 0.101534 -0.069942 0.030364 0.003796 0.202799 0.038755 
1.828349 0.419398 -0.077293 -0.665013 -0.602924 0.004732 -0.141223 0.252300 -0.264751 0.088682 0.000234 -0.181352 0.129354 0.204729 -0.003983 
0.964109 0.252853 0.111589 -0.531875 -0.609764 0.048395 -0.136077 0.155887 -0.246678 0.006623 -0.111889 -0.082185 0.153543 0.139326 0.095765 
1.840351 0.563197 -0.066144 -0.635801 -0.589413 -0.075117 -0.045833 0.222580 -0.248708 0.104567 0.028479 -0.107460 0.082755 0.261497 -0.024549 
1.385674 0.689364 -0.144494 -0.485425 -0.505037 0.060538 -0.048697 0.053800 -0.185542 -0.023033 -0.025735 -0.028143 0.090526 0.239667 -0.060508 
1.696486 0.256636 -0.170593 -0.499276 -0.549106 -0.034707 -0.099670 0.176551 -0.246364 0.048751 0.055128 -0.080900 0.080392 0.258452 -0.057624 
1.148119 0.409317 -0.212799 -0.488120 -0.688468 0.052553 -0.082356 0.084972 -0.199791 -0.029234 -0.042974 -0.029497 0.184383 0.285280 0.031850 
1.454712 0.573523 -0.165313 -0.510526 -0.360066 0.000878 -0.007770 0.223402 -0.227146 0.070882 0.035113 -0.092764 0.045942 0.181202 -0.116616 
