city021_024
NERIMA
58
0.316641 0.428002 0.120397 0.172512 -0.070962 0.307601 -0.016245 -0.024355 -0.093722 0.006408 -0.030635 0.041567 -0.063357 0.035334 -0.050086 
0.933372 0.317369 0.503362 0.256211 -0.314833 0.270163 -0.022415 -0.170060 -0.151025 0.018187 -0.240462 -0.032161 -0.044252 -0.072117 -0.059742 
0.746273 -0.041097 0.753953 0.358002 -0.442124 0.272720 -0.196285 -0.192780 -0.176820 -0.056799 -0.227160 -0.074009 -0.021425 -0.115799 0.004008 
1.150759 0.070865 0.895407 0.116755 -0.633521 0.417764 -0.100858 -0.059304 -0.185312 -0.006890 -0.179860 -0.147195 -0.035866 -0.056601 -0.046716 
1.290651 0.032011 0.846339 0.105357 -0.597843 0.424429 -0.070399 -0.098702 -0.169681 -0.030389 -0.211817 -0.104340 -0.114844 0.036086 -0.121325 
1.383950 -0.053008 0.840115 0.076553 -0.632809 0.490793 -0.087757 -0.102902 -0.115562 -0.109447 -0.172878 -0.120468 -0.107032 0.041450 -0.119727 
1.434609 -0.118268 0.825139 0.126268 -0.639536 0.488424 -0.111991 -0.132741 -0.134243 -0.096644 -0.118407 -0.139898 -0.081925 0.079343 -0.153512 
1.403268 -0.201422 0.883546 0.162981 -0.464794 0.265318 -0.092656 -0.133722 -0.198848 0.005703 -0.209727 -0.030538 -0.135118 0.081685 -0.128654 
1.553423 -0.672537 0.837940 0.281666 -0.236937 -0.053862 -0.179518 0.137481 -0.282415 0.046118 -0.246280 0.086224 -0.048628 0.003143 -0.087041 
1.524156 -0.938902 1.045486 0.103133 -0.330321 -0.169133 -0.261581 0.196003 -0.281780 0.112056 -0.195161 0.208705 -0.017909 0.039948 -0.074725 
1.415025 -0.968595 1.105440 0.015396 -0.349773 -0.160208 -0.260825 0.213208 -0.305107 0.117438 -0.163412 0.192398 0.004933 -0.002784 -0.045405 
1.457446 -1.075495 1.172066 -0.002472 -0.430294 -0.086194 -0.253054 0.136406 -0.226926 0.058453 -0.145236 0.225455 -0.090293 0.107923 -0.102146 
1.321757 -1.052978 1.110055 -0.061702 -0.377608 -0.136574 -0.219639 0.105404 -0.269997 0.043829 -0.110103 0.190522 -0.072455 0.070820 -0.035054 
1.205828 -1.034008 1.086923 -0.211989 -0.277681 -0.213107 -0.188868 0.043905 -0.377588 0.034370 -0.093344 0.176977 -0.076410 0.099508 0.011618 
1.132595 -0.997363 1.024762 -0.221055 -0.217729 -0.274884 -0.156152 -0.018076 -0.362757 0.034549 -0.092147 0.171285 -0.037865 0.069761 0.044154 
1.145589 -1.012710 1.084234 -0.160814 -0.252209 -0.242871 -0.149572 -0.031159 -0.372499 -0.014475 -0.089383 0.144944 -0.063968 0.079344 0.011877 
1.229432 -0.960587 1.262145 0.034013 -0.312325 -0.127458 -0.224685 0.078870 -0.388133 -0.058065 -0.132918 0.103563 -0.129924 0.052150 -0.022203 
1.198487 -0.839545 1.257553 0.310653 -0.409418 -0.022385 -0.327327 0.131909 -0.375491 -0.148618 -0.134457 0.025061 -0.114781 0.038280 -0.114251 
1.119999 -0.668520 0.904358 0.548463 -0.310401 0.191785 -0.335927 0.218572 -0.101304 -0.206232 0.005234 -0.082847 -0.056956 0.113577 -0.226618 
1.001218 -0.669779 0.902843 0.324549 -0.313169 0.063479 -0.325454 0.238102 -0.235103 -0.144206 0.008338 -0.070945 0.001541 0.059664 -0.192323 
0.991764 -0.894023 1.334748 0.098553 -0.260091 -0.014658 -0.313303 0.215487 -0.483397 -0.075431 -0.060490 -0.073965 -0.109623 0.054767 -0.132887 
1.269118 -0.984215 1.470452 0.117775 -0.405251 -0.023536 -0.206390 0.068567 -0.479470 0.013236 -0.172392 0.051364 -0.200560 0.067155 -0.002470 
1.248432 -0.885504 1.697663 -0.011814 -0.468246 0.112273 -0.261684 0.081841 -0.428920 -0.037209 -0.078513 0.015458 -0.221288 0.115894 -0.025670 
1.234401 -0.887782 1.759690 -0.055047 -0.448482 0.153731 -0.274045 0.074925 -0.426224 -0.003893 -0.127458 0.040601 -0.234992 0.099553 0.020503 
1.111830 -0.747113 1.725823 -0.012834 -0.425684 0.169133 -0.237374 0.024546 -0.368001 -0.020586 -0.122881 0.030243 -0.240790 0.109340 0.029724 
1.130486 -0.816971 1.810314 -0.148360 -0.371299 0.220487 -0.262025 0.075977 -0.414404 0.002212 -0.161625 0.034471 -0.286578 0.090539 0.034150 
0.990266 -0.713442 1.773110 -0.078833 -0.353749 0.207711 -0.252938 0.065666 -0.381562 -0.037179 -0.124683 0.003680 -0.267724 0.082451 0.027952 
1.156983 -0.767113 1.816234 -0.153474 -0.411313 0.267135 -0.302649 0.113557 -0.422875 -0.007255 -0.085438 -0.036595 -0.241241 0.131481 -0.015199 
1.155545 -0.672175 1.773747 -0.046891 -0.426295 0.165768 -0.274178 0.082084 -0.465883 0.003686 -0.071170 -0.063016 -0.199000 0.147582 -0.020893 
1.348319 -0.768335 1.607826 0.079715 -0.498042 0.100898 -0.264165 0.142554 -0.478213 -0.088482 0.073879 -0.121292 -0.219181 0.222994 -0.121719 
1.394381 -0.554492 1.237118 0.323204 -0.395650 -0.082715 -0.218987 0.187763 -0.497930 -0.109079 0.070900 -0.108241 -0.198759 0.200176 -0.085402 
1.504499 -0.358761 0.801364 0.312960 -0.343621 0.182009 0.007818 -0.032038 -0.474783 0.062675 -0.197976 -0.140581 -0.177968 0.046417 -0.066830 
1.455957 -0.423929 0.904846 0.197298 -0.298344 0.270644 -0.050271 -0.106126 -0.440486 0.083900 -0.225968 -0.118292 -0.178975 0.054492 -0.092747 
1.377668 -0.486370 0.877747 0.179547 -0.295660 0.309095 -0.008535 -0.143620 -0.446778 0.074026 -0.228950 -0.087293 -0.179626 0.013805 -0.047059 
1.459662 -0.599879 0.870038 0.144999 -0.316216 0.394416 0.017795 -0.153956 -0.469683 0.055815 -0.229883 -0.032301 -0.206592 0.037067 -0.074416 
1.420172 -0.700077 0.938717 0.070720 -0.301238 0.409389 0.048805 -0.125489 -0.523481 0.074358 -0.270639 0.010414 -0.172773 -0.027548 -0.023778 
1.471852 -0.666398 0.877092 0.052418 -0.348623 0.458668 0.075128 -0.131308 -0.502059 0.024090 -0.242472 0.021860 -0.164953 0.027802 -0.051477 
1.856612 -0.760755 0.577277 -0.288590 -0.268097 0.084759 -0.081581 0.063473 -0.349512 0.064430 -0.086065 0.045696 -0.069046 0.171260 -0.022132 
1.728125 -0.953570 0.229995 -0.607457 -0.193366 0.048134 -0.134078 0.010119 -0.273768 0.219399 0.242719 0.083937 -0.116268 0.129574 -0.101447 
1.699698 -0.994259 0.185751 -0.694187 -0.140732 0.045338 -0.118563 0.040056 -0.205135 0.241615 0.286769 0.081754 -0.213185 0.038323 -0.084935 
1.720295 -0.955472 0.185126 -0.753801 -0.136053 0.081646 -0.103597 0.093245 -0.202935 0.246337 0.295819 0.043456 -0.229883 0.000488 -0.095497 
1.635130 -0.975099 0.131938 -0.769590 -0.130694 0.085244 -0.050832 0.093374 -0.199888 0.245598 0.279905 0.047326 -0.238929 -0.054665 -0.076721 
1.629461 -1.017887 0.142776 -0.808086 -0.120518 0.107706 -0.013515 0.120569 -0.188230 0.202963 0.272224 0.034495 -0.241862 -0.085530 -0.077439 
1.653214 -1.022182 0.110225 -0.779887 -0.157765 0.160661 -0.030520 0.135288 -0.170043 0.175087 0.278942 0.011419 -0.250336 -0.066659 -0.093808 
1.647946 -0.982324 0.148591 -0.811058 -0.132920 0.155490 -0.008567 0.124414 -0.186780 0.190912 0.268769 0.015978 -0.221778 -0.109121 -0.070250 
1.608213 -1.063918 0.181987 -0.845360 -0.149020 0.173527 -0.021249 0.124465 -0.237183 0.237578 0.251077 0.048416 -0.214394 -0.117604 -0.076706 
1.633940 -1.013974 0.105045 -0.833921 -0.159265 0.165153 -0.012692 0.126343 -0.241920 0.244308 0.241649 0.058545 -0.218757 -0.085367 -0.120122 
1.745473 -0.946121 0.081515 -0.833672 -0.112681 0.143847 -0.030395 0.157858 -0.291730 0.275000 0.240298 0.076619 -0.264066 -0.039191 -0.147251 
1.872899 -0.951365 0.044238 -0.816213 -0.107185 0.162161 -0.069725 0.178354 -0.333907 0.308824 0.213523 0.048899 -0.248606 0.014300 -0.152257 
1.979756 -0.976278 0.037306 -0.735701 -0.153975 0.250123 -0.156733 0.238355 -0.381851 0.365101 0.172812 -0.044102 -0.176529 0.003222 -0.104228 
1.962194 -0.826700 -0.103826 -0.605278 -0.204761 0.306163 -0.163216 0.230833 -0.376463 0.326309 0.227744 -0.119702 -0.111047 -0.044292 -0.115599 
1.943370 -0.756475 -0.097537 -0.563985 -0.169507 0.264009 -0.180212 0.186975 -0.335269 0.339289 0.233055 -0.078038 -0.137753 -0.078418 -0.102550 
1.463606 -0.763220 -0.017790 -0.743805 -0.037360 0.122458 -0.130557 0.228742 -0.409561 0.400165 0.083288 0.035487 -0.078682 -0.085168 -0.102982 
1.345284 -0.533306 -0.349795 -0.576652 -0.237310 0.212193 -0.154258 0.192418 -0.301297 0.398360 0.343088 -0.159064 -0.157787 -0.120955 -0.188242 
0.724783 -0.901167 -0.323876 -0.509095 -0.090830 0.020585 -0.050345 0.201699 -0.290855 0.424255 0.121129 -0.061104 -0.122244 -0.145101 -0.113364 
0.734486 -0.121965 -0.429220 -0.284153 -0.163174 0.090983 -0.086016 0.043095 -0.245274 0.405287 0.200214 -0.153458 -0.090698 -0.019010 -0.106482 
1.270651 -0.267256 -0.442704 -0.256002 -0.285022 0.134793 -0.081410 0.077098 -0.064351 0.325329 0.106467 -0.094680 -0.156059 -0.052765 -0.046081 
1.116419 -0.097491 -0.558449 -0.168711 -0.340850 0.183368 -0.101170 -0.017492 -0.007227 0.290183 0.284149 -0.105837 -0.268876 0.021512 -0.167204 
