city021_090
GYUUBA
57
0.096429 0.210429 -0.048770 0.024487 -0.220319 -0.073664 -0.206898 -0.153560 -0.145139 0.002759 0.001364 0.139980 -0.027253 0.063464 0.033794 
0.200685 0.211806 0.158534 0.184691 -0.261410 0.015427 -0.225027 -0.005805 -0.086777 -0.014377 -0.095998 0.047378 0.078075 -0.072843 0.027626 
0.491062 0.526883 0.393800 0.420222 0.035894 0.071406 -0.035278 0.068713 -0.115370 -0.041155 -0.133195 -0.005440 -0.071209 -0.078920 -0.034651 
0.763157 0.607840 0.333097 0.354213 -0.076510 0.193408 -0.046761 -0.056500 -0.138625 -0.096211 -0.126012 -0.130281 -0.083344 -0.051070 -0.117730 
0.633444 0.600071 0.456956 0.338542 -0.258071 0.087925 -0.067599 -0.114981 -0.197113 -0.083795 -0.135665 -0.124994 -0.078886 -0.002495 -0.107993 
0.596638 0.393510 0.417723 0.464570 -0.026831 0.115126 -0.189193 -0.038404 -0.109607 -0.003241 -0.200126 -0.149360 0.030076 -0.067476 -0.110630 
0.377741 0.436940 0.268364 0.365585 0.066661 0.210416 -0.058042 -0.165274 -0.235318 -0.078840 -0.070530 -0.153366 -0.202373 -0.002630 -0.158700 
0.597009 0.588082 0.251036 0.241596 -0.011823 0.120848 -0.003792 -0.082012 -0.191396 -0.040370 -0.133529 -0.095752 -0.065303 -0.021728 -0.120164 
0.619503 0.605357 0.321488 0.236080 -0.094661 0.238065 -0.070930 -0.056587 -0.107842 -0.131915 -0.175473 -0.039439 -0.091584 -0.086615 -0.076011 
0.012164 -0.323760 1.129675 0.038579 -0.199748 0.332270 -0.298603 0.029233 -0.080223 -0.116846 -0.085694 0.061389 -0.162636 -0.036937 0.115900 
-0.142745 -0.845684 1.227102 -0.313093 -0.193799 0.331846 -0.243259 0.088019 -0.058802 0.036908 -0.125950 0.219095 -0.193146 0.024354 0.135379 
0.634100 -0.857206 0.886096 -0.194648 -0.302931 0.307675 -0.358420 -0.040489 -0.065113 0.063736 -0.122444 0.123423 -0.066253 0.038390 0.014485 
0.424385 -0.325760 1.395735 -0.000169 -0.272940 0.339587 -0.320777 0.083167 -0.242800 -0.207199 0.013119 -0.119057 -0.238992 0.092211 -0.101025 
0.568941 -0.420289 1.635092 0.035277 -0.344170 0.304677 -0.290922 0.071056 -0.253035 -0.220625 -0.037755 -0.049140 -0.297314 0.059782 -0.052214 
0.859448 -0.711420 1.616951 0.035728 -0.312802 0.236577 -0.242041 0.084073 -0.345821 -0.160872 -0.069066 -0.066832 -0.313884 0.106180 -0.138235 
0.896618 -0.804053 1.626892 0.164037 -0.399117 0.167223 -0.227527 0.111152 -0.428619 -0.160679 0.023550 -0.197270 -0.225217 0.100992 -0.151192 
0.914127 -0.884153 1.574993 0.123624 -0.307655 0.023781 -0.151180 0.069940 -0.437762 -0.143663 0.024758 -0.199826 -0.213223 0.147784 -0.194710 
0.848840 -0.833766 1.407689 0.073863 -0.176999 -0.137315 -0.044574 -0.025547 -0.331376 -0.121466 0.008556 -0.146309 -0.131825 0.096052 -0.123974 
0.936269 -0.899456 1.376217 -0.003291 -0.084725 -0.204174 -0.027804 0.016132 -0.366517 -0.086559 0.000493 -0.106561 -0.137050 0.075148 -0.088242 
0.967489 -0.924034 1.272963 -0.020812 -0.032445 -0.164440 -0.077894 0.032112 -0.367011 -0.083992 0.000221 -0.102566 -0.140011 0.072020 -0.079813 
1.060012 -0.952741 1.247424 -0.026089 -0.039314 -0.166989 -0.084269 0.048550 -0.394921 -0.039261 -0.005632 -0.127217 -0.094734 0.076736 -0.089480 
1.138551 -0.928456 1.214241 -0.018845 0.002799 -0.177342 -0.145404 0.040641 -0.356006 -0.029073 -0.041883 -0.146160 -0.049858 0.092895 -0.120280 
1.196935 -0.888105 1.164363 0.054889 0.028016 -0.226789 -0.199766 0.112531 -0.343793 -0.051432 -0.098865 -0.111413 -0.017707 0.070477 -0.165680 
1.279395 -0.853366 1.190041 0.073184 0.013849 -0.213126 -0.281918 0.160034 -0.356151 -0.054714 -0.106481 -0.138004 0.000448 0.115935 -0.212767 
1.336726 -0.833107 1.240758 0.010217 0.045266 -0.129461 -0.381841 0.187274 -0.378030 -0.003053 -0.133027 -0.162863 -0.025427 0.186667 -0.230595 
1.491902 -0.872822 1.200575 -0.045588 0.101938 -0.078169 -0.477393 0.240198 -0.414741 0.069981 -0.186897 -0.180601 -0.005144 0.198829 -0.241914 
1.507253 -0.811579 1.155099 -0.029081 0.067417 -0.046875 -0.527716 0.192510 -0.382380 0.099164 -0.162034 -0.231854 0.046167 0.233833 -0.245000 
1.463545 -0.808843 1.138450 -0.119830 0.150344 -0.070907 -0.532590 0.174854 -0.431690 0.150625 -0.187493 -0.235660 0.027073 0.229912 -0.194821 
1.461162 -0.715494 1.064327 -0.096828 0.135238 -0.070381 -0.487324 0.078712 -0.392233 0.162781 -0.177042 -0.228525 0.010463 0.240868 -0.160650 
1.495736 -0.635791 1.001654 -0.171653 0.132889 -0.022087 -0.469066 0.068603 -0.436754 0.182381 -0.187468 -0.231519 0.017161 0.207174 -0.206045 
1.556699 -0.595929 0.946285 -0.162088 0.074723 0.147161 -0.440207 -0.011857 -0.469646 0.164881 -0.089463 -0.247628 -0.071578 0.199095 -0.160449 
1.633318 -0.393883 0.704121 -0.146988 0.043802 0.271856 -0.405131 -0.049547 -0.493697 0.092370 0.042127 -0.271221 -0.078495 0.153914 -0.204925 
1.639906 -0.151549 0.582138 -0.150037 0.035771 0.257269 -0.246698 -0.043943 -0.527987 0.067311 -0.085164 -0.182341 -0.077167 0.077363 -0.209584 
1.562025 0.089811 0.409179 -0.205436 -0.039177 0.353612 -0.132367 -0.070223 -0.566357 -0.031282 0.004526 -0.169325 -0.012897 0.098320 -0.265917 
1.524243 0.199154 0.350789 -0.263944 -0.071698 0.334690 -0.072795 -0.016691 -0.524789 -0.051229 -0.035838 -0.154282 0.036201 0.132157 -0.254456 
1.473503 0.116606 0.218937 -0.117757 -0.203518 0.384715 -0.073911 0.077540 -0.465376 -0.190946 0.029537 -0.171549 0.018122 0.155223 -0.138308 
1.432038 0.195810 0.099939 0.001271 -0.113531 0.336772 0.000323 0.006375 -0.400696 -0.051702 0.048386 -0.102980 -0.012857 0.099855 -0.120856 
1.238568 0.385174 0.142935 -0.034413 -0.184764 0.350649 0.022041 0.015994 -0.307636 -0.147807 0.115581 -0.096690 -0.070458 0.231674 -0.205152 
1.129558 0.236924 0.084932 0.106036 -0.258878 0.305858 0.097612 0.008791 -0.286435 -0.068948 0.029369 -0.090501 -0.053237 0.176123 -0.089291 
1.343826 0.233634 0.130078 -0.018762 -0.252494 0.276524 -0.031957 0.024428 -0.330141 -0.126488 0.047217 -0.098074 -0.050499 0.171526 -0.109207 
1.456621 0.163111 0.214650 -0.179757 -0.157289 0.397208 -0.051747 0.025298 -0.437206 -0.146333 0.075576 -0.031466 -0.032328 0.186540 -0.167201 
1.761713 -0.100618 0.132501 -0.249705 -0.250053 0.331117 -0.188828 0.054043 -0.506533 -0.134310 0.167542 -0.021986 0.032227 0.156068 -0.074041 
1.990793 -0.286157 0.199531 -0.352446 -0.200726 0.178980 -0.227177 0.022171 -0.606101 -0.083983 0.138943 0.147710 -0.032324 0.182748 0.023035 
2.133163 -0.492657 0.262884 -0.449735 -0.196799 0.165698 -0.246482 0.105383 -0.623958 -0.020177 0.146108 0.249720 -0.054846 0.168196 0.033138 
1.994832 -0.548076 0.117287 -0.478386 -0.304134 0.089304 -0.210729 0.025815 -0.473234 0.020678 0.222936 0.301635 -0.043239 0.184413 0.026569 
1.918444 -0.834736 0.262588 -0.588594 -0.339286 0.098371 -0.213962 0.050235 -0.400816 0.050186 0.214552 0.372705 -0.125249 0.218310 -0.015401 
1.773369 -0.907279 0.116124 -0.552658 -0.323430 0.120167 -0.187377 0.026198 -0.276971 0.045740 0.314016 0.315922 -0.147446 0.073520 -0.044428 
1.736213 -1.015534 0.145595 -0.673323 -0.220622 0.008669 -0.174155 0.139241 -0.345719 0.189051 0.220747 0.358583 -0.179115 0.015813 0.005723 
1.741858 -0.980120 0.001202 -0.586743 -0.211131 0.045916 -0.123407 0.107328 -0.295944 0.198709 0.233781 0.301903 -0.243427 -0.040263 0.003479 
1.861328 -1.051957 -0.005395 -0.675097 -0.215535 0.034878 -0.092528 0.170386 -0.268225 0.235658 0.154661 0.315336 -0.298907 0.000084 -0.036897 
1.658045 -0.865746 -0.095127 -0.605097 -0.216822 0.059986 -0.104385 0.137984 -0.251998 0.276456 0.239606 0.236456 -0.320310 -0.070202 -0.040652 
1.505511 -0.891220 -0.158200 -0.567976 -0.326307 0.148780 -0.146206 0.154156 -0.243963 0.230903 0.378687 0.166759 -0.305239 -0.093189 -0.078929 
1.615408 -1.087318 -0.027678 -0.547617 -0.284009 0.153228 -0.161330 0.147098 -0.224928 0.213921 0.284306 0.163014 -0.335439 0.041942 -0.094138 
1.241908 -0.659764 -0.338942 -0.457909 -0.352270 0.149262 -0.137108 0.136819 -0.220780 0.228139 0.472196 0.083648 -0.357220 -0.066612 -0.120890 
1.414477 -0.780255 -0.238913 -0.567147 -0.100129 0.045894 -0.153537 0.208854 -0.309864 0.347547 0.223386 0.019968 -0.209487 -0.022667 -0.097923 
1.452690 -0.634662 -0.458869 -0.465742 -0.234667 0.066956 -0.162438 0.177297 -0.287403 0.307970 0.490302 -0.052064 -0.258172 -0.077330 -0.135147 
0.708540 -0.312736 -0.618113 -0.332631 -0.395771 0.204305 -0.112312 -0.135310 -0.025958 0.342633 0.261859 0.081321 -0.148780 -0.162325 -0.218209 
