city021_015
SOSHIGAYA
65
-0.316162 -0.334271 0.306476 0.033900 0.306256 0.011837 0.064870 0.317520 -0.082785 0.086453 -0.158554 0.192698 0.114121 -0.028448 -0.116989 
-0.364985 -0.178462 0.520704 -0.100140 0.169374 0.010113 -0.191549 0.128090 0.094626 -0.018643 -0.165008 0.203221 -0.119727 0.098676 -0.081058 
-0.669988 -0.333697 0.155746 -0.166775 0.268073 -0.392145 -0.033524 0.076257 -0.093356 0.075797 -0.004121 0.123569 -0.237363 0.179146 0.021228 
-0.873631 -0.291879 0.454954 -0.220055 0.284948 -0.401224 0.071742 0.037631 -0.025446 0.028062 -0.125862 0.220549 -0.206558 0.133504 -0.019543 
-0.549346 -0.641817 0.447309 -0.301413 0.226774 -0.342697 -0.022278 0.059087 0.003798 0.096185 -0.197560 0.243823 -0.175417 0.087198 -0.012321 
0.160202 -0.448573 0.370887 -0.252101 0.216212 -0.194100 -0.030097 0.003525 -0.021968 0.075357 -0.241404 0.319449 -0.200129 0.051150 0.003134 
0.629153 -0.657035 0.405972 0.127649 0.323905 -0.124367 -0.015124 0.092282 -0.230197 0.234630 -0.180413 0.102638 -0.055461 0.017585 -0.066263 
0.844895 -0.484671 0.223626 -0.097316 0.440664 0.034254 -0.200118 0.118404 -0.288099 0.230409 -0.085789 0.089540 -0.106077 -0.033477 0.017452 
1.430306 -0.173776 0.248656 -0.074007 0.048633 0.109140 -0.256753 0.005118 -0.238876 0.152605 -0.067928 -0.021432 0.002868 0.004841 -0.051387 
1.838291 -0.243546 0.379875 -0.557480 0.006863 0.146027 -0.239044 -0.077838 -0.551827 0.239789 -0.145915 0.054334 0.104555 0.021545 -0.066644 
1.930392 -0.501522 0.396033 -0.446341 -0.116925 0.245891 -0.314329 -0.082030 -0.564607 0.189173 -0.080892 0.065383 0.105687 0.025342 -0.058087 
1.857602 -0.588783 0.459237 -0.502574 0.005995 0.212261 -0.360121 -0.103202 -0.583057 0.260932 -0.117571 0.015913 0.118814 0.006086 -0.079630 
1.830299 -0.660897 0.550165 -0.433253 0.039134 0.193861 -0.424371 -0.110064 -0.577646 0.354880 -0.110772 -0.018688 0.098270 -0.039168 -0.007817 
1.689343 -0.779308 0.572056 -0.440965 0.146486 0.106967 -0.463697 -0.121971 -0.465206 0.364251 -0.211462 -0.005211 0.087244 -0.012097 0.034510 
1.424046 -0.759837 0.630216 -0.440947 0.257611 0.014924 -0.510880 -0.085689 -0.408551 0.385851 -0.301215 -0.022782 0.098968 0.027403 0.020133 
0.426174 -0.199728 0.749983 -0.523787 0.543090 -0.344722 -0.380566 -0.034684 -0.284930 0.298783 -0.333516 -0.017307 0.137983 -0.024686 0.068134 
-0.432970 0.028006 0.642089 -0.731597 0.595177 -0.390503 -0.179703 0.113635 -0.157404 0.155587 -0.128167 0.058697 0.016404 0.000741 0.023853 
-0.902229 -0.024640 1.037384 -0.609639 0.740154 -0.339610 -0.180797 0.199081 -0.182429 0.170796 -0.235825 0.059708 0.034572 -0.041035 0.007118 
-0.958627 -0.124416 0.526669 -0.897332 0.528771 -0.412655 0.106422 0.094524 -0.168879 0.234534 -0.155942 0.073368 -0.017041 -0.024348 0.045940 
-0.939196 -0.265885 0.600129 -0.951986 0.484532 -0.305418 -0.082151 0.191821 -0.073908 0.152208 -0.161750 0.145304 -0.116479 0.058265 -0.012423 
-0.708389 -0.275904 0.803816 -0.792995 0.580384 -0.328174 0.018703 0.049659 -0.088590 0.144529 -0.153935 0.112015 -0.069724 0.065920 -0.052905 
-0.761267 -0.357141 0.683092 -0.753759 0.591775 -0.543872 -0.081635 0.245352 -0.069722 0.010705 -0.079777 0.155673 -0.068233 -0.000435 0.013684 
-0.716659 -0.624514 0.732353 -0.728489 0.428685 -0.335786 -0.024311 0.307458 -0.159833 0.074615 -0.125802 0.086095 0.056314 -0.127588 0.023845 
-0.275254 -0.433005 0.991863 -0.428134 0.339887 -0.211109 -0.098062 0.251215 -0.223194 0.190071 -0.161103 0.015108 0.149836 -0.113264 -0.067242 
0.689967 -0.722556 1.187801 -0.147064 0.123781 -0.375093 -0.268533 0.246247 -0.437508 0.071786 -0.184369 -0.011466 0.141444 -0.084765 -0.075168 
0.947467 -1.035992 1.368986 -0.003316 -0.131717 -0.174428 -0.332766 0.206182 -0.421803 -0.072797 -0.150963 0.043238 -0.034594 -0.021220 -0.049753 
0.945957 -1.142863 1.573367 -0.072406 -0.200562 -0.078014 -0.320193 0.239626 -0.523215 -0.021335 -0.105629 -0.002226 -0.101945 0.004478 -0.030288 
0.701019 -0.937066 1.573417 0.038976 -0.272125 -0.069278 -0.153521 0.114102 -0.479176 -0.037986 -0.009883 -0.135943 -0.099223 0.021695 -0.010222 
0.879644 -1.112898 1.724082 0.045991 -0.341203 0.011288 -0.155786 0.133700 -0.599307 0.078031 -0.076930 -0.158478 -0.145409 0.080980 -0.027714 
0.507554 -0.785685 1.539386 0.145321 -0.334601 -0.093298 -0.014178 0.053305 -0.564485 0.039466 0.017949 -0.234548 -0.137368 0.124056 -0.007086 
0.724433 -0.892542 1.469743 0.190174 -0.291066 -0.171376 -0.029969 0.182871 -0.689298 0.111277 -0.019913 -0.146594 -0.234107 0.185971 -0.009948 
0.807011 -0.961362 1.357232 0.196617 -0.176453 -0.247475 -0.058599 0.180694 -0.665245 0.074629 -0.082838 -0.080468 -0.261220 0.165618 -0.038565 
0.918318 -0.874749 1.160447 0.212699 -0.132564 -0.282788 -0.115221 0.153522 -0.575273 0.027390 -0.098700 -0.058283 -0.192095 0.154433 -0.060903 
1.235817 -0.936747 0.962381 0.012567 -0.115089 -0.116390 -0.233649 0.031687 -0.538532 0.147907 -0.127015 -0.063950 -0.119931 0.220232 -0.096019 
1.401508 -0.943997 0.857527 -0.151903 -0.134201 -0.150742 -0.389850 -0.059551 -0.318425 0.216025 -0.123308 -0.002865 0.015813 0.291489 -0.104713 
1.538844 -0.985865 0.654781 -0.280685 -0.086913 -0.094162 -0.451366 -0.183281 -0.278099 0.300915 -0.042464 0.010898 0.012524 0.309770 -0.032203 
1.519803 -0.786566 0.597578 -0.483175 -0.011293 -0.160925 -0.365335 -0.187906 -0.261759 0.385686 0.041984 0.059868 -0.014090 0.242854 0.062461 
1.530382 -0.951700 0.493244 -0.534392 -0.049927 -0.150207 -0.280143 -0.155260 -0.137374 0.330053 0.184662 0.040157 -0.082654 0.208314 0.017385 
1.381142 -0.996765 0.356448 -0.561397 -0.046990 -0.197911 -0.214647 -0.126294 -0.059073 0.342666 0.230944 0.045244 -0.145437 0.145555 0.034655 
1.389142 -1.122470 0.334504 -0.548145 -0.051137 -0.209543 -0.195801 -0.104200 0.025169 0.374613 0.191437 0.013564 -0.172757 0.101012 0.061044 
1.406115 -1.222121 0.289422 -0.582862 -0.017235 -0.194872 -0.226008 -0.017952 0.007811 0.383728 0.189053 -0.011864 -0.176669 0.050308 0.047496 
1.452225 -1.262150 0.294235 -0.505808 -0.061541 -0.223149 -0.215642 0.028175 0.029222 0.362059 0.147200 -0.008449 -0.181208 0.063208 0.069131 
1.389418 -1.120096 0.329948 -0.448480 0.042153 -0.338450 -0.351286 0.112870 0.098038 0.312188 0.116285 -0.011774 -0.144111 0.151940 0.038209 
1.375384 -1.168145 0.372919 -0.360577 -0.085493 -0.304944 -0.345990 0.058905 0.121330 0.317673 0.052813 -0.016544 -0.053222 0.208344 -0.058233 
1.363003 -1.194054 0.509946 -0.309767 -0.185867 -0.333229 -0.350382 0.129637 0.105603 0.305213 -0.021985 0.027756 0.041519 0.169159 -0.155725 
1.328973 -1.216749 0.596208 -0.277755 -0.278546 -0.288109 -0.363495 0.106130 0.128672 0.273781 -0.045852 0.062758 0.096259 0.137113 -0.216968 
1.248150 -1.201917 0.708788 -0.313838 -0.220535 -0.365199 -0.386381 0.197931 0.006451 0.304969 -0.109060 0.151835 0.106096 0.115532 -0.195388 
1.529460 -1.323789 0.614724 -0.112301 -0.445852 -0.216530 -0.437385 0.132833 0.045647 0.300526 -0.120924 0.191028 0.091340 0.136929 -0.166898 
1.281471 -1.280401 0.664872 -0.178622 -0.381138 -0.257225 -0.439524 0.116262 0.010814 0.315938 -0.070439 0.113541 0.174717 0.125043 -0.191704 
1.415900 -1.302539 0.468660 -0.170147 -0.344433 -0.276625 -0.398928 0.077941 0.060553 0.355579 -0.105454 0.168058 0.047762 0.201018 -0.153244 
1.546495 -1.409903 0.433394 -0.115737 -0.446839 -0.104213 -0.484164 0.139651 0.136166 0.287350 -0.016583 0.064446 0.000992 0.196862 -0.167201 
1.567218 -1.485417 0.352723 -0.159828 -0.399933 -0.088737 -0.450865 0.125965 0.112202 0.371849 -0.018848 0.047570 -0.056318 0.142220 -0.054565 
1.693341 -1.431510 0.193705 -0.142975 -0.395603 -0.013086 -0.425513 0.096168 0.095869 0.347676 0.041245 0.009703 -0.094505 0.119621 -0.013323 
1.724303 -1.310497 0.117725 -0.206341 -0.369760 0.028953 -0.413807 0.156112 0.066746 0.319139 0.091692 -0.031000 -0.145666 0.128407 -0.075107 
1.519042 -1.085511 0.006757 -0.242089 -0.300095 -0.000554 -0.407284 0.106957 0.091520 0.377130 0.123953 -0.029269 -0.221319 0.144908 -0.068988 
1.437720 -1.093769 0.079930 -0.323349 -0.323225 0.047355 -0.399158 0.107392 0.070165 0.391079 0.186258 -0.076657 -0.243394 0.145105 -0.065275 
1.617851 -1.129475 0.126201 -0.387677 -0.248733 0.047682 -0.362775 0.132389 -0.042516 0.422143 0.104719 -0.037385 -0.228947 0.154169 -0.060581 
1.190269 -1.156419 -0.056975 -0.305745 -0.239259 -0.025384 -0.329705 0.138267 -0.078553 0.459390 0.137489 -0.104806 -0.082719 0.059858 -0.146285 
1.700603 -0.841897 -0.227811 -0.242909 -0.418553 0.174647 -0.332596 0.101504 -0.013585 0.327645 0.332484 -0.166245 -0.220970 0.073656 -0.104179 
1.458794 -0.707920 -0.514155 -0.302998 -0.256347 0.131733 -0.225309 0.050591 -0.017833 0.327875 0.112900 -0.124555 -0.111767 0.088863 -0.064958 
1.499281 -0.725342 -0.369454 -0.357938 -0.436801 0.366948 -0.312964 0.158642 -0.051575 0.320004 0.353980 -0.271732 -0.226384 -0.026112 -0.135246 
0.498722 -0.520790 -0.420343 -0.410186 -0.433201 0.269660 -0.121431 0.094954 0.015144 0.292800 0.202683 -0.207927 -0.146667 -0.066214 -0.214801 
0.676005 -0.711739 -0.273807 -0.543083 -0.281201 0.280304 -0.132666 0.219908 -0.171492 0.276561 0.175659 -0.248686 -0.050199 -0.007164 -0.234658 
1.279689 -0.932874 -0.317358 -0.382701 -0.319828 0.405145 -0.191582 0.176858 -0.171688 0.132405 0.301602 -0.211121 -0.134461 0.077011 -0.208740 
0.642134 -0.576481 -0.584857 -0.378465 -0.386294 0.306990 -0.093142 0.116579 -0.146660 0.287966 0.375841 -0.242092 -0.205026 -0.064299 -0.286564 
