city021_082
HYOOGO
57
0.072999 0.011338 0.023239 0.000800 -0.186319 0.127295 -0.148322 -0.015073 -0.128280 0.010297 0.028579 0.050410 -0.035481 -0.003460 0.030414 
0.010429 -0.280413 0.530917 -0.065761 -0.312896 0.310517 -0.227755 0.045555 -0.047169 -0.038879 0.002487 0.055302 -0.048271 -0.001744 0.026565 
-0.007884 -0.373055 0.675027 -0.206911 -0.443743 0.267563 -0.356935 -0.040843 -0.072620 0.029732 0.028876 0.034797 -0.014134 0.095431 -0.027600 
-0.097014 -0.660856 0.756289 -0.301462 -0.510862 0.329014 -0.360408 0.004147 0.074107 0.072648 -0.079068 0.097214 0.057158 -0.079439 0.020714 
0.133862 -0.760655 0.872144 -0.192113 -0.323244 0.458441 -0.124474 0.185434 -0.130120 0.044518 -0.021545 0.044912 -0.015307 -0.018914 0.043992 
0.275453 -0.773157 0.977773 -0.131144 -0.400442 0.293485 -0.190801 0.065854 -0.120039 0.062016 -0.043265 0.035314 -0.012063 -0.009945 0.002974 
0.439301 -0.644715 1.097367 -0.171995 -0.345146 0.179168 -0.194699 -0.020252 -0.153317 0.071811 -0.103410 0.041264 -0.005562 0.047022 -0.092797 
0.190144 -0.754710 0.992642 -0.214383 -0.379576 0.104104 -0.155617 0.148159 -0.257917 0.212061 -0.052122 -0.043970 0.081641 0.000143 -0.088297 
0.267288 -0.923644 0.998904 -0.329320 -0.457387 0.222503 -0.080971 0.050980 -0.151641 0.200384 -0.111233 0.050101 -0.013237 0.045240 -0.072151 
0.872002 -0.618352 0.978109 0.004520 -0.278772 0.138883 -0.084960 0.033903 -0.191258 0.071738 -0.151655 0.131159 -0.108111 -0.014605 0.042356 
0.734451 -0.536862 1.054101 0.187812 -0.276009 0.096018 -0.100869 0.069692 -0.262105 0.076900 -0.196481 0.064523 -0.023076 -0.117844 0.027085 
1.099185 -0.475037 0.890389 0.184471 -0.367754 -0.003683 -0.089741 0.080347 -0.193417 0.082144 -0.102976 0.086007 -0.030043 0.023073 -0.082147 
1.498395 -0.595356 0.791702 0.320966 -0.215333 -0.116784 -0.320768 0.286906 -0.323755 -0.109807 0.004670 -0.033405 -0.044289 0.080072 -0.113237 
1.607875 -0.972400 0.920281 0.152033 -0.110126 -0.214340 -0.555096 0.254892 -0.355678 -0.058200 -0.039499 -0.102708 0.066984 0.200237 -0.133304 
1.741390 -1.047581 0.796434 -0.011697 0.021943 -0.141714 -0.615070 0.107583 -0.329782 0.156146 -0.086560 -0.131467 -0.007691 0.334190 -0.034401 
1.803052 -0.874261 0.566074 -0.224643 0.059795 0.002971 -0.546357 -0.053631 -0.429902 0.221942 0.048505 -0.104797 -0.054093 0.229041 0.046303 
1.918567 -0.665894 0.535430 -0.480147 -0.001849 0.064361 -0.427603 -0.034779 -0.485183 0.125455 -0.014295 0.076626 0.014434 0.107831 0.010306 
1.980791 -0.487399 0.455456 -0.540390 -0.144147 0.182512 -0.283446 -0.079839 -0.574307 0.084786 0.034361 0.079952 0.107957 0.120266 -0.081539 
2.058484 -0.366904 0.478232 -0.663583 -0.304888 0.294242 -0.245835 0.021397 -0.570419 -0.061899 0.038924 0.005781 0.180677 0.292854 -0.141311 
1.978793 -0.526773 0.398106 -0.588202 -0.269150 0.201131 -0.214289 0.020170 -0.507881 -0.095344 -0.043034 0.057812 0.142449 0.266268 -0.053038 
2.035046 -0.540443 0.393513 -0.459510 -0.333971 0.159261 -0.230631 -0.035058 -0.394453 -0.089085 -0.020331 0.017619 0.073728 0.288571 -0.095266 
2.090411 -0.588571 0.480845 -0.489777 -0.271088 0.082365 -0.314745 0.052976 -0.423603 0.004482 -0.067784 0.006484 0.055067 0.255291 -0.061748 
2.010796 -0.599573 0.416868 -0.458339 -0.177010 0.027988 -0.368520 0.050534 -0.350671 -0.013362 -0.092955 0.024201 0.072610 0.214257 -0.048836 
1.988334 -0.611755 0.366167 -0.475153 -0.068474 -0.019702 -0.395286 0.048759 -0.320523 0.009748 -0.146587 0.027121 0.080627 0.202781 -0.014551 
2.026312 -0.557619 0.239293 -0.465239 0.011664 -0.109733 -0.351402 0.083925 -0.330674 0.006910 -0.168393 0.020663 0.028670 0.261484 0.001725 
1.977345 -0.479478 0.193660 -0.449453 0.052916 -0.118496 -0.363181 0.088623 -0.280147 -0.021583 -0.161706 0.014583 0.038643 0.225453 -0.007226 
2.043832 -0.522667 0.302404 -0.466181 -0.037019 -0.140869 -0.296411 0.116613 -0.284123 0.028149 -0.243420 -0.041995 -0.003605 0.273195 -0.020097 
2.006113 -0.274373 0.568851 -0.629910 -0.451298 0.060627 -0.247079 0.213257 -0.292142 -0.022880 -0.152577 -0.133380 -0.021285 0.203702 -0.033705 
2.015287 0.071874 0.665099 -0.789515 -0.460155 0.063357 -0.148013 0.266471 -0.355037 0.123580 -0.183324 -0.197911 -0.052106 0.210209 -0.061602 
1.945367 0.243359 0.651685 -0.805470 -0.506421 0.046819 -0.150440 0.308705 -0.359409 0.158045 -0.163863 -0.240394 -0.029831 0.174115 -0.028616 
2.034136 0.264769 0.620101 -0.764234 -0.508839 -0.007217 -0.176558 0.302531 -0.341889 0.162715 -0.159657 -0.212050 -0.095276 0.169451 -0.059868 
1.959351 0.419884 0.514844 -0.590004 -0.495928 -0.079002 -0.096747 0.262640 -0.345685 0.147332 -0.141183 -0.260765 -0.144832 0.140845 -0.070160 
1.958583 0.508025 0.365283 -0.437553 -0.472839 -0.162676 -0.060653 0.227250 -0.340237 0.146450 -0.125724 -0.284543 -0.192099 0.108791 -0.102571 
1.895585 0.629699 0.378913 -0.335912 -0.441867 -0.173531 -0.091411 0.212217 -0.323807 0.175662 -0.086277 -0.254459 -0.158737 0.041452 -0.119905 
1.828050 0.780524 0.295466 -0.295203 -0.439531 -0.214781 -0.051732 0.151973 -0.259139 0.211252 -0.082371 -0.241265 -0.117134 -0.003912 -0.153043 
1.867899 0.862341 0.163115 -0.274134 -0.437968 -0.198801 -0.024368 0.263941 -0.250999 0.156869 -0.040888 -0.301110 -0.139857 -0.042979 -0.086889 
1.722272 0.848659 0.238341 -0.254364 -0.450178 -0.080098 0.094977 0.184471 -0.233295 0.108358 -0.166543 -0.368167 -0.179333 0.021115 -0.144363 
1.765886 0.657762 0.208749 -0.114727 -0.633788 -0.010693 -0.061313 0.224981 -0.176637 -0.035447 -0.034656 -0.338358 -0.212619 0.003716 -0.048448 
1.769392 0.698053 0.099111 -0.270291 -0.540640 -0.006505 -0.001797 0.190241 -0.267284 0.021027 -0.142651 -0.337308 -0.046752 0.039439 -0.002865 
1.704861 0.676771 0.052130 -0.140555 -0.487086 -0.014956 -0.012221 0.113785 -0.249108 -0.094159 -0.041205 -0.222238 -0.086178 0.132224 -0.001872 
1.490423 0.615109 0.100536 -0.136113 -0.399472 -0.114688 -0.083339 0.104965 -0.215931 -0.024227 -0.140607 -0.209271 -0.069380 0.024487 -0.047734 
1.334998 0.659672 0.310430 -0.279904 -0.417953 -0.092466 -0.186575 0.074122 -0.190555 0.016844 -0.106547 -0.163895 -0.023403 0.013326 -0.092859 
1.476403 0.421415 0.260720 -0.348985 -0.426174 -0.177686 -0.066700 0.211010 -0.424030 0.048910 -0.080594 -0.251332 -0.044018 0.151720 -0.016340 
1.795030 0.409933 0.176086 -0.489379 -0.466973 -0.124473 -0.047477 0.185886 -0.383147 -0.044853 -0.073719 -0.160638 -0.066141 0.296493 0.038638 
1.830180 0.222163 0.396892 -0.626323 -0.489564 0.014527 -0.201406 0.276698 -0.399299 -0.035174 -0.037751 -0.122002 -0.042134 0.293430 0.048950 
1.848297 0.115124 0.382492 -0.662459 -0.557950 0.002097 -0.165409 0.210221 -0.292971 -0.008215 0.011608 -0.101052 -0.025184 0.303771 0.013156 
1.877947 0.029098 0.457631 -0.754025 -0.595549 -0.048511 -0.169518 0.275343 -0.321906 0.111587 -0.057006 -0.017971 -0.081123 0.295306 0.063652 
1.892606 -0.048799 0.433637 -0.722641 -0.628514 -0.009056 -0.209466 0.273219 -0.245286 0.055054 -0.027487 -0.019126 -0.099048 0.277827 0.041585 
1.806234 -0.013525 0.417142 -0.711438 -0.639580 -0.056118 -0.236219 0.271949 -0.199849 0.113356 0.010362 -0.055800 -0.081218 0.201987 0.003848 
1.824728 -0.014909 0.266210 -0.631528 -0.666498 0.048181 -0.205823 0.238723 -0.182530 0.000513 0.008891 -0.126203 -0.023953 0.249307 0.007600 
1.595418 0.019388 0.269056 -0.730429 -0.744762 -0.055163 -0.170212 0.231765 -0.164397 0.039308 0.037493 -0.096169 -0.019653 0.318038 0.013329 
1.739293 0.039075 0.296568 -0.702258 -0.734246 -0.032964 -0.207701 0.300259 -0.198163 0.034763 0.098173 -0.155114 -0.057084 0.301553 -0.012344 
1.364510 0.184885 0.082639 -0.604551 -0.557236 -0.025657 -0.105763 0.268645 -0.200613 -0.025620 0.018675 -0.127363 -0.005076 0.231771 0.033604 
1.484096 0.194413 0.167128 -0.677871 -0.739779 -0.032440 -0.219754 0.283202 -0.153589 -0.053070 0.147970 -0.163928 -0.004714 0.308540 -0.007346 
1.056793 0.396092 -0.264319 -0.503124 -0.594069 -0.195624 -0.145852 0.237811 -0.040977 -0.081566 -0.034535 0.063330 0.037527 0.148188 0.153691 
0.426033 0.299520 -0.213914 -0.342521 -0.436823 -0.061628 -0.052308 0.150269 -0.059456 -0.032120 0.021843 0.070400 0.005213 0.050011 0.016900 
-0.004937 0.039428 -0.054520 -0.110978 -0.229884 0.173636 -0.093054 0.064115 -0.082619 0.057395 -0.026676 -0.000054 0.044785 -0.037863 0.013748 
