city021_019
TENRYUU
56
-0.090036 -0.126308 -0.069134 0.060844 -0.039218 0.214708 -0.079009 0.166004 -0.059463 -0.076138 -0.037606 0.132708 -0.038293 0.002473 -0.038685 
0.887048 -0.485297 0.058169 -0.556503 -0.102136 -0.035957 -0.169870 0.244941 -0.224927 0.057985 -0.054093 0.245941 -0.069855 0.084345 -0.062760 
1.541055 -0.238366 0.483295 0.128522 -0.106023 -0.133047 -0.099947 0.272245 -0.227399 0.004306 -0.141901 0.145928 -0.125040 0.003658 -0.013008 
1.618708 -0.137670 0.652781 0.196329 -0.176527 0.119202 -0.045524 0.265043 -0.084059 0.017410 -0.215946 0.052794 -0.017863 -0.094284 -0.058747 
1.590459 -0.921225 1.013548 -0.113768 -0.292450 -0.130834 -0.429252 0.087141 -0.285119 -0.007988 -0.279583 0.254268 0.045750 -0.026353 0.032571 
1.380728 -1.020804 0.931504 -0.246220 -0.265110 -0.148243 -0.315808 -0.018893 -0.326686 -0.075498 -0.094808 0.197873 0.009513 0.100517 -0.019831 
1.252207 -1.049655 0.939985 -0.302084 -0.194327 -0.165179 -0.302324 -0.067277 -0.369650 -0.006817 -0.069817 0.144689 0.072878 0.061377 0.005139 
1.228000 -1.093758 0.950559 -0.332613 -0.153583 -0.154544 -0.287137 -0.097927 -0.389958 0.009072 -0.076661 0.180179 0.020883 0.075097 0.020960 
1.216576 -1.110020 0.949410 -0.322414 -0.145242 -0.144281 -0.291321 -0.092459 -0.426444 0.035013 -0.075863 0.166360 0.019920 0.065094 0.026883 
1.195184 -1.059993 1.019273 -0.327285 -0.229311 -0.193767 -0.279227 -0.010051 -0.352094 0.041305 -0.082070 0.195230 0.021389 0.061031 0.034284 
1.261017 -1.086267 1.128910 -0.220285 -0.317415 -0.162721 -0.303284 0.118964 -0.289218 0.036110 -0.085176 0.204525 -0.003403 -0.002688 0.044553 
1.347429 -1.120658 1.185223 -0.291340 -0.316606 -0.133067 -0.338977 0.162755 -0.339680 0.048625 -0.113822 0.230221 -0.013784 -0.018080 0.068336 
1.280406 -0.975429 1.190952 -0.161498 -0.309359 -0.179107 -0.318756 0.126970 -0.286231 0.012862 -0.118786 0.227019 0.004797 -0.058940 0.090605 
1.284894 -0.886178 1.251074 -0.131286 -0.268424 -0.141185 -0.358675 0.167973 -0.353232 0.014840 -0.189102 0.219922 -0.016412 -0.070485 0.076978 
1.300202 -0.595375 1.191170 0.086635 -0.321696 0.096193 -0.363244 0.091170 -0.331344 -0.005999 -0.279712 0.122134 -0.065489 -0.103787 0.064802 
1.432594 -0.375841 1.119091 -0.099205 -0.506543 0.443143 -0.266073 -0.143098 -0.196717 -0.030953 -0.331172 0.053374 -0.114700 -0.038100 -0.004967 
1.419443 -0.399354 1.105154 -0.184546 -0.446354 0.509832 -0.297590 -0.199374 -0.200205 -0.010580 -0.340584 0.062550 -0.087911 -0.040165 -0.020385 
1.340000 -0.317852 1.067182 -0.183684 -0.438960 0.510617 -0.316795 -0.160309 -0.184637 -0.045963 -0.333298 0.060699 -0.083413 -0.080188 0.026666 
1.386938 -0.345400 1.167424 -0.272559 -0.371884 0.553224 -0.361020 -0.146656 -0.227843 0.026337 -0.387405 0.103136 -0.104255 -0.089313 0.037691 
1.310691 -0.289884 1.167650 -0.216617 -0.391915 0.564500 -0.395337 -0.163000 -0.145455 -0.067704 -0.328754 0.072806 -0.124332 -0.072767 0.011753 
1.300598 -0.351242 1.159777 -0.106045 -0.338808 0.450458 -0.391603 -0.108029 -0.111559 -0.128127 -0.297107 0.076036 -0.150834 -0.075943 0.016843 
1.338046 -0.334152 1.112583 -0.151253 -0.247862 0.501258 -0.400149 -0.143085 -0.134256 -0.062176 -0.316519 0.075986 -0.148025 -0.081814 0.014959 
1.446126 -0.425232 1.152148 -0.158912 -0.298807 0.528383 -0.409738 -0.057984 -0.162432 -0.072840 -0.304844 0.075413 -0.148663 -0.073434 0.004825 
1.375762 -0.279769 1.068040 -0.109316 -0.267367 0.427397 -0.384207 -0.051457 -0.089957 -0.147681 -0.279147 0.089340 -0.175500 -0.050643 -0.022210 
1.413938 -0.233738 1.115046 -0.014496 -0.373111 0.404385 -0.413277 -0.034911 -0.060600 -0.136753 -0.229935 0.090915 -0.127145 -0.060256 0.008095 
1.477451 -0.230262 1.155778 -0.006182 -0.389358 0.397573 -0.451385 -0.036808 -0.050835 -0.106171 -0.246421 0.144588 -0.129283 -0.036118 0.026148 
1.360884 0.034687 1.026154 0.066011 -0.386548 0.279915 -0.363407 0.014326 -0.024998 -0.202203 -0.204370 0.140240 -0.175312 -0.090543 0.041735 
1.355868 0.204936 0.963978 0.077908 -0.329417 0.263592 -0.337783 -0.004670 -0.023413 -0.173816 -0.238256 0.135439 -0.188341 -0.076230 0.007763 
1.276065 0.328865 0.939728 0.131511 -0.297077 0.376544 -0.294315 0.007745 0.024485 -0.184509 -0.191549 0.039325 -0.152093 -0.103100 -0.038800 
1.208663 0.533680 0.820426 0.010054 -0.386579 0.375795 -0.245257 -0.016510 0.033458 -0.150357 -0.222433 0.022198 -0.178086 -0.120712 -0.000485 
1.022450 0.655906 0.762647 0.190127 -0.451552 0.377063 -0.171200 -0.135458 0.012961 -0.148112 -0.219179 -0.015099 -0.137204 -0.124830 -0.013414 
0.647465 0.257151 0.892533 0.426273 -0.360462 0.334144 -0.039142 -0.074385 -0.082213 -0.052876 -0.195039 0.017913 -0.149007 -0.082361 -0.031161 
0.693753 -0.503783 0.913277 0.072204 -0.139179 0.538164 -0.225922 0.030107 -0.049829 -0.027789 -0.076548 0.131006 -0.160916 0.006774 0.012291 
0.880039 -0.555079 1.725291 0.160588 -0.456115 0.356035 -0.294914 0.146754 -0.308525 -0.167079 0.028321 -0.101117 -0.269427 0.139601 -0.142282 
0.874670 -0.782708 1.682631 0.219089 -0.533507 0.266366 -0.262211 0.099511 -0.377598 -0.199971 0.059561 -0.177446 -0.251622 0.139068 -0.156033 
1.017563 -0.936542 1.671251 0.173777 -0.408554 0.142073 -0.233760 0.173383 -0.490007 -0.110217 -0.006936 -0.130217 -0.290644 0.174765 -0.167959 
1.018829 -0.873187 1.559207 0.291323 -0.439479 0.125917 -0.242804 0.176580 -0.416183 -0.180666 0.031044 -0.106634 -0.279530 0.168954 -0.167882 
1.178180 -0.788702 1.463333 0.292376 -0.391290 0.074999 -0.254726 0.260816 -0.485804 -0.141555 0.058208 -0.144573 -0.224305 0.163104 -0.192073 
0.989653 -0.679890 1.371449 0.345257 -0.361492 0.002605 -0.211632 0.166808 -0.378313 -0.140470 -0.015249 -0.062290 -0.183449 0.113815 -0.140596 
1.069350 -0.805291 1.372847 0.305488 -0.390939 0.007003 -0.231226 0.185115 -0.412471 -0.120096 -0.012418 -0.054672 -0.190496 0.145283 -0.162882 
1.031703 -0.803658 1.317881 0.258561 -0.324763 -0.064268 -0.275582 0.180869 -0.394629 -0.109537 -0.086057 0.005880 -0.145075 0.112678 -0.160388 
1.146568 -0.651038 1.192610 0.379574 -0.412304 -0.015355 -0.391115 0.184480 -0.353573 -0.219528 -0.008755 -0.083442 -0.074901 0.146261 -0.207607 
1.046245 -0.583636 1.219490 0.260607 -0.224345 -0.149985 -0.369903 0.178652 -0.413812 -0.095494 -0.176394 0.010004 -0.083687 0.119904 -0.168620 
1.060193 -0.611252 1.199547 0.329989 -0.238421 -0.109051 -0.426216 0.163080 -0.338731 -0.127465 -0.210689 -0.000823 -0.048430 0.128382 -0.214773 
1.095103 -0.590154 1.029206 0.304042 -0.173344 -0.104445 -0.453546 0.068921 -0.241954 -0.101678 -0.259571 -0.023511 -0.021087 0.158040 -0.237543 
1.249396 -0.652660 1.086040 0.188024 -0.121067 0.025784 -0.584377 0.101497 -0.201047 -0.038217 -0.217183 -0.118174 0.020103 0.254924 -0.308919 
1.253639 -0.561337 0.886823 0.206895 -0.194085 0.107053 -0.568020 0.066982 -0.119769 -0.088821 -0.094572 -0.160225 0.047586 0.229459 -0.286930 
1.087803 -0.348807 0.875010 0.273929 -0.221570 0.100777 -0.615990 0.038561 -0.132080 -0.085468 -0.110924 -0.211412 0.131192 0.209340 -0.286281 
1.140340 -0.373014 0.820877 0.339720 -0.190878 0.008505 -0.614204 0.043001 -0.205781 -0.059152 -0.140566 -0.225462 0.092121 0.278827 -0.273923 
1.241663 -0.406689 0.772232 0.269254 -0.122588 -0.027856 -0.556325 0.029895 -0.208622 -0.043534 -0.117552 -0.204626 0.035436 0.298110 -0.272626 
1.077727 -0.409951 0.661191 0.203783 -0.143961 0.061204 -0.518245 0.049127 -0.210162 -0.051752 -0.072568 -0.243681 0.113835 0.155474 -0.267751 
0.860721 -0.341258 0.638046 0.277138 -0.110170 -0.051946 -0.615339 -0.008707 -0.250179 0.027457 -0.221125 -0.251278 0.138472 0.256339 -0.283915 
1.159007 -0.521036 0.446336 0.256080 -0.147496 -0.017352 -0.569749 0.065776 -0.190111 0.052576 -0.099964 -0.222391 0.183136 0.194429 -0.230151 
1.062795 -0.438505 0.638689 0.273378 -0.100029 0.042798 -0.569646 0.074721 -0.180141 -0.026022 -0.085969 -0.269645 0.114705 0.201283 -0.251759 
0.499691 0.050902 0.315972 0.375795 -0.087088 -0.139781 -0.536916 -0.129792 -0.182752 0.034461 -0.188566 -0.296170 0.180201 0.266991 -0.239553 
0.081425 -0.312099 0.144959 0.208834 -0.203697 0.006766 -0.407651 0.015093 -0.145601 0.165047 -0.006093 -0.165571 0.159215 0.105537 -0.102825 
