city021_033
MUSASHINO
72
0.061851 0.119808 -0.168534 0.106944 -0.198892 -0.125650 -0.335483 0.025221 -0.145544 -0.047802 0.098994 0.114942 0.004949 0.020667 0.071902 
0.109782 0.152822 0.008050 0.221134 -0.256412 0.034522 -0.254274 -0.191412 -0.064851 -0.018282 -0.019318 0.009973 0.019623 0.057356 -0.015493 
0.906340 0.024585 0.635963 0.292474 -0.310078 0.442142 -0.018429 -0.364121 -0.190579 0.130649 -0.364835 -0.040042 -0.025078 -0.213908 0.013848 
1.180119 -0.049838 0.812241 0.249916 -0.268913 0.294872 0.003264 -0.224513 -0.291372 0.113873 -0.309132 -0.086732 -0.119264 -0.042222 -0.098073 
1.321506 -0.036067 0.748689 0.135555 -0.339341 0.356989 0.031314 -0.197177 -0.354060 0.107877 -0.284434 -0.094449 -0.090804 -0.002261 -0.118534 
1.283180 -0.114115 0.800870 0.068173 -0.302087 0.343142 -0.025564 -0.132237 -0.384060 0.056607 -0.196365 -0.178394 -0.069289 0.053510 -0.203515 
1.553627 -0.397047 0.640255 -0.017010 0.019217 0.252781 -0.328554 -0.064627 -0.472528 0.152227 -0.058006 -0.254647 -0.033046 0.078153 -0.185441 
1.639176 -0.526305 0.589525 -0.025789 0.142731 0.070160 -0.508770 0.072504 -0.372513 0.315300 -0.118128 -0.334087 0.110950 0.162575 -0.118819 
1.657931 -0.477884 0.618920 -0.051145 0.194631 -0.089372 -0.489409 0.099654 -0.372922 0.310681 -0.216757 -0.295632 0.143538 0.176603 -0.155715 
1.646955 -0.452780 0.608494 0.078266 0.118919 -0.056975 -0.514289 0.082725 -0.286275 0.213346 -0.295624 -0.232944 0.139549 0.143218 -0.199112 
1.342346 -0.478680 0.632123 0.167141 0.169350 -0.082631 -0.396865 -0.035697 -0.276164 0.225496 -0.343041 -0.202793 0.017355 0.184257 -0.188985 
0.689027 -0.100361 0.458138 0.191675 0.331751 -0.228576 -0.193369 -0.302997 -0.112144 0.141620 -0.356220 -0.189584 -0.067020 0.210137 -0.218645 
0.137186 0.082335 0.368232 0.267971 0.391966 -0.336823 -0.102097 -0.285307 0.014092 -0.016521 -0.294337 -0.121685 -0.018590 0.006159 -0.023053 
-0.262945 -0.051352 0.126346 -0.067534 0.231080 -0.252536 0.138459 0.040695 0.011886 -0.079379 0.023692 0.056828 -0.042217 -0.018418 0.033684 
-0.219796 -0.327017 0.218578 -0.148005 0.010072 -0.273733 0.262151 0.016111 0.021908 -0.013230 -0.033422 0.002867 0.036545 -0.086648 0.064608 
-0.373365 -0.261209 0.293868 -0.071765 0.012739 -0.303974 0.079156 -0.116730 -0.038653 0.056133 0.076684 -0.091302 0.025750 0.062393 0.026135 
-0.256050 -0.120451 0.329424 -0.105025 0.280883 -0.394954 0.148822 -0.106096 -0.009883 0.020782 0.025192 -0.067307 0.012875 0.063975 -0.048311 
-0.123990 -0.366287 0.171248 -0.105295 0.176132 -0.122748 0.109902 -0.109115 -0.043921 0.051557 0.004695 -0.021477 0.062509 -0.106910 0.052424 
-0.108558 -0.152382 0.439071 -0.305287 0.164797 -0.179877 0.178473 0.075455 0.136608 -0.025661 -0.087771 0.029685 0.096378 -0.123768 0.022526 
0.807832 -0.458852 0.224778 -0.331242 0.081699 -0.012173 0.067604 0.027885 0.048500 0.061876 -0.163347 0.028801 0.091349 -0.104309 0.052184 
1.496420 -0.882456 0.375479 -0.223609 0.001108 0.057883 -0.370915 -0.257326 -0.114188 0.227756 -0.050288 0.019004 0.016202 0.048922 0.062961 
1.659386 -1.027041 0.461848 -0.453755 0.069557 -0.044783 -0.399385 -0.251444 -0.175810 0.358342 -0.106540 0.073430 0.054108 0.112183 0.038740 
1.519589 -0.865419 0.364150 -0.516402 0.002729 -0.126756 -0.242616 -0.230964 -0.150064 0.454536 0.038087 -0.010585 0.099622 0.005671 0.035731 
1.525229 -0.906895 0.319663 -0.542961 -0.063544 -0.221534 -0.095369 -0.184494 -0.196693 0.496749 0.082811 -0.007741 0.110184 -0.017582 -0.050378 
1.534128 -0.957285 0.340555 -0.599143 -0.101004 -0.190961 -0.069982 -0.145181 -0.224573 0.492612 0.115365 -0.007358 0.102431 -0.033398 -0.088775 
1.506904 -0.895220 0.420012 -0.677887 -0.096160 -0.112607 -0.115230 -0.158847 -0.180479 0.450504 0.144552 -0.007794 0.070077 -0.021683 -0.094218 
1.483998 -0.819020 0.360937 -0.540171 -0.099175 -0.106515 -0.193017 -0.176194 -0.180850 0.440334 0.134479 -0.062831 0.134691 -0.012419 -0.061365 
1.560870 -0.952999 0.436627 -0.515136 0.051063 -0.156582 -0.262998 -0.255043 -0.183066 0.451442 -0.079948 0.042463 0.118176 0.055471 0.019856 
1.495847 -0.844910 0.350304 -0.309583 0.021866 -0.100288 -0.345046 -0.194253 -0.129258 0.214490 -0.118308 0.052318 0.136571 0.065153 -0.007573 
1.171450 -0.695372 0.657679 -0.359639 0.214483 -0.167677 -0.343476 -0.161784 -0.203995 0.304948 -0.314967 0.060267 0.090916 0.036437 0.035972 
0.485820 -0.053473 0.723763 -0.455361 0.556691 -0.408600 -0.147062 -0.170921 -0.129828 0.363892 -0.367797 0.011811 0.110487 0.016042 0.013616 
-0.185267 0.245285 0.889201 -0.742307 0.586655 -0.184918 -0.096116 -0.064022 -0.139421 0.046191 -0.173852 0.131715 -0.160808 0.056809 0.018179 
-0.822578 -0.032654 0.914731 -0.761160 0.807099 -0.210675 -0.091991 0.123284 -0.146586 0.242071 -0.203898 0.081753 0.010540 -0.078940 0.083139 
-1.000741 -0.284333 0.713519 -0.905060 0.661659 -0.290450 -0.002621 0.138415 -0.092983 0.129641 -0.207704 0.162564 -0.027272 -0.087576 0.143440 
-1.061887 -0.373206 0.664639 -0.911115 0.522972 -0.243106 0.057650 0.105403 -0.108239 0.088926 -0.098928 0.087050 -0.060238 0.032319 0.006121 
-1.119423 -0.405282 0.857469 -0.856829 0.437530 -0.470377 -0.101774 0.291464 -0.028584 -0.068487 0.012171 0.123486 -0.043763 -0.061334 0.031858 
-1.225042 -0.500070 0.883589 -0.964908 0.517438 -0.315294 -0.063464 0.098359 0.017540 0.044633 -0.075032 0.056792 -0.011834 -0.005604 -0.002343 
-1.112541 -0.628351 1.054171 -0.676025 0.580162 -0.168916 -0.068775 0.085774 -0.064954 0.116680 -0.096986 0.032510 -0.019908 0.048158 -0.044402 
-1.019479 -0.509406 0.818019 -0.832471 0.539279 -0.140183 -0.098973 0.227869 -0.143674 0.024028 -0.022585 0.056891 -0.046498 0.013061 0.014755 
-0.937578 -0.519857 0.912899 -0.902973 0.248634 -0.061646 -0.123434 0.151815 -0.123786 0.164309 -0.114769 0.053907 -0.007236 -0.009301 -0.004974 
-0.069759 -0.387644 1.173720 -0.442528 0.274145 -0.253702 -0.206093 0.154907 -0.223330 0.058990 -0.135385 0.042474 0.047951 -0.045752 -0.019688 
0.535240 -0.767996 1.388120 -0.201507 -0.004528 -0.151508 -0.365077 0.218341 -0.316110 -0.051267 -0.134586 0.027045 0.053841 -0.043708 -0.094147 
0.843932 -0.815829 1.313339 -0.057234 -0.191934 -0.074594 -0.341157 0.091395 -0.223754 -0.108939 -0.157357 0.110209 -0.025354 -0.023659 -0.036093 
0.961912 -0.800566 1.295056 -0.114439 -0.126534 -0.069715 -0.322735 0.120852 -0.287478 -0.108285 -0.190149 0.172814 -0.144941 -0.024964 0.022714 
0.973278 -0.709419 1.415277 -0.117454 -0.178986 -0.070019 -0.306916 0.117234 -0.335865 -0.070630 -0.189592 0.117569 -0.077118 -0.078197 0.039447 
1.151024 -0.678568 1.447197 0.005309 -0.294425 -0.038575 -0.275078 0.118248 -0.343884 -0.059419 -0.143686 0.104206 -0.089952 -0.056426 0.042306 
1.317225 -0.577911 1.418915 -0.004811 -0.271210 -0.065546 -0.255790 0.151867 -0.397414 0.003281 -0.191582 0.139820 -0.130420 -0.025620 0.010114 
1.326586 -0.557406 1.207361 0.108092 -0.259350 -0.083259 -0.204553 0.148460 -0.399209 -0.009283 -0.183286 0.066098 -0.106028 -0.028516 -0.050322 
1.392885 -0.637878 1.111974 0.205243 -0.216347 0.025228 -0.213041 0.165145 -0.389446 0.023105 -0.204196 -0.026083 -0.068325 -0.015263 -0.145127 
1.331214 -0.727969 1.199377 0.417330 -0.237501 0.074307 -0.312597 0.092793 -0.251254 -0.031633 -0.297113 -0.032190 -0.060111 0.031112 -0.234193 
1.582994 -0.912451 0.987818 0.338841 -0.245169 0.145883 -0.337601 0.000016 -0.170069 0.029407 -0.265839 -0.036360 -0.050810 0.100967 -0.179034 
1.742047 -1.061280 0.952617 0.300999 -0.392753 0.190212 -0.399835 -0.099509 -0.035880 0.194253 -0.213576 -0.049487 0.064943 0.189293 -0.127999 
1.901211 -1.105221 0.772762 0.195185 -0.426820 0.291472 -0.483493 -0.151408 -0.004915 0.205580 -0.067024 -0.087507 -0.017767 0.270538 -0.066175 
2.138787 -1.076728 0.582335 -0.018703 -0.404393 0.370971 -0.569478 -0.048326 -0.008467 0.143347 0.132936 -0.127309 -0.117743 0.329490 -0.073154 
2.197885 -0.945165 0.489052 -0.245196 -0.237474 0.231911 -0.457798 0.122988 -0.308698 0.338832 0.140161 -0.075430 -0.047571 0.159097 -0.073879 
2.200368 -0.816154 0.418801 -0.360617 -0.312294 0.235842 -0.235460 0.070922 -0.405734 0.298493 0.085995 0.033916 -0.003622 0.110960 -0.142742 
2.234031 -0.659312 0.337916 -0.386392 -0.444668 0.170985 -0.099298 0.083585 -0.340720 0.266601 -0.066317 0.067211 0.035815 0.108520 -0.084840 
2.237353 -0.588987 0.292584 -0.392740 -0.579879 0.203680 -0.021398 0.105155 -0.281107 0.210409 -0.112580 0.034436 0.095519 0.075350 -0.058154 
2.202800 -0.699955 0.279609 -0.417200 -0.575941 0.119522 -0.046620 0.081810 -0.170586 0.159824 -0.204256 0.028551 0.050314 0.100154 -0.009905 
2.125264 -0.459598 0.290607 -0.569228 -0.553907 0.171984 -0.148243 0.109334 -0.120651 0.170072 -0.203203 -0.020774 0.066343 0.042122 0.008873 
2.118550 -0.262837 0.315519 -0.632599 -0.597895 0.131161 -0.093498 0.112225 -0.123662 0.175066 -0.168396 -0.073107 0.054307 0.039513 0.006568 
2.181224 -0.067595 0.329880 -0.632373 -0.725042 0.247205 -0.131705 0.133570 -0.061921 0.120344 -0.131477 -0.046722 0.038388 0.085150 -0.044281 
2.014007 0.109091 0.261223 -0.665856 -0.620408 0.212980 -0.136855 0.107306 -0.079062 0.115174 -0.235807 -0.091977 0.071483 -0.020419 0.062961 
2.052505 0.327240 0.128273 -0.780488 -0.582771 0.261463 -0.206170 0.119713 -0.061951 0.093777 -0.148704 -0.083234 0.095226 0.033040 -0.059375 
2.021648 0.427283 0.246027 -0.678287 -0.577378 0.189309 -0.263018 0.022003 -0.083821 0.177115 -0.128896 0.150413 0.146029 -0.001447 0.039164 
1.923878 0.426299 0.046479 -0.917992 -0.572441 0.037579 -0.126681 0.171723 -0.173957 0.285561 -0.112352 -0.024601 0.241322 0.028653 -0.040593 
1.381009 0.155635 0.063570 -0.869662 -0.526636 0.125048 -0.224286 0.147185 -0.087181 0.148182 -0.144879 0.054137 0.184505 0.023037 0.094209 
1.466277 0.121700 -0.032283 -0.792416 -0.394304 0.269763 -0.252028 0.160574 -0.197858 0.145110 -0.123292 -0.069910 0.298969 -0.044632 0.021634 
1.385979 0.240546 -0.107893 -0.616476 -0.617711 0.140949 -0.159460 0.038442 -0.052192 0.142441 0.017981 -0.009563 0.224852 0.045366 -0.131648 
1.090314 0.053732 -0.269806 -0.481125 -0.391043 0.074769 -0.058413 0.126873 -0.122096 0.072126 -0.148013 0.010798 0.182312 0.033946 0.033624 
1.641023 0.302096 -0.069139 -0.519464 -0.511159 0.259694 -0.004699 -0.032867 -0.197537 0.082887 -0.227310 0.064415 0.203422 0.055964 0.038102 
1.130761 0.485943 0.041406 -0.240407 -0.546605 -0.185724 -0.174796 -0.018412 -0.043181 0.269313 0.003037 0.092149 0.114514 -0.016263 -0.061997 
