city021_070
KYOOBASHI
67
-0.360584 -0.767674 0.494114 0.085574 -0.317233 0.521605 -0.212361 -0.099352 0.108980 -0.044008 -0.005232 0.116029 -0.148948 0.058582 0.038786 
0.339346 -0.971046 0.655347 -0.502781 -0.352014 0.354554 -0.420976 0.014573 -0.068157 0.105336 0.064162 0.178842 -0.168749 0.073750 0.049835 
0.339804 -0.633556 0.850182 -0.432534 -0.099251 0.068678 -0.349572 -0.057921 -0.213149 0.113321 -0.081444 0.166247 -0.132820 0.159770 -0.001587 
0.178709 -0.959628 1.053056 -0.265089 -0.270573 0.107746 -0.195464 0.056527 -0.172241 0.160807 -0.105921 0.071548 -0.028985 0.063786 -0.060608 
1.150789 -0.591285 0.934000 -0.145149 -0.243408 0.051383 -0.077450 0.236740 -0.347992 -0.020542 0.005669 -0.033567 -0.089579 0.064078 -0.085775 
1.249008 -0.309707 0.808256 0.284845 -0.033359 0.086264 -0.106855 0.302627 -0.143987 -0.017574 -0.189727 0.126857 0.001798 -0.125811 -0.069641 
1.783264 -0.721494 0.640169 0.040542 -0.046858 -0.206274 -0.444255 0.213924 -0.416610 -0.088900 0.052021 -0.086673 -0.068004 0.222109 -0.098918 
1.888693 -0.619399 0.490863 -0.249932 0.017901 -0.068139 -0.327757 -0.015147 -0.582111 0.120381 -0.019515 -0.004964 -0.049711 0.161953 -0.009368 
1.922354 -0.611222 0.328385 -0.249245 0.087656 -0.011213 -0.332987 -0.069759 -0.607618 0.075644 0.112128 -0.042881 -0.079190 0.160594 -0.053968 
2.030186 -0.675165 0.243500 -0.217959 -0.102215 -0.021142 -0.246973 0.015577 -0.557960 -0.050030 0.017896 -0.042009 0.015987 0.290302 -0.112806 
2.035250 -0.673457 0.224513 -0.198724 -0.218939 -0.048526 -0.189366 0.108044 -0.503707 -0.146567 -0.061620 -0.044530 0.077341 0.290035 -0.043638 
2.062794 -0.665012 0.229941 -0.231775 -0.235531 -0.075900 -0.259562 0.209618 -0.422218 -0.132744 -0.114249 -0.143792 0.137728 0.285821 -0.062753 
2.102190 -0.719065 0.275290 -0.303740 -0.221665 -0.098398 -0.234452 0.192626 -0.337872 -0.125870 -0.189354 -0.129916 0.120988 0.341673 -0.131995 
2.100705 -0.677964 0.220778 -0.370319 -0.145661 -0.153478 -0.195187 0.170490 -0.327177 -0.042928 -0.297651 -0.049575 0.102961 0.324371 -0.077681 
2.107806 -0.619396 0.210052 -0.397270 -0.106385 -0.171769 -0.227274 0.160859 -0.325453 0.013028 -0.299117 -0.051157 0.088819 0.292243 -0.046729 
2.140475 -0.619709 0.253755 -0.375054 -0.086699 -0.196188 -0.285032 0.174150 -0.320640 0.036202 -0.266601 -0.027405 0.030283 0.288468 -0.059025 
2.159579 -0.668047 0.282000 -0.365156 -0.126819 -0.158275 -0.311867 0.170463 -0.347021 0.094787 -0.257761 -0.081113 0.144732 0.225935 -0.074419 
2.118804 -0.653356 0.282147 -0.394114 -0.154277 -0.121718 -0.298100 0.165449 -0.287666 0.054885 -0.243793 -0.104271 0.151442 0.212436 -0.073711 
2.252019 -0.731796 0.277364 -0.292955 -0.173856 -0.112195 -0.304989 0.129526 -0.321437 0.115982 -0.254441 -0.044321 0.194617 0.138243 -0.084375 
2.237427 -0.783405 0.326053 -0.349025 -0.152563 -0.069354 -0.356808 0.136159 -0.292680 0.063406 -0.202556 -0.045406 0.174748 0.155252 -0.078684 
2.280751 -0.728651 0.255668 -0.327429 -0.151609 -0.088395 -0.309683 0.110095 -0.248985 0.062599 -0.257998 0.013319 0.150030 0.119664 -0.048365 
2.094844 -0.567445 0.237591 -0.404322 -0.055271 -0.118705 -0.316637 0.069848 -0.175406 -0.000002 -0.246179 -0.011816 0.104411 0.154535 -0.004072 
2.084829 -0.470265 0.283627 -0.453994 -0.103765 -0.165659 -0.292728 0.148207 -0.184589 0.055261 -0.281663 -0.035629 0.032457 0.162629 0.002833 
2.125060 -0.345032 0.484691 -0.472646 -0.356625 -0.080347 -0.268002 0.185842 -0.151647 0.041759 -0.277161 -0.099988 -0.108486 0.162424 -0.115568 
2.017922 0.140537 0.303949 -0.575854 -0.546025 0.169684 -0.173559 0.100275 -0.144679 0.024060 -0.108042 -0.195409 0.016075 0.135464 -0.111452 
2.101231 -0.137100 0.220984 -0.492141 -0.555708 0.299086 -0.234958 0.183036 -0.112758 0.047273 -0.005414 -0.262075 -0.002059 0.140690 -0.148031 
2.071939 0.041464 0.236672 -0.461700 -0.486595 0.253471 -0.140568 0.113854 -0.126707 -0.031467 -0.074490 -0.241319 -0.022148 0.166695 -0.144312 
2.128618 0.197262 0.346774 -0.467572 -0.545545 0.325142 -0.221701 0.170879 -0.167217 -0.083467 -0.072190 -0.244974 -0.024558 0.138899 -0.088623 
2.311989 -0.300661 0.333002 -0.397440 -0.310421 0.324490 -0.201362 0.097825 -0.166760 -0.043926 -0.108909 -0.186240 -0.113172 0.232222 -0.152579 
2.114616 -0.482760 0.341262 -0.580554 -0.189931 0.213253 -0.224383 0.112225 -0.257200 0.065426 -0.117869 -0.005257 -0.009311 0.157178 -0.038759 
1.915300 -0.667111 0.309029 -0.554039 -0.178593 0.042735 -0.249843 0.055304 -0.246824 0.019594 0.028001 0.075403 0.027494 0.176803 -0.023251 
1.848225 -1.044181 0.359500 -0.489806 -0.230413 -0.146374 -0.200025 0.097180 -0.215122 -0.020777 0.033745 0.112875 0.149763 0.191450 -0.107890 
1.587821 -1.033095 0.302733 -0.569897 -0.158278 -0.183449 -0.205645 0.038354 -0.106387 0.059298 0.148979 0.218948 0.003409 0.078579 -0.009260 
1.585658 -1.051264 0.469162 -0.588322 -0.202251 -0.286805 -0.085048 0.002093 -0.151868 0.226190 0.103807 0.167476 -0.052572 0.154384 -0.025763 
1.509830 -1.012671 0.339995 -0.627404 -0.154156 -0.105372 -0.123479 -0.079306 -0.130049 0.163898 0.260527 0.172839 -0.142991 0.096786 -0.032030 
1.580649 -0.958046 0.304501 -0.514162 -0.082433 -0.129091 -0.207963 -0.126197 -0.118055 0.252489 0.314005 0.122416 -0.234420 0.117309 0.075297 
1.578202 -0.907684 0.335857 -0.440147 -0.054495 -0.175845 -0.287772 -0.115292 -0.096734 0.288569 0.296880 0.018432 -0.173952 0.217060 0.062139 
1.554254 -0.844828 0.490826 -0.350065 -0.049768 -0.227970 -0.371601 -0.096108 -0.104038 0.308565 0.084993 0.006823 0.027240 0.194085 0.066852 
1.474218 -0.556603 0.624992 -0.348921 0.115493 -0.210002 -0.446204 -0.115351 -0.217274 0.439475 -0.247779 0.000416 0.125705 0.175938 0.005841 
0.969717 -0.275784 0.462276 -0.192047 0.353962 -0.205474 -0.184962 -0.098385 -0.191466 0.105195 -0.213407 -0.007815 0.004516 0.041941 -0.098223 
0.025100 0.300038 0.644494 -0.091610 0.537252 -0.342016 -0.003324 -0.078203 -0.008492 -0.083478 -0.099427 -0.069687 -0.022955 0.020369 -0.113206 
-0.551038 0.326699 0.367125 -0.374670 0.652493 -0.481914 0.204942 -0.111154 -0.066579 0.002721 0.075057 -0.096653 -0.021028 0.102979 -0.130137 
-0.844038 0.307028 0.320661 -0.631183 0.524362 -0.361947 0.294179 -0.013785 0.032001 -0.064619 0.028128 0.000489 -0.025302 0.034642 -0.029917 
-0.932470 0.047215 0.284195 -0.650437 0.301042 -0.320917 0.028309 -0.085089 0.069461 0.059880 0.024773 -0.012787 0.016749 -0.007517 0.033109 
-1.060326 0.081993 0.687970 -0.825418 0.465833 -0.194038 -0.079307 -0.045997 0.048079 -0.011911 -0.001148 0.017708 -0.007850 0.001617 0.014303 
-1.187816 -0.412640 0.530044 -0.750325 0.253136 -0.387692 0.119625 0.003832 0.099814 0.160532 -0.232197 0.171361 -0.074897 -0.056235 0.039453 
-1.085551 -0.417518 0.542355 -0.788473 0.471649 -0.350112 0.093892 0.145001 -0.078107 0.071829 -0.152337 0.153164 -0.069439 -0.055934 0.090734 
-1.127527 -0.557327 0.696997 -0.907689 0.425743 -0.305460 -0.019676 0.255609 -0.154246 0.140785 -0.130195 0.122660 -0.116486 0.028195 0.045818 
-1.038881 -0.679607 0.605521 -0.800253 0.443284 -0.136254 0.080778 0.018761 -0.151857 0.249525 -0.227942 0.062478 0.093312 -0.101685 0.014870 
-0.810234 -0.682256 0.715487 -0.747026 0.172162 -0.173908 0.059235 0.136020 -0.161826 0.266792 -0.205020 0.014665 0.085947 -0.066481 -0.047246 
-0.036858 -0.249426 1.121494 -0.326426 0.204541 -0.248235 -0.116703 0.050561 -0.255659 0.084046 -0.125966 -0.055547 0.089987 -0.036648 -0.070287 
0.493893 -0.542119 1.307615 -0.133517 0.098504 -0.239886 -0.228777 0.209850 -0.484912 0.076717 -0.288962 0.069924 -0.005330 -0.183508 0.066663 
0.630851 -0.546541 1.317415 -0.044897 -0.082969 -0.200716 -0.103893 -0.016520 -0.319566 -0.048244 -0.274553 0.168621 -0.197311 -0.024492 0.010112 
0.722220 -0.654665 1.401679 -0.095882 -0.135022 -0.087499 -0.256226 0.090399 -0.356478 -0.120502 -0.162005 0.082695 -0.167269 -0.016356 -0.028058 
0.926980 -0.864850 1.553772 -0.041963 -0.305377 0.097848 -0.341328 0.138373 -0.386396 -0.087510 -0.159208 0.077742 -0.177235 -0.043157 0.069579 
0.960328 -0.902078 1.601279 0.036816 -0.372399 0.113644 -0.308115 0.124583 -0.363847 -0.077261 -0.131397 0.080967 -0.205279 -0.004500 0.082866 
0.855748 -0.806609 1.537599 0.068868 -0.394780 0.164124 -0.273953 0.067799 -0.291540 -0.150065 -0.064999 0.034786 -0.235858 0.035065 0.037277 
1.090186 -0.900430 1.713320 0.003973 -0.448432 0.246680 -0.337061 0.144075 -0.377689 -0.072100 -0.100320 0.056296 -0.254673 0.044933 0.050597 
0.844565 -0.561919 1.472279 0.127492 -0.439614 0.247442 -0.254090 0.027802 -0.242313 -0.215457 -0.006102 -0.026593 -0.271851 0.061985 0.008460 
0.941755 -0.581686 1.587339 0.042103 -0.347661 0.217110 -0.303686 0.142477 -0.391743 -0.090097 -0.091486 0.014548 -0.315580 0.087285 0.026887 
0.849205 -0.431416 1.477715 0.048869 -0.392506 0.267472 -0.271622 0.069445 -0.336106 -0.130471 -0.044815 -0.067835 -0.271445 0.103132 -0.035999 
0.750640 -0.322838 1.409475 0.042421 -0.413145 0.292416 -0.316773 0.048862 -0.312271 -0.204000 -0.009431 -0.108810 -0.262531 0.103038 -0.052776 
0.590061 -0.226145 1.361987 0.085604 -0.432597 0.345413 -0.386195 0.078538 -0.322058 -0.227363 0.010191 -0.151894 -0.236677 0.082417 -0.044580 
0.136998 -0.127717 1.355797 -0.023132 -0.208064 0.207425 -0.324569 0.113887 -0.425872 -0.143008 -0.033104 -0.175101 -0.247220 0.079377 -0.034664 
0.306179 0.165275 1.344150 -0.039725 -0.194187 0.157897 -0.231064 0.067088 -0.359311 -0.103960 -0.061411 -0.127870 -0.208518 0.048518 -0.030245 
0.433672 0.179106 0.483610 0.374195 -0.117077 0.068717 -0.166998 -0.074146 -0.311876 -0.122487 -0.077988 -0.151919 -0.186991 0.030539 -0.062993 
-0.043471 -0.097160 0.235037 0.191556 -0.199452 0.020708 -0.250936 -0.124682 -0.228179 0.052220 0.041559 -0.066581 -0.049674 0.119191 0.027739 
