city021_023
NUMABUKURO
77
-0.053879 0.078310 -0.217286 -0.017766 -0.368173 -0.001285 -0.176754 -0.065232 -0.039907 0.187469 0.044560 -0.015758 0.087398 0.031476 -0.115935 
0.078312 0.196972 -0.034111 -0.062744 -0.350068 0.151616 -0.005213 -0.045222 -0.036479 0.142102 -0.131587 0.041000 0.053177 -0.047233 -0.016503 
0.750751 0.375917 0.793178 0.172934 -0.304884 0.326526 -0.003184 -0.121169 -0.073609 0.033679 -0.186610 -0.036272 -0.061161 -0.001136 -0.141251 
1.003873 0.082157 1.078968 0.170857 -0.570796 0.445269 -0.147752 -0.154667 -0.126008 0.010770 -0.158493 -0.134745 0.024435 -0.041036 -0.127238 
1.277688 0.152693 0.920982 0.340157 -0.577882 0.498702 -0.164078 -0.185931 -0.096289 -0.085522 -0.156099 -0.142695 -0.059707 -0.037234 -0.124383 
1.157868 0.025746 1.042456 0.002029 -0.437052 0.307756 0.056679 -0.178410 -0.194109 0.050553 -0.318437 -0.054271 -0.151328 0.015451 -0.133339 
1.301562 -0.126612 1.033153 0.140304 -0.308984 0.265535 -0.087730 -0.130206 -0.281659 0.094540 -0.323275 -0.044474 -0.143142 0.009739 -0.134107 
1.704373 -0.442024 0.700554 0.340638 -0.123180 0.018889 -0.257507 -0.025460 -0.235253 0.180754 -0.343668 -0.044671 0.003909 0.046337 -0.091757 
1.701471 -0.550706 0.818957 0.253462 -0.073121 -0.068651 -0.382636 0.089977 -0.328769 0.231852 -0.297011 -0.058536 0.057052 0.122580 -0.133675 
1.687038 -0.604692 0.748766 0.137317 -0.046429 -0.112134 -0.400878 0.130188 -0.363979 0.217099 -0.188524 -0.136028 0.096999 0.142402 -0.116120 
1.732183 -0.698340 0.822296 0.076095 -0.006330 -0.080308 -0.487429 0.099041 -0.339571 0.301070 -0.206937 -0.135183 0.114385 0.178813 -0.077518 
1.682640 -0.612403 0.723957 0.064924 -0.007363 -0.036556 -0.456991 0.052930 -0.343998 0.262975 -0.129133 -0.204686 0.085529 0.197057 -0.083511 
1.694945 -0.556847 0.697938 0.100285 -0.246643 0.301010 -0.333434 -0.061588 -0.328036 0.082887 -0.016318 -0.201660 -0.023518 0.139948 -0.149951 
1.359488 -0.510548 0.966453 0.210566 -0.332717 0.408478 -0.135104 -0.162988 -0.349486 0.057776 -0.265605 -0.086703 -0.175676 -0.004232 -0.090796 
1.402613 -0.542347 1.037069 0.177181 -0.367044 0.428113 -0.173501 -0.183992 -0.325151 0.044635 -0.258053 -0.092534 -0.178313 0.030689 -0.112658 
1.439053 -0.531462 1.014159 0.087643 -0.398313 0.478598 -0.142488 -0.182920 -0.341939 0.010501 -0.251128 -0.063633 -0.175578 0.028972 -0.106224 
1.487822 -0.548486 0.929479 0.033459 -0.426973 0.487776 -0.061493 -0.138378 -0.395882 -0.049025 -0.232131 -0.065729 -0.150326 0.053760 -0.122545 
1.615095 -0.617774 0.951229 -0.033411 -0.465359 0.525826 -0.030075 -0.126821 -0.446443 -0.000523 -0.290028 -0.010797 -0.141178 0.065829 -0.070165 
1.867856 -0.626500 0.744301 -0.288775 -0.390195 0.397094 -0.079563 0.014991 -0.478378 -0.004100 -0.205221 -0.032196 0.019459 0.127326 -0.062879 
1.723942 -0.896085 0.348793 -0.630983 -0.154155 0.019159 -0.110856 -0.000433 -0.344906 0.125188 0.137185 0.100733 -0.014952 0.212934 -0.116127 
1.791496 -0.832025 0.303992 -0.739339 -0.145410 -0.037786 -0.073608 0.044015 -0.299991 0.222220 0.165830 0.116608 -0.083693 0.145796 -0.089720 
1.755330 -0.863577 0.282445 -0.748940 -0.137552 0.015832 -0.041498 0.020386 -0.272011 0.176143 0.206301 0.109472 -0.099833 0.116516 -0.105507 
1.728724 -0.933096 0.267620 -0.758267 -0.104204 -0.007080 -0.025808 0.072660 -0.304132 0.140131 0.237073 0.101333 -0.094487 0.091189 -0.090695 
1.708615 -0.932192 0.233325 -0.780077 -0.094139 -0.025010 -0.003687 0.065854 -0.298476 0.166472 0.241317 0.116789 -0.117078 0.070594 -0.088427 
1.777652 -0.953038 0.235348 -0.731665 -0.154171 -0.035853 -0.016482 0.063475 -0.295609 0.150654 0.215229 0.126537 -0.097337 0.134157 -0.088183 
1.784543 -0.983156 0.306459 -0.671494 -0.187103 -0.057287 -0.062203 0.073000 -0.386683 0.143859 0.142674 0.133807 0.003433 0.207788 -0.079136 
1.850633 -0.975672 0.324661 -0.501527 -0.233232 0.047104 -0.159950 0.087888 -0.478448 0.059242 0.014483 0.084126 0.127766 0.268437 -0.084926 
1.780027 -0.550187 0.355864 -0.044173 -0.276185 0.355628 -0.040437 0.133703 -0.418486 -0.153676 -0.078165 -0.145836 0.031434 0.233495 -0.137375 
1.809079 -0.566224 0.272689 0.005671 -0.202792 0.429677 -0.177807 0.139113 -0.403411 -0.212177 -0.045365 -0.215247 0.100394 0.200796 -0.215851 
1.905576 -0.450555 0.130050 -0.131830 -0.213487 0.474637 -0.224974 0.014014 -0.299076 -0.121361 -0.023206 -0.210955 0.076744 0.210171 -0.181662 
1.831929 -0.304892 0.130862 -0.265643 -0.222815 0.454544 -0.247376 -0.031468 -0.358309 -0.095641 -0.055082 -0.146156 0.116704 0.136831 -0.141157 
1.785399 -0.445013 0.281407 -0.266023 -0.132888 0.407141 -0.291301 -0.064527 -0.455093 -0.039336 -0.006056 -0.116422 0.083805 0.091924 -0.166977 
1.994817 -0.470121 0.550375 -0.431262 -0.064628 0.421101 -0.305534 -0.064134 -0.568904 0.069919 0.014547 -0.048971 0.022750 0.069788 -0.215701 
1.763369 -0.553005 0.529954 -0.409399 0.022320 0.326116 -0.344676 -0.214676 -0.579215 0.084804 0.035324 -0.030604 -0.034515 0.060319 -0.215137 
1.843340 -0.649755 0.545291 -0.476765 0.001648 0.260770 -0.351034 -0.162456 -0.559312 0.134352 -0.037190 0.008166 0.022532 0.077866 -0.152195 
1.995884 -0.581750 0.462599 -0.339441 -0.032075 0.126736 -0.296366 -0.141782 -0.541757 0.199808 -0.168352 0.017476 0.040015 0.041868 0.002668 
1.796456 -0.619099 0.481136 -0.339565 -0.007881 0.113050 -0.283282 -0.160333 -0.523491 0.125845 -0.096759 0.000010 0.035233 0.065019 -0.045260 
1.850480 -0.585925 0.538934 -0.301048 -0.041669 0.214171 -0.292830 -0.152743 -0.575315 0.125147 -0.030315 0.012479 -0.074127 0.108135 -0.108810 
1.788969 -0.482693 0.505891 -0.298033 -0.020632 0.165729 -0.246384 -0.053821 -0.615566 0.138583 -0.115141 -0.002870 -0.071916 0.130749 -0.088880 
1.631783 -0.026886 0.396910 -0.237002 -0.084665 0.242286 -0.098507 -0.048615 -0.573109 0.083821 -0.107737 -0.006837 -0.091701 0.154180 -0.120243 
1.251796 0.329253 0.184087 0.002724 -0.118600 0.202525 -0.020931 -0.013609 -0.413430 0.011944 -0.102178 -0.036607 -0.082823 0.067910 -0.037035 
0.907996 0.314876 0.102114 0.209873 -0.115197 0.384060 -0.114881 -0.104083 -0.248741 -0.130954 -0.058301 -0.025555 -0.103184 -0.025386 -0.080416 
0.736804 0.352134 0.155227 0.125413 -0.132165 0.217042 -0.055487 -0.059080 -0.284134 0.001709 -0.022442 -0.091492 -0.026893 0.048579 -0.118172 
0.448021 0.147305 0.023191 0.134718 -0.090803 0.168624 -0.176967 -0.114633 -0.176540 0.036010 -0.067309 0.024034 -0.034620 0.008199 -0.049265 
0.559092 0.144728 0.042659 0.238523 -0.286072 0.153338 0.024254 -0.118975 -0.185353 -0.088129 -0.035749 0.022414 -0.052676 0.063537 -0.110684 
0.469215 0.152881 -0.101739 0.053180 -0.139176 0.238499 -0.151687 -0.216085 -0.307562 0.074560 -0.020196 0.027866 0.031221 -0.054789 -0.062061 
0.328991 0.235664 -0.109229 0.057549 -0.272645 0.075355 -0.139359 -0.163162 -0.262819 0.008985 0.061715 0.007296 0.018918 0.086933 -0.059658 
0.683363 -0.365607 -0.508795 -0.087636 0.057863 0.159699 -0.135785 0.040038 -0.058451 0.080643 -0.058332 -0.016824 0.028386 0.079745 -0.119494 
1.236725 -1.204112 -0.331905 -0.541834 0.273903 0.135379 -0.064551 0.213439 -0.282221 0.220595 -0.231876 0.154071 -0.052622 0.067413 -0.007995 
1.133866 -0.886712 -0.219121 -0.299483 0.261227 0.107705 -0.291844 0.026271 -0.303720 0.311631 -0.132414 0.168395 0.042406 -0.113568 -0.075609 
1.046322 -0.449955 0.197354 0.126252 0.409465 0.282870 -0.157850 0.078618 -0.266087 0.299888 0.000693 0.089027 -0.141743 -0.024013 0.023892 
1.277903 -0.414413 0.245100 0.090505 0.220525 0.152905 -0.381815 -0.051420 -0.459861 0.158224 0.022392 -0.109983 -0.177896 -0.012255 0.055471 
1.597431 -0.454130 0.449741 0.009443 0.103898 0.239660 -0.323596 -0.098684 -0.541786 0.154803 0.039580 -0.145336 -0.242342 0.110964 -0.020425 
1.698200 -0.453497 0.531568 -0.071488 0.054552 0.258324 -0.321424 -0.075521 -0.575923 0.132758 0.006937 -0.130180 -0.182265 0.087730 -0.059037 
1.698677 -0.536715 0.609925 -0.172361 0.051455 0.241989 -0.364871 -0.098221 -0.588375 0.133373 0.060946 -0.118740 -0.208800 0.163723 -0.083132 
1.693161 -0.645303 0.712159 -0.315968 0.055784 0.252288 -0.423241 -0.095511 -0.557180 0.171054 0.080427 -0.141311 -0.136329 0.186454 -0.127301 
1.703117 -0.654191 0.724533 -0.228488 -0.060629 0.357304 -0.503155 -0.098144 -0.535942 0.085740 0.153063 -0.134464 -0.201692 0.230647 -0.113382 
1.870092 -0.764666 0.650608 0.046953 -0.509630 0.590607 -0.383865 -0.360078 -0.266992 -0.152877 0.120779 -0.016989 -0.226114 0.202699 -0.096430 
2.096436 -0.770938 0.158870 0.535766 -0.544518 0.215389 -0.050044 -0.218447 -0.572701 -0.138335 0.192826 -0.088783 -0.137824 0.138519 -0.151557 
2.095519 -0.701130 0.051207 0.467060 -0.440405 0.148784 -0.009641 -0.232288 -0.552606 -0.140868 0.034341 0.020405 -0.037229 0.044941 -0.193327 
2.090882 -0.664277 0.357622 0.147181 -0.677037 0.376043 -0.017719 -0.391265 -0.442121 -0.076930 -0.027727 0.054588 0.026265 0.160591 -0.159806 
1.936534 -0.564880 0.529430 -0.302660 -0.521100 0.335233 -0.129487 -0.216134 -0.464682 -0.071277 -0.070263 0.200174 -0.032476 0.238924 0.005291 
2.064986 -0.463359 0.502744 -0.381116 -0.708672 0.539229 -0.269649 -0.130934 -0.251810 -0.315739 0.170019 0.201704 -0.085692 0.423972 -0.037859 
1.990079 -0.386735 0.434885 -0.476296 -0.656709 0.437506 -0.318227 -0.010098 -0.268360 -0.318981 0.254602 0.148207 -0.048643 0.452226 -0.049899 
2.030789 -0.395124 0.368313 -0.547436 -0.536553 0.335209 -0.266985 0.137089 -0.380778 -0.220336 0.216519 0.130693 -0.011311 0.406628 -0.052617 
1.921306 -0.205384 0.268418 -0.548603 -0.494154 0.190781 -0.165409 0.133297 -0.341997 -0.081190 0.093512 0.172398 -0.029953 0.329818 0.016126 
1.845629 -0.161257 0.284828 -0.676877 -0.492644 0.095294 -0.180384 0.247019 -0.432558 0.005543 0.007644 0.142885 0.004849 0.363442 0.061715 
1.765524 -0.003119 0.123267 -0.627100 -0.624934 0.069741 -0.089596 0.181208 -0.379766 -0.027812 0.022051 0.139652 0.057708 0.394037 0.156588 
1.774678 0.018731 0.102892 -0.604424 -0.661606 0.029525 -0.104187 0.219231 -0.300954 -0.083924 0.063526 0.055113 0.032327 0.357778 0.174668 
1.826707 -0.130890 0.160743 -0.610718 -0.657855 0.031945 -0.186982 0.271402 -0.236033 -0.010099 0.019502 0.085840 -0.047176 0.283069 0.120362 
1.154013 0.077452 -0.075860 -0.564259 -0.682775 -0.021405 -0.024498 0.179676 -0.307283 -0.066532 0.147058 -0.048011 0.136241 0.449557 0.010561 
1.678419 -0.074891 -0.043117 -0.457385 -0.568150 -0.022858 -0.109542 0.223806 -0.191171 -0.051673 0.046905 0.019352 -0.039321 0.260575 0.041078 
1.453832 -0.141067 0.102093 -0.657193 -0.639490 -0.049030 -0.095444 0.297991 -0.346004 -0.008665 0.031250 0.049041 0.031672 0.392348 0.119608 
0.904917 -0.215147 0.113588 -0.757323 -0.446112 0.130131 0.049628 0.365595 -0.367484 0.096602 -0.086646 -0.064772 0.038228 0.288753 -0.011085 
0.609643 0.217520 -0.145735 -0.196757 -0.272551 0.254403 0.137217 0.180607 -0.197052 0.046976 -0.084174 -0.042469 0.015656 0.118716 -0.008844 
1.718341 0.150136 -0.213002 -0.453235 -0.614049 0.004163 -0.031171 0.132421 -0.227305 -0.051903 0.070220 0.030607 0.018101 0.341108 0.041263 
0.957329 0.364542 -0.261191 -0.495791 -0.693195 0.006968 0.010430 0.037339 -0.216237 -0.047493 -0.036521 0.082383 0.202640 0.322475 0.111203 
