city021_068
KYAKUSHA
60
-0.488795 -0.233872 0.510495 -0.357912 0.362735 0.127953 -0.370786 0.150401 -0.079930 0.078795 -0.054991 0.092800 -0.198532 0.187575 -0.055640 
-0.363181 -0.698480 0.745026 -0.799710 0.179575 0.100059 -0.217928 0.254832 -0.209346 0.073050 0.016364 0.046698 -0.120706 0.117478 -0.062846 
0.379069 -0.562829 0.768162 -0.686661 -0.128655 -0.001388 -0.285541 0.132717 -0.165923 0.157796 -0.071389 0.218907 -0.113231 0.051577 0.080008 
0.645302 -0.588895 0.729223 -0.253116 -0.055619 0.048720 -0.288657 -0.013815 -0.193597 0.061163 -0.193706 0.211114 -0.073571 -0.049357 0.085790 
1.067744 -0.355873 0.602558 0.112329 0.120140 0.157381 -0.063818 -0.084746 -0.233332 0.192993 -0.150773 -0.037055 -0.040764 -0.041480 -0.048562 
1.690884 -1.137909 0.714694 -0.423242 -0.145758 -0.105350 -0.484554 0.190169 -0.343010 0.259894 -0.079339 0.076601 0.132556 0.115663 -0.060274 
1.626195 -0.930518 0.389093 -0.270898 -0.165738 -0.256608 -0.427897 0.060081 -0.068886 0.277251 -0.039193 0.034836 0.141721 0.195634 -0.140150 
1.571571 -1.071912 0.197509 -0.389348 0.042241 -0.252838 -0.466847 0.124345 0.039765 0.217339 0.029922 0.095938 -0.008353 0.103408 -0.032412 
1.480860 -1.141287 0.160036 -0.515039 0.077009 -0.187499 -0.430570 0.175854 0.029474 0.244266 0.071454 0.092316 -0.092572 0.000545 0.021581 
1.496744 -1.264373 0.211861 -0.636450 0.088518 -0.143580 -0.420684 0.181973 -0.037983 0.311594 0.068557 0.109632 -0.076875 -0.068715 0.034432 
1.477131 -1.096856 0.141533 -0.604376 0.123973 -0.157653 -0.416258 0.144980 -0.084026 0.307653 0.103678 0.119432 -0.079802 -0.064833 0.067254 
1.688149 -0.914884 0.097279 -0.538196 0.208811 -0.148537 -0.433303 0.113084 -0.229187 0.347495 0.022724 0.153054 -0.092767 0.019646 0.092702 
1.869296 -0.546743 -0.189002 -0.230246 0.372790 -0.322809 -0.250862 0.107356 -0.456726 0.358899 0.009943 0.186061 -0.202221 0.005628 0.128382 
1.536593 -0.062975 -0.366185 0.143179 0.426639 -0.057553 -0.176151 -0.083416 -0.485703 0.168836 -0.069996 0.153326 -0.224345 -0.074593 -0.014079 
1.100765 0.179711 -0.047311 0.533314 0.099874 0.132082 -0.170902 0.042138 -0.217222 -0.065484 0.017505 -0.117948 -0.115290 -0.014959 -0.032392 
0.771497 0.062434 -0.058867 0.192125 -0.209086 -0.013310 -0.198312 -0.041809 -0.032033 0.005862 -0.065793 0.045238 0.013712 0.047686 -0.057673 
0.875590 0.012558 -0.383768 0.061504 -0.057894 0.116119 -0.212157 -0.061138 0.016478 0.164904 0.029598 -0.096227 -0.042800 0.103962 -0.040142 
0.520191 -0.286956 -0.471426 -0.009629 -0.229951 0.038550 -0.289319 -0.019627 0.008211 0.155880 0.026327 0.058324 0.081813 -0.066971 -0.031768 
0.391307 -0.128124 -0.126779 0.089227 -0.331147 -0.036550 -0.160407 0.114102 -0.062241 0.028981 -0.044139 0.083132 0.086304 -0.103177 0.018980 
0.633739 -0.026165 0.049942 0.218889 0.051493 0.168640 0.062144 0.187206 -0.063603 0.101550 -0.041394 0.083739 0.008887 0.052870 -0.041041 
1.087984 -1.291232 -0.225051 -0.490557 0.264782 0.041760 -0.258767 0.166795 -0.117420 0.275482 -0.208196 0.206111 -0.085251 -0.069373 -0.041327 
0.883527 -1.115557 0.104559 -0.276695 0.188491 -0.217762 -0.138363 0.312440 -0.178555 0.155088 -0.240044 0.218446 0.009542 -0.110431 0.025731 
0.231444 -0.773055 0.661722 0.032131 0.278180 -0.373124 -0.110342 0.158142 -0.310312 0.154888 -0.105376 -0.024151 0.057351 -0.059090 -0.002864 
0.006193 -0.735456 0.616746 -0.365367 0.294794 -0.302954 -0.000460 0.294919 -0.296223 0.135499 -0.041222 0.003394 0.053048 -0.057291 -0.002696 
-0.259729 -0.799783 0.801290 -0.523312 -0.022855 -0.381154 -0.087186 0.397956 -0.151078 0.025613 0.104068 0.010587 0.003440 -0.079522 -0.045070 
-0.526084 -0.665868 0.854761 -0.730715 0.452664 -0.205762 -0.098527 0.389135 -0.129192 -0.122098 0.044450 0.074551 -0.042404 -0.032288 0.016015 
-1.176675 -0.583681 1.020361 -0.853839 0.353161 -0.354406 -0.249211 0.321335 -0.075692 0.004864 0.009329 0.031122 0.088552 -0.082267 -0.045936 
-1.023973 -0.452064 0.929655 -0.823858 0.704576 -0.104301 -0.163494 0.318552 -0.226686 0.080920 0.034323 -0.065061 0.098845 -0.074962 0.012537 
-1.482467 -0.563917 0.888040 -0.907033 0.461585 -0.214594 -0.159806 0.295962 -0.135750 0.035776 0.011535 -0.054793 0.082078 -0.051950 -0.032145 
-1.448618 -0.755007 0.831429 -0.855682 0.555381 -0.102268 -0.121158 0.107265 -0.060309 0.059147 -0.040848 -0.008043 0.022613 0.036938 -0.110324 
-1.412442 -0.763975 0.839923 -1.010077 0.487593 -0.138752 -0.064876 0.265863 -0.185982 0.036611 0.015957 -0.020788 -0.029976 0.081906 -0.075571 
-1.229592 -0.755431 0.612906 -0.900480 0.641294 -0.126802 0.015417 0.204802 -0.325614 0.042990 0.114594 -0.011904 -0.049572 0.081162 -0.119436 
-1.015978 -0.574040 0.738975 -1.035741 0.392935 -0.090324 -0.003346 0.218695 -0.110885 -0.003274 -0.031621 0.033858 -0.067539 0.077913 -0.037640 
-0.976367 -0.461655 0.846724 -1.058693 0.354316 -0.196063 0.078441 0.207719 -0.213842 0.147632 -0.027202 -0.067094 -0.009400 0.085214 -0.096264 
-0.936855 -0.541899 0.887649 -0.878896 0.448638 -0.292643 -0.058189 0.248192 -0.172282 0.107022 -0.034366 -0.039028 0.090231 -0.060021 -0.028714 
-1.020870 -0.589643 0.880284 -0.779326 0.356537 -0.349663 -0.089788 0.182314 -0.099091 0.126403 -0.085124 0.049865 0.029272 -0.035027 -0.006904 
-0.734027 -0.683298 0.962846 -0.796544 0.342041 -0.289268 -0.051718 0.205713 -0.175210 0.169820 -0.116818 0.042340 0.062063 -0.077443 -0.009929 
0.476876 -0.524679 1.043472 -0.326409 0.195105 -0.272818 -0.332354 0.135869 -0.282263 0.136814 -0.202049 -0.037235 0.190265 -0.028562 -0.125000 
1.322347 -0.954103 1.082331 -0.111159 -0.104765 -0.105464 -0.504227 0.114595 -0.235142 -0.046107 -0.229864 0.050912 0.141236 0.007012 -0.147534 
1.297984 -1.076784 0.967429 -0.316143 -0.022938 -0.217796 -0.385642 0.025336 -0.272722 -0.012540 -0.168077 0.147870 0.086063 0.060783 -0.074004 
1.226754 -1.063144 0.834044 -0.233363 -0.035514 -0.266460 -0.392989 -0.090613 -0.123616 -0.008009 -0.033908 0.056660 0.103385 0.148518 -0.058169 
1.311179 -0.991592 0.775319 -0.145337 -0.070598 -0.355127 -0.376196 -0.076666 0.079221 -0.092003 0.081899 -0.025039 0.129918 0.248401 -0.165801 
1.325467 -1.069344 0.745697 -0.181649 -0.183971 -0.282855 -0.376665 -0.040930 0.176366 0.007983 0.104796 -0.046317 0.122794 0.275376 -0.248077 
1.362825 -1.103896 0.604119 -0.234275 -0.192315 -0.292212 -0.347922 -0.089244 0.198982 0.140572 0.110145 -0.068172 0.117145 0.259774 -0.184575 
1.408522 -0.991427 0.548728 -0.333750 -0.084756 -0.349053 -0.296810 -0.087078 0.162709 0.261018 0.095518 -0.046047 0.043389 0.232990 -0.083974 
1.467701 -0.869346 0.512753 -0.415095 -0.025517 -0.305109 -0.220672 -0.150563 0.099754 0.405091 0.113043 -0.069728 -0.003297 0.189133 -0.052235 
1.568920 -0.866700 0.347653 -0.436323 -0.067723 -0.188962 -0.235884 -0.176765 0.094133 0.426102 0.115638 -0.067398 -0.092874 0.209298 -0.041123 
1.594465 -0.982081 0.278906 -0.505390 -0.130301 -0.060624 -0.258249 -0.158244 0.049794 0.412500 0.135963 -0.058221 -0.123107 0.196452 -0.083669 
1.607814 -1.000965 0.211846 -0.552521 -0.157160 0.034007 -0.245042 -0.102675 -0.018421 0.380468 0.170782 -0.051454 -0.128492 0.127255 -0.115922 
1.638814 -1.003276 0.147032 -0.639163 -0.130021 0.038249 -0.190915 -0.080073 -0.069080 0.397524 0.181904 -0.021684 -0.160888 0.086510 -0.129936 
1.760935 -0.993921 0.062205 -0.604383 -0.198068 0.089946 -0.245741 -0.023471 -0.073104 0.415090 0.192705 -0.077644 -0.142103 0.104898 -0.162040 
1.717374 -1.026624 0.014331 -0.553009 -0.224683 0.154926 -0.298766 0.037002 -0.120161 0.439845 0.209815 -0.140862 -0.084009 0.034018 -0.154224 
1.682994 -1.038728 0.067986 -0.570803 -0.178445 0.174748 -0.293759 0.034353 -0.163152 0.490846 0.101673 -0.075978 -0.095025 0.018470 -0.145057 
1.593574 -0.915592 -0.008744 -0.538607 -0.152368 0.159732 -0.262595 0.003997 -0.180245 0.496209 0.106943 -0.080900 -0.096145 0.019289 -0.144058 
1.570729 -0.811966 -0.121559 -0.522211 -0.202946 0.130280 -0.235157 -0.027352 -0.149434 0.572505 0.105701 -0.105000 -0.084215 -0.018167 -0.159397 
1.513959 -0.734015 -0.284284 -0.438162 -0.235294 0.108979 -0.182364 -0.075610 -0.095206 0.573717 0.086319 -0.111370 -0.080271 -0.036792 -0.143572 
1.670234 -0.693680 -0.180494 -0.338582 -0.259559 0.070913 -0.140298 -0.086674 -0.022605 0.467937 0.004576 -0.068291 -0.097833 0.041461 -0.109699 
0.980790 -0.328886 -0.430804 -0.187856 -0.392225 0.122035 -0.141047 -0.130060 0.091527 0.445541 0.109361 -0.146151 -0.112189 -0.006441 -0.113865 
1.402359 -0.477830 -0.672981 -0.159283 -0.219589 0.161364 -0.050149 -0.053234 -0.065292 0.312350 0.048684 -0.146304 -0.088905 0.082699 -0.093301 
1.528754 -0.681487 -0.520446 0.024287 -0.318093 0.168325 0.002880 -0.043365 -0.138154 0.275990 0.021270 -0.089387 -0.009685 -0.010609 -0.028755 
