city021_017
CHIYODA
57
-0.140641 -0.825283 0.182592 -0.391479 0.101079 -0.097517 -0.092285 0.162905 -0.150929 0.238622 -0.136756 0.105966 -0.136749 0.063694 -0.005634 
-0.345829 -0.683948 0.240093 -0.495295 0.249886 -0.203534 -0.062114 0.147743 -0.179586 0.263779 -0.136909 0.106016 -0.129863 0.049023 0.030172 
-1.262854 -0.177148 0.530706 -0.659443 0.564978 -0.182886 -0.021263 0.166494 -0.228714 0.161122 -0.090742 0.094066 -0.100136 0.066015 -0.027202 
-1.316967 -0.175822 0.737411 -0.831728 0.491473 -0.246055 -0.078250 0.142694 -0.173853 0.188238 -0.099806 0.008277 0.024581 0.001001 -0.041065 
-1.298162 -0.296954 0.643934 -0.793369 0.501110 -0.233377 0.009713 0.175390 -0.194628 0.144061 -0.109327 0.061494 0.001322 -0.055003 0.040714 
-0.994459 -0.237575 0.788455 -0.952868 0.448377 -0.214092 0.052518 0.169635 -0.250321 0.230305 -0.142568 0.033226 0.030013 -0.042656 0.033912 
-0.851530 -0.125069 0.474666 -1.012397 0.499920 -0.093155 -0.031273 -0.006317 -0.176692 0.261778 -0.125573 0.026032 0.101378 -0.172038 0.099062 
-0.834070 -0.636186 0.611731 -0.619490 0.599016 -0.176049 0.121582 0.018766 -0.285871 0.234722 -0.029979 0.018797 -0.030399 -0.040172 0.051032 
-0.712144 -0.663900 0.602882 -0.693454 0.541503 -0.094123 0.055551 0.152779 -0.349420 0.207316 -0.073818 0.071982 0.009044 -0.074654 0.046336 
-0.387606 -0.640318 0.839621 -0.621686 0.156925 -0.288193 0.205989 0.202383 -0.272030 0.245649 -0.220270 0.135972 0.013299 -0.193580 0.166932 
0.075268 -0.301927 1.019203 -0.361819 0.142157 -0.169736 0.181343 0.295103 -0.280570 0.237678 -0.117645 0.146534 -0.039639 -0.102781 0.099222 
0.815064 -0.764204 1.409138 -0.101262 -0.130657 -0.021111 -0.240404 0.107956 -0.393335 -0.038786 -0.201219 0.078529 -0.139312 -0.092822 0.060241 
0.776465 -0.948270 1.662110 -0.025228 -0.236855 0.065146 -0.338597 0.154427 -0.409538 -0.107621 -0.177495 0.045374 -0.170786 -0.113398 0.105676 
0.849170 -1.058706 1.796879 -0.106149 -0.250748 0.147792 -0.415699 0.201544 -0.485656 -0.073778 -0.181174 0.003704 -0.193606 -0.071006 0.079970 
0.703848 -0.932989 1.776642 -0.086912 -0.252644 0.118679 -0.348458 0.131805 -0.446315 -0.110582 -0.137544 -0.028527 -0.235400 -0.012693 0.065288 
0.739226 -1.009997 1.834864 -0.176669 -0.229467 0.174684 -0.376673 0.160164 -0.500993 -0.053134 -0.162332 -0.041664 -0.219441 -0.030809 0.063691 
0.799033 -1.019311 1.837183 -0.151801 -0.272187 0.156721 -0.328919 0.129929 -0.492915 -0.027077 -0.151999 -0.063016 -0.188014 0.001682 0.012608 
0.880815 -1.028249 1.780903 -0.135524 -0.291668 0.066126 -0.258385 0.102905 -0.498276 -0.006719 -0.098927 -0.093985 -0.136879 0.031404 -0.009296 
0.861200 -0.980462 1.526779 -0.081168 -0.197558 -0.172304 -0.143411 0.074469 -0.435063 -0.021855 -0.026057 -0.083441 -0.058160 0.040678 -0.026085 
1.063505 -1.044788 1.318198 -0.090508 -0.151645 -0.295275 -0.175160 0.105008 -0.458380 0.000740 -0.025242 -0.050501 0.002567 0.064685 -0.059100 
1.207096 -0.998445 1.121255 -0.044421 -0.165885 -0.273258 -0.380418 0.048259 -0.252579 -0.049963 -0.028994 -0.076824 0.154807 0.166284 -0.186811 
1.391484 -0.924321 0.889246 -0.184932 -0.077049 -0.167117 -0.451784 -0.046300 -0.284009 0.124746 -0.038331 -0.106344 0.111713 0.233250 -0.071674 
1.691301 -0.978797 0.637826 -0.395376 0.116652 -0.022200 -0.486640 -0.115888 -0.460331 0.262425 -0.082534 -0.072530 0.024559 0.250591 -0.076247 
1.604161 -0.648038 0.548456 -0.432746 -0.048004 0.107636 -0.311822 -0.214550 -0.421924 0.136212 0.075045 -0.056575 0.051502 0.147252 -0.122272 
1.776976 -0.672019 0.482867 -0.641654 -0.044188 0.093111 -0.279224 -0.102620 -0.425475 0.130945 -0.032694 0.047127 0.063860 0.236125 -0.186202 
1.759923 -0.655827 0.469167 -0.698830 -0.090081 0.063977 -0.295218 -0.013721 -0.381956 0.069598 -0.094351 0.079633 0.118658 0.234418 -0.129264 
1.726872 -0.615666 0.401011 -0.728569 -0.106937 0.024252 -0.240895 -0.022941 -0.380400 0.038744 -0.109230 0.102904 0.180231 0.226565 -0.074104 
1.720654 -0.689699 0.404009 -0.687999 -0.144673 0.033607 -0.274472 0.013979 -0.360319 -0.015477 -0.148380 0.122437 0.221390 0.227471 -0.069944 
1.654534 -0.655005 0.486041 -0.673804 -0.159642 -0.018036 -0.296197 0.065521 -0.366756 0.004566 -0.159354 0.063821 0.207196 0.235235 -0.109677 
1.703643 -0.558887 0.530240 -0.621826 -0.174595 -0.052102 -0.367366 0.080301 -0.309222 0.034966 -0.183270 0.009545 0.185566 0.190460 -0.108493 
1.722516 -0.476886 0.549371 -0.647184 -0.119951 0.104844 -0.392522 -0.020086 -0.392014 0.109251 -0.191185 0.011199 0.160798 0.148002 -0.102573 
1.664375 -0.230182 0.540941 -0.636412 -0.044779 0.317274 -0.402204 -0.182375 -0.531386 0.141627 -0.112003 0.079274 0.123772 0.007393 -0.135043 
1.355983 0.133278 0.391698 -0.370186 0.049364 0.385907 -0.211989 -0.153628 -0.457822 0.143463 -0.130196 0.005377 0.021574 -0.039849 -0.201259 
1.249605 0.582833 0.202988 0.117024 -0.081853 0.443406 -0.022368 0.004756 -0.289541 -0.041238 -0.065844 -0.084717 -0.061883 0.028849 -0.143328 
1.044153 0.385800 0.174239 0.313248 -0.001265 0.327862 0.047167 0.031724 -0.260682 -0.150802 -0.063007 -0.042481 -0.145027 -0.022732 -0.110683 
1.094697 0.424964 0.165984 0.257795 0.079942 0.380159 -0.074818 -0.107280 -0.262988 0.066982 -0.074660 -0.133713 -0.048443 -0.075384 -0.148931 
0.988328 0.392023 0.114047 0.255045 0.083287 0.489234 -0.068314 -0.087098 -0.191463 -0.012223 0.017804 -0.115586 -0.038622 -0.030731 -0.215559 
0.902885 -0.377387 0.451881 -0.335576 -0.067378 0.028363 -0.112398 -0.082608 -0.154985 0.167617 -0.201837 0.152871 -0.047506 0.076129 -0.070177 
1.677720 -0.470532 0.475916 -0.437421 0.003311 0.169487 -0.537852 -0.232527 -0.242632 0.415166 -0.077803 0.040979 -0.028786 0.128381 0.022970 
1.628860 -0.863703 0.451083 -0.492077 -0.105958 0.091197 -0.510057 -0.154005 -0.178320 0.445975 0.056135 0.005916 -0.002413 0.177974 -0.017102 
1.562393 -1.085970 0.454305 -0.620467 -0.095978 0.076865 -0.435510 -0.067562 -0.198204 0.506249 0.067992 0.048370 -0.075855 0.131550 -0.022076 
1.418422 -1.062039 0.376844 -0.622184 -0.160175 0.048249 -0.347965 -0.107280 -0.153103 0.433712 0.187925 0.073661 -0.107481 0.120433 -0.075869 
1.432366 -1.138224 0.315007 -0.670987 -0.094066 0.029225 -0.322774 -0.062803 -0.172669 0.454724 0.149129 0.094203 -0.115204 0.068316 -0.076497 
1.514355 -1.092301 0.156514 -0.613715 -0.158674 0.084659 -0.264069 -0.039301 -0.143553 0.435272 0.175690 0.102266 -0.205758 -0.008753 -0.030360 
1.494999 -1.100684 0.089142 -0.659214 -0.141812 0.068783 -0.190980 0.030525 -0.154735 0.492901 0.112014 0.097249 -0.251392 -0.103778 0.017497 
1.614448 -1.118587 -0.017905 -0.534469 -0.230931 0.079554 -0.142237 0.018486 -0.092861 0.432056 0.163726 0.070873 -0.332757 -0.086087 0.026002 
1.497798 -1.157603 0.023358 -0.566826 -0.196727 0.021694 -0.086999 -0.026996 -0.112551 0.458991 0.160839 0.104945 -0.336834 -0.088278 0.016058 
1.573040 -1.133383 -0.009164 -0.556149 -0.222385 0.071619 -0.077556 -0.042035 -0.082531 0.428839 0.137168 0.086356 -0.333649 -0.050949 -0.004915 
1.714207 -1.255324 0.038233 -0.524722 -0.291733 0.196451 -0.195602 0.029481 -0.090177 0.377973 0.127973 0.057879 -0.285480 0.003286 -0.009011 
1.594622 -1.104491 0.034651 -0.525075 -0.272860 0.196247 -0.231078 0.047315 -0.085579 0.446249 0.107216 0.031160 -0.304897 -0.015006 0.022786 
1.378595 -1.064662 -0.101133 -0.494755 -0.342821 0.201957 -0.222630 0.043261 -0.111570 0.468453 0.243483 -0.000983 -0.343189 -0.032724 -0.006340 
1.513296 -1.133553 -0.025460 -0.421801 -0.351727 0.223596 -0.236952 0.119823 -0.149771 0.397263 0.127914 -0.027760 -0.212359 0.018354 -0.019612 
1.230153 -0.794560 -0.327205 -0.332979 -0.431463 0.238329 -0.238194 0.008787 -0.087203 0.447076 0.330966 -0.087514 -0.309174 -0.002524 -0.033894 
0.791575 -0.742761 -0.174181 -0.464353 -0.136374 0.091371 -0.087664 0.105126 -0.126964 0.436145 -0.016395 -0.145042 -0.147646 0.068841 -0.096996 
1.463402 -0.764060 -0.237047 -0.281569 -0.310260 0.140718 -0.222142 -0.006177 -0.013852 0.298340 0.164821 -0.050284 -0.207320 0.129425 -0.089054 
1.463952 -0.878571 -0.194160 -0.339629 -0.383803 0.245598 -0.270653 0.002351 -0.072502 0.357827 0.313172 -0.084150 -0.292953 0.122793 -0.128155 
0.353302 -0.460289 -0.592236 -0.197629 -0.271812 0.152920 -0.143764 -0.037511 -0.089223 0.391108 0.238043 -0.094703 -0.232373 -0.049403 -0.054764 
