city021_028
FUCHUU
61
1.300566 0.474671 -0.132052 -0.030919 -0.229301 0.017951 -0.198636 -0.036184 -0.201761 0.018673 -0.094837 -0.007942 0.013099 0.079869 -0.036073 
1.057690 0.342819 -0.058749 -0.062269 -0.125661 0.158522 -0.132286 0.167091 -0.201089 -0.101035 -0.219386 -0.011893 0.066335 -0.040040 0.043081 
1.495126 -0.015232 -0.248605 -0.028710 -0.250412 0.060709 -0.340292 -0.019419 0.014173 -0.001569 -0.102540 0.045340 0.032021 0.121854 -0.068965 
2.137777 -0.184829 -0.198618 0.036352 -0.336033 0.003995 -0.253742 0.139561 -0.111361 -0.066131 -0.055675 -0.034117 0.017486 0.070526 0.006364 
1.901418 -0.150094 0.101003 -0.027552 -0.438178 0.057651 -0.224576 0.021539 -0.186268 -0.066604 -0.069886 -0.001119 0.005027 0.088690 0.020691 
1.738528 -0.313901 0.245659 0.078186 -0.229289 0.092315 -0.189243 0.184866 -0.151371 -0.108959 -0.167545 -0.047824 0.030628 0.011570 -0.058442 
1.857605 -0.275176 0.116432 -0.112810 -0.127861 0.003875 -0.315617 0.180492 -0.148863 -0.025285 -0.151332 -0.091394 0.075266 0.086444 -0.116320 
1.671968 -0.162953 0.440422 -0.167226 -0.098995 -0.030678 -0.341883 0.109467 -0.219723 -0.002926 -0.298932 0.017862 0.049179 0.004915 -0.094818 
1.951294 -0.272712 0.504974 -0.092582 -0.273179 -0.141985 -0.303488 0.029820 -0.263337 0.056151 -0.247002 0.033686 0.013264 0.072022 -0.052891 
1.951859 -0.293491 0.618482 -0.019035 -0.214592 -0.157337 -0.355787 0.153471 -0.186171 0.067326 -0.156532 0.082906 0.033935 0.030149 -0.071088 
1.593360 -0.526092 0.350380 0.005060 -0.114253 -0.049572 -0.375494 0.111439 -0.100820 0.200250 -0.094969 0.103245 -0.006837 0.043789 0.018618 
1.643097 -0.550586 0.262908 -0.094083 -0.108556 -0.095372 -0.350769 0.156830 -0.113465 0.165152 -0.101698 0.066064 0.029142 0.079243 -0.113973 
1.778423 -0.219082 0.500448 0.317375 -0.016788 0.018569 -0.313381 0.033489 -0.018330 0.059846 -0.253335 0.037228 -0.011423 0.058431 -0.078106 
1.954139 -0.557254 0.738423 0.079355 0.119901 0.047743 -0.341962 0.328571 -0.255043 0.086235 -0.099508 0.007019 -0.082900 0.100510 -0.089792 
1.903816 -0.621879 0.816519 -0.025871 -0.086772 -0.025484 -0.239607 0.350552 -0.208267 0.067642 -0.091410 -0.037672 0.006454 0.059811 -0.147011 
1.826093 -0.694393 0.968364 -0.071131 -0.025712 0.103684 -0.264845 0.226700 -0.315911 0.088728 -0.161233 -0.012972 -0.057830 0.037325 -0.080652 
1.759990 -0.687114 0.976708 -0.153229 -0.070919 0.049053 -0.178207 0.262547 -0.358519 0.122056 -0.149403 -0.027144 0.004625 -0.018242 -0.056445 
1.731292 -0.636226 0.910662 -0.156197 -0.062432 0.037712 -0.169997 0.276117 -0.253163 0.107513 -0.130213 0.012241 0.038594 -0.065763 -0.014739 
1.292523 -0.565692 1.145130 -0.010022 0.022262 0.095701 -0.220071 0.226998 -0.219165 -0.045154 -0.196865 0.044503 -0.042822 -0.102584 -0.090333 
0.517279 -0.045444 0.899063 0.072630 0.018993 0.015028 -0.273088 0.313261 -0.270369 0.002843 -0.060652 -0.014881 0.032446 -0.093285 -0.023075 
0.638767 0.192897 0.225552 0.348550 -0.097861 0.032042 -0.089688 0.183217 -0.065438 -0.003878 -0.028109 0.054268 -0.047416 0.063827 -0.082254 
0.411741 0.107765 0.265867 0.274299 -0.133745 -0.057761 -0.111644 0.164937 -0.002412 -0.095882 -0.085214 0.157551 -0.018790 -0.072980 -0.017029 
0.543591 0.369502 0.366642 0.518435 -0.089114 0.078943 0.060822 0.126202 -0.153692 0.064357 0.001180 -0.059280 -0.001396 0.029754 -0.087378 
0.507081 0.239663 0.302841 0.329724 -0.258370 0.226372 -0.008264 0.078445 -0.109573 0.026432 0.027225 -0.056844 0.008299 0.041461 -0.087154 
0.245811 0.054229 0.165299 0.362255 -0.194616 0.123943 -0.172993 -0.121879 -0.208915 0.030310 -0.011745 -0.101643 -0.042862 0.052532 -0.028483 
-0.082925 -0.144521 -0.000293 0.263289 -0.205944 -0.026198 -0.241856 0.001537 -0.071649 0.071465 -0.053990 0.053906 -0.017425 0.023097 0.053303 
-0.379813 -0.903341 0.393403 -0.328417 -0.047465 0.183204 -0.339081 0.268353 -0.175540 0.127678 0.026318 -0.050148 -0.016672 0.027122 -0.023197 
-0.302521 -1.283134 0.597887 -0.585474 0.105185 0.171489 -0.322192 0.382258 -0.282245 0.199515 -0.065391 -0.025246 -0.010258 0.027452 -0.014664 
-0.341631 -1.301988 0.660568 -0.725567 0.125208 0.077495 -0.274179 0.351357 -0.207754 0.214595 -0.072283 -0.015816 -0.086414 0.067429 -0.019146 
-1.385037 -0.489904 0.948767 -0.689686 0.371629 -0.117340 -0.299442 0.308357 -0.148117 0.067939 -0.042244 -0.006245 0.040382 0.021753 -0.088153 
-1.382517 -0.683125 1.111105 -0.857186 0.472011 0.146306 -0.304467 0.168725 -0.092690 0.077751 -0.019536 -0.003438 -0.032711 0.066084 -0.067699 
-1.440128 -0.684095 1.077891 -0.801986 0.235287 -0.047434 -0.216417 0.260445 -0.141928 0.064420 -0.002225 -0.023150 0.008736 0.058442 -0.119218 
-1.135824 -0.690642 0.971332 -0.878741 0.128254 -0.092044 -0.093388 0.191354 -0.018047 0.005416 -0.008224 0.047108 -0.065001 0.009276 -0.020706 
-0.815240 -0.862097 0.801151 -0.846126 0.181675 0.014784 -0.088045 0.168460 -0.036397 0.005853 0.006815 -0.065316 0.036113 0.015078 -0.064413 
-0.767035 -1.079581 0.757882 -0.747422 0.070908 0.058440 0.007312 0.169585 -0.061885 0.010304 -0.053091 -0.079468 0.116190 -0.010338 -0.115460 
-0.447432 -0.818985 0.853324 -0.686773 -0.058296 0.089922 0.033152 0.092317 -0.043777 0.045817 -0.058361 0.010225 -0.057319 0.098349 -0.084833 
0.176052 -0.801418 1.519131 -0.135954 -0.050753 -0.005504 -0.387991 0.097845 -0.207863 -0.132488 -0.167125 -0.007795 -0.023162 -0.010968 -0.076079 
0.699416 -0.916521 1.456190 0.113011 -0.235341 -0.020491 -0.313514 0.097990 -0.194596 -0.122697 -0.181425 0.061659 -0.043319 0.002734 -0.058011 
1.060710 -1.197574 1.464779 0.183228 -0.344799 0.052441 -0.415918 0.102909 -0.146530 -0.198826 -0.222163 0.187804 -0.167500 0.090052 -0.076110 
1.201422 -1.033414 1.434124 0.299933 -0.411813 0.052789 -0.394939 0.101590 -0.164617 -0.178336 -0.209216 0.168307 -0.138334 0.076866 -0.047595 
1.185159 -1.201250 1.496549 0.230481 -0.372618 0.044267 -0.437378 0.131271 -0.192843 -0.170779 -0.233991 0.171952 -0.156530 0.099229 -0.052467 
1.198882 -1.152846 1.403673 0.272791 -0.388099 0.015335 -0.414891 0.070143 -0.150876 -0.193560 -0.220287 0.174260 -0.168637 0.128574 -0.037511 
1.318510 -1.229593 1.395665 0.265976 -0.375111 0.024471 -0.454983 0.068994 -0.143672 -0.191886 -0.238541 0.176821 -0.197958 0.198647 -0.078815 
1.288363 -1.062346 1.308539 0.305817 -0.378004 0.058504 -0.530277 0.052457 -0.080911 -0.256542 -0.187908 0.113961 -0.159658 0.218814 -0.109654 
1.366118 -1.016993 1.274800 0.284880 -0.320006 0.073409 -0.575886 0.073776 -0.145058 -0.150427 -0.229285 0.059196 -0.125430 0.229619 -0.091685 
1.351043 -0.876387 1.159251 0.280006 -0.245423 0.048138 -0.574389 0.031966 -0.130152 -0.112506 -0.235142 0.025037 -0.141338 0.299637 -0.121431 
1.337336 -0.821068 1.068792 0.266733 -0.233947 0.099184 -0.613272 -0.001819 -0.117368 -0.114281 -0.171007 -0.077781 -0.110086 0.317578 -0.127251 
1.458432 -0.807476 1.030948 0.271612 -0.204341 0.090372 -0.636209 0.011159 -0.146539 -0.059163 -0.179195 -0.090585 -0.112712 0.358818 -0.147395 
1.478726 -0.648259 0.936972 0.269023 -0.188934 0.117437 -0.590753 -0.058497 -0.122548 -0.036344 -0.155976 -0.129129 -0.083456 0.327955 -0.136635 
1.436653 -0.601049 0.921455 0.206871 -0.139701 0.114687 -0.567120 -0.036634 -0.163805 -0.004430 -0.170626 -0.102702 -0.100675 0.283966 -0.111663 
1.429008 -0.516616 0.780509 0.232055 -0.119332 0.103894 -0.546191 -0.027192 -0.199222 0.015182 -0.189438 -0.146872 -0.054219 0.226809 -0.123681 
1.366054 -0.415381 0.699925 0.294846 -0.135792 0.116607 -0.578884 -0.059954 -0.153079 -0.025632 -0.101275 -0.245819 -0.028703 0.298599 -0.166978 
1.131016 -0.432412 0.713088 0.216836 -0.029671 0.056017 -0.592209 -0.073867 -0.203248 0.044220 -0.239832 -0.244516 -0.004138 0.271569 -0.219538 
1.439474 -0.269416 0.620202 0.310391 -0.138289 0.090392 -0.578510 -0.050554 -0.205625 0.062128 -0.173266 -0.261656 0.055828 0.248188 -0.181877 
1.375754 -0.375735 0.684600 0.262173 -0.147240 0.077856 -0.539837 0.000843 -0.168303 0.049681 -0.188966 -0.131226 0.018943 0.225474 -0.187355 
1.004689 -0.121482 0.508784 0.332153 -0.109239 -0.017830 -0.555485 -0.089019 -0.153882 -0.030440 -0.208880 -0.227590 0.082760 0.224469 -0.242575 
1.331611 -0.096451 0.480175 0.261373 -0.185839 0.126926 -0.498987 0.001199 -0.131962 -0.057541 -0.098539 -0.140606 0.016144 0.145839 -0.155364 
1.207040 -0.247477 0.596218 0.262327 -0.056244 -0.017817 -0.560471 -0.060974 -0.204180 0.040440 -0.182998 -0.237668 0.040097 0.280495 -0.204417 
0.412805 -0.328978 0.375585 0.345300 -0.138025 -0.080570 -0.471156 -0.163883 -0.207622 0.013068 -0.150585 -0.179048 0.072700 0.196298 -0.133699 
0.220855 -0.119537 0.254693 0.381279 -0.105418 -0.036854 -0.484360 -0.183124 -0.106973 0.048261 -0.163324 -0.254501 0.126543 0.223686 -0.198967 
-0.020123 -0.127262 -0.057267 0.226982 -0.047203 0.029507 -0.320002 -0.021300 -0.004928 0.144251 -0.056682 -0.128414 0.066075 0.135779 -0.116870 
