city021_066
PESUTO
55
-0.088014 -0.339264 0.112020 -0.017420 -0.157216 0.149282 -0.141815 0.095211 -0.098957 0.040219 -0.009719 0.024820 0.000942 -0.020727 0.011273 
1.182705 -0.574033 0.611831 -0.012582 -0.092720 0.013364 -0.139684 0.274851 -0.167460 0.138305 -0.092403 0.020464 0.031543 0.016302 -0.097418 
2.049600 -0.270240 0.438354 0.030685 0.048716 0.216412 -0.184571 0.060505 -0.187290 0.113591 -0.062146 0.009840 -0.037035 -0.001435 -0.025268 
2.262063 -0.707656 0.175519 -0.222084 0.053784 -0.119394 -0.292518 0.091065 -0.313665 0.100153 -0.029836 0.156761 -0.097489 0.069126 0.036511 
2.039866 -0.354300 0.218725 -0.180916 -0.297453 -0.165247 -0.064636 0.097320 -0.112291 0.181509 -0.236316 0.148201 -0.030925 -0.014680 0.016003 
1.377253 -1.161764 0.795954 -0.108077 -0.163730 -0.167301 -0.270218 -0.046458 -0.202168 -0.018086 -0.066402 0.112163 0.034399 0.080997 -0.065317 
1.529531 -1.111131 0.774583 -0.293983 -0.196084 -0.160281 -0.291271 0.007923 -0.388484 -0.054779 -0.065263 0.186792 0.064513 0.124859 -0.055990 
1.510341 -1.016533 0.655223 -0.225660 -0.078187 -0.211990 -0.329410 -0.058907 -0.357873 0.005684 -0.028768 0.118082 0.046283 0.133988 0.005372 
1.544416 -0.993276 0.660249 -0.283972 -0.053856 -0.201493 -0.327282 -0.015724 -0.397755 0.003721 -0.057024 0.122612 0.057820 0.131040 -0.008858 
1.596937 -1.012757 0.833255 -0.265324 -0.179055 -0.159795 -0.350363 0.043963 -0.386599 -0.024764 -0.112766 0.151945 0.038436 0.100642 0.007286 
1.614774 -0.894368 0.936938 -0.095830 -0.308666 -0.165406 -0.375231 0.017879 -0.260791 -0.022748 -0.147075 0.114694 0.079625 0.086091 -0.064584 
1.607132 -0.887409 0.897112 -0.030924 -0.131640 -0.284947 -0.358288 0.063685 -0.353094 0.108791 -0.334490 0.163190 0.119276 -0.024188 -0.008858 
1.166715 -0.766142 0.703816 -0.014326 -0.057696 -0.352089 -0.289582 -0.079686 -0.203964 0.032207 -0.315535 0.183714 0.136263 -0.010353 -0.029370 
0.816537 -0.414726 0.426564 0.004777 0.086443 -0.336539 -0.047655 -0.109337 0.029147 0.061986 -0.310038 0.171601 0.110443 -0.094324 -0.033484 
0.365861 -0.005150 0.369847 -0.093617 0.252791 -0.221459 0.165870 -0.123662 0.060475 0.017353 -0.086663 0.046144 0.017194 -0.029045 -0.030016 
-0.128506 -0.026522 0.320709 0.039474 0.271203 -0.255425 0.288765 -0.182268 0.104974 0.023709 -0.061581 0.043308 0.022751 -0.056604 0.049962 
-0.542624 -0.151473 0.201918 -0.154001 0.265559 -0.527521 0.211479 -0.128627 0.069545 0.038568 -0.141276 0.149927 -0.001046 -0.106110 0.132300 
-0.430781 -0.031479 0.164755 -0.391532 0.210405 -0.228933 0.543686 -0.223004 0.027782 0.017422 -0.171897 0.156103 -0.017925 -0.068605 0.161912 
-0.583551 -0.145456 0.341795 -0.269354 0.041057 -0.420602 0.082098 -0.204378 0.067727 0.117676 -0.063952 0.072082 0.041839 -0.008773 0.052857 
-0.798134 -0.178192 0.081742 -0.413000 0.294955 -0.426677 0.247658 -0.248696 0.150353 0.111902 -0.119719 0.088659 -0.052486 -0.012015 0.062037 
-0.736883 -0.252522 0.148162 -0.206834 0.247791 -0.466153 0.323815 -0.182267 0.054406 0.065800 -0.079285 0.069188 -0.057682 0.043924 -0.018433 
-0.773030 -0.484330 0.167145 -0.105338 0.351914 -0.340733 0.292503 -0.103985 -0.035407 0.085637 -0.111359 0.070014 0.026585 -0.031771 -0.048309 
-0.946012 -0.398596 -0.006519 -0.351897 0.291239 -0.251047 0.225103 -0.133766 0.082728 0.031993 -0.118236 0.095941 -0.056246 0.024714 -0.005293 
-0.870874 -0.206170 0.231662 -0.118677 0.246072 -0.377614 0.156865 0.055558 -0.048184 -0.032678 0.022093 0.041390 -0.057584 0.048441 -0.066111 
-0.656366 -0.093663 0.214617 -0.215342 0.271356 -0.202869 -0.025684 -0.134631 -0.059707 0.139134 -0.036019 0.022843 -0.105182 0.115399 -0.023487 
-0.594972 -0.110262 0.099672 -0.239471 0.157978 -0.080851 -0.026611 0.139035 -0.050523 0.051198 -0.110053 0.062880 -0.005605 0.027205 -0.077993 
-0.479541 -0.174943 -0.001648 -0.192080 0.047214 -0.127567 -0.197092 0.065362 0.086410 0.063894 -0.125275 0.159009 -0.122313 0.099305 -0.057872 
0.034611 -0.017024 -0.142381 -0.048357 -0.149849 -0.065385 -0.031426 0.070758 -0.160656 0.067348 0.008877 0.054860 -0.023253 0.021200 -0.011312 
-0.246599 -0.000323 -0.085602 0.064632 -0.204645 -0.023293 -0.316547 -0.162715 0.035832 0.080293 0.040027 0.035826 -0.016813 0.136641 -0.031193 
0.012701 0.004134 -0.076965 0.123225 -0.227505 -0.048052 -0.243993 -0.118922 0.007160 0.071281 -0.009858 0.035406 0.013714 0.107789 -0.066647 
0.030296 0.182735 0.094310 -0.052787 -0.299918 -0.066885 -0.227644 0.022413 -0.108810 0.033882 0.028107 0.060963 0.052947 0.005118 0.022598 
0.108840 0.064556 -0.130060 0.060955 -0.260180 -0.161538 -0.339203 -0.056187 -0.034006 0.043524 0.051462 0.122641 0.055995 0.076209 0.001271 
0.133559 0.166024 0.065604 0.166014 -0.187225 0.037720 -0.261062 -0.073630 -0.022323 0.076239 -0.124284 0.062033 0.007463 0.028536 0.018861 
0.453066 0.345900 -0.031814 0.092872 -0.196824 -0.005228 -0.118777 0.020208 -0.010293 0.050114 -0.167935 0.120703 0.027259 -0.080214 0.051594 
0.137412 0.042291 -0.067067 -0.128466 -0.181292 -0.030065 -0.280537 0.061024 -0.072002 0.068810 0.035372 0.046959 0.034819 0.023890 -0.032576 
0.116632 -0.512259 0.300659 -0.895978 0.197332 0.028093 -0.168696 0.182345 -0.224108 0.357228 -0.203777 0.147670 -0.078764 -0.047644 0.034887 
0.603306 -0.337019 0.517705 -0.432920 0.359809 -0.233874 -0.165014 0.091535 -0.214064 0.191109 -0.179231 0.076861 0.010825 0.006869 -0.024269 
1.901747 -0.353729 0.581779 -0.145162 -0.031711 0.081693 -0.257238 -0.019795 -0.245342 0.154826 -0.116179 -0.076058 -0.059568 0.150575 -0.108916 
2.059957 -0.647689 0.445852 -0.447152 -0.211157 0.343197 -0.432739 -0.014287 -0.543789 0.007981 0.200427 -0.047324 0.025218 0.235721 -0.206962 
1.853927 -0.871041 0.395424 -0.424393 -0.215212 0.110504 -0.368484 0.047686 -0.472585 -0.074990 0.085661 0.011452 0.132874 0.312104 -0.184297 
1.856273 -0.747757 0.375932 -0.524924 -0.198937 0.060839 -0.253510 0.068441 -0.495936 -0.056078 0.028136 0.076974 0.073121 0.343271 -0.126043 
1.867681 -0.567638 0.379778 -0.619062 -0.234278 0.085508 -0.217268 0.088237 -0.427826 -0.043513 -0.004410 0.101450 0.022693 0.329911 -0.077520 
1.863960 -0.377560 0.426834 -0.705255 -0.323262 0.081843 -0.217724 0.120485 -0.376510 0.022971 0.001357 0.086635 -0.002473 0.331796 -0.064258 
1.868810 -0.239588 0.408540 -0.687640 -0.519417 0.184255 -0.215603 0.150205 -0.334099 -0.074184 0.057046 0.017958 0.031076 0.386484 -0.032303 
1.921900 -0.165458 0.487795 -0.735469 -0.667806 0.245233 -0.229140 0.201430 -0.291926 -0.117396 0.086689 -0.016930 -0.025021 0.509704 -0.050852 
1.853361 -0.085096 0.470834 -0.708089 -0.695365 0.152515 -0.281028 0.190091 -0.245969 -0.073726 0.149572 -0.069559 -0.015536 0.460231 -0.103330 
1.730919 -0.097254 0.408837 -0.727166 -0.680539 0.160224 -0.247547 0.235520 -0.256177 -0.126638 0.140005 -0.171859 0.029106 0.455238 -0.093605 
1.751500 0.004069 0.427521 -0.753831 -0.647950 0.130868 -0.255785 0.256905 -0.245298 -0.029532 0.077875 -0.094462 -0.029495 0.395049 -0.090094 
1.742619 0.082208 0.334297 -0.669906 -0.630633 0.113909 -0.184998 0.236455 -0.215153 0.013438 0.062845 -0.109792 -0.045985 0.350324 -0.135668 
1.104392 0.164117 0.220919 -0.744537 -0.692478 0.011935 -0.161364 0.241380 -0.268336 -0.010307 0.031678 -0.136508 0.101695 0.361544 0.023331 
1.530742 0.245181 0.207538 -0.679043 -0.556669 0.017798 -0.150236 0.247648 -0.252771 0.057627 0.017247 -0.178078 0.043270 0.245231 -0.077413 
1.159284 0.438718 -0.133846 -0.590493 -0.631286 -0.072327 -0.083883 0.203890 -0.243805 -0.064774 0.043518 -0.076038 0.085584 0.363174 0.059633 
0.916024 0.414614 0.014018 -0.154335 -0.413095 -0.077964 -0.207451 0.065043 0.002567 -0.131205 -0.009539 0.066632 -0.061903 0.121483 -0.088066 
1.715498 0.545692 -0.088617 -0.461307 -0.551215 0.081338 -0.116109 0.087137 -0.204940 -0.036849 0.020873 -0.149422 0.113790 0.225297 -0.084300 
1.258257 0.445690 -0.129505 -0.563056 -0.655789 0.039139 -0.121592 0.163267 -0.268703 -0.031027 -0.022536 -0.136410 0.196707 0.286688 0.062234 
