city021_071
SHAKUJII
68
0.311979 0.007754 0.082178 0.284588 0.119454 -0.018003 -0.085645 0.091724 -0.198078 0.106270 -0.137545 0.014296 0.098814 -0.145178 0.003449 
0.051902 0.321894 0.839044 -0.110991 0.501031 -0.121625 -0.044209 0.112688 -0.229904 0.087811 -0.289291 0.145943 -0.229964 -0.021087 -0.021636 
-0.230666 0.214449 0.810208 -0.302119 0.624022 -0.042655 -0.021229 0.157929 -0.213007 0.188766 -0.090132 0.085579 -0.185293 0.164772 -0.118557 
-0.737164 0.164863 0.835796 -0.425282 0.549295 -0.218917 0.189242 0.062428 -0.171427 0.269214 -0.170195 0.110609 -0.038988 0.030519 -0.007070 
-0.865954 -0.105348 0.811628 -0.689510 0.445401 -0.310971 0.128473 0.155631 -0.241853 0.199532 -0.117134 0.062740 -0.022558 -0.031590 0.060983 
-0.885803 -0.086007 0.726112 -0.864219 0.446125 -0.258712 0.017764 0.113203 -0.158528 0.170498 -0.131539 0.089386 -0.048022 0.018487 -0.015395 
-0.635984 -0.051269 0.650513 -0.684418 0.530204 -0.246573 0.124000 -0.013123 -0.147047 0.183652 -0.123640 0.060313 -0.033257 0.031824 -0.031455 
-0.682372 -0.186210 0.737020 -0.574612 0.605989 -0.273260 0.084656 0.054523 -0.158225 0.184003 -0.094793 0.022141 -0.011788 0.024654 -0.022812 
-0.670166 -0.467423 0.755851 -0.613468 0.515854 -0.174484 0.038855 -0.119876 0.039679 0.157582 -0.195977 0.074611 0.038579 -0.076370 0.041939 
-0.232491 -0.440670 0.762683 -0.672428 0.148765 -0.290148 0.160759 0.115983 -0.058162 0.111279 -0.146179 0.142238 -0.090110 -0.059051 0.072068 
0.295045 -0.530174 0.773169 -0.255705 -0.025520 -0.291947 0.033858 0.060669 -0.080646 0.104433 -0.182893 0.203173 0.012598 -0.139634 0.075297 
1.282979 -0.491014 0.452352 -0.074347 -0.062265 -0.034621 -0.198837 0.110363 -0.040826 0.088322 -0.279520 0.142495 0.072220 -0.084457 -0.011953 
1.711520 -1.010359 0.495867 -0.479979 -0.046866 -0.182756 -0.475588 0.098901 -0.113709 0.261573 -0.249643 0.154903 0.229017 0.029134 -0.041328 
1.517319 -0.854376 0.406097 -0.545705 0.013908 -0.251223 -0.441613 -0.000369 0.010588 0.347494 -0.080845 0.052699 0.144105 0.113284 -0.062131 
1.457408 -0.844257 0.247031 -0.553259 0.087135 -0.200652 -0.479668 0.138806 0.026032 0.251875 0.062821 0.029869 0.037056 0.010825 0.031956 
1.574766 -1.020163 0.251776 -0.634396 0.132558 -0.205954 -0.466295 0.189974 -0.018814 0.291162 0.016830 0.088546 -0.031212 0.032733 0.009572 
1.443208 -0.919883 0.162652 -0.541027 0.182630 -0.234133 -0.473866 0.156159 0.008058 0.274031 0.072728 0.041290 -0.036359 0.015565 0.066359 
1.664152 -0.975357 0.191726 -0.505961 0.260075 -0.252711 -0.465791 0.134696 -0.162144 0.343206 -0.028766 0.113778 -0.075691 0.101355 0.089197 
1.885975 -0.854660 0.067154 -0.268024 0.274326 -0.255268 -0.401259 0.059537 -0.311463 0.329475 -0.027660 0.125498 -0.168235 0.146781 0.149400 
1.885546 -0.497026 -0.084517 0.059689 0.329156 -0.189803 -0.223403 -0.017654 -0.432846 0.312666 -0.006658 0.006522 -0.265476 0.148730 0.115459 
1.235854 0.025425 -0.214659 0.238958 0.109715 0.083348 -0.260597 -0.235604 -0.282881 0.105360 0.044317 -0.031676 -0.205532 0.063766 0.043590 
1.160992 0.203373 -0.175305 0.197630 0.017438 0.040879 -0.344291 -0.094775 -0.092877 0.024289 -0.127717 -0.019925 -0.004101 0.038167 0.020198 
0.962966 0.060098 -0.261861 0.039231 -0.106195 -0.077865 -0.357161 0.036102 -0.006255 0.200789 0.008884 -0.048209 0.032738 0.090034 -0.010612 
0.573851 -0.126632 -0.198043 0.175579 -0.298771 -0.113678 -0.272964 0.144768 0.027556 0.085036 0.057237 -0.009065 -0.002605 0.053853 -0.011136 
0.380022 -0.034963 -0.189501 -0.012949 -0.192655 -0.144469 -0.193499 0.056017 -0.092884 0.131238 0.003431 0.019378 0.098184 -0.016209 -0.043502 
0.612976 -0.625927 -0.534920 -0.049165 0.044538 0.148694 -0.214409 0.066840 -0.039347 0.124279 -0.036185 -0.022344 0.012323 -0.024977 0.023734 
1.255372 -1.409474 -0.141193 -0.507546 0.239905 0.005064 -0.320246 0.113147 -0.046996 0.451134 -0.225389 0.047805 -0.069537 0.009082 -0.060536 
1.209145 -0.916810 -0.157653 -0.158470 0.317661 -0.079588 -0.269608 -0.046100 -0.086432 0.350647 -0.288313 0.096223 0.007832 0.064477 -0.031178 
1.370458 -0.887386 0.594849 0.081751 0.079188 -0.202282 -0.337774 0.028836 -0.353260 0.076307 -0.180419 -0.013869 -0.032049 0.143891 -0.069854 
1.549981 -1.132208 0.983468 0.075625 0.032486 -0.118857 -0.502410 0.215663 -0.394010 0.059105 -0.150669 -0.101369 -0.047236 0.207870 -0.106324 
1.369584 -1.144349 1.195472 0.073631 -0.103371 -0.035095 -0.525212 0.216537 -0.305445 -0.039598 -0.110949 -0.090372 -0.026079 0.206144 -0.173146 
1.165809 -1.111148 1.280800 0.085307 -0.126750 -0.001679 -0.425499 0.152781 -0.251261 -0.089423 -0.171529 0.006717 -0.111028 0.184136 -0.209140 
0.798586 -0.957322 1.418055 0.002717 -0.015918 -0.017037 -0.424365 0.215538 -0.281111 -0.079150 -0.212583 -0.005005 -0.061501 0.079140 -0.222386 
0.788933 -0.777464 1.364705 0.071264 -0.164530 0.060416 -0.421647 0.205527 -0.244261 -0.094879 -0.157160 -0.002350 -0.023728 0.036113 -0.169416 
0.696121 -0.595114 1.236397 -0.130410 0.033073 -0.122282 -0.353771 0.289452 -0.301654 0.016736 -0.153821 0.025046 0.072949 -0.028239 -0.166105 
0.530644 -0.535596 1.189024 -0.215439 0.044353 -0.038290 -0.359037 0.215070 -0.173586 -0.083330 -0.075118 0.035724 -0.009303 0.023907 -0.144463 
0.551894 -0.479818 1.213125 -0.154172 0.105396 -0.158182 -0.325432 0.299178 -0.395171 0.088978 -0.209618 0.000270 0.105690 -0.097825 -0.124417 
0.246262 -0.386555 1.267110 -0.241838 0.190714 -0.215737 -0.299189 0.234041 -0.281910 0.001222 -0.193603 0.028141 0.126855 -0.168210 -0.016982 
0.514441 -0.594547 1.272424 -0.233365 0.072482 -0.081113 -0.340238 0.232753 -0.271978 -0.015589 -0.133390 0.012643 0.049156 -0.048024 -0.132337 
0.388929 -0.561549 1.397802 -0.272926 0.087473 -0.204361 -0.266399 0.238062 -0.333858 -0.004875 -0.102960 0.026982 0.032918 -0.072953 -0.020582 
0.651199 -0.720078 1.385430 -0.121763 -0.072205 -0.114050 -0.266153 0.170392 -0.315850 -0.030176 -0.151205 0.074270 -0.043353 -0.049815 -0.005249 
0.593514 -0.779298 1.494097 -0.139191 -0.030697 -0.142545 -0.242234 0.150132 -0.409887 -0.029012 -0.188892 0.033843 -0.073817 -0.070312 -0.024441 
0.651332 -0.804689 1.579585 -0.178326 -0.052249 -0.094393 -0.270406 0.166760 -0.419981 -0.049890 -0.147826 -0.009339 -0.052754 -0.107954 0.020832 
0.708176 -0.811936 1.641286 -0.162921 -0.181535 0.016757 -0.267071 0.144698 -0.409927 -0.048058 -0.066159 -0.077522 -0.048837 -0.062962 0.015617 
0.642516 -0.733596 1.595134 -0.151660 -0.175082 -0.023630 -0.147943 0.045561 -0.358677 -0.061386 -0.097777 0.008773 -0.178581 0.005535 0.016842 
0.636003 -0.654140 1.641011 -0.213008 -0.186296 -0.018792 -0.156818 0.079514 -0.390450 0.005369 -0.102798 0.018296 -0.145785 -0.010155 0.068503 
0.727823 -0.695773 1.692808 -0.269998 -0.208222 0.103589 -0.139675 0.002239 -0.361540 0.038553 -0.157439 0.007919 -0.186718 0.047055 0.041464 
0.637353 -0.740281 1.666179 -0.178550 -0.175618 0.141285 -0.188090 0.041708 -0.389443 -0.005663 -0.134256 -0.051682 -0.201985 0.026596 0.028076 
0.615498 -0.750618 1.733963 -0.135679 -0.207308 0.163690 -0.186810 0.026799 -0.362672 -0.022332 -0.147299 -0.038895 -0.238142 0.045167 0.017018 
0.700904 -0.789613 1.817153 -0.190144 -0.219450 0.236300 -0.217651 0.031604 -0.382629 -0.003129 -0.168826 -0.055357 -0.256766 0.086394 -0.032490 
0.617830 -0.707458 1.829660 -0.223598 -0.220288 0.240636 -0.203594 0.004237 -0.352533 -0.020808 -0.133410 -0.090529 -0.230906 0.103530 -0.053768 
0.683335 -0.668451 1.866908 -0.300649 -0.236296 0.297976 -0.210130 0.004221 -0.351122 0.016038 -0.145423 -0.093948 -0.213931 0.132040 -0.086623 
0.714078 -0.614642 1.872828 -0.359536 -0.241154 0.343873 -0.227349 0.029751 -0.350444 0.040454 -0.153340 -0.081952 -0.206080 0.137993 -0.090157 
0.669934 -0.500291 1.864396 -0.344882 -0.249576 0.323875 -0.218511 0.016618 -0.325113 0.022076 -0.131018 -0.083491 -0.209234 0.159344 -0.112084 
0.652898 -0.436271 1.870637 -0.397202 -0.201219 0.301386 -0.241329 0.050408 -0.401309 0.051358 -0.164611 -0.111829 -0.204200 0.143641 -0.120242 
0.585606 -0.349150 1.874353 -0.397101 -0.203998 0.285557 -0.257045 0.016541 -0.365488 0.001525 -0.147537 -0.110713 -0.218008 0.158234 -0.137141 
0.520636 -0.296372 1.822598 -0.344104 -0.179391 0.303870 -0.258257 0.017260 -0.347773 -0.015758 -0.165823 -0.105262 -0.238218 0.137809 -0.146092 
0.515595 -0.238451 1.787273 -0.333610 -0.169963 0.341353 -0.308347 0.084672 -0.359367 -0.011018 -0.132910 -0.130486 -0.200057 0.110407 -0.136419 
0.502053 -0.140646 1.698052 -0.288592 -0.162723 0.363138 -0.301250 0.100037 -0.321288 -0.058236 -0.068764 -0.158995 -0.214059 0.143705 -0.165900 
0.405664 -0.063724 1.615579 -0.241020 -0.183015 0.377811 -0.335224 0.129810 -0.345780 -0.065062 -0.028061 -0.218681 -0.155058 0.102718 -0.133594 
0.355882 -0.101879 1.670826 -0.258481 -0.137723 0.350859 -0.353957 0.159140 -0.402512 -0.059928 -0.059811 -0.210953 -0.206810 0.123016 -0.154394 
0.206528 -0.056752 1.728348 -0.260969 -0.130711 0.395911 -0.365582 0.189449 -0.395340 -0.076377 -0.005868 -0.269069 -0.180771 0.115761 -0.166958 
0.374803 -0.136005 1.691615 -0.228618 -0.207185 0.409251 -0.347900 0.139767 -0.343392 -0.077781 -0.016604 -0.222581 -0.171131 0.118440 -0.154977 
0.327774 -0.018439 1.334016 -0.068013 -0.268428 0.423660 -0.302574 0.056995 -0.267529 -0.091285 -0.019853 -0.234501 -0.084864 0.040468 -0.135400 
0.299523 0.073087 1.415556 -0.127879 -0.279071 0.423072 -0.322591 0.081361 -0.357781 -0.111935 0.001201 -0.328397 -0.091934 0.033111 -0.130335 
-0.057359 0.116896 1.035437 0.009774 -0.104160 0.403678 -0.228058 -0.050010 -0.172174 0.013857 -0.147624 -0.102335 -0.103835 0.003377 -0.094518 
0.379857 0.156824 1.358442 -0.000255 -0.244009 0.270994 -0.207920 0.025390 -0.360933 -0.014961 -0.128783 -0.176110 -0.162038 0.045376 -0.097401 
0.179701 0.071489 0.586686 0.208930 -0.114361 0.172918 -0.201684 -0.143392 -0.385017 -0.026970 -0.116574 -0.160081 -0.127439 -0.057034 0.021681 
