city021_012
SHINAGAWA
68
-0.657377 0.270480 0.771902 -0.229089 0.341753 0.086590 0.139524 -0.072973 -0.001766 0.187368 -0.158359 0.175311 -0.103163 0.055673 0.008100 
-0.723712 -0.231591 0.560714 -0.544205 0.424083 -0.125593 -0.014175 0.191010 -0.242342 0.106452 -0.031009 0.115311 -0.201764 0.167915 -0.057484 
-0.777650 -0.510418 0.609257 -0.679534 0.179011 -0.219965 -0.022107 0.377891 -0.181562 -0.003061 0.008199 0.058661 -0.104815 0.020791 -0.003670 
-0.634995 -0.534538 0.494181 -0.816447 0.225016 -0.176393 0.015500 0.318802 -0.178323 0.102393 -0.125056 0.098317 -0.095427 -0.008931 0.061079 
-0.694045 -0.607382 0.687613 -0.802560 0.288425 -0.068781 -0.039911 0.157645 -0.265889 0.295054 -0.188015 0.062488 0.023527 -0.064229 0.049145 
-0.628250 -0.763785 0.549061 -0.716832 0.345992 -0.117247 -0.039804 0.267792 -0.307535 0.158493 -0.044656 0.035614 -0.027724 -0.013297 0.033469 
-0.750791 -0.872453 0.657553 -0.963555 0.164097 -0.019652 0.004294 0.333690 -0.215079 0.167670 -0.135499 -0.075824 0.061846 -0.023650 0.006712 
-0.528946 -0.697248 0.676352 -0.769325 0.408311 -0.173593 -0.138054 0.241527 -0.134491 0.119250 -0.082537 -0.024806 0.093223 -0.063945 -0.026060 
-0.675541 -0.823451 0.574466 -0.736561 0.442213 0.007946 -0.026667 0.160776 -0.240492 0.067299 0.004491 0.002156 0.057631 -0.054798 -0.031980 
-0.507674 -0.619444 0.734673 -0.828454 0.144150 -0.081198 0.112314 0.257492 -0.239073 0.168435 -0.143738 -0.017067 0.056906 -0.051333 0.010752 
-0.644131 -0.708973 0.775269 -0.658567 0.405781 -0.000489 -0.052878 0.255458 -0.275194 0.139101 -0.079944 0.025517 0.092519 -0.102791 0.013932 
-0.534414 -0.476762 0.862288 -0.538877 0.152813 0.060521 0.030532 0.162469 -0.134669 0.099657 -0.089669 0.044244 0.026677 -0.002126 -0.064216 
0.677951 -0.283884 0.945623 -0.094278 0.160711 -0.342948 -0.154718 0.163503 -0.410415 0.114186 -0.247400 0.025182 0.075744 -0.116759 -0.015862 
1.139465 -0.329965 0.872944 0.156296 -0.013982 -0.269155 -0.127875 0.056613 -0.342135 0.035581 -0.343198 0.054648 0.007192 -0.096134 -0.080602 
1.431680 -0.412900 0.781284 0.346242 -0.230008 -0.080401 -0.112696 -0.014164 -0.231207 0.006468 -0.346240 0.060254 -0.009019 -0.109846 -0.056608 
1.503877 -0.476727 0.995959 0.330685 -0.396667 0.124696 -0.094667 -0.159225 -0.190165 0.045283 -0.326794 -0.004850 -0.021462 -0.099713 -0.030451 
1.463377 -0.467271 0.956066 0.388840 -0.455030 0.177408 -0.167950 -0.143881 -0.162129 -0.060999 -0.250233 -0.055259 -0.018657 -0.092627 -0.050393 
1.645529 -0.732257 0.822019 0.390086 -0.285929 0.084148 -0.182385 -0.181227 -0.194138 0.149987 -0.426056 0.009250 0.010292 -0.066281 -0.007981 
1.748703 -0.843685 0.595745 0.329080 -0.206840 -0.111867 -0.106933 -0.207953 -0.166155 0.298281 -0.407761 0.048872 0.059911 0.011527 0.037245 
1.891920 -1.005177 0.608070 0.071373 -0.170208 -0.249322 -0.196393 -0.068709 -0.146802 0.471007 -0.346122 0.088765 0.125594 0.054750 0.024318 
1.688447 -0.984326 0.498502 -0.206928 -0.063912 -0.269957 -0.232803 0.068336 -0.079371 0.452522 -0.230958 0.014905 0.093099 0.056606 -0.007983 
1.529040 -0.935774 0.365821 -0.388549 0.063477 -0.269486 -0.199397 0.113227 -0.033848 0.454496 -0.064283 -0.091349 -0.051903 0.091186 0.060062 
1.536450 -0.929105 0.286999 -0.525124 0.149539 -0.169634 -0.199933 0.156909 -0.026573 0.395997 0.039549 -0.099404 -0.193909 0.045270 0.125647 
1.550355 -0.923077 0.183253 -0.585032 0.128858 -0.090056 -0.181389 0.138596 -0.011475 0.326342 0.129720 -0.085364 -0.268663 -0.008004 0.102793 
1.587266 -1.029691 0.200951 -0.645793 0.114739 -0.090029 -0.127318 0.145388 -0.080110 0.309281 0.184135 -0.065682 -0.317836 -0.015187 0.093429 
1.570072 -0.980262 0.158657 -0.659199 0.068720 -0.046875 -0.088923 0.155628 -0.129376 0.246755 0.234518 -0.024494 -0.322758 -0.044512 0.062700 
1.558995 -0.984214 0.173162 -0.662090 0.066618 -0.048522 -0.107833 0.169029 -0.193745 0.253874 0.248055 0.002604 -0.287757 -0.080120 0.087640 
1.613901 -1.023707 0.204513 -0.655152 0.072759 -0.060357 -0.186957 0.187659 -0.282980 0.323508 0.248975 0.038723 -0.273680 -0.073008 0.113068 
1.637703 -0.992985 0.237366 -0.607357 0.062627 -0.100228 -0.239151 0.164395 -0.345041 0.354038 0.252975 0.063460 -0.243345 -0.001630 0.113170 
1.876762 -0.913734 0.208658 -0.477623 0.044328 -0.143655 -0.220205 0.095923 -0.378659 0.377892 0.175426 0.056113 -0.204235 0.108942 0.096975 
1.987682 -0.808602 0.228841 -0.425885 0.088783 -0.158016 -0.215861 0.032825 -0.473831 0.442856 0.064484 0.044675 -0.159407 0.155854 0.124257 
1.959875 -0.752431 0.210146 -0.303634 0.043608 -0.143657 -0.221709 -0.025318 -0.449141 0.321150 0.097569 0.035526 -0.172917 0.241281 0.060437 
1.904499 -0.694022 0.236062 -0.270694 0.045960 -0.146176 -0.258413 -0.049032 -0.471787 0.305847 0.087473 0.029469 -0.140643 0.229673 0.067156 
1.828089 -0.755968 0.284099 -0.314730 0.086371 -0.165551 -0.289486 -0.026333 -0.500121 0.286680 0.082299 0.040868 -0.135982 0.242162 0.065222 
1.881939 -0.811547 0.327598 -0.378031 0.043639 -0.158227 -0.313028 -0.003601 -0.492792 0.295691 0.108173 0.057299 -0.113178 0.231351 0.078045 
1.832442 -0.878569 0.343075 -0.433184 -0.020940 -0.191454 -0.290124 -0.012999 -0.465780 0.336472 0.138267 0.080806 -0.045317 0.192753 0.068525 
1.677925 -0.874826 0.363363 -0.517209 -0.047277 -0.215593 -0.257178 -0.016176 -0.416052 0.285494 0.207279 0.116017 -0.051327 0.202484 0.047436 
1.589938 -0.748154 0.382355 -0.568821 -0.082683 -0.212288 -0.223017 -0.010688 -0.345103 0.209158 0.266167 0.111536 -0.028407 0.144387 0.062768 
1.620687 -0.783388 0.348509 -0.592425 -0.088578 -0.148186 -0.177602 -0.041786 -0.304250 0.233017 0.257432 0.132887 -0.069711 0.087095 0.067179 
1.539818 -0.926919 0.269275 -0.606133 -0.090398 -0.146976 -0.127642 -0.045178 -0.259854 0.215438 0.251336 0.165626 -0.074341 0.026712 0.059175 
1.518925 -1.061966 0.245048 -0.601260 -0.113048 -0.153320 -0.098012 -0.042729 -0.246108 0.197026 0.242277 0.185908 -0.041227 0.011380 0.011544 
1.596140 -0.978493 0.263133 -0.623340 -0.177753 -0.206923 -0.065039 0.071358 -0.296875 0.160114 0.170213 0.170164 0.014320 0.111523 0.000825 
1.745309 -1.018526 0.295977 -0.573273 -0.191503 -0.198756 -0.095535 0.124589 -0.386419 0.109854 0.108635 0.178620 0.044027 0.194572 0.010701 
1.872920 -0.996904 0.372873 -0.541745 -0.224032 -0.219341 -0.174921 0.208160 -0.395981 0.087052 -0.023057 0.135193 0.125098 0.215897 0.013416 
1.808642 -0.910072 0.298485 -0.489877 -0.214442 -0.247215 -0.189018 0.205457 -0.355592 0.007164 0.022977 0.083875 0.152079 0.254107 -0.038395 
1.834973 -0.938480 0.300134 -0.526371 -0.189459 -0.236451 -0.208306 0.203663 -0.355414 0.008620 0.001784 0.099833 0.184020 0.242322 -0.029899 
1.799315 -0.956106 0.345256 -0.560808 -0.184889 -0.222108 -0.193918 0.169868 -0.356871 0.057091 0.000205 0.125520 0.172527 0.199434 -0.010243 
1.796616 -1.033550 0.344074 -0.577753 -0.196973 -0.181077 -0.131910 0.140002 -0.393899 0.102814 -0.017540 0.190138 0.148454 0.157402 0.028010 
1.687130 -1.046538 0.253833 -0.607700 -0.225676 -0.148001 -0.025521 0.064890 -0.324260 0.077968 0.066021 0.216631 0.092626 0.177994 -0.015785 
1.608486 -1.080819 0.223134 -0.687544 -0.217343 -0.127118 -0.002087 0.080661 -0.305243 0.116048 0.138404 0.175355 0.086661 0.147348 -0.075885 
1.615725 -1.110943 0.210149 -0.721264 -0.247622 -0.152204 0.033680 0.087873 -0.272004 0.200251 0.122301 0.156784 0.057537 0.132493 -0.088803 
1.579968 -1.069691 0.143430 -0.708197 -0.267081 -0.118080 0.072482 0.042780 -0.210533 0.229615 0.132287 0.136437 0.027162 0.036204 -0.089657 
1.609290 -1.076758 0.119600 -0.756661 -0.266738 -0.116577 0.103783 0.071060 -0.149121 0.212018 0.090802 0.157611 -0.056393 0.051719 -0.079506 
1.568871 -1.014473 0.118398 -0.776789 -0.272521 -0.079936 0.122010 0.083241 -0.128139 0.187955 0.120301 0.113564 -0.088714 0.016129 -0.073253 
1.538711 -0.995358 0.157956 -0.790170 -0.261321 -0.051094 0.095171 0.096355 -0.122903 0.182687 0.154837 0.088267 -0.116627 -0.012803 -0.071386 
1.567478 -1.026087 0.189424 -0.829085 -0.170968 -0.037513 0.038770 0.087500 -0.108987 0.169925 0.230401 0.069554 -0.166781 -0.039441 -0.065451 
1.549973 -1.001586 0.121114 -0.771366 -0.187190 0.038392 -0.031679 0.051533 -0.136608 0.227047 0.285957 0.058644 -0.194824 -0.042955 -0.088723 
1.698150 -0.998300 0.130909 -0.769650 -0.162142 0.062663 -0.090943 0.113601 -0.276587 0.327406 0.274783 0.074877 -0.210488 -0.038522 -0.056613 
1.842441 -0.979640 0.016604 -0.733146 -0.175604 0.082751 -0.112951 0.138003 -0.279150 0.317229 0.285624 0.058279 -0.244730 0.025582 -0.102118 
1.989810 -0.881512 -0.193809 -0.607859 -0.251220 0.129125 -0.120899 0.105501 -0.288450 0.312037 0.286442 0.017489 -0.184943 0.051408 -0.086763 
2.000375 -0.762969 -0.198988 -0.593049 -0.179526 0.147233 -0.147473 0.119086 -0.391732 0.309245 0.273275 0.015112 -0.128278 0.036334 -0.082057 
1.753998 -0.680188 -0.329135 -0.494936 -0.160827 0.111643 -0.148878 0.123430 -0.323934 0.259555 0.355768 -0.078116 -0.121726 -0.000534 -0.080154 
1.641465 -0.665256 -0.488726 -0.545749 -0.251973 0.162135 -0.056398 0.190342 -0.258499 0.275900 0.376110 -0.174100 -0.203507 -0.044796 -0.118008 
1.798946 -0.988168 -0.579908 -0.483784 -0.258249 0.206744 -0.067407 0.160613 -0.214533 0.232698 0.333184 -0.158432 -0.168622 0.007296 -0.107049 
1.690603 -0.542655 -0.401167 -0.365356 -0.111134 0.027698 -0.091840 0.127498 -0.313213 0.265190 0.251565 -0.107247 -0.111099 0.050330 -0.040859 
1.222811 -0.203091 -0.520669 -0.358144 -0.205330 0.141732 0.044796 0.099775 -0.193733 0.289992 0.373759 -0.207113 -0.233616 -0.069791 -0.160607 
0.617250 -0.123506 -0.361399 -0.402656 -0.390167 0.047790 -0.073483 -0.000304 0.027395 0.131502 0.140613 0.073585 -0.038361 0.000296 -0.113240 
0.392542 -0.251150 -0.357249 -0.179127 -0.367901 -0.002738 0.073500 -0.122061 -0.200098 0.131451 0.226730 0.074976 0.005921 0.027388 -0.089344 
