city021_039
RAUSU
56
0.384582 0.324151 0.138048 0.268913 -0.071838 0.196039 -0.090806 0.035430 0.044051 0.041358 -0.012345 0.033487 -0.060163 0.122193 -0.100872 
1.812627 -0.076792 -0.164967 0.366969 -0.003617 0.248265 -0.428736 -0.147014 -0.014981 -0.035870 -0.197260 -0.061214 -0.003046 -0.015720 -0.002088 
1.981587 -0.704948 -0.129137 0.398309 -0.090275 0.314504 -0.581454 -0.340294 -0.017712 -0.027166 -0.177476 0.038699 -0.019957 -0.013024 -0.013004 
2.289182 -0.828761 -0.009062 0.424426 -0.170756 0.160615 -0.572188 -0.172479 -0.084441 -0.016234 -0.161487 0.107922 0.012234 -0.042510 0.042549 
2.302332 -1.050585 0.126809 0.338921 -0.204170 0.181195 -0.589018 -0.282201 -0.029124 -0.026141 -0.104187 0.138903 -0.078813 0.057965 0.051335 
1.950270 -1.099028 0.353463 -0.023865 -0.158115 0.060078 -0.508490 -0.284537 -0.141539 0.170837 -0.092912 0.184803 -0.046876 0.051699 0.196822 
1.608969 -0.939440 0.493994 -0.496500 -0.071032 0.070777 -0.448038 -0.225987 -0.049461 0.222999 0.108040 0.138114 -0.105117 0.128700 0.079795 
1.450857 -0.957989 0.387482 -0.667678 -0.064276 -0.058529 -0.269993 -0.160401 -0.015760 0.283372 0.270484 0.088459 -0.160432 0.097214 -0.031539 
1.483554 -1.074116 0.270523 -0.621593 -0.042455 -0.219772 -0.108310 -0.147657 0.023943 0.331427 0.165179 0.114240 -0.106286 -0.031060 -0.049411 
1.485043 -1.107422 0.232052 -0.590433 -0.136489 -0.232137 -0.112107 0.074615 -0.078917 0.280256 0.129851 0.127459 -0.030732 -0.112541 -0.038698 
1.505087 -1.127763 0.277137 -0.677915 -0.135484 -0.235333 -0.059312 0.128934 -0.115460 0.275941 0.122340 0.094832 -0.013717 -0.131834 -0.029241 
1.513100 -1.118750 0.279140 -0.649901 -0.153776 -0.173071 -0.102166 0.126423 -0.098092 0.262182 0.175259 0.032676 -0.024545 -0.130515 -0.027551 
1.470699 -1.156217 0.338246 -0.658417 -0.143649 -0.157539 -0.149785 0.097780 -0.099050 0.276929 0.192816 0.031034 -0.046122 -0.049598 -0.058828 
1.482507 -1.144307 0.350239 -0.660437 -0.116724 -0.163193 -0.182137 0.024450 -0.095962 0.251371 0.210545 0.072702 -0.038527 0.027323 -0.067208 
1.473202 -1.059781 0.325400 -0.607165 -0.109309 -0.163422 -0.147763 -0.144745 -0.147545 0.358859 0.152692 0.092753 0.036377 0.023489 -0.048182 
1.628656 -1.057581 0.371718 -0.533108 -0.081013 -0.087833 -0.229867 -0.206673 -0.268852 0.375650 0.096678 0.137295 0.026887 0.070132 -0.006595 
1.800165 -1.001667 0.425623 -0.394836 -0.039559 0.027290 -0.308196 -0.213381 -0.379610 0.258398 -0.034699 0.139752 0.040822 0.078982 -0.053177 
1.950804 -0.988870 0.451499 -0.323909 -0.014975 0.103420 -0.392400 -0.165072 -0.483082 0.240464 -0.120804 0.095591 0.070719 0.057883 -0.087620 
1.857729 -0.726379 0.419130 -0.355629 0.056777 0.139215 -0.389623 -0.213245 -0.479851 0.198181 -0.083630 -0.012527 0.038249 0.077870 -0.090437 
1.977716 -0.706129 0.701834 -0.279149 -0.012713 0.159420 -0.431364 -0.130984 -0.470100 0.275018 -0.133833 -0.025841 -0.043271 0.113535 -0.049032 
1.703810 -0.534266 0.684534 -0.156481 0.119101 0.056200 -0.408312 -0.115657 -0.447309 0.284118 -0.191036 -0.156773 -0.039593 0.146750 -0.078459 
1.716484 -0.536079 0.573410 0.043005 0.074639 0.122241 -0.502933 -0.079804 -0.359871 0.228972 -0.170140 -0.296655 0.023056 0.171408 -0.138618 
1.497734 -0.734293 0.713701 0.176541 0.095525 0.047767 -0.425386 -0.072018 -0.273709 0.241459 -0.293911 -0.198624 -0.020321 0.171918 -0.127576 
1.072494 -0.392059 0.539537 0.132725 0.347733 -0.211956 -0.221414 -0.176290 -0.262008 0.314642 -0.425914 -0.152341 -0.064131 0.213712 -0.191378 
0.686886 -0.120915 0.445681 -0.107915 0.497386 -0.211450 -0.206115 -0.242138 -0.207470 0.242993 -0.394969 0.007662 -0.138755 0.114796 -0.084041 
0.094954 -0.042696 0.361016 0.080328 0.487516 -0.532607 0.009144 -0.184773 -0.207452 0.123802 -0.327443 0.105683 -0.160555 0.067307 -0.024032 
-0.355795 -0.182162 0.128373 -0.292948 0.331254 -0.496381 0.225155 0.099666 -0.175115 0.076081 -0.032172 0.114553 -0.152891 0.097963 -0.059424 
-0.314282 -0.264412 0.124765 -0.299731 0.301802 -0.558588 0.060676 -0.013315 -0.033919 0.119313 -0.030209 0.091829 -0.094993 0.122401 -0.082107 
-0.376924 -0.393365 0.249612 -0.310830 0.177518 -0.435005 -0.021033 0.122732 -0.079716 0.113932 -0.051854 0.114016 -0.089744 0.089330 -0.097592 
-0.328770 -0.520426 0.042986 -0.372817 0.105179 -0.506883 0.084376 0.033536 0.020589 0.300869 -0.049306 0.005594 -0.127235 0.150680 -0.154368 
-0.538958 -0.378647 0.222050 -0.365256 0.151227 -0.461702 0.135710 -0.099768 -0.004987 0.279611 -0.131465 0.019219 0.034305 0.022130 -0.065542 
-0.550432 -0.415725 0.262373 -0.218903 0.280278 -0.348579 0.269507 0.007286 -0.149839 0.092740 -0.038736 0.038213 -0.020809 -0.019440 0.012297 
-0.543819 -0.537565 0.136745 -0.108243 0.328423 -0.508540 0.299116 0.046947 -0.170069 0.149474 -0.102976 0.037380 0.006743 0.017007 -0.058185 
-0.590124 -0.502553 0.206364 -0.173801 0.258676 -0.433381 0.195524 -0.034565 -0.054993 0.113586 -0.079314 0.046649 -0.021415 -0.000800 0.005894 
-0.625379 -0.502166 0.212290 -0.125379 0.178959 -0.434796 0.182366 -0.084882 0.031567 0.073911 -0.132153 0.182625 -0.121185 0.010535 0.041331 
-0.503512 -0.565259 -0.024100 -0.229057 0.263612 -0.365624 0.166567 -0.031654 0.033816 0.104020 -0.146503 0.080053 -0.043445 0.038670 -0.057443 
-0.546429 -0.406819 0.269131 -0.182797 0.334504 -0.437629 0.133336 -0.067913 0.060231 0.032714 -0.072704 0.049992 -0.060944 0.112410 -0.095165 
-0.735421 -0.543771 0.058731 -0.241765 0.355004 -0.441472 0.197106 -0.123178 0.021565 0.197635 -0.225358 0.199230 -0.187261 0.106194 -0.017409 
-0.663173 -0.506656 0.046051 -0.270091 0.143034 -0.428216 0.051786 0.009532 0.140210 0.057422 -0.083609 0.223120 -0.329692 0.220077 -0.061471 
0.023119 -0.149886 0.351297 -0.048993 0.379448 -0.241592 -0.059556 -0.097385 0.047291 0.075850 -0.237451 0.172721 -0.128279 0.075546 -0.019659 
0.778322 -0.294358 0.357345 0.068190 0.343494 -0.157273 -0.177922 -0.291129 -0.200428 0.242277 -0.324146 -0.078673 -0.038613 0.064676 -0.075382 
1.163393 -0.180923 0.542375 -0.026308 0.266099 -0.095307 -0.244362 -0.215170 -0.294196 0.371383 -0.286097 -0.074252 -0.139038 0.233221 -0.060304 
1.373044 -0.361404 0.510862 0.020921 0.204584 0.012402 -0.355801 -0.131615 -0.338489 0.282422 -0.198634 -0.166737 -0.115378 0.191488 -0.027018 
1.478404 -0.398166 0.482271 0.118016 0.064490 0.065902 -0.427866 -0.185304 -0.291170 0.231781 -0.183735 -0.164488 -0.128102 0.237276 -0.011690 
1.547801 -0.402361 0.526134 0.083566 0.067773 -0.021595 -0.392901 -0.149325 -0.314389 0.268297 -0.219918 -0.123555 -0.096418 0.254111 -0.044028 
1.570702 -0.445628 0.593590 0.105089 0.040604 0.037525 -0.471065 -0.149248 -0.288514 0.278659 -0.219149 -0.152702 -0.066717 0.247659 -0.016739 
1.389355 -0.346252 0.565996 0.057138 0.127129 -0.038143 -0.419189 -0.184020 -0.303385 0.295992 -0.280518 -0.152375 -0.065537 0.238032 -0.042770 
1.357754 -0.265314 0.518609 0.129107 0.083324 -0.014802 -0.442624 -0.199729 -0.280593 0.246680 -0.213815 -0.195187 -0.081210 0.282294 -0.043599 
1.431713 -0.311457 0.470977 0.136021 0.091844 -0.045233 -0.468761 -0.165667 -0.290112 0.264110 -0.254143 -0.193006 -0.074722 0.319325 -0.085777 
1.357242 -0.260403 0.556451 0.123130 0.069140 -0.035074 -0.491572 -0.140765 -0.289765 0.235057 -0.193342 -0.225244 -0.022470 0.305272 -0.094630 
1.427696 -0.255284 0.553414 0.119138 0.046835 -0.044291 -0.468593 -0.140390 -0.328940 0.260767 -0.210237 -0.171805 -0.032820 0.270569 -0.040938 
1.218104 -0.247149 0.466533 0.009129 0.057404 -0.119672 -0.437032 -0.125066 -0.319598 0.318365 -0.238454 -0.091574 0.049563 0.196671 -0.023377 
1.137308 -0.133419 0.372583 0.167914 0.083333 -0.172168 -0.474614 -0.197047 -0.337977 0.293104 -0.247644 -0.246174 0.031836 0.342884 -0.078856 
0.534287 -0.219156 0.088337 0.344452 -0.040178 -0.139253 -0.458717 -0.199069 -0.192324 0.099797 -0.161148 -0.134322 0.096174 0.144904 -0.008132 
1.014425 -0.454293 0.263168 0.181390 0.135832 -0.181568 -0.329759 -0.116436 -0.243937 0.294053 -0.303305 -0.124098 0.098489 0.152923 -0.141750 
0.763207 -0.039559 0.082109 0.380922 -0.010752 -0.167474 -0.435253 -0.267534 -0.239159 0.222583 -0.213202 -0.335842 0.164303 0.263791 -0.108537 
