city021_081
HYUUGA
51
0.069958 -0.292183 0.595523 -0.254721 -0.029428 0.269506 -0.368152 0.003423 -0.191786 -0.021545 0.055594 -0.024293 -0.014916 -0.027583 0.029708 
-0.102193 -0.489428 0.947744 -0.132071 -0.135376 0.305929 -0.353263 0.120023 -0.045351 -0.072141 0.019141 0.023739 -0.079777 0.038705 0.018444 
-0.028680 -0.677402 0.833760 -0.210210 -0.229489 0.214917 -0.377230 0.064937 -0.045497 -0.072835 0.019807 0.120706 -0.141757 0.062419 0.077202 
-0.064043 -0.933088 0.853053 -0.138645 -0.134510 0.166438 -0.366702 0.162495 -0.076385 -0.011311 0.001277 0.044020 -0.056017 0.040732 -0.013888 
0.003436 -1.085687 0.782808 -0.348280 -0.431694 0.072966 -0.280144 0.183725 0.016056 0.139599 -0.063428 0.105268 -0.031018 -0.010206 -0.063467 
-0.059880 -1.114710 0.955878 -0.310278 -0.414759 0.168494 -0.229806 0.175928 -0.049700 0.111701 -0.124387 0.100670 0.049000 -0.113342 0.007040 
0.686431 -0.750819 1.160423 -0.316307 -0.380378 0.267138 -0.120441 -0.006084 -0.180184 0.201752 -0.162693 0.026737 0.050614 -0.010949 -0.052790 
1.243311 -0.538838 1.268026 -0.257843 -0.228768 0.402158 -0.064989 -0.011005 -0.235063 0.056182 -0.212141 -0.041884 -0.052612 0.021963 -0.140284 
1.659996 -0.417417 1.052800 -0.121945 -0.435907 0.205768 0.094136 0.198286 -0.275156 0.037400 -0.156105 -0.112272 -0.125162 -0.031823 0.022364 
1.177463 -0.405440 1.126078 0.176247 -0.298685 0.274746 -0.022109 0.209374 -0.243734 0.089353 0.018786 -0.091357 -0.000455 0.025991 -0.106562 
1.257018 -0.850183 1.367048 0.375068 -0.444296 0.118176 -0.254902 0.241210 -0.427672 -0.228952 0.138524 -0.188401 -0.224238 0.143160 -0.131022 
1.116116 -1.198312 1.467655 0.324665 -0.370565 -0.008827 -0.316278 0.326865 -0.490300 -0.218326 0.110365 -0.113564 -0.215964 0.122763 -0.073931 
1.174593 -1.129893 1.341612 0.367157 -0.274900 -0.074404 -0.332432 0.294049 -0.450403 -0.254209 0.055985 -0.124523 -0.191625 0.112516 -0.102384 
1.260724 -1.206036 1.330475 0.317530 -0.176943 -0.071527 -0.426308 0.315293 -0.419913 -0.225822 -0.023568 -0.123505 -0.139615 0.118239 -0.146150 
1.294475 -1.161451 1.218336 0.324164 -0.108824 -0.051002 -0.495011 0.273616 -0.317177 -0.218920 -0.075017 -0.151181 -0.099198 0.181718 -0.227228 
1.393237 -1.142518 1.249219 0.223851 -0.044738 -0.044363 -0.516821 0.285023 -0.360909 -0.099284 -0.130878 -0.166908 -0.059498 0.177803 -0.198801 
1.422992 -1.112762 1.195108 0.127243 -0.021119 0.002499 -0.552867 0.239977 -0.360728 -0.043603 -0.089379 -0.216910 -0.050083 0.225024 -0.167286 
1.500748 -1.134890 1.160755 0.044189 0.033901 0.053570 -0.613330 0.209586 -0.362132 0.007567 -0.102292 -0.247805 -0.051054 0.261209 -0.165180 
1.533120 -1.065629 1.104991 -0.017832 0.063950 0.057401 -0.627832 0.128029 -0.341246 0.099594 -0.128801 -0.257152 -0.042269 0.295662 -0.117902 
1.501164 -0.934646 0.976708 0.008978 0.039066 0.064547 -0.574846 0.041304 -0.305733 0.115943 -0.084472 -0.265810 -0.051340 0.305957 -0.090006 
1.629073 -0.959821 0.959018 -0.084971 0.051873 0.094816 -0.558927 0.027065 -0.366259 0.148363 -0.081363 -0.224808 -0.093606 0.299071 -0.069448 
1.544913 -0.791841 0.893400 -0.155244 0.049265 0.128656 -0.526266 -0.019287 -0.392562 0.115814 0.024037 -0.248271 -0.097165 0.280106 -0.073512 
1.561219 -0.754128 0.899491 -0.205646 0.052089 0.121608 -0.516116 -0.023409 -0.428140 0.132147 0.001912 -0.227282 -0.085621 0.263175 -0.079779 
1.555615 -0.660464 0.903530 -0.209032 0.057150 0.139371 -0.497936 -0.017749 -0.462102 0.129558 0.019333 -0.233750 -0.097368 0.240456 -0.070813 
1.604706 -0.554193 0.860614 -0.233517 0.165706 0.155546 -0.521956 -0.022401 -0.504121 0.200547 0.038439 -0.249843 -0.118811 0.208305 -0.025379 
1.587167 -0.531734 0.831464 -0.153793 0.136016 0.156314 -0.428586 -0.023844 -0.543303 0.185263 -0.006146 -0.232871 -0.149717 0.169657 -0.035715 
1.564512 -0.416923 0.728592 -0.111941 0.180676 0.139161 -0.355173 -0.024603 -0.555990 0.174594 -0.014866 -0.241320 -0.149300 0.122810 -0.055358 
1.460292 -0.333890 0.702473 -0.149603 0.225081 0.138315 -0.279429 -0.045282 -0.574333 0.234745 -0.092553 -0.219905 -0.101863 0.048156 -0.068746 
1.536571 -0.175867 0.669576 -0.065214 0.287433 0.081628 -0.314618 0.008627 -0.612811 0.288575 -0.054338 -0.217103 -0.149572 0.076601 0.012323 
1.512444 -0.155641 0.524044 0.014378 0.145701 0.197014 -0.264904 -0.081754 -0.510030 0.160511 -0.033514 -0.268655 -0.112208 0.063412 -0.108275 
1.360484 -0.164337 0.594684 0.014756 0.194633 0.138947 -0.289780 -0.065484 -0.426561 0.182090 -0.146835 -0.253052 -0.062384 0.036344 -0.107551 
1.342970 -0.136774 0.470125 0.097097 0.198060 0.100935 -0.200714 -0.077745 -0.430738 0.184593 -0.129530 -0.220490 -0.133909 0.090653 -0.111742 
1.213995 -0.274933 0.500871 0.135683 0.312305 -0.043295 -0.270483 -0.081964 -0.340631 0.183143 -0.176731 -0.178872 -0.199544 0.171531 -0.044364 
1.176115 -0.243115 0.608391 -0.095177 0.220743 0.090391 -0.391519 -0.087975 -0.459801 0.227762 -0.111305 -0.190018 -0.092303 0.062969 0.008413 
1.297691 -0.260668 0.710580 -0.140735 0.148543 0.006043 -0.437444 -0.090750 -0.457696 0.242683 -0.090198 -0.160533 -0.093554 0.214714 0.001812 
1.487224 -0.482666 0.697114 -0.235229 0.107820 -0.010277 -0.521601 -0.080200 -0.482269 0.266466 -0.044708 -0.156240 -0.017592 0.207209 0.037038 
1.597794 -0.622468 0.683157 -0.299742 0.100163 -0.029977 -0.581294 -0.077229 -0.428455 0.280823 0.031987 -0.113421 -0.031959 0.265941 0.075911 
1.585634 -0.795434 0.623027 -0.375926 0.040267 -0.035216 -0.543841 -0.082603 -0.347092 0.331046 0.084418 -0.045656 -0.050394 0.277615 0.075049 
1.643610 -0.906529 0.452692 -0.344775 -0.118401 0.027252 -0.453955 -0.159241 -0.260247 0.357514 0.153056 0.018028 -0.098992 0.264572 0.025707 
1.757090 -1.086512 0.373380 -0.450769 -0.224716 0.070556 -0.422611 -0.080376 -0.213466 0.377299 0.253542 0.076198 -0.157680 0.204371 -0.014126 
1.562750 -1.162777 0.344100 -0.563553 -0.187591 0.032213 -0.359891 0.026880 -0.249896 0.332536 0.278614 0.173824 -0.223025 0.107754 -0.002053 
1.568506 -1.083809 0.192478 -0.532607 -0.202630 -0.006282 -0.306273 0.049876 -0.224525 0.261695 0.321055 0.254782 -0.260562 0.007268 0.033133 
1.597108 -1.230943 0.182967 -0.553149 -0.233786 0.065070 -0.256831 0.085410 -0.174189 0.311463 0.264640 0.183215 -0.326160 -0.009702 0.016964 
1.535102 -1.196705 0.080953 -0.535248 -0.252274 0.050553 -0.160891 0.046292 -0.147815 0.275623 0.294661 0.191845 -0.334020 -0.093173 0.031534 
1.955949 -1.368079 0.198659 -0.542465 -0.311772 0.209682 -0.254002 0.114805 -0.159421 0.276695 0.218535 0.185507 -0.387729 0.013842 -0.011326 
1.683902 -1.197169 0.013055 -0.478382 -0.387709 0.248456 -0.220496 0.117570 -0.064926 0.218292 0.274919 0.041231 -0.338721 0.020614 -0.088161 
1.521956 -1.041968 -0.086166 -0.420520 -0.455665 0.292930 -0.272653 0.085917 -0.070326 0.219066 0.469872 0.002142 -0.397570 -0.014700 -0.095038 
1.668637 -1.209226 0.100608 -0.527574 -0.379576 0.286686 -0.282798 0.113130 -0.068602 0.202903 0.351123 0.042820 -0.389574 0.064404 -0.106820 
1.182391 -0.948438 0.005506 -0.589001 -0.255095 0.107572 -0.230343 0.119618 -0.195654 0.467715 0.241273 -0.005483 -0.261848 0.017060 -0.134506 
1.309521 -1.049551 -0.095934 -0.458966 -0.312435 0.180687 -0.274471 0.168701 -0.166148 0.300276 0.340715 -0.089729 -0.217832 0.047643 -0.161609 
1.250520 -0.087187 -0.359414 -0.148157 -0.273477 0.079909 -0.163901 -0.005775 -0.069156 0.380536 0.407405 -0.186263 -0.187569 0.025609 -0.084168 
