city021_009
KESENNUMA
83
0.012123 0.158625 -0.004826 0.243724 -0.246886 -0.012709 -0.300642 -0.226190 -0.148696 -0.041879 0.007053 0.072347 -0.095072 0.133424 0.033946 
0.170956 -1.446829 0.444538 -0.377486 -0.295341 0.119825 0.097133 0.121209 0.020537 0.107905 -0.319640 0.153078 -0.024372 -0.067802 0.039206 
0.429059 -1.014726 0.789396 -0.345179 -0.238828 0.061601 -0.165109 -0.096094 -0.141149 0.343214 -0.253207 0.179299 0.005453 -0.030924 0.029670 
0.418011 -0.511617 0.892730 -0.150591 -0.156233 0.124702 -0.123273 -0.082837 -0.201831 0.189345 -0.255098 0.120344 -0.031862 -0.013208 -0.005130 
1.435305 -0.915622 1.088426 0.109303 -0.351427 -0.038779 -0.218385 0.091951 -0.428374 0.099364 -0.106774 0.006910 -0.063941 0.083868 -0.027818 
1.545892 -0.722518 1.088671 0.029283 -0.434575 -0.143756 -0.269384 0.056339 -0.472644 0.030223 -0.090314 0.064022 -0.050704 0.081395 0.048740 
1.526276 -1.006444 1.160134 0.047156 -0.383409 -0.149882 -0.320820 0.120294 -0.494895 0.043719 -0.107933 0.062394 -0.045010 0.108268 -0.008302 
1.452213 -0.988455 1.127357 0.130012 -0.392518 -0.197470 -0.301966 0.149073 -0.451195 0.059272 -0.105337 0.088191 0.002734 0.057776 0.003018 
1.515963 -0.974539 1.137615 0.052600 -0.355541 -0.222781 -0.295657 0.176571 -0.455559 0.079149 -0.121925 0.121591 -0.005170 0.055526 -0.006587 
1.623118 -0.925633 1.019755 0.057652 -0.322657 -0.171605 -0.286024 0.147589 -0.419487 0.091813 -0.191927 0.139670 -0.001808 0.003012 0.007204 
1.637440 -0.992033 0.873441 0.166816 -0.242713 -0.199514 -0.224445 0.091048 -0.416261 0.126128 -0.314448 0.166589 0.013477 -0.060984 0.010546 
1.390799 -0.780136 0.741344 0.167546 -0.173455 -0.255977 -0.179057 0.032466 -0.384614 0.065979 -0.367065 0.220712 -0.026819 -0.045840 -0.017062 
0.970637 -0.022295 0.711104 0.109651 0.107178 -0.026611 0.017722 0.087418 -0.141405 0.079010 -0.200716 0.090964 -0.046815 -0.060615 -0.017333 
0.131083 0.058066 0.610567 0.217413 0.048075 0.015218 0.026693 0.215157 -0.040672 -0.016097 0.113362 -0.056512 0.145018 -0.142124 0.073326 
0.062637 -0.310120 0.485857 0.251112 -0.049445 -0.055598 -0.003579 0.043712 0.074710 -0.028139 -0.092794 0.080708 0.064176 -0.109047 0.088543 
-0.149811 -0.355251 0.210474 0.164124 0.034714 0.050910 -0.009669 -0.039222 -0.169423 0.071774 0.093606 -0.015180 -0.099150 -0.039640 0.157791 
-0.413297 -0.249949 0.429063 0.188121 0.045843 -0.093519 0.083212 0.073484 -0.056023 0.069539 -0.076865 0.071736 0.014716 -0.081450 0.103455 
-0.871093 -0.658403 0.246465 -0.047506 0.212456 0.011350 0.142600 -0.142974 -0.071057 0.096325 -0.021729 0.092399 -0.062135 -0.095367 0.145089 
-0.728987 -0.497587 0.255668 -0.077912 -0.010949 -0.088474 0.001642 0.051611 -0.063844 0.039542 0.034584 -0.053487 0.028329 -0.031000 0.120206 
-0.343449 -0.196454 0.059560 -0.163743 0.042486 -0.085630 0.238063 -0.165840 -0.159423 0.105509 0.071558 -0.110518 0.153874 -0.184541 0.157800 
0.052536 -0.148434 0.484966 0.082597 0.164894 -0.040518 0.054566 0.075280 0.087372 -0.174449 0.099124 0.054375 -0.003147 -0.085657 0.036397 
0.551851 -0.285366 0.777107 0.057569 -0.092820 -0.098847 -0.174748 -0.126708 -0.010056 -0.003633 -0.254062 0.125550 0.041279 -0.102087 0.076397 
1.574845 -0.838769 0.786838 0.121944 -0.075669 -0.193438 -0.339867 0.022724 -0.310112 0.102666 -0.378046 0.076402 0.035777 0.052047 -0.086334 
1.655684 -0.994527 0.791613 -0.093241 -0.199524 -0.131161 -0.371193 0.032832 -0.238885 -0.084507 -0.169878 0.060649 0.105688 0.099923 -0.147122 
1.627014 -1.110651 0.801825 -0.223683 -0.112122 -0.148012 -0.370624 0.064091 -0.363399 -0.022254 -0.193586 0.141115 0.101880 0.063091 -0.062299 
1.554285 -1.101395 0.685776 -0.267407 -0.025261 -0.152736 -0.321741 -0.026065 -0.365182 -0.016438 -0.149857 0.153991 0.109186 0.054256 -0.064701 
1.571791 -1.091345 0.688087 -0.272297 -0.067962 -0.120174 -0.312348 -0.033912 -0.371169 -0.025270 -0.158577 0.162792 0.095619 0.088476 -0.092135 
1.587408 -1.080922 0.758352 -0.223317 -0.108642 -0.137075 -0.340544 0.014777 -0.341285 -0.016030 -0.209096 0.157690 0.094406 0.070158 -0.071331 
1.583675 -1.036977 0.780564 -0.145464 -0.147625 -0.144551 -0.333439 0.005219 -0.298987 -0.068352 -0.188187 0.105559 0.093089 0.085211 -0.120438 
1.591634 -0.941931 0.776890 -0.037288 -0.186739 -0.150103 -0.368713 0.008908 -0.227086 -0.085485 -0.194409 0.067606 0.081624 0.121650 -0.172047 
1.678557 -0.825630 0.798270 0.120984 -0.239322 -0.162896 -0.407942 0.033462 -0.202815 0.007413 -0.251676 0.058911 0.124496 0.075536 -0.143457 
1.810797 -0.794498 0.775276 0.311029 -0.305185 -0.078010 -0.435890 0.047684 -0.205061 0.016326 -0.275257 0.032804 0.101519 0.085665 -0.179134 
1.805201 -0.617343 0.668743 0.354560 -0.271554 -0.065842 -0.354622 0.001660 -0.179722 -0.010578 -0.308034 0.007507 0.048988 0.083908 -0.208623 
1.933990 -0.654741 0.698434 0.402101 -0.292773 -0.031941 -0.296278 0.009313 -0.242314 0.114508 -0.377595 -0.024541 0.078762 0.024768 -0.174458 
1.486314 -0.410158 0.996379 0.438209 -0.430318 0.199822 -0.182765 -0.113246 -0.242008 0.034107 -0.311709 -0.063492 -0.058614 -0.042467 -0.100687 
1.409647 -0.366543 1.019762 0.212998 -0.624173 0.453256 -0.143143 -0.133249 -0.263608 -0.046884 -0.214118 -0.163680 -0.066224 -0.049113 -0.083016 
1.391884 -0.417289 1.090843 0.152247 -0.491520 0.378930 -0.143371 -0.134139 -0.301742 0.031811 -0.301470 -0.082406 -0.098550 -0.052866 -0.078405 
1.432747 -0.426176 1.117120 0.109214 -0.535363 0.456867 -0.181732 -0.142736 -0.290169 0.014450 -0.286886 -0.087186 -0.109077 -0.017767 -0.097206 
1.479660 -0.397876 1.081433 0.213300 -0.580841 0.530631 -0.279416 -0.174525 -0.184717 -0.089405 -0.194232 -0.141754 -0.090501 0.001668 -0.144145 
1.397525 -0.362094 1.081792 0.194350 -0.524762 0.463179 -0.245891 -0.170799 -0.194208 -0.062490 -0.236812 -0.107065 -0.090024 -0.034000 -0.105594 
1.387415 -0.395419 1.092695 0.144577 -0.482485 0.473121 -0.252478 -0.167790 -0.213587 -0.033042 -0.272795 -0.085848 -0.093818 -0.042954 -0.107184 
1.414831 -0.431507 1.138763 0.116020 -0.509718 0.510409 -0.255228 -0.151837 -0.241243 -0.011802 -0.286957 -0.079302 -0.102820 -0.041584 -0.101275 
1.317919 -0.316912 1.049284 0.167416 -0.485010 0.467788 -0.200254 -0.225097 -0.151284 -0.082409 -0.246857 -0.095872 -0.102384 -0.044190 -0.112382 
1.413718 -0.433274 1.103250 0.159505 -0.475886 0.511458 -0.253929 -0.156849 -0.211235 -0.054407 -0.238094 -0.110928 -0.116561 -0.010902 -0.152642 
1.398063 -0.409416 1.102278 0.182451 -0.456513 0.490346 -0.253987 -0.175641 -0.190017 -0.045016 -0.250489 -0.107528 -0.098124 -0.036598 -0.132112 
1.364133 -0.364312 1.087630 0.233786 -0.509756 0.541096 -0.279992 -0.187092 -0.157115 -0.081964 -0.198309 -0.143091 -0.089443 -0.024211 -0.137145 
1.409250 -0.399228 1.109843 0.193192 -0.488307 0.515680 -0.248094 -0.185573 -0.171782 -0.058585 -0.237453 -0.090780 -0.131484 0.002305 -0.149105 
1.296555 -0.348751 1.174430 0.089365 -0.441086 0.432711 -0.175921 -0.169417 -0.237892 -0.000756 -0.289753 -0.066532 -0.146196 0.002582 -0.133933 
1.314466 -0.378271 1.133627 0.189075 -0.479156 0.513959 -0.262454 -0.179271 -0.209396 -0.026933 -0.241307 -0.124668 -0.101322 -0.019792 -0.132015 
1.355797 -0.494275 1.057686 0.253191 -0.382913 0.528789 -0.299593 -0.237378 -0.165836 -0.000870 -0.251393 -0.121389 -0.145729 0.018138 -0.155589 
1.263786 -0.504778 0.992786 0.069631 -0.087372 0.324713 -0.240181 -0.184330 -0.309583 0.157483 -0.374224 -0.012073 -0.178937 -0.037296 -0.043964 
1.701221 -0.556085 0.824669 0.004679 0.112382 0.059362 -0.296554 -0.179983 -0.337118 0.474295 -0.418139 -0.018597 -0.035777 0.023876 0.102998 
1.815892 -0.603712 0.707437 0.074255 0.010999 0.106561 -0.452776 -0.103824 -0.337439 0.377113 -0.219263 -0.131870 0.010477 0.111369 0.066168 
1.789711 -0.650838 0.681225 -0.043607 -0.006672 0.073441 -0.452941 -0.067924 -0.368440 0.366962 -0.150549 -0.118549 0.033393 0.116654 0.042676 
1.890648 -0.693481 0.684322 -0.078108 -0.046681 0.169757 -0.484590 -0.087758 -0.390823 0.351901 -0.074695 -0.148419 0.021155 0.116998 0.028169 
1.838268 -0.601392 0.601471 -0.028588 -0.172189 0.272617 -0.392132 -0.098109 -0.373640 0.150790 0.003859 -0.166966 -0.013710 0.130843 -0.106747 
1.644761 -0.498558 0.738802 0.039214 -0.423211 0.503503 -0.089351 -0.068887 -0.366853 -0.025713 -0.099829 -0.103060 -0.056272 0.101957 -0.181225 
1.416127 -0.568574 0.904276 0.044899 -0.326874 0.508680 0.005188 -0.180929 -0.457839 0.046104 -0.283106 -0.031643 -0.121596 -0.028721 -0.127093 
1.302201 -0.527446 0.956756 0.005805 -0.281501 0.460918 -0.032089 -0.173113 -0.439240 0.056842 -0.274574 -0.048010 -0.129869 -0.028525 -0.110521 
1.322201 -0.527119 0.983713 0.032920 -0.381126 0.542747 -0.093627 -0.139384 -0.385766 -0.047239 -0.171792 -0.129488 -0.118215 0.024095 -0.160496 
1.293969 -0.491783 0.970406 -0.024061 -0.333519 0.478763 -0.014095 -0.111292 -0.450050 0.010564 -0.246778 -0.077925 -0.122189 0.021525 -0.127981 
1.378164 -0.535398 0.944214 0.066241 -0.427581 0.533249 -0.027012 -0.126168 -0.387325 -0.017689 -0.233723 -0.063489 -0.123927 0.009432 -0.103230 
1.361926 -0.519753 0.971111 -0.027911 -0.386668 0.485645 -0.002298 -0.079838 -0.407561 -0.013121 -0.255854 -0.054303 -0.105117 0.002841 -0.063857 
1.427761 -0.529308 0.989487 -0.091329 -0.440592 0.504808 0.035526 -0.065130 -0.422320 0.010384 -0.303447 -0.061285 -0.061311 0.004244 -0.033170 
1.699668 -0.529269 0.825994 -0.293861 -0.408261 0.514456 -0.054502 0.072909 -0.489401 -0.038439 -0.239769 -0.070226 0.042853 0.083479 -0.032890 
1.784426 -0.725514 0.411756 -0.647538 -0.221954 0.196559 -0.107122 0.090068 -0.336169 0.097402 0.075145 0.026681 0.002486 0.191169 -0.140811 
1.785697 -0.732817 0.255262 -0.775386 -0.177075 0.162870 -0.132215 0.157884 -0.252284 0.213673 0.217472 -0.021212 -0.094094 0.079358 -0.169648 
1.742436 -0.850703 0.242492 -0.787575 -0.149190 0.158336 -0.146086 0.109534 -0.194482 0.243755 0.252073 -0.016682 -0.167648 0.065538 -0.184629 
1.703419 -0.840480 0.195442 -0.810224 -0.145834 0.216978 -0.102390 0.109352 -0.186357 0.211251 0.287437 -0.004356 -0.229342 0.048813 -0.218116 
1.719682 -0.865365 0.173011 -0.815471 -0.130359 0.240473 -0.095142 0.136671 -0.215618 0.245854 0.256168 -0.011692 -0.248158 0.031501 -0.204136 
1.682917 -0.875291 0.154218 -0.817901 -0.111585 0.228800 -0.075762 0.115276 -0.207626 0.262847 0.228106 -0.019140 -0.240753 0.019541 -0.196482 
1.651511 -0.850742 0.124801 -0.821801 -0.075821 0.195518 -0.058317 0.172609 -0.233296 0.242573 0.246123 -0.029516 -0.248156 -0.014030 -0.153515 
1.729604 -0.890057 0.103286 -0.832892 -0.053161 0.194260 -0.060755 0.189133 -0.243225 0.244671 0.243358 -0.027337 -0.274314 -0.009964 -0.153544 
1.791008 -0.918526 0.010146 -0.770129 -0.091597 0.201619 -0.112581 0.211557 -0.270709 0.258161 0.267656 -0.081099 -0.243087 0.019067 -0.163131 
2.009973 -0.995177 -0.069769 -0.667070 -0.154883 0.276484 -0.207120 0.286454 -0.351601 0.299979 0.232320 -0.118246 -0.186147 0.012148 -0.100725 
1.928031 -0.940599 -0.010828 -0.600952 -0.167042 0.349785 -0.253509 0.247224 -0.362423 0.296604 0.158623 -0.104317 -0.053087 -0.024918 -0.098442 
1.834274 -0.833064 -0.064617 -0.534812 -0.063639 0.368873 -0.260040 0.182632 -0.378529 0.243679 0.190775 -0.064809 -0.094502 0.005707 -0.111774 
1.823064 -0.683383 -0.045824 -0.434509 -0.066408 0.285806 -0.338075 0.143804 -0.393173 0.325850 0.178423 -0.051208 -0.086227 0.000474 -0.063463 
1.559145 -0.577479 -0.440126 -0.365953 -0.219047 0.224884 -0.236480 0.145611 -0.277271 0.263793 0.298936 -0.123796 -0.082438 -0.015433 -0.114095 
1.587314 -0.623424 -0.496919 -0.484470 -0.167562 0.173380 -0.199258 0.256576 -0.258635 0.263725 0.229365 -0.125128 -0.095190 -0.044921 -0.100391 
1.358917 -0.543231 -0.366831 -0.372990 -0.094264 0.311764 -0.169675 0.067208 -0.312914 0.266360 0.179564 -0.083801 -0.056288 -0.045627 -0.088810 
0.638845 -0.190187 -0.589261 -0.308492 -0.320421 0.171735 -0.081559 -0.001294 -0.084687 0.250811 0.166642 -0.006253 -0.104566 -0.023173 -0.208185 
0.143628 -0.287186 -0.548424 -0.326504 -0.429214 0.233605 -0.001723 -0.070283 -0.035385 0.237421 0.175875 0.042008 -0.135125 -0.104677 -0.197529 
