city021_032
MIKAWASHIMA
83
1.056307 0.074832 0.356608 0.143458 -0.330738 -0.082611 -0.004909 -0.047789 -0.188098 -0.215026 -0.047677 0.037529 -0.213065 0.136185 0.028293 
0.666121 0.177719 0.515277 0.093996 -0.252275 0.036099 0.003558 -0.065895 -0.229415 -0.124049 -0.018773 -0.053197 -0.142805 0.071057 0.028788 
1.006296 0.290183 0.530391 0.215905 -0.172587 -0.027221 0.007436 -0.043585 -0.296471 -0.160328 -0.078296 -0.071200 -0.266650 0.069794 0.028336 
1.309521 0.100781 0.547293 0.286896 -0.230118 0.021492 0.007234 0.033664 -0.267392 -0.238857 -0.043757 -0.095592 -0.274668 0.040186 0.009399 
1.240704 0.204540 0.935212 0.324573 -0.326212 0.086765 -0.131210 0.018315 -0.207918 -0.230046 -0.019566 -0.030767 -0.280297 0.021636 0.067485 
1.255152 0.150615 0.878136 0.325475 -0.211431 -0.006036 -0.100060 0.037397 -0.251369 -0.183235 -0.046181 -0.004421 -0.303719 0.074719 0.032425 
1.397859 -0.031916 0.910720 0.347929 -0.231109 -0.003759 -0.126404 0.064894 -0.271994 -0.179084 -0.001521 -0.032355 -0.290971 0.118702 0.022122 
1.076061 -0.473400 1.521183 0.018242 -0.452241 0.163919 -0.296974 0.128203 -0.341975 -0.173086 0.136841 -0.172741 -0.112947 0.138664 -0.138467 
0.947608 -0.408581 1.625447 -0.268608 -0.308539 0.176187 -0.369356 0.163919 -0.353465 -0.118001 0.030110 -0.055214 -0.150443 0.059066 0.015617 
0.834372 -0.398420 1.672074 -0.337162 -0.224834 0.103652 -0.313187 0.136435 -0.418664 -0.041321 -0.039573 -0.054105 -0.151472 0.064591 0.024695 
0.830535 -0.405986 1.611001 -0.276374 -0.266323 0.113668 -0.290724 0.070148 -0.415636 -0.038236 -0.066997 -0.085384 -0.127377 0.059486 0.014813 
0.834039 -0.400048 1.633951 -0.253319 -0.291051 0.077940 -0.211578 0.020060 -0.467528 0.033468 -0.132685 -0.098574 -0.129176 0.081895 -0.040237 
0.578699 -0.358088 1.535737 -0.090479 -0.225493 -0.080652 -0.086595 0.058328 -0.656541 0.159720 -0.116563 -0.229105 -0.090684 0.135714 -0.092056 
0.307060 -0.218274 1.398131 0.258671 -0.358477 -0.064527 0.071553 0.043784 -0.652409 0.126240 0.019770 -0.372232 -0.102100 0.186859 -0.137487 
0.304845 0.032923 0.879355 0.436073 -0.363616 0.065955 0.086986 -0.046582 -0.386441 0.018748 0.047240 -0.316684 -0.043081 0.071870 -0.074345 
0.079906 0.133000 0.504915 0.252356 -0.192032 0.037450 -0.041929 0.027017 -0.111440 -0.128266 0.078873 -0.033340 -0.080734 0.010072 0.030296 
0.130587 -0.099725 0.223181 0.208208 -0.019395 -0.120729 -0.194795 0.059279 0.101004 -0.136774 -0.138448 0.172777 0.001549 -0.033523 -0.047974 
-0.106222 -0.814601 0.091571 0.388127 0.011483 -0.278389 -0.196621 0.135393 0.023814 -0.005519 -0.114194 0.081465 0.056825 -0.025598 -0.036562 
0.774338 -1.447075 -0.156833 0.061274 0.151280 -0.044794 -0.254990 0.048287 0.072783 0.187278 -0.206864 0.065754 -0.037913 0.070904 -0.041789 
0.803385 -1.385294 -0.015832 0.076130 0.092919 -0.295005 -0.262844 0.126297 0.090958 0.209568 -0.222885 0.103079 -0.066109 0.150454 -0.086474 
0.462480 -1.121804 0.012536 0.104390 0.390465 -0.187242 -0.325409 0.005402 0.038933 0.266884 -0.256508 0.059639 -0.058562 0.118230 0.005445 
1.454961 -0.561251 0.392384 -0.061878 0.119338 -0.234542 -0.293773 0.005541 -0.180322 0.204447 -0.273110 0.054941 -0.000423 0.161197 -0.054012 
1.783366 -0.945116 0.585856 -0.425431 -0.082482 -0.039552 -0.425420 -0.060687 -0.337056 0.327242 0.073726 -0.028956 0.008215 0.253453 -0.018059 
1.593403 -0.964203 0.456485 -0.551859 -0.125600 -0.132798 -0.221851 -0.135937 -0.209767 0.251363 0.152540 0.058622 0.027401 0.197528 -0.074126 
1.551745 -1.019135 0.408765 -0.639514 -0.154585 -0.231834 -0.117301 -0.045387 -0.174055 0.241232 0.121360 0.114401 0.048433 0.147137 -0.084449 
1.563035 -1.020532 0.313411 -0.533938 -0.188730 -0.374931 -0.050786 0.035474 -0.090209 0.193708 0.132005 0.072455 0.058022 0.115211 -0.084595 
1.606195 -0.985171 0.361088 -0.475247 -0.151068 -0.444201 -0.139936 0.114056 -0.126131 0.223315 0.095600 0.036062 0.127914 0.111356 -0.132404 
1.637212 -1.017013 0.388200 -0.471158 -0.129182 -0.469162 -0.144514 0.134249 -0.149942 0.223949 0.040817 0.119800 0.063689 0.123152 -0.057213 
1.666176 -1.034307 0.383283 -0.468618 -0.060620 -0.399112 -0.206114 0.069505 -0.095588 0.123513 0.112791 0.123713 0.048472 0.085486 0.001990 
1.707237 -1.098519 0.387056 -0.472647 -0.160650 -0.269348 -0.224770 0.046195 -0.111585 0.066592 0.068965 0.169014 0.094819 0.092146 -0.014623 
1.655502 -1.099727 0.296521 -0.469884 -0.182405 -0.205199 -0.190607 0.066305 -0.194638 0.036280 0.112710 0.134018 0.157668 0.097823 -0.070498 
1.716610 -1.171231 0.342691 -0.544241 -0.196825 -0.190012 -0.168224 0.068763 -0.178813 0.034909 0.110964 0.142631 0.176064 0.069112 -0.057825 
1.649790 -1.112254 0.317013 -0.504895 -0.142758 -0.235637 -0.186712 0.080443 -0.143142 0.054109 0.162609 0.147685 0.036118 0.076506 -0.021050 
1.639307 -1.119717 0.345751 -0.583241 -0.176978 -0.303658 -0.075100 0.123082 -0.227696 0.200668 0.122473 0.113818 0.014792 0.124497 -0.036974 
1.572219 -1.132203 0.345146 -0.610248 -0.239013 -0.228230 -0.025086 0.059433 -0.192755 0.223960 0.111731 0.123183 -0.003913 0.129604 -0.087791 
1.595966 -1.046024 0.392530 -0.632319 -0.192201 -0.173884 -0.091874 -0.020820 -0.153815 0.253702 0.197900 0.052110 -0.018653 0.109282 -0.084938 
1.563949 -0.889679 0.392406 -0.608755 -0.095723 -0.146293 -0.171634 -0.087038 -0.162877 0.337437 0.269038 -0.003115 -0.073450 0.119346 -0.037795 
1.605751 -0.896296 0.455485 -0.477745 -0.102615 -0.173837 -0.225114 -0.172025 -0.068809 0.406885 0.104673 -0.008656 -0.006520 0.146231 -0.011916 
1.527125 -0.914064 0.550088 -0.417057 0.006045 -0.189707 -0.323008 -0.247309 -0.148773 0.420062 -0.109003 0.006922 0.193961 0.039273 0.073285 
1.565310 -0.860666 0.544790 -0.405645 0.017746 -0.047814 -0.431267 -0.187133 0.021832 0.141569 -0.212638 0.099053 0.136432 0.068519 -0.007503 
0.848714 -0.367826 0.563047 -0.256307 0.276814 -0.237558 -0.236223 -0.251254 0.068641 0.101239 -0.278750 0.050128 0.094130 0.006045 0.012060 
-0.054939 0.144114 0.462622 -0.292703 0.327241 -0.425050 -0.025194 -0.065867 0.061566 -0.014296 -0.122107 0.097960 0.028310 0.006666 -0.062309 
-0.445799 0.276753 0.673055 -0.461048 0.557636 -0.429176 0.099117 -0.059577 -0.008829 0.022253 -0.085068 0.025284 0.031388 -0.042831 0.005079 
-0.602365 0.093110 0.540530 -0.717278 0.327668 -0.507536 -0.115921 0.000267 -0.088067 0.070392 0.062977 0.075096 -0.005572 0.101791 -0.026284 
-0.706712 0.005074 0.567250 -0.665616 0.460291 -0.197727 0.110646 0.016369 -0.079163 0.056049 -0.007837 -0.020062 0.021462 -0.008895 0.010291 
-0.754791 -0.085167 0.602147 -0.843745 0.521137 -0.341528 0.038732 -0.043266 0.039598 0.047517 -0.082823 0.113841 -0.097680 0.060204 0.015268 
-0.832637 -0.153832 0.704034 -0.640724 0.479930 -0.399306 -0.012067 -0.024172 -0.027659 0.111280 -0.118162 0.041903 0.042599 0.000941 0.000931 
-0.870466 -0.149160 0.745848 -0.774067 0.489934 -0.251677 0.092177 0.026098 -0.010268 0.020637 -0.071128 0.087817 -0.041027 -0.028559 0.078825 
-1.401788 -0.547736 0.621097 -0.759519 0.494630 -0.255662 0.083990 -0.016441 0.048224 0.045738 -0.177079 0.138162 0.012132 -0.103141 0.089232 
-1.017221 -0.362455 0.746116 -0.748825 0.283782 -0.176233 0.074666 -0.078043 0.011280 0.101033 -0.093580 0.038292 0.021276 -0.043501 0.042464 
-1.166074 -0.591191 0.681254 -0.808794 0.357249 -0.210306 0.120712 -0.092754 -0.016417 0.233714 -0.227426 0.083082 0.010691 -0.039600 0.015136 
-1.052003 -0.422869 0.807615 -0.855911 0.353487 -0.087238 0.106766 -0.003443 -0.080661 0.097340 -0.101505 0.069846 -0.037348 0.025920 -0.006351 
-0.846074 -0.496770 0.864417 -0.594111 0.358928 -0.232583 0.077117 0.046005 -0.119299 0.188461 -0.161047 0.001539 0.159755 -0.166515 0.063080 
0.189139 -0.420750 1.173077 -0.211931 0.152526 -0.403327 -0.089155 0.070610 -0.290416 0.068191 -0.190106 0.035083 0.098466 -0.090006 -0.034465 
0.837729 -0.821287 1.268747 0.004412 -0.054495 -0.139486 -0.256159 0.090747 -0.339163 -0.051727 -0.277474 0.121908 -0.085841 -0.118643 0.070085 
1.256845 -1.002236 1.433511 0.086010 -0.306534 -0.051764 -0.332090 0.150290 -0.348820 -0.113612 -0.151839 0.091296 -0.101741 0.002425 -0.036136 
1.562698 -1.065112 1.336006 0.286952 -0.371170 -0.048827 -0.366026 0.182620 -0.271070 -0.116224 -0.139744 0.139594 -0.100049 0.057924 0.000926 
1.631307 -0.747784 0.911938 0.364206 -0.250419 0.162327 -0.320410 0.033025 -0.164825 -0.141570 -0.066944 -0.018518 -0.197210 0.077344 -0.000687 
1.685082 -0.548794 0.911650 0.142422 -0.192831 0.268954 -0.260558 0.037905 -0.307630 -0.138779 -0.009131 -0.060829 -0.287691 0.123264 -0.025304 
1.621418 -0.510429 0.802031 0.181196 -0.186791 0.149589 -0.137686 0.044457 -0.406901 -0.082884 -0.011935 -0.149554 -0.233415 0.169930 -0.095965 
1.544906 -0.469380 0.816896 0.204148 -0.302677 0.208097 -0.121971 -0.013219 -0.375171 -0.075294 -0.007766 -0.205188 -0.126912 0.097447 -0.085939 
1.562446 -0.544471 0.838557 0.137430 -0.254878 0.221500 -0.091777 -0.117988 -0.382744 0.042590 -0.103841 -0.110774 -0.143337 0.083461 -0.053611 
1.566509 -0.533641 0.719470 0.127422 -0.285780 0.208313 0.052937 -0.149048 -0.394952 0.041364 -0.182063 -0.034319 -0.128943 0.026761 -0.000290 
1.712228 -0.657249 0.663633 -0.023592 -0.351549 0.365627 0.101168 -0.108766 -0.442671 -0.079566 -0.179994 0.004834 -0.070930 0.093634 -0.041518 
2.097083 -0.744628 0.347693 -0.490219 -0.345764 0.226465 -0.127517 0.058616 -0.363212 0.043423 0.094362 0.006092 -0.002517 0.273538 -0.137352 
1.835995 -0.886173 0.155627 -0.671869 -0.174825 0.038770 -0.116164 0.094407 -0.231905 0.191460 0.247465 0.044583 -0.160460 0.143597 -0.114937 
1.808159 -0.989878 0.168158 -0.736432 -0.209075 0.161681 -0.103956 0.068474 -0.143839 0.220443 0.249831 0.021571 -0.212023 0.046219 -0.141988 
1.782942 -0.935524 0.118318 -0.762403 -0.183039 0.146711 -0.042518 0.143045 -0.151958 0.165650 0.249993 0.018283 -0.244508 0.014175 -0.108799 
1.652659 -0.995776 0.067763 -0.755705 -0.174209 0.117753 -0.004280 0.091904 -0.150558 0.159361 0.284119 -0.001609 -0.208071 -0.009225 -0.115782 
1.676628 -1.005197 0.082727 -0.788990 -0.164816 0.132589 -0.000121 0.101668 -0.141840 0.168037 0.253451 0.027979 -0.247914 -0.009912 -0.114772 
1.633050 -0.903428 0.056940 -0.820630 -0.162808 0.145395 0.025513 0.142546 -0.219105 0.193739 0.252511 0.021354 -0.217517 -0.035063 -0.107660 
1.679096 -0.907221 0.037257 -0.828966 -0.137756 0.136544 0.009745 0.149638 -0.224813 0.194313 0.242445 0.036310 -0.211691 -0.038597 -0.119935 
1.786129 -0.829004 0.041751 -0.819114 -0.134195 0.164563 0.039875 0.154286 -0.240333 0.193260 0.217374 0.038416 -0.237854 0.003767 -0.133220 
1.937682 -0.830873 -0.025853 -0.764371 -0.112312 0.168620 -0.003976 0.162307 -0.239646 0.196531 0.190951 -0.007164 -0.226745 0.042790 -0.104956 
2.138747 -0.753882 -0.078209 -0.692707 -0.184136 0.260377 -0.093377 0.214251 -0.324973 0.220881 0.163293 -0.089436 -0.106703 0.056294 -0.078024 
2.146265 -0.694171 -0.054637 -0.589892 -0.174370 0.324850 -0.162374 0.143636 -0.265374 0.181403 0.192891 -0.110805 -0.103252 0.062186 -0.113533 
2.076864 -0.455931 -0.241141 -0.466732 -0.090938 0.237375 -0.092836 0.031996 -0.298907 0.169159 0.216041 -0.085516 -0.099163 0.042568 -0.088239 
1.696340 -0.563411 -0.072630 -0.553296 -0.073344 0.146212 -0.118449 0.149837 -0.293772 0.364277 0.174350 -0.102990 -0.102748 -0.047626 -0.085103 
1.472742 -0.141444 -0.406532 -0.454876 -0.219656 0.234079 0.002760 0.088110 -0.115329 0.317578 0.327526 -0.248042 -0.154329 -0.125500 -0.196247 
1.086686 -0.832153 -0.243790 -0.554908 0.046315 0.238088 -0.017219 0.125025 -0.309272 0.218840 0.133887 -0.191253 -0.019814 0.083886 -0.154349 
1.270553 -0.753202 -0.299212 -0.538813 -0.230226 0.221364 -0.071103 0.097555 -0.192653 0.349295 0.226860 -0.209315 -0.115365 -0.021787 -0.206926 
0.672112 -0.279655 -0.616560 -0.391840 -0.324424 0.145307 0.052450 -0.029606 0.021616 0.252699 0.208278 -0.088697 -0.229406 -0.087310 -0.112004 
0.638538 -0.145809 -0.408342 -0.244790 -0.310482 0.130719 0.006052 -0.031992 0.015762 0.122342 0.069211 -0.009390 -0.102050 0.035362 -0.041080 
