city021_006
KAMEIDO
60
0.261245 -0.401318 -0.434760 0.127109 0.000387 -0.255642 -0.217907 0.222865 -0.011071 0.151417 -0.089247 0.011063 -0.006881 0.061558 -0.062792 
0.275902 -1.023595 -0.213260 0.310670 0.571298 -0.277586 -0.123263 0.097532 -0.117322 0.257167 -0.129764 0.040008 -0.192510 0.237448 -0.034002 
1.181137 -1.186863 -0.282312 -0.276770 0.303177 -0.011543 -0.173584 -0.100777 -0.062168 0.402132 -0.222385 0.129507 -0.204794 0.140535 0.024065 
0.684362 -0.901075 -0.380615 -0.352658 0.363078 0.012753 -0.249724 -0.076523 0.008771 0.389024 -0.209366 0.117586 -0.216009 0.055220 0.098471 
0.968351 -0.922026 -0.220713 -0.560856 0.410556 -0.117154 -0.323241 -0.141527 -0.023245 0.566125 -0.279097 0.202814 -0.087242 -0.045236 0.088621 
0.959843 -0.590318 0.338981 -0.067651 0.417884 0.187127 -0.193691 -0.087906 -0.245195 0.409960 -0.127279 0.031822 -0.178732 0.048117 0.041348 
1.417115 -0.520223 0.276724 -0.091787 0.164340 0.165336 -0.029304 0.015285 -0.210336 0.315102 -0.183372 0.090269 -0.040186 0.012445 -0.022135 
1.579576 -1.267078 0.328448 -0.602438 -0.147704 0.006577 -0.046804 -0.016038 -0.205558 0.346763 0.034632 0.098292 -0.077602 -0.029206 -0.047147 
1.512336 -1.211725 0.179448 -0.690800 -0.124627 -0.038331 -0.011885 0.001760 -0.151962 0.229866 0.210317 0.079256 -0.109036 -0.027469 -0.121233 
1.490724 -1.180371 0.107458 -0.739828 -0.106968 0.045300 -0.009503 0.052219 -0.110060 0.157543 0.257663 0.017020 -0.151799 -0.087729 -0.089374 
1.512106 -1.132120 0.070034 -0.764389 -0.143140 0.066398 0.021147 0.097900 -0.128512 0.182253 0.223964 -0.016468 -0.130120 -0.120440 -0.080119 
1.530710 -1.080737 0.074455 -0.736209 -0.178018 -0.029954 0.058365 0.094586 -0.122189 0.147293 0.245011 0.038404 -0.143799 -0.054798 -0.108109 
1.650357 -1.032741 0.093833 -0.672021 -0.231600 -0.073499 -0.026731 0.141807 -0.222028 0.138843 0.238501 0.113666 -0.095201 0.094456 -0.122916 
1.780384 -0.822224 0.354169 -0.263240 -0.381578 0.230399 -0.063268 -0.052765 -0.431578 0.148862 -0.008233 0.111451 0.035806 0.043449 0.031681 
1.552255 -0.876722 0.693550 0.120840 -0.195249 0.334129 -0.008129 -0.247624 -0.561326 0.165253 -0.250079 0.107341 -0.162191 -0.124223 0.026944 
1.518088 -0.875639 0.724706 0.158751 -0.158608 0.291088 -0.079966 -0.289765 -0.508508 0.227054 -0.295130 0.066554 -0.182363 -0.118171 0.051132 
1.503772 -0.796466 0.748765 0.158573 -0.165694 0.289444 -0.135652 -0.294636 -0.459123 0.250310 -0.311409 0.031687 -0.179941 -0.081878 0.064445 
1.418693 -0.682511 0.785953 0.152305 -0.121188 0.254229 -0.181565 -0.242312 -0.483019 0.260850 -0.257859 -0.070595 -0.162145 -0.031152 0.035505 
1.441149 -0.629344 0.789702 0.141049 -0.140909 0.196417 -0.137845 -0.212035 -0.502932 0.240335 -0.261743 -0.081524 -0.145828 0.022322 -0.031064 
1.349826 -0.570299 0.815114 0.179374 -0.171242 0.146149 -0.150459 -0.117655 -0.510161 0.165066 -0.214660 -0.129858 -0.132052 0.049260 -0.055220 
1.521746 -1.024223 0.945844 -0.111783 0.004051 0.103454 -0.514327 0.120442 -0.437635 0.075834 -0.036146 -0.187559 -0.057511 0.241348 -0.172898 
1.427672 -1.167325 0.987798 -0.286006 -0.185887 -0.234401 -0.283695 0.273802 -0.238382 0.029839 0.041372 0.045875 0.033673 0.103823 -0.141893 
1.230829 -1.153082 0.991601 -0.311330 -0.181330 -0.262299 -0.107069 0.124721 -0.319209 0.026367 0.037937 0.084679 -0.027655 0.076058 -0.050560 
1.087448 -1.054759 1.114820 -0.277983 -0.222208 -0.216265 -0.032521 -0.011293 -0.356644 0.067894 0.028975 0.012067 -0.048787 0.122342 -0.045218 
1.014063 -1.032161 1.225859 -0.277729 -0.226092 -0.169275 -0.010200 -0.069424 -0.409259 0.079668 -0.018168 0.004052 -0.090740 0.144046 -0.048923 
0.917436 -0.945444 1.397929 -0.253869 -0.255037 -0.151948 -0.030458 -0.101449 -0.345437 0.037893 -0.016129 -0.024704 -0.094509 0.156662 -0.059686 
0.911767 -0.822348 1.592988 -0.276904 -0.358607 -0.024006 -0.129897 -0.086288 -0.342390 0.020147 -0.006026 -0.065814 -0.073981 0.163502 -0.032423 
0.989535 -0.797969 1.704615 -0.355056 -0.384474 0.091257 -0.251690 0.003306 -0.409128 0.025412 -0.045917 -0.039084 -0.128406 0.170328 -0.000755 
0.936275 -0.778013 1.754976 -0.327817 -0.386331 0.122757 -0.281951 -0.002905 -0.384959 0.020413 -0.072407 -0.025222 -0.116444 0.137620 0.012545 
1.004381 -0.706182 1.820900 -0.437969 -0.363067 0.171433 -0.329656 0.047499 -0.445102 0.055913 -0.118219 -0.014729 -0.164344 0.168478 0.007112 
0.907013 -0.612829 1.828407 -0.456470 -0.304877 0.178123 -0.372003 0.079494 -0.435425 -0.003509 -0.094131 -0.010827 -0.206981 0.168365 0.029208 
0.665601 -0.396212 1.788072 -0.321400 -0.251170 0.137674 -0.330779 0.031388 -0.331818 -0.111466 -0.005044 -0.058860 -0.182805 0.149083 0.024680 
0.863509 -0.565902 1.859924 -0.530598 -0.201847 0.244847 -0.407386 0.175485 -0.441614 -0.040304 -0.081952 -0.023493 -0.280999 0.173887 0.012918 
0.646196 -0.345166 1.622424 -0.309761 -0.167798 0.149895 -0.283757 0.080022 -0.300078 -0.114866 0.012235 -0.044299 -0.252704 0.171710 0.009788 
0.736057 -0.626182 1.799899 -0.332189 -0.144792 0.271334 -0.305743 0.151611 -0.409706 -0.028513 -0.141117 0.003946 -0.337465 0.114934 0.013709 
0.879988 -0.597850 1.719527 -0.056529 -0.274835 0.224089 -0.215410 0.081582 -0.332266 -0.032874 -0.163756 0.073731 -0.342663 0.097347 0.012094 
0.897357 -0.452821 1.514242 0.214206 -0.320185 0.139824 -0.119714 0.075337 -0.356055 0.004681 -0.166614 0.024426 -0.230275 0.004075 0.000951 
1.094220 -0.163603 0.858469 0.382314 -0.454349 0.227671 -0.035430 0.129738 -0.316729 -0.116529 -0.016236 -0.162322 -0.101395 -0.076954 -0.094489 
0.839664 0.163739 0.857506 0.580124 -0.230829 0.230639 -0.126562 0.149799 -0.186705 -0.055622 -0.092039 -0.129293 -0.017284 -0.120493 -0.089648 
0.715980 0.249650 0.873711 0.394705 -0.234014 0.389205 -0.067888 0.044129 -0.138910 -0.070769 -0.048976 -0.117228 -0.145289 -0.004450 -0.124397 
0.635413 0.328321 0.653425 0.693142 -0.070756 0.249406 -0.116061 0.079399 -0.005664 -0.052516 -0.153294 -0.065986 -0.047445 -0.053452 -0.144454 
0.590766 0.291385 0.596602 0.620472 -0.008106 0.257087 -0.116994 0.012787 0.023519 -0.052843 -0.116632 -0.103138 -0.117111 0.100625 -0.280720 
0.623202 0.301488 0.524155 0.401678 0.060501 0.361264 -0.150665 -0.040038 0.003818 -0.007908 -0.147936 0.005066 -0.161364 -0.002779 -0.078615 
1.045035 -0.694130 0.246934 -0.304633 -0.092686 -0.004546 -0.223843 0.101474 -0.100850 0.129227 -0.114921 0.122558 -0.032391 0.086535 -0.105354 
1.487474 -0.345849 0.359489 0.067135 0.127351 -0.040174 -0.427899 -0.039208 -0.158897 0.079768 -0.213510 -0.089039 -0.026804 0.170253 -0.104782 
1.720833 -0.614475 0.593576 -0.023364 0.017283 -0.019620 -0.525511 -0.106306 -0.343821 0.279882 -0.145719 -0.152824 -0.008487 0.271804 -0.017024 
1.789826 -0.744293 0.570238 -0.204439 -0.025799 0.132552 -0.504456 -0.139782 -0.403600 0.268772 -0.019776 -0.073364 -0.087805 0.234598 -0.024835 
1.701344 -0.622513 0.532980 -0.402922 -0.029743 0.231315 -0.413157 -0.150470 -0.478776 0.335587 0.025353 -0.000878 -0.009931 0.068250 -0.080993 
1.849450 -0.579412 0.356205 -0.384794 -0.229814 0.367652 -0.405466 -0.123087 -0.464629 0.134300 0.121965 0.041341 0.057005 0.084444 -0.172277 
1.804671 -0.329593 0.273283 -0.472824 -0.196118 0.216514 -0.248684 -0.087116 -0.543947 0.085330 0.190744 0.121665 0.046106 0.182706 -0.204230 
1.770473 -0.207051 0.245109 -0.537135 -0.303111 0.205466 -0.217640 -0.008317 -0.585115 0.026118 0.182128 0.157547 0.104963 0.301801 -0.202025 
1.738786 -0.125968 0.194131 -0.539390 -0.440366 0.222177 -0.187910 0.093933 -0.522176 -0.105403 0.135924 0.044646 0.152380 0.381564 -0.110082 
1.864864 -0.073285 0.144806 -0.580725 -0.519700 0.154807 -0.189696 0.171907 -0.376413 -0.111113 0.087721 0.012476 0.096816 0.385519 -0.045424 
1.879673 0.049236 0.246253 -0.619431 -0.630021 0.208703 -0.209591 0.167619 -0.231418 -0.116814 0.073810 -0.044316 0.048696 0.376300 -0.071758 
1.637959 0.334015 -0.050342 -0.569966 -0.574012 0.011387 -0.110453 0.158994 -0.295173 -0.077832 0.040170 -0.079362 0.119036 0.378194 -0.034236 
1.668699 0.297843 0.062046 -0.542433 -0.681227 0.028764 -0.156155 0.242828 -0.300588 -0.076577 0.095828 -0.185825 0.082933 0.360944 -0.015318 
1.357401 0.396936 -0.054707 -0.555783 -0.495687 -0.005572 -0.191789 0.248730 -0.232047 0.030321 -0.012526 -0.146030 0.107969 0.157254 -0.023084 
1.580030 0.449696 0.016036 -0.659171 -0.581393 -0.010146 -0.131358 0.271007 -0.328682 0.010448 0.030193 -0.202562 0.144632 0.315655 -0.036906 
0.950299 0.469442 -0.144919 -0.256504 -0.520133 0.023400 0.094155 0.082459 -0.178417 -0.052683 -0.143471 -0.073108 -0.007812 0.194808 0.013434 
0.371576 0.289198 -0.020905 0.027598 -0.215737 0.230009 0.084784 -0.003602 -0.033141 0.071416 -0.130113 0.077939 -0.012931 0.028612 -0.047622 
