city021_049
GOTANDA
65
1.022144 0.007273 -0.356343 -0.369961 -0.218792 0.091729 0.015209 0.093516 0.010585 0.084755 -0.077162 0.008111 -0.086342 0.085977 -0.086750 
1.541465 -0.113216 -0.403322 -0.623409 -0.234545 -0.050101 0.104730 0.125640 -0.072227 0.309172 -0.289816 0.066565 -0.069415 0.062568 -0.032213 
1.716984 0.234539 -0.515611 -0.697541 -0.178914 -0.004885 -0.023006 0.171359 -0.198756 0.196013 -0.274350 0.149256 0.021064 0.100614 0.080413 
1.422538 0.381413 0.035403 -0.421699 -0.261066 -0.122058 0.051809 0.241152 -0.345032 0.128764 -0.243142 -0.153353 0.020456 0.073564 0.029919 
1.892212 0.293693 0.282446 -0.490599 -0.315626 0.082709 -0.044380 0.118661 -0.358562 0.079546 -0.219891 -0.193199 0.034333 0.141637 -0.099190 
2.053732 -0.012424 0.438532 -0.615851 -0.429748 0.148824 -0.243421 0.144573 -0.324521 -0.005598 -0.100934 -0.103829 0.037072 0.234084 -0.096284 
2.013628 0.142866 0.447679 -0.696778 -0.432253 0.212167 -0.173604 0.100191 -0.324542 0.017765 -0.071927 -0.107557 0.161698 0.209836 -0.099942 
2.125863 -0.367190 0.352078 -0.565668 -0.222290 0.180600 -0.349635 0.094252 -0.341651 0.046545 -0.077482 -0.045313 0.069358 0.170662 -0.083723 
2.018700 -0.190169 0.461491 -0.601869 -0.213581 0.278728 -0.207810 0.078622 -0.414267 0.017821 -0.039901 -0.071671 0.122424 0.148125 -0.138848 
2.069879 -0.041379 0.537225 -0.686754 -0.159169 0.347287 -0.264035 0.096385 -0.504585 0.079001 -0.083796 0.016696 0.198013 0.071124 -0.099296 
1.966938 0.136922 0.315552 -0.541654 -0.069687 0.313954 -0.179699 -0.038593 -0.478310 0.161721 -0.149366 0.024508 0.138958 -0.000903 -0.144845 
1.000203 0.786287 0.381161 0.328212 -0.077013 0.171923 -0.146915 0.065513 -0.115404 -0.026584 -0.103978 -0.085348 -0.019359 -0.062238 -0.053602 
0.574402 0.389249 0.099225 0.163847 0.013297 0.182458 -0.085279 0.073115 -0.053043 0.043173 -0.052892 0.011465 0.001593 0.029282 -0.080341 
0.196835 0.212616 0.083129 0.149707 -0.226887 -0.021343 -0.300301 -0.057448 -0.148827 -0.073672 0.015129 0.023491 -0.003094 0.067471 0.005541 
0.255121 0.109411 -0.113492 0.163262 -0.086501 0.224519 0.064584 0.049750 -0.010092 0.028049 -0.011695 -0.005174 0.024871 0.080064 -0.119869 
0.275661 0.149850 0.024660 0.027954 -0.255402 0.239786 0.020114 0.046091 -0.091734 0.035866 -0.072222 0.018474 0.041131 -0.015921 0.001007 
0.133445 0.075382 -0.050052 0.027100 -0.239732 0.067798 -0.113964 -0.030872 -0.143623 0.132330 -0.006704 -0.017298 0.027131 0.037225 -0.037129 
0.158173 -0.061615 0.050524 0.011476 0.080621 0.230802 -0.029856 0.030008 -0.217775 0.202108 -0.017465 -0.059834 0.084607 -0.033509 -0.064555 
0.547515 -0.742205 0.152517 -0.417318 0.251181 -0.267027 0.153264 0.170488 -0.086996 0.151220 -0.296154 0.094118 0.031223 0.032521 -0.087802 
1.712444 -0.656256 0.344048 -0.452405 0.009920 -0.022322 -0.249797 -0.063704 -0.205182 0.218697 -0.114648 0.128543 -0.032412 0.067804 0.067974 
1.644091 -0.810775 0.407705 -0.690927 -0.123602 -0.027359 -0.208251 -0.220719 -0.105748 0.382724 0.075721 0.092896 0.075187 -0.020175 -0.049027 
1.639551 -0.929557 0.281067 -0.651829 -0.133260 -0.016980 -0.198808 -0.146054 -0.132838 0.379589 0.140790 0.043896 0.008340 0.043533 -0.124535 
1.645448 -0.884613 0.293135 -0.731751 -0.177941 0.065104 -0.160322 -0.088500 -0.127020 0.303306 0.229830 0.011658 -0.035815 0.033242 -0.183084 
1.636541 -1.027627 0.221238 -0.736911 -0.205318 0.032235 -0.088687 -0.035458 -0.164815 0.276301 0.224109 0.036274 -0.021631 0.037084 -0.214572 
1.621704 -1.029274 0.176389 -0.754598 -0.196041 0.048113 -0.075776 0.007446 -0.179506 0.251620 0.243285 0.053207 -0.082741 0.051787 -0.215417 
1.704764 -1.022095 0.110598 -0.788550 -0.178744 0.143580 -0.021440 0.101820 -0.181370 0.259664 0.197955 -0.061291 -0.136961 0.007144 -0.195672 
1.733515 -0.981976 0.136626 -0.801369 -0.158552 0.125835 -0.026208 0.168512 -0.269586 0.309659 0.157813 -0.029338 -0.144644 -0.006618 -0.143534 
1.732220 -0.941709 0.143866 -0.783922 -0.159878 0.145243 -0.090509 0.183452 -0.304860 0.349766 0.171428 -0.061091 -0.093536 -0.027870 -0.147560 
1.797434 -0.947581 0.173012 -0.743851 -0.150459 0.106829 -0.095810 0.151625 -0.334314 0.388525 0.138329 -0.010332 -0.072483 -0.043427 -0.106521 
1.997893 -0.928559 0.241450 -0.567369 -0.274767 0.167912 -0.080177 0.080212 -0.345673 0.442102 0.046729 0.094958 -0.052526 -0.113369 -0.039352 
1.912935 -0.860630 0.423725 -0.384148 -0.389392 0.295657 -0.142992 0.013755 -0.249897 0.332275 -0.006562 0.147349 -0.105420 -0.006570 0.015284 
1.597053 -0.793791 0.887476 -0.116306 -0.311069 0.446860 -0.257032 -0.135542 -0.293641 0.053949 -0.126969 0.115896 -0.196339 0.075943 0.014219 
1.622814 -0.899287 0.992585 -0.115116 -0.240839 0.432121 -0.266633 -0.110336 -0.365975 0.084374 -0.163100 0.067568 -0.195798 0.059531 -0.007357 
1.506142 -0.786174 0.988654 -0.034447 -0.292257 0.482089 -0.321645 -0.162170 -0.247498 0.022059 -0.123701 0.025925 -0.211378 0.096513 -0.041611 
1.361738 -0.662657 1.032239 -0.044825 -0.316421 0.373737 -0.222019 -0.180047 -0.243412 0.015561 -0.182516 0.046311 -0.202715 0.099609 -0.036292 
1.389690 -0.597681 1.047823 -0.010067 -0.332281 0.391144 -0.250084 -0.178971 -0.239340 0.022435 -0.193540 0.026934 -0.197875 0.100459 -0.042426 
1.393997 -0.564106 1.068415 0.003869 -0.368722 0.385223 -0.239027 -0.156342 -0.254200 0.049480 -0.225054 0.028752 -0.173835 0.089136 -0.052539 
1.471390 -0.557605 1.002389 0.076318 -0.431142 0.452558 -0.268234 -0.228272 -0.165121 0.001643 -0.196691 0.004089 -0.144834 0.081565 -0.081952 
1.542521 -0.530754 0.972705 0.107908 -0.445510 0.480523 -0.336264 -0.265182 -0.141999 0.021249 -0.180036 -0.022776 -0.115387 0.104198 -0.108388 
1.537626 -0.370414 0.941434 0.094513 -0.542872 0.444970 -0.228768 -0.256471 -0.141453 -0.013149 -0.173301 -0.022564 -0.096821 0.108752 -0.134344 
1.510576 -0.225158 1.067076 0.041267 -0.556203 0.378932 -0.230200 -0.202752 -0.179768 0.055738 -0.244619 0.030120 -0.098543 0.102441 -0.109352 
1.467739 -0.184529 1.004729 0.018702 -0.507982 0.405266 -0.170711 -0.241756 -0.138908 0.020654 -0.276801 0.024792 -0.119885 0.068385 -0.123466 
1.515120 -0.168558 0.808194 0.135549 -0.427094 0.514437 -0.215920 -0.303114 -0.126116 0.004726 -0.238881 -0.014247 -0.103251 0.025712 -0.138703 
1.523790 0.011580 0.583338 0.163476 -0.279538 0.511899 -0.215643 -0.470627 -0.138562 0.081548 -0.223276 -0.024588 -0.080260 -0.082196 -0.066279 
1.591175 0.171857 0.449622 0.187286 -0.227223 0.467848 -0.201180 -0.546838 -0.188962 0.118933 -0.192235 -0.007368 -0.075285 -0.104567 -0.031609 
1.331225 0.266570 0.273104 0.178179 0.063269 0.350178 -0.213447 -0.370171 -0.301162 0.143689 -0.068032 -0.176658 -0.140534 -0.029748 -0.142418 
1.489864 -0.462466 0.324578 -0.393382 0.060736 0.007294 -0.364664 -0.193750 -0.036365 0.235326 -0.208458 0.087397 -0.028638 0.158511 -0.030419 
1.721241 -0.706573 0.337845 -0.572270 -0.066785 -0.056601 -0.331937 -0.236285 -0.131116 0.435764 0.024981 0.051625 0.071085 0.086817 -0.018838 
1.484074 -0.908804 0.438423 -0.662465 -0.090476 -0.071177 -0.238330 -0.231564 -0.044826 0.464114 0.101768 0.015252 0.036344 0.025171 -0.069681 
1.483691 -0.962602 0.428935 -0.738526 -0.054378 -0.087973 -0.185803 -0.123801 -0.015083 0.438304 0.118707 -0.032774 -0.038653 0.026665 -0.105847 
1.439911 -1.071531 0.327331 -0.704113 -0.096504 -0.189832 -0.095821 -0.000193 -0.016622 0.379918 0.064129 0.017673 -0.057882 0.010362 -0.108092 
1.527903 -1.071608 0.199294 -0.633891 -0.134552 -0.237636 0.003151 0.061837 0.000945 0.355307 -0.006946 0.045945 -0.062465 -0.100884 -0.055170 
1.606283 -1.057249 0.174630 -0.673422 -0.082980 -0.209506 0.011015 0.096753 -0.013862 0.357116 -0.003590 0.026188 -0.136746 -0.087137 -0.043498 
1.597532 -1.059065 0.184437 -0.710013 -0.105009 -0.068552 -0.018734 0.017133 -0.001418 0.390902 0.015723 -0.002518 -0.159848 -0.087082 -0.022683 
1.659979 -0.924432 0.164749 -0.709789 -0.070196 -0.011533 -0.059088 0.008429 -0.082596 0.437454 0.101594 -0.055933 -0.153969 -0.087225 -0.062365 
1.630378 -0.916574 0.159734 -0.722991 -0.126106 0.099761 -0.128109 -0.032026 -0.089696 0.425317 0.145858 -0.011349 -0.199715 -0.032730 -0.112583 
1.809707 -0.865221 0.021359 -0.740785 -0.131280 0.132377 -0.202919 0.068908 -0.161451 0.416245 0.171941 -0.041060 -0.189398 0.002261 -0.110362 
1.804517 -0.652741 -0.133381 -0.594337 -0.205698 0.182938 -0.206864 0.022500 -0.149815 0.377639 0.153250 -0.057245 -0.098188 -0.040480 -0.057098 
1.854381 -0.570775 -0.156959 -0.525096 -0.155648 0.109255 -0.212138 0.059167 -0.233798 0.480667 0.113938 -0.077831 -0.092965 -0.028472 -0.057065 
1.525731 -0.593049 -0.084727 -0.497597 -0.187532 0.131214 -0.261708 0.039880 -0.196398 0.548666 0.125423 -0.061419 -0.089599 -0.099023 -0.057005 
1.701946 -0.482824 -0.072353 -0.419159 -0.416465 -0.118568 -0.262918 0.284268 -0.054035 0.450183 0.027906 -0.193604 0.059865 -0.013197 -0.177208 
0.622877 -0.537482 -0.145230 -0.494987 -0.350795 -0.057469 -0.067520 0.182255 -0.055949 0.438564 -0.021843 -0.060756 -0.031947 -0.091416 -0.182394 
1.277568 -0.332630 -0.342855 -0.186726 -0.240165 0.142811 -0.183204 0.042526 -0.082379 0.256573 0.120421 -0.140065 -0.043035 0.035601 -0.059085 
1.203768 -0.701751 -0.296047 -0.317440 -0.134143 0.166870 -0.161608 -0.037650 -0.231579 0.391154 0.127501 -0.058015 -0.104164 0.018707 -0.068294 
0.535061 -0.067014 -0.531458 -0.351046 -0.282224 0.232739 -0.187200 -0.119833 0.129580 0.316756 0.157380 -0.013831 -0.273489 -0.039199 -0.088515 
