city021_078
NYUUZEN
51
-0.112934 -0.074483 -0.120397 0.152312 -0.149971 -0.040778 -0.184211 0.031953 -0.036235 0.107946 -0.050315 -0.063349 0.144932 -0.020989 -0.087787 
-0.149066 0.032580 -0.202786 0.064830 -0.143584 0.050982 -0.035627 0.119646 -0.053850 0.034824 -0.051402 -0.017079 0.073434 -0.030405 -0.055808 
1.066031 0.382924 0.430113 0.372885 -0.245816 0.006200 -0.046156 0.109218 -0.214819 -0.134951 -0.048679 -0.072958 -0.116285 -0.033732 -0.047792 
1.473199 -0.085490 0.532119 0.336515 -0.368920 0.086894 -0.004422 0.099315 -0.336954 -0.207105 -0.093843 -0.082473 -0.219993 -0.039377 0.043930 
1.121650 -0.138363 0.964909 -0.087400 -0.250120 0.327645 -0.317251 0.208438 -0.256266 -0.422611 0.046034 -0.066332 -0.358080 0.083886 -0.027007 
1.058707 -0.289026 1.417625 -0.515204 -0.086370 0.446110 -0.593200 0.256775 -0.259714 -0.338792 -0.022617 -0.041308 -0.350075 0.177812 -0.114650 
0.967250 -0.294439 1.638479 -0.371376 -0.253779 0.367680 -0.497171 0.139305 -0.274417 -0.270146 -0.018466 -0.046082 -0.347828 0.158579 -0.023794 
1.149168 -0.493585 1.822418 -0.241214 -0.414320 0.419740 -0.508408 0.134025 -0.325754 -0.211630 -0.030482 -0.055849 -0.301503 0.125520 -0.005900 
1.175499 -0.596419 1.754757 -0.096199 -0.549843 0.401010 -0.388734 0.026477 -0.335997 -0.172242 -0.017544 -0.149111 -0.221509 0.148114 -0.079520 
1.169267 -0.688925 1.500514 -0.014682 -0.445131 0.136898 -0.142551 -0.039348 -0.450158 -0.043633 -0.074137 -0.158593 -0.216084 0.186583 -0.143627 
1.189563 -0.648067 1.361568 0.084773 -0.458572 0.032121 -0.067888 -0.025127 -0.500966 -0.068558 0.040173 -0.253520 -0.197742 0.242778 -0.185964 
1.252439 -0.668743 1.306233 0.191054 -0.374594 -0.087023 -0.128903 0.090145 -0.510807 -0.163888 0.118237 -0.260878 -0.174069 0.197698 -0.176068 
1.429287 -0.774220 1.198436 0.159970 -0.262521 -0.088121 -0.241319 0.173368 -0.513063 -0.124308 -0.003411 -0.194413 -0.109450 0.137141 -0.194303 
1.481171 -0.778623 1.142328 0.199969 -0.193343 -0.084450 -0.330023 0.168455 -0.438993 -0.113879 -0.088420 -0.162892 -0.075630 0.152192 -0.249694 
1.635085 -0.822324 1.090708 0.193330 -0.142379 -0.007283 -0.475288 0.174031 -0.373626 -0.056841 -0.166333 -0.191525 0.016910 0.146842 -0.286100 
1.623296 -0.737078 1.024112 0.091904 -0.005991 -0.043770 -0.469392 0.168897 -0.432696 0.074453 -0.215898 -0.245273 0.109528 0.063924 -0.220363 
1.619297 -0.627072 0.863073 0.069665 -0.003946 0.031205 -0.447435 0.041763 -0.298188 -0.001530 -0.145985 -0.294889 0.087029 0.117409 -0.268876 
1.735184 -0.681943 0.825664 0.055371 0.014137 0.099437 -0.468617 -0.030705 -0.242241 0.027359 -0.184160 -0.266873 0.009698 0.201272 -0.295779 
1.600470 -0.606524 0.826573 -0.033314 0.113026 0.072459 -0.471767 -0.014906 -0.286192 0.095983 -0.218213 -0.277981 0.060286 0.128201 -0.250381 
1.644055 -0.643211 0.889366 -0.078022 0.078828 0.103133 -0.473011 0.008273 -0.299232 0.095492 -0.237894 -0.218261 0.034730 0.119971 -0.245986 
1.536905 -0.641702 0.922189 -0.073153 0.091884 0.084308 -0.517941 0.024082 -0.280845 0.127277 -0.241601 -0.241178 0.107208 0.080561 -0.205745 
1.581771 -0.719304 1.041808 -0.049155 0.024118 0.071549 -0.562190 0.064277 -0.293417 0.145314 -0.267880 -0.190106 0.133866 0.065144 -0.164246 
1.530739 -0.725196 1.123319 -0.005771 0.036043 0.033545 -0.552174 0.019275 -0.256657 0.189035 -0.392261 -0.103994 0.080382 0.106514 -0.167550 
1.298610 -0.608037 0.902822 0.006964 0.140122 -0.011086 -0.461157 -0.073837 -0.198206 0.159508 -0.407865 -0.122375 0.036277 0.107121 -0.181116 
0.905991 -0.326149 0.665602 0.072167 0.286965 -0.122895 -0.202721 -0.280738 -0.065578 0.109591 -0.366247 -0.105627 -0.099546 0.194067 -0.252782 
0.486051 -0.299266 0.616174 0.150088 0.354000 -0.284068 -0.013744 -0.414597 0.106742 0.061023 -0.322143 -0.081102 -0.112102 0.251287 -0.257638 
0.306141 -0.102077 0.565751 0.162033 0.361633 -0.282765 -0.026828 -0.376991 0.087997 0.099477 -0.285941 -0.199270 0.051533 0.114821 -0.152085 
0.236547 -0.107152 0.492579 0.254012 0.304907 -0.275758 0.011197 -0.309970 0.114964 0.028668 -0.191065 -0.168728 0.034828 0.107110 -0.113468 
0.286419 -0.125939 0.377072 0.287896 0.272376 -0.285885 0.056341 -0.355291 0.158229 0.049635 -0.145476 -0.202458 0.078876 0.112430 -0.115078 
0.484523 -0.450352 0.505163 0.275291 0.186077 -0.231734 -0.193022 -0.083424 0.024294 0.035213 -0.195299 -0.116661 0.102277 0.053038 -0.095540 
0.572274 -0.399553 0.536715 0.185660 0.164855 -0.245619 -0.227038 -0.160669 0.058655 -0.015741 -0.212463 -0.044268 0.024198 0.086168 -0.014344 
0.930622 -0.639095 0.521121 0.361091 0.014384 -0.136503 -0.279015 -0.203119 -0.052236 0.026696 -0.255839 -0.116495 0.005510 0.153928 -0.109675 
1.242438 -0.774659 0.591702 0.212557 -0.054317 -0.147728 -0.399656 -0.086159 -0.143290 0.115768 -0.313674 -0.040795 0.076442 0.166964 -0.095668 
1.390563 -0.948620 0.807732 0.110408 -0.091536 -0.226860 -0.437194 0.045372 -0.266532 0.143511 -0.365578 0.056145 0.122765 0.116712 -0.098888 
1.456145 -1.053135 0.909323 0.060285 -0.176223 -0.272387 -0.417770 0.057790 -0.301847 0.238946 -0.340088 0.094535 0.150236 0.125745 -0.036245 
1.532617 -1.145210 0.860866 -0.051085 -0.211822 -0.357577 -0.392463 0.230548 -0.289776 0.307833 -0.247789 0.147597 0.185813 0.068401 -0.039274 
1.367375 -1.090284 0.754515 -0.034695 -0.228671 -0.423578 -0.346687 0.277357 -0.218383 0.399826 -0.147839 0.052746 0.239722 0.051248 -0.103336 
1.510451 -1.266911 0.696896 -0.040678 -0.237855 -0.391564 -0.351242 0.378382 -0.236487 0.448877 -0.145630 0.028157 0.180200 0.019160 -0.073604 
1.426714 -1.231518 0.558570 0.046302 -0.321550 -0.345271 -0.336033 0.388202 -0.178249 0.364296 -0.047905 -0.034896 0.168064 -0.006136 -0.090299 
1.484591 -1.311259 0.567222 0.065567 -0.299415 -0.335872 -0.337405 0.452336 -0.235651 0.358836 -0.041405 -0.064483 0.171087 -0.020471 -0.098726 
1.471437 -1.243386 0.470574 0.141155 -0.300768 -0.321641 -0.270921 0.351577 -0.153976 0.299090 -0.082612 -0.028197 0.141741 -0.022887 -0.069352 
1.578432 -1.240406 0.414403 0.214592 -0.320157 -0.233320 -0.304562 0.322725 -0.136499 0.222884 -0.053579 -0.043775 0.119317 0.009849 -0.066602 
1.576082 -1.196116 0.395630 0.186996 -0.235549 -0.238916 -0.304423 0.318879 -0.177358 0.296157 -0.091297 -0.047985 0.100363 0.015674 -0.028229 
1.603974 -1.114782 0.298368 0.249155 -0.282818 -0.211242 -0.315653 0.249723 -0.123933 0.245258 -0.064114 -0.011518 0.064652 0.033417 -0.024974 
1.505129 -0.974208 0.307621 0.261126 -0.208179 -0.219877 -0.395602 0.184453 -0.173359 0.169839 -0.042121 -0.019870 0.094373 0.080457 -0.038163 
1.516743 -0.878484 0.227835 0.349840 -0.295242 -0.187137 -0.338026 0.066787 -0.025282 0.230147 -0.056289 0.026811 0.013149 0.080234 0.074921 
1.530414 -0.844465 0.132196 0.392480 -0.216525 -0.107645 -0.230285 -0.051833 -0.091613 0.261719 -0.167995 0.071651 -0.020943 -0.015460 0.209565 
1.043905 -0.710631 0.184910 0.293711 -0.191955 -0.005176 -0.317978 -0.040769 -0.149719 0.118741 -0.130416 0.079511 0.030744 -0.066940 0.117004 
1.052103 -0.685518 0.350748 0.552831 -0.087727 0.064325 -0.370700 -0.048196 -0.202248 0.068651 -0.167107 -0.030792 -0.076965 -0.128064 0.231697 
0.865605 -0.906169 0.430361 0.367649 -0.101120 -0.025549 -0.337395 -0.004528 -0.191983 0.100954 -0.175695 0.094604 -0.049615 -0.103535 0.198679 
0.481298 -0.411568 0.320619 0.605781 0.000706 -0.018121 -0.377831 -0.109150 -0.169835 -0.060489 -0.148963 -0.086909 -0.151827 -0.095220 0.188056 
