city021_064
PINPON
55
0.140797 -0.142935 0.087858 0.064568 -0.124653 0.198464 0.013078 0.164165 -0.047172 0.000727 -0.059245 0.070764 -0.019022 0.046036 -0.054901 
0.763795 -0.751588 0.826958 -0.278152 -0.092761 0.029519 -0.076982 0.453875 -0.107625 0.151218 -0.125372 0.065352 -0.008975 0.007833 -0.126715 
1.788454 -0.135548 0.903353 -0.169156 -0.101712 0.081371 -0.298974 0.215589 -0.118819 0.161314 -0.111866 0.044661 0.064406 0.003065 -0.101159 
1.064717 -0.775969 1.460429 0.110517 -0.237038 0.188996 -0.284210 0.082533 -0.110851 -0.242119 -0.117137 0.089640 -0.213894 -0.009583 -0.089469 
0.881218 -0.891585 1.538411 -0.106691 -0.176746 0.153718 -0.414034 0.087080 -0.249479 -0.278024 -0.105536 0.076818 -0.289503 -0.003577 0.044131 
0.908181 -0.842320 1.755640 -0.093311 -0.305966 0.214727 -0.527078 0.206439 -0.372828 -0.227874 -0.131760 0.071238 -0.260873 -0.050846 0.099794 
0.784964 -0.717664 1.670991 -0.095251 -0.265897 0.188383 -0.511178 0.191055 -0.345909 -0.282673 -0.078252 0.052474 -0.302482 -0.017139 0.102419 
0.877359 -0.810158 1.729118 -0.146090 -0.227544 0.184994 -0.547304 0.269059 -0.438990 -0.217200 -0.106037 0.064905 -0.324894 -0.012339 0.134432 
0.846516 -0.600486 1.752355 -0.182927 -0.289326 0.191979 -0.531915 0.218023 -0.408010 -0.247545 -0.032991 0.044717 -0.322232 0.043978 0.126724 
0.968100 -0.653404 1.774577 -0.266471 -0.306840 0.284646 -0.547058 0.192415 -0.373892 -0.264724 0.005893 -0.038988 -0.287063 0.076833 0.049527 
1.053921 -0.638008 1.581270 -0.332457 -0.328318 0.332420 -0.474631 0.130177 -0.323153 -0.301748 0.053895 -0.079426 -0.295563 0.134284 0.001287 
1.100339 -0.658584 1.634597 -0.318708 -0.372187 0.276990 -0.360922 0.040082 -0.275652 -0.262816 -0.008297 -0.019661 -0.336003 0.189453 -0.064335 
1.318610 -0.782193 1.573637 -0.052593 -0.486890 0.207913 -0.286003 0.067743 -0.375597 -0.178578 0.043707 -0.121956 -0.258655 0.209003 -0.137434 
1.608835 -0.547834 0.936386 0.082786 -0.337177 0.176143 -0.245190 0.226559 -0.387419 -0.283770 0.046952 -0.105912 -0.266279 0.107139 -0.062943 
1.553311 -0.382896 0.838438 0.140306 -0.159686 0.186571 -0.343018 0.091020 -0.407033 -0.193488 0.041792 -0.138128 -0.308521 0.179554 -0.068759 
1.561169 -0.446885 0.900892 0.136298 -0.104125 0.171071 -0.361131 0.081181 -0.428873 -0.132745 -0.008860 -0.106392 -0.351998 0.201519 -0.063287 
1.578603 -0.421181 0.941406 0.135384 -0.196144 0.215382 -0.305651 0.092988 -0.392561 -0.184673 0.016982 -0.149220 -0.315478 0.200337 -0.125624 
1.555158 -0.413208 0.892126 0.158215 -0.208633 0.211443 -0.242626 0.075114 -0.401660 -0.138502 -0.023144 -0.159366 -0.260398 0.150117 -0.120076 
1.563706 -0.326198 0.801228 0.168080 -0.189318 0.204801 -0.209206 0.065598 -0.429737 -0.080190 -0.029362 -0.188433 -0.221774 0.158237 -0.152083 
1.546218 -0.236015 0.778052 0.255597 -0.248616 0.250222 -0.239448 -0.031565 -0.326173 -0.103038 -0.020482 -0.226134 -0.179231 0.168645 -0.211476 
1.471775 -0.024483 0.700647 0.271522 -0.302304 0.249621 -0.197167 -0.101917 -0.325746 -0.056355 -0.065913 -0.199565 -0.144538 0.130975 -0.154889 
1.318481 0.174190 0.656727 0.202671 -0.347799 0.136815 -0.245448 -0.116013 -0.371932 -0.028265 -0.146278 -0.156999 -0.071080 0.079397 -0.083693 
1.049693 0.560873 0.498054 0.268100 -0.136081 0.084856 -0.257982 -0.118248 -0.344599 -0.056501 -0.075732 -0.220596 -0.106159 0.149792 -0.162244 
0.705605 0.649423 0.435768 0.471193 -0.234978 0.127181 -0.159016 -0.106262 -0.072053 -0.180787 -0.132053 -0.074561 -0.120766 -0.000819 -0.106385 
0.222882 0.308369 0.268007 0.256204 -0.152175 0.137872 -0.065089 0.044195 -0.131162 -0.180265 0.037616 0.039369 -0.166379 0.038770 -0.023924 
0.000980 -0.035703 0.204656 0.174595 -0.153239 0.117207 -0.088871 0.100620 -0.195235 -0.076382 0.124248 0.001514 -0.095555 0.017235 0.024973 
0.151047 0.193544 0.137819 0.215140 -0.028989 0.046157 -0.245115 0.011995 -0.251861 -0.110018 0.056634 -0.027490 -0.127109 0.036656 0.001187 
-0.004143 0.343536 0.404436 0.204899 -0.038865 0.105588 -0.210342 -0.110805 -0.359493 -0.111612 -0.037208 -0.158386 -0.181104 0.028856 -0.015764 
0.243200 0.060367 0.269133 0.400751 -0.056489 0.009964 -0.204076 -0.035388 -0.197793 -0.013854 -0.111022 -0.054192 -0.046581 -0.021839 -0.013052 
0.186337 0.067155 0.024822 0.266341 -0.121103 0.080075 -0.175450 0.074334 -0.074000 -0.125351 0.064233 0.044458 -0.100734 0.056838 -0.026914 
0.003966 -0.164471 0.253496 0.257737 -0.086580 0.118598 -0.256402 -0.032942 -0.114056 0.020319 -0.032250 -0.004247 -0.061804 0.003714 0.059262 
0.755601 -0.793500 0.420093 -0.228956 0.048404 -0.018419 -0.282432 0.135790 -0.090953 0.162453 -0.107049 0.046262 -0.063006 0.134390 -0.072225 
1.972113 -0.281424 0.464818 -0.183804 -0.143711 0.088535 -0.401025 0.037808 -0.217603 -0.019684 -0.044606 0.032309 -0.088150 0.158017 -0.057691 
2.076393 -0.399136 0.481677 -0.613284 -0.337832 0.014216 -0.425913 0.199646 -0.156700 0.032588 -0.062222 0.015438 -0.048812 0.200422 -0.065902 
2.126213 -0.662449 0.337189 -0.443465 -0.131539 -0.183351 -0.428333 0.200874 -0.245471 0.091993 -0.082590 0.006892 0.018342 0.272124 -0.089089 
2.236677 -0.737889 0.308548 -0.413237 -0.289723 -0.113583 -0.450037 0.227603 -0.182313 0.042535 -0.033745 -0.069207 0.023640 0.324704 -0.123139 
2.178045 -0.673051 0.326823 -0.513743 -0.176975 -0.218121 -0.386129 0.253803 -0.172525 0.084958 -0.090031 0.021252 -0.072560 0.308454 -0.101266 
2.026359 -0.521903 0.282941 -0.554656 -0.156349 -0.232580 -0.354968 0.223677 -0.089490 0.105502 -0.078528 0.041982 -0.058306 0.222849 -0.097916 
1.996724 -0.584690 0.333938 -0.550573 -0.268165 -0.207233 -0.372015 0.256544 -0.071478 0.161981 0.012002 0.010564 -0.054078 0.215566 -0.169557 
2.006205 -0.598500 0.469471 -0.550906 -0.590017 -0.133738 -0.331753 0.329104 -0.100879 0.169182 0.099225 -0.068955 -0.035941 0.155049 -0.183880 
1.857584 -0.421286 0.498532 -0.627512 -0.578416 -0.141154 -0.158901 0.337912 -0.229989 0.344500 0.084683 -0.049895 -0.058985 0.073088 -0.101847 
1.874270 -0.449448 0.621640 -0.641612 -0.726424 -0.027370 -0.157582 0.307421 -0.218656 0.360008 0.031448 0.006785 -0.068319 0.041285 -0.034205 
1.892592 -0.538948 0.661959 -0.526374 -0.778285 -0.023405 -0.129172 0.184618 -0.120129 0.310112 0.031531 0.089171 -0.148315 0.111500 -0.083812 
1.758727 -0.511658 0.631795 -0.504028 -0.799008 -0.004802 -0.134224 0.187194 -0.146633 0.279945 -0.026613 0.074946 -0.089620 0.038815 0.020866 
1.684560 -0.458530 0.631461 -0.439324 -0.783410 0.026969 -0.129819 0.174425 -0.124408 0.218311 -0.033125 0.037919 -0.076842 0.010570 0.031871 
1.619866 -0.349549 0.625043 -0.415633 -0.726389 0.064493 -0.150428 0.165811 -0.189950 0.172878 -0.030383 0.027698 -0.082440 0.089541 0.022049 
1.429378 -0.349540 0.668551 -0.345909 -0.585297 0.217877 -0.063306 0.133227 -0.313750 -0.005253 -0.144594 -0.022181 -0.097448 0.171062 0.058139 
1.252805 -0.357646 0.745623 -0.199604 -0.540187 0.389587 -0.042049 0.048313 -0.301540 -0.215651 -0.135795 -0.035207 -0.126051 0.150448 0.040452 
1.173370 -0.425483 0.749985 -0.243420 -0.421608 0.417800 -0.027154 0.171885 -0.275963 -0.119513 -0.131715 0.048368 -0.120462 0.108382 0.071258 
1.174770 -0.491697 0.758723 -0.222430 -0.385830 0.475154 -0.012292 0.167505 -0.253577 -0.123140 -0.121599 0.097212 -0.128382 0.112263 0.059143 
1.052580 -0.306343 0.684422 -0.184546 -0.368120 0.360282 -0.033827 0.129996 -0.321189 -0.120568 -0.149334 0.029484 -0.079929 0.049031 0.062990 
1.083708 -0.230866 0.664579 -0.126259 -0.456432 0.441888 -0.049913 0.120408 -0.318490 -0.234462 -0.084043 -0.023355 -0.133839 0.112569 0.035703 
0.980186 -0.243397 0.530647 -0.128434 -0.273393 0.294668 0.033167 0.070952 -0.288089 0.003756 -0.176560 0.145836 -0.102636 -0.010843 0.130773 
0.945299 0.257095 0.271809 0.076052 -0.360415 0.241219 0.039660 -0.001483 -0.232079 -0.216655 -0.214320 0.030298 -0.100507 -0.058725 0.125509 
0.481123 0.395166 0.151966 0.184203 -0.334753 -0.032100 0.043375 0.082269 -0.200140 -0.010019 0.026460 -0.055801 -0.035628 0.064927 -0.076953 
