city021_072
SHUZENJI
73
-1.255570 -0.754977 1.292320 -0.675205 0.051468 0.003791 -0.288649 0.299398 -0.169361 -0.017441 0.116689 -0.043637 -0.063096 0.160696 -0.142682 
-0.994387 -0.785989 1.127835 -0.770249 -0.027361 0.098592 -0.279989 0.253537 -0.112407 0.009861 0.111244 -0.046747 -0.092654 0.178030 -0.132189 
-0.793967 -1.191903 0.938023 -0.503508 0.067477 0.140049 -0.127029 0.238180 -0.196622 0.002986 0.021304 0.057523 -0.048196 -0.008540 -0.020837 
-0.340928 -1.002695 0.975574 -0.432850 -0.069710 -0.068810 -0.187396 0.368480 -0.143905 -0.092755 0.076982 0.120856 -0.160120 0.038502 -0.037149 
-0.088026 -0.889410 1.015774 -0.279997 -0.117233 -0.068879 -0.158452 0.294826 -0.148659 0.037278 -0.091117 0.155251 -0.037195 -0.041211 -0.050789 
0.160254 -0.813749 0.859443 -0.258045 -0.175154 -0.103516 -0.361601 0.281297 -0.059206 0.027619 -0.079759 0.108581 0.089226 -0.030371 -0.128361 
0.335239 -0.809451 0.744725 0.107978 0.006300 -0.113683 -0.252801 0.231973 -0.102233 0.036777 -0.174508 0.070581 0.079262 0.025738 -0.211680 
1.258299 -0.551864 0.819955 0.191681 -0.005358 -0.129829 -0.384958 0.111649 -0.214029 -0.053636 -0.173386 -0.042187 -0.043352 0.151645 -0.141745 
1.426162 -0.698819 0.827712 0.205627 -0.100738 0.000156 -0.523640 0.086521 -0.239610 -0.113663 -0.058905 -0.192078 -0.024676 0.220307 -0.170777 
1.429693 -0.850023 0.987925 0.123418 -0.030983 -0.009939 -0.620077 0.137072 -0.237524 -0.074353 -0.109401 -0.194505 -0.006379 0.271331 -0.217628 
1.335401 -0.753786 0.963200 0.076536 0.066252 -0.050279 -0.590570 0.111695 -0.289858 0.040501 -0.168148 -0.273416 0.079402 0.230836 -0.225979 
1.364218 -0.652218 0.904021 0.039463 0.181838 -0.122155 -0.508012 0.064793 -0.302015 0.141016 -0.284932 -0.233433 0.084143 0.176821 -0.195299 
1.291105 -0.560021 0.786108 0.010483 0.326363 -0.162374 -0.403705 -0.015040 -0.325684 0.225673 -0.379919 -0.193202 -0.009030 0.160848 -0.126626 
1.149537 -0.217781 0.539965 0.083717 0.367099 -0.182459 -0.207355 -0.252446 -0.149953 0.238057 -0.375383 -0.108505 -0.183220 0.288613 -0.148797 
0.796847 0.005917 0.368521 0.107230 0.478466 -0.315214 -0.102119 -0.238538 -0.160250 0.212594 -0.328736 -0.095716 -0.129702 0.180450 -0.102680 
0.489343 -0.054224 0.387677 0.171332 0.354377 -0.197711 -0.123613 -0.308761 -0.034108 0.001084 -0.151407 -0.132670 -0.124729 0.067246 0.047010 
0.297961 0.155425 0.295550 0.053100 0.516998 -0.321480 -0.070996 -0.236762 -0.140764 0.000739 -0.054340 -0.206947 -0.068706 0.039035 -0.001826 
0.280190 0.174412 0.239346 0.203198 0.363211 -0.284318 -0.029780 -0.243921 -0.131303 -0.044540 -0.069826 -0.149645 -0.087881 -0.010292 0.061825 
0.350263 -0.002690 0.400685 0.201930 0.307424 -0.133410 -0.137176 -0.325725 0.020516 -0.030266 -0.125726 -0.196749 -0.080300 0.095273 -0.054963 
0.574339 -0.107658 0.388339 0.212771 0.178055 -0.171834 -0.193258 -0.250819 -0.040839 0.062902 -0.111721 -0.277172 0.098975 0.081348 -0.027678 
0.883690 -0.222566 0.452640 0.260108 0.150762 -0.184311 -0.160961 -0.305612 -0.029371 0.044196 -0.222526 -0.157705 -0.034340 0.163483 -0.106280 
1.218834 -0.455422 0.552000 0.233060 0.080825 -0.195001 -0.289689 -0.163788 -0.076999 0.003347 -0.258979 -0.158836 0.054283 0.153411 -0.161489 
1.557187 -0.809233 0.791981 0.134187 -0.052292 -0.149573 -0.392274 -0.012324 -0.212880 0.046119 -0.355932 -0.008549 0.090772 0.069356 -0.157933 
1.702294 -0.993215 0.957061 -0.128901 -0.152943 -0.128378 -0.378057 0.071901 -0.268844 0.023496 -0.209569 0.038239 0.065390 0.111637 -0.133929 
1.540532 -1.040349 0.876440 -0.305137 -0.079047 -0.131889 -0.338852 -0.004357 -0.354558 0.024869 -0.145912 0.064327 0.081458 0.096749 -0.062278 
1.455737 -1.090746 0.773397 -0.323466 -0.078477 -0.132064 -0.280188 -0.061420 -0.378131 -0.014275 -0.051056 0.091797 0.092081 0.090871 -0.072978 
1.402238 -1.062510 0.781118 -0.148929 -0.167439 -0.215144 -0.302628 -0.035988 -0.230101 -0.078473 -0.013362 0.051520 0.123429 0.082040 -0.078866 
1.370806 -1.060139 0.927695 -0.196390 -0.237904 -0.330139 -0.299734 0.057404 -0.091706 -0.053339 0.031942 0.087820 0.131344 0.124746 -0.166206 
1.329672 -1.087878 0.855033 -0.245881 -0.272992 -0.359289 -0.240392 0.147428 -0.086607 0.058594 0.036961 0.090294 0.142735 0.043819 -0.148618 
1.359460 -1.082894 0.884596 -0.284018 -0.286190 -0.380377 -0.243235 0.159858 -0.086373 0.077063 0.067710 0.095464 0.138340 0.037291 -0.124214 
1.401775 -1.020948 0.870018 -0.257202 -0.291961 -0.382106 -0.235131 0.158807 -0.081799 0.071527 0.053417 0.111774 0.129119 0.026938 -0.120240 
1.492115 -0.997304 0.938808 -0.235073 -0.298984 -0.327634 -0.264610 0.199287 -0.143289 0.114906 -0.023315 0.150976 0.111578 -0.004232 -0.093372 
1.682919 -0.942231 0.967575 -0.073560 -0.365911 -0.211755 -0.314050 0.216132 -0.167377 0.136951 -0.080244 0.171969 0.097935 0.002168 -0.099507 
1.736197 -0.906786 1.004987 0.074734 -0.331275 -0.170810 -0.252004 0.136278 -0.173586 0.161724 -0.183880 0.189390 0.075019 0.017112 -0.086154 
1.799439 -0.863335 0.967156 0.152962 -0.400426 0.143318 -0.190792 0.001658 -0.115774 -0.006123 -0.251743 0.083562 -0.016298 -0.025739 -0.086026 
1.581019 -0.610355 0.997506 0.038787 -0.475041 0.464845 -0.128119 -0.120105 -0.159529 -0.156838 -0.201338 -0.058595 -0.078142 -0.039220 -0.079210 
1.603652 -0.517455 1.062962 -0.100131 -0.488351 0.584762 -0.177168 -0.163961 -0.167349 -0.145497 -0.232140 -0.086953 -0.070116 -0.013656 -0.120717 
1.559945 -0.472602 1.130043 -0.225487 -0.377582 0.594838 -0.200839 -0.175956 -0.226176 -0.055975 -0.296603 -0.019578 -0.089291 -0.029567 -0.097969 
1.473808 -0.417697 1.088236 -0.206035 -0.329298 0.556207 -0.206024 -0.171673 -0.219641 -0.053769 -0.293575 -0.002466 -0.092529 -0.061305 -0.056349 
1.513662 -0.408043 1.042919 -0.170369 -0.394172 0.611188 -0.222616 -0.178961 -0.155535 -0.150805 -0.256104 -0.041742 -0.074558 -0.066395 -0.076332 
1.502689 -0.359328 1.022643 -0.187538 -0.355594 0.602315 -0.244863 -0.160838 -0.139364 -0.186892 -0.250515 -0.022098 -0.112722 -0.047128 -0.079309 
1.518279 -0.315467 1.077397 -0.256823 -0.332388 0.629600 -0.258603 -0.172285 -0.165880 -0.111204 -0.310988 0.010558 -0.095528 -0.083905 -0.052678 
1.534048 -0.281360 1.051132 -0.210733 -0.367245 0.619195 -0.245071 -0.195483 -0.136024 -0.126378 -0.317320 0.005570 -0.101018 -0.081010 -0.059710 
1.445218 -0.196703 1.020176 -0.182778 -0.375212 0.602539 -0.274971 -0.175090 -0.083033 -0.188415 -0.278405 -0.037911 -0.078157 -0.113060 -0.038439 
1.483331 -0.116965 1.010478 -0.185286 -0.357872 0.623015 -0.314907 -0.189756 -0.045933 -0.200240 -0.270193 -0.028336 -0.091712 -0.101052 -0.055825 
1.585254 -0.108464 1.052419 -0.114838 -0.417728 0.603014 -0.338807 -0.183066 -0.015012 -0.216932 -0.249831 -0.064510 -0.089747 -0.099803 -0.075369 
1.324888 0.100767 0.983560 -0.071820 -0.418221 0.504434 -0.257623 -0.160021 -0.025708 -0.205662 -0.278679 -0.068694 -0.092389 -0.159223 -0.004275 
1.333704 0.100962 0.917936 0.156391 -0.331537 0.325776 -0.251865 -0.132598 0.011500 -0.220811 -0.285014 0.022054 -0.135946 -0.163483 0.012591 
0.742529 -0.182913 0.662628 -0.325467 0.173427 0.090304 -0.029894 0.031287 -0.420523 0.095073 -0.179558 0.094871 -0.105497 0.002049 -0.009443 
0.556235 -0.141312 0.786597 -0.130308 0.272276 -0.250458 -0.075616 0.151052 -0.291007 0.137022 -0.332940 0.209797 -0.082735 -0.091663 0.046406 
-0.266939 0.177683 0.967479 -0.174671 0.376680 -0.285697 -0.078654 0.095308 -0.166317 -0.018771 -0.219295 0.138409 -0.109492 -0.076220 0.048109 
-0.578276 0.088083 1.205645 -0.325622 0.599756 -0.363039 -0.176596 0.211776 -0.329935 -0.022029 -0.240058 0.047140 -0.157946 -0.040405 -0.029535 
-0.707343 0.131512 1.365114 -0.326591 0.568959 -0.387969 -0.080697 0.127650 -0.358441 -0.032202 -0.248909 -0.060518 -0.096004 -0.110545 -0.077394 
-0.333752 0.114377 1.186095 -0.361346 0.570063 -0.441969 -0.143901 0.248239 -0.407966 -0.073059 -0.153020 0.053483 -0.204600 -0.029867 0.015045 
-0.097480 -0.068075 1.186832 -0.306186 0.348999 -0.381559 -0.057569 0.124680 -0.394588 0.015311 -0.112194 -0.027417 -0.081654 -0.032587 0.031898 
0.130364 -0.040258 1.270759 -0.241356 0.081232 -0.250986 -0.050294 -0.025482 -0.261046 0.064548 -0.205112 0.077804 -0.026576 -0.065603 0.071315 
0.408598 -0.321608 1.357672 -0.175061 0.101988 -0.198982 -0.132478 0.147702 -0.402779 -0.005172 -0.140010 -0.034783 -0.023516 -0.145411 0.029700 
0.585796 -0.511036 1.432780 -0.069616 -0.066954 -0.065035 -0.129865 0.082874 -0.349910 -0.054338 -0.168660 0.039999 -0.145967 -0.128879 0.098432 
0.811249 -0.603559 1.474310 -0.192509 -0.079552 0.010752 -0.186374 0.153245 -0.466438 0.001823 -0.161749 0.014858 -0.191738 -0.069412 0.087466 
0.850573 -0.734081 1.641066 -0.101796 -0.204559 0.085231 -0.249117 0.146267 -0.393980 -0.067762 -0.142296 0.046523 -0.218664 -0.052139 0.062584 
0.832669 -0.714214 1.741033 -0.163035 -0.215088 0.112164 -0.255197 0.170651 -0.401262 -0.063037 -0.086131 0.010212 -0.216284 -0.000122 0.029133 
0.902449 -0.786959 1.732998 -0.187991 -0.234460 0.214256 -0.266703 0.166247 -0.374531 -0.064558 -0.069833 -0.017157 -0.226154 0.032934 0.002883 
0.865985 -0.798776 1.756352 -0.211650 -0.212582 0.297428 -0.264316 0.146743 -0.419648 -0.018794 -0.091651 -0.105314 -0.196115 0.040276 -0.033025 
0.698034 -0.552702 1.722054 -0.062402 -0.255578 0.211780 -0.227708 0.119310 -0.413614 -0.063051 -0.056383 -0.153910 -0.180766 0.027960 -0.054974 
0.860977 -0.412991 1.689402 -0.070285 -0.306982 0.206845 -0.227878 0.098486 -0.435932 -0.044708 -0.060952 -0.166835 -0.163539 0.047445 -0.067224 
0.932105 -0.209857 1.530209 0.059592 -0.287318 0.086461 -0.145865 0.046060 -0.442309 0.004639 -0.142744 -0.074760 -0.172021 0.000498 0.017336 
0.856519 0.077082 1.287116 0.059592 -0.311286 0.037770 -0.121186 -0.004089 -0.436629 -0.016908 -0.134720 -0.105223 -0.161479 0.016327 -0.003882 
0.660186 0.005121 1.449651 0.141072 -0.429508 0.205833 -0.213376 -0.068046 -0.354157 -0.122349 -0.070255 -0.217300 -0.092809 -0.004177 -0.041143 
0.414280 -0.138336 1.650209 0.082888 -0.435095 0.191580 -0.163057 -0.102407 -0.419955 0.004090 -0.200886 -0.141207 -0.134876 0.017446 -0.024018 
0.493966 0.135635 1.430521 0.104979 -0.440336 0.184853 -0.132309 -0.156858 -0.359971 -0.028003 -0.161869 -0.174223 -0.084967 -0.028195 0.034533 
0.011674 -0.078482 1.153635 0.088454 -0.185284 0.029075 -0.142055 -0.098737 -0.363520 -0.011426 -0.247720 -0.073298 -0.121374 -0.064401 0.026092 
0.002855 0.153620 1.308035 0.022821 -0.191813 0.079881 -0.012581 -0.116212 -0.374858 0.066573 -0.250996 -0.087559 -0.182316 -0.002158 -0.006913 
0.265856 0.157656 0.442322 0.125289 -0.164006 0.155447 -0.001904 -0.294546 -0.339533 -0.076526 -0.094813 -0.124486 -0.046265 -0.064898 -0.018925 
