city021_025
NOGATA
60
-0.199769 0.182262 0.107633 0.356886 -0.147897 0.030712 -0.071251 0.009597 -0.179163 0.009330 0.025306 -0.010460 -0.100425 0.065859 -0.011982 
0.002492 -0.018067 -0.098886 0.132271 -0.182438 0.145857 -0.274447 0.010061 -0.055255 -0.014010 0.030360 0.013672 0.016455 -0.009128 -0.019513 
0.743779 0.248270 0.561105 0.368653 -0.293226 0.319755 -0.139118 -0.110045 -0.009507 -0.015342 -0.178968 0.027863 -0.044869 -0.070397 0.007986 
0.961640 -0.118897 0.857439 0.134010 -0.377515 0.436950 -0.215387 -0.234922 -0.070848 -0.017108 -0.355739 0.098929 -0.113348 -0.128157 0.051328 
1.158210 0.113851 0.778734 0.203160 -0.263727 0.337022 -0.220953 -0.227229 -0.050928 -0.015625 -0.365905 0.066438 -0.120125 -0.101248 0.007837 
1.377172 -0.074357 0.892665 0.189062 -0.363675 0.424961 -0.252724 -0.223843 -0.075276 0.002782 -0.306535 0.018120 -0.082964 -0.073405 -0.039775 
1.517672 -0.553090 0.480919 -0.108525 0.036655 0.094917 -0.252145 -0.193213 -0.315437 0.191811 -0.202835 0.029014 -0.063979 0.044694 -0.029985 
2.026237 -0.448925 0.316513 -0.350539 -0.213836 0.317839 -0.311515 -0.135035 -0.391608 0.187624 -0.017396 0.076771 0.022789 0.077079 -0.131014 
1.999662 -0.423362 0.248766 -0.449969 -0.263251 0.380009 -0.183932 -0.052920 -0.379355 0.108202 -0.041664 0.047208 0.106036 0.078882 -0.163341 
1.996673 -0.335518 0.294976 -0.620236 -0.308080 0.306697 -0.149427 0.079905 -0.468405 0.119124 -0.109222 0.014446 0.183912 0.133656 -0.074756 
2.071040 -0.416809 0.385563 -0.629983 -0.356944 0.178102 -0.189708 0.165754 -0.395253 0.103946 -0.131680 -0.028803 0.096278 0.193421 -0.046812 
2.049052 -0.514333 0.328474 -0.586867 -0.351041 0.093857 -0.192004 0.272246 -0.370435 0.081888 -0.188638 -0.036652 0.085066 0.166987 0.043217 
2.024609 -0.313809 0.360529 -0.520458 -0.350687 -0.065146 -0.247948 0.182175 -0.283884 0.181723 -0.145789 -0.050986 0.026707 0.133879 -0.026373 
2.017549 -0.346047 0.355463 -0.467541 -0.307539 -0.197595 -0.309202 0.181396 -0.175257 0.199368 -0.172044 -0.055992 0.021741 0.141366 -0.113055 
2.049259 -0.194228 0.388807 -0.473070 -0.348439 -0.124113 -0.201466 0.150114 -0.287714 0.197360 -0.143911 -0.039496 -0.048687 0.182858 -0.102475 
1.978112 0.088914 0.338017 -0.355550 -0.471290 -0.110421 -0.105930 0.149313 -0.373571 0.205465 -0.142692 -0.159922 -0.066353 0.158831 -0.049372 
1.945739 0.129576 0.174136 -0.320137 -0.405953 0.044414 -0.035866 0.195479 -0.417210 0.011098 -0.144485 -0.260283 -0.058733 0.221523 -0.003256 
1.899155 0.176918 0.132941 -0.446749 -0.294687 0.021742 0.047843 0.149453 -0.474741 -0.035176 -0.198285 -0.137819 -0.047696 0.307111 0.016114 
1.962974 -0.033357 0.173473 -0.450321 -0.246237 0.017373 -0.035711 0.096035 -0.522957 0.006201 -0.143699 -0.002693 -0.053567 0.322292 -0.006038 
1.986138 -0.285454 0.303460 -0.545772 -0.202453 0.081339 -0.133917 0.072083 -0.624213 0.047394 -0.028749 0.098399 0.034815 0.294436 -0.052003 
1.825362 -0.674084 0.280014 -0.572627 -0.115308 -0.072591 -0.208555 0.007635 -0.485152 0.121069 -0.012954 0.115421 0.072676 0.308655 -0.076593 
1.725774 -0.953766 0.357272 -0.574155 -0.142990 -0.162101 -0.247858 0.113417 -0.457806 0.153724 0.066315 0.139840 0.162000 0.193939 -0.055262 
1.665325 -0.946438 0.369525 -0.619319 -0.114057 -0.224980 -0.147837 -0.036886 -0.293939 0.215267 0.114324 0.164147 0.045689 0.185912 -0.055125 
1.592840 -0.864519 0.291124 -0.551813 -0.179866 -0.152595 -0.127856 -0.070370 -0.213091 0.213259 0.210154 0.113519 -0.017710 0.126005 -0.056474 
1.596279 -1.124472 0.294249 -0.615468 -0.131510 -0.151923 -0.113086 -0.034816 -0.153522 0.226182 0.172390 0.186409 -0.075832 0.030223 -0.049792 
1.496049 -1.035579 0.225569 -0.617985 -0.153405 -0.117022 -0.106600 -0.008543 -0.130303 0.222540 0.172429 0.144822 -0.045165 -0.022004 -0.048280 
1.648176 -1.033986 0.278794 -0.635548 -0.178717 -0.059607 -0.132813 -0.090087 -0.131721 0.249408 0.185898 0.113576 -0.034183 0.082265 -0.153371 
1.657325 -0.879601 0.288257 -0.564382 -0.182665 -0.041029 -0.112026 -0.201879 -0.233435 0.316684 0.109137 0.140830 0.051064 0.029788 -0.059992 
1.999605 -0.625803 0.344006 -0.503295 -0.150751 0.189455 -0.310961 -0.160179 -0.398699 0.392072 0.017279 0.142800 0.024042 0.006271 -0.047376 
1.197509 0.146599 -0.065544 -0.209674 -0.036230 0.288653 -0.106594 -0.254659 -0.270220 0.182808 0.055887 0.032694 0.017890 -0.052508 -0.142682 
1.271794 0.346068 -0.130126 0.022132 -0.212502 0.209764 -0.091271 -0.095860 -0.193286 0.302766 0.210122 -0.041434 -0.003013 0.085260 -0.119553 
0.940499 0.163528 -0.297006 -0.140320 -0.332170 0.137692 -0.170573 -0.119776 -0.074570 0.175254 0.102064 0.104535 -0.098681 0.086863 -0.061801 
0.648352 -0.052500 -0.368907 -0.224455 -0.348117 0.040494 -0.141457 -0.005860 -0.213941 0.153636 0.173485 0.071660 0.044166 0.069413 -0.135243 
0.666333 -0.166779 -0.387507 -0.038054 -0.245906 0.113552 -0.166930 -0.063861 -0.142432 0.152320 0.123466 0.036207 -0.079994 0.080055 -0.063801 
0.595779 -0.201214 -0.319416 -0.071238 -0.308872 0.099105 -0.226801 -0.051590 -0.240322 0.139236 0.260432 0.045617 -0.060633 0.083675 -0.068793 
0.291245 -0.032288 -0.283218 -0.238663 -0.296250 0.137690 -0.192811 -0.074724 -0.110575 0.009632 0.193421 0.150043 -0.061691 0.073230 -0.096858 
0.303420 -0.044815 -0.157845 -0.136545 -0.232858 -0.010233 -0.267561 0.004656 -0.132203 0.066234 0.112699 0.104691 -0.011410 0.044012 0.001287 
0.669233 -0.513061 0.219200 -0.708109 -0.018644 0.134970 -0.213398 0.062538 -0.084210 0.188879 -0.086184 0.162980 -0.098808 0.030504 -0.054623 
1.475796 -0.690711 0.329671 -0.503663 0.018622 0.062211 -0.248174 -0.094706 -0.243759 0.338928 -0.088514 0.126258 -0.074025 0.083186 -0.024127 
1.575619 -1.017527 0.337372 -0.583937 -0.109383 -0.064192 -0.100393 -0.260254 -0.171474 0.443979 0.095995 0.060173 0.041068 -0.025519 -0.068946 
1.429032 -1.123170 0.320231 -0.689542 -0.070962 -0.122220 -0.051762 -0.215292 -0.132717 0.474183 0.158595 0.016717 0.004727 -0.036441 -0.156066 
1.430435 -1.082037 0.310513 -0.719264 -0.078546 -0.159180 0.035256 -0.196266 -0.121052 0.471857 0.153717 -0.000573 -0.004947 -0.056891 -0.181750 
1.383320 -1.156395 0.280776 -0.672553 -0.072175 -0.284383 0.116164 -0.141452 -0.088941 0.421796 0.130614 0.023400 -0.003568 -0.109671 -0.136925 
1.364999 -1.196599 0.160856 -0.587374 -0.079012 -0.329631 0.102048 -0.031589 -0.103171 0.388644 0.113671 0.036807 0.002952 -0.150316 -0.130116 
1.414860 -1.225410 0.197511 -0.640700 -0.061467 -0.320429 0.074221 0.051880 -0.086205 0.329449 0.092899 0.066431 -0.043045 -0.157169 -0.079189 
1.423960 -1.235723 0.191518 -0.648690 -0.090367 -0.270637 0.048368 0.063495 -0.096380 0.323828 0.084236 0.102874 -0.047007 -0.186490 -0.046237 
1.446925 -1.237441 0.157082 -0.674190 -0.068318 -0.283061 0.067548 0.058654 -0.102590 0.299237 0.085507 0.151613 -0.054295 -0.187947 -0.064501 
1.492099 -1.133027 0.107353 -0.682729 -0.088802 -0.227971 -0.027753 0.156612 -0.119555 0.285598 0.097731 0.117684 -0.067902 -0.135483 -0.075066 
1.700707 -0.990437 0.109945 -0.760801 -0.067070 -0.089551 -0.153310 0.126375 -0.117459 0.289775 0.141215 0.137946 -0.182217 -0.027931 -0.041403 
1.843407 -0.815807 0.115148 -0.755272 -0.065166 0.066323 -0.263803 0.096675 -0.201934 0.446093 0.162426 0.045750 -0.173029 -0.053595 -0.056786 
2.041865 -0.777811 0.051166 -0.626463 -0.145526 0.187021 -0.329283 0.101270 -0.274155 0.477317 0.093447 0.065404 -0.115120 -0.064909 -0.046566 
2.074296 -0.690209 -0.004896 -0.552243 -0.193094 0.217620 -0.309211 0.115418 -0.230109 0.417456 0.040344 -0.018474 -0.073503 -0.015685 -0.046625 
1.981357 -0.623612 -0.098045 -0.493960 -0.214269 0.069724 -0.275339 0.147645 -0.260075 0.399964 0.029241 0.038615 -0.015703 -0.014653 -0.007941 
1.836733 -0.589459 -0.049072 -0.538908 -0.165228 0.080299 -0.237536 0.106743 -0.294929 0.488403 0.114095 -0.018242 -0.060414 -0.037493 -0.072815 
1.380558 -0.951305 -0.058798 -0.609152 -0.005054 -0.018398 -0.158656 0.125478 -0.365418 0.539235 0.024536 0.060817 -0.091862 -0.049464 -0.081091 
1.708311 -0.656579 -0.336183 -0.629935 -0.019091 0.066734 -0.154911 0.184602 -0.382785 0.534783 0.112298 -0.024801 -0.103362 -0.158551 -0.102138 
1.278186 -0.296561 -0.527633 -0.303839 0.023622 0.059551 -0.003055 0.041042 -0.271828 0.317450 -0.079357 -0.025491 0.029693 -0.010794 -0.029759 
1.615185 -0.251910 -0.681661 -0.310633 -0.134555 0.157653 0.004870 -0.034304 -0.200139 0.358599 0.065873 0.016710 -0.130575 -0.144233 -0.030979 
0.401722 -0.144459 -0.519678 -0.307431 -0.257906 0.136892 -0.084146 -0.113355 -0.100848 0.410250 0.129211 -0.012984 -0.112278 -0.084461 -0.117100 
0.177890 -0.120583 -0.392234 -0.356316 -0.275786 0.015016 -0.207932 0.010264 -0.085013 0.407976 0.112697 0.044308 -0.033952 -0.102150 -0.069443 
