city021_007
KICHIJOOJI
82
-0.179944 0.330186 0.026941 0.111791 -0.179003 0.211378 0.038787 -0.176149 -0.137671 0.087628 -0.085749 0.064981 -0.035599 -0.000404 -0.029462 
0.061713 -0.815746 0.664010 -0.531911 0.175582 0.236772 -0.357390 -0.006172 0.016968 0.122122 -0.199059 0.273994 -0.245766 0.085766 0.076969 
0.082184 -0.650747 0.557989 -0.670407 0.074680 0.130009 -0.325382 0.091802 0.005835 -0.010147 -0.032836 0.229460 -0.215383 0.094243 0.010099 
-0.073324 -0.502806 0.718904 -0.541622 0.033746 0.130183 -0.348812 0.062544 -0.038488 -0.035300 0.043612 0.104835 -0.161087 0.158425 -0.046861 
-0.143630 -0.635166 0.797258 -0.455922 -0.059294 -0.016390 -0.296400 0.152654 -0.133309 0.047257 -0.022521 0.192281 -0.194800 0.115347 0.037525 
0.380062 -0.243563 0.975837 -0.503260 0.013736 0.221243 -0.095375 0.199794 -0.075736 0.155535 -0.170591 0.185086 -0.115235 0.034575 0.022570 
0.543248 -0.056517 1.336793 -0.318472 -0.052761 0.166110 -0.225956 0.095749 -0.241949 -0.002801 -0.125258 0.050549 -0.204053 0.090472 -0.040262 
0.660371 -0.182374 1.596568 -0.109536 -0.068821 0.112695 -0.264023 0.138342 -0.394253 -0.033119 -0.240194 0.063548 -0.306526 -0.011916 0.047491 
0.673413 -0.092986 1.459771 -0.023318 -0.127850 0.145931 -0.197086 0.140112 -0.353731 -0.042150 -0.130067 0.035286 -0.317798 0.038117 0.071367 
0.509447 0.144988 1.194967 0.010211 -0.186522 0.072496 -0.042634 -0.049790 -0.173800 -0.187651 -0.084294 0.071165 -0.383206 0.069982 0.041442 
0.277679 0.318929 0.877833 0.291635 -0.070728 0.125730 -0.017914 0.082650 -0.176099 -0.137729 -0.075247 0.034195 -0.277190 -0.045874 0.015585 
0.512228 0.443445 0.430952 0.445144 -0.032802 0.263013 -0.128244 0.100849 -0.181132 -0.084253 -0.081417 -0.059390 -0.134378 -0.098977 -0.013574 
0.313449 0.233088 0.147391 0.288786 -0.040671 0.214000 -0.036554 0.123959 -0.026253 -0.007856 -0.071452 0.130636 -0.019228 -0.057030 0.023691 
0.059113 0.108621 0.035182 0.230518 -0.009730 0.166098 -0.196220 -0.056696 -0.104472 0.069472 -0.043563 0.009766 -0.067696 0.014175 0.012410 
-0.375511 0.122166 0.311660 -0.090452 -0.080299 0.105831 -0.112280 0.093369 -0.155466 0.063137 -0.031098 0.034133 -0.029439 0.007616 0.001482 
-0.706031 -0.063620 0.505924 -0.304297 0.270374 -0.028353 0.059802 0.030149 -0.152270 0.116900 -0.052545 0.124484 -0.205895 0.198898 -0.102196 
-0.861505 -0.415531 0.234479 -0.708937 0.489476 -0.186131 0.139362 0.046908 -0.149417 0.147828 -0.172764 0.105115 -0.008673 -0.002454 -0.004369 
-1.233702 -0.538256 0.691214 -0.667765 0.278199 -0.319421 0.069743 0.102058 -0.105643 0.181903 -0.153422 0.077130 -0.022603 0.016772 -0.055279 
-1.152761 -0.575595 0.700776 -0.683782 0.461936 -0.139871 -0.034415 -0.005239 -0.007301 0.102172 -0.099792 0.005794 0.048368 -0.026436 -0.012260 
-1.068737 -0.836080 0.645021 -0.898496 0.502114 -0.128329 -0.008939 -0.005499 -0.005077 0.160248 -0.187861 0.079930 -0.032092 0.015232 0.001177 
-0.942124 -0.816462 0.536581 -0.734344 0.387985 -0.074284 0.203197 -0.026133 -0.185636 0.095453 -0.094766 0.151218 -0.068002 -0.012937 0.043549 
-0.353908 -0.433473 0.925813 -0.589614 0.526375 -0.043970 0.020378 -0.078465 -0.031889 0.175452 -0.140424 0.068127 0.001717 -0.085969 0.104147 
0.104616 -0.296389 1.118913 -0.394693 0.337349 -0.249425 -0.022395 0.101082 -0.263038 0.197134 -0.228928 0.060865 0.072995 -0.152037 0.072278 
0.459479 -0.425264 1.243849 -0.119143 0.101241 -0.206894 -0.082812 0.068737 -0.319776 0.059699 -0.259470 0.069164 -0.028373 -0.114680 -0.021648 
0.764713 -0.499435 1.260299 -0.105102 0.059694 -0.177349 -0.133633 0.127797 -0.362584 0.047356 -0.317828 0.176516 -0.139982 -0.109428 0.047711 
0.509241 -0.403916 1.358443 -0.105108 0.091235 -0.280147 -0.052054 0.024710 -0.285803 -0.040404 -0.268490 0.135891 -0.103946 -0.134269 0.034951 
0.701181 -0.635114 1.439080 -0.141323 0.054271 -0.126677 -0.213013 0.144318 -0.318272 -0.016915 -0.279030 0.124840 -0.065884 -0.161173 0.041756 
0.417190 -0.465283 1.434393 -0.157501 0.149847 -0.265499 -0.113999 0.108164 -0.341471 0.013985 -0.307265 0.122110 -0.042871 -0.189387 0.046934 
0.278554 -0.351294 1.381288 -0.168770 0.154600 -0.311202 -0.072585 0.065597 -0.245658 -0.022446 -0.265386 0.167934 -0.066677 -0.115923 0.006597 
0.073387 -0.328682 1.443927 -0.265667 0.288769 -0.350979 -0.102939 0.136582 -0.330771 0.002140 -0.225061 0.010172 0.076249 -0.212506 -0.008507 
0.006160 -0.292638 1.386330 -0.253756 0.321122 -0.295833 -0.172827 0.163710 -0.314968 -0.023135 -0.247175 0.034914 0.018961 -0.195488 0.017421 
0.004249 -0.326545 1.389651 -0.311802 0.355871 -0.307531 -0.234580 0.237836 -0.391668 0.067884 -0.316495 0.071062 0.047304 -0.223338 0.045113 
-0.285724 -0.356903 1.508805 -0.430552 0.463088 -0.327532 -0.259256 0.215050 -0.323206 -0.011656 -0.266627 -0.000313 0.086342 -0.196379 -0.036314 
-0.214077 -0.407093 1.524909 -0.391522 0.370245 -0.234561 -0.319164 0.183266 -0.291595 -0.083392 -0.217421 -0.045026 0.055197 -0.135091 -0.108035 
0.189812 -0.576856 1.396275 -0.241810 0.178603 -0.215083 -0.266400 0.106416 -0.194998 -0.074598 -0.184772 0.007329 0.031259 -0.010821 -0.160791 
0.697377 -0.881567 1.426626 -0.143002 -0.020612 -0.068468 -0.394368 0.078994 -0.213761 -0.104423 -0.198341 0.003854 -0.017931 0.074748 -0.206807 
1.217304 -0.975410 1.319575 0.029969 -0.201324 -0.016736 -0.490093 0.095982 -0.148430 -0.138027 -0.142993 0.023514 -0.028683 0.187011 -0.215933 
1.458178 -1.049988 1.203390 -0.094879 -0.105323 -0.072218 -0.569307 0.132564 -0.227351 0.040210 -0.111977 -0.062221 0.057186 0.245460 -0.143080 
1.619185 -0.948722 0.818246 -0.289998 0.055786 -0.083549 -0.463811 -0.000904 -0.338755 0.147106 -0.056201 -0.096783 0.017585 0.231320 -0.066841 
1.662317 -0.813122 0.639297 -0.386076 0.081937 -0.013680 -0.363109 -0.154696 -0.458814 0.164171 0.065317 -0.076754 -0.041794 0.204294 -0.027700 
1.733920 -0.796542 0.611195 -0.464660 0.006588 0.074874 -0.310075 -0.140113 -0.522216 0.106234 0.067319 -0.017634 -0.008605 0.190869 -0.107708 
1.773944 -0.824466 0.546520 -0.503860 0.011552 0.058017 -0.309218 0.020291 -0.549374 -0.015580 -0.000078 -0.005251 0.053439 0.247447 -0.174194 
1.953663 -0.841915 0.502867 -0.459377 -0.107850 0.116717 -0.349079 0.143889 -0.471875 -0.091816 -0.129999 -0.088281 0.137215 0.309184 -0.208493 
1.998968 -0.836132 0.458538 -0.411322 -0.119703 0.076833 -0.311610 0.156290 -0.425263 -0.112541 -0.264279 0.012953 0.133921 0.260590 -0.156313 
1.968801 -0.714263 0.424563 -0.490156 -0.028167 -0.031480 -0.330311 0.193450 -0.377016 -0.060560 -0.303795 -0.005573 0.086746 0.280237 -0.121100 
1.935241 -0.541329 0.467639 -0.543220 -0.051135 -0.115826 -0.313980 0.214216 -0.320691 -0.023596 -0.294908 -0.029951 0.014251 0.249376 -0.099526 
1.866369 -0.415264 0.439930 -0.551829 -0.141789 -0.073050 -0.305077 0.190023 -0.238414 -0.086689 -0.266104 -0.008513 0.027888 0.172945 -0.018719 
1.863429 -0.473708 0.463501 -0.587418 -0.084987 -0.092429 -0.300281 0.226927 -0.311087 -0.052858 -0.311417 0.008673 0.030507 0.199076 -0.033543 
1.781699 -0.409173 0.488165 -0.624540 -0.113599 -0.010855 -0.294644 0.178707 -0.347497 -0.072627 -0.253946 0.013475 0.055929 0.177717 -0.002041 
1.830850 -0.544632 0.429746 -0.535011 -0.022208 0.037831 -0.290779 0.149256 -0.431334 -0.116792 -0.175642 0.038384 0.074154 0.182274 -0.048246 
1.846236 -0.587039 0.474536 -0.597911 -0.024238 0.145806 -0.281433 0.027671 -0.489983 -0.007718 -0.151715 0.005414 0.090388 0.212914 -0.134887 
1.830932 -0.694866 0.466158 -0.495516 0.057592 0.231557 -0.370372 -0.122018 -0.538706 0.086149 -0.022759 0.010382 -0.004205 0.165233 -0.211083 
1.777909 -0.690712 0.691330 -0.374364 -0.009237 0.255365 -0.524506 -0.116160 -0.441423 0.187440 -0.004389 -0.098875 -0.023416 0.143775 -0.108160 
1.617673 -0.786910 0.786255 -0.285087 0.033940 0.123858 -0.480286 -0.083692 -0.361545 0.142384 -0.131920 -0.116750 -0.002920 0.178330 -0.154952 
1.590428 -0.882175 1.048355 -0.175510 -0.033181 0.028238 -0.528095 0.077629 -0.353167 0.113981 -0.274244 -0.077854 0.086264 0.082115 -0.167274 
1.399027 -0.715941 1.129444 0.006767 -0.017075 0.041628 -0.613387 0.085629 -0.194640 0.004257 -0.317441 -0.106526 0.129412 0.060992 -0.241868 
1.036960 -0.524274 1.043321 0.006633 0.150802 -0.092039 -0.434869 0.040064 -0.150227 0.011293 -0.404788 -0.025683 0.049975 0.049463 -0.279185 
0.803711 -0.455604 1.039768 0.021998 0.218789 -0.133414 -0.384807 0.107261 -0.218367 0.031714 -0.382032 -0.073549 0.120762 -0.073007 -0.214171 
0.520699 -0.288904 1.179659 -0.070459 0.304566 -0.257399 -0.350644 0.179542 -0.280311 0.060761 -0.395907 -0.026280 0.155230 -0.148231 -0.107377 
0.545459 -0.411460 1.287073 -0.119402 0.294351 -0.218851 -0.404864 0.278748 -0.367721 0.106674 -0.397559 -0.059145 0.231142 -0.223939 -0.107419 
0.454670 -0.334567 1.187190 -0.050643 0.272164 -0.261905 -0.277488 0.145876 -0.252942 0.030538 -0.343787 -0.038599 0.157333 -0.163328 -0.099283 
0.327915 -0.320443 1.271469 -0.157190 0.346356 -0.261262 -0.315304 0.226825 -0.325054 0.012725 -0.330741 0.017899 0.021453 -0.102744 -0.097952 
0.156554 -0.309238 1.317262 -0.136994 0.342625 -0.248660 -0.299853 0.236874 -0.347356 0.013071 -0.345797 -0.008681 0.059100 -0.174898 -0.085853 
0.124619 -0.330229 1.357809 -0.145931 0.342277 -0.328866 -0.173706 0.216818 -0.447006 0.107089 -0.375480 0.013257 0.025244 -0.160676 -0.086656 
0.344856 -0.326143 1.308743 -0.075391 0.178212 -0.340949 -0.137815 0.152504 -0.376200 0.001054 -0.252305 0.024718 0.011520 -0.115715 -0.082437 
0.567871 -0.513389 1.430430 -0.108202 0.021894 -0.184881 -0.239424 0.174492 -0.414533 -0.001754 -0.237353 0.041684 -0.039216 -0.097321 -0.051168 
0.641763 -0.533798 1.410863 -0.138975 0.011621 -0.163662 -0.216127 0.189669 -0.453283 -0.005657 -0.138672 -0.052277 -0.001118 -0.125772 -0.011759 
0.860872 -0.696854 1.478193 -0.021647 -0.200758 -0.025286 -0.268525 0.179230 -0.415592 -0.075738 -0.116702 0.015628 -0.123485 -0.046240 -0.028045 
0.804994 -0.561973 1.505285 0.087122 -0.283683 0.006335 -0.201975 0.081379 -0.319061 -0.134869 -0.121350 0.089569 -0.236899 -0.003696 0.011375 
0.935156 -0.632114 1.595318 0.107287 -0.386725 0.127584 -0.238656 0.084262 -0.322479 -0.135762 -0.076983 0.050886 -0.274221 0.073417 -0.035381 
0.997701 -0.674550 1.634670 0.038104 -0.409412 0.246006 -0.329196 0.147395 -0.359580 -0.144977 -0.031224 -0.043983 -0.220152 0.033726 -0.030123 
0.978053 -0.667551 1.652819 -0.062706 -0.353322 0.233542 -0.314000 0.138086 -0.361093 -0.112782 -0.067081 0.001596 -0.263298 0.061808 -0.012579 
0.797950 -0.521017 1.658731 -0.116913 -0.299115 0.191923 -0.284078 0.114202 -0.373630 -0.090389 -0.068178 -0.017439 -0.251503 0.059552 0.018415 
0.932690 -0.483156 1.618295 -0.101557 -0.369774 0.298012 -0.349600 0.155680 -0.400284 -0.114016 -0.004468 -0.114868 -0.233874 0.105942 -0.041565 
0.669563 -0.281770 1.610569 -0.099985 -0.267210 0.215198 -0.286052 0.107338 -0.392297 -0.085747 -0.024064 -0.134822 -0.217681 0.122699 -0.057182 
0.667993 -0.256581 1.597149 -0.094296 -0.309705 0.279464 -0.326242 0.114953 -0.370886 -0.100946 -0.050164 -0.111289 -0.213713 0.076672 -0.056914 
0.482084 -0.163373 1.689114 -0.052485 -0.313098 0.214638 -0.274100 0.065815 -0.409547 -0.048504 -0.108816 -0.070889 -0.241085 0.111986 -0.043938 
0.289645 -0.086053 1.579304 -0.084435 -0.251119 0.203917 -0.297707 0.098508 -0.458352 -0.050437 -0.109771 -0.151239 -0.193622 0.045773 -0.043888 
0.291742 0.145648 1.540159 -0.034493 -0.279686 0.246676 -0.332121 0.103248 -0.413033 -0.132069 -0.045623 -0.166935 -0.220055 0.057185 -0.036911 
0.127019 -0.090008 1.059079 0.178890 -0.309699 0.303724 -0.236315 0.028479 -0.278868 -0.052160 -0.053227 -0.135695 -0.119782 -0.001144 0.026473 
0.588970 0.349037 1.154087 0.026455 -0.367308 0.138832 -0.209805 -0.024323 -0.370101 0.014938 -0.155581 -0.069928 -0.101630 -0.002354 0.030292 
0.307717 0.331939 0.520999 0.275494 -0.305418 0.145525 -0.171575 -0.114536 -0.336697 -0.113076 -0.157352 -0.104145 -0.127476 -0.036378 0.005412 
