city021_008
KUNITACHI
69
0.014149 0.016333 -0.029265 0.059985 -0.382927 0.031267 -0.126424 -0.007315 -0.142357 0.063364 0.069992 0.008007 0.012500 0.049294 -0.038874 
1.410879 -0.603076 -0.608801 -0.342505 0.050842 0.068248 -0.047878 -0.032238 -0.155246 0.173221 -0.058309 0.191768 -0.106273 0.112524 -0.131321 
1.241213 -0.496364 -0.526207 -0.291522 0.082371 0.037888 -0.087826 -0.089238 -0.180781 0.252674 -0.114073 0.226091 -0.057305 0.007352 -0.086101 
1.318765 -0.518790 -0.418335 -0.258620 0.100799 0.129434 -0.097846 0.011708 -0.225022 0.169161 -0.054268 0.284557 -0.182397 -0.080141 0.021455 
1.253060 -0.408266 -0.061811 0.056627 0.322794 0.319579 -0.201870 0.015661 -0.195619 0.143804 -0.122861 0.176704 -0.115314 0.030117 -0.112946 
1.131846 -0.483050 0.347875 0.023519 0.215660 0.009280 -0.432772 0.050397 -0.281994 0.011177 -0.145964 0.122781 -0.188818 0.043094 0.021042 
1.087931 -0.577232 0.226504 0.418892 0.181925 -0.054058 -0.286571 -0.043030 -0.154491 0.146616 -0.232528 -0.013056 -0.106851 0.089149 -0.031150 
1.354947 -0.304240 0.585358 0.276324 -0.023179 0.074721 -0.399634 0.104948 -0.167240 0.036931 -0.067101 -0.141889 -0.000370 0.135787 -0.132469 
1.598237 -0.430369 0.760571 0.209290 0.007319 -0.037373 -0.371852 0.167368 -0.429694 -0.022628 -0.060718 -0.187988 -0.123337 0.158810 -0.144018 
1.369235 -0.707208 1.233738 0.209524 -0.227673 -0.078678 -0.367861 0.241313 -0.451306 -0.112359 -0.037640 -0.084658 -0.124277 0.155607 -0.150258 
1.122154 -0.531329 1.495323 0.266425 -0.424094 0.070165 -0.311343 0.213165 -0.500474 -0.124767 0.044421 -0.146506 -0.167115 0.151534 -0.160172 
1.451265 -0.093972 0.895889 0.238251 -0.514185 0.348339 -0.211778 0.012565 -0.108822 -0.262418 -0.150670 -0.022673 -0.224676 -0.057008 -0.048634 
1.606553 -0.203609 0.894238 0.271130 -0.504162 0.305273 -0.226657 0.031489 -0.152155 -0.262712 -0.182031 0.029891 -0.235729 -0.121393 0.021940 
1.634866 -0.254956 0.832677 0.397678 -0.506159 0.383149 -0.256868 -0.006945 -0.183241 -0.288631 -0.080876 -0.011677 -0.272387 -0.059495 0.019661 
1.362313 -0.199774 0.906410 0.234781 -0.340927 0.234180 -0.189414 0.041031 -0.285816 -0.181407 -0.168090 -0.010970 -0.231756 -0.123058 0.059655 
1.019896 -0.147152 1.046484 -0.503846 0.134735 0.179551 -0.246239 0.143182 -0.456300 -0.071328 -0.240056 -0.015104 -0.172818 -0.004601 -0.035041 
0.998814 -0.055714 1.611632 -0.477358 -0.172867 0.302398 -0.425456 0.168050 -0.371372 -0.083707 -0.132828 -0.054292 -0.297529 0.126835 -0.052143 
0.918017 -0.121347 1.733493 -0.477391 -0.103198 0.254671 -0.429069 0.183920 -0.410678 -0.059290 -0.104399 -0.070647 -0.261192 0.132299 -0.036689 
0.968018 -0.137230 1.797402 -0.556242 -0.098656 0.262868 -0.478161 0.236332 -0.441615 -0.057188 -0.101852 -0.066728 -0.283590 0.158550 -0.060129 
0.908881 -0.022919 1.730018 -0.510286 -0.096704 0.260246 -0.469927 0.225218 -0.426335 -0.093095 -0.052589 -0.117629 -0.268035 0.177607 -0.096478 
0.914569 -0.098359 1.690117 -0.530760 -0.037099 0.220095 -0.433355 0.262272 -0.467771 -0.049597 -0.081875 -0.095718 -0.282531 0.162876 -0.068172 
0.647533 0.015776 1.661183 -0.352199 -0.015758 0.117935 -0.361587 0.198549 -0.453059 -0.070571 -0.064114 -0.071352 -0.287007 0.159451 -0.021443 
0.477293 0.123448 1.354834 -0.272547 -0.132840 0.071859 -0.219091 -0.001403 -0.291357 -0.152525 -0.044039 -0.067211 -0.238133 0.091675 0.029493 
0.509740 0.177622 0.975817 -0.157638 -0.238808 0.071908 -0.102135 -0.006664 -0.310243 -0.077918 -0.117886 -0.005523 -0.241136 0.074942 0.028433 
0.350137 0.396460 0.572992 0.270300 -0.036158 0.377805 -0.008046 0.113855 -0.196223 -0.114119 0.056161 -0.065611 -0.178890 0.008559 -0.039291 
0.294894 0.443814 0.331497 0.200602 -0.054959 0.213777 -0.147742 0.051220 -0.154780 -0.161112 -0.013635 0.000706 -0.168253 0.018628 -0.031817 
0.218178 0.188905 0.429810 0.122600 -0.083394 0.066906 -0.295962 0.040290 -0.207410 -0.114284 -0.033624 -0.009547 -0.118679 0.061573 -0.030980 
0.233130 0.299458 0.274670 0.201709 -0.183482 0.052059 -0.172941 0.004954 -0.121075 -0.186828 -0.002853 0.083846 -0.195892 0.082649 -0.001454 
0.365125 0.190884 0.116860 0.216771 -0.114803 0.097219 -0.180209 0.052059 -0.053056 -0.036789 -0.030105 0.039315 -0.063321 0.057748 -0.051148 
0.503595 -0.409822 0.123029 -0.021901 -0.244853 0.106344 -0.155892 0.130244 -0.041100 -0.032028 -0.017635 0.071212 -0.039834 0.036669 -0.055965 
0.958798 -0.576308 0.338828 -0.075006 -0.019119 0.229684 0.092797 0.200968 -0.148846 -0.028818 -0.116557 0.217366 -0.059142 0.044647 -0.023210 
1.368487 -0.798210 0.253769 -0.151869 -0.065821 0.065722 -0.036985 0.124222 -0.069473 0.137987 -0.299448 0.229366 -0.046774 -0.028506 0.020407 
1.765988 -0.773725 0.563066 -0.177433 -0.109798 -0.030158 -0.564694 -0.111042 -0.057323 0.260596 -0.316937 0.115473 0.097631 0.152516 0.001249 
1.606407 -0.931460 0.571574 -0.426820 -0.087447 -0.140399 -0.464965 -0.178230 0.019955 0.406022 -0.148085 0.084543 0.140959 0.128654 0.016483 
1.445942 -0.911238 0.571682 -0.571980 -0.071044 -0.175689 -0.293825 -0.179689 0.023701 0.456089 -0.035046 0.024994 0.125221 0.024811 -0.021916 
1.462153 -0.913116 0.494114 -0.544408 -0.075279 -0.136965 -0.263748 -0.180446 0.004345 0.499658 0.021397 -0.038190 0.073377 0.021420 -0.001628 
1.532858 -0.953264 0.395281 -0.503173 -0.085992 -0.142083 -0.260350 -0.138297 -0.041576 0.489677 0.103472 -0.083471 0.027648 0.070813 -0.013526 
1.509411 -0.903694 0.392112 -0.461002 -0.070507 -0.198124 -0.249645 -0.126291 -0.070511 0.533117 0.075024 -0.084609 0.075491 0.031681 0.033082 
1.530782 -0.889608 0.499315 -0.397139 -0.021398 -0.217950 -0.307155 -0.196446 -0.068209 0.494945 -0.051663 -0.021684 0.094745 0.124720 0.050185 
1.807573 -1.015170 0.554136 -0.283805 -0.064010 -0.111921 -0.444460 -0.129791 -0.183666 0.415030 -0.277009 0.088847 0.111173 0.138367 0.038956 
1.540596 -0.691928 0.498621 0.004311 -0.079936 -0.007585 -0.406170 -0.145225 -0.062577 0.261568 -0.371808 0.071187 0.045922 0.145032 -0.081717 
1.063752 0.051419 0.197047 0.438969 -0.093761 0.197340 -0.124209 -0.088399 -0.019013 0.223826 -0.133723 -0.053357 0.015534 0.085726 -0.063839 
0.832845 0.092041 0.142034 0.400214 0.018451 0.153423 -0.282999 -0.115032 -0.026644 0.159817 -0.140784 -0.111682 -0.033891 0.126459 -0.059518 
0.681854 -0.002836 -0.196950 0.091274 -0.203820 0.185738 -0.288449 -0.136828 -0.047272 0.189308 -0.003562 -0.044553 -0.000309 0.065910 -0.024178 
0.782158 0.002236 -0.047531 0.232283 -0.159108 0.181815 -0.190474 -0.121444 0.021266 0.178902 -0.052545 -0.051342 -0.055705 0.158883 -0.083268 
0.599427 -0.050130 -0.104993 0.354995 -0.171302 0.227734 -0.032647 -0.025975 -0.030953 0.113217 0.023515 -0.087169 -0.020008 0.154417 -0.136884 
0.241812 -0.223652 0.072589 0.123242 -0.192629 0.080206 -0.262775 -0.115752 -0.124377 0.169810 -0.041085 -0.026700 0.018528 0.072091 -0.030913 
-0.005917 -1.082146 0.061683 -0.298848 0.003227 -0.043817 0.002324 0.092011 -0.054890 0.142830 -0.075918 0.058570 -0.149457 0.074186 -0.029761 
-0.907710 -0.100626 0.343266 -0.568798 0.291659 -0.143185 -0.148457 -0.053735 -0.108551 0.262748 -0.059370 -0.021456 -0.025005 0.112702 -0.105089 
-1.249875 -0.138517 0.587320 -0.724395 0.276872 -0.268383 0.014027 0.033708 -0.072727 0.163248 -0.067190 -0.001226 0.017216 0.028660 -0.081705 
-0.890315 -0.453892 0.361587 -0.679232 0.298156 -0.123514 -0.011730 -0.014831 -0.048195 0.198499 -0.096660 0.023359 -0.070712 0.091964 -0.083344 
-1.012905 -0.606413 0.550661 -0.612760 0.360330 -0.242278 -0.075324 0.031811 -0.036499 0.268418 -0.227942 0.052780 0.002329 0.029134 -0.004953 
-1.002125 -0.458333 0.763397 -0.804303 0.450625 0.024577 -0.090331 0.057854 -0.211351 0.241859 -0.103405 0.007492 0.005215 0.012947 -0.051012 
-0.048995 -0.073746 1.169595 -0.439693 0.341714 -0.108940 -0.189636 0.012801 -0.240895 0.129062 -0.298429 0.061674 -0.032394 -0.054693 -0.009151 
0.423668 -0.110343 1.312209 -0.239639 -0.017740 -0.146221 -0.116239 0.072631 -0.294759 0.069938 -0.226798 0.216706 -0.182393 -0.011388 0.080804 
0.450099 -0.210189 1.432236 -0.151440 -0.042544 -0.119201 -0.191063 0.114796 -0.354721 -0.053024 -0.170466 0.124702 -0.215847 0.000632 0.020553 
0.516976 -0.277519 1.375907 -0.183334 0.001151 -0.071186 -0.201378 0.135020 -0.425328 -0.030012 -0.188292 0.071903 -0.237986 -0.046824 0.108702 
0.561140 -0.339294 1.440512 -0.201318 -0.057226 0.005432 -0.263932 0.148196 -0.412969 -0.083782 -0.138083 0.021471 -0.215677 -0.049543 0.052240 
0.602274 -0.308812 1.497696 -0.228475 -0.089950 -0.011704 -0.220007 0.098938 -0.395125 -0.028615 -0.218833 0.127826 -0.267938 -0.035203 0.127603 
0.562536 -0.336990 1.584139 -0.136157 -0.135937 0.024923 -0.245560 0.131047 -0.421573 -0.024944 -0.203783 0.077751 -0.225900 -0.060474 0.109649 
0.743689 -0.426692 1.587388 -0.141529 -0.238988 0.155534 -0.226314 0.103024 -0.413875 0.012042 -0.192242 0.054539 -0.264384 0.001972 0.102796 
0.839016 -0.455215 1.549870 -0.074329 -0.239124 0.168504 -0.238350 0.137935 -0.415279 0.022616 -0.174982 0.036509 -0.237984 -0.008105 0.082807 
0.805141 -0.457226 1.494893 0.050983 -0.250191 0.252319 -0.282026 0.159034 -0.350052 -0.105015 -0.110134 0.001476 -0.301390 0.004576 0.028550 
0.804891 -0.363483 1.529283 0.059346 -0.337640 0.281796 -0.284044 0.096954 -0.325159 -0.112983 -0.096755 -0.035982 -0.273164 0.056669 -0.039747 
0.592092 -0.237334 1.527194 0.037350 -0.291021 0.133297 -0.275755 0.126375 -0.471039 -0.045237 -0.144075 -0.033065 -0.252591 0.024659 0.024722 
0.569314 -0.091336 1.408206 0.045515 -0.299705 0.165518 -0.291799 0.111750 -0.443063 -0.084954 -0.132790 -0.058685 -0.241301 -0.001479 0.018782 
0.302656 0.062883 0.969186 0.147379 -0.299487 0.240967 -0.168632 -0.030279 -0.338749 -0.053622 -0.067512 -0.205560 -0.089499 0.010621 -0.071983 
0.590846 0.259404 1.334620 0.028889 -0.407349 0.200188 -0.318780 0.005457 -0.375605 -0.084651 -0.048599 -0.184039 -0.023450 0.006914 -0.037534 
0.425783 0.206876 0.345276 0.167875 -0.351555 0.070713 -0.171669 -0.086411 -0.392319 -0.105273 -0.078342 -0.072452 0.002562 -0.047703 0.052942 
