city021_053
ZENTSUUJI
86
-0.113761 -0.189921 -0.072188 0.149159 -0.048141 -0.000335 -0.045912 0.049704 -0.138785 0.029990 0.081592 -0.041637 -0.013721 0.018885 0.009995 
-0.051471 0.072299 0.078014 0.249582 -0.200790 0.158906 -0.086801 0.177996 0.070442 -0.003771 -0.045834 0.035320 0.040169 -0.014732 -0.021563 
0.748715 0.662756 0.391347 0.221078 0.015410 0.355476 0.133050 0.086614 0.004624 -0.045697 0.012122 0.007260 -0.033015 0.003948 0.018015 
0.891565 0.753223 0.601981 0.257107 -0.142295 0.225585 0.109256 0.109631 -0.042854 0.031878 -0.011878 -0.077183 -0.023375 -0.014269 -0.039986 
0.488448 0.360186 0.459937 0.332859 0.070804 0.267996 0.101898 -0.018620 -0.035774 0.099516 -0.076385 -0.010395 0.033769 -0.047760 -0.039609 
0.796063 0.605904 0.379135 0.307977 -0.000840 0.213684 -0.100654 -0.134029 0.016326 -0.139241 -0.167457 -0.071969 -0.096214 -0.060870 -0.077539 
1.434818 0.241816 0.648258 0.368976 -0.279072 0.199602 -0.194540 -0.303986 0.034167 -0.098419 -0.323778 -0.021360 -0.052187 -0.077901 -0.052646 
1.505295 0.243448 0.535196 0.357016 -0.199798 0.208399 -0.265143 -0.297974 0.046388 -0.081281 -0.297431 -0.088494 -0.008328 -0.067809 -0.048325 
1.519460 0.065452 0.329872 0.246792 -0.079768 0.113692 -0.095043 -0.068226 -0.037595 -0.004387 -0.393381 -0.098183 0.067009 -0.109763 -0.145665 
1.134268 0.056538 0.197986 0.369947 0.131470 0.030697 -0.172531 -0.161128 0.056699 -0.029444 -0.307343 -0.102006 0.028007 0.025324 -0.210341 
0.608139 -0.034852 0.296795 0.381379 0.150781 -0.070763 -0.063156 -0.254957 -0.053846 -0.100528 -0.158069 -0.125987 -0.068454 0.022721 -0.196832 
0.469254 -0.082420 0.586854 0.145016 0.264215 -0.064271 -0.257740 -0.209437 -0.017244 0.005974 -0.273678 -0.153333 0.019196 -0.005792 -0.080743 
0.484161 -0.334035 0.738205 0.244828 0.122246 -0.042693 -0.317343 -0.135322 -0.002816 -0.116584 -0.279753 -0.077439 -0.009634 -0.027423 -0.099226 
0.811046 -0.427783 0.734021 0.268366 0.097284 -0.126013 -0.293714 -0.166797 0.057799 -0.123113 -0.349686 -0.031537 0.017754 0.019750 -0.154418 
1.431949 -0.600501 0.633618 0.145977 -0.052409 -0.125494 -0.306736 -0.032327 -0.105702 -0.120130 -0.252732 -0.046011 0.067517 0.095639 -0.275072 
1.715370 -0.879344 0.987512 0.137101 -0.155068 -0.075475 -0.489450 0.091219 -0.288123 0.072594 -0.294249 -0.027002 0.113609 0.067423 -0.148158 
1.669649 -0.853545 1.057181 0.011550 -0.119339 -0.188613 -0.431854 0.112351 -0.300474 0.096356 -0.331519 0.050798 0.138789 0.029334 -0.137176 
1.651165 -0.888000 1.120436 -0.018841 -0.221693 -0.188452 -0.423856 0.109114 -0.311494 0.079561 -0.282643 0.106528 0.143941 0.003292 -0.097849 
1.629692 -0.858815 1.138148 -0.129652 -0.206685 -0.236897 -0.402439 0.156034 -0.374633 0.086266 -0.266934 0.109864 0.155238 -0.031723 -0.064617 
1.570992 -0.784769 1.058754 -0.037371 -0.249863 -0.242013 -0.365507 0.100399 -0.344770 0.049188 -0.202458 0.085467 0.151441 -0.020043 -0.036517 
1.681359 -0.825090 1.080698 0.026888 -0.261794 -0.231207 -0.371366 0.089578 -0.342254 0.068555 -0.264621 0.141831 0.126003 -0.028573 -0.028619 
1.663799 -0.701061 0.948478 0.050919 -0.286676 -0.221557 -0.302235 0.052218 -0.293263 0.046470 -0.234102 0.126713 0.099081 -0.014582 -0.050913 
1.776286 -0.749604 0.948303 0.094692 -0.263880 -0.194888 -0.273949 0.100859 -0.309918 0.057638 -0.247077 0.107369 0.056411 0.013244 -0.114444 
1.671157 -0.573434 0.938163 0.225569 -0.334579 -0.062926 -0.209393 -0.028386 -0.208580 0.051393 -0.276090 0.097973 0.032195 -0.042438 -0.034170 
1.584203 -0.661270 1.128201 0.236216 -0.366709 0.238068 -0.306694 -0.120197 -0.120236 -0.024490 -0.282800 0.004072 -0.038783 -0.009474 -0.091245 
1.411993 -0.499262 1.203393 0.189171 -0.448747 0.360095 -0.263299 -0.173623 -0.153847 -0.081661 -0.220115 -0.111605 -0.061154 -0.017843 -0.135563 
1.511873 -0.504086 1.197916 0.056690 -0.492777 0.474574 -0.259431 -0.201337 -0.136474 -0.096659 -0.207574 -0.105593 -0.087005 0.009731 -0.148229 
1.578949 -0.445409 1.153133 -0.023806 -0.533274 0.520201 -0.217721 -0.180939 -0.148394 -0.104857 -0.213483 -0.113025 -0.084247 0.010115 -0.150344 
1.553040 -0.305591 1.053667 0.076050 -0.531353 0.483072 -0.199693 -0.216513 -0.095559 -0.143368 -0.174297 -0.139314 -0.076654 0.009682 -0.167928 
1.542402 -0.205477 0.971341 0.091721 -0.565673 0.506675 -0.209883 -0.223874 -0.124624 -0.110672 -0.178197 -0.161199 -0.028475 -0.018431 -0.142975 
1.297686 -0.061507 0.848672 0.467124 -0.299183 0.139705 -0.309448 -0.310669 -0.023059 -0.012583 -0.373454 -0.063326 0.070199 -0.019138 -0.088592 
1.254533 0.276005 0.422359 0.272066 -0.224685 0.012590 -0.284013 -0.179009 -0.158374 -0.067209 -0.261661 -0.129102 0.071728 -0.037359 -0.106028 
0.733059 0.443490 0.538972 0.406118 -0.048929 0.035314 -0.248152 -0.192121 -0.064435 -0.083035 -0.236055 -0.189418 0.026243 0.019238 -0.209903 
0.425195 0.190041 0.488697 0.253181 -0.144090 0.035522 -0.091511 -0.064833 -0.058925 0.011139 -0.125301 -0.032150 0.044739 -0.005091 -0.099130 
0.194742 0.020701 0.305436 0.077418 -0.224632 -0.000205 -0.102680 0.009962 -0.138629 0.031730 -0.010770 -0.044686 0.092137 -0.051085 0.010057 
0.123635 0.190390 0.307229 0.186145 -0.035631 0.000507 -0.097008 -0.213820 -0.167447 -0.031938 -0.135145 0.020310 -0.113061 0.007164 0.019145 
-0.366235 0.131014 0.570284 0.103011 0.067394 -0.260394 -0.109782 -0.083267 -0.247355 0.031880 -0.171965 0.001583 -0.057149 0.041239 0.007993 
-0.527607 -0.246949 0.409603 -0.056921 0.217975 -0.251095 -0.125569 0.074633 0.007957 0.027719 -0.164205 0.139946 -0.056794 0.083126 -0.101396 
-0.597755 -0.241038 0.342189 -0.117657 0.177909 -0.149952 -0.057570 -0.175753 0.101135 0.084639 -0.127426 0.040234 -0.027926 0.076931 -0.054120 
-0.764603 -0.353872 0.183115 -0.168226 0.383176 -0.165277 0.103905 -0.196673 0.204393 -0.053775 -0.115891 0.209796 -0.192891 0.109723 -0.033790 
-0.846605 -0.632299 0.091526 -0.258911 0.254382 -0.491093 0.211224 -0.176130 0.275812 0.042957 -0.184177 0.169924 -0.199495 0.167912 -0.077718 
-0.899766 -0.565513 0.085970 -0.194979 0.301821 -0.495186 0.332306 -0.160347 0.111305 0.017081 -0.084861 0.105857 -0.174969 0.215673 -0.165372 
-0.978249 -0.333210 0.279707 -0.249434 0.248930 -0.480699 0.349087 -0.158259 0.067772 0.026414 -0.118148 0.171588 -0.127402 0.044984 -0.004296 
-0.803387 -0.525434 0.101193 -0.492360 0.191233 -0.370854 0.247709 -0.033243 0.141472 0.116629 -0.229513 0.069674 -0.023859 -0.015986 -0.033510 
-0.780100 -0.651078 0.321485 -0.469490 0.136629 -0.479027 0.239515 -0.061186 0.118476 0.165662 -0.138244 0.041106 -0.066002 0.081175 -0.165451 
-0.723848 -0.887796 0.330366 -0.325163 0.297951 -0.317763 0.036496 -0.050145 0.211759 -0.008265 -0.203578 0.219947 -0.206069 0.199366 -0.104281 
0.038481 -0.349474 0.599775 -0.012251 0.364956 -0.346838 -0.101634 -0.015678 -0.059870 0.155544 -0.405617 0.226896 -0.052336 -0.010139 -0.014487 
1.058796 -0.281179 0.673140 -0.002061 0.272296 -0.063635 -0.290433 -0.129989 -0.236453 0.239760 -0.303335 -0.110705 -0.094774 0.173231 -0.091155 
1.353971 -0.496385 0.763984 0.017881 0.186229 -0.000671 -0.448731 -0.086644 -0.272910 0.222592 -0.282642 -0.224211 -0.027374 0.207161 -0.116655 
1.406106 -0.592989 0.852610 -0.000901 0.133719 0.014713 -0.490697 -0.125865 -0.232558 0.196997 -0.269941 -0.194892 -0.063235 0.284489 -0.130788 
1.359030 -0.669456 0.930234 -0.067530 0.171952 -0.016159 -0.508403 -0.085573 -0.265288 0.199810 -0.289146 -0.196685 -0.044234 0.278615 -0.142111 
1.347180 -0.672677 0.936544 -0.043646 0.128626 -0.004584 -0.542391 -0.063676 -0.247515 0.181287 -0.275993 -0.206941 -0.008494 0.278645 -0.158332 
1.294419 -0.731381 0.962847 -0.081869 0.163078 -0.004906 -0.553806 -0.058429 -0.249187 0.201557 -0.290443 -0.205937 -0.016565 0.297431 -0.161454 
1.271955 -0.754462 0.934059 -0.039473 0.140141 0.023539 -0.593482 -0.032357 -0.252498 0.145864 -0.210759 -0.286488 0.006921 0.309126 -0.187422 
1.232342 -0.728308 0.934352 -0.039066 0.137831 0.021476 -0.604908 -0.011574 -0.263314 0.139439 -0.207293 -0.302705 0.041428 0.279492 -0.195219 
1.224252 -0.750638 0.966752 -0.046918 0.121399 0.023136 -0.587180 -0.007044 -0.257523 0.109408 -0.235995 -0.264112 0.042022 0.248305 -0.230064 
1.238726 -0.755627 0.977489 0.012583 0.057235 0.041653 -0.625811 0.040201 -0.250162 0.066030 -0.203510 -0.311929 0.118528 0.209187 -0.256756 
1.236038 -0.748201 0.942023 0.098088 -0.004376 0.039902 -0.637006 0.087283 -0.229211 -0.027417 -0.158716 -0.336468 0.158651 0.191478 -0.325525 
1.164117 -0.767722 1.127785 0.026646 0.004674 -0.002746 -0.612317 0.169018 -0.286222 -0.018959 -0.212800 -0.245908 0.167798 0.111532 -0.326614 
1.124709 -0.764864 1.169646 0.045925 -0.002256 -0.022838 -0.555831 0.196351 -0.286808 -0.057141 -0.233295 -0.184366 0.151273 0.048904 -0.333978 
1.072801 -0.725441 1.323334 0.064076 -0.047290 -0.040269 -0.475596 0.253224 -0.316589 -0.082237 -0.233416 -0.076944 0.093795 -0.021812 -0.270960 
0.935249 -0.632463 1.276776 0.167035 -0.098499 0.040581 -0.404479 0.267619 -0.295291 -0.136749 -0.174169 -0.065007 0.039352 -0.106334 -0.193663 
0.749998 -0.505298 1.317342 0.210298 -0.072014 0.036680 -0.260415 0.247044 -0.270212 -0.096874 -0.190592 0.034639 -0.070733 -0.111677 -0.107794 
0.549640 -0.340131 1.333505 0.010824 0.144134 -0.108506 -0.227528 0.278857 -0.344053 0.064811 -0.301076 0.074138 0.009520 -0.166002 -0.038656 
0.548293 -0.242793 1.276835 0.087294 0.017656 -0.170142 -0.161889 0.191923 -0.324369 -0.019402 -0.252458 0.133678 -0.090497 -0.104973 -0.031767 
0.423373 -0.112926 1.155520 0.100749 -0.002899 -0.268356 -0.090362 0.105843 -0.347085 0.040263 -0.274113 0.114215 -0.025946 -0.122685 -0.001529 
0.505687 -0.179034 1.182279 0.089984 0.003538 -0.221802 -0.180303 0.157589 -0.374484 0.033675 -0.264571 0.021678 0.066203 -0.146630 -0.081576 
0.548859 -0.301522 1.238147 -0.019182 0.035142 -0.162172 -0.225961 0.213164 -0.405911 0.074192 -0.258414 0.027183 0.052737 -0.163117 -0.011099 
0.448011 -0.396293 1.365845 -0.138761 0.068972 -0.146753 -0.222128 0.223340 -0.456990 0.086983 -0.223749 -0.021747 0.025732 -0.124192 -0.060935 
0.282905 -0.407659 1.211984 -0.049298 0.125089 -0.206920 -0.081383 0.018452 -0.342398 0.087484 -0.349791 0.113813 -0.147582 -0.044795 -0.000577 
0.364219 -0.485834 1.328883 -0.070079 0.021342 -0.153280 -0.188856 0.155279 -0.394514 0.014667 -0.207444 0.035497 -0.082706 -0.052199 -0.045810 
0.242941 -0.333391 1.384506 -0.043892 -0.027168 -0.225774 -0.125329 0.108066 -0.414718 0.014914 -0.266776 0.129019 -0.130150 -0.111254 0.083641 
0.413825 -0.443540 1.533951 -0.038351 -0.079403 -0.204283 -0.166144 0.156286 -0.515600 0.059638 -0.311433 0.126418 -0.120071 -0.151348 0.109258 
0.444275 -0.588822 1.514894 0.054984 -0.201840 -0.077637 -0.175408 0.100077 -0.421107 -0.026574 -0.239283 0.064891 -0.119372 -0.141156 0.081492 
0.514070 -0.672023 1.617231 -0.011320 -0.238977 0.011515 -0.169332 0.067515 -0.418326 0.008326 -0.230512 0.053453 -0.179517 -0.054742 0.045602 
0.673384 -0.720569 1.451622 0.125273 -0.412380 0.155624 -0.181882 0.018377 -0.306056 -0.059100 -0.125719 0.018292 -0.173083 -0.002714 0.024536 
0.613859 -0.633281 1.388067 0.232673 -0.483579 0.170965 -0.146832 -0.047980 -0.298836 -0.116357 -0.090175 -0.047858 -0.186026 -0.001019 0.017183 
0.678434 -0.807800 1.644425 0.056067 -0.456716 0.122799 -0.201471 -0.026898 -0.376636 -0.067955 -0.171864 0.036913 -0.230441 0.025447 0.042352 
0.705069 -0.843307 1.616766 -0.021651 -0.445671 0.169981 -0.223346 -0.041328 -0.358099 -0.060934 -0.125223 -0.023021 -0.183498 0.062521 0.006675 
0.661654 -0.742089 1.664146 -0.052610 -0.426913 0.196051 -0.211848 -0.021811 -0.319812 -0.028758 -0.140427 0.018880 -0.197530 0.074218 0.008075 
0.305590 -0.537997 1.612950 -0.006649 -0.455177 0.164357 -0.244471 -0.041996 -0.403345 -0.088583 -0.095247 -0.109828 -0.141240 0.024865 0.027373 
0.636709 -0.581886 1.582124 -0.001115 -0.503267 0.272532 -0.296113 -0.012253 -0.381521 -0.136182 -0.023910 -0.174437 -0.139782 0.061403 -0.019290 
0.233464 -0.116841 1.229578 0.067033 -0.318401 0.045722 -0.142858 -0.055142 -0.438855 -0.046648 -0.096719 -0.173302 -0.098603 -0.009962 0.038769 
0.492173 -0.100213 1.411781 -0.053926 -0.290796 0.117558 -0.148441 -0.004978 -0.461885 0.060549 -0.152264 -0.163772 -0.076131 -0.013238 0.010099 
0.540899 0.195947 0.558160 0.197894 -0.288118 0.029166 0.032580 -0.161963 -0.438023 -0.134273 -0.024662 -0.225167 -0.138116 0.059919 -0.009750 
0.113801 0.107189 0.367050 0.272625 -0.148857 0.023023 -0.183731 -0.252605 -0.189233 -0.102454 -0.121113 -0.009180 -0.142351 0.018495 0.067768 
