city021_027
HIBIYA
63
0.813643 0.431099 0.259813 0.136105 -0.135863 -0.061030 -0.094206 0.064146 -0.086632 -0.133829 0.026344 -0.019035 -0.082151 0.079049 -0.069269 
1.033379 0.603492 0.250993 0.255541 0.133572 0.127454 -0.067332 -0.049162 -0.132398 0.039590 -0.075380 -0.137313 -0.011809 -0.009826 -0.096313 
1.209512 0.708608 0.303197 0.262164 0.037282 0.159352 -0.099839 -0.099308 0.046115 -0.073280 -0.135015 -0.065105 -0.052521 -0.020953 -0.097290 
1.249651 0.613093 0.445563 0.247467 -0.163085 -0.086459 -0.011273 0.082795 -0.101770 -0.040843 -0.075051 -0.092186 -0.002151 -0.095520 -0.053986 
1.048962 0.363201 0.360551 0.238246 -0.090508 -0.016989 -0.114003 -0.015304 -0.124398 0.006558 -0.098226 -0.051580 0.020193 -0.019836 -0.019275 
0.892736 -0.073334 0.687162 -0.019454 -0.452488 0.047890 0.033416 0.073273 -0.156905 0.134740 -0.016053 -0.026291 -0.000713 -0.009847 0.041238 
0.621899 -0.115601 0.753419 -0.185901 -0.153754 0.279187 -0.000127 -0.006407 -0.206861 0.135367 -0.146989 0.009459 0.014907 -0.019246 0.015968 
0.631206 -0.142822 1.061086 -0.416512 -0.284821 0.252583 -0.134796 0.053432 -0.277159 0.082229 -0.135157 -0.025730 -0.030702 0.003383 0.057958 
0.430299 -0.306488 0.819977 -0.451851 -0.330527 -0.081575 -0.182751 0.052051 -0.221559 0.233048 -0.052399 0.086740 0.048197 0.010919 0.027331 
0.479793 -0.117507 1.058660 -0.603066 -0.061716 0.226215 -0.167812 0.016767 -0.209512 0.083717 -0.206775 0.097171 -0.067615 -0.014956 0.058527 
0.410775 -0.185453 0.963443 -0.576998 0.007129 0.108834 -0.318101 0.162368 -0.122492 0.100531 -0.167375 0.162996 -0.029805 -0.110092 0.133848 
0.491608 -0.137112 1.062905 -0.396219 -0.032147 0.236875 -0.212170 0.056667 -0.218681 0.036991 -0.146524 0.006369 -0.010137 -0.069712 0.028659 
0.486655 -0.387736 0.962360 -0.550410 -0.014919 0.044457 -0.262739 0.260443 -0.155507 0.109205 -0.160140 0.184825 -0.066282 -0.062806 0.066287 
0.373229 -0.254996 1.060794 -0.130245 0.014422 0.366468 -0.268129 0.008565 -0.075935 -0.040136 -0.093908 -0.008100 -0.067201 -0.057864 -0.012782 
0.805859 -0.639966 1.468597 -0.173422 -0.140633 0.190200 -0.310020 0.140498 -0.323504 -0.061583 -0.121013 0.036805 -0.224995 0.036414 0.026917 
0.887380 -0.589782 1.563141 -0.151930 -0.260703 0.127466 -0.317836 0.116178 -0.383176 -0.030887 -0.101615 0.011735 -0.182808 0.044973 0.076818 
1.004346 -0.777689 1.628997 -0.084443 -0.332763 0.238506 -0.309607 0.103823 -0.353123 -0.116300 -0.064685 -0.044277 -0.222987 0.054898 -0.003357 
0.919639 -0.838566 1.592715 0.096947 -0.380505 0.126522 -0.225405 0.094617 -0.404890 -0.074063 -0.069149 -0.061460 -0.198352 0.051598 -0.023339 
1.083892 -0.929977 1.226012 0.321747 -0.428167 -0.042157 -0.279264 0.169473 -0.436391 -0.219897 0.098651 -0.091191 -0.221437 0.178366 -0.061438 
1.207577 -0.801490 0.719098 0.446553 -0.286207 -0.017684 -0.397291 0.163478 -0.289626 -0.319739 0.167434 -0.176146 -0.129048 0.169182 -0.074724 
1.289210 -0.675596 0.578747 0.385062 -0.266564 0.012229 -0.431429 0.126351 -0.222760 -0.267959 0.156308 -0.176380 -0.076716 0.190003 -0.089025 
1.036755 -0.543143 0.434872 0.428907 -0.199359 -0.029404 -0.329205 0.051065 -0.260363 -0.211141 0.129512 -0.167855 -0.105175 0.145380 -0.010457 
0.917232 -0.595352 0.546321 0.471049 -0.173362 -0.048043 -0.305359 0.053782 -0.279570 -0.204992 0.094368 -0.157835 -0.171067 0.169391 -0.048596 
0.911093 -0.717318 0.785854 0.515606 -0.241923 -0.073907 -0.251668 0.133713 -0.320899 -0.250940 0.076779 -0.126524 -0.182450 0.104898 -0.049013 
1.168150 -0.911286 1.179073 0.444863 -0.402648 0.096862 -0.194923 0.150474 -0.365132 -0.258719 0.125390 -0.166999 -0.262307 0.161973 -0.116149 
1.060667 -0.938718 1.613308 0.251178 -0.395442 0.145287 -0.179985 0.156074 -0.418979 -0.100250 -0.016563 -0.107814 -0.232058 0.060044 -0.054753 
1.034078 -1.057495 1.824304 -0.047923 -0.340543 0.261228 -0.298776 0.144750 -0.450862 -0.060395 -0.098048 -0.103074 -0.209207 0.011873 -0.018312 
0.876394 -0.902195 1.858501 -0.114256 -0.301452 0.278708 -0.311799 0.090546 -0.368435 -0.108864 -0.117975 -0.061885 -0.247081 0.009051 0.021795 
0.946464 -0.842497 1.913904 -0.158098 -0.320017 0.308163 -0.341114 0.094545 -0.364938 -0.116166 -0.136425 -0.025600 -0.285543 0.015237 0.049663 
0.792327 -0.716439 1.805088 -0.207630 -0.248862 0.294454 -0.332105 0.071114 -0.319762 -0.178820 -0.060251 -0.091861 -0.256709 0.027679 0.024647 
0.780456 -0.681837 1.788211 -0.242499 -0.221480 0.302864 -0.340614 0.091605 -0.340098 -0.166958 -0.044243 -0.103371 -0.283689 0.082500 0.002266 
0.817447 -0.745099 1.841238 -0.239100 -0.200901 0.277201 -0.308660 0.086472 -0.373548 -0.113137 -0.093314 -0.082164 -0.304840 0.075162 0.036862 
0.765953 -0.676013 1.796038 -0.197887 -0.208092 0.286655 -0.311116 0.082914 -0.341162 -0.145972 -0.069926 -0.088150 -0.306478 0.073221 0.029785 
0.810975 -0.778835 1.810338 -0.310810 -0.131776 0.309699 -0.354750 0.144717 -0.397873 -0.118267 -0.083449 -0.070027 -0.328822 0.083000 0.034552 
0.801520 -0.706212 1.804929 -0.230253 -0.157855 0.290612 -0.346848 0.137516 -0.353900 -0.161220 -0.069474 -0.058391 -0.351029 0.085531 0.028938 
0.758130 -0.666024 1.813757 -0.205013 -0.170039 0.271556 -0.330895 0.113665 -0.323869 -0.173166 -0.051729 -0.074709 -0.328605 0.101141 0.003358 
0.771450 -0.718927 1.828077 -0.262236 -0.144543 0.295737 -0.360686 0.136886 -0.347688 -0.157661 -0.079205 -0.048274 -0.352322 0.097937 0.016865 
0.782115 -0.652032 1.805929 -0.250018 -0.180160 0.302419 -0.339818 0.107179 -0.343000 -0.146876 -0.071487 -0.072213 -0.332142 0.108902 0.006994 
0.671709 -0.557161 1.766267 -0.154370 -0.229473 0.228216 -0.255446 0.021159 -0.283931 -0.166021 -0.053853 -0.070848 -0.294632 0.073069 0.049687 
1.083463 -0.885854 1.854634 -0.265440 -0.351451 0.310744 -0.306405 0.040401 -0.361223 -0.073911 -0.153108 0.019905 -0.326167 0.104762 0.052277 
0.933581 -0.790351 1.643036 -0.132794 -0.408774 0.133338 -0.255075 -0.025528 -0.304923 -0.139741 0.015303 -0.081850 -0.142736 0.088787 0.028481 
1.024236 -0.889018 1.333442 -0.256369 -0.289091 -0.123260 -0.159485 -0.123390 -0.299445 -0.118517 0.016186 0.007723 -0.089293 0.108285 0.047796 
1.174922 -1.027857 0.874609 -0.272503 -0.177927 -0.194301 -0.085691 -0.163931 -0.387074 -0.099785 0.069281 0.085013 -0.006458 0.071406 0.032624 
1.245388 -1.130047 1.038212 -0.246513 -0.242547 -0.390569 -0.224445 0.106524 -0.188000 -0.031973 0.069374 0.122758 0.074381 0.097416 -0.083319 
1.228797 -1.121858 0.814669 -0.295416 -0.160679 -0.419328 -0.312082 -0.038037 -0.023755 0.088962 0.064868 0.097108 0.147259 0.165542 -0.063369 
1.419244 -1.004318 0.652529 -0.275747 -0.089948 -0.441797 -0.294850 -0.114419 0.088455 0.179201 0.032944 0.051654 0.135727 0.203291 -0.078947 
1.485887 -1.031054 0.520843 -0.361142 -0.029273 -0.410205 -0.221005 -0.004932 0.075272 0.317579 0.091815 -0.073532 0.018325 0.191978 -0.072493 
1.400709 -1.124878 0.429062 -0.513672 -0.012251 -0.326904 -0.215652 0.030953 0.065843 0.382632 0.111585 -0.077528 -0.054195 0.073954 -0.010491 
1.468619 -1.161191 0.368689 -0.612460 0.037346 -0.286999 -0.236597 0.064714 0.068069 0.397800 0.083458 -0.071557 -0.044526 0.002416 -0.037417 
1.455640 -1.222079 0.267669 -0.631534 -0.065440 -0.193948 -0.231243 0.126108 0.057086 0.301346 0.112889 0.005644 -0.064312 -0.073143 -0.073826 
1.571141 -1.208237 0.326714 -0.680972 -0.151957 -0.175161 -0.093148 0.086649 -0.035918 0.292600 0.163573 0.036123 -0.091907 -0.061003 -0.098901 
1.614651 -1.129785 0.304170 -0.623714 -0.160481 -0.076710 -0.162806 0.053368 -0.039996 0.359469 0.209139 -0.042846 -0.150161 -0.020815 -0.058466 
1.635814 -1.075700 0.239377 -0.594873 -0.104581 -0.085027 -0.174602 0.062369 -0.064527 0.415014 0.197960 -0.079435 -0.186037 -0.002303 -0.015367 
1.703278 -1.032612 0.107390 -0.535751 -0.074243 -0.102772 -0.182318 0.069784 -0.038784 0.414746 0.182824 -0.079796 -0.247553 0.030588 0.008636 
1.981234 -0.958960 -0.011450 -0.525379 -0.124882 -0.069520 -0.191717 0.086213 -0.094943 0.456743 0.120814 -0.060883 -0.269450 0.113421 0.022605 
2.019182 -0.784186 -0.074652 -0.453817 -0.169887 -0.045071 -0.265219 0.088834 -0.131201 0.476570 0.096626 -0.089584 -0.161237 0.105043 0.069567 
1.797186 -0.726143 -0.025267 -0.428373 -0.100187 -0.008709 -0.242062 0.022140 -0.174445 0.447689 0.068466 0.048843 -0.140139 -0.010978 0.068760 
1.707533 -0.707144 -0.102335 -0.472771 -0.053498 -0.119116 -0.148618 0.080818 -0.206703 0.498370 0.104646 -0.085090 -0.155384 0.074707 -0.001348 
1.409191 -0.902730 -0.149636 -0.392627 -0.132632 -0.147308 0.009353 0.008917 -0.140234 0.452746 0.014551 0.001631 -0.176276 0.074672 -0.025675 
1.242580 -0.822695 -0.097263 -0.508412 -0.089100 -0.168348 -0.044108 0.072975 -0.215328 0.588366 0.028282 -0.035807 -0.166973 0.038505 -0.056208 
1.194214 -0.677365 -0.356922 -0.405526 -0.174224 -0.098468 -0.015021 0.035258 -0.190920 0.558165 0.152452 -0.100392 -0.203756 -0.011546 -0.046452 
0.572104 -0.340524 -0.421389 -0.279365 -0.331944 -0.017728 -0.104390 0.049476 0.081655 0.287407 0.175153 -0.083503 -0.181448 -0.033658 -0.027236 
0.346559 -0.354917 -0.370298 -0.202645 -0.239408 -0.150024 -0.099135 0.087648 -0.037100 0.234639 0.130866 -0.013648 -0.018298 -0.072989 -0.027132 
