city021_085
MYOOKOOSAN
79
-0.063307 0.043947 -0.030371 0.164847 -0.290751 -0.182723 -0.131166 0.149685 -0.101725 0.022787 0.029746 0.066505 0.009237 -0.028920 0.020302 
-0.136574 -0.040910 0.159577 0.182707 -0.079613 0.201894 0.059789 0.042521 -0.126829 0.069945 0.018934 0.020443 -0.021015 0.041631 -0.061693 
0.679879 0.416244 0.318776 0.400860 -0.062264 0.251963 -0.030602 -0.085386 -0.142794 -0.051451 -0.090179 -0.072089 -0.150184 0.009363 -0.079396 
1.106296 0.682761 0.544656 0.365197 -0.293216 0.025852 -0.129072 -0.003567 -0.136495 -0.217121 -0.154336 -0.012341 -0.217330 -0.080401 -0.016492 
1.400444 0.604122 0.568397 0.369651 -0.193425 -0.066416 -0.130434 0.127193 -0.277732 -0.227284 -0.027377 -0.030973 -0.274077 -0.016814 0.012843 
1.536822 -0.135262 0.628813 0.512941 -0.259085 0.040436 -0.265317 0.165358 -0.327429 -0.296492 0.061089 -0.099737 -0.285932 0.063548 -0.040535 
1.503524 -0.613664 1.121531 0.679287 -0.496635 0.049944 -0.344853 0.270380 -0.289928 -0.467477 0.206558 -0.077936 -0.300839 0.107625 -0.011979 
1.396451 -0.761114 1.348316 0.459109 -0.427486 0.058112 -0.367182 0.295054 -0.336460 -0.365177 0.130148 -0.024328 -0.307024 0.175045 -0.070927 
1.412832 -0.828008 1.398565 0.373196 -0.425171 0.025757 -0.371608 0.280414 -0.354350 -0.339209 0.120388 0.000263 -0.301829 0.193813 -0.065119 
1.509056 -0.837818 1.262164 0.411134 -0.457162 -0.035231 -0.369630 0.264845 -0.357198 -0.341936 0.151554 -0.055645 -0.218823 0.219194 -0.110631 
1.573319 -0.862537 1.211850 0.358082 -0.415077 -0.078130 -0.457779 0.328575 -0.354213 -0.347714 0.173087 -0.056978 -0.139137 0.219539 -0.130445 
1.580524 -0.900222 1.075808 0.237802 -0.246452 -0.128877 -0.522785 0.254270 -0.256636 -0.242005 0.056282 -0.040840 -0.055412 0.242061 -0.156680 
1.765828 -1.001892 0.953458 0.118304 -0.124335 -0.134974 -0.587822 0.245097 -0.299201 -0.066052 -0.037804 -0.073230 -0.032303 0.306695 -0.162956 
1.841301 -0.928981 0.713993 0.135454 -0.164855 -0.000212 -0.627027 0.147715 -0.233593 -0.049591 0.101247 -0.223956 0.001039 0.340652 -0.114420 
1.952256 -0.936072 0.639229 -0.072546 -0.104529 0.095970 -0.603520 0.099965 -0.319718 0.056716 0.173334 -0.234961 -0.077788 0.381667 -0.079053 
2.061630 -0.902188 0.612923 -0.246847 -0.094355 0.199612 -0.535947 0.091022 -0.489682 0.214482 0.213831 -0.162186 -0.053331 0.209659 -0.038652 
2.074227 -0.865788 0.571614 -0.335344 -0.234150 0.186337 -0.368421 0.130212 -0.505947 0.176934 0.087815 -0.087466 0.046423 0.169761 -0.097971 
2.135760 -0.833624 0.523539 -0.368491 -0.430630 0.208769 -0.264018 0.208684 -0.499435 0.077482 -0.035611 -0.036760 0.119515 0.159350 -0.045792 
2.088820 -0.820944 0.484102 -0.451924 -0.403905 0.165443 -0.212481 0.195934 -0.413808 0.038218 -0.120362 -0.032625 0.154838 0.146401 -0.012188 
2.008950 -0.894188 0.464946 -0.500214 -0.317804 0.035953 -0.161164 0.230076 -0.390082 0.070697 -0.244113 0.003108 0.178920 0.140495 0.004342 
1.988399 -0.818113 0.395516 -0.457455 -0.293599 0.010291 -0.188343 0.184877 -0.214321 0.054645 -0.273126 -0.001607 0.140887 0.119507 -0.034328 
2.040611 -0.719517 0.412723 -0.436492 -0.305241 -0.015667 -0.217362 0.180182 -0.112867 0.087753 -0.318120 -0.025716 0.093308 0.076470 -0.042606 
2.021011 -0.645558 0.312789 -0.434171 -0.259874 -0.070310 -0.180942 0.137540 -0.050718 0.052503 -0.347424 -0.040830 0.072786 0.125609 -0.054358 
2.090040 -0.548001 0.198345 -0.396303 -0.180102 -0.148074 -0.183729 0.190239 -0.099949 0.018173 -0.293195 -0.065063 0.013791 0.176458 -0.026571 
2.085457 -0.469803 0.258996 -0.372215 -0.226740 -0.143704 -0.172208 0.210238 -0.198636 0.084817 -0.290131 -0.083465 -0.003533 0.144435 -0.000346 
2.142974 0.120763 0.312151 -0.451046 -0.469028 -0.071176 -0.091245 0.172745 -0.349286 0.131904 -0.266680 -0.234674 -0.118637 0.119538 -0.001444 
2.026621 0.592729 0.134054 -0.413761 -0.623629 -0.111023 -0.036849 0.164162 -0.257630 0.070630 -0.103643 -0.271411 -0.150699 0.139663 0.006077 
1.412420 0.605105 0.296785 0.057582 -0.617418 0.006786 0.150674 0.094044 -0.004553 0.206104 -0.089496 -0.112199 -0.091508 -0.097105 -0.036419 
0.993693 0.520953 0.091848 0.102496 -0.368414 -0.026527 0.032846 0.066037 -0.116309 0.006543 -0.083822 -0.005423 -0.074473 0.025200 -0.007255 
0.827832 0.381809 0.335639 0.167733 -0.205964 0.068857 0.064873 0.136533 -0.229497 0.047925 -0.047381 -0.035843 -0.067026 0.039290 -0.025403 
0.432225 0.287807 0.277042 0.154565 -0.111539 0.222958 0.069186 0.061100 -0.172598 -0.006244 -0.038940 0.028556 -0.050741 0.013792 -0.018752 
0.466744 0.303649 0.154625 0.249470 -0.219708 0.113889 0.139082 0.044090 -0.083665 0.022608 -0.091015 0.036672 0.024552 -0.040293 -0.023472 
0.245902 0.110136 -0.078902 0.030887 -0.356199 0.141747 -0.094990 -0.159194 -0.137692 0.036129 0.028493 0.047980 -0.000938 0.063822 -0.026041 
0.371628 0.130064 -0.172643 0.027369 -0.210961 -0.036477 -0.191750 -0.057435 -0.069215 0.028371 -0.014429 0.082565 0.025460 0.033675 -0.027056 
0.417004 0.274395 -0.145725 -0.071494 -0.326183 0.076313 -0.082142 -0.065131 -0.167251 0.038422 0.005100 0.002067 0.101577 0.011492 -0.035687 
1.271876 -0.434542 -0.403722 -0.565736 -0.146611 -0.064474 0.051659 0.242981 0.001851 0.229652 -0.223355 0.051924 -0.156851 0.009950 -0.018210 
1.596890 -0.555869 -0.427813 -0.855667 -0.077841 -0.151154 0.157837 0.318082 -0.062231 0.379837 -0.390787 0.004513 -0.124218 0.039267 0.011874 
1.408498 -0.186971 -0.648832 -0.716459 -0.306489 -0.086538 0.390982 0.225317 -0.149476 0.366101 -0.336423 -0.120361 -0.030733 0.100419 -0.045793 
1.936032 0.514570 0.163848 -0.428083 -0.387218 -0.110449 0.036178 0.094659 -0.246094 0.146378 -0.166846 -0.105406 -0.069436 0.119674 -0.049283 
2.170910 -0.404175 0.329338 -0.355273 -0.389945 -0.052021 -0.224095 0.155142 -0.181480 0.036273 -0.201528 -0.110926 -0.049282 0.151251 -0.003719 
2.223894 -0.736203 0.339199 -0.417498 -0.246552 -0.006563 -0.319219 0.161869 -0.216738 -0.013733 -0.100764 -0.005925 -0.030703 0.274364 -0.051677 
2.102750 -0.712365 0.368805 -0.448897 -0.139038 0.023611 -0.401330 0.041964 -0.212314 0.006751 -0.071039 0.060976 -0.010842 0.248891 -0.053900 
2.011646 -0.614507 0.375145 -0.464197 -0.090735 -0.007190 -0.406574 -0.002694 -0.200802 0.030434 -0.053788 0.063356 -0.011122 0.229555 -0.043476 
2.056515 -0.600763 0.392878 -0.481005 -0.153379 -0.004316 -0.389619 0.046350 -0.187735 0.026909 -0.015893 0.000633 -0.004709 0.241459 -0.072278 
2.106068 -0.548027 0.404448 -0.403290 -0.299613 -0.013354 -0.405530 0.108238 -0.190349 0.026953 -0.010818 -0.108066 0.037585 0.249159 -0.113304 
2.199677 -0.649666 0.453010 -0.470565 -0.318530 0.024156 -0.427210 0.242999 -0.235038 0.111075 -0.069189 -0.126046 0.049513 0.196975 -0.107738 
2.109326 -0.625541 0.468675 -0.483075 -0.413433 -0.015390 -0.377123 0.308318 -0.143647 0.157066 -0.037380 -0.163583 0.060490 0.109626 -0.161881 
1.910651 -0.103039 0.574557 -0.665976 -0.547985 -0.150273 -0.220476 0.117606 -0.179229 0.184578 -0.079892 -0.059487 -0.052172 0.174833 -0.144015 
1.884644 -0.108607 0.565612 -0.650549 -0.530238 -0.127196 -0.186579 0.138034 -0.211321 0.153907 -0.099142 -0.133279 -0.018998 0.146082 -0.116249 
1.958569 -0.061274 0.602626 -0.876451 -0.476680 0.038803 -0.182571 0.203594 -0.333966 0.113566 -0.142764 -0.132874 0.021931 0.271743 -0.073916 
2.013547 -0.090408 0.406425 -0.750923 -0.327441 0.205923 -0.131106 0.063405 -0.417649 0.003473 -0.085459 -0.014151 0.160357 0.283983 -0.121327 
2.062851 -0.335413 0.328250 -0.609293 -0.018253 0.225624 -0.130358 0.081495 -0.451476 0.090177 -0.189332 -0.080187 0.085646 0.160222 -0.152728 
1.771444 -0.007340 0.382473 -0.607931 0.249389 0.242184 0.047375 0.106821 -0.502786 0.247121 -0.205828 0.015001 0.124601 -0.002497 -0.141600 
1.193521 0.047930 0.465483 -0.390383 0.381586 0.140584 -0.006576 0.100665 -0.283844 0.186403 -0.190718 0.099870 -0.016427 -0.031866 -0.013906 
-0.047811 0.232640 0.391223 -0.231709 0.468955 -0.180937 0.189824 -0.364497 -0.119089 0.158188 -0.127717 -0.002381 -0.071236 -0.011481 -0.035913 
-0.587159 -0.120285 0.145393 -0.233703 0.337565 -0.424919 0.294109 -0.099703 -0.117585 0.086258 0.053431 -0.062052 0.006751 -0.009851 0.063786 
-0.547820 -0.138218 0.143524 -0.250947 0.384724 -0.337691 0.402032 0.009177 -0.054797 0.049928 -0.161187 0.119466 0.051067 -0.084954 0.073269 
-0.221368 0.162466 0.342578 -0.033599 0.414274 -0.351007 0.270872 -0.084839 -0.015682 0.123125 -0.118877 0.056773 0.011942 -0.014916 0.006415 
-0.443287 0.126335 0.304688 -0.081542 0.264035 -0.506276 0.113418 -0.101383 -0.022243 0.077548 -0.128642 0.036535 0.061854 0.008055 -0.053273 
-0.466019 -0.033571 0.218634 -0.112118 0.218022 -0.356482 0.189649 0.014308 0.009342 0.076977 -0.172693 0.116711 0.027155 -0.076458 0.030884 
-0.410247 0.030591 0.307615 -0.244188 0.228861 -0.414881 0.124986 0.019740 -0.098374 0.088157 -0.024582 -0.024595 0.075289 -0.076192 0.056383 
0.070382 -0.005288 0.379250 -0.101606 0.247995 -0.165330 0.192731 0.008446 -0.109587 0.046736 0.011707 0.006065 -0.019106 0.016069 -0.036839 
-0.012932 -0.188534 0.268232 -0.142863 0.362486 -0.211901 -0.048128 -0.034740 0.012710 0.035013 -0.070347 0.039548 -0.036713 0.037579 -0.025706 
0.709755 -0.356813 0.331512 -0.051911 0.054476 -0.065130 -0.113770 -0.170794 -0.029302 0.114542 -0.184286 0.133885 -0.107851 0.097404 -0.025361 
1.996569 -0.375690 -0.016562 -0.355550 -0.068605 -0.024431 -0.169344 0.013461 -0.466725 0.336828 0.127007 -0.038303 0.009720 0.075360 -0.025270 
2.053007 -0.849144 0.018974 -0.467598 -0.115907 -0.028727 -0.202899 0.181365 -0.400952 0.435482 0.097302 -0.014271 -0.051024 0.026070 -0.010809 
1.942061 -0.953768 -0.034085 -0.488850 -0.117602 0.042062 -0.146296 0.162637 -0.414375 0.460293 0.098415 -0.012488 -0.044119 -0.057252 -0.051249 
1.728955 -0.900854 -0.076435 -0.626815 -0.100301 0.085420 -0.081086 0.222098 -0.305628 0.385741 0.037712 -0.007396 -0.124054 -0.059129 -0.056424 
1.840759 -0.887219 -0.257551 -0.466557 -0.168369 0.087350 -0.013598 0.228734 -0.394395 0.417154 0.056490 -0.019234 -0.063235 -0.151043 -0.034027 
1.891744 -0.993999 -0.170960 -0.468835 -0.241995 0.134258 -0.014849 0.183355 -0.359559 0.354499 0.063556 0.049192 -0.080676 -0.127845 -0.064312 
1.939828 -0.924124 -0.124884 -0.422577 -0.342301 0.225158 -0.011802 0.146941 -0.307038 0.291761 0.083128 0.059385 -0.073127 -0.161388 -0.045765 
1.936160 -0.844493 -0.140919 -0.382940 -0.296972 0.212370 0.039751 0.141100 -0.294974 0.237369 0.089603 0.053340 -0.095339 -0.127635 -0.043583 
1.929861 -0.785962 -0.095206 -0.325651 -0.304202 0.258769 0.036603 0.110656 -0.282157 0.190223 0.037374 0.102302 -0.032886 -0.144406 -0.026249 
1.786101 -0.637912 -0.170062 -0.236474 -0.284826 0.261272 0.060417 0.084219 -0.165674 0.157399 -0.011815 0.124389 -0.085330 -0.156789 0.053108 
1.610729 -0.486782 -0.184458 -0.253887 -0.532570 0.165677 0.108488 0.021527 -0.152132 0.156790 0.000755 0.214819 -0.110847 -0.083237 0.052270 
1.805317 -0.673070 0.070146 -0.146522 -0.446417 0.101601 0.018529 0.079904 -0.195146 0.059553 -0.149604 0.216890 -0.062700 -0.035478 0.164480 
1.057653 -0.013500 0.176644 -0.049176 -0.410105 0.143131 -0.253178 -0.052282 -0.088577 -0.051976 -0.081296 0.137881 -0.001438 -0.024751 0.105613 
1.191652 -0.420690 0.274071 -0.035650 -0.092240 0.243682 -0.138020 0.105180 -0.165908 -0.074940 -0.188089 0.233773 -0.051193 -0.085652 0.082144 
0.700015 0.171991 0.106528 0.053626 -0.243178 0.157043 -0.223088 0.030794 -0.126535 -0.262748 -0.053316 0.099831 -0.064618 0.002002 0.024917 
