city021_080
HYAKKATEN
74
0.168730 -0.359136 0.458179 -0.055133 -0.280709 0.180363 -0.106385 0.022744 -0.142790 0.077582 0.011383 -0.048160 0.055873 -0.039980 0.042095 
0.225585 -0.338583 0.754191 -0.241534 -0.272742 0.247801 -0.161394 0.031840 -0.044376 0.004026 -0.047172 0.075516 -0.051978 0.005151 0.043422 
0.418290 -0.530807 0.585483 -0.256905 -0.247109 0.350665 -0.144774 -0.034870 -0.158179 0.014089 0.003490 0.049441 -0.023105 -0.009066 0.033570 
0.916498 -0.199331 1.074617 -0.166598 -0.145779 0.317204 -0.200057 0.142084 -0.144533 -0.062964 -0.099931 0.031771 -0.087748 -0.067330 0.030052 
1.280391 -0.098020 0.913209 0.048692 -0.166172 0.248730 -0.030915 0.156693 -0.021917 0.017210 -0.086939 0.069376 -0.032427 -0.039914 -0.014914 
1.111808 -0.231680 0.770603 0.303450 -0.285802 0.103491 0.081017 0.091066 -0.115086 0.050700 -0.052670 0.067508 -0.055741 -0.038304 0.060081 
1.026512 -0.421756 0.564296 0.176129 -0.191503 -0.111896 -0.016504 0.118220 -0.186665 0.136108 -0.189037 0.102570 -0.006820 0.005890 -0.060379 
1.606415 -1.046225 0.471786 0.000815 -0.331340 -0.233615 -0.292916 0.145997 -0.020586 0.023298 -0.005591 0.123730 0.083072 0.005067 -0.035344 
1.637409 -1.200524 0.412389 -0.250920 -0.129029 -0.380813 -0.376487 0.210139 -0.108501 0.237948 -0.064284 0.143607 0.121814 0.057204 -0.037403 
1.452490 -0.998482 0.236834 -0.348166 0.059144 -0.374626 -0.449833 0.222349 0.067596 0.199314 0.047219 0.070831 0.006874 0.054194 -0.035467 
1.448021 -1.081572 0.166084 -0.537271 0.143791 -0.277621 -0.413704 0.216161 0.062187 0.219005 0.057509 0.071463 -0.056198 -0.025945 0.008493 
1.440144 -1.225086 0.203956 -0.603302 0.080873 -0.151224 -0.375751 0.218193 0.013871 0.236064 0.089107 0.038359 -0.086474 -0.069696 0.019732 
1.420641 -1.148068 0.159446 -0.651264 0.080750 -0.057765 -0.373890 0.176221 0.001956 0.252255 0.092526 0.013100 -0.068763 -0.103035 0.037966 
1.555816 -1.155575 0.182498 -0.730746 0.174231 -0.030717 -0.417271 0.138875 -0.110978 0.350608 0.006104 0.091233 -0.057674 -0.075731 0.073666 
1.665322 -1.047817 0.114913 -0.550741 0.184298 -0.095426 -0.355513 0.045132 -0.206018 0.310900 0.027212 0.185405 -0.112675 -0.026029 0.108873 
2.011736 -0.791844 -0.104431 -0.312162 0.259501 -0.245928 -0.238800 0.084941 -0.439440 0.305865 0.067989 0.216641 -0.208709 -0.005701 0.146280 
1.604366 -0.363433 -0.338709 -0.147771 0.117624 -0.132272 -0.075557 -0.030073 -0.372265 0.169461 0.099432 0.179003 -0.142009 0.001065 0.015123 
1.086731 -0.253156 -0.498461 -0.060036 -0.350502 -0.057922 -0.203617 0.055334 0.025036 0.128012 0.180860 0.010762 -0.001063 -0.044809 0.010633 
0.772376 -0.204413 -0.429178 -0.031484 -0.335717 -0.107911 -0.137570 0.097985 0.010063 0.139223 0.037540 -0.002053 0.089721 -0.090960 0.006774 
0.545130 -0.297691 -0.398490 -0.009728 -0.239716 -0.132882 -0.034297 0.217643 -0.003270 -0.113551 0.121275 0.033831 -0.090565 0.057517 -0.038199 
0.510994 -0.340546 -0.463788 -0.124813 -0.214048 -0.096489 -0.132720 0.173526 0.027461 0.070065 0.084418 -0.005419 -0.027285 -0.044587 -0.013149 
0.317955 -0.251371 -0.416654 -0.254812 -0.199834 -0.069742 -0.199516 -0.005977 0.109402 0.323309 0.067306 -0.116783 0.053914 -0.065325 -0.092154 
0.434935 -0.357781 -0.427533 -0.095274 -0.203121 -0.027365 -0.208234 -0.026422 0.074119 0.144502 0.103343 -0.014669 0.016553 -0.012168 -0.054717 
0.262728 -0.235509 -0.304280 -0.070059 -0.147534 0.033918 -0.099120 -0.012798 -0.108933 -0.013050 0.159281 0.060344 -0.053504 0.015209 -0.020413 
0.270140 -0.020127 -0.157302 0.007055 -0.197025 -0.096514 -0.201475 -0.072314 -0.005058 -0.092473 0.080097 0.163700 -0.048976 0.045256 0.023761 
0.100847 -0.202817 -0.243362 -0.108664 -0.218536 0.023697 -0.012356 0.040876 -0.103088 0.120017 0.006350 0.009618 -0.014918 0.020130 -0.018887 
0.218387 -0.112116 -0.269161 -0.184338 -0.212378 -0.060863 -0.097155 0.110318 -0.079466 0.031558 0.104923 0.062737 -0.045621 -0.000683 -0.000710 
0.269355 -0.077128 -0.130507 -0.189407 -0.274526 -0.084841 -0.085812 0.087834 -0.023997 0.057984 0.031933 0.030257 0.039535 -0.023514 -0.024003 
0.193770 -0.250424 -0.319552 0.104896 -0.165972 -0.185950 -0.198460 0.033599 0.100635 0.095377 -0.033872 0.007771 0.089503 0.008022 -0.097365 
0.038210 -0.134272 -0.053892 0.006351 -0.108328 -0.018842 -0.064222 0.108576 -0.066399 0.050770 -0.003689 -0.039106 0.034287 0.026192 -0.050008 
0.178904 -0.200336 -0.080697 0.096772 -0.155068 0.034371 -0.063140 -0.008697 -0.040183 0.060254 -0.047194 -0.002264 0.071252 -0.027288 -0.031454 
1.105526 -0.885342 -0.342790 -0.111091 0.347855 0.163982 -0.074393 -0.078435 -0.210915 0.202778 -0.094097 0.180450 -0.122179 0.018581 -0.062144 
1.139991 -1.287872 -0.357920 -0.455978 0.485556 0.148956 -0.111235 -0.075974 -0.273843 0.283841 0.003402 0.121024 -0.141283 -0.054186 -0.076427 
1.512085 -0.840830 -0.086661 -0.287466 0.151576 -0.126531 -0.112063 -0.152858 -0.236629 0.405400 -0.037668 0.058854 -0.114248 0.114882 -0.037139 
1.965299 -1.005049 0.268050 -0.416399 -0.118385 -0.091814 -0.322124 0.027148 -0.341843 0.337923 0.149394 0.118713 -0.113064 0.131116 0.127294 
1.611411 -1.061920 0.322862 -0.599111 -0.092554 -0.182678 -0.173337 0.047125 -0.202565 0.236286 0.238367 0.114292 -0.097884 0.023792 0.064673 
1.470680 -1.064014 0.286618 -0.635688 -0.152452 -0.199823 -0.089567 0.051880 -0.096627 0.150294 0.203614 0.135033 -0.035817 -0.050694 0.018936 
1.498919 -1.119855 0.278609 -0.675178 -0.133457 -0.162835 -0.078018 0.035445 -0.091619 0.163040 0.233332 0.120224 -0.076855 -0.046226 -0.025330 
1.561055 -1.102273 0.283129 -0.653088 -0.104986 -0.114793 -0.116291 -0.008417 -0.154938 0.274601 0.214991 0.071741 -0.063167 -0.036341 -0.017660 
1.799292 -1.132760 0.400635 -0.574204 -0.180081 -0.079078 -0.173771 0.010883 -0.313642 0.398030 0.029591 0.108471 0.035705 0.011440 0.062243 
2.008740 -0.841691 0.336935 -0.403021 -0.106938 0.068429 -0.237090 -0.087337 -0.444581 0.397983 -0.005946 0.021549 0.039928 0.049645 0.041752 
1.501343 -0.258889 0.108636 0.137477 -0.089394 0.219863 -0.047629 -0.109337 -0.357400 0.104615 0.066353 -0.111878 -0.004813 0.013721 -0.050432 
1.019908 -0.074205 -0.229011 0.107291 -0.039377 0.095514 -0.037987 -0.173215 -0.259272 0.217319 0.194997 -0.133906 -0.095364 0.115600 -0.035673 
0.937118 0.013972 0.004478 0.036855 -0.340016 0.085329 -0.032411 -0.013026 -0.188031 0.134540 0.117982 -0.100917 0.015606 0.081178 -0.010002 
0.699350 -0.293075 -0.222336 -0.159844 -0.224264 0.070114 -0.150153 -0.156372 -0.207765 0.166525 0.172976 0.085267 -0.023538 0.016454 -0.010829 
0.543913 -0.373137 -0.368493 -0.120807 -0.270346 0.004858 -0.069708 -0.028952 -0.214614 0.154725 0.266080 0.034071 -0.081615 0.020742 -0.032143 
0.514087 -0.367631 -0.365811 0.010481 -0.259135 -0.058387 -0.058943 -0.178097 -0.251191 0.188485 0.316209 0.045108 -0.091953 0.039984 0.018711 
0.400635 -0.231137 -0.134827 -0.019271 -0.429784 -0.028163 -0.118315 -0.191828 -0.185049 0.181546 0.230630 -0.003423 0.049181 0.121016 -0.036075 
0.359512 -0.310656 -0.218199 -0.107185 -0.221306 -0.012025 -0.170362 -0.062691 -0.178230 0.177273 0.188117 0.012785 0.014020 -0.026284 0.041773 
0.228851 -0.231337 -0.287407 -0.125495 -0.273992 -0.066209 -0.191523 -0.053112 -0.039505 0.066444 0.177102 0.150474 0.011881 -0.079211 0.042664 
0.306342 -0.961811 0.325006 -0.425217 -0.079250 -0.014165 -0.184001 0.024148 -0.116987 0.310986 -0.045421 0.128594 -0.167092 0.031709 0.057711 
1.470864 -0.704830 0.587171 0.032232 -0.179539 -0.163825 -0.328709 -0.048397 -0.141538 0.051160 -0.285264 0.120989 0.080143 0.073744 -0.053038 
1.645026 -1.104756 0.742197 -0.135790 -0.263809 -0.088727 -0.377796 -0.067661 -0.128592 -0.076331 -0.162886 0.128678 0.099963 0.165291 -0.153808 
1.412778 -1.138322 0.832547 -0.089331 -0.291887 -0.224998 -0.376215 0.017864 -0.085578 0.034701 -0.140622 0.149746 0.184450 0.048688 -0.069512 
1.379110 -1.167518 0.809537 -0.207973 -0.261693 -0.267545 -0.337526 -0.020992 -0.103556 0.041290 -0.046553 0.141179 0.173281 0.080118 -0.038508 
1.364759 -1.162857 0.782277 -0.271380 -0.260404 -0.247028 -0.307848 -0.032798 -0.193108 0.052312 -0.002386 0.178226 0.116742 0.088925 0.026107 
1.344363 -1.109211 0.773914 -0.189284 -0.262610 -0.311521 -0.254975 -0.078374 -0.139697 -0.020634 -0.002327 0.172824 0.118652 0.093670 0.005774 
1.320927 -1.064541 0.812890 -0.082874 -0.255812 -0.328678 -0.270069 -0.040763 -0.137532 -0.051929 -0.013468 0.127242 0.084798 0.154656 -0.045698 
1.361346 -1.181639 0.921907 -0.157041 -0.317779 -0.274810 -0.291696 0.189786 -0.144902 0.071118 -0.038800 0.158221 0.078282 0.039281 -0.035289 
1.541840 -1.222890 0.994036 -0.093405 -0.429264 -0.171642 -0.348381 0.246438 -0.104788 0.107370 -0.010063 0.140707 0.044582 0.081428 -0.097698 
1.770225 -1.325868 1.051322 -0.043019 -0.468946 -0.072625 -0.399636 0.297169 -0.078227 0.165448 -0.064776 0.167005 0.018670 0.085951 -0.116504 
1.676386 -1.087755 0.860378 0.039028 -0.410613 -0.027185 -0.414050 0.248071 -0.060198 0.146418 -0.044331 0.060471 0.061979 0.133254 -0.172230 
1.673814 -0.963664 0.775797 0.186466 -0.335195 0.022536 -0.388340 0.141952 -0.047178 0.167398 -0.105344 0.013012 0.073230 0.164632 -0.169304 
1.263018 -0.607432 0.759068 0.422640 -0.122349 0.056012 -0.234758 -0.154558 -0.102523 0.147920 -0.389217 0.004870 -0.083511 0.083710 -0.033791 
1.198770 -0.540815 0.799998 0.370810 -0.197301 0.138567 -0.169928 -0.207902 -0.180411 0.085340 -0.397677 0.043975 -0.147651 -0.035729 0.027366 
1.037818 -0.523844 0.723972 0.435058 -0.155431 0.166050 -0.254743 -0.250055 -0.165317 0.049844 -0.335361 -0.067901 -0.181318 0.027634 0.028315 
1.093421 -0.576579 0.791760 0.326788 -0.233673 0.225831 -0.231902 -0.189912 -0.187966 -0.029031 -0.234766 0.012874 -0.232752 0.050312 0.018750 
1.059567 -0.476886 0.832479 0.317875 -0.373278 0.272680 -0.083112 -0.232498 -0.197539 -0.083004 -0.242280 0.058512 -0.247606 -0.022401 0.045026 
1.247680 -0.311995 0.529908 0.452996 -0.302833 0.196975 -0.204056 -0.139179 -0.111201 -0.176891 -0.159047 -0.070349 -0.065268 -0.092036 0.035305 
0.956284 -0.297402 0.563973 0.538299 -0.193897 0.204914 -0.208464 -0.198463 -0.145004 -0.138959 -0.110968 -0.164730 -0.167163 -0.042179 0.039031 
0.961550 -0.521554 0.656483 0.390986 -0.243940 0.258278 -0.214376 -0.161134 -0.183418 -0.146887 -0.100911 -0.034287 -0.195530 -0.035665 0.037676 
0.605932 -0.153797 0.414974 0.486616 0.045241 0.118398 -0.301166 -0.207188 -0.065445 -0.047336 -0.194316 -0.183763 -0.118268 0.010502 0.001691 
0.586579 -0.353930 0.621379 0.338221 -0.177906 0.216738 -0.165636 -0.107203 -0.146920 -0.159282 -0.054670 -0.002417 -0.153931 -0.089768 0.085356 
0.477203 -0.175323 0.315284 0.432764 -0.062797 0.074062 -0.268414 -0.162967 -0.225727 -0.107123 -0.053569 -0.094012 -0.159916 -0.041287 0.089869 
