city021_011
SANGENJAYA
89
-0.055947 -0.109770 0.500130 0.131765 0.067744 0.005671 0.105354 -0.173129 -0.117938 0.154832 -0.138593 0.047703 -0.098639 0.078637 -0.101125 
-0.100693 -0.081862 0.490413 0.438717 -0.067209 -0.004336 -0.007056 -0.049791 0.132702 -0.083379 -0.077677 0.058337 0.012089 -0.078861 0.087959 
-0.545411 -0.362763 0.321288 -0.150717 0.073769 0.103241 -0.049888 0.033064 0.063285 -0.040478 -0.044974 0.049210 -0.015143 0.035111 -0.054430 
-0.259372 -0.138911 0.422602 0.140271 0.241471 -0.094429 -0.047677 0.037756 0.041332 -0.091381 0.009060 0.090989 -0.149923 0.099942 -0.072430 
-0.172987 -0.037103 0.510732 0.050631 -0.095500 -0.065886 0.279116 -0.029783 -0.073916 0.033780 0.066144 -0.047195 0.041358 -0.104053 0.178783 
-0.316884 -0.284170 0.360519 0.118754 0.080261 0.097571 0.164304 0.036022 -0.092337 0.001400 0.189518 -0.085492 0.032754 -0.058634 0.166500 
0.229549 0.009242 0.324789 0.066285 0.127707 -0.010284 -0.014719 -0.192643 -0.098570 -0.031712 -0.049096 0.000835 -0.010404 -0.193130 0.212321 
0.261663 -0.186343 0.583834 0.058374 0.014746 -0.195595 0.101138 -0.056071 -0.046505 -0.021793 0.047091 -0.046632 -0.013971 0.032545 0.009303 
0.359911 -0.590359 0.501523 -0.137252 -0.140380 -0.094552 -0.136384 0.006929 0.048915 -0.080329 0.083920 0.054551 -0.112405 0.120953 -0.016846 
1.589103 -0.368529 0.446212 -0.199372 -0.186211 0.122716 -0.291261 -0.181620 -0.176415 0.215109 -0.147031 0.107735 -0.034342 0.072344 0.040039 
1.883456 -0.795743 0.365335 -0.528401 -0.141107 0.007391 -0.298051 -0.145257 -0.282592 0.554468 -0.103593 0.101164 0.096187 -0.017362 0.022890 
1.572334 -0.908036 0.368218 -0.663132 -0.104234 -0.045169 -0.168131 -0.110795 -0.210782 0.532033 0.053737 0.038826 0.020197 -0.054004 -0.025509 
1.547202 -1.011603 0.336234 -0.717096 -0.065250 0.011320 -0.108849 -0.053367 -0.144933 0.484906 0.091217 -0.068975 -0.036552 -0.098631 -0.034716 
1.523207 -1.050342 0.246357 -0.753994 -0.055088 0.050429 -0.082104 -0.001777 -0.129754 0.393702 0.157135 -0.106331 -0.086437 -0.094150 -0.056681 
1.546315 -1.034672 0.221009 -0.788783 -0.016513 0.063495 -0.070725 0.044669 -0.143593 0.369673 0.164001 -0.111808 -0.139788 -0.072744 -0.060988 
1.543389 -1.003985 0.192720 -0.803177 0.048257 0.079798 -0.077168 0.067088 -0.132150 0.323389 0.139046 -0.092561 -0.173148 -0.048996 -0.046818 
1.577338 -1.018852 0.189620 -0.800054 0.070644 0.096842 -0.114151 0.070011 -0.110874 0.286759 0.149845 -0.088520 -0.176069 -0.040991 -0.036865 
1.664681 -0.927447 0.178057 -0.779509 0.086015 0.062461 -0.118293 0.076032 -0.160913 0.295477 0.131589 -0.031883 -0.181808 -0.003761 -0.044234 
1.696663 -0.870382 0.166643 -0.670997 0.087179 0.007311 -0.118689 0.082366 -0.219259 0.294636 0.140580 -0.021672 -0.164035 0.029701 -0.020158 
1.737307 -0.976690 0.304219 -0.634572 0.056355 -0.016693 -0.170426 0.115755 -0.296701 0.388803 0.043077 -0.035433 -0.087845 0.064949 -0.011438 
1.974198 -1.015354 0.411442 -0.456882 -0.060289 0.050996 -0.252423 0.159543 -0.359380 0.457447 -0.042667 -0.003149 -0.018065 0.001033 0.009306 
1.921783 -0.934520 0.512949 -0.312846 -0.106434 -0.026660 -0.216789 0.123667 -0.347683 0.463782 -0.113365 0.020537 -0.002412 0.042028 0.003163 
1.835656 -0.857244 0.607025 -0.230806 -0.109812 -0.075829 -0.183139 0.048380 -0.314377 0.456163 -0.170554 0.048369 0.007501 0.051935 0.025802 
1.848222 -0.774805 0.694099 -0.112012 -0.221123 -0.031802 -0.131756 0.001856 -0.379353 0.386908 -0.161497 0.074088 -0.020104 0.079256 0.016921 
1.850188 -0.656327 0.741839 -0.030744 -0.348264 0.060209 -0.044995 -0.065858 -0.425283 0.297499 -0.235688 0.075731 -0.046168 0.059576 0.037313 
1.695416 -0.518046 0.832595 0.007697 -0.466329 0.243984 -0.017805 -0.161624 -0.375567 0.132621 -0.274506 0.021388 -0.090547 0.063816 -0.006575 
1.670711 -0.502738 0.890742 0.011389 -0.410927 0.269864 -0.083940 -0.191929 -0.391188 0.150283 -0.277260 0.034437 -0.129583 0.093699 -0.038881 
1.690000 -0.463714 0.867938 0.052135 -0.442641 0.259139 -0.061423 -0.206641 -0.352732 0.112159 -0.280887 0.009728 -0.134736 0.106342 -0.079544 
1.645968 -0.347615 0.805062 0.075776 -0.474747 0.200995 0.003470 -0.211264 -0.361172 0.129895 -0.325128 0.013610 -0.126516 0.079752 -0.037205 
1.635139 -0.265818 0.696592 0.132623 -0.470466 0.181027 0.027961 -0.229968 -0.344218 0.099171 -0.325444 0.010197 -0.141293 0.074614 -0.016256 
1.704757 -0.246959 0.688076 0.183035 -0.502717 0.194050 0.031349 -0.238131 -0.346893 0.109834 -0.359578 0.012179 -0.159623 0.078562 -0.038831 
1.733730 -0.129105 0.664050 0.232091 -0.514901 0.077907 0.115609 -0.253958 -0.300222 0.120902 -0.408567 0.025036 -0.207958 0.075678 -0.033188 
1.649353 0.070359 0.602795 0.314310 -0.468256 0.068517 0.147253 -0.360720 -0.249067 0.104904 -0.378334 -0.008149 -0.170155 0.042502 -0.047661 
1.519744 0.189950 0.647677 0.416729 -0.435272 0.077223 0.092634 -0.329264 -0.277245 0.108820 -0.323009 -0.050208 -0.141032 0.036980 -0.043439 
1.354058 0.278122 0.653271 0.287659 -0.467268 -0.097098 0.008270 -0.110293 -0.394523 0.070381 -0.130883 -0.137715 -0.101949 0.121403 -0.061878 
0.907027 -0.779516 0.834582 -0.060221 -0.251080 0.055724 0.050397 -0.148035 -0.389728 0.156900 -0.152487 0.090207 -0.160787 0.148261 -0.071705 
0.848481 -0.592943 1.220349 0.085744 -0.307215 -0.002360 -0.009092 -0.017272 -0.562538 0.133077 -0.119939 -0.146870 -0.189990 0.198333 -0.119036 
0.980341 -0.840086 1.400605 0.036893 -0.343095 0.022984 -0.154267 0.067009 -0.574001 0.107134 -0.090476 -0.138974 -0.153176 0.181249 -0.100542 
1.153058 -0.936974 1.513395 -0.149679 -0.341549 -0.020472 -0.183036 0.084749 -0.584453 0.132454 -0.121158 -0.066166 -0.101833 0.098413 -0.011751 
1.157050 -0.938683 1.379946 -0.094622 -0.336138 -0.158352 -0.155425 0.000192 -0.453798 0.068282 -0.076019 0.003073 -0.059020 0.083754 0.032951 
1.265105 -0.960669 1.355640 -0.141147 -0.364487 -0.143901 -0.228997 0.055542 -0.488414 0.103817 -0.101183 0.049517 -0.042562 0.087685 0.032275 
1.277025 -0.940884 1.240910 -0.133348 -0.322647 -0.182312 -0.259324 0.022758 -0.425784 0.054069 -0.086200 0.066307 -0.007049 0.074610 0.041127 
1.292673 -0.957938 1.197365 -0.226544 -0.320986 -0.154531 -0.239305 0.068504 -0.466178 0.083971 -0.084532 0.079656 -0.024606 0.080229 0.024982 
1.330443 -0.974337 1.236444 -0.249316 -0.294214 -0.150726 -0.248358 0.123515 -0.448580 0.080916 -0.098930 0.096861 -0.014066 0.017819 0.040171 
1.359792 -0.847897 1.188015 -0.172136 -0.301275 -0.181753 -0.270104 0.152929 -0.393424 0.096920 -0.113872 0.144543 0.010868 -0.027778 0.056101 
1.495614 -0.861763 1.227331 -0.158880 -0.307794 -0.159359 -0.297422 0.183481 -0.407449 0.105535 -0.184144 0.197076 -0.022697 -0.032186 0.047319 
1.515479 -0.639079 1.092291 -0.033207 -0.252155 -0.173423 -0.249965 0.129887 -0.356928 0.045928 -0.244516 0.201688 -0.042007 -0.054743 0.022783 
1.485202 -0.435605 0.969348 0.106751 -0.302123 -0.008455 -0.262473 0.055405 -0.245038 -0.047979 -0.284344 0.199001 -0.094038 -0.098283 0.054133 
1.391226 -0.390729 1.084071 0.024112 -0.387662 0.378215 -0.292648 -0.079903 -0.203615 -0.064444 -0.276604 0.020625 -0.116726 -0.062165 -0.028832 
1.460833 -0.378103 1.121153 -0.177209 -0.320159 0.519066 -0.305406 -0.162335 -0.202266 -0.013936 -0.342017 0.044239 -0.126334 -0.040201 -0.082397 
1.427522 -0.297591 1.138232 -0.179769 -0.353035 0.537925 -0.329429 -0.163997 -0.140124 -0.077102 -0.315323 0.019711 -0.118202 -0.046293 -0.092176 
1.387043 -0.279113 1.137727 -0.197023 -0.305049 0.533759 -0.355788 -0.148088 -0.179977 -0.018150 -0.337565 0.045427 -0.107904 -0.080014 -0.034606 
1.406262 -0.225198 1.105401 -0.181605 -0.361175 0.584327 -0.353147 -0.141612 -0.162678 -0.049431 -0.329233 0.042871 -0.113025 -0.082620 -0.032184 
1.424161 -0.138807 1.016283 -0.154753 -0.437714 0.607154 -0.310350 -0.136143 -0.099960 -0.128882 -0.296181 -0.003785 -0.084234 -0.104403 -0.033855 
1.431548 -0.072153 1.062691 -0.087214 -0.428248 0.533775 -0.290188 -0.156970 -0.035519 -0.130971 -0.276890 0.016478 -0.122362 -0.073429 -0.057216 
1.408962 0.145586 0.976196 -0.009132 -0.391625 0.511091 -0.294199 -0.137450 -0.032522 -0.091056 -0.280877 0.021574 -0.092528 -0.105032 -0.028657 
1.354873 0.553068 0.964290 -0.068726 -0.500888 0.361210 -0.319695 -0.144981 -0.051023 -0.041565 -0.255551 0.010661 -0.025309 -0.140471 0.019477 
0.727148 -0.115686 0.800414 -0.370498 0.059729 -0.044534 -0.076788 0.024800 -0.363841 -0.014209 -0.224357 0.131953 -0.182823 0.046828 0.008244 
0.372324 0.048193 0.919992 -0.116360 0.285565 -0.378410 -0.143801 0.092695 -0.245156 0.053778 -0.360376 0.210675 -0.053705 -0.090762 0.011139 
0.094267 0.028660 0.951562 -0.220914 0.379558 -0.327231 -0.035516 0.028774 -0.141018 0.090612 -0.315886 0.149744 0.014119 -0.129868 0.003912 
0.041116 -0.004842 0.872904 -0.476432 0.580096 -0.067407 -0.149302 -0.044135 -0.429330 0.150938 -0.150019 -0.035573 -0.195536 0.018368 -0.010986 
0.635812 -0.366744 1.017336 -0.239077 0.145303 -0.302252 -0.258189 0.124148 -0.323189 0.099390 -0.289598 0.134376 0.037469 -0.063847 -0.013832 
1.136325 -0.755769 1.110937 -0.008777 -0.147200 -0.114510 -0.502606 0.141640 -0.263193 -0.030878 -0.265310 0.092848 0.120396 -0.038710 -0.079969 
1.282995 -0.968369 1.090345 -0.215794 -0.156461 -0.169110 -0.519322 0.104418 -0.256208 -0.016787 -0.213560 0.154858 0.095123 0.114027 -0.153509 
1.358437 -0.989998 0.968120 -0.109758 -0.215922 -0.227983 -0.492585 0.043978 -0.136915 -0.017221 -0.120722 0.089459 0.169278 0.161374 -0.190798 
1.444272 -1.204048 0.945301 -0.175828 -0.270612 -0.184619 -0.515935 0.127945 -0.125855 0.132653 -0.103662 0.100783 0.162138 0.172104 -0.179586 
1.503939 -1.223651 0.770167 -0.076538 -0.367306 -0.167019 -0.503287 0.066308 0.014993 0.062494 -0.002202 0.100666 0.087292 0.278100 -0.228282 
1.432186 -1.177419 0.688457 -0.090797 -0.274703 -0.299217 -0.422525 0.020479 -0.012354 0.102723 0.001432 0.101057 0.072366 0.326856 -0.212774 
1.510918 -1.211861 0.754230 -0.066198 -0.304768 -0.281337 -0.450334 0.123079 -0.105838 0.184149 -0.084296 0.145612 0.097076 0.227000 -0.143309 
1.557327 -1.276784 0.867925 -0.042220 -0.381252 -0.219704 -0.461963 0.200895 -0.126893 0.101911 -0.050655 0.177857 0.052161 0.196014 -0.147690 
1.491197 -1.321657 0.997620 -0.076290 -0.401785 -0.205392 -0.480436 0.176967 -0.148074 0.106375 -0.096327 0.224969 0.065173 0.176546 -0.134171 
1.503772 -1.323058 0.959736 -0.075941 -0.404228 -0.216199 -0.442520 0.185303 -0.208232 0.123867 -0.086187 0.207393 0.063199 0.176249 -0.130911 
1.474621 -1.263152 0.908704 -0.000656 -0.482746 -0.198586 -0.428581 0.167049 -0.127541 0.108477 -0.039273 0.185901 0.076701 0.167547 -0.151094 
1.535917 -1.317810 0.853456 -0.004194 -0.511918 -0.178032 -0.440646 0.180617 -0.088027 0.111753 -0.027749 0.196521 0.051098 0.186961 -0.171534 
1.408758 -1.265155 0.762368 -0.074537 -0.436856 -0.288191 -0.362679 0.175024 -0.084848 0.199508 -0.053638 0.220994 0.035764 0.176058 -0.162809 
1.569350 -1.376640 0.697019 -0.061047 -0.456769 -0.265558 -0.441643 0.215051 -0.098271 0.245414 -0.042716 0.218496 0.039552 0.192168 -0.142354 
1.512321 -1.338802 0.574203 0.011528 -0.480380 -0.235612 -0.468439 0.152485 -0.000694 0.209920 0.032204 0.136175 0.049261 0.249650 -0.168701 
1.637033 -1.374843 0.440739 -0.011640 -0.438889 -0.210390 -0.454076 0.175766 0.025274 0.284635 0.042578 0.106704 -0.075165 0.279463 -0.125132 
1.843662 -1.417425 0.254728 0.019794 -0.471615 -0.067832 -0.513626 0.155280 0.084629 0.236270 0.126963 0.037630 -0.098558 0.240491 -0.095837 
1.883529 -1.247751 0.119061 -0.142405 -0.333893 -0.030766 -0.433132 0.132429 -0.011458 0.338819 0.063934 0.052582 -0.158958 0.196854 -0.036866 
1.879134 -1.081234 -0.053407 -0.123804 -0.441314 0.075927 -0.422055 0.074999 0.076093 0.227829 0.220367 -0.065554 -0.147002 0.230981 -0.117145 
1.622825 -0.899542 -0.052281 -0.138244 -0.383537 0.017025 -0.459402 0.072881 0.052458 0.323023 0.328874 -0.138527 -0.181544 0.251849 -0.081310 
1.820580 -0.853986 -0.006896 -0.156518 -0.401352 0.012852 -0.339977 0.174075 -0.068709 0.284274 0.218172 -0.075018 -0.175065 0.210740 -0.127320 
1.559166 -0.795791 -0.137130 -0.138238 -0.400879 0.068988 -0.278739 0.190397 -0.109878 0.299206 0.190868 -0.216045 -0.051310 0.199039 -0.232847 
1.639250 -0.641224 -0.269523 -0.161592 -0.300583 0.016380 -0.316152 0.190154 -0.089726 0.420187 0.214008 -0.209292 -0.197811 0.173458 -0.091981 
1.608961 -0.596702 -0.303211 -0.164540 -0.310172 0.127817 -0.308804 0.188844 -0.081121 0.214943 0.269308 -0.213872 -0.120473 0.117961 -0.098082 
0.945380 -0.502561 -0.377883 -0.246067 -0.321295 0.058307 -0.267814 0.106624 -0.007785 0.342080 0.277797 -0.188850 -0.158803 0.075723 -0.179962 
0.304121 -0.655596 -0.373857 -0.147732 -0.367093 0.055304 -0.177300 0.209346 -0.020695 0.238113 0.174711 -0.220631 -0.055053 0.010510 -0.152870 
0.002981 -0.131582 -0.200283 0.032094 -0.484658 -0.131826 -0.230635 0.011245 0.111275 0.197383 0.056698 0.045553 0.054432 0.048951 -0.190951 
