city021_018
TSUKIJI
59
-0.583423 -0.561089 0.016619 -0.202627 0.131324 -0.171437 0.081604 0.135473 -0.054515 -0.013771 -0.140241 0.236933 -0.182858 0.127596 -0.108463 
-0.787877 -0.507405 0.200805 -0.241240 0.239136 -0.285665 0.044471 0.196699 -0.214883 0.088035 -0.005048 0.070790 -0.133356 0.081623 -0.018634 
-1.007047 -0.595047 0.482008 -0.290594 0.073761 -0.464331 0.192517 0.028810 -0.042228 0.101942 -0.023525 0.006640 -0.034957 0.128546 -0.193352 
-0.676031 -0.406899 0.186633 -0.420067 0.041201 -0.480521 0.165843 0.054261 0.122133 0.051871 0.022131 0.009442 -0.085902 0.064276 -0.159110 
-0.499190 -0.658677 0.173175 -0.121820 0.162383 -0.433321 0.204148 0.088696 -0.027013 -0.056820 0.033435 0.058381 -0.133168 0.142007 -0.134753 
-0.399332 -0.821220 0.496313 -0.220411 0.074213 -0.407536 -0.094188 0.093468 0.094107 -0.010546 -0.047135 0.128249 -0.081745 0.140442 -0.168412 
0.084585 -0.974631 0.536305 -0.091304 -0.174617 -0.315815 0.077213 0.108779 0.029270 -0.062719 -0.006215 0.162143 -0.111221 0.001177 -0.023174 
-0.020048 -1.131527 0.566517 0.172841 0.028976 -0.461793 -0.093583 0.193725 -0.024001 -0.093017 -0.054444 0.195340 -0.107952 0.076393 -0.091843 
0.181352 -0.822263 0.354303 0.375488 0.023949 -0.277994 -0.183564 0.018592 0.012948 -0.054650 -0.122389 0.218419 -0.237610 0.146651 0.004614 
-0.025994 -0.078613 0.202977 0.288211 -0.103261 0.105531 0.179254 0.186628 -0.139244 0.063111 0.038307 0.067869 -0.041393 0.039024 0.013631 
0.077275 -0.036651 -0.175773 -0.010303 -0.353566 0.152856 -0.065862 0.007186 -0.182199 0.075129 0.043265 -0.000019 0.070716 -0.025272 -0.053285 
-0.016397 -0.071037 -0.098596 0.155664 -0.263647 0.036615 -0.074934 0.016762 -0.128285 0.004178 0.026860 0.084716 -0.060347 0.006016 0.005834 
0.054183 -0.125537 -0.104427 0.134657 -0.196088 0.073623 -0.225876 0.047228 -0.067118 -0.020547 0.033023 0.052523 -0.021637 0.019028 -0.040364 
-0.029118 0.113467 0.108990 0.016015 -0.255127 0.129746 -0.357868 -0.100127 -0.097681 0.052463 -0.006755 0.022743 0.025978 0.049984 0.011486 
-0.139680 -0.006060 0.032244 0.218841 -0.291197 0.051570 -0.282904 0.027590 -0.011127 -0.082503 0.046291 0.050910 -0.034577 0.055500 -0.033897 
-0.200253 -0.825467 0.454152 -0.172190 0.068944 -0.064416 -0.249628 0.231962 -0.137475 0.068520 0.031312 -0.037464 -0.043522 0.105889 -0.062522 
0.064830 -1.146769 0.881660 -0.722344 0.071555 -0.057736 -0.306778 0.111524 -0.067862 0.186480 -0.065203 0.186067 -0.179027 0.099029 0.011097 
-0.315822 -0.516433 0.936636 -0.549522 0.147269 0.056718 -0.215058 0.131573 -0.057867 0.071166 -0.136538 0.167661 -0.136921 0.084631 -0.012634 
-0.004905 -0.349051 1.148659 -0.398062 0.185172 0.100965 -0.256333 0.234202 -0.260921 0.057038 -0.043678 0.060380 -0.171407 0.123702 -0.043956 
0.440047 -0.347503 1.576222 -0.197235 -0.093770 0.281296 -0.347361 0.202888 -0.336416 -0.104671 -0.040808 -0.065240 -0.258081 0.055959 0.018251 
0.596754 -0.503695 1.889107 -0.220170 -0.217522 0.347030 -0.392892 0.226370 -0.407628 -0.067091 -0.061899 -0.072571 -0.280598 0.098556 -0.001252 
0.499329 -0.655256 1.798001 -0.160170 -0.198209 0.340785 -0.339471 0.117171 -0.319594 -0.109251 -0.089823 -0.067815 -0.306430 0.099615 -0.017857 
0.596283 -0.813833 1.916019 -0.277521 -0.175778 0.375789 -0.379037 0.139159 -0.392743 -0.054283 -0.146254 -0.052384 -0.325914 0.106752 -0.018230 
0.667063 -0.852463 1.924525 -0.239711 -0.209397 0.364595 -0.375113 0.145321 -0.397476 -0.048181 -0.150570 -0.046571 -0.310397 0.082463 -0.001202 
0.601311 -0.813024 1.921562 -0.254036 -0.180472 0.341536 -0.366837 0.146818 -0.399155 -0.056586 -0.140979 -0.051753 -0.318350 0.086923 0.002730 
0.591372 -0.725120 1.864211 -0.236765 -0.168183 0.303803 -0.336078 0.143122 -0.393791 -0.050778 -0.136980 -0.040833 -0.312673 0.073942 0.019927 
0.698542 -0.666811 1.816225 -0.211592 -0.199443 0.242901 -0.283392 0.138558 -0.378320 -0.033531 -0.134970 0.031799 -0.335755 0.095151 0.042949 
0.435557 -0.439490 1.576174 -0.161914 -0.100521 0.063716 -0.098279 -0.044726 -0.255721 -0.122708 -0.137527 0.068476 -0.372881 0.074903 0.061152 
0.322295 -0.325800 1.418776 -0.067631 -0.083236 -0.047115 0.002001 -0.119691 -0.219984 -0.130285 -0.165958 0.100351 -0.373284 0.072995 0.030718 
0.543583 -0.345194 1.257626 -0.129831 -0.077879 -0.071553 0.000312 -0.038408 -0.293432 -0.011094 -0.236397 0.198977 -0.346257 0.049593 0.061057 
0.567796 -0.316904 1.202888 -0.182845 -0.012092 -0.124833 -0.030505 0.073594 -0.368315 0.096388 -0.259693 0.178252 -0.207743 -0.036980 0.080005 
0.407480 -0.306159 1.112276 -0.114178 0.032634 -0.143377 -0.050756 0.037927 -0.275168 -0.006574 -0.183557 0.136242 -0.189287 -0.015404 0.022217 
0.212202 -0.226906 1.265813 -0.152448 0.055605 -0.163336 -0.121494 0.108537 -0.316631 0.061311 -0.228470 0.110064 -0.058912 -0.124937 0.084768 
-0.058917 -0.193752 1.364248 -0.258952 0.246893 -0.312536 -0.084749 0.129772 -0.318122 -0.000526 -0.226973 0.136078 -0.097489 -0.148337 0.109402 
-0.011050 -0.228554 1.290639 -0.168579 0.171003 -0.264679 -0.062541 0.064572 -0.292881 -0.018533 -0.204925 0.095824 -0.130574 -0.065065 0.022890 
-0.030710 -0.281085 1.376892 -0.228258 0.211760 -0.342216 0.004884 0.066516 -0.317870 0.031639 -0.220484 0.107184 -0.091865 -0.093582 0.028118 
0.024156 -0.339163 1.449682 -0.200430 0.173855 -0.318638 -0.028310 0.116310 -0.382590 0.018005 -0.185189 0.047041 -0.061371 -0.143082 0.056056 
0.205219 -0.288061 1.488069 -0.136133 0.023177 -0.218737 -0.118624 0.191207 -0.431104 0.084720 -0.224078 0.116070 -0.041746 -0.197927 0.157069 
0.341193 -0.445782 1.500613 -0.112448 -0.068708 -0.142598 -0.130097 0.139648 -0.406967 0.031880 -0.173316 0.055196 -0.063309 -0.143551 0.083033 
0.253572 -0.454264 1.601663 -0.198361 0.055965 -0.231275 -0.055023 0.130756 -0.469655 0.033232 -0.152595 -0.007131 -0.104491 -0.114259 0.050780 
0.574464 -0.632784 1.600815 -0.086870 -0.180266 0.000581 -0.156033 0.075958 -0.411300 -0.039956 -0.123282 -0.009184 -0.208962 0.000037 0.031015 
0.904547 -0.839874 1.646076 -0.074617 -0.326426 0.132367 -0.196677 0.033041 -0.374228 -0.018336 -0.156097 0.042806 -0.248247 0.057127 0.025898 
0.776115 -0.744796 1.702202 -0.063915 -0.337002 0.130604 -0.177220 -0.005037 -0.296114 -0.069918 -0.116201 0.048470 -0.256377 0.068725 0.042133 
0.899388 -0.921111 1.784061 -0.160895 -0.308208 0.255674 -0.258942 0.075123 -0.389151 -0.011087 -0.170749 0.039919 -0.302149 0.078631 0.030041 
0.815711 -0.837640 1.849290 -0.197819 -0.320067 0.239245 -0.233058 0.055141 -0.373037 0.012831 -0.160215 0.026926 -0.261997 0.081525 0.032003 
0.897475 -0.942131 1.831409 -0.263602 -0.312530 0.315523 -0.266071 0.043874 -0.380565 -0.002731 -0.172909 0.028834 -0.312269 0.127440 0.009097 
0.692392 -0.823412 1.840847 -0.247873 -0.285412 0.248873 -0.227411 -0.008532 -0.328582 -0.031168 -0.143950 -0.003127 -0.275300 0.130876 -0.010554 
0.691592 -0.766465 1.870866 -0.244199 -0.324353 0.264987 -0.197404 -0.024885 -0.364086 0.032944 -0.163570 -0.041899 -0.244248 0.164923 -0.060640 
0.760518 -0.768444 1.851184 -0.243399 -0.322965 0.307386 -0.242965 0.005750 -0.337793 -0.009566 -0.174612 0.020891 -0.305373 0.145410 -0.017394 
0.736504 -0.625768 1.776855 -0.211697 -0.320318 0.277612 -0.222023 0.005779 -0.361304 0.019085 -0.133013 -0.071139 -0.222391 0.157831 -0.082293 
0.736931 -0.537987 1.770305 -0.162634 -0.317373 0.254230 -0.222532 0.017717 -0.374827 0.027713 -0.150854 -0.054889 -0.232747 0.150985 -0.077350 
0.645696 -0.416706 1.802354 -0.216160 -0.283347 0.281519 -0.277812 0.063479 -0.411320 0.019649 -0.134874 -0.104491 -0.209992 0.138664 -0.094066 
0.494835 -0.287221 1.789474 -0.264161 -0.228637 0.248769 -0.261674 0.055109 -0.406946 0.024325 -0.163715 -0.059165 -0.252607 0.149332 -0.077422 
0.407363 -0.206486 1.726014 -0.106442 -0.279712 0.229462 -0.252173 0.016119 -0.366786 -0.020432 -0.194983 0.003751 -0.300602 0.139769 -0.053875 
0.198943 -0.124166 1.700837 -0.111004 -0.282136 0.198358 -0.228197 0.043099 -0.499016 0.060460 -0.160076 -0.162867 -0.177896 0.122514 -0.084512 
0.268746 -0.156207 1.592752 -0.041685 -0.271365 0.267902 -0.227173 0.084371 -0.384222 0.010363 -0.094143 -0.142989 -0.162032 0.084868 -0.086692 
-0.052856 0.029134 1.338373 -0.002724 -0.290665 0.169740 -0.209293 -0.025874 -0.458510 -0.018289 -0.136559 -0.196153 -0.167145 0.082697 -0.061453 
-0.004410 0.052137 0.566127 0.382462 -0.327429 0.291975 -0.149947 -0.299766 -0.230055 -0.126565 -0.004010 -0.215242 -0.204339 0.133897 -0.116381 
-0.048240 -0.106147 0.336174 0.211530 -0.231970 0.197606 -0.243656 -0.083747 -0.109467 0.046304 -0.054232 -0.019213 -0.038211 0.061488 -0.038449 
