city021_060
BUNKYOO
72
0.618909 0.106596 0.065414 0.210013 -0.127169 0.197504 -0.046058 -0.212895 -0.145444 0.061768 -0.009301 -0.083758 -0.004838 0.039395 -0.076922 
1.079395 0.486788 0.364065 0.350574 -0.059848 0.190953 -0.036663 -0.149173 0.067854 0.092222 -0.165108 0.004655 0.059535 -0.063360 0.013436 
1.574053 0.510769 0.256777 0.233875 -0.072727 0.076227 -0.064837 0.164737 -0.037820 -0.012285 0.049604 -0.084481 -0.011734 0.027384 -0.029508 
1.629876 0.341057 0.367587 0.255351 0.088463 0.257837 -0.152553 0.103206 -0.144302 0.061177 0.085058 -0.243286 0.046027 0.055892 -0.130182 
1.756554 0.199847 0.393846 0.229455 0.158485 0.112959 -0.136916 0.116971 -0.231838 0.084022 0.086343 -0.277498 -0.016959 0.133949 -0.167350 
2.063832 -0.038114 0.341700 0.159552 0.058759 0.292218 -0.171744 -0.061303 -0.121541 0.117831 0.028083 -0.195097 -0.070403 0.120540 -0.126908 
2.029045 -0.191548 0.567197 -0.072642 0.041246 0.081603 -0.232418 0.071336 -0.169974 0.235610 -0.037464 -0.175172 0.011939 0.155991 -0.149565 
1.929597 -0.539430 0.564269 -0.139640 0.120154 0.126659 -0.285436 0.015324 -0.504893 0.025054 -0.023332 -0.116530 -0.137198 0.097617 -0.089696 
1.773342 -0.408110 0.687594 -0.224412 0.239557 0.022439 -0.541556 -0.060755 -0.405215 0.233213 -0.031617 -0.242298 -0.055591 0.239543 -0.046279 
1.883935 -0.495067 0.686106 -0.154286 0.221324 -0.007340 -0.459885 -0.038087 -0.467300 0.216358 -0.032833 -0.250478 -0.118389 0.263361 -0.047596 
1.833544 -0.545766 0.643575 -0.084031 0.112153 -0.062009 -0.429175 0.004284 -0.483951 0.177386 -0.036211 -0.194247 -0.052525 0.188924 0.007136 
1.867874 -0.529998 0.607001 -0.113287 0.191629 -0.075462 -0.483481 0.023470 -0.448074 0.135360 -0.001891 -0.293074 -0.075014 0.286364 -0.082562 
1.795377 -0.570566 0.602422 -0.070289 0.214680 -0.097211 -0.463894 0.004828 -0.461406 0.160435 -0.005852 -0.299914 -0.073309 0.263026 -0.035190 
1.797969 -0.596735 0.638182 -0.012802 0.223728 -0.085785 -0.478793 -0.029786 -0.451613 0.208451 -0.059432 -0.259040 -0.139782 0.290262 0.029638 
1.717736 -0.634342 0.648635 0.057443 0.204556 -0.130075 -0.419344 -0.004024 -0.456831 0.211368 -0.109060 -0.247432 -0.116507 0.260534 0.022035 
1.673043 -0.619574 0.734688 0.025823 0.182109 -0.209079 -0.379814 0.081296 -0.497961 0.245494 -0.139741 -0.228507 -0.017865 0.214457 -0.004530 
1.658814 -0.673493 0.766818 0.101647 0.124210 -0.249572 -0.350108 0.166520 -0.507331 0.207952 -0.169105 -0.226282 0.059783 0.152609 -0.060647 
1.698220 -0.605110 0.825517 0.245297 0.007817 -0.206582 -0.257421 0.195251 -0.487779 0.116096 -0.169657 -0.174957 0.006171 0.101321 -0.107507 
1.567286 -0.433701 0.758890 0.380702 -0.096888 -0.214909 -0.127352 0.197012 -0.495446 0.005114 -0.101674 -0.167966 -0.076844 0.068926 -0.084797 
1.511758 -0.274909 0.896424 0.332608 -0.308049 -0.136516 0.042342 0.112303 -0.526227 0.023917 -0.093449 -0.156123 -0.179461 0.049577 -0.014244 
1.552335 -0.213244 0.925337 0.380446 -0.478272 -0.023085 0.019277 0.030870 -0.413931 -0.081666 -0.029262 -0.211018 -0.181125 0.051489 -0.026871 
1.613884 -0.197135 0.938066 0.329728 -0.545675 0.162689 -0.027599 -0.065350 -0.315474 -0.126694 -0.020664 -0.235158 -0.185103 0.099877 -0.081048 
1.719570 -0.252510 1.005528 0.223810 -0.531170 0.253315 -0.105265 -0.041913 -0.301420 -0.131950 -0.024942 -0.245235 -0.174738 0.121371 -0.125415 
1.760301 -0.198978 0.924926 0.243672 -0.485380 0.268043 -0.146407 -0.019668 -0.265311 -0.219928 0.056364 -0.284760 -0.176606 0.134954 -0.160488 
1.621405 -0.117224 0.889691 0.224319 -0.491046 0.206749 -0.072555 0.011408 -0.306019 -0.171835 0.020608 -0.286331 -0.169016 0.100604 -0.131680 
1.698556 -0.090572 0.825678 0.250993 -0.561997 0.220338 -0.056206 0.027234 -0.290058 -0.166518 0.022216 -0.318916 -0.140414 0.076831 -0.129018 
1.670342 0.016764 0.759241 0.250154 -0.512354 0.178598 -0.057071 0.009210 -0.281513 -0.200316 0.061832 -0.316284 -0.149359 0.097916 -0.132646 
1.642790 0.152227 0.655199 0.269801 -0.540833 0.102982 -0.055459 0.007473 -0.270302 -0.191542 0.040299 -0.275346 -0.178264 0.099066 -0.100177 
1.447976 0.423084 0.680357 0.293148 -0.511459 -0.071539 -0.162671 -0.062681 -0.282205 -0.198349 0.024449 -0.167407 -0.152236 0.101022 -0.068680 
1.080795 0.685274 0.738265 0.333035 -0.329837 -0.037688 -0.163662 -0.153606 -0.248011 -0.190636 -0.054466 -0.136899 -0.092947 0.060962 -0.031670 
0.769639 0.551922 0.679286 0.337250 -0.219198 -0.098521 -0.117333 -0.084218 -0.262547 -0.159918 -0.090447 -0.107255 -0.102103 0.010082 -0.040109 
0.536229 0.446890 0.379618 0.156135 -0.017794 0.200387 -0.173737 -0.097032 -0.198774 -0.198886 -0.032732 -0.156536 -0.119287 -0.020393 -0.075209 
0.345541 0.257443 0.358581 0.210020 -0.064429 0.234083 -0.095653 -0.223820 -0.152895 -0.086239 -0.073667 -0.082441 -0.106629 -0.031422 -0.021767 
0.461195 0.316590 0.301735 0.438306 -0.026541 -0.027049 -0.071914 -0.021998 -0.150672 -0.101036 -0.106584 -0.075648 -0.028597 -0.080227 -0.043319 
0.300297 0.194347 0.266906 0.249791 0.077104 0.039847 -0.198119 -0.011515 -0.127831 -0.143398 -0.039741 -0.022811 -0.092508 -0.035165 0.006119 
0.140711 0.134717 0.311123 0.120832 -0.096293 0.092037 -0.169864 -0.044368 -0.070903 0.023812 -0.068438 -0.047515 0.082232 -0.062309 0.018191 
-0.700958 -0.128939 1.050975 -0.319305 0.012749 0.136143 -0.396192 -0.063015 0.005875 -0.058819 -0.183276 0.125019 -0.102852 0.067400 -0.005058 
-0.177046 -0.773850 0.471853 -0.161071 -0.186231 0.187614 -0.278996 -0.009699 -0.036305 0.130762 -0.029980 0.013871 -0.018864 0.016397 0.046672 
0.265276 -1.311356 0.758072 -0.615685 -0.072749 0.013901 -0.236529 0.050481 -0.036273 0.286847 -0.131293 0.119242 -0.059243 -0.003589 0.012771 
-0.141251 -1.225710 0.789860 -0.515046 -0.147222 0.112215 -0.168965 0.014269 0.036310 0.206658 -0.211336 0.152358 -0.086570 0.022378 -0.006729 
0.098499 -0.966357 1.075444 -0.314150 -0.259436 0.095745 -0.055364 0.045209 -0.169692 0.196731 -0.159249 0.122718 -0.071986 0.058887 -0.047069 
0.796863 -0.725794 1.400616 0.241106 -0.301793 0.006210 -0.114874 0.093987 -0.371679 -0.058725 -0.117361 -0.006831 -0.190058 0.006922 -0.036976 
1.087545 -1.031377 1.234978 0.190714 -0.105714 -0.162932 -0.149724 0.179018 -0.378763 -0.167954 0.066700 -0.084460 -0.194010 0.097898 -0.048104 
1.153314 -0.987221 1.219562 0.103833 -0.127084 -0.293920 -0.231109 0.110529 -0.219768 -0.290905 0.108882 -0.019392 -0.135313 0.178973 -0.101354 
1.399837 -1.051881 1.052890 -0.103276 -0.117981 -0.140762 -0.355083 0.022943 -0.303715 -0.132063 0.042491 -0.032487 -0.093690 0.198263 -0.034215 
1.588033 -1.035586 0.811921 -0.221295 0.022219 -0.104184 -0.364507 -0.085050 -0.385579 0.036496 0.064158 -0.031829 -0.113631 0.188796 0.092230 
1.544125 -0.897211 0.748826 -0.288925 0.138105 -0.113008 -0.437533 -0.055153 -0.446275 0.095835 0.142975 -0.062240 -0.176056 0.217597 0.179148 
1.713449 -0.931289 0.642929 -0.443425 0.078335 -0.014560 -0.365146 -0.014626 -0.529621 0.097177 0.167299 0.042760 -0.154045 0.190691 0.068625 
1.958225 -0.931303 0.606062 -0.495046 -0.050393 -0.022099 -0.425199 0.164742 -0.507242 0.086449 0.122661 0.032171 -0.043385 0.219114 0.016951 
1.996963 -0.932998 0.499854 -0.558631 -0.104394 -0.050948 -0.346666 0.196052 -0.475997 -0.000131 0.082351 0.090537 -0.017826 0.280578 -0.014542 
2.040673 -0.933594 0.436671 -0.492978 -0.221856 -0.083421 -0.323536 0.167155 -0.343655 -0.017032 0.055026 0.088907 -0.011139 0.318834 -0.020447 
1.917038 -0.799993 0.355779 -0.421685 -0.310494 -0.146513 -0.231442 0.095973 -0.236862 -0.057791 0.073359 0.106671 0.003967 0.288100 -0.025776 
1.979430 -0.959508 0.447555 -0.551425 -0.288431 -0.138949 -0.302090 0.201487 -0.275202 -0.028556 -0.023310 0.118535 0.044955 0.350853 -0.061706 
1.883540 -0.898703 0.331955 -0.423185 -0.275103 -0.207283 -0.222826 0.122569 -0.227757 -0.062611 0.034143 0.119269 0.053102 0.305803 -0.064406 
1.990047 -1.025911 0.400528 -0.471521 -0.218214 -0.177536 -0.343018 0.202060 -0.267481 -0.002283 0.002224 0.108315 0.084934 0.288628 -0.074464 
2.085974 -1.005007 0.388322 -0.426401 -0.226425 -0.129392 -0.424928 0.202242 -0.215932 -0.016594 0.011841 0.087725 0.103343 0.238745 -0.085455 
2.039408 -0.974390 0.379386 -0.493448 -0.160916 -0.148710 -0.424540 0.199528 -0.233254 0.022252 -0.048931 0.116310 0.108851 0.239603 -0.059444 
1.965478 -0.877644 0.333411 -0.466014 -0.186778 -0.095423 -0.429802 0.156147 -0.185835 -0.036006 -0.010450 0.115738 0.127042 0.197207 -0.063475 
2.050076 -0.937095 0.358837 -0.537998 -0.213953 -0.085016 -0.405142 0.221384 -0.234590 -0.023487 -0.084605 0.118939 0.147707 0.226907 -0.049157 
1.981774 -0.826834 0.263290 -0.524122 -0.261439 -0.105997 -0.296257 0.199195 -0.209028 -0.082127 -0.094565 0.083926 0.176021 0.252393 -0.056897 
2.062381 -0.832496 0.252209 -0.492501 -0.365521 -0.085237 -0.247936 0.206498 -0.228807 -0.064482 -0.164621 0.080365 0.165182 0.294398 -0.031803 
2.047365 -0.786743 0.294736 -0.519312 -0.457028 -0.006595 -0.277907 0.240730 -0.241643 -0.096847 -0.140237 -0.013605 0.195166 0.299125 -0.004482 
1.948532 -0.198641 0.281251 -0.782974 -0.433981 0.020221 -0.077289 0.137682 -0.343968 0.021733 -0.137952 -0.059773 0.097141 0.335155 0.066457 
1.963835 0.049072 0.243379 -0.788565 -0.553709 0.146697 -0.109546 0.111845 -0.305031 -0.041224 -0.056223 -0.093842 0.170631 0.363293 -0.004228 
1.893428 0.086462 0.164404 -0.767994 -0.516657 0.158174 -0.081182 0.107556 -0.324323 -0.050208 -0.023738 -0.109621 0.209645 0.355736 -0.036588 
1.810786 0.215119 0.159855 -0.749176 -0.506440 0.159038 -0.106252 0.040471 -0.340742 -0.019772 -0.021596 -0.065258 0.265748 0.319101 -0.063553 
1.676864 -0.028486 0.119078 -0.671602 -0.492738 0.150958 -0.116247 0.014318 -0.258210 -0.059520 -0.099909 -0.089905 0.249512 0.265082 -0.013537 
1.454097 0.413558 -0.138297 -0.683250 -0.618326 0.051798 -0.034961 0.083835 -0.275956 -0.038989 0.063283 -0.086105 0.300488 0.370521 -0.008833 
0.834721 0.289809 -0.210419 -0.538618 -0.567768 -0.017446 -0.027073 0.032469 -0.156341 -0.180876 0.041179 0.091780 0.184229 0.323926 0.109418 
1.078300 0.302289 0.031440 -0.888691 -0.247687 0.058156 0.021931 0.074276 -0.318221 0.142382 -0.133123 0.052568 0.244755 0.140653 -0.049000 
1.308859 0.310786 -0.258080 -0.637459 -0.445361 -0.020393 0.035503 0.013071 -0.389628 0.071615 -0.037576 -0.072805 0.437526 0.230397 0.033203 
0.754648 0.181938 -0.329422 -0.350560 -0.489939 -0.098891 0.087728 -0.009268 -0.270813 -0.111114 0.032988 0.072567 0.323674 0.180380 0.070385 
