city021_061
BEPPU
65
0.022635 0.120026 0.167826 0.117265 -0.099123 0.147138 0.063947 -0.024658 -0.056867 -0.001639 -0.022934 0.041888 0.011524 -0.045463 0.015835 
0.859104 0.592027 0.572403 0.471569 -0.057778 -0.092435 -0.075044 0.033354 -0.190857 -0.091227 -0.168662 -0.102559 0.009606 -0.132178 -0.083923 
1.081843 0.547638 0.594948 0.309231 -0.278717 0.014138 -0.000069 -0.097064 -0.213892 -0.088802 -0.175089 -0.174557 -0.088990 -0.067121 -0.098064 
0.905201 0.620655 0.414802 0.266359 -0.047811 -0.050713 -0.143347 -0.145742 -0.190975 -0.078395 -0.199748 -0.155632 -0.000756 -0.064727 -0.057560 
0.659167 0.401333 0.422125 0.422377 0.104613 0.081194 -0.162284 -0.009858 -0.128929 -0.110789 -0.143613 -0.171758 -0.046344 -0.116915 -0.053458 
0.600730 0.310561 0.513173 0.481646 0.088939 0.064784 -0.072295 0.080958 -0.223253 -0.094012 -0.027324 -0.245151 -0.048869 -0.083494 -0.087897 
0.704709 0.222856 0.424796 0.418486 0.148061 0.227835 -0.142188 -0.086451 -0.023154 -0.110864 -0.092376 -0.145783 -0.118780 -0.035419 -0.117427 
1.090023 -0.415951 0.584394 0.309664 -0.079863 0.014079 -0.244679 0.055591 -0.170204 -0.098152 -0.074694 -0.095641 -0.017143 0.031957 -0.103504 
1.506526 -0.851322 1.068455 0.111933 -0.148587 -0.119629 -0.519311 0.170718 -0.234113 -0.136118 -0.098987 -0.059915 0.034378 0.201328 -0.211785 
1.454202 -1.131662 0.950580 -0.125116 -0.143094 -0.171620 -0.367913 0.068126 -0.300416 -0.047244 -0.084761 0.034168 0.056817 0.130312 -0.102007 
1.393043 -1.119656 1.027838 -0.137362 -0.163639 -0.222952 -0.354956 0.116896 -0.266987 0.004813 -0.107980 0.073266 0.088763 0.075416 -0.074870 
1.401732 -1.114581 1.057473 -0.201802 -0.164787 -0.252756 -0.314815 0.130422 -0.294819 -0.009752 -0.074011 0.101722 0.050111 0.074868 -0.038892 
1.431668 -1.112310 0.984086 -0.209765 -0.175525 -0.214078 -0.323815 0.136104 -0.285169 -0.057993 -0.021920 0.070378 0.045877 0.109460 -0.083937 
1.411525 -1.117173 0.965180 -0.196871 -0.162158 -0.249348 -0.330688 0.106923 -0.258587 -0.011514 -0.035445 0.059693 0.066466 0.147002 -0.104586 
1.429435 -1.084773 0.974140 -0.208147 -0.180064 -0.213541 -0.372563 0.098726 -0.219221 -0.024001 -0.045308 0.051268 0.095834 0.141675 -0.137463 
1.579073 -1.146596 1.027397 -0.120127 -0.187103 -0.152923 -0.474801 0.198285 -0.261707 0.000158 -0.092101 0.044208 0.075892 0.152114 -0.127406 
1.618590 -1.144324 0.888735 0.009295 -0.211077 -0.193791 -0.468392 0.216904 -0.191676 0.053669 -0.057633 0.040332 0.048157 0.220208 -0.132091 
1.496041 -0.595769 0.732225 0.449376 0.097843 -0.025739 -0.266337 0.267630 -0.164865 -0.044332 -0.058291 -0.198757 0.020620 0.150029 -0.276763 
1.188667 0.114670 0.466150 0.657062 -0.008337 -0.036220 -0.040185 0.151295 -0.009975 -0.059445 -0.012417 -0.072786 0.014244 0.089610 -0.145846 
0.653788 0.114839 0.528211 0.612114 -0.042090 -0.046533 -0.095835 0.165335 -0.062815 -0.171097 -0.020997 -0.013889 -0.041488 -0.040830 -0.035276 
0.537495 -0.202187 0.330090 0.383951 -0.221091 0.159812 -0.063275 -0.065675 -0.122781 0.013904 0.047832 -0.133068 0.004740 0.053584 -0.032846 
0.334379 -0.159581 0.276204 0.457840 -0.215977 -0.188489 -0.225659 -0.088228 -0.128503 -0.010325 -0.047841 -0.168193 0.109333 0.170513 -0.143077 
0.219384 -0.167784 0.311916 0.397352 -0.297169 -0.050471 -0.091909 -0.087127 -0.132051 -0.014195 -0.013382 -0.083622 0.074632 -0.008229 -0.015258 
0.143967 -0.119252 0.232018 0.179315 -0.294518 -0.020621 -0.096473 0.029537 -0.114969 -0.002090 0.051679 -0.030167 0.010228 0.038476 -0.004922 
0.187734 -0.173388 0.071521 0.148924 -0.280104 0.082258 -0.042998 -0.182012 -0.155440 0.080973 0.085919 -0.086140 0.009188 0.104999 -0.080992 
0.071265 -0.175962 0.066023 0.183702 -0.387595 -0.299508 -0.074373 0.006647 -0.046256 0.118432 0.034453 -0.036011 0.181971 0.027898 -0.172213 
0.066791 -0.069891 0.221894 0.213335 -0.323479 -0.250068 -0.190951 -0.071015 0.018856 0.034477 -0.089059 0.067500 0.182368 0.007324 -0.121701 
0.044678 -0.118102 0.068360 0.221109 -0.272633 -0.331531 -0.321104 -0.052717 0.069343 -0.001301 0.010945 0.062576 0.125618 0.186895 -0.140392 
0.069075 -0.170866 -0.024507 0.268360 -0.317327 -0.251568 -0.097238 -0.141721 -0.069102 0.020487 0.077159 0.011904 0.086879 0.067759 -0.049816 
-0.044608 -0.102332 -0.114890 0.176516 -0.072079 -0.119429 -0.085603 0.054375 0.012438 -0.019426 0.038092 -0.020429 -0.038997 0.124393 -0.110212 
0.142031 -0.052164 -0.130858 0.063410 -0.144138 -0.070166 -0.117310 0.004871 0.025202 -0.041942 0.035000 0.025345 0.001365 0.044105 -0.043296 
-0.033454 -0.010434 0.094123 0.136331 0.089415 0.016703 -0.200574 -0.037545 0.013943 0.066421 -0.086963 -0.047947 0.074299 0.007852 -0.030405 
-0.107729 -0.183237 0.025451 0.063218 -0.223475 -0.096307 -0.148674 -0.013330 -0.002305 0.020023 0.045466 0.031702 -0.018488 0.076543 -0.047176 
-0.028174 -0.083899 0.113538 0.232756 -0.298354 -0.091594 -0.119686 0.061448 -0.101174 0.048151 -0.002422 -0.011312 0.091663 -0.068634 0.071153 
-0.146992 -0.263251 -0.137376 0.093710 -0.218597 -0.043176 -0.017693 0.128659 -0.054518 -0.054744 0.050003 0.047600 -0.039251 -0.015130 0.017314 
-0.135233 -0.286326 -0.051714 0.067766 -0.174890 0.037923 -0.026153 -0.050251 0.017507 0.035642 -0.021876 0.037437 -0.045186 0.047467 -0.022180 
-0.189118 0.008572 0.151648 0.280096 -0.042522 0.047764 -0.195675 -0.202173 -0.120553 -0.018920 0.067736 -0.067027 -0.147654 0.057318 0.142770 
-0.231069 -0.292599 -0.043276 0.135025 -0.142447 -0.032423 -0.133917 0.005581 0.059395 0.099043 -0.084247 -0.066018 0.112966 0.020185 -0.094709 
-0.168461 -0.176066 0.022372 0.014910 -0.263464 0.006922 -0.252222 -0.059687 0.082186 0.095849 0.004849 -0.061997 0.125302 0.017742 -0.058958 
0.008299 -0.086009 -0.175745 0.079935 0.034644 -0.013982 -0.098265 0.068969 0.041197 0.028592 -0.105291 0.021001 0.065695 -0.022038 -0.024516 
-0.126715 -0.112019 0.031686 0.138450 -0.030052 0.033360 -0.164919 -0.008886 0.027171 0.033364 -0.068946 0.002637 0.052018 -0.005263 -0.019547 
-0.033270 -0.238025 -0.032976 0.156822 -0.070321 0.162122 -0.072785 -0.116528 0.060471 0.006260 -0.027511 0.052455 -0.052345 0.033720 -0.002110 
0.048025 -0.027441 0.013031 0.151749 -0.121840 0.064199 -0.134085 -0.125941 -0.112937 -0.012419 0.103987 -0.027396 -0.081768 0.089178 0.013334 
0.345282 0.071930 0.083682 -0.025351 -0.177518 -0.014638 -0.109602 0.001370 -0.092296 0.007740 -0.029228 0.020522 0.071713 -0.052474 0.036375 
1.150743 -0.260157 0.285649 -0.037582 -0.125852 0.128959 -0.116735 0.158152 -0.170857 -0.068901 -0.083328 -0.013701 0.085351 -0.038593 -0.047434 
1.249640 -0.440896 0.546344 0.051226 0.066534 -0.015502 -0.158581 0.049737 -0.228501 0.076793 -0.030680 -0.037295 -0.100501 0.160217 -0.143155 
1.790928 -0.642257 0.622703 -0.273988 0.141929 0.058976 -0.221702 0.091181 -0.275110 0.171122 -0.085208 -0.066315 -0.064094 0.135380 -0.042606 
1.716958 -0.895549 0.790142 -0.239953 0.043771 0.028602 -0.344896 -0.024713 -0.376737 0.122630 -0.131973 -0.086874 -0.012587 0.134508 -0.049081 
1.757998 -0.889516 0.835983 -0.326388 0.034528 0.010687 -0.418950 -0.006024 -0.379519 0.161802 -0.095740 -0.096537 0.027371 0.136389 -0.015680 
1.759543 -0.913454 0.892178 -0.319393 -0.002505 -0.000159 -0.377549 0.078885 -0.429178 0.145175 -0.074561 -0.122388 0.048091 0.121252 -0.034618 
1.712673 -0.883064 0.890252 -0.330515 0.030670 -0.045753 -0.363797 0.045611 -0.375277 0.147738 -0.092844 -0.103733 0.035341 0.144879 -0.049461 
1.657760 -0.829539 0.896537 -0.220976 0.024103 -0.065326 -0.394095 0.018542 -0.344655 0.135634 -0.093521 -0.154627 0.048400 0.179500 -0.093818 
1.664809 -0.780997 0.918987 -0.188948 0.080346 -0.060364 -0.493564 0.018212 -0.308398 0.163024 -0.111679 -0.196778 0.050451 0.238753 -0.111247 
1.812330 -0.831730 0.921813 -0.132919 0.093131 0.011331 -0.620510 0.049601 -0.316726 0.167864 -0.113153 -0.253803 0.028195 0.293025 -0.095825 
1.838990 -0.809097 0.830028 -0.003831 -0.020697 0.141886 -0.645029 -0.046966 -0.246081 0.104516 -0.058723 -0.303670 -0.007558 0.323727 -0.102643 
1.786835 -0.706435 0.876725 -0.078292 0.091069 0.060659 -0.603499 -0.039343 -0.337716 0.243529 -0.129715 -0.314665 0.045138 0.274710 -0.074440 
1.730513 -0.601036 0.775499 -0.000812 0.029878 -0.029783 -0.552686 -0.003780 -0.338401 0.172073 -0.155157 -0.305974 0.104775 0.244181 -0.154562 
1.732953 -0.513671 0.781954 0.018267 -0.044508 -0.043453 -0.568185 0.055771 -0.338951 0.094375 -0.155979 -0.260802 0.131897 0.196699 -0.183743 
1.650955 -0.475999 0.693747 0.027522 -0.071669 -0.012717 -0.585176 -0.027463 -0.242791 0.067650 -0.192592 -0.238244 0.142574 0.204587 -0.210728 
1.579624 -0.443398 0.643862 0.045408 -0.022767 0.035284 -0.607372 -0.084533 -0.266617 0.101982 -0.128161 -0.350327 0.141830 0.239299 -0.196155 
1.516028 -0.456031 0.666674 -0.041256 0.040799 0.063517 -0.600375 -0.085298 -0.354429 0.149740 -0.122337 -0.363036 0.115862 0.210367 -0.167215 
1.499992 -0.094715 0.459043 0.064980 0.098916 0.013247 -0.552939 -0.100565 -0.300272 0.108807 -0.083790 -0.397722 0.147248 0.130967 -0.100373 
1.350174 0.241438 0.527356 0.175878 0.061894 -0.154714 -0.473373 -0.041197 -0.373348 0.164035 -0.114934 -0.318423 0.265877 0.107809 -0.076590 
0.724724 0.205239 0.246010 0.193770 -0.245773 -0.107643 -0.319953 -0.233032 -0.216841 -0.112321 -0.054101 -0.124503 0.104288 0.118747 -0.066260 
0.222525 0.078985 0.192850 0.231175 -0.048240 -0.062981 -0.415961 -0.306507 -0.061145 -0.084744 -0.092436 -0.094262 -0.046585 0.218244 -0.038654 
