city021_098
HAPPYAKU
72
0.856846 0.003810 0.336221 0.102159 -0.007274 0.055317 -0.338597 0.236233 -0.102696 0.008026 -0.108294 -0.051756 0.167265 -0.109484 -0.040579 
0.144802 -0.920014 0.250632 -0.174953 0.307544 -0.070745 -0.211934 0.314755 -0.221502 0.189696 -0.131739 -0.105152 0.221937 -0.029631 -0.170778 
0.487565 -0.775992 -0.013993 -0.143235 0.259933 -0.060196 -0.174724 0.316144 -0.188761 0.223855 -0.153056 -0.211822 0.248876 0.055540 -0.188201 
0.614617 -0.828766 -0.070227 -0.111111 0.364142 0.154514 -0.315923 0.262565 -0.081367 0.126949 -0.126353 -0.109215 0.132740 0.110900 -0.147446 
0.620078 -0.926009 -0.508056 -0.274234 0.066625 0.068478 -0.150412 0.213059 0.005069 0.190709 -0.219571 -0.091291 0.102097 -0.000568 -0.102282 
0.853106 -0.632423 -0.245273 -0.240827 0.122346 0.333832 -0.185797 -0.018063 -0.104442 0.231296 -0.187444 0.009752 0.115563 -0.072228 -0.009569 
1.833628 -0.761110 -0.043616 -0.368396 -0.026351 0.084977 -0.203936 0.056251 -0.253865 0.329683 0.000488 0.001936 -0.050597 0.012331 -0.005338 
1.920417 -0.841882 0.093553 -0.561809 -0.148545 0.019833 -0.228997 0.091941 -0.239573 0.430592 0.123479 0.068698 -0.146048 -0.018858 -0.001033 
1.698215 -0.904274 0.134893 -0.698361 -0.126298 0.060552 -0.205182 0.085615 -0.148549 0.354378 0.148423 0.075364 -0.160597 -0.080159 -0.033697 
1.633667 -1.007505 0.233033 -0.697744 -0.132399 -0.000171 -0.155901 0.055344 -0.132497 0.299280 0.191706 0.079993 -0.158671 -0.052050 -0.040523 
1.535153 -1.019427 0.252502 -0.751828 -0.095383 -0.054871 -0.189817 0.074767 -0.145443 0.310541 0.181716 0.109714 -0.107423 -0.069605 -0.033509 
1.554077 -1.061428 0.266886 -0.601860 -0.141250 -0.051009 -0.251335 -0.012703 -0.089432 0.300048 0.195861 0.124792 -0.133263 0.000365 -0.011095 
1.677992 -1.005726 0.357055 -0.572516 -0.106264 -0.094315 -0.289411 -0.032037 -0.135566 0.258488 0.153137 0.151826 -0.070542 0.055626 0.009156 
1.925177 -0.920119 0.318978 -0.310242 -0.038544 -0.037285 -0.453655 -0.023439 -0.328650 0.153964 0.159887 0.102776 -0.054859 0.113642 0.056809 
2.041553 -0.408597 0.156120 -0.090063 -0.043384 0.061630 -0.342244 0.080208 -0.240245 0.153245 0.200326 0.027371 -0.112659 0.097544 -0.019956 
1.210754 0.265864 0.032326 0.265472 0.062741 0.251124 0.013092 0.124405 -0.042756 0.139110 0.098049 0.004783 0.003197 0.098808 -0.031041 
0.755882 0.031869 -0.170439 0.124924 -0.090897 0.081034 -0.199997 0.002364 -0.258666 0.131652 0.173257 -0.151230 -0.001853 0.066497 -0.003540 
0.676240 0.092170 -0.314584 -0.056922 -0.124425 0.032051 -0.210135 0.015723 0.005544 0.103604 0.016428 -0.029380 0.015652 0.030430 -0.040946 
0.222094 -0.314725 -0.281807 -0.115764 -0.333049 -0.096471 -0.302373 -0.009051 0.093862 0.312919 0.076514 0.037017 0.024498 -0.033971 -0.045459 
0.420877 -0.187674 -0.405604 -0.110812 -0.231042 0.002268 -0.275807 -0.098155 -0.012246 0.264422 0.166236 -0.032910 0.000118 0.043106 -0.059002 
0.254818 -0.360897 -0.355737 0.046248 -0.265629 0.028148 -0.196856 -0.177188 -0.106442 0.144866 0.223765 0.101556 -0.077481 -0.029964 0.020188 
0.232750 -0.077733 -0.167041 0.275628 0.020299 -0.034931 -0.218799 -0.214608 -0.260403 -0.003074 0.117869 0.014504 -0.113037 -0.027899 0.055720 
0.160268 -0.140779 -0.043910 0.021568 -0.209540 0.064910 -0.224071 -0.279073 -0.216274 0.075042 0.165625 0.052220 -0.053597 0.061571 0.028804 
0.120311 -0.111426 -0.136087 0.225843 -0.168041 -0.026076 -0.251032 -0.165031 -0.178440 0.068765 0.103679 -0.028667 0.001874 0.058008 0.012857 
0.300237 -0.020582 -0.159200 0.084544 -0.206389 -0.157105 -0.231529 0.040595 -0.222544 0.142556 0.017833 0.049127 0.100369 -0.043379 0.067727 
0.155692 0.031303 -0.106767 0.035264 -0.195521 0.000383 -0.310716 -0.248667 -0.083268 0.109387 0.057247 0.042149 0.001668 0.120075 0.023751 
0.060389 0.055433 -0.054856 0.001266 -0.286425 -0.037805 -0.405769 -0.078758 -0.007843 -0.004729 0.101684 0.100264 0.026300 0.094296 0.040172 
0.056312 -0.071350 -0.163939 -0.064381 -0.227707 -0.063227 -0.363959 -0.133685 -0.070044 0.070971 0.184583 0.136139 -0.013614 0.065248 0.070135 
0.051603 -0.117446 -0.086460 0.039235 -0.373142 -0.024214 -0.247152 -0.167772 -0.120354 0.074549 0.170093 0.096531 -0.005722 0.077446 0.055702 
0.201917 0.041742 0.026647 0.001253 -0.479748 -0.070823 -0.091925 -0.126577 -0.152572 0.030605 0.071036 0.111273 0.044472 0.046504 0.050192 
0.011960 -0.100791 -0.187333 0.024610 -0.250977 -0.075713 -0.174209 -0.083865 0.023579 0.046294 -0.022535 0.166449 0.034011 -0.063163 0.026000 
0.759940 -0.494427 0.367454 0.271244 -0.057340 0.204387 -0.225949 0.143784 -0.109311 -0.046095 0.049017 -0.058059 0.029842 -0.010463 -0.057750 
0.675847 -0.715427 1.168922 -0.131810 -0.223651 0.363013 -0.075063 0.005559 -0.175808 0.145503 -0.128184 0.035567 -0.048650 0.056655 -0.089366 
0.630248 -0.598937 1.381864 -0.170577 -0.237459 0.180108 -0.387123 0.083526 -0.181976 -0.165502 -0.074456 0.059170 -0.135000 0.049142 -0.064260 
1.136205 -0.800857 1.485860 -0.180267 -0.137196 0.132165 -0.617526 0.272638 -0.264519 -0.247138 -0.175557 0.152130 -0.128719 -0.104689 0.082328 
1.184765 -1.015232 1.393018 -0.176759 -0.315019 0.017526 -0.554463 0.109335 -0.196388 -0.181238 -0.142285 0.211841 -0.018201 -0.036153 0.105747 
1.173094 -1.065521 1.132870 -0.334126 -0.125992 -0.216398 -0.351894 -0.018230 -0.228615 -0.099081 -0.137545 0.231283 0.045392 -0.027141 0.097051 
1.243426 -1.162220 0.887128 -0.239678 -0.070505 -0.309425 -0.259132 -0.123925 -0.200662 -0.042558 -0.010589 0.118189 0.054203 0.101942 0.035961 
1.184361 -1.154759 1.003431 -0.087468 -0.166832 -0.428285 -0.266089 0.024362 -0.049611 -0.103760 0.038248 0.114981 0.050397 0.190170 -0.093719 
1.346090 -1.238757 0.846766 -0.068755 -0.144049 -0.404462 -0.371515 0.208991 -0.114058 -0.062907 0.032666 0.168616 -0.029946 0.219582 -0.104732 
1.480501 -1.208028 0.761709 -0.092976 -0.045511 -0.425007 -0.376531 0.201538 -0.212099 0.018976 -0.010368 0.133881 -0.004438 0.184686 -0.025731 
1.560400 -1.058848 0.607131 0.022274 0.061838 -0.382223 -0.424248 0.133152 -0.297574 0.090267 -0.072507 0.032457 -0.039682 0.247726 0.026681 
1.744277 -0.806949 0.377918 0.169156 0.179188 -0.295323 -0.405441 0.081891 -0.409426 0.170594 -0.134205 -0.067279 -0.125349 0.221803 0.106933 
1.692591 -0.567141 0.268938 0.096668 0.303711 -0.157952 -0.308904 -0.037123 -0.462638 0.174578 -0.107173 0.013990 -0.312592 0.153538 0.124030 
1.220916 -0.296370 0.095638 0.413606 0.113055 0.046936 -0.064932 -0.135739 -0.318625 0.124587 -0.090810 -0.115324 -0.103514 0.024397 -0.042119 
0.849864 0.095004 0.391311 0.508871 -0.206338 -0.015584 -0.226763 -0.096431 -0.234084 -0.079992 -0.109662 -0.188228 -0.037852 0.059453 -0.043142 
0.591218 -0.052736 0.384295 0.427978 -0.157128 0.039068 -0.260477 -0.184516 -0.123965 -0.041461 -0.182518 -0.102389 -0.040304 0.046640 -0.032815 
0.336368 -0.101761 0.455367 0.584609 -0.266295 -0.028170 -0.277014 -0.101792 -0.046936 -0.194908 -0.165575 -0.057995 0.003224 0.015092 -0.086285 
0.144435 -0.178368 0.373668 0.587730 -0.191731 -0.082317 -0.155423 -0.046710 -0.096506 -0.168640 -0.000437 -0.039469 -0.174248 0.159462 -0.065081 
0.505929 -0.316133 -0.020788 0.369006 -0.142687 -0.074915 0.037759 0.046976 -0.238803 0.086958 0.028488 -0.043211 -0.002356 0.043098 -0.059800 
1.058648 -1.030734 -0.410674 -0.475657 0.254343 0.104684 -0.022684 0.068926 -0.259758 0.254783 -0.140606 0.193411 -0.132615 0.006897 -0.050439 
1.308511 -0.876319 -0.416938 -0.493669 0.214656 0.114574 -0.169735 0.056119 -0.232789 0.328295 -0.081686 0.170743 -0.148164 -0.063967 0.001541 
0.917180 -0.327519 -0.188380 0.067782 0.425038 0.065059 -0.253424 -0.154098 -0.303146 0.291837 -0.173855 0.107639 -0.071749 -0.151467 0.041366 
1.298657 -0.081556 0.227194 0.161956 0.190452 -0.042193 -0.265100 -0.106030 -0.456394 0.129061 -0.045210 -0.175414 -0.161184 0.076573 0.059720 
1.625516 -0.375548 0.361261 0.050713 0.110516 -0.068993 -0.303513 -0.020061 -0.460932 0.133810 -0.056298 -0.090868 -0.170945 0.164165 0.062295 
1.723305 -0.473159 0.327479 0.069247 0.063590 -0.037241 -0.349684 -0.068014 -0.445038 0.122767 -0.033482 -0.110306 -0.181762 0.207197 0.077438 
1.764946 -0.593118 0.448831 0.075226 0.047148 -0.049109 -0.392905 -0.073685 -0.433616 0.155188 -0.051752 -0.144933 -0.164238 0.257054 0.066312 
1.856835 -0.656075 0.464232 0.093716 -0.001633 -0.042692 -0.446670 -0.029413 -0.432132 0.146500 -0.063858 -0.135564 -0.145322 0.274093 0.062834 
1.908711 -0.652734 0.484791 0.051629 -0.013101 -0.065796 -0.439579 -0.031088 -0.411274 0.146741 -0.076770 -0.141420 -0.118376 0.305760 0.017901 
1.975380 -0.659717 0.508105 0.093256 -0.048180 -0.024049 -0.474953 -0.002199 -0.444626 0.187904 -0.102036 -0.156867 -0.093538 0.272638 0.056107 
1.867485 -0.397290 0.414645 0.083405 -0.019378 -0.041715 -0.457983 -0.003593 -0.400366 0.122060 -0.057455 -0.221323 -0.060675 0.252781 0.007651 
1.733024 -0.339170 0.568221 -0.007483 0.044623 -0.005948 -0.516085 0.012789 -0.457291 0.196483 -0.053645 -0.297111 0.055885 0.197617 -0.068705 
1.753681 -0.337258 0.444231 0.107366 -0.056185 -0.020193 -0.501574 -0.030248 -0.354383 0.092819 -0.083588 -0.265785 0.008948 0.260806 -0.099825 
1.531978 -0.324446 0.524988 0.135338 0.022316 -0.130061 -0.473264 0.002688 -0.419130 0.106941 -0.079406 -0.250715 0.004644 0.253036 -0.073888 
1.542488 -0.335091 0.460071 0.166683 0.039520 -0.119568 -0.523707 0.044728 -0.424111 0.127426 -0.085712 -0.331233 0.085087 0.237104 -0.108754 
1.485294 -0.100885 0.516248 0.194677 0.019965 -0.195356 -0.437437 0.031122 -0.395312 0.140131 -0.086756 -0.276612 0.123506 0.219663 -0.126247 
1.245628 0.013537 0.523119 0.197958 -0.040992 -0.131713 -0.460519 -0.050107 -0.419702 0.118266 -0.022996 -0.312297 0.116648 0.244527 -0.086974 
1.268380 -0.215948 0.353216 0.181989 0.058997 -0.163236 -0.483775 -0.019343 -0.469980 0.180690 -0.000719 -0.424116 0.141619 0.241622 -0.053398 
1.196387 0.184509 0.359610 0.170415 0.112310 -0.267457 -0.420281 -0.045711 -0.399104 0.280485 -0.214792 -0.288741 0.255739 0.115809 -0.062471 
0.581564 0.373043 0.066096 0.139394 -0.041484 -0.142004 -0.454533 -0.202106 -0.192105 -0.060340 -0.098682 -0.086549 0.090131 0.124577 -0.009871 
0.362628 0.215092 0.160503 0.198420 -0.256852 0.042484 -0.202729 -0.241647 -0.167215 -0.137779 -0.045501 0.010355 -0.074274 0.098603 -0.023592 
-0.081934 0.083313 0.155721 0.115966 -0.125369 0.098415 -0.089626 -0.225507 -0.149856 0.017983 0.031928 -0.027197 -0.073662 0.082533 -0.053137 
