city021_067
POPURA
47
0.023235 0.126235 -0.062855 0.144404 -0.045803 0.154001 -0.124855 0.183202 0.062598 0.006922 -0.062849 0.010863 0.048157 0.019925 -0.064600 
1.350797 -0.620176 0.243178 -0.100958 0.037116 0.128403 -0.109522 0.016308 -0.147354 0.179695 -0.098458 0.147811 -0.145623 0.025867 0.021548 
2.171994 0.237050 0.188346 -0.045583 -0.085447 0.224523 -0.156849 0.107362 -0.095434 0.060208 -0.102639 -0.001257 -0.052491 0.035701 -0.065473 
2.101526 0.158068 0.270509 -0.219978 -0.299974 0.140965 -0.328598 0.061840 -0.171790 -0.101829 -0.034091 -0.140120 -0.036231 0.129688 -0.148024 
1.776027 0.332800 0.178301 -0.099816 -0.200380 -0.055509 -0.251732 0.099871 -0.204147 0.048053 -0.008540 -0.156296 0.063613 0.026437 -0.076593 
2.089399 -0.514063 0.324771 -0.568996 -0.130061 -0.169291 -0.326047 0.193415 -0.167120 0.178526 -0.186842 -0.067407 -0.008188 0.208231 -0.089293 
1.940278 -0.616531 0.218929 -0.470147 0.058489 -0.147423 -0.434537 0.004739 -0.162257 0.077714 -0.062860 0.073435 0.059584 0.197844 -0.022432 
1.920932 -0.671729 0.220826 -0.471972 0.110432 -0.123893 -0.467559 -0.044000 -0.190042 0.056991 -0.072112 0.104381 0.052262 0.217649 -0.029661 
2.019238 -0.672846 0.313446 -0.543129 -0.092909 -0.091482 -0.380164 -0.004832 -0.162171 0.086362 -0.159426 0.061275 0.065759 0.266977 -0.057763 
2.188396 -0.475244 0.217530 -0.377327 -0.076495 0.197751 -0.289846 -0.002932 -0.197284 0.083765 -0.088272 -0.036929 -0.022830 0.131503 -0.071878 
2.149073 -0.208329 0.294553 -0.244990 0.041702 0.364645 -0.260317 0.029393 -0.098439 0.101493 -0.191127 -0.066706 -0.129854 0.093538 -0.042419 
1.217302 0.656307 0.237569 0.180992 -0.169307 0.243116 0.015747 0.104178 -0.095514 0.121415 -0.042786 -0.088470 0.089420 -0.039266 -0.025089 
0.761532 0.455553 0.010997 0.052206 -0.263610 0.047619 -0.056371 0.208565 0.045784 0.116658 0.013031 -0.035909 0.027981 -0.004980 -0.097737 
0.831476 0.534751 0.087426 0.050429 -0.266691 -0.004965 -0.014387 0.165011 0.074023 0.149341 -0.060754 0.027796 0.036208 -0.058526 -0.076222 
0.523644 0.302128 0.096493 0.200022 -0.126199 0.147417 -0.118264 -0.017909 -0.102016 0.000220 -0.087474 -0.007585 0.027217 -0.033473 -0.043670 
2.013867 -0.248952 0.083938 0.175253 -0.167345 -0.019586 -0.363039 0.043648 -0.160060 -0.100068 0.021774 0.001379 -0.084356 0.162060 -0.068661 
2.030071 -0.136027 0.126051 -0.059814 -0.165066 0.062625 -0.223562 0.070981 -0.107458 0.094650 -0.152150 -0.102802 -0.010574 0.096528 -0.104095 
2.101358 -0.627229 0.135594 -0.367148 -0.006292 -0.005525 -0.133555 0.051001 -0.284638 -0.037638 -0.132868 0.208856 -0.037017 0.085635 0.025017 
2.199555 -0.654314 0.211845 -0.214506 0.036897 -0.009643 -0.214465 0.129322 -0.314725 0.019802 -0.178065 -0.009932 -0.007338 0.152304 -0.064990 
1.818596 -0.305764 0.461085 0.062957 -0.017117 0.177175 -0.206189 0.082349 -0.265440 -0.036795 -0.097516 0.070975 -0.110548 -0.062698 0.038049 
2.109823 -0.370364 0.378557 -0.122833 -0.149401 0.337726 -0.160614 0.134435 -0.338401 -0.047902 -0.128086 -0.208743 -0.033844 0.148047 -0.113559 
2.021634 -0.259423 0.490290 -0.267369 -0.119841 0.529991 -0.127097 0.002167 -0.515221 -0.104352 0.064648 -0.129477 -0.004410 0.156194 -0.271084 
1.944003 -0.372250 0.557665 -0.290931 -0.106382 0.526736 -0.262694 -0.031799 -0.548025 -0.040921 0.094380 -0.135332 -0.009504 0.107371 -0.281037 
1.849514 -0.394014 0.620588 -0.351517 -0.135940 0.454210 -0.248078 -0.106990 -0.545864 0.005436 0.045846 -0.023592 -0.042235 0.121887 -0.208724 
1.864987 -0.663302 0.667228 -0.327471 -0.080474 0.382944 -0.364730 -0.065042 -0.593362 0.109645 0.107545 -0.064648 -0.090157 0.130008 -0.160617 
1.792608 -0.756218 0.745351 -0.375145 -0.008619 0.304636 -0.427258 -0.036053 -0.585183 0.214138 0.095627 -0.084488 -0.103903 0.145291 -0.085534 
1.730926 -0.790256 0.860507 -0.316806 -0.037203 0.380917 -0.529525 -0.074732 -0.527291 0.124420 0.162176 -0.158792 -0.141279 0.160985 -0.056155 
1.879779 -1.128515 0.691517 0.177148 -0.406118 0.416479 -0.346709 -0.339385 -0.344512 0.044860 0.085531 -0.085921 -0.216681 0.183857 -0.056526 
2.103591 -1.005795 0.396999 0.435751 -0.447576 0.194014 -0.242621 -0.303222 -0.384331 0.048110 0.152025 -0.131498 -0.146522 0.189949 -0.122223 
1.984251 -1.067331 0.442301 0.191661 -0.381837 0.136197 -0.256151 -0.270569 -0.497192 0.138863 0.106776 -0.033798 -0.064919 0.123417 -0.059366 
1.724960 -0.955043 0.472752 -0.091131 -0.244063 0.033203 -0.206048 -0.324378 -0.492705 0.222674 0.074467 0.072124 -0.010789 0.046050 0.062437 
1.592022 -0.972680 0.454760 -0.326881 -0.255141 0.086757 -0.244431 -0.282191 -0.383745 0.197616 0.129882 0.238802 -0.097759 0.083486 0.089287 
1.547699 -0.966514 0.433472 -0.509858 -0.261000 0.118508 -0.336075 -0.167150 -0.241359 0.120132 0.273678 0.305611 -0.183309 0.113222 0.043536 
1.584997 -0.974726 0.355584 -0.577166 -0.235166 0.129184 -0.409399 -0.023865 -0.197040 0.099543 0.392736 0.286984 -0.287486 0.157519 -0.029944 
1.578387 -0.936535 0.269652 -0.598626 -0.260410 0.150828 -0.369209 0.043464 -0.224387 0.124068 0.478114 0.219406 -0.322879 0.159079 -0.112036 
1.534933 -1.004655 0.218481 -0.686331 -0.227446 0.100202 -0.255037 0.057031 -0.257127 0.196304 0.402738 0.245554 -0.298081 0.096293 -0.119771 
1.556059 -1.011888 0.152231 -0.692996 -0.253403 0.143048 -0.168235 0.074738 -0.250023 0.211162 0.381493 0.194427 -0.315612 0.051764 -0.133098 
1.558791 -1.104160 0.136615 -0.738910 -0.240545 0.120778 -0.118478 0.098322 -0.239440 0.256978 0.305794 0.183599 -0.309492 0.029826 -0.129081 
1.736337 -1.198968 0.113112 -0.688765 -0.291913 0.205090 -0.141772 0.150829 -0.236472 0.223342 0.238570 0.142109 -0.283482 0.086284 -0.153812 
1.739975 -1.122977 -0.017126 -0.640372 -0.325351 0.236201 -0.103914 0.179584 -0.280271 0.275294 0.183096 0.111313 -0.233450 0.017575 -0.134762 
1.448007 -1.039720 -0.128524 -0.651355 -0.354671 0.236880 -0.069850 0.159621 -0.252080 0.268000 0.338503 0.024988 -0.255445 -0.038644 -0.218172 
1.687993 -1.082448 -0.030878 -0.662462 -0.330203 0.244570 -0.095290 0.179308 -0.222737 0.268465 0.196666 0.043250 -0.245798 0.022302 -0.171564 
1.123305 -0.997142 -0.292319 -0.532897 -0.336645 0.202146 -0.053149 0.153981 -0.187554 0.312684 0.210876 -0.066348 -0.127545 -0.098623 -0.225016 
1.533669 -0.902934 -0.169286 -0.569803 -0.348037 0.213176 -0.055759 0.129280 -0.196299 0.258129 0.230664 0.026892 -0.246857 0.030450 -0.187003 
1.233403 -0.119799 -0.534301 -0.309351 -0.427295 0.245346 0.029457 0.056458 -0.169319 0.279815 0.374542 -0.075137 -0.235099 -0.088449 -0.207008 
0.577669 -0.208582 -0.544551 -0.362191 -0.456517 0.049229 -0.014183 0.105384 -0.028531 0.253108 0.147462 0.021654 -0.114417 -0.082483 -0.123444 
0.353201 0.075073 -0.156996 -0.103449 -0.500065 -0.112070 -0.044223 0.122487 -0.072581 0.137212 0.096229 -0.023821 0.006157 0.031236 -0.073464 
