city021_088
RYOOGOKU
73
0.063713 0.116711 0.136628 0.156633 -0.196279 0.085072 -0.138138 -0.092467 -0.095996 0.037058 -0.044644 0.028324 -0.052485 0.070927 -0.033039 
0.490146 0.475508 0.344165 0.456300 0.140936 0.218986 -0.008798 -0.101236 -0.082988 0.086425 -0.134279 -0.110519 -0.094895 0.020921 -0.159319 
0.823964 0.555036 0.653936 0.244684 -0.170808 0.320537 -0.158182 -0.167316 0.047972 -0.147973 -0.294193 0.078031 -0.189048 -0.113167 -0.000313 
0.854129 0.448864 0.631247 0.345990 -0.231125 0.298483 -0.140477 -0.129197 -0.062260 -0.141023 -0.274155 -0.014678 -0.154823 -0.133482 -0.048092 
0.719282 0.317796 0.494222 0.296053 -0.182932 0.317303 -0.039740 -0.141494 -0.114621 -0.128296 -0.232324 -0.013418 -0.130612 -0.117431 -0.067599 
0.563453 0.401539 0.324128 0.380878 -0.224476 0.124760 0.151814 -0.099698 -0.235686 -0.111157 -0.197211 -0.048230 -0.061513 -0.172324 -0.023455 
0.831900 -1.010870 0.865695 0.300166 -0.393337 0.342727 -0.191809 -0.151821 -0.185033 0.089373 -0.082409 -0.016921 -0.128692 0.059687 0.020027 
1.242087 -0.808381 1.394501 0.424922 -0.553218 0.211824 -0.325863 0.079132 -0.231725 -0.321891 -0.017201 -0.007308 -0.273528 0.061731 -0.058444 
1.298015 -1.069061 1.482952 0.312315 -0.416033 0.065196 -0.377864 0.252058 -0.370163 -0.251608 -0.001999 -0.004242 -0.228517 0.117865 -0.083977 
1.244233 -1.024035 1.252657 0.223542 -0.264041 -0.144582 -0.274028 0.156504 -0.347082 -0.215472 0.000202 -0.007256 -0.186711 0.173449 -0.102034 
1.310965 -0.922591 1.122751 0.245356 -0.167893 -0.268888 -0.386305 0.168292 -0.260032 -0.255158 0.000900 -0.036497 -0.061745 0.222626 -0.175705 
1.506129 -0.940627 0.985211 0.179956 -0.121704 -0.218471 -0.480465 0.076449 -0.200646 -0.138500 -0.056342 -0.071440 -0.032083 0.318589 -0.191126 
1.833369 -0.908060 0.744715 0.024425 -0.144320 -0.068666 -0.483750 0.010357 -0.286923 0.002043 0.023942 -0.119108 -0.039537 0.305025 -0.086059 
1.920426 -0.719849 0.542787 -0.251866 0.029045 -0.070155 -0.406906 -0.024374 -0.478883 0.149611 -0.010526 -0.047662 -0.083130 0.251033 0.006835 
1.939433 -0.734859 0.416940 -0.302444 0.071990 0.042577 -0.436075 -0.104263 -0.535487 0.153941 0.060347 -0.092573 -0.033587 0.194321 -0.045416 
2.024769 -0.805252 0.461098 -0.345130 -0.036557 0.119151 -0.358734 -0.087936 -0.608514 0.068715 0.080851 0.026801 -0.073386 0.222103 -0.115205 
1.964328 -0.676001 0.407325 -0.355998 -0.110012 0.090631 -0.316183 -0.045723 -0.495780 -0.035603 0.039119 -0.063356 0.063891 0.241461 -0.155649 
2.022614 -0.771622 0.405046 -0.360273 -0.108681 0.002842 -0.280536 0.060938 -0.496534 -0.073367 -0.060843 -0.041058 0.052940 0.324304 -0.154552 
2.055398 -0.701080 0.311437 -0.304526 -0.155957 -0.003989 -0.327515 0.108952 -0.415346 -0.066470 -0.100672 -0.148801 0.141226 0.306829 -0.161866 
2.058463 -0.692270 0.319801 -0.334880 -0.173514 0.018997 -0.325929 0.109356 -0.376523 -0.072629 -0.138741 -0.118665 0.175491 0.234677 -0.107913 
1.974151 -0.690336 0.300164 -0.348165 -0.105188 -0.109070 -0.243478 0.109510 -0.373231 -0.048490 -0.204307 -0.061201 0.158358 0.242805 -0.080111 
1.972402 -0.539229 0.309979 -0.478111 -0.017436 -0.117330 -0.325843 0.086390 -0.209347 -0.053521 -0.353447 0.071019 0.074175 0.197362 -0.012126 
2.076389 -0.375332 0.415729 -0.471448 -0.304554 0.001618 -0.258709 0.175925 -0.313991 -0.099807 -0.109626 -0.090376 0.011802 0.212649 -0.034487 
2.143071 -0.231966 0.486408 -0.583499 -0.290355 -0.138214 -0.180945 0.213437 -0.436464 0.117167 -0.195766 -0.120358 -0.069018 0.225506 -0.023583 
1.981374 0.021721 0.579666 -0.592004 -0.378492 -0.180284 -0.090926 0.204956 -0.358727 0.123932 -0.225948 -0.175877 -0.139835 0.123996 -0.024373 
2.025559 0.301275 0.436046 -0.558099 -0.384118 -0.233985 -0.061696 0.197566 -0.379901 0.186269 -0.218160 -0.213880 -0.183569 0.121881 -0.068122 
1.976200 0.536417 0.233380 -0.391448 -0.477562 -0.287864 -0.059478 0.160273 -0.317483 0.166712 -0.062849 -0.186873 -0.184935 0.124032 -0.062417 
1.985804 0.639460 0.096592 -0.457942 -0.502283 -0.158520 0.123352 0.271146 -0.154615 0.254962 -0.057733 -0.152807 -0.194790 0.091038 -0.053793 
1.738048 0.684528 0.147084 -0.226744 -0.474615 -0.078691 0.129637 0.236314 -0.201857 0.133732 -0.126970 -0.320232 -0.182111 0.035009 -0.061961 
1.702628 0.548053 -0.003260 -0.192129 -0.312661 -0.013978 0.012821 0.123935 -0.151938 0.036546 -0.171815 -0.141191 -0.084390 0.035570 -0.014555 
1.297984 0.768867 0.339554 -0.186012 -0.408590 -0.108981 -0.000217 0.182881 -0.265786 0.154928 -0.075848 -0.194716 -0.111745 0.004256 -0.036385 
1.568750 0.434009 0.166498 -0.204817 -0.330208 -0.053938 0.020412 0.253566 -0.329201 0.060173 -0.092162 -0.222127 -0.077807 0.075854 0.006423 
2.147734 0.173061 0.033623 -0.527054 -0.312614 0.061746 0.011794 0.112730 -0.362948 0.042178 -0.205373 -0.135927 -0.012994 0.229807 -0.021755 
2.030578 -0.308696 0.423600 -0.400463 -0.249002 0.012663 -0.276388 0.160086 -0.310186 -0.068990 -0.230208 -0.038280 -0.024486 0.153384 -0.020078 
2.046892 -0.435919 0.234204 -0.401063 -0.007832 -0.174018 -0.257582 0.164646 -0.291762 -0.005967 -0.273174 -0.056566 -0.000403 0.219850 -0.004421 
2.061002 -0.529760 0.221892 -0.409162 0.035127 -0.286068 -0.222319 0.183601 -0.365500 0.138334 -0.273920 -0.140647 0.017435 0.306453 -0.043688 
1.967495 -0.500108 0.364547 -0.401320 -0.054228 -0.203180 -0.245990 0.148244 -0.246450 0.080602 -0.279677 -0.051535 0.080266 0.151483 -0.102584 
2.178061 -0.331200 0.503944 -0.592033 -0.220392 -0.047810 -0.143323 0.297098 -0.395222 0.098356 -0.156017 -0.058706 -0.058441 0.144198 0.014134 
2.242918 -0.173572 0.496746 -0.481615 -0.292097 -0.016545 -0.059940 0.307791 -0.444727 0.096777 -0.178650 -0.151752 -0.088978 0.147524 0.030152 
2.202607 0.116266 0.429835 -0.597809 -0.368776 -0.048297 0.030262 0.327707 -0.484419 0.111435 -0.188315 -0.163302 -0.137299 0.287781 0.045259 
2.127579 0.441152 0.332162 -0.496332 -0.300203 -0.138173 0.139450 0.266756 -0.435401 0.145040 -0.220540 -0.142459 -0.197669 0.245773 0.030275 
2.055385 0.536540 -0.110125 -0.372434 -0.344850 -0.077643 0.300816 0.305521 -0.222640 0.186702 -0.162352 -0.114852 -0.191217 0.187490 0.027513 
1.385586 0.708557 0.097422 0.065216 -0.320402 0.076909 0.322269 0.292429 -0.092127 -0.016214 -0.194933 -0.164762 -0.232562 0.039296 0.092309 
1.095336 0.604239 0.251824 0.076417 -0.238080 0.139673 0.183135 0.208527 -0.204839 -0.057025 -0.154131 -0.202134 -0.072372 0.004130 -0.040501 
0.631759 0.609548 0.267065 0.224441 -0.119077 0.101386 -0.203765 -0.061523 -0.095822 -0.126053 -0.102633 -0.040103 -0.070778 0.010147 -0.063382 
0.623790 0.471328 0.242656 0.143860 -0.207708 0.045877 -0.139097 0.052357 -0.163221 -0.118544 -0.016213 -0.059376 -0.027466 0.013925 -0.049957 
0.662644 0.427852 0.182924 0.225623 -0.123345 0.165457 -0.130299 -0.012604 -0.165858 0.047559 -0.102348 -0.059602 0.031126 -0.042432 -0.028733 
0.432701 0.260670 0.053018 0.060959 -0.288973 0.065268 -0.071901 0.102227 -0.097952 0.096169 -0.043405 0.004087 0.023039 -0.031621 0.035624 
0.538971 -0.419384 -0.395927 -0.200187 0.033053 0.207679 -0.000265 0.022082 -0.189711 0.117919 -0.067949 0.084875 -0.032632 0.038034 -0.056538 
0.943605 -0.916051 -0.321429 -0.671087 0.255843 0.143990 0.050483 0.093510 -0.314520 0.241832 -0.195030 0.250934 -0.113925 0.019011 -0.062638 
0.911588 -0.639667 -0.500926 -0.607572 0.088569 0.149526 0.013476 0.041371 -0.122481 0.175982 -0.143128 0.212017 -0.129270 0.027856 -0.107911 
1.059593 -0.660160 -0.281189 -0.466192 0.009881 0.072088 -0.065854 -0.010699 -0.206326 0.304166 -0.065376 0.190861 -0.126778 -0.017407 -0.068283 
1.224443 -0.841737 -0.132912 -0.328815 0.238577 -0.107557 -0.236487 -0.027706 -0.210145 0.428557 -0.236931 0.246139 -0.075844 -0.048560 0.058060 
1.452212 -0.272109 0.335329 0.143993 0.095810 -0.017190 -0.270800 -0.024571 -0.356651 0.139288 -0.049458 -0.068128 -0.188763 0.166322 0.026192 
1.759733 -0.440382 0.453266 0.098675 0.105906 -0.072110 -0.304154 0.079820 -0.515032 0.121322 -0.022062 -0.085500 -0.217647 0.161263 0.055743 
1.764363 -0.603870 0.539095 0.009920 0.076176 -0.051417 -0.297803 0.059555 -0.550665 0.121187 -0.052293 -0.084386 -0.176398 0.141423 0.057288 
1.758181 -0.770408 0.709061 -0.075044 0.063799 -0.027407 -0.368204 0.100160 -0.598154 0.128798 -0.036423 -0.101205 -0.166728 0.168163 0.038202 
1.813037 -0.781746 0.709367 -0.087987 0.072287 -0.049688 -0.382117 0.081873 -0.562685 0.153488 -0.078343 -0.106732 -0.134410 0.187599 0.014160 
1.756625 -0.734330 0.691042 -0.077295 0.073032 -0.068726 -0.358115 0.038179 -0.528874 0.165379 -0.085061 -0.103329 -0.148817 0.225602 0.000679 
1.739792 -0.661672 0.660177 -0.057889 0.105762 -0.066727 -0.405948 0.034713 -0.539792 0.189449 -0.041258 -0.150930 -0.136750 0.216260 0.039766 
1.891792 -0.761807 0.704397 -0.063866 0.080360 -0.009536 -0.474704 0.075471 -0.576785 0.192701 -0.022697 -0.165896 -0.140879 0.221597 0.037798 
1.796188 -0.666446 0.567834 0.007637 0.040227 -0.038984 -0.440961 0.025036 -0.500173 0.116667 -0.000962 -0.186678 -0.124883 0.260401 -0.019004 
1.774190 -0.658827 0.616602 0.021151 0.037872 -0.078013 -0.447491 0.041434 -0.509845 0.170503 -0.050414 -0.174475 -0.095034 0.250007 0.006000 
1.689849 -0.572058 0.562067 0.175816 -0.008712 -0.058369 -0.485420 -0.007963 -0.386787 0.071290 0.030573 -0.248302 -0.116598 0.331203 -0.031276 
1.652983 -0.494698 0.581765 0.116021 0.053448 -0.113565 -0.500334 0.032182 -0.452623 0.147010 -0.036773 -0.265118 -0.056325 0.315097 -0.041700 
1.501271 -0.349003 0.554343 0.109772 0.032645 -0.139409 -0.426665 0.040848 -0.473836 0.124181 -0.078430 -0.221796 -0.036049 0.243669 -0.066738 
1.572792 -0.295355 0.457825 0.154974 0.069750 -0.130158 -0.504747 0.016733 -0.488800 0.234816 -0.053564 -0.303412 -0.001978 0.307199 -0.014274 
1.489193 -0.229902 0.504117 0.198445 -0.036978 -0.240560 -0.410959 0.049223 -0.492258 0.144237 -0.072241 -0.232443 0.041543 0.282160 -0.087536 
1.213210 -0.260791 0.502858 0.143115 0.008756 -0.219062 -0.358548 0.101619 -0.500585 0.166799 -0.091377 -0.218119 0.076590 0.173541 -0.099213 
0.863590 -0.026045 0.312372 0.254652 -0.003799 -0.229640 -0.458403 0.000109 -0.496554 0.176908 -0.049798 -0.418295 0.241718 0.181017 -0.044116 
1.262482 0.186165 0.262835 0.356467 0.001913 -0.277665 -0.381303 0.009278 -0.372738 0.151704 -0.172618 -0.256972 0.216359 0.079036 -0.058848 
0.535542 0.244540 0.206901 0.215761 -0.166249 -0.093690 -0.378103 -0.205756 -0.334486 0.034230 -0.036833 -0.185859 0.048091 0.210182 -0.043455 
0.190822 0.036415 0.091007 0.382947 -0.205865 -0.034184 -0.292587 -0.217920 -0.314670 -0.048056 0.064508 -0.131201 -0.085825 0.129343 0.071720 
