city021_035
MOTOAKASAKA
91
-0.008402 0.282744 0.024295 0.029370 -0.097169 0.288517 0.071960 0.234487 0.073059 0.033690 -0.070320 0.070619 0.005795 0.074460 -0.032470 
0.761096 0.466574 0.589921 0.143392 -0.187501 0.318398 0.000531 -0.062405 -0.073523 0.015467 -0.184358 0.026720 -0.093775 -0.028591 -0.037054 
1.156432 -0.123992 0.856741 -0.279550 -0.543537 0.425442 0.006679 0.069995 -0.194108 0.016652 -0.302435 -0.042796 -0.074309 0.005264 0.071856 
1.516300 -0.100488 0.586788 -0.101056 -0.546135 0.419330 -0.150430 0.022026 -0.079933 -0.130121 -0.319122 -0.000622 -0.034447 -0.131418 0.138955 
1.918889 -0.022857 0.757293 -0.305455 -0.709977 0.054919 -0.318421 0.005836 -0.019799 0.208093 -0.135051 0.132492 -0.006126 -0.083650 -0.008296 
1.922672 -0.006123 0.761007 -0.371963 -0.812708 0.008016 -0.341933 0.050464 0.028377 0.280992 -0.057173 0.134880 0.003243 -0.144643 -0.039475 
1.868995 -0.044147 0.593191 -0.519015 -0.456409 -0.063098 -0.354051 0.148049 0.075938 0.283011 -0.019298 0.105256 0.025247 -0.099656 -0.124311 
1.880167 -0.058795 0.485917 -0.664026 -0.351329 -0.078365 -0.529690 0.166395 0.133087 0.172278 -0.008763 0.056064 0.008552 -0.030767 -0.143115 
1.981184 -0.401877 0.272752 -0.651704 -0.314864 -0.041439 -0.472588 0.331928 0.042789 0.000059 -0.038989 -0.000874 -0.029368 0.121981 -0.115875 
1.964484 -0.531354 0.248193 -0.602342 -0.234296 -0.086035 -0.302312 0.323007 -0.141565 -0.046212 -0.121396 -0.006949 0.028692 0.191630 -0.064379 
2.040684 -0.366588 0.422130 -0.770386 -0.168439 0.114148 -0.272218 0.156446 -0.375776 0.126805 -0.282224 0.005942 0.105985 0.112143 0.039904 
1.582619 0.259080 0.336674 -0.535626 0.193496 0.095558 0.023263 0.034926 -0.261476 0.123018 -0.420459 0.077802 -0.050511 0.005996 -0.019638 
0.853862 0.628294 0.280254 -0.039620 -0.308285 0.171508 -0.046031 0.039522 -0.035177 0.057078 -0.104412 0.000156 -0.022656 0.007871 -0.044791 
0.655553 0.396816 0.071617 0.079073 -0.290353 0.122405 -0.265433 0.082328 0.160672 0.117877 -0.013843 0.076231 0.013853 0.003917 -0.032468 
0.541693 0.272751 -0.117261 -0.075631 -0.207664 0.082431 -0.141869 0.237693 0.035835 -0.121145 -0.068553 0.051644 -0.029674 0.012030 -0.010790 
0.348595 0.156784 0.021838 0.008285 -0.356079 0.085225 -0.084996 0.082230 0.015158 -0.038874 -0.056938 0.120313 -0.084906 0.017068 0.005349 
0.189818 0.147727 -0.100319 0.045649 -0.186895 0.269607 -0.062134 0.041664 0.024981 0.028475 -0.118337 0.079009 0.012718 -0.043115 0.046392 
0.033425 0.065356 0.052708 -0.036554 -0.031701 0.111731 -0.024014 0.171679 -0.098905 0.004055 -0.091610 0.130422 -0.040592 -0.037314 0.063347 
0.050625 0.020843 0.009446 -0.077482 -0.225025 0.022805 -0.114576 0.010272 -0.109765 0.161350 -0.048767 0.000361 0.044239 0.015927 -0.043415 
0.172396 -0.422032 0.242301 0.104159 0.327977 0.049017 0.073021 0.242265 -0.178467 0.216442 -0.153269 0.191195 0.036255 -0.018608 -0.037166 
0.586313 -0.848007 0.516396 -0.372626 0.486901 -0.146602 -0.089469 0.071080 -0.233685 0.073089 -0.004357 0.153932 -0.185481 0.036242 -0.041109 
1.951407 -0.541117 0.489491 -0.513144 -0.049503 0.271965 -0.367344 -0.052270 -0.210327 0.055360 -0.226921 0.039086 0.020523 0.075458 -0.033272 
1.739046 -0.787781 0.444502 -0.491362 -0.080381 0.028089 -0.290147 -0.079544 -0.295727 -0.045633 -0.185190 0.162523 0.156477 0.112034 -0.036097 
1.739923 -0.895155 0.518775 -0.512724 -0.136510 -0.014449 -0.357290 0.067980 -0.283682 -0.043913 -0.205755 0.183864 0.193313 0.097687 -0.023931 
1.722377 -0.976357 0.489709 -0.588011 -0.150226 -0.011873 -0.318481 0.079667 -0.290091 -0.011581 -0.194504 0.219274 0.239418 0.090882 -0.026137 
1.747034 -1.044858 0.405739 -0.547692 -0.182154 -0.086928 -0.232802 0.029946 -0.239739 0.056368 -0.135629 0.227023 0.235780 0.065759 -0.050304 
1.631485 -1.062074 0.368974 -0.530369 -0.164056 -0.198900 -0.180566 0.036500 -0.209678 0.087846 0.032745 0.195596 0.171211 0.030827 -0.049889 
1.560161 -1.039878 0.409938 -0.593924 -0.093600 -0.343239 -0.206449 0.121778 -0.152937 0.174862 0.027730 0.203871 0.077608 0.068395 -0.072530 
1.640111 -1.028041 0.372262 -0.583631 -0.181627 -0.368069 -0.133895 0.148548 -0.115753 0.241883 0.008234 0.156790 0.049376 0.055334 -0.069536 
1.661397 -1.050296 0.231325 -0.688209 -0.143781 -0.271082 0.034286 0.069283 -0.246733 0.265994 0.123625 0.100337 0.019836 0.103400 -0.128913 
1.465955 -1.063111 0.260012 -0.795789 -0.140656 -0.146493 0.097727 -0.007045 -0.285252 0.240674 0.192981 0.129172 0.055692 -0.016779 -0.151422 
1.462084 -1.100572 0.217179 -0.760630 -0.157651 -0.096796 0.092706 -0.020449 -0.251431 0.219606 0.203022 0.143477 0.039214 -0.095977 -0.119362 
1.514349 -1.192171 0.157589 -0.692434 -0.093950 -0.105829 0.035750 0.001634 -0.255638 0.194870 0.173852 0.222400 -0.002281 -0.129111 -0.058975 
1.480813 -1.208134 0.204143 -0.666328 -0.075263 -0.092016 -0.081556 0.058914 -0.313823 0.172225 0.201362 0.238500 0.029646 -0.123460 -0.058993 
1.609136 -1.073835 0.218938 -0.693801 -0.017551 -0.081238 -0.143086 0.016120 -0.389147 0.186187 0.192348 0.299832 -0.030232 -0.003339 -0.045597 
1.702519 -0.929774 0.180999 -0.598120 0.025217 -0.085685 -0.152664 -0.002397 -0.495429 0.219108 0.145936 0.320973 -0.092107 0.033020 0.014573 
1.825377 -0.661179 0.070764 -0.481782 0.114856 -0.116135 -0.142214 0.032206 -0.557663 0.243378 0.083458 0.286877 -0.164775 0.060635 0.031499 
1.666588 -0.501072 -0.150490 -0.267375 0.020153 -0.106578 -0.130402 -0.020646 -0.408181 0.239784 0.141100 0.222678 -0.234180 0.091773 0.011373 
1.382370 -0.027977 -0.288702 -0.062717 -0.061358 0.111652 -0.029499 -0.005801 -0.423549 0.105216 0.174034 -0.017348 -0.041770 0.060587 -0.066084 
1.029048 -0.016407 -0.302781 -0.244215 -0.343953 0.046145 -0.083177 0.054752 -0.250624 0.200815 0.154040 0.017732 -0.005845 0.082201 -0.136663 
0.580378 0.000041 -0.438640 -0.371493 -0.365989 0.120007 -0.046851 -0.009509 -0.156469 0.178981 0.165253 0.047390 0.019767 0.018215 -0.182178 
0.564991 0.046719 -0.472873 -0.402011 -0.383316 0.160970 -0.080083 0.029943 -0.209866 0.022346 0.173920 0.135692 0.126833 0.033735 -0.125810 
0.590654 0.037155 -0.470703 -0.272105 -0.360567 0.142409 -0.084666 -0.084638 -0.117731 -0.015575 0.008420 0.303925 0.077535 -0.022007 -0.005433 
0.707666 -0.328272 -0.405604 0.069825 0.094121 0.061953 -0.273606 0.047364 -0.135414 0.084586 0.003562 0.023174 0.011152 0.004633 -0.051682 
0.936170 -0.997040 -0.500559 -0.417654 0.400385 -0.031499 -0.119883 -0.017303 -0.086248 0.276127 -0.094054 0.083991 -0.123339 0.025609 -0.103255 
1.500947 -0.812475 -0.084228 -0.371056 0.142922 -0.144034 -0.130862 -0.119390 -0.335803 0.350906 0.048656 0.210098 -0.219703 0.129655 -0.019277 
1.688943 -1.140436 0.309435 -0.546241 -0.051578 -0.122516 -0.233316 0.003784 -0.368046 0.301358 0.144787 0.252106 -0.116224 0.045016 0.084269 
1.560503 -1.077975 0.221957 -0.616847 -0.081999 -0.135073 -0.138708 0.016132 -0.242469 0.267860 0.192720 0.220568 -0.094953 -0.088535 0.067743 
1.512184 -1.123219 0.162340 -0.686288 -0.050311 -0.101124 -0.131190 0.071174 -0.165779 0.233552 0.228826 0.185922 -0.166202 -0.132592 0.024303 
1.509901 -1.169685 0.179714 -0.724853 -0.046840 -0.051481 -0.153409 0.101650 -0.203228 0.235170 0.263860 0.132754 -0.125960 -0.150785 -0.020519 
1.538421 -1.169292 0.156370 -0.731590 -0.067655 -0.016695 -0.137525 0.071042 -0.183273 0.198645 0.302021 0.109155 -0.126131 -0.101925 -0.102068 
1.561527 -1.061902 0.198033 -0.740626 -0.111952 0.002152 -0.060793 0.001545 -0.227781 0.270587 0.242445 0.069477 -0.056103 -0.070523 -0.115983 
1.574859 -1.119346 0.346053 -0.745708 -0.174363 0.008943 -0.060774 0.018614 -0.311266 0.358523 0.031829 0.141601 0.057001 -0.059239 -0.053898 
1.492490 -1.117644 0.434517 -0.646801 -0.071910 -0.009851 -0.068959 -0.088101 -0.349430 0.416525 -0.114777 0.163353 0.104749 -0.078513 -0.024785 
1.540531 -0.467397 0.238642 -0.527957 -0.073002 -0.006602 -0.051365 -0.180427 -0.342833 0.398380 -0.215752 0.186753 0.120127 -0.060414 -0.019331 
0.640388 0.024451 -0.005691 0.068781 0.108714 -0.062710 0.095178 -0.230914 -0.224408 -0.042471 0.115263 -0.061142 -0.013622 -0.059448 0.022580 
-0.056152 0.051849 0.182812 -0.005083 0.300723 -0.004315 0.205665 -0.158084 -0.246470 0.249523 0.071888 -0.167493 0.124754 -0.154378 0.147101 
-0.236771 -0.082219 -0.002082 -0.132706 0.208630 -0.261893 0.157680 -0.050711 -0.142041 0.031175 0.148041 -0.162013 0.151842 -0.171827 0.174609 
-0.485205 -0.069415 0.342798 -0.026489 0.186283 -0.093393 0.117106 -0.034309 -0.020921 0.013794 0.119232 -0.185530 0.142932 -0.075893 0.063728 
-0.139879 0.009498 0.257558 -0.064077 0.240564 -0.047319 0.115171 -0.113753 0.005562 -0.045691 0.096710 -0.078376 0.095615 -0.172928 0.169221 
0.183630 -0.036769 0.290687 -0.006527 0.211652 0.008269 0.116998 -0.134548 0.060276 -0.135086 0.068353 0.052302 -0.029992 -0.109521 0.111088 
0.471274 -0.375223 0.300133 -0.183831 0.083236 -0.079229 0.145718 0.091495 0.027064 -0.125776 -0.097648 0.203407 -0.084396 -0.019583 0.025650 
1.241531 -0.539904 0.227146 0.025416 -0.037807 -0.105268 -0.133175 0.181202 -0.067199 0.018509 -0.211295 0.135682 0.052504 -0.048594 -0.044121 
1.877986 -0.955041 0.321162 -0.268546 -0.170870 0.095228 -0.150799 -0.058901 -0.261882 0.344818 -0.068009 0.109108 -0.098435 0.063769 0.008745 
1.566967 -1.050399 0.340084 -0.522796 -0.029031 -0.093156 -0.198661 -0.038975 -0.323505 0.436270 0.030872 0.089508 -0.060860 0.088266 0.018029 
1.633109 -0.976646 0.268945 -0.450869 0.003328 -0.231345 -0.156083 0.030463 -0.313701 0.367299 0.008232 0.090648 -0.068439 0.160807 -0.001988 
1.727039 -0.839115 0.127610 -0.328387 0.050637 -0.259817 -0.148368 0.084779 -0.439294 0.299316 0.008584 0.111261 -0.089658 0.178524 0.024030 
1.714941 -0.682140 0.045605 -0.182187 0.108238 -0.269520 -0.144767 0.019473 -0.512008 0.255561 -0.026982 0.165499 -0.153870 0.182558 0.048428 
1.106093 -0.115906 -0.190070 0.068362 0.084311 -0.024033 -0.044299 -0.130310 -0.326157 0.189666 0.026231 0.065463 -0.149202 0.066830 -0.029922 
0.767426 0.086251 -0.126652 0.136144 -0.175683 0.210595 -0.080479 -0.164693 -0.143927 0.161161 0.003961 -0.042733 -0.011617 0.046315 -0.053147 
0.470091 -0.023708 -0.226028 0.139569 -0.259228 -0.127562 -0.103717 0.013570 -0.128452 0.166852 0.050369 -0.077920 0.044675 0.121792 -0.128070 
0.159492 -0.228239 -0.361348 -0.041462 -0.238659 0.042399 -0.194934 -0.068210 -0.101443 0.169562 0.153614 0.064705 -0.082524 0.001523 0.006378 
0.175350 -0.151251 -0.175547 -0.031032 -0.320523 0.079258 -0.166347 -0.146955 -0.245906 0.277786 0.102268 -0.020252 0.077812 -0.002162 -0.012811 
1.043342 -1.024107 -0.534445 -0.418277 0.228761 0.191843 -0.015156 -0.045743 -0.203976 0.285957 -0.134621 0.161766 -0.149529 0.019319 -0.102656 
1.098463 -0.960850 -0.570140 -0.456696 0.259124 0.166556 0.003241 -0.062042 -0.248181 0.365323 -0.113703 0.066845 -0.088643 -0.003226 -0.097422 
0.878399 -0.933714 -0.383140 -0.466871 0.258658 0.048932 -0.073505 0.006891 -0.279764 0.432897 -0.065961 0.046420 -0.108553 -0.056295 -0.079696 
1.573108 -0.283256 -0.252493 -0.263462 -0.000642 -0.150998 -0.144904 -0.003623 -0.495899 0.278039 0.085396 0.087759 0.025297 0.087805 -0.044611 
1.882576 -0.885001 -0.079156 -0.454672 0.010223 -0.163793 -0.167724 0.011884 -0.389922 0.314971 0.131883 0.289882 -0.233970 0.105355 0.074630 
1.860830 -0.846135 -0.115905 -0.435342 -0.116678 -0.035267 -0.194138 0.099794 -0.346160 0.259230 0.166499 0.216303 -0.147979 0.001559 0.053028 
1.727560 -0.861861 -0.082924 -0.540213 -0.119381 0.002935 -0.150919 0.078585 -0.285276 0.299017 0.171123 0.230013 -0.217731 -0.026273 -0.024301 
1.658104 -0.806237 -0.153323 -0.575735 -0.108978 -0.057057 -0.111905 0.064433 -0.321497 0.317217 0.234307 0.262647 -0.216758 -0.044879 -0.042041 
1.801612 -0.872788 -0.200129 -0.600986 -0.177086 0.015151 -0.079894 0.075916 -0.302507 0.347145 0.201004 0.225516 -0.242666 -0.015863 -0.057653 
1.977548 -0.873628 -0.221720 -0.573160 -0.223961 0.042524 -0.075798 0.119353 -0.282784 0.317843 0.162035 0.138392 -0.204904 0.021784 -0.026149 
1.831603 -0.822332 -0.281766 -0.517546 -0.277127 0.078829 -0.006448 0.063756 -0.245881 0.315022 0.148699 0.107482 -0.160940 -0.029211 -0.053313 
1.768712 -0.775960 -0.349766 -0.476277 -0.256093 0.048340 -0.018987 0.056216 -0.227295 0.341092 0.167000 0.108630 -0.200666 -0.030440 -0.099608 
1.641853 -0.787033 -0.311878 -0.539376 -0.250895 0.040333 0.027163 0.085356 -0.258707 0.388796 0.173010 0.084414 -0.221910 -0.057770 -0.134910 
1.854543 -0.868671 -0.354314 -0.497963 -0.264027 0.116046 -0.043552 0.112641 -0.244706 0.363942 0.127346 0.052078 -0.180659 -0.063644 -0.049591 
1.298474 -0.225407 -0.637113 -0.366389 -0.258475 0.110738 0.054997 0.012981 -0.188283 0.386849 0.194625 -0.043932 -0.213610 -0.102269 -0.140493 
1.732523 -0.452755 -0.605000 -0.553232 -0.206719 0.190702 -0.159859 0.121280 -0.145927 0.284229 0.138443 -0.013666 -0.107383 -0.076138 -0.063183 
1.118175 -0.140923 -0.622435 -0.410241 -0.268692 0.131097 -0.073398 -0.012180 -0.098063 0.353356 0.277563 0.023391 -0.214177 -0.168534 -0.194684 
0.243618 -0.176178 -0.401471 -0.143400 -0.305029 0.117011 -0.088513 0.012159 -0.092555 0.241555 -0.001828 -0.008997 0.028360 -0.088026 0.017260 
