city021_003
UENO
47
0.109753 -0.270095 0.346496 -0.057080 -0.156743 0.308109 -0.357279 -0.039274 -0.408249 0.155735 0.171830 -0.199935 0.018066 0.083710 -0.085732 
0.382713 0.208795 0.343508 0.180636 -0.088352 0.155799 -0.186482 -0.097772 -0.406386 -0.003140 -0.000292 -0.229855 -0.062757 0.098248 -0.177350 
1.552327 -0.006207 0.434913 0.134279 -0.118691 0.234956 -0.223319 -0.041449 -0.380013 0.003855 -0.006524 -0.183441 -0.124014 0.155016 -0.188085 
1.551246 -0.173850 0.551762 0.028355 0.037987 0.278558 -0.405823 0.005879 -0.489059 0.046615 0.113099 -0.279410 -0.134419 0.144664 -0.150275 
1.540974 -0.372387 0.644847 0.006963 0.013153 0.286278 -0.447071 0.014314 -0.515655 0.022064 0.125855 -0.252317 -0.205410 0.191168 -0.121178 
1.582145 -0.479652 0.660904 -0.029940 0.038732 0.254797 -0.478455 0.006702 -0.527680 0.042493 0.093884 -0.275965 -0.168688 0.184458 -0.126213 
1.549447 -0.561451 0.690119 -0.051261 0.021793 0.224359 -0.457519 -0.055731 -0.486508 0.016236 0.100926 -0.277443 -0.182503 0.244629 -0.139505 
1.581065 -0.645235 0.765389 -0.037492 0.026419 0.146115 -0.496798 -0.045194 -0.425897 0.023655 0.046542 -0.258681 -0.184244 0.304616 -0.118374 
1.537891 -0.748132 0.961621 0.012506 -0.031866 0.013098 -0.516394 -0.021308 -0.321803 0.043167 -0.099779 -0.153460 -0.123807 0.319083 -0.088074 
1.536977 -0.906276 0.950771 -0.020617 -0.056061 -0.054075 -0.527676 0.003628 -0.355299 0.078430 -0.098853 -0.125570 -0.064226 0.292280 -0.038160 
1.517467 -0.930214 0.962594 -0.128005 -0.044022 -0.137816 -0.431229 0.013564 -0.361679 -0.000361 -0.033257 -0.127011 -0.005952 0.251109 -0.093604 
1.533848 -0.865468 0.867728 -0.287731 -0.015178 -0.164310 -0.338079 -0.037251 -0.375985 0.043961 -0.042135 -0.018982 -0.032620 0.221762 -0.032184 
1.559391 -0.928614 0.777426 -0.357873 0.025222 -0.091249 -0.362025 -0.074494 -0.403185 0.072277 -0.078556 0.051476 -0.032647 0.170526 0.013019 
1.700013 -0.971417 0.659362 -0.408006 0.031426 -0.023792 -0.379407 -0.043877 -0.461153 0.048001 -0.003558 0.026026 0.001830 0.187863 -0.049191 
1.607357 -0.890037 0.619109 -0.391281 0.012193 -0.056309 -0.280673 -0.122892 -0.478830 0.041070 0.023342 0.053256 -0.021542 0.182313 -0.024430 
1.440983 -0.876620 0.737011 -0.362707 -0.033226 -0.131729 -0.259343 -0.146221 -0.356175 -0.024151 0.043363 0.034631 0.025058 0.113153 0.038102 
1.336900 -0.910515 0.860072 -0.107813 -0.130596 -0.290781 -0.270464 -0.129423 -0.169844 -0.071369 0.012356 0.004924 0.031995 0.213959 -0.071200 
1.233918 -0.862597 0.968622 -0.048739 -0.172471 -0.342422 -0.250066 -0.111406 -0.101803 -0.062995 -0.038447 0.042944 0.061910 0.216401 -0.126445 
1.309495 -0.893286 0.907067 -0.026211 -0.202511 -0.309487 -0.262552 -0.083475 -0.088493 -0.040009 -0.036754 0.037888 0.059802 0.239282 -0.166352 
1.403318 -0.908273 0.854023 -0.093261 -0.146159 -0.346706 -0.232006 -0.070813 -0.119948 -0.011750 -0.072118 0.070081 0.051843 0.207352 -0.118453 
1.530129 -0.936487 0.820914 -0.136704 -0.217581 -0.358842 -0.271820 0.160863 -0.195322 0.089449 -0.096939 0.151407 0.058832 0.128852 -0.116392 
1.711146 -0.881691 0.748017 -0.018983 -0.159251 -0.288481 -0.402347 0.174309 -0.180395 0.179388 -0.180377 0.092134 0.103587 0.166990 -0.142302 
1.694021 -0.726440 0.527966 0.211865 -0.124910 -0.060735 -0.264077 0.196254 -0.183766 0.123007 -0.167163 -0.077565 0.067586 0.139408 -0.168513 
1.438005 -0.677491 1.108859 0.341356 -0.249219 0.291987 -0.362209 -0.125506 -0.250599 0.168018 -0.326799 -0.094059 -0.150561 0.139002 -0.061015 
1.372470 -0.651177 1.081038 0.263246 -0.196656 0.271574 -0.330535 -0.130620 -0.261401 0.180790 -0.321662 -0.079099 -0.139879 0.084289 -0.016867 
1.356978 -0.660157 1.116873 0.199654 -0.244155 0.278682 -0.277113 -0.097856 -0.301628 0.139928 -0.277517 -0.059203 -0.134218 0.038230 -0.005007 
1.360725 -0.679327 1.173102 0.128623 -0.238014 0.280389 -0.266558 -0.118445 -0.326312 0.175346 -0.329275 -0.030351 -0.136629 0.030592 -0.019301 
1.737505 -0.757152 0.850736 -0.009407 -0.190590 0.283035 -0.302092 -0.113927 -0.347260 0.204128 -0.195065 -0.015321 -0.087167 0.052395 -0.007413 
1.904985 -0.816229 0.585503 -0.280971 -0.116478 0.111027 -0.339537 -0.012669 -0.379059 0.401563 -0.023132 0.017365 0.010900 0.022968 0.074296 
1.943212 -0.763441 0.355091 -0.304331 -0.199098 0.175206 -0.229505 -0.048502 -0.354941 0.342426 0.024572 0.073429 0.014145 -0.039300 0.021751 
2.174113 -0.779302 0.399062 -0.405518 -0.280770 0.170955 -0.168601 0.066021 -0.437204 0.328694 -0.027427 0.104375 0.050796 0.006424 -0.036469 
2.017453 -0.542892 0.271714 -0.422396 -0.377398 0.189631 -0.085598 -0.003728 -0.335655 0.182050 0.010058 0.075571 0.100641 0.044732 -0.056739 
2.107343 -0.475489 0.334131 -0.572125 -0.399917 0.282031 -0.184147 0.130751 -0.302942 0.136265 0.061152 0.001381 0.076384 0.121389 -0.128215 
2.077009 -0.432808 0.375679 -0.715101 -0.347071 0.212477 -0.160427 0.241017 -0.304086 0.167920 -0.081196 0.023832 0.080689 0.059476 -0.009563 
2.109645 -0.458217 0.322224 -0.712514 -0.448284 0.295888 -0.186361 0.307012 -0.337623 0.174707 -0.084300 -0.031021 0.139649 0.078937 -0.047204 
2.085859 -0.360019 0.248412 -0.698585 -0.504316 0.234911 -0.103450 0.280318 -0.315009 0.186046 -0.115972 -0.058805 0.140885 0.092473 -0.020893 
1.933514 -0.318786 0.352291 -0.761259 -0.544812 0.227895 -0.086249 0.281593 -0.291119 0.225575 -0.148805 -0.071310 0.132736 0.079006 -0.015165 
1.943363 -0.149063 0.295815 -0.811621 -0.481398 0.249990 -0.091865 0.284383 -0.264091 0.216532 -0.195211 -0.009025 0.101106 0.080722 -0.014467 
2.025265 0.055735 0.131458 -0.792731 -0.443536 0.238859 -0.085062 0.261786 -0.254828 0.198747 -0.192863 -0.066327 0.159896 0.051011 -0.049298 
1.852242 0.229476 0.225499 -0.642119 -0.536330 0.244540 -0.178573 0.049039 -0.204727 0.085883 -0.111008 0.019395 0.223122 0.068034 -0.032783 
1.617601 0.027872 0.210319 -0.707255 -0.655561 0.145617 -0.145844 0.197799 -0.090392 0.141073 -0.156858 -0.064051 0.110829 0.004827 0.024389 
1.275829 -0.052241 -0.173172 -0.815248 -0.631738 0.068757 -0.176783 0.292860 -0.039876 0.133766 -0.057534 0.007602 0.249386 0.027076 0.021599 
1.515266 0.109481 -0.245938 -0.902108 -0.359036 0.111836 -0.059606 0.284232 -0.237132 0.208747 -0.138442 -0.025362 0.217540 0.038962 -0.034951 
1.355817 -0.226927 -0.021312 -0.533672 -0.379186 0.197192 -0.099354 0.128309 -0.218358 0.111630 -0.094027 -0.022311 0.209291 0.024093 -0.082952 
1.170125 0.029932 0.004554 -0.673734 -0.523890 0.098159 -0.145595 0.084258 -0.088084 0.201121 -0.151067 0.100510 0.189655 -0.027155 -0.000460 
0.579279 0.124965 -0.405165 -0.330612 -0.574437 -0.066374 -0.040462 0.079455 -0.057046 0.118067 0.015111 0.139682 0.174960 -0.054274 -0.011158 
0.141081 -0.042798 -0.054580 0.042205 -0.416031 0.026456 -0.123593 -0.041659 -0.161133 0.119123 0.028091 0.078800 -0.006082 0.035660 -0.007612 
