city021_084
MYUUJIKARU
62
0.185277 -0.110383 0.211959 0.173323 -0.240116 -0.016901 -0.091540 0.067939 -0.288273 0.042307 0.103300 -0.074229 -0.034158 0.078617 0.007077 
0.407231 0.200900 0.233792 0.149051 -0.271393 -0.001420 -0.089122 -0.050344 -0.248556 -0.112169 0.068880 -0.003526 -0.154620 0.151862 0.002465 
1.125811 0.214887 0.314572 0.257679 -0.112861 0.046558 -0.162661 0.072712 -0.251814 -0.091671 -0.040475 -0.109848 -0.078705 0.054278 -0.104197 
1.528696 0.173686 0.474607 0.212150 -0.310002 0.140186 -0.134574 0.136814 -0.343780 -0.218759 -0.009314 -0.215312 -0.130655 0.022669 -0.105497 
1.593538 -0.074309 0.575898 0.093328 -0.419350 0.167249 -0.028116 0.187788 -0.404978 -0.219587 -0.069471 -0.218172 -0.179183 0.072800 -0.061552 
1.712081 -0.157496 0.615608 0.095110 -0.367254 0.153592 -0.076769 0.171894 -0.388552 -0.236233 -0.003892 -0.198375 -0.190737 0.095118 -0.081849 
1.548856 -0.323601 0.838292 0.090321 -0.533099 0.267685 -0.110945 0.138193 -0.397353 -0.196229 0.021465 -0.293628 -0.147659 0.132798 -0.106438 
1.234367 -0.432755 1.534198 -0.289192 -0.640473 0.496452 -0.343275 0.049796 -0.251775 -0.198923 0.015573 -0.216634 -0.221114 0.214323 -0.142302 
1.205834 -0.401003 1.618255 -0.484624 -0.478835 0.495654 -0.538593 0.211673 -0.276292 -0.284553 0.059657 -0.147777 -0.293101 0.191253 -0.062179 
1.225464 -0.476245 1.696319 -0.485785 -0.481741 0.437437 -0.493326 0.160299 -0.330520 -0.195231 -0.001192 -0.127750 -0.264753 0.184898 -0.056088 
1.230482 -0.546174 1.734541 -0.312516 -0.516916 0.358305 -0.401801 0.071054 -0.397126 -0.089775 -0.016876 -0.184060 -0.152618 0.175733 -0.108884 
1.292634 -0.707057 1.718658 -0.165106 -0.525997 0.252682 -0.326540 0.080873 -0.477290 -0.051128 0.012141 -0.217138 -0.135935 0.196157 -0.161166 
1.280183 -0.811529 1.508287 -0.146521 -0.364321 0.041624 -0.198183 0.112730 -0.532101 -0.014416 -0.018143 -0.147253 -0.162706 0.167835 -0.128687 
1.276340 -0.780805 1.374780 -0.056948 -0.269728 -0.071719 -0.213977 0.126072 -0.502942 0.007105 -0.047967 -0.114879 -0.079938 0.106866 -0.117491 
1.309276 -0.783581 1.335822 0.006022 -0.265126 -0.122133 -0.260597 0.142775 -0.406499 -0.053942 -0.060431 -0.029207 -0.056691 0.089624 -0.148925 
1.390924 -0.806969 1.360120 -0.100078 -0.242260 -0.088845 -0.365368 0.232385 -0.459248 -0.027198 -0.066416 -0.062752 0.011820 0.067715 -0.173274 
1.401894 -0.842513 1.353050 -0.090250 -0.250083 -0.039542 -0.425714 0.220461 -0.397525 -0.050827 -0.047228 -0.087296 0.067781 0.058480 -0.182043 
1.430531 -0.882830 1.405560 -0.116042 -0.268549 0.005155 -0.475260 0.233645 -0.410282 -0.018816 -0.074551 -0.072804 0.093450 0.025296 -0.149698 
1.399678 -0.836403 1.384194 -0.116908 -0.258604 0.001067 -0.467541 0.224927 -0.369659 -0.060048 -0.084399 -0.036553 0.067068 0.014781 -0.154121 
1.410910 -0.935131 1.471830 -0.114506 -0.217213 0.015854 -0.522467 0.282580 -0.378799 -0.061369 -0.153184 0.016178 0.065983 -0.037149 -0.121104 
1.246789 -0.848752 1.535806 -0.068593 -0.212092 0.068074 -0.506113 0.258691 -0.362900 -0.081469 -0.168239 0.002244 0.036490 -0.060151 -0.118152 
0.990389 -0.715456 1.457365 -0.039409 -0.048275 -0.005316 -0.422247 0.264890 -0.342794 -0.095694 -0.249799 0.053041 -0.031217 -0.095056 -0.129059 
0.684291 -0.446084 1.249157 -0.073599 0.155958 -0.118349 -0.288993 0.250236 -0.335050 0.001895 -0.239842 -0.010992 0.026072 -0.076214 -0.215384 
0.390483 -0.285155 1.160820 -0.081872 0.182742 -0.188785 -0.217635 0.177507 -0.242563 0.028638 -0.255144 0.066746 0.022979 -0.066168 -0.124563 
-0.126735 -0.186021 1.299667 -0.132186 0.333211 -0.255351 -0.205573 0.211587 -0.377868 0.040698 -0.335372 0.023330 -0.001631 -0.173763 -0.059814 
-0.443774 -0.013618 1.275003 -0.174471 0.463042 -0.242672 -0.235928 0.210735 -0.328975 -0.018588 -0.344348 0.049724 -0.110014 -0.172901 0.016355 
-0.462046 -0.131472 1.336495 -0.269256 0.362674 -0.175058 -0.166505 0.173896 -0.392759 0.158528 -0.272676 -0.068267 0.034924 -0.109362 -0.061021 
-0.555364 -0.266543 1.290773 -0.373144 0.454954 -0.228323 -0.163962 0.213488 -0.254155 0.059002 -0.106660 -0.055741 0.017854 0.001766 -0.104254 
-0.600111 -0.359420 1.434245 -0.214405 0.328853 -0.306814 -0.136427 0.207983 -0.295634 -0.055147 -0.128564 -0.050207 0.026570 -0.072186 -0.150495 
-0.168082 -0.382039 1.445644 -0.184591 0.163086 -0.269564 -0.130990 0.166708 -0.434615 -0.007710 -0.153268 -0.010114 -0.111808 -0.044254 -0.002029 
0.286455 -0.509071 1.460300 0.037338 -0.061458 -0.281202 -0.055672 0.176620 -0.555671 0.004753 -0.078775 -0.114604 -0.086219 -0.006265 -0.143518 
0.670306 -0.730957 1.415342 0.201925 -0.186349 -0.156215 -0.156008 0.208090 -0.537617 -0.107845 0.026383 -0.182472 -0.180988 0.135637 -0.134458 
0.812364 -0.649383 1.478763 0.231335 -0.243635 -0.093365 -0.169917 0.328516 -0.637259 -0.051178 0.082668 -0.178792 -0.227501 0.131383 -0.061196 
0.347453 -0.362193 1.190749 0.365803 -0.197045 -0.129818 -0.078927 0.301918 -0.626518 -0.011047 0.061625 -0.219626 -0.163227 0.027262 -0.021309 
0.021645 0.066345 0.889676 0.508981 -0.233430 -0.205039 0.175868 0.159716 -0.531622 0.111900 0.037514 -0.162741 -0.122112 0.047969 0.006026 
0.014004 0.008340 0.281548 0.230844 -0.027596 0.025704 -0.079868 0.213220 -0.080065 0.027859 -0.045200 0.069147 0.009699 -0.036664 0.007324 
-0.387297 -1.725762 0.249267 0.115754 -0.008392 -0.318673 0.139391 0.331388 -0.332144 0.258903 -0.280238 0.128040 0.022816 -0.033912 -0.003942 
0.212335 -1.331766 -0.256224 0.051185 0.155104 -0.053293 -0.248944 0.227711 -0.018141 0.137033 -0.197725 0.070099 -0.029465 0.036482 -0.015662 
0.388902 -1.299441 -0.229866 -0.160258 0.108438 0.021662 -0.274589 0.259995 0.009283 0.241702 -0.246793 -0.028534 -0.081963 0.111420 0.075066 
0.702486 -1.189380 -0.357529 -0.265855 0.398478 -0.155678 -0.311819 0.206476 -0.121672 0.435310 -0.188951 -0.095883 0.022911 0.008307 0.016585 
0.242923 -0.871180 0.073933 -0.144870 0.379754 0.021337 -0.125110 0.153102 -0.257637 0.368896 -0.212387 -0.047226 0.058310 0.089088 -0.050317 
1.470826 -0.736802 0.305725 -0.005132 -0.092909 -0.136228 -0.401389 0.055549 -0.215635 0.166426 0.047089 0.062133 -0.163469 0.267837 0.054638 
1.896802 -1.100289 0.223201 -0.145864 -0.129277 -0.123769 -0.496731 0.111005 -0.216195 0.240246 0.157926 0.120468 -0.169073 0.175087 0.151612 
1.718562 -1.108266 0.161551 -0.365106 -0.001179 -0.168404 -0.463805 0.171250 -0.131453 0.219592 0.206425 0.216528 -0.257822 0.037441 0.130977 
1.613811 -1.052686 0.122356 -0.456955 -0.044538 -0.140118 -0.343600 0.104425 -0.104902 0.246094 0.235479 0.239750 -0.304899 -0.028654 0.123353 
1.627536 -1.071996 0.069254 -0.455837 -0.037928 -0.147152 -0.290146 0.058042 -0.090697 0.275578 0.227463 0.199561 -0.307693 -0.007952 0.094879 
1.659428 -1.108559 0.091630 -0.418882 -0.081334 -0.074173 -0.365150 0.058220 -0.076070 0.261638 0.264255 0.148167 -0.309829 0.069351 0.048792 
1.615568 -1.112430 0.137260 -0.429549 -0.083237 -0.048194 -0.421288 0.039183 -0.116378 0.281566 0.254897 0.158962 -0.262647 0.088517 0.077928 
1.698475 -1.232255 0.263604 -0.340454 -0.256377 0.117698 -0.531204 -0.011484 -0.108999 0.203617 0.274335 0.200334 -0.226369 0.117707 0.087843 
1.774463 -1.253809 0.258677 -0.084602 -0.417196 0.164192 -0.548722 -0.118531 -0.044956 0.080506 0.281539 0.270736 -0.290054 0.182190 0.137891 
1.984238 -1.310405 0.038157 0.278489 -0.421358 0.132514 -0.554572 -0.110502 -0.190866 0.028444 0.329468 0.076117 -0.171929 0.199102 0.104306 
1.832989 -1.225589 0.114595 0.294315 -0.381579 0.087326 -0.541369 -0.133402 -0.206861 -0.008964 0.345873 0.006337 -0.171891 0.259874 0.079320 
1.846137 -1.160502 0.267409 0.167016 -0.342066 0.110703 -0.578316 -0.079887 -0.225288 0.037076 0.298179 -0.022605 -0.170167 0.296012 0.064162 
1.764028 -0.959648 0.434688 0.098297 -0.342206 0.142385 -0.642138 -0.041526 -0.215475 -0.024218 0.261868 -0.129305 -0.100189 0.387785 0.000089 
1.293183 -0.699812 0.522407 0.087858 -0.290266 0.088266 -0.606343 -0.090758 -0.237887 0.092636 0.096432 -0.187267 0.041711 0.352647 -0.075158 
1.324757 -0.639471 0.498688 0.021574 -0.133624 0.022271 -0.749588 0.014179 -0.298174 0.049942 0.266809 -0.364129 0.051222 0.495504 -0.099619 
1.240052 -0.411615 0.464094 0.080687 -0.092173 0.003764 -0.546022 0.041368 -0.281158 0.081625 -0.006126 -0.213892 0.095254 0.206088 -0.122344 
1.250117 -0.439412 0.485155 0.116482 -0.101267 -0.037673 -0.724774 0.021686 -0.289365 0.015825 0.200635 -0.427573 0.137074 0.447571 -0.151201 
0.684730 -0.504712 0.470360 0.138047 -0.135153 -0.084950 -0.577813 -0.034923 -0.227839 0.090138 -0.090118 -0.134527 0.133878 0.222305 -0.090578 
1.198479 -0.205335 0.275776 0.172716 -0.085216 -0.110414 -0.547360 -0.115135 -0.234716 0.173599 -0.084631 -0.260015 0.176778 0.275141 -0.097113 
0.613226 -0.001371 -0.048973 0.349497 -0.280144 0.041300 -0.422807 -0.424114 -0.135753 0.070021 -0.034189 -0.107711 0.033736 0.207492 0.026311 
0.079203 0.028797 -0.138255 0.212340 -0.132015 0.052354 -0.391769 -0.390472 -0.143202 0.083749 0.111930 -0.069279 -0.043978 0.113654 0.102984 
