city021_048
GENKAI
66
-0.186967 -0.070094 -0.012113 0.228655 -0.182163 -0.013649 -0.149018 0.093081 -0.102645 -0.061633 0.076777 0.053531 -0.088506 0.027718 0.036194 
-0.050384 0.106588 -0.028534 0.117582 -0.112125 0.070045 -0.153136 -0.034636 -0.157045 -0.039917 0.067929 0.013860 -0.029875 0.004772 -0.011807 
0.587847 0.455955 0.233576 0.270687 -0.095114 0.175329 -0.011034 -0.104266 -0.099499 -0.158886 -0.116250 -0.011550 -0.107452 -0.032714 -0.088862 
0.861034 0.339831 0.194903 0.426095 -0.159936 0.101163 0.045456 -0.072345 -0.151723 0.022209 -0.074532 0.010010 -0.097661 -0.020052 0.072119 
1.029429 0.203623 0.365358 0.292756 -0.323138 0.077811 0.065118 -0.004725 -0.270443 -0.052231 -0.092770 -0.086057 -0.093400 0.005742 0.001902 
1.115447 0.325574 0.519550 0.404348 -0.371676 0.090744 -0.019008 0.021516 -0.358820 -0.122908 -0.039120 -0.241384 -0.126920 -0.014204 -0.047582 
1.244582 0.366976 0.469467 0.400152 -0.311708 0.032092 0.018258 0.086514 -0.355168 -0.138458 -0.018999 -0.248132 -0.193473 0.063864 -0.137753 
1.142016 0.457608 0.420554 0.349054 -0.190448 0.107005 -0.031229 0.063788 -0.270408 -0.180671 -0.005909 -0.234620 -0.182106 0.067480 -0.169641 
0.910010 0.309575 0.645135 0.053858 -0.322373 0.250092 -0.028387 0.090636 -0.233780 -0.170880 -0.000481 -0.151503 -0.214561 0.138463 -0.101772 
0.420781 0.304684 0.795445 0.216057 -0.205647 0.260434 -0.109724 0.060146 -0.288160 -0.227942 0.065077 -0.200577 -0.275637 0.082899 -0.063474 
0.531547 0.196565 0.932817 0.344283 -0.353836 0.212444 -0.041194 -0.018964 -0.226720 -0.160827 0.024918 -0.161908 -0.226939 0.080922 -0.070311 
0.588588 -0.767392 0.873943 -0.062431 -0.298430 0.164695 -0.152511 -0.009610 -0.140682 0.106225 -0.141706 0.099416 -0.026566 -0.021164 0.024296 
0.765677 -0.836745 1.289515 -0.137260 -0.239945 0.101593 -0.231360 0.009094 -0.276063 -0.028344 -0.141800 0.107045 -0.143194 -0.027344 0.115489 
0.925804 -0.907903 1.613180 -0.041953 -0.360190 0.164805 -0.351131 0.117794 -0.399503 -0.080076 -0.097228 -0.007919 -0.160343 -0.025474 0.111773 
1.297092 -1.079494 1.629124 -0.188577 -0.385482 0.109645 -0.366451 0.148844 -0.493890 0.017145 -0.127962 0.031604 -0.112806 -0.007522 0.120539 
1.230803 -1.034537 1.454119 -0.174905 -0.398110 -0.035923 -0.317542 0.117077 -0.440332 0.005604 -0.032109 0.020086 -0.016140 0.007076 0.087976 
1.196812 -1.062178 1.325861 -0.275518 -0.317817 -0.187381 -0.246732 0.081128 -0.414106 0.034210 -0.038312 0.078682 0.020330 0.017752 0.060954 
1.190090 -1.029500 1.171610 -0.255360 -0.290660 -0.274805 -0.256121 0.056542 -0.315822 0.006433 -0.002132 0.104121 0.067998 0.049439 0.012338 
1.036897 -0.948334 1.158868 -0.207494 -0.270157 -0.387884 -0.220987 0.069576 -0.274428 -0.003558 0.051836 0.104129 0.098808 0.035097 0.021388 
1.064078 -1.039984 1.140393 -0.290813 -0.253195 -0.469360 -0.129566 0.047898 -0.265174 0.042435 0.090180 0.127482 0.062941 0.066861 0.011362 
1.036136 -1.070591 0.998886 -0.299042 -0.281938 -0.395467 -0.130325 0.071617 -0.390492 0.109178 0.132102 0.041790 0.072633 0.115907 -0.012714 
1.262862 -1.080281 1.098688 -0.339594 -0.390904 -0.242070 -0.042642 0.186628 -0.475760 0.161363 0.107970 -0.036236 -0.007779 0.103722 0.018715 
1.333530 -0.980842 1.248905 -0.253479 -0.471918 -0.139268 -0.037785 0.253451 -0.515590 0.229970 0.090724 -0.091951 -0.032155 0.081925 0.031884 
1.457365 -0.836160 1.199598 -0.178064 -0.531446 -0.047249 -0.043060 0.190607 -0.563145 0.211960 0.080045 -0.193181 -0.001242 0.136130 0.005925 
1.496170 -0.627307 0.942232 -0.048091 -0.540885 0.058189 0.066311 0.095144 -0.592793 0.093832 -0.056003 -0.231499 -0.046194 0.142866 0.010493 
1.735795 -0.668672 0.911796 -0.018891 -0.588265 0.281568 -0.072594 -0.070981 -0.363533 -0.003755 -0.162576 -0.075949 -0.073882 0.105241 -0.036437 
1.680216 -0.664526 0.953171 0.019604 -0.547360 0.354843 -0.181782 -0.088349 -0.342732 -0.015722 -0.122221 -0.106831 -0.052902 0.084946 -0.068372 
1.682882 -0.683814 1.024872 0.032280 -0.535954 0.368799 -0.217878 -0.084728 -0.363409 -0.001230 -0.138012 -0.113368 -0.076779 0.101134 -0.091002 
1.673269 -0.549206 1.063475 0.002631 -0.558415 0.362613 -0.192574 -0.042495 -0.366258 -0.004403 -0.146775 -0.141840 -0.088807 0.103654 -0.101725 
1.570404 -0.457950 0.998272 0.102207 -0.564925 0.310508 -0.137329 -0.038890 -0.368952 -0.025168 -0.125779 -0.185390 -0.082662 0.078728 -0.106672 
1.547934 -0.436038 0.978656 0.204290 -0.568827 0.295913 -0.089824 -0.120912 -0.319318 -0.027599 -0.141822 -0.158131 -0.122702 0.106976 -0.136751 
1.404361 -0.222672 0.841619 0.218246 -0.616549 0.300323 0.025272 -0.106896 -0.316002 -0.029695 -0.139621 -0.206556 -0.094744 0.062232 -0.091388 
1.252232 0.155162 0.567773 0.183321 -0.754525 0.221739 0.195324 -0.020094 -0.225704 -0.022597 -0.153111 -0.276836 -0.114407 0.034159 -0.004796 
0.983454 0.381937 0.480470 0.333600 -0.412810 0.049566 -0.031190 -0.032680 -0.283741 -0.130945 -0.073322 -0.155198 -0.136601 0.038736 -0.093254 
0.658975 0.252103 0.539369 0.310939 -0.524845 0.079387 -0.003555 -0.092659 -0.133710 -0.048994 -0.001382 -0.042673 -0.063014 0.056139 -0.027162 
0.541729 -0.015895 0.010534 0.098576 -0.444286 -0.142142 -0.196714 -0.020619 -0.091284 0.161857 0.110562 -0.010720 0.041613 0.161143 -0.101392 
0.508222 0.116081 0.061482 0.104498 -0.381439 -0.123781 -0.236091 -0.005458 -0.142471 0.172990 -0.000825 0.002008 0.145663 0.016384 -0.016633 
0.390073 -0.175429 0.031227 0.054273 -0.524054 -0.111368 -0.256267 -0.025574 -0.128135 0.143561 0.168677 0.031856 0.087589 0.096302 0.008056 
0.299823 -0.035285 0.154834 -0.011655 -0.555477 -0.097441 -0.243289 -0.062829 -0.075805 0.170834 0.093804 0.043481 0.105604 0.128203 -0.099879 
1.504561 -0.692853 -0.105834 -0.002227 -0.269666 -0.103548 -0.264431 -0.026690 -0.109390 0.056492 -0.176601 0.135425 0.262977 0.033352 -0.070802 
1.338824 -0.887391 -0.041325 -0.123908 0.056852 -0.142830 -0.405581 -0.083265 -0.072949 0.301202 -0.150768 -0.039053 0.233776 0.115418 -0.152319 
1.101114 -0.835015 -0.017697 -0.143867 0.207684 -0.193836 -0.476198 -0.037170 -0.095936 0.294663 -0.064677 0.003929 0.041672 0.163169 -0.053781 
1.728911 -0.918118 0.285852 -0.135273 -0.006006 -0.121967 -0.491137 -0.052091 -0.262129 0.303385 -0.051560 0.004381 -0.008685 0.256032 0.057983 
1.629995 -1.007735 0.340832 -0.229217 0.050270 -0.256565 -0.408560 -0.074264 -0.213448 0.290319 0.123721 0.011121 -0.068890 0.206866 0.175811 
1.631628 -1.012842 0.320445 -0.429802 0.047869 -0.200769 -0.369692 0.014308 -0.225576 0.387868 0.176364 0.035202 -0.108011 0.086563 0.151021 
1.522557 -1.068996 0.234508 -0.548628 0.044581 -0.158853 -0.362450 0.038822 -0.197205 0.331272 0.227108 0.131251 -0.122351 -0.035210 0.094380 
1.458082 -1.226672 0.173522 -0.602382 0.057108 -0.175816 -0.309178 0.123316 -0.133648 0.299479 0.226012 0.114849 -0.159352 -0.061198 0.005397 
1.361587 -1.298005 0.168583 -0.592170 0.062874 -0.184494 -0.328567 0.110568 -0.058040 0.320019 0.246805 0.055377 -0.172260 -0.071121 0.020973 
1.378691 -1.270896 0.147530 -0.560145 0.075009 -0.230836 -0.341126 0.111866 -0.029189 0.303000 0.241592 0.045533 -0.150262 -0.015458 -0.024040 
1.327233 -1.212430 0.131451 -0.430353 0.132242 -0.358234 -0.434073 0.213641 0.007046 0.261221 0.200324 0.018313 -0.102584 0.046991 0.000423 
1.449750 -1.119197 0.086967 -0.250123 0.129444 -0.481349 -0.459901 0.267421 0.001093 0.219091 0.194263 0.024539 -0.116036 0.163064 -0.030813 
1.534299 -1.176744 0.142482 -0.079190 0.001043 -0.528316 -0.407714 0.233030 -0.016634 0.178312 0.111199 0.061526 -0.002850 0.188772 -0.112737 
1.611311 -1.377379 0.506299 -0.036315 -0.293761 -0.322576 -0.458558 0.223262 -0.114852 0.265057 -0.103692 0.187892 0.168985 0.002407 -0.030651 
1.491294 -1.324508 0.759619 -0.079351 -0.366592 -0.259878 -0.444062 0.197187 -0.196680 0.225024 -0.155990 0.235153 0.184461 -0.006024 -0.014884 
1.285914 -1.115542 0.916634 -0.064743 -0.381813 -0.253099 -0.377279 0.101186 -0.238881 0.154606 -0.215475 0.299299 0.127714 -0.020650 0.056245 
1.160910 -1.030898 1.126552 -0.034103 -0.468829 -0.166756 -0.403838 0.059782 -0.306674 0.109967 -0.227882 0.309232 0.068914 -0.010704 0.111795 
0.936951 -0.822655 1.219759 -0.062190 -0.481780 -0.050842 -0.370112 -0.033634 -0.340055 0.023762 -0.193024 0.241650 -0.056487 0.023913 0.183234 
0.952601 -0.767057 1.395787 -0.147600 -0.397999 0.051762 -0.401020 0.021949 -0.365567 -0.029480 -0.182831 0.188679 -0.176343 0.056619 0.162329 
0.815619 -0.355620 1.219513 -0.164922 -0.315643 0.082504 -0.313933 0.017757 -0.350558 -0.093320 -0.145150 0.124535 -0.264431 0.084071 0.130896 
0.560131 -0.093276 0.982605 -0.055006 -0.230061 0.037205 -0.242442 -0.028146 -0.276581 -0.114283 -0.158604 0.120396 -0.252346 0.051133 0.124389 
0.700584 -0.119141 1.077085 -0.082724 -0.236837 0.207177 -0.274532 -0.016236 -0.308090 -0.119101 -0.177603 0.044743 -0.298632 0.090761 0.039355 
0.559014 -0.009451 1.043441 -0.110814 -0.226712 0.183818 -0.267290 0.061784 -0.334010 -0.174425 -0.052212 -0.021152 -0.295053 0.101042 0.064826 
0.339578 -0.034098 0.715339 -0.063264 -0.054848 0.120599 -0.353958 0.015557 -0.173590 -0.058093 -0.142375 0.066880 -0.125189 0.034460 0.048524 
0.377203 -0.055452 0.900066 -0.048750 0.039971 0.121064 -0.324324 0.109265 -0.383069 -0.096358 -0.146438 0.044005 -0.340215 0.077781 0.044682 
0.495292 0.215444 0.216572 0.099515 -0.280862 -0.007557 -0.206000 0.069137 -0.018806 -0.124003 -0.022627 0.084526 -0.009743 -0.019053 -0.004471 
0.112531 -0.004073 -0.142543 -0.028649 -0.295132 -0.040176 -0.231413 -0.070982 -0.025159 0.086781 0.061569 0.101190 -0.020817 0.060960 0.016416 
