city021_047
GUNMA
60
-0.063758 -0.084240 -0.046030 -0.054943 -0.272752 -0.104017 -0.278887 -0.046590 -0.001748 0.060642 0.092461 0.090499 0.032311 0.040579 0.024343 
-0.099683 -0.186412 0.374289 0.143286 -0.565352 0.133987 0.244083 -0.121532 -0.067376 0.189573 -0.075177 -0.070994 0.070203 0.006585 -0.036790 
0.505042 0.192419 0.440754 0.335617 -0.336788 -0.019181 0.061571 -0.290567 -0.236477 0.030558 -0.139500 -0.123678 -0.039670 0.109654 -0.122079 
1.059764 0.447907 0.347565 0.254325 -0.360497 0.079451 0.122752 -0.118473 -0.309412 -0.098863 -0.101640 -0.262017 -0.084158 0.066771 -0.118621 
1.138223 0.617931 0.516281 0.154955 -0.390070 0.064300 0.114644 -0.057629 -0.224767 -0.068277 -0.125230 -0.301256 -0.118934 0.025263 -0.179840 
1.107666 0.556535 0.496636 0.104437 -0.468157 0.233575 0.201939 -0.093777 -0.165881 -0.102808 -0.213255 -0.251549 -0.159314 0.033087 -0.078912 
1.144787 0.543679 0.357154 0.076928 -0.359807 0.151887 0.078639 0.009057 -0.211054 -0.111126 -0.143203 -0.261666 -0.026927 -0.044909 -0.051291 
0.627854 0.475975 0.388071 0.313309 -0.007114 0.236949 -0.035512 -0.152174 -0.137024 -0.120623 -0.145101 -0.147467 -0.098864 -0.094448 -0.113268 
0.739555 0.355324 0.375223 0.361768 -0.015657 0.122851 -0.064281 -0.020329 -0.299471 -0.096632 -0.136694 -0.150706 -0.102907 -0.146325 0.007012 
0.706233 0.619066 0.424802 0.195485 -0.017836 0.154481 -0.089138 -0.030103 -0.158609 -0.208256 -0.085872 -0.128696 -0.156964 -0.038397 -0.071252 
0.710340 0.454469 0.337566 0.270104 0.042751 0.099360 -0.077093 0.041218 -0.225287 -0.225920 -0.081377 -0.114539 -0.134182 -0.092870 -0.075650 
0.733408 0.365569 0.277498 0.365678 0.036248 0.089463 -0.039794 -0.028499 -0.241589 -0.152382 -0.060813 -0.162117 -0.111393 -0.050559 -0.103964 
1.050858 -1.089306 -0.245299 -0.206425 0.298902 -0.097801 -0.126923 0.038180 -0.122623 0.258612 -0.159840 0.121645 -0.129599 0.102232 -0.034815 
1.318220 -0.749975 0.190511 -0.004961 0.334827 -0.139665 -0.173250 -0.077708 -0.255144 0.279966 -0.172909 -0.000594 -0.128670 0.202118 -0.050687 
1.474602 -0.431066 0.558734 0.199942 0.196020 -0.130904 -0.343246 0.076478 -0.392303 0.063385 -0.119474 -0.167143 -0.180972 0.190380 -0.015495 
1.589350 -0.493996 0.578261 0.128342 0.144895 -0.101756 -0.310595 0.081908 -0.441926 0.077651 -0.125046 -0.161597 -0.146116 0.162788 -0.025679 
1.682146 -0.476711 0.657608 0.161522 0.052710 -0.120089 -0.330947 0.084023 -0.422543 0.095294 -0.145342 -0.168124 -0.089023 0.167207 -0.029113 
1.800949 -0.618213 0.801603 0.170881 -0.017381 -0.049150 -0.402732 0.102921 -0.402930 0.072372 -0.099323 -0.193577 -0.084019 0.219698 -0.077882 
1.807752 -0.686521 0.803076 0.053231 -0.013881 -0.066911 -0.355329 0.063750 -0.418555 0.072279 -0.110250 -0.136430 -0.109195 0.210824 -0.053503 
1.771291 -0.720631 0.861003 -0.010549 0.006351 -0.038655 -0.396297 0.039495 -0.439888 0.144497 -0.095575 -0.146651 -0.074662 0.179788 0.033714 
1.835268 -0.778571 0.908517 -0.052035 -0.020876 0.020299 -0.444536 0.046707 -0.442042 0.192281 -0.110066 -0.125305 -0.055148 0.171551 0.035328 
1.869558 -0.770844 0.881541 -0.149475 0.019824 0.044429 -0.441490 0.061310 -0.468390 0.156544 -0.085968 -0.123716 -0.087433 0.178610 0.005242 
1.849697 -0.712952 0.713754 -0.144118 0.003389 0.165413 -0.380633 -0.043106 -0.501477 0.126463 0.018252 -0.157324 -0.121567 0.171898 -0.051130 
2.055748 -0.687066 0.579715 -0.115404 -0.204122 0.312756 -0.332548 -0.109021 -0.415300 0.030961 0.086090 -0.147946 -0.085764 0.224367 -0.188821 
1.914230 -0.650690 0.662392 -0.014390 -0.381897 0.308912 -0.200662 -0.018110 -0.346566 -0.096430 -0.001418 -0.182864 -0.033423 0.192166 -0.189039 
1.399679 -0.421806 0.883405 0.033385 -0.371698 0.384214 0.019420 -0.242830 -0.347233 -0.040645 -0.248058 -0.059039 -0.183155 0.093250 -0.137355 
1.386035 -0.486023 0.985554 0.000417 -0.386287 0.426266 -0.008876 -0.262073 -0.357782 0.007320 -0.308295 -0.009780 -0.209040 0.076153 -0.096671 
1.349004 -0.507426 0.968388 0.036428 -0.356466 0.400647 -0.019609 -0.241525 -0.370965 0.021906 -0.292581 -0.016528 -0.204053 0.050810 -0.072190 
1.292731 -0.557491 0.999006 0.004825 -0.255293 0.375246 -0.047507 -0.203944 -0.408568 0.065831 -0.282635 -0.034390 -0.173540 -0.008327 -0.043610 
1.342241 -0.568361 1.127176 -0.016671 -0.282889 0.446612 -0.123910 -0.202863 -0.340815 0.059476 -0.278963 -0.033331 -0.204430 0.031258 -0.072846 
1.337914 -0.487751 1.100799 -0.019976 -0.277065 0.422390 -0.130975 -0.213587 -0.314996 0.104696 -0.321224 -0.003762 -0.185875 0.026698 -0.071629 
1.353184 -0.410603 1.025954 -0.070746 -0.292829 0.357330 -0.088068 -0.157646 -0.321057 0.082482 -0.320944 0.008512 -0.139496 -0.003831 -0.027956 
1.403428 -0.443884 1.038985 -0.011936 -0.368202 0.403463 -0.170206 -0.208209 -0.245196 0.088060 -0.292712 0.005873 -0.108703 0.011980 -0.051386 
1.335628 -0.372044 0.966563 -0.007784 -0.337952 0.376546 -0.102302 -0.217760 -0.240792 0.043213 -0.303309 0.032474 -0.158857 0.027214 -0.057393 
1.217343 -0.383263 0.988652 -0.151592 -0.218699 0.349147 0.041293 -0.254891 -0.325018 0.128760 -0.441562 0.089852 -0.118768 -0.078573 -0.006030 
1.213784 -0.365120 0.962108 -0.064264 -0.266148 0.330100 0.041581 -0.246819 -0.313721 0.096943 -0.394119 0.061804 -0.157821 -0.030453 -0.016901 
1.225248 -0.361174 0.966671 -0.126898 -0.224308 0.320214 0.052190 -0.193185 -0.372037 0.105993 -0.401154 0.055332 -0.149958 -0.029028 -0.011835 
1.133003 -0.347260 0.921176 -0.076237 -0.263530 0.373810 0.072010 -0.259711 -0.334277 0.067031 -0.381834 0.058187 -0.145624 -0.047719 -0.011136 
1.151136 -0.351175 0.876431 -0.065248 -0.286523 0.397125 0.104453 -0.263558 -0.349723 0.044198 -0.373430 0.066227 -0.154256 -0.018732 -0.025824 
1.145552 -0.385626 0.941291 -0.136129 -0.280880 0.384069 0.135569 -0.237890 -0.368149 0.045829 -0.374158 0.073954 -0.172676 0.032172 -0.022604 
1.189426 -0.360022 0.871243 -0.108735 -0.311657 0.364158 0.165763 -0.228051 -0.366064 0.036064 -0.386364 0.075948 -0.145587 0.010126 0.009689 
1.170120 -0.347100 0.872933 -0.195957 -0.230147 0.333357 0.184259 -0.183185 -0.386474 0.044684 -0.399023 0.112835 -0.152124 0.027301 0.020987 
1.181774 -0.321165 0.818013 -0.165789 -0.291272 0.383176 0.220605 -0.214262 -0.358338 -0.002538 -0.389596 0.093345 -0.124449 0.034492 0.021504 
1.407355 -0.395119 0.672766 -0.089200 -0.418624 0.339232 0.140078 -0.159956 -0.347906 -0.061547 -0.307205 0.038152 -0.077018 0.055467 0.052805 
1.932716 -0.574402 0.392091 -0.583425 -0.426053 0.389694 -0.104872 -0.027238 -0.358191 0.105111 0.102842 0.165170 0.031239 0.186443 -0.191195 
1.898651 -0.854964 -0.006369 -0.619272 -0.365335 0.336324 -0.068739 0.078087 -0.298775 0.254006 0.156917 0.057059 -0.060310 -0.011880 -0.144763 
1.782074 -0.964543 0.081494 -0.692720 -0.308777 0.372561 -0.077567 0.170901 -0.312280 0.302362 0.148299 -0.014254 -0.096431 -0.083730 -0.151904 
1.796655 -0.939043 -0.014037 -0.679238 -0.317589 0.353321 -0.120141 0.157097 -0.295081 0.333780 0.136422 -0.024433 -0.069644 -0.090011 -0.142523 
1.574779 -0.993146 0.014145 -0.734134 -0.323845 0.306381 -0.103178 0.195653 -0.306380 0.340406 0.126507 0.001981 -0.059287 -0.110304 -0.133017 
1.625697 -0.957830 -0.116730 -0.660925 -0.398640 0.413985 -0.021778 0.104641 -0.196091 0.252788 0.211132 -0.057506 -0.179625 -0.093769 -0.164244 
1.755674 -1.085598 0.002367 -0.684646 -0.394168 0.399879 -0.042002 0.160584 -0.267813 0.322600 0.128522 0.007652 -0.191705 -0.091818 -0.121034 
1.641784 -1.142413 -0.057307 -0.617215 -0.362137 0.318161 -0.010057 0.153826 -0.268109 0.336662 0.039554 -0.008408 -0.095941 -0.090514 -0.068737 
0.977440 -1.241388 -0.148946 -0.644081 -0.239391 0.218442 -0.051910 0.240960 -0.314764 0.370540 0.185835 -0.091601 -0.100589 -0.196150 -0.195020 
1.536830 -1.095495 -0.286311 -0.605227 -0.289999 0.294694 -0.043937 0.185948 -0.268931 0.290007 0.181954 -0.068494 -0.125398 -0.079214 -0.163140 
1.129465 -0.617436 -0.443920 -0.626577 -0.267313 0.240277 0.016783 0.151421 -0.247703 0.296060 0.260502 -0.144492 -0.101365 -0.139589 -0.196379 
1.363454 -1.060938 -0.417169 -0.351417 -0.289882 0.246576 -0.053524 0.145206 -0.189328 0.166484 0.167895 -0.077079 -0.069509 0.002497 -0.102398 
1.236780 -1.065934 -0.348432 -0.545087 -0.283026 0.271086 -0.014389 0.166284 -0.249596 0.313435 0.227316 -0.095047 -0.230265 -0.105588 -0.136122 
1.269322 -0.867566 -0.373348 -0.285094 -0.248428 0.290344 -0.122667 0.137121 -0.209013 0.068137 0.254693 -0.135997 -0.026000 0.048844 -0.085876 
1.080944 -1.024032 -0.346746 -0.505058 -0.344487 0.304234 -0.034694 0.157364 -0.185511 0.138872 0.358739 -0.110025 -0.194954 -0.063361 -0.211761 
0.857664 -0.158339 -0.739010 -0.419418 -0.321238 0.264427 0.067391 -0.168575 0.002529 0.204023 0.192756 0.050669 -0.145751 -0.131879 -0.230295 
