city021_073
SHOOWAJIMA
81
-0.474318 -0.054251 1.108663 -0.701284 0.467479 0.345897 -0.272806 0.419525 -0.277380 0.203783 0.048047 -0.036022 0.056227 0.072458 -0.095274 
-0.814719 -0.065379 1.115136 -0.708735 0.478397 0.183265 -0.237147 0.302888 -0.255625 0.172214 0.030578 -0.078182 0.026886 0.095730 -0.141114 
-1.325575 -0.361932 0.834906 -1.030185 0.400531 0.029310 -0.221138 0.275501 -0.290195 0.216003 -0.026713 -0.094816 0.058792 0.059204 -0.153143 
-1.263521 -0.531440 0.903394 -0.965336 0.210181 0.043656 -0.263220 0.253190 -0.158567 0.182714 -0.033843 -0.110788 0.111189 0.026292 -0.171894 
-1.163123 -0.513241 1.218753 -0.887996 0.351712 0.107181 -0.358546 0.230069 -0.126734 0.082955 -0.026736 -0.047045 0.061049 0.026978 -0.107432 
-1.413781 -0.478648 1.151821 -0.809891 0.336854 -0.012730 -0.322138 0.245804 -0.088171 0.040084 -0.057935 0.026554 0.041401 -0.019072 -0.036453 
-1.229975 -0.555391 1.170658 -0.878866 0.315494 0.126086 -0.440656 0.238901 -0.076036 0.052410 -0.019108 -0.051510 0.073505 0.008457 -0.074069 
-1.349613 -0.741007 1.141636 -0.871268 0.230546 0.099662 -0.357233 0.238328 -0.035799 -0.032682 0.087202 -0.111857 0.054208 0.077644 -0.158879 
-1.177804 -0.481058 1.414093 -0.871151 0.295566 0.421847 -0.122504 0.147007 -0.021048 0.001657 0.083562 0.006107 -0.021435 0.108760 -0.071579 
-1.192276 -0.861745 1.127113 -0.927056 0.029711 0.123585 -0.173117 0.137344 0.030689 -0.009365 -0.003568 0.004792 -0.019816 0.003768 0.017923 
-0.916513 -0.820884 1.241918 -0.725727 0.200496 0.062914 -0.295766 0.111234 0.019879 0.008717 -0.078319 0.082330 -0.040380 0.020605 0.015812 
-0.695651 -1.213853 0.855970 -0.639832 0.073900 0.168265 -0.295094 0.230624 0.025945 -0.077674 -0.029682 0.118113 -0.137696 0.066876 0.036326 
0.137423 -0.623174 1.155297 -0.174393 0.140188 0.094079 -0.449115 0.106621 -0.027825 -0.025986 -0.237552 0.104833 -0.075880 0.045123 -0.013902 
1.742418 -0.864714 0.854257 0.258177 -0.217099 0.176768 -0.566627 -0.021338 -0.052411 -0.115460 -0.174627 -0.151371 -0.009413 0.219949 -0.204575 
1.766907 -0.813771 0.885104 0.044385 -0.109104 0.000088 -0.523339 -0.074220 -0.246915 0.098907 -0.148737 -0.105587 -0.032122 0.274024 -0.022661 
1.901984 -0.664044 0.657652 -0.140093 -0.065717 -0.082333 -0.417131 -0.034360 -0.379898 0.102898 -0.021254 -0.096745 -0.043128 0.263242 -0.009613 
2.011402 -0.591612 0.508289 -0.263846 -0.139348 0.073717 -0.309620 -0.104998 -0.468398 0.019812 0.078587 -0.019036 -0.081828 0.242240 -0.057267 
1.977594 -0.634486 0.293095 -0.363313 0.025220 0.072394 -0.303883 -0.118056 -0.546885 0.039407 0.037661 -0.011480 0.003472 0.164791 -0.034764 
1.940063 -0.753890 0.201105 -0.283145 -0.008391 0.025925 -0.287981 -0.039133 -0.500382 -0.077707 -0.042469 -0.015797 0.115028 0.218050 -0.052353 
1.991847 -0.860437 0.161984 -0.214300 -0.039793 -0.006013 -0.250868 -0.012591 -0.521537 -0.075721 -0.116833 -0.004170 0.225723 0.207454 -0.106524 
2.004337 -0.739343 0.223698 -0.347656 -0.032143 -0.023350 -0.269140 -0.051841 -0.350369 -0.030543 -0.210870 -0.048726 0.170821 0.270540 -0.079827 
2.048623 -0.823458 0.313632 -0.372280 -0.078044 -0.046928 -0.292563 0.106965 -0.352789 -0.122014 -0.237218 -0.029819 0.184785 0.278660 -0.095775 
1.983312 -0.671119 0.241914 -0.440983 -0.009070 -0.052255 -0.319277 0.124449 -0.278649 -0.175235 -0.268226 0.101954 0.137048 0.196574 0.015146 
2.076733 -0.679612 0.217692 -0.448253 0.015295 -0.078784 -0.272671 0.055897 -0.298734 -0.061305 -0.300830 0.069732 0.070304 0.244178 0.079335 
2.069565 -0.609842 0.264872 -0.467099 0.001527 -0.072878 -0.307931 0.037935 -0.293681 -0.032690 -0.216220 0.018893 0.015284 0.262747 0.051746 
2.078410 -0.584014 0.309472 -0.486247 -0.023638 -0.065806 -0.335379 0.060286 -0.271703 0.003600 -0.238228 -0.003106 0.021578 0.238308 0.047443 
2.041318 -0.562736 0.381758 -0.489326 -0.121978 -0.060610 -0.293041 0.063418 -0.257207 0.015409 -0.259728 -0.042069 0.042438 0.231628 0.004031 
1.974127 -0.468513 0.371125 -0.470513 -0.202588 -0.070332 -0.231780 0.045902 -0.198332 -0.021377 -0.247061 -0.055034 0.043529 0.208700 -0.017959 
1.982126 -0.451570 0.401496 -0.483763 -0.245155 -0.097097 -0.202331 0.065703 -0.192081 0.000108 -0.265011 -0.081384 0.015811 0.216768 -0.023378 
1.975312 -0.434227 0.397389 -0.472409 -0.272450 -0.082047 -0.195882 0.051479 -0.152176 -0.030105 -0.264339 -0.064858 0.000950 0.210641 -0.022009 
2.019515 -0.404151 0.444597 -0.445480 -0.415798 0.012023 -0.207237 0.061521 -0.145508 -0.062407 -0.208083 -0.105964 -0.011188 0.208786 -0.060947 
2.095587 -0.250174 0.613370 -0.629905 -0.511894 0.097913 -0.217171 0.133583 -0.227140 -0.007538 -0.200350 -0.197146 -0.045415 0.194651 -0.081211 
1.986058 0.022890 0.577884 -0.650021 -0.640770 0.232100 -0.190330 0.065058 -0.151478 -0.106568 -0.124315 -0.246658 -0.005290 0.230246 -0.104535 
2.010681 0.054332 0.599229 -0.700051 -0.588502 0.219404 -0.191326 0.118969 -0.204341 -0.048818 -0.159839 -0.247362 -0.000802 0.196559 -0.073686 
1.977115 -0.000681 0.597806 -0.709506 -0.630330 0.237006 -0.182703 0.108295 -0.189134 -0.060896 -0.166924 -0.191503 -0.011265 0.240780 -0.043970 
2.043952 -0.219999 0.595264 -0.787373 -0.507584 0.141682 -0.144878 0.120087 -0.247641 0.003023 -0.214475 -0.096706 -0.029982 0.290304 -0.028665 
1.987947 -0.629288 0.408983 -0.614350 -0.270645 -0.051017 -0.212912 0.172897 -0.211958 -0.039103 -0.243030 -0.017862 0.042483 0.258962 0.032901 
1.968932 -0.825282 0.320501 -0.571102 -0.301216 -0.060058 -0.222944 0.162590 -0.173570 -0.067494 -0.195506 0.032427 0.153804 0.283958 -0.004365 
1.798131 -1.111015 0.291901 -0.555384 -0.199441 -0.095591 -0.235286 0.096337 -0.263662 0.031446 -0.018159 0.154633 0.231741 0.222201 -0.131221 
1.454533 -1.028449 0.349246 -0.618355 -0.221183 -0.156404 -0.021187 -0.025693 -0.375395 0.066744 0.172181 0.305995 0.063209 0.091970 0.028979 
1.606807 -1.065915 0.305344 -0.597740 -0.117780 -0.167432 -0.085103 -0.146670 -0.293779 0.212425 0.210701 0.205423 0.004037 0.121417 -0.027587 
1.558529 -0.853769 0.340616 -0.531998 -0.080516 -0.145559 -0.185969 -0.220610 -0.185935 0.268647 0.270709 0.096450 -0.080456 0.130540 0.070434 
1.531688 -0.832164 0.435321 -0.474914 -0.024072 -0.206749 -0.257632 -0.220548 -0.134094 0.325287 0.211139 0.046004 -0.073218 0.185445 0.090028 
1.465770 -0.859573 0.556153 -0.434092 0.031298 -0.293000 -0.333691 -0.221418 -0.048110 0.340126 0.085856 -0.000327 0.045938 0.208175 0.096921 
1.576031 -0.969223 0.578359 -0.464277 0.019560 -0.184480 -0.512037 -0.088306 -0.078879 0.291414 -0.047616 -0.010517 0.173195 0.178784 0.004383 
1.610537 -1.015519 0.791676 -0.299499 -0.019133 -0.067211 -0.549698 -0.007186 -0.156434 0.220355 -0.247832 0.010436 0.193261 0.077000 -0.025376 
1.450743 -0.835975 0.805655 -0.141295 0.172136 0.002237 -0.475248 -0.093960 -0.174609 0.138284 -0.426809 -0.018803 0.042718 0.081024 -0.103342 
0.864301 -0.314206 0.812410 -0.068095 0.334273 -0.217172 -0.268237 -0.170176 -0.115016 0.201588 -0.462916 -0.056240 0.087927 0.009659 -0.082812 
0.707234 -0.146653 0.828398 -0.042997 0.277771 -0.196280 -0.299742 -0.136700 0.018713 0.081584 -0.316701 -0.042073 0.075437 0.086779 -0.099321 
0.591012 -0.172690 0.831055 -0.133833 0.306489 -0.306197 -0.253948 -0.050120 0.000533 0.050235 -0.282634 0.012421 0.131281 0.010980 -0.103957 
0.556348 -0.320089 0.950893 -0.287173 0.410149 -0.346170 -0.289057 0.067288 -0.223663 0.171998 -0.366765 -0.011397 0.204555 -0.117098 -0.029332 
0.554627 -0.439892 1.163591 -0.257091 0.222708 -0.193215 -0.394913 0.095742 -0.214383 0.028016 -0.210478 -0.066768 0.108988 0.014317 -0.102320 
0.625695 -0.514901 1.179977 -0.222938 0.195989 -0.182296 -0.440644 0.100953 -0.190582 -0.028156 -0.177061 -0.101318 0.114658 0.065831 -0.182506 
0.808305 -0.586763 1.197732 -0.154754 0.098556 -0.136405 -0.445400 0.118359 -0.242128 0.017564 -0.242852 -0.061213 0.113769 0.042459 -0.199937 
1.030936 -0.734271 1.124973 -0.042441 -0.045223 -0.119460 -0.358770 0.080007 -0.244555 -0.045416 -0.185687 -0.029734 0.042279 0.066737 -0.195820 
1.076669 -0.880808 1.218043 0.016090 -0.079921 -0.119105 -0.414417 0.107082 -0.214483 -0.092276 -0.172337 -0.012984 0.013347 0.119931 -0.181923 
1.227743 -1.031655 1.184931 0.169480 -0.228445 -0.005243 -0.456829 0.085456 -0.174994 -0.163482 -0.160743 -0.006095 -0.006321 0.084528 -0.124862 
1.572130 -1.137945 1.162291 0.265229 -0.430501 0.011526 -0.433789 0.078901 -0.097000 -0.117038 -0.121415 0.084397 -0.003164 0.148650 -0.142391 
1.882778 -1.250597 0.941675 0.218672 -0.430669 0.162811 -0.405230 0.052349 -0.039539 -0.027956 -0.083572 0.062285 -0.077522 0.167837 -0.072406 
1.777415 -0.734374 0.788010 0.169315 -0.343798 0.362741 -0.306969 -0.056041 -0.152719 -0.211353 -0.014664 0.063248 -0.246414 0.054992 0.009112 
1.605649 -0.624755 0.872616 0.051084 -0.338911 0.397186 -0.218073 -0.028973 -0.278452 -0.247731 -0.009487 -0.005339 -0.274379 0.090025 -0.024825 
1.585058 -0.676162 0.866892 0.009218 -0.247565 0.358642 -0.162321 -0.021683 -0.451157 -0.085597 -0.038697 -0.060133 -0.221524 0.113082 -0.074605 
1.469800 -0.648900 0.845231 0.006652 -0.304284 0.361332 -0.063570 -0.070253 -0.431601 -0.099646 -0.034737 -0.103421 -0.141731 0.102901 -0.105404 
1.560753 -0.704552 0.859638 -0.082568 -0.317877 0.370925 0.016412 -0.060013 -0.459151 -0.031469 -0.134289 -0.020706 -0.112672 0.093425 -0.056627 
1.733950 -0.768377 0.813662 -0.124587 -0.372504 0.380276 0.082215 -0.017303 -0.463508 -0.046757 -0.179773 0.008300 -0.080353 0.131828 -0.031062 
1.993346 -0.802706 0.608111 -0.390615 -0.413291 0.283075 -0.021434 0.095257 -0.352938 0.054740 -0.097832 0.036589 -0.029838 0.184377 -0.006698 
1.820202 -0.936076 0.188176 -0.687486 -0.305599 0.139807 -0.098862 0.136294 -0.260109 0.147488 0.241528 0.045809 -0.106487 0.150178 -0.136257 
1.672435 -0.903550 0.144259 -0.718844 -0.189888 0.105127 -0.053399 0.121822 -0.208899 0.168720 0.261379 -0.006877 -0.164737 0.080344 -0.113523 
1.726476 -0.993538 0.145831 -0.763470 -0.166870 0.132813 -0.056002 0.141131 -0.221266 0.198387 0.252597 -0.013368 -0.196701 0.066914 -0.117778 
1.663263 -0.933818 0.096801 -0.781975 -0.163077 0.149539 -0.019224 0.154303 -0.212426 0.171834 0.275746 -0.014266 -0.222349 0.028723 -0.115502 
1.719647 -0.968858 0.079125 -0.781301 -0.161528 0.148562 -0.007626 0.176589 -0.207550 0.131309 0.295642 -0.003238 -0.267276 0.057161 -0.131718 
1.753937 -0.932331 0.043375 -0.785824 -0.148439 0.143935 0.016498 0.205618 -0.240926 0.144723 0.262332 0.023517 -0.294766 0.067064 -0.128421 
1.822395 -0.896954 0.007594 -0.779353 -0.173345 0.181245 0.029824 0.206751 -0.253886 0.146109 0.239344 -0.014646 -0.235620 0.065843 -0.132169 
1.798025 -0.843411 -0.027627 -0.738980 -0.196038 0.208296 0.043581 0.176400 -0.263275 0.107983 0.268381 -0.042468 -0.180499 0.087763 -0.150731 
1.978885 -0.903254 -0.029429 -0.701501 -0.212373 0.260007 -0.017840 0.197107 -0.321853 0.110729 0.262294 -0.012506 -0.175409 0.115883 -0.149170 
1.989649 -0.743181 -0.144172 -0.536493 -0.239546 0.297275 -0.046219 0.137118 -0.326492 0.060938 0.280513 -0.106818 -0.057703 0.148916 -0.147603 
2.076728 -0.801023 -0.132889 -0.487293 -0.280477 0.367312 -0.108367 0.160801 -0.270034 0.066726 0.285173 -0.124075 -0.151144 0.193601 -0.184517 
1.891921 -0.680505 -0.344646 -0.364818 -0.113106 0.447096 -0.074574 0.056132 -0.353638 0.009422 0.280579 -0.089341 -0.046104 0.105310 -0.145748 
1.713666 -0.335064 -0.257607 -0.310084 0.053720 0.257794 -0.139438 -0.087082 -0.423045 0.166903 0.207000 -0.098776 0.026273 -0.012786 -0.096145 
1.189754 -0.324979 -0.486231 -0.394428 -0.125355 0.306226 -0.035862 -0.020670 -0.166348 0.200645 0.230548 -0.136708 -0.083709 -0.077848 -0.110654 
1.341282 -0.110840 -0.143652 -0.241969 -0.240691 0.250921 0.044889 0.019504 -0.095316 0.192485 0.104685 -0.110988 -0.001522 -0.022553 -0.028006 
