city021_026
HARAJUKU
78
-0.108394 -0.115546 -0.158827 0.096188 -0.309734 0.146609 -0.145034 0.084142 -0.023732 -0.029218 0.017198 0.059338 -0.054498 0.026938 -0.013164 
0.154845 -0.064260 -0.167061 0.144121 -0.255287 0.275952 -0.072548 -0.054767 -0.111685 0.077827 0.064446 -0.096749 0.035871 0.071720 -0.141266 
1.009535 0.168369 -0.096087 0.295730 0.054684 0.153216 -0.122643 0.042125 0.077776 0.172597 -0.114205 -0.071036 0.109648 0.052773 -0.113810 
1.390614 0.038352 0.214610 0.101873 0.230152 0.091567 -0.296949 0.157924 -0.205312 0.137005 -0.192478 -0.094831 0.034160 -0.007549 -0.039567 
1.371421 -0.255283 0.297352 -0.143345 0.205202 0.259418 -0.238507 0.198738 -0.035878 0.164766 -0.204553 0.105001 0.004295 -0.010293 0.025832 
1.044880 -0.423524 0.169219 -0.233082 0.293571 0.064126 -0.325636 0.173932 -0.270354 0.095485 -0.244119 0.061631 0.195442 -0.144651 -0.047386 
1.181966 -0.613892 -0.083098 -0.299706 0.308501 0.196800 -0.162731 0.262329 -0.219677 0.217054 -0.184889 -0.107908 0.166441 0.067302 -0.063118 
1.416028 -0.516256 -0.153671 -0.340340 0.160967 0.064259 -0.074584 0.213461 -0.259547 0.315829 -0.018878 -0.219166 0.005757 0.097498 -0.061675 
1.555932 -1.278730 0.294565 -0.745458 -0.167689 0.074123 -0.033264 0.156541 -0.243904 0.346852 0.040624 0.033003 -0.090589 -0.132038 0.044028 
1.799736 -1.158477 0.086777 -0.684919 -0.236514 0.087905 -0.082364 0.241951 -0.259045 0.332634 0.034578 0.055807 -0.091674 -0.085008 -0.026101 
1.442212 -1.171505 0.171783 -0.800034 -0.138033 0.036625 -0.011696 0.087712 -0.229640 0.286822 0.211840 0.051955 -0.093952 -0.140313 -0.097362 
1.577509 -1.121904 0.160125 -0.770748 -0.159263 0.011299 -0.023200 0.080614 -0.167569 0.213054 0.206727 0.100989 -0.111814 -0.094122 -0.104411 
1.411232 -1.200881 0.165949 -0.767569 -0.075570 -0.032943 -0.056713 0.042612 -0.107728 0.230823 0.220054 0.071413 -0.110653 -0.134844 -0.091894 
1.490804 -1.136184 0.190960 -0.745852 -0.090774 0.024398 -0.142503 -0.004073 -0.080783 0.262823 0.219773 0.035540 -0.100783 -0.061783 -0.135076 
1.483424 -1.175516 0.250288 -0.713816 -0.105941 0.020233 -0.139968 -0.170415 0.033594 0.290650 0.147402 0.131669 -0.139979 -0.036849 -0.088483 
1.545392 -1.072305 0.385574 -0.734370 -0.061271 0.078624 -0.262900 -0.214013 -0.044030 0.335622 0.101368 0.165862 -0.091257 -0.029007 -0.021199 
1.898123 -1.165690 0.134348 -0.275811 -0.026432 0.037186 -0.376704 -0.233777 -0.150081 0.297444 -0.069287 0.216893 0.014367 -0.026786 0.059836 
1.754096 -1.136427 0.130988 -0.264194 -0.001704 -0.026600 -0.350958 -0.249501 -0.166154 0.326377 -0.043943 0.189474 0.039068 -0.036280 0.044882 
1.394776 -0.895143 0.341346 -0.650678 -0.102277 0.013675 -0.226869 -0.274784 -0.047521 0.380905 0.119146 0.112763 -0.012945 -0.043116 -0.003020 
1.471922 -0.976068 0.422880 -0.728370 -0.086798 -0.082997 -0.153398 -0.199739 0.034897 0.337825 0.138114 0.070496 -0.059152 0.015335 -0.084667 
1.453653 -0.898283 0.305406 -0.650750 -0.134702 -0.068775 -0.130500 -0.165979 0.065815 0.344072 0.110414 0.040552 -0.068889 -0.006229 -0.083475 
1.503921 -0.945818 0.361394 -0.686972 -0.065882 -0.123374 -0.078057 -0.170531 0.051299 0.402117 0.099831 -0.029597 -0.030182 -0.048493 -0.083032 
1.519767 -0.972974 0.404714 -0.675625 -0.036741 -0.171685 -0.090392 -0.162624 0.023951 0.446031 0.085492 -0.057026 0.030682 -0.066147 -0.093285 
1.503774 -0.973067 0.423084 -0.559570 -0.010705 -0.258668 -0.144599 -0.134190 0.013200 0.490360 0.050718 -0.111124 0.121645 -0.046884 -0.064721 
1.406662 -0.943637 0.480182 -0.494977 -0.016555 -0.267843 -0.319277 -0.099642 0.058094 0.408600 -0.051497 -0.033836 0.211442 0.004558 -0.057094 
1.548202 -0.988469 0.577984 -0.477317 0.046946 -0.267624 -0.377243 -0.177838 0.066859 0.302219 -0.113536 0.017476 0.199294 0.122614 -0.079226 
1.647858 -0.956265 0.638750 -0.437104 0.059537 -0.109820 -0.429081 -0.066705 -0.140193 0.203506 -0.347506 0.165529 0.147581 0.043554 -0.005553 
1.653845 -0.931418 0.793937 -0.287620 -0.039631 -0.054222 -0.430921 -0.036769 -0.235104 0.068595 -0.288278 0.140372 0.090251 0.010644 0.004551 
1.107692 -0.498310 0.740558 -0.116430 0.222893 -0.209006 -0.356576 -0.199433 -0.054209 0.088149 -0.493739 0.121540 0.030147 0.024363 -0.031576 
0.331432 -0.107228 0.871835 -0.221199 0.465970 -0.336806 -0.247000 -0.092585 -0.015893 0.007983 -0.345719 0.024161 0.052634 0.005030 -0.104078 
0.397122 -0.280821 0.707291 -0.195639 0.432528 -0.341852 -0.190046 -0.042163 -0.157066 0.200616 -0.485162 0.176445 0.019592 -0.046927 -0.047241 
0.298810 -0.103639 0.811214 -0.208370 0.517770 -0.289491 -0.301674 0.067579 -0.127475 0.052620 -0.343690 0.057110 -0.013314 0.009563 -0.091777 
0.015165 -0.098193 1.003207 -0.394071 0.520736 -0.283053 -0.399453 0.147407 -0.168854 0.042772 -0.302405 0.029310 0.069972 -0.045772 -0.044732 
0.001528 -0.209336 1.051900 -0.327667 0.485389 -0.347751 -0.291329 0.063971 -0.181835 0.038632 -0.313905 -0.004336 0.110882 -0.106608 -0.022502 
0.272581 -0.411176 1.104415 -0.395941 0.468927 -0.247203 -0.405591 0.163002 -0.145484 0.001747 -0.243676 0.002611 0.100783 -0.061543 -0.053446 
0.330994 -0.538983 1.205361 -0.345549 0.316245 -0.273039 -0.377654 0.105275 -0.188455 -0.028373 -0.209147 -0.035230 0.124218 -0.023945 -0.131193 
0.825152 -0.806408 1.152839 -0.082603 0.037346 -0.179463 -0.360541 0.110611 -0.228965 -0.071527 -0.196302 0.000499 0.086005 -0.004927 -0.192806 
1.162518 -1.031159 1.201504 -0.022589 -0.107396 -0.069472 -0.398659 0.149722 -0.284252 -0.085751 -0.188127 0.072279 -0.041323 0.047451 -0.136372 
1.168263 -1.018838 1.211644 0.046543 -0.156202 -0.123177 -0.377343 0.169155 -0.303033 -0.136330 -0.107345 0.011796 -0.008459 0.051370 -0.158695 
1.157705 -1.064806 1.323641 0.021555 -0.126923 -0.172432 -0.343000 0.246546 -0.452795 -0.009913 -0.122385 -0.022054 -0.011123 0.056789 -0.114369 
1.176746 -0.895098 1.287222 0.062989 -0.112996 -0.217070 -0.314778 0.289293 -0.495654 0.013402 -0.089965 -0.038197 -0.010343 0.044217 -0.057787 
1.158335 -0.716671 1.115191 0.190299 -0.092972 -0.216530 -0.278943 0.307755 -0.536636 0.040040 -0.099084 -0.086605 -0.012274 0.035619 -0.070274 
1.047142 -0.191384 0.767176 0.393474 -0.135541 -0.207943 -0.174001 0.259844 -0.457618 0.046322 -0.108917 -0.080520 -0.000082 0.011970 -0.074629 
0.590458 0.112187 0.592557 0.579339 -0.024268 0.113811 -0.177870 0.146991 -0.252309 0.057886 -0.165242 -0.214269 0.056843 -0.095460 -0.125341 
0.488119 0.108501 0.454779 0.459336 -0.130509 0.142409 -0.143853 -0.021705 -0.207714 -0.040170 -0.029614 -0.171065 -0.099836 0.085213 -0.141819 
0.335177 0.086790 0.278211 0.330648 -0.160083 0.064206 -0.119785 0.175046 -0.292339 0.165328 0.023746 -0.183210 0.117528 0.004545 -0.042390 
0.264603 0.027152 0.191462 0.277501 -0.157234 0.015171 -0.093637 0.243197 -0.125918 0.094074 -0.025746 -0.031842 0.088369 -0.022942 -0.070557 
0.297858 -0.071726 0.203145 0.243319 -0.304769 0.111678 -0.071978 0.045892 -0.083141 0.061159 0.022365 -0.078746 0.005284 0.140176 -0.201052 
0.074502 0.002589 0.018233 0.112526 -0.099777 0.050014 -0.256897 0.057314 -0.069302 -0.002483 -0.034290 0.069893 -0.033722 0.011372 -0.005409 
0.795993 -1.069972 -0.185235 -0.173548 0.211096 -0.086858 -0.246458 0.071481 -0.105790 0.388147 -0.115384 -0.013126 -0.170118 0.151769 0.049017 
1.033544 -1.442074 -0.138664 -0.238310 0.443658 -0.218356 -0.329236 0.120852 -0.153376 0.470850 -0.170970 -0.004646 -0.107420 0.116921 0.015432 
0.998043 -1.054404 -0.262953 -0.212768 0.317974 0.011727 -0.223688 0.125192 -0.117731 0.308493 -0.260799 0.142135 -0.165398 0.077584 0.100728 
1.394529 -0.651683 0.517661 0.194923 0.100512 -0.024440 -0.376453 0.074866 -0.369748 0.159577 -0.136132 -0.188125 -0.030342 0.133876 -0.012931 
1.755138 -0.694154 0.762253 0.067188 0.077026 0.041916 -0.393227 0.080530 -0.430403 0.164831 -0.190068 -0.144038 -0.124295 0.173855 -0.059689 
1.713036 -0.758249 0.811531 -0.041097 0.094713 0.087363 -0.433379 -0.037320 -0.397979 0.237600 -0.183509 -0.168420 -0.106776 0.201985 -0.056621 
1.713529 -0.772205 0.877094 -0.085565 0.078216 0.057280 -0.439238 -0.046955 -0.390908 0.244808 -0.185374 -0.147338 -0.071912 0.175129 -0.027211 
1.739006 -0.741406 0.882909 -0.114373 0.090297 0.044470 -0.468957 -0.010639 -0.400196 0.252764 -0.169601 -0.151215 -0.068817 0.208248 -0.044365 
1.741022 -0.769087 0.874726 -0.120796 0.076633 0.042722 -0.494728 -0.010847 -0.391528 0.259499 -0.184143 -0.163445 -0.024759 0.193309 -0.043080 
1.731292 -0.763105 0.873038 -0.087917 0.064280 0.004349 -0.499173 0.000144 -0.401326 0.253363 -0.182466 -0.178556 0.007630 0.188399 -0.042462 
1.710834 -0.770545 0.899078 -0.017561 -0.011073 -0.017573 -0.495633 -0.022856 -0.359930 0.226211 -0.180449 -0.140832 -0.005094 0.226951 -0.042858 
1.806807 -0.752839 0.949561 -0.023495 -0.007981 0.009467 -0.563447 0.027016 -0.371550 0.237074 -0.182971 -0.165706 0.027613 0.243357 -0.073740 
1.931301 -0.668974 0.884089 0.060301 -0.072913 0.012702 -0.542128 -0.010285 -0.319075 0.202252 -0.251256 -0.116879 0.037162 0.230861 -0.152321 
1.834137 -0.587207 0.908835 0.023627 -0.073711 -0.044965 -0.541608 0.043030 -0.359100 0.183674 -0.248171 -0.147382 0.096482 0.212758 -0.199997 
1.743159 -0.503290 0.836157 0.102673 -0.017122 -0.121140 -0.548898 0.025198 -0.349149 0.198485 -0.284921 -0.160439 0.135911 0.213264 -0.180803 
1.685524 -0.270460 0.738921 0.105137 0.075789 -0.176162 -0.545783 -0.021131 -0.299374 0.224149 -0.363795 -0.138487 0.124719 0.230725 -0.182693 
1.549813 -0.158142 0.710520 0.137660 0.010687 -0.138837 -0.518414 -0.075959 -0.256367 0.169623 -0.328491 -0.132720 0.152222 0.193049 -0.193924 
1.520052 -0.189642 0.640274 0.133345 -0.012372 -0.177257 -0.508707 -0.005159 -0.340698 0.166745 -0.342873 -0.173809 0.213845 0.108272 -0.201473 
1.391157 -0.139524 0.694607 0.112684 0.109831 -0.141536 -0.450409 -0.076942 -0.375762 0.330142 -0.400288 -0.145573 0.146657 0.106488 -0.095691 
1.364473 -0.119456 0.528040 0.027604 0.074578 -0.169360 -0.507261 -0.098340 -0.305163 0.305669 -0.288497 -0.197961 0.241526 0.144336 -0.115482 
0.996827 -0.255872 0.689434 -0.081388 -0.000980 -0.170246 -0.499570 -0.072329 -0.341298 0.239871 -0.290502 -0.047794 0.158764 0.142393 -0.095381 
1.085021 -0.079023 0.717804 0.033898 0.072254 -0.139186 -0.443031 -0.127843 -0.348502 0.279792 -0.338667 -0.135047 0.124105 0.160520 -0.136309 
0.498519 -0.267282 0.539662 0.029517 -0.029653 -0.201356 -0.525816 -0.102243 -0.329745 0.230931 -0.276904 -0.108793 0.214798 0.173864 -0.111529 
1.052185 -0.520252 0.360112 0.101736 0.117607 -0.189971 -0.387610 -0.033744 -0.278772 0.388505 -0.341175 -0.159764 0.211838 0.126045 -0.186585 
0.744127 -0.091813 0.575288 -0.046101 0.148849 -0.210194 -0.490787 -0.020329 -0.330311 0.386329 -0.307049 -0.178245 0.238244 0.153111 -0.144332 
0.649111 -0.175115 0.266582 -0.035300 0.355139 -0.387443 -0.339130 -0.023254 -0.264945 0.408993 -0.352686 -0.070515 0.093392 0.206326 -0.111482 
0.811422 0.042773 0.198273 0.240522 0.066906 -0.352704 -0.396991 -0.050185 -0.313867 0.273025 -0.306923 -0.164964 0.239138 0.151143 -0.125463 
0.261939 0.014425 0.158885 0.265425 0.013748 -0.169298 -0.447647 -0.127368 -0.137675 0.159646 -0.253545 -0.157941 0.200849 0.124353 -0.114442 
0.252463 -0.266607 0.318093 0.196410 0.044309 -0.245131 -0.395526 -0.153238 -0.203311 0.280269 -0.382373 -0.054471 0.185719 0.111299 -0.118654 
