city021_044
WASEDA
49
0.541526 0.414121 0.066933 0.168667 -0.242800 0.084611 -0.083765 -0.028419 -0.069610 -0.073056 -0.038585 -0.018909 0.002687 0.038101 -0.104922 
1.842695 -0.058875 0.108698 -0.332781 -0.449084 0.281604 -0.120577 -0.058564 -0.357104 -0.038892 -0.034857 -0.061953 0.109023 0.192288 -0.008005 
1.929005 -0.259994 0.099795 -0.453244 -0.432785 0.293819 -0.137869 -0.128333 -0.407015 -0.017428 -0.035837 0.036048 0.190566 0.212301 -0.043347 
2.145014 -0.421642 0.083457 -0.569680 -0.393261 0.292786 -0.183759 -0.089994 -0.427825 0.044921 -0.021793 0.131666 0.149359 0.223309 -0.021483 
2.009990 -0.899628 0.159473 -0.526683 -0.317434 0.038588 -0.196672 0.072568 -0.419914 0.160143 -0.049223 0.160292 0.221811 0.171649 -0.036555 
1.734736 -1.181042 0.292118 -0.599986 -0.249841 -0.056298 -0.169709 0.122030 -0.376548 0.179087 0.048818 0.222931 0.147816 0.115843 -0.093320 
1.619233 -1.156244 0.239836 -0.574007 -0.279840 -0.104804 -0.057555 -0.001592 -0.296708 0.195898 0.128773 0.198960 0.112789 0.124947 -0.171079 
1.593397 -1.129773 0.272051 -0.628361 -0.172668 -0.209347 -0.022304 0.011590 -0.307427 0.251493 0.147588 0.135017 0.097052 0.099890 -0.149980 
1.663199 -1.083839 0.279277 -0.529463 -0.169246 -0.119172 -0.100897 -0.115891 -0.244880 0.312594 0.078335 0.109903 0.086164 0.067404 -0.081079 
1.661844 -1.101177 0.386802 -0.604032 -0.090429 -0.040867 -0.177694 -0.123094 -0.261006 0.334209 0.027023 0.113596 0.071511 0.053997 -0.075021 
1.625144 -1.012989 0.354727 -0.621144 -0.015393 0.015745 -0.225411 -0.205790 -0.209310 0.455014 -0.161103 0.194949 0.032102 -0.003508 0.011266 
1.462811 -0.650926 0.471274 -0.422144 0.108882 -0.126249 -0.210140 -0.234959 -0.239161 0.451521 -0.350093 0.205872 0.031774 -0.023379 0.137915 
0.903228 -0.011462 0.152365 -0.449627 0.082089 -0.143530 -0.201080 -0.259795 -0.132663 0.183254 -0.176260 0.172432 0.109873 -0.046628 0.085319 
-0.042772 0.047768 0.383466 -0.057229 0.163241 -0.018284 0.181643 -0.094533 0.083457 -0.052753 0.054749 -0.020237 0.058766 -0.080579 0.064912 
-0.528445 -0.287766 0.182116 -0.142861 0.238262 -0.267717 0.096326 -0.154125 -0.002316 0.079863 0.066153 -0.139272 0.063150 -0.021690 0.092121 
-0.395681 -0.123884 0.239388 -0.162279 0.122759 -0.319305 0.095360 -0.125041 -0.038325 0.039019 0.014919 -0.003656 0.064060 -0.124057 0.158020 
-0.384983 -0.178221 0.439765 -0.056031 0.162022 -0.273724 0.206436 -0.062323 -0.077146 0.018206 0.081464 -0.113782 0.100448 -0.121709 0.162262 
-0.157672 -0.283066 0.397918 -0.070157 -0.008274 -0.332724 0.174425 -0.089628 -0.033229 0.103603 -0.064476 -0.029155 0.146514 -0.139684 0.084976 
0.008000 -0.127491 0.425576 0.112482 0.171777 -0.309182 0.112906 -0.120981 -0.114172 0.081266 -0.046918 -0.107668 0.087051 -0.047240 0.029308 
-0.035441 -0.250649 0.167898 -0.223992 0.164179 -0.288248 0.058432 0.007772 0.028474 -0.038843 -0.017881 0.082117 -0.029703 -0.031313 0.023532 
0.454801 -0.301533 0.607662 0.039193 0.007434 -0.056266 -0.037132 -0.178765 -0.122667 0.005671 -0.122155 0.068816 -0.134785 0.044972 0.010037 
1.597046 -0.782593 0.517202 0.031330 0.043881 -0.095289 -0.389525 -0.193727 -0.169190 0.254872 -0.384762 -0.011870 0.068484 0.125913 -0.040029 
1.726115 -0.921544 0.636752 -0.030127 -0.008275 -0.099439 -0.458652 -0.143850 -0.207482 0.220031 -0.326887 -0.018284 0.045989 0.232416 -0.089208 
1.701038 -1.011032 0.706687 0.000052 -0.045103 -0.142629 -0.404531 -0.119351 -0.211685 0.247635 -0.356644 0.021744 0.069047 0.187832 -0.084412 
1.703822 -1.013113 0.745711 -0.036686 -0.070487 -0.140406 -0.424072 -0.068528 -0.211895 0.268916 -0.341173 0.035513 0.080329 0.191098 -0.094402 
1.768197 -0.976844 0.714239 -0.005014 -0.079623 -0.137703 -0.445162 -0.023509 -0.202037 0.226710 -0.299969 0.021174 0.072964 0.208729 -0.128300 
1.706701 -0.814708 0.659619 0.046094 -0.013063 -0.102592 -0.450888 -0.085810 -0.188614 0.254038 -0.294986 -0.052108 0.035820 0.242681 -0.087239 
1.749565 -0.728840 0.531462 0.122989 0.051963 0.045768 -0.453951 -0.099783 -0.256657 0.244878 -0.298595 -0.150353 -0.035960 0.219486 -0.067073 
1.606609 -0.320801 0.292307 0.251582 0.044676 0.156536 -0.345275 -0.162045 -0.192166 0.205198 -0.228808 -0.219259 -0.058804 0.164651 -0.078538 
1.451754 0.060265 0.114203 0.444222 0.032632 0.127308 -0.125842 -0.265423 -0.173529 0.220457 -0.120144 -0.247985 -0.085373 0.162383 -0.127534 
1.287962 -0.019431 0.156069 0.414605 0.091789 0.266158 -0.286735 -0.169062 -0.146254 0.158833 -0.089338 -0.255069 -0.104694 0.112634 -0.062701 
1.476433 -0.049081 0.149066 0.253867 -0.053783 0.198012 -0.232915 -0.228767 -0.148854 0.214342 -0.085463 -0.183379 -0.039372 0.123665 -0.058151 
1.082357 -0.869763 0.491595 -0.057266 -0.178252 -0.142429 -0.433653 -0.109184 -0.239890 0.226841 -0.077135 0.093164 0.046064 0.163188 0.070267 
1.972154 -0.920769 0.408422 -0.207080 -0.171737 -0.025864 -0.454083 -0.082182 -0.230196 0.453359 -0.100500 0.028632 0.011072 0.222007 0.021246 
1.687998 -0.828121 0.275587 -0.354483 -0.054553 -0.188427 -0.319215 -0.112377 -0.171864 0.472641 0.024329 0.027939 -0.030425 0.176577 0.084279 
1.582795 -0.841716 0.164282 -0.440848 -0.092093 -0.165147 -0.229491 -0.066606 -0.105525 0.461297 0.144725 0.028369 -0.139634 0.095647 0.041095 
1.656999 -0.859964 0.114528 -0.519169 -0.126693 -0.124668 -0.141679 -0.042885 -0.197669 0.472010 0.112080 0.130072 -0.164222 0.010768 0.035310 
1.700392 -0.928418 0.044847 -0.531709 -0.204055 -0.027810 -0.096363 -0.047987 -0.185103 0.500267 0.077078 0.123429 -0.189416 -0.015540 -0.015986 
1.693870 -0.958737 -0.093073 -0.558518 -0.259840 0.045569 -0.000742 -0.033376 -0.126620 0.481810 0.056173 0.048016 -0.209393 -0.048671 -0.083697 
1.578456 -0.906621 -0.092246 -0.648026 -0.154144 -0.042360 0.034916 -0.010451 -0.171451 0.511455 0.074833 0.092403 -0.257215 -0.078219 -0.080562 
1.701228 -0.965158 -0.021808 -0.646451 -0.281939 0.134935 -0.052046 -0.028539 -0.159496 0.481338 0.109362 0.081782 -0.200240 -0.118572 -0.103902 
1.822042 -1.076948 -0.024823 -0.583703 -0.365765 0.247447 -0.124753 -0.006525 -0.141285 0.454850 0.086773 0.076666 -0.199991 -0.102804 -0.072765 
1.736383 -1.059234 -0.084348 -0.620413 -0.269562 0.171871 -0.062893 -0.048953 -0.105803 0.481900 0.001531 0.096973 -0.248760 -0.024222 -0.084409 
1.312944 -0.886944 -0.040096 -0.706304 -0.154582 0.098146 -0.119032 0.039106 -0.170118 0.544666 0.038439 0.050577 -0.208862 -0.092034 -0.098200 
1.559537 -1.002024 -0.123399 -0.525885 -0.333195 0.223093 -0.211231 0.034541 -0.156442 0.480283 0.188176 -0.015169 -0.210622 -0.039326 -0.123780 
1.401658 -0.957187 -0.032460 -0.603483 -0.075005 0.084890 -0.180307 0.018144 -0.131757 0.524110 -0.051033 -0.025598 -0.142038 0.044595 -0.088546 
1.300414 -0.688516 -0.336658 -0.533068 -0.237393 0.157594 -0.214430 -0.022622 -0.118952 0.515114 0.252661 -0.130348 -0.147979 -0.039489 -0.208153 
0.661466 -0.055813 -0.374044 -0.346578 -0.343265 0.099089 -0.209568 -0.080663 0.071182 0.401015 0.136638 0.001059 -0.125976 -0.054822 -0.119500 
0.327790 -0.175750 -0.311771 -0.281870 -0.279124 -0.085673 -0.212737 0.030639 -0.039505 0.241791 0.165159 0.103760 -0.073500 0.009140 -0.069727 
