city021_076
CHOOFU
59
0.103836 -0.931220 0.553063 -0.694926 0.055450 0.108864 -0.319377 0.318639 -0.236325 0.166375 0.020150 0.006358 -0.051738 0.031869 -0.043401 
-0.287109 -0.603752 0.634885 -0.723814 0.114654 0.106352 -0.350680 0.310730 -0.231755 0.130777 0.041970 -0.029064 -0.025841 0.075518 -0.080553 
-1.110900 -0.458264 0.937611 -0.842057 0.385666 0.305579 -0.280164 0.199286 -0.255943 0.154412 0.028047 -0.053687 0.006809 0.086618 -0.158917 
-1.420319 -0.823593 0.842707 -0.927180 0.307328 0.173320 -0.357875 0.365102 -0.165717 -0.015138 0.107119 -0.120971 0.013520 0.119514 -0.170979 
-1.057541 -0.523059 0.860158 -0.828504 0.437673 0.048775 -0.461822 0.390003 -0.126301 -0.071735 0.153357 -0.086762 -0.072416 0.192116 -0.179227 
-0.920645 -0.720749 0.983568 -0.882948 0.160483 -0.042720 -0.461540 0.443756 -0.053440 -0.042813 0.049340 0.095821 -0.132842 0.086984 -0.041995 
-0.591048 -0.992893 0.971968 -0.754677 -0.037766 -0.016044 -0.463196 0.294114 0.058825 0.036628 0.055862 0.033425 -0.075578 0.132539 -0.149328 
-0.190203 -0.937343 0.916489 -0.401446 -0.055483 -0.068941 -0.459254 0.304053 0.035846 -0.030257 -0.091431 0.157752 -0.012812 0.093658 -0.165598 
0.303272 -0.716320 0.843591 -0.200494 -0.024336 0.027216 -0.421225 0.346972 0.011082 0.037624 -0.140122 0.029021 0.121567 0.043281 -0.264036 
1.694198 -0.657487 0.709562 0.187653 -0.105392 0.088423 -0.533374 0.009117 -0.144294 -0.015289 -0.071488 -0.186999 -0.033006 0.269642 -0.125657 
1.773969 -0.938798 0.838111 0.016677 -0.079070 0.081914 -0.634186 -0.073796 -0.199018 0.062887 -0.083073 -0.074801 -0.133138 0.318162 0.045856 
1.892595 -0.888896 0.766313 -0.135516 -0.085717 0.150228 -0.581679 -0.107447 -0.350070 0.088455 0.067515 -0.090171 -0.186669 0.326315 0.046156 
1.885861 -0.725746 0.613204 -0.248214 -0.045206 0.159593 -0.549957 -0.071791 -0.435670 0.072141 0.144678 -0.067479 -0.130704 0.229694 0.012059 
1.922097 -0.598926 0.352238 -0.258820 -0.083572 0.116729 -0.341632 -0.124030 -0.464240 0.007778 0.198318 -0.048155 -0.074149 0.194729 -0.035538 
2.150797 -0.774227 0.384092 -0.289234 -0.264853 0.241952 -0.292870 -0.078836 -0.498373 -0.067612 0.127991 0.020332 -0.040405 0.272988 -0.107734 
1.926141 -0.487268 0.266596 -0.413926 -0.207869 0.112089 -0.167385 -0.073847 -0.461182 -0.050325 0.062250 0.009724 0.052987 0.256398 -0.078650 
2.095559 -0.657510 0.387724 -0.575220 -0.230841 0.116529 -0.152560 0.013142 -0.490703 -0.000175 -0.096865 0.048023 0.032041 0.349890 -0.017198 
2.004686 -0.736715 0.324688 -0.520798 -0.216920 0.040846 -0.160533 0.078037 -0.452323 -0.028565 -0.143104 0.048389 0.118435 0.304069 -0.001644 
1.932301 -0.667125 0.269179 -0.510048 -0.202513 0.017974 -0.189192 0.078499 -0.343556 -0.084417 -0.179432 0.070874 0.146223 0.240944 0.030416 
1.982598 -0.683086 0.358060 -0.560536 -0.211443 0.025652 -0.249639 0.117188 -0.312170 -0.051729 -0.229361 0.088126 0.090769 0.230321 0.072290 
2.063435 -0.652859 0.400575 -0.539648 -0.222882 -0.047845 -0.303239 0.190154 -0.270008 -0.022303 -0.259035 0.034489 0.055492 0.207082 0.062596 
2.010483 -0.618009 0.398017 -0.536113 -0.230220 -0.073971 -0.287495 0.172612 -0.217521 -0.042740 -0.247775 0.032006 0.041782 0.213621 0.035507 
1.997714 -0.574038 0.376139 -0.533529 -0.250283 -0.063045 -0.289654 0.183661 -0.217566 -0.057225 -0.256972 0.023685 0.052765 0.197783 0.060001 
1.951574 -0.540186 0.394084 -0.538971 -0.268420 -0.055458 -0.276266 0.153761 -0.201098 -0.058995 -0.247868 0.008774 0.041392 0.212768 0.044112 
1.943208 -0.415276 0.337278 -0.510906 -0.262624 -0.035232 -0.243642 0.134301 -0.184813 -0.094485 -0.239547 0.003397 0.019412 0.175124 0.077612 
1.974358 -0.361941 0.370513 -0.514657 -0.265516 -0.031820 -0.230659 0.140138 -0.208356 -0.079383 -0.261780 -0.018310 -0.019622 0.171961 0.084228 
1.897268 -0.056657 0.428546 -0.604839 -0.464798 0.100197 -0.107929 0.064688 -0.267705 -0.080695 -0.147044 -0.117222 -0.005343 0.256277 0.042303 
2.196673 -0.012639 0.487227 -0.524536 -0.613254 0.315620 -0.154164 0.122094 -0.251924 -0.159282 -0.048983 -0.228682 -0.012977 0.323170 -0.067938 
2.285722 0.074991 0.464742 -0.467277 -0.378458 0.383971 -0.115043 0.072585 -0.295317 -0.068080 -0.021544 -0.103308 0.049139 0.239323 -0.147829 
1.725007 -0.251983 0.596451 -0.197345 0.021767 0.267491 0.025353 0.348574 -0.226401 -0.024353 -0.180348 -0.086701 0.026228 0.060973 -0.074113 
1.344189 -0.600411 0.610280 0.129145 0.166022 0.220341 -0.077177 0.053694 -0.229341 0.068426 -0.073145 0.020369 -0.086726 -0.014957 -0.038939 
1.076293 -0.548617 0.655319 0.083492 0.072588 0.023036 -0.093132 0.122967 -0.258504 0.028852 -0.113367 0.050148 -0.068559 -0.020227 -0.016926 
0.909486 -0.655004 0.793985 0.133492 0.158728 0.231293 -0.131939 0.028596 -0.148780 0.088020 -0.115581 0.045398 -0.087960 -0.026702 -0.047181 
0.970535 -0.832814 0.677941 0.066741 0.043686 0.011755 -0.227470 0.060637 -0.187388 0.150053 -0.143484 0.050684 -0.096376 0.082559 -0.008196 
1.517215 -0.366418 0.738645 -0.108016 0.108238 0.052040 -0.263664 0.132955 -0.251985 0.056667 -0.058185 0.001861 -0.094816 0.079957 -0.045790 
1.447689 -0.546212 0.760635 -0.057327 -0.122298 0.055156 -0.189355 0.075449 -0.102184 0.088640 -0.150460 0.073064 -0.038565 0.053117 -0.059327 
1.308719 -0.585601 0.515174 -0.170819 -0.019889 -0.155453 -0.278364 0.068661 -0.221684 0.045091 -0.106668 0.159371 -0.087527 0.100559 0.000011 
1.259194 -0.530875 0.497626 0.044502 -0.004980 -0.075173 -0.102788 0.280029 -0.066765 0.056979 -0.092078 0.084065 -0.013304 0.038684 -0.088612 
1.232198 -0.584222 0.587917 0.059956 0.122745 0.127844 -0.190012 0.041074 -0.282859 -0.016787 -0.132276 0.035823 -0.060940 -0.080536 -0.066620 
1.460853 -0.620198 0.561281 -0.199495 -0.151300 -0.073380 -0.168774 0.115124 -0.141858 0.170477 -0.209076 0.119264 -0.006131 0.054240 -0.097458 
1.471854 -0.468695 0.499922 0.096379 0.145795 0.042308 -0.152720 0.092610 -0.071726 0.105195 -0.251328 0.104577 -0.031941 0.050163 -0.121344 
1.231721 -0.530352 0.586732 0.056462 0.208103 0.056677 -0.327317 -0.051354 -0.256786 0.140685 -0.154828 -0.034081 -0.166328 0.090389 0.006101 
1.840491 -0.374429 0.526841 0.040319 -0.146804 0.306754 -0.180892 -0.029780 -0.358729 -0.103689 0.047304 -0.001026 -0.222170 0.126225 -0.077586 
1.993057 -0.352994 0.489711 -0.061489 -0.002190 0.257833 -0.203306 0.015572 -0.521963 -0.087419 0.091031 -0.079408 -0.228950 0.147263 -0.118473 
1.919748 -0.405936 0.474769 -0.140412 -0.025199 0.278191 -0.320318 -0.029874 -0.522759 -0.018259 0.147194 -0.139104 -0.140193 0.135318 -0.098425 
1.819740 -0.444715 0.576104 -0.186791 0.026673 0.283874 -0.350070 -0.061784 -0.566852 0.049666 0.093635 -0.121459 -0.151659 0.103564 -0.086547 
1.878231 -0.425649 0.449046 -0.120047 -0.011880 0.294446 -0.343980 -0.084721 -0.535960 0.022969 0.165846 -0.156870 -0.146622 0.117504 -0.084869 
1.868426 -0.506767 0.466320 -0.107176 -0.038268 0.252053 -0.348754 -0.095994 -0.475638 0.017744 0.127641 -0.144348 -0.147953 0.164459 -0.087691 
1.782541 -0.507601 0.520415 -0.090154 -0.012691 0.227846 -0.398462 -0.101067 -0.494184 0.087136 0.129717 -0.156559 -0.168746 0.177444 -0.049241 
1.818490 -0.530057 0.455365 -0.082008 0.044746 0.212749 -0.396966 -0.117916 -0.530353 0.114777 0.093089 -0.177816 -0.179386 0.162102 -0.030644 
1.761090 -0.460335 0.436079 -0.004297 -0.012997 0.247840 -0.427454 -0.174913 -0.460220 0.031923 0.159675 -0.201165 -0.213816 0.190896 -0.035124 
1.689307 -0.488890 0.514296 -0.056675 0.014352 0.227671 -0.449722 -0.152873 -0.472109 0.041178 0.167429 -0.236036 -0.192121 0.221620 -0.080164 
1.731963 -0.462641 0.441697 0.010326 -0.023940 0.177103 -0.435538 -0.158318 -0.412346 0.049874 0.068639 -0.239302 -0.146459 0.238866 -0.061877 
1.632656 -0.331605 0.409314 0.005081 -0.049169 0.206938 -0.469241 -0.138675 -0.394435 0.032581 0.135581 -0.317630 -0.049027 0.198810 -0.104625 
1.716238 -0.215181 0.459845 0.047998 -0.039944 0.188792 -0.594838 -0.108504 -0.374571 0.065596 0.199645 -0.366138 -0.014178 0.251798 -0.052102 
1.552405 -0.142196 0.288119 0.213504 -0.056947 0.037349 -0.492372 -0.186528 -0.331236 0.090146 0.104147 -0.446856 0.088665 0.241768 -0.052199 
1.288293 0.206682 0.238353 0.294684 0.013105 -0.070121 -0.451467 -0.199248 -0.374930 0.185622 0.051113 -0.451564 0.147647 0.237549 -0.006172 
0.532181 0.149983 0.013502 0.211084 -0.085119 -0.178730 -0.263436 -0.276655 -0.323989 0.024734 -0.003406 -0.161346 0.082779 0.150592 -0.027219 
0.178204 0.185365 0.100848 -0.009364 -0.201542 -0.090771 -0.207015 -0.129546 -0.160993 -0.053668 0.049217 0.030403 0.033804 0.076170 0.008719 
