city021_069
KYUUSHUU
66
-0.472182 -0.825988 0.737774 -0.334381 -0.252589 0.267845 -0.319442 0.046506 -0.000041 0.122339 -0.108244 0.098620 -0.070138 0.056698 -0.019478 
-0.136544 -1.419777 0.729380 -0.412312 -0.154013 0.299205 -0.160814 0.057418 -0.066352 0.138868 -0.168732 0.162210 -0.105198 0.019985 0.032965 
-0.111452 -1.001001 0.758807 -0.474307 -0.176680 0.431744 -0.150531 0.017083 -0.074521 0.067211 -0.092816 0.127539 -0.090009 0.070902 -0.079906 
0.016974 -0.895790 1.010119 -0.289031 -0.202996 0.219638 -0.366530 0.015335 -0.179450 0.153932 -0.059139 -0.003987 0.000541 0.071977 -0.040695 
-0.111262 -0.990552 1.084837 -0.375978 -0.099431 0.585743 -0.256358 -0.106299 0.006724 0.170836 -0.142974 0.089301 -0.041609 0.009486 -0.061480 
0.292056 -0.824976 1.266723 -0.191533 -0.278506 0.334996 -0.129587 -0.015721 -0.192543 0.198986 -0.149757 0.008831 -0.001151 0.043681 -0.092590 
0.622288 -0.689628 1.098612 0.074478 -0.426581 0.121911 -0.053878 -0.009226 -0.251721 0.139827 -0.103930 -0.023408 0.010105 0.042787 -0.136727 
1.015758 -0.949588 1.474709 0.328605 -0.390570 0.114159 -0.260386 0.212716 -0.466782 -0.153827 0.018654 -0.158237 -0.227217 0.095385 -0.120641 
0.922133 -1.055612 1.548005 0.307239 -0.381135 -0.016511 -0.281108 0.240403 -0.531725 -0.204106 0.049168 -0.159087 -0.224951 0.095034 -0.069218 
1.052546 -0.994240 1.445281 0.309018 -0.353317 -0.084911 -0.331476 0.277309 -0.556822 -0.217010 0.033160 -0.115926 -0.221848 0.125331 -0.086569 
1.108859 -0.994630 1.298883 0.339179 -0.317832 -0.067229 -0.353020 0.224939 -0.465161 -0.266952 0.039406 -0.148393 -0.185564 0.143847 -0.155143 
1.190808 -1.101085 1.366452 0.294564 -0.200212 -0.109259 -0.409189 0.309696 -0.508319 -0.182858 -0.084227 -0.107110 -0.133496 0.083955 -0.145423 
1.146165 -1.054291 1.361058 0.238922 -0.131976 -0.092472 -0.437774 0.297219 -0.454073 -0.203819 -0.053936 -0.169164 -0.091520 0.098471 -0.183185 
1.380935 -1.163736 1.324603 0.189843 -0.068351 0.001849 -0.535718 0.276190 -0.426009 -0.107978 -0.151002 -0.170375 -0.100127 0.148443 -0.197241 
1.279581 -1.030643 1.204787 0.222851 -0.031166 0.004844 -0.525893 0.174003 -0.318947 -0.106172 -0.163126 -0.225731 -0.062552 0.183369 -0.246673 
1.348637 -1.019884 1.197939 0.150172 0.043394 0.006234 -0.563799 0.205687 -0.355903 -0.031001 -0.203167 -0.260062 -0.010785 0.185508 -0.289538 
1.385685 -1.033399 1.197598 0.119878 0.069546 0.020823 -0.567723 0.193468 -0.341557 -0.024207 -0.204215 -0.268934 -0.017992 0.208415 -0.308590 
1.379429 -0.992716 1.226785 0.125220 0.037168 0.049430 -0.560557 0.169647 -0.317020 -0.027828 -0.183698 -0.275728 -0.023486 0.208921 -0.280759 
1.335124 -0.926785 1.192782 0.123444 0.039528 0.092210 -0.572484 0.171310 -0.295384 -0.048458 -0.144987 -0.296391 -0.011434 0.178164 -0.264340 
1.451740 -0.991373 1.276375 0.053691 0.062841 0.079965 -0.569550 0.239134 -0.363376 0.011636 -0.194794 -0.250412 -0.021348 0.189926 -0.296196 
1.325882 -0.906800 1.246235 0.158512 0.011413 0.085304 -0.564652 0.204299 -0.279802 -0.030961 -0.187749 -0.262092 0.005476 0.191812 -0.322321 
1.405714 -0.916923 1.228798 0.159756 -0.017925 0.109122 -0.552213 0.230933 -0.271792 -0.077060 -0.148794 -0.247305 -0.012130 0.209821 -0.381341 
1.262521 -0.860822 1.279120 0.190407 -0.091376 0.127195 -0.539903 0.230461 -0.230658 -0.136578 -0.114361 -0.215556 0.000499 0.169119 -0.366235 
1.234232 -0.843723 1.421933 0.159264 -0.083853 0.051617 -0.495120 0.291508 -0.277473 -0.106759 -0.187205 -0.038276 -0.067595 0.120810 -0.261830 
1.181071 -0.780106 1.326643 0.258085 -0.185367 0.109529 -0.483668 0.216246 -0.185675 -0.204542 -0.148368 -0.081766 -0.028492 0.090697 -0.329349 
1.129338 -0.782479 1.293176 0.263128 -0.155731 0.123464 -0.504354 0.202626 -0.171683 -0.180198 -0.240100 -0.019271 -0.036647 0.011868 -0.239160 
0.807982 -0.830268 1.315278 0.133030 0.002787 -0.001238 -0.419111 0.198753 -0.213557 -0.143344 -0.284545 0.022139 -0.038132 -0.031615 -0.238567 
0.474927 -0.387816 1.174808 -0.028522 0.133181 -0.131916 -0.406909 0.211871 -0.217895 -0.111230 -0.286563 0.082481 -0.006078 -0.062505 -0.152359 
-0.341236 -0.259996 1.427871 -0.418514 0.270703 0.075956 -0.537452 0.151171 -0.149549 -0.194070 -0.138556 -0.038902 -0.092432 0.003716 -0.085131 
-0.665325 -0.309575 1.171901 -0.485231 0.269927 0.169722 -0.265977 0.237374 0.014948 -0.124641 0.119356 -0.004114 -0.072923 0.108634 -0.109058 
-0.943130 -0.573052 0.983681 -0.643297 0.286334 0.133185 -0.216048 0.124563 -0.025907 -0.043653 0.050842 0.045421 -0.164659 0.189899 -0.109285 
-1.127221 -0.535902 1.117721 -0.739315 0.310666 0.045088 -0.347360 0.253185 -0.043735 -0.085573 0.061175 0.045738 -0.141143 0.168600 -0.072472 
-1.111491 -0.589568 1.059693 -0.900941 0.158632 0.084325 -0.274847 0.163241 -0.018455 0.007909 0.011309 0.029834 -0.075086 0.107613 -0.052571 
-0.992444 -0.526976 1.155867 -0.962317 0.429242 0.196687 -0.356019 0.170577 -0.007218 -0.066239 0.048809 0.055682 -0.158418 0.164209 -0.073795 
-1.174455 -0.598526 1.084488 -0.876072 0.232018 0.352289 -0.164513 0.029980 -0.011328 -0.040991 0.011771 0.101384 -0.143983 0.129586 -0.015347 
-1.245731 -0.714620 1.053819 -1.028505 0.241928 0.082242 -0.188248 0.189894 -0.033267 -0.035321 0.035688 0.005661 -0.069814 0.086189 -0.024908 
-1.255324 -0.696470 1.191871 -0.952563 0.058678 0.151272 -0.180381 0.182069 -0.032520 -0.068080 0.103257 -0.035649 -0.085332 0.112848 -0.036493 
-1.061232 -0.701897 1.128454 -0.926484 0.153054 0.128945 -0.252124 0.100855 0.037942 0.011004 -0.060310 0.087663 -0.067597 0.041621 0.012119 
-1.041310 -0.661775 1.321617 -0.906361 0.109269 0.137952 -0.339251 0.121361 0.040313 -0.058964 0.022737 0.059963 -0.093662 0.127399 -0.095240 
-1.061748 -0.659836 1.002913 -0.941925 0.205115 0.328304 0.025160 0.020290 -0.150078 0.035705 -0.026105 0.019939 0.040079 0.055065 -0.091239 
-0.885421 -0.498686 1.042301 -0.908006 0.059967 -0.082239 -0.195841 0.087348 0.013116 0.044666 0.050271 0.026151 -0.060144 0.121102 -0.126226 
-0.801799 -0.853215 1.107215 -0.856892 -0.072293 0.061081 -0.128742 -0.078040 0.111595 0.170469 -0.178601 0.136714 -0.052893 0.031012 -0.087103 
-1.033191 -1.242345 1.151412 -0.767803 -0.024249 0.114901 -0.163282 0.195631 -0.058986 0.081197 -0.104173 0.056229 -0.036088 0.049199 -0.075811 
-0.518671 -1.109324 1.054533 -0.660286 -0.099763 0.151178 -0.300712 0.150706 -0.022211 0.084033 -0.049691 0.105970 -0.165498 0.152212 -0.034866 
-0.329646 -0.895490 1.037835 -0.334022 -0.267133 0.043919 -0.369148 0.106392 0.006027 -0.010038 -0.016731 0.110050 -0.020792 0.059652 -0.041729 
0.434473 -0.634922 1.258877 0.005103 -0.097855 0.078891 -0.371506 0.073918 -0.183355 -0.113928 -0.194279 0.090055 -0.172670 0.023272 0.014550 
0.989343 -0.703894 1.085625 0.336518 -0.249142 0.024809 -0.375726 0.051617 -0.200866 -0.104242 -0.206375 -0.014001 -0.094204 0.105819 -0.096303 
1.111477 -0.960625 1.195639 0.437257 -0.312008 0.045677 -0.417104 0.128784 -0.192270 -0.168203 -0.214629 0.035728 -0.130410 0.091426 -0.089146 
1.237543 -1.047734 1.220363 0.438138 -0.336218 0.035151 -0.470925 0.145013 -0.179459 -0.177973 -0.254214 0.111349 -0.145395 0.080291 -0.042280 
1.229611 -1.011493 1.164044 0.430367 -0.315586 0.033086 -0.525113 0.139714 -0.183106 -0.183992 -0.218499 0.049837 -0.143168 0.141789 -0.041626 
1.249460 -1.055608 1.184591 0.391076 -0.294046 0.022590 -0.561834 0.147774 -0.177770 -0.204504 -0.209502 0.050474 -0.153973 0.178606 -0.056096 
1.288893 -1.035481 1.093441 0.393867 -0.270162 0.039356 -0.601270 0.136601 -0.163345 -0.224849 -0.150442 -0.003841 -0.177007 0.237669 -0.063637 
1.200136 -0.963693 1.009099 0.355565 -0.192797 -0.001543 -0.585039 0.094039 -0.151170 -0.211798 -0.142403 -0.040703 -0.169379 0.265483 -0.080002 
1.311032 -0.979956 1.058614 0.274101 -0.162318 0.020215 -0.617491 0.106387 -0.173491 -0.175022 -0.134369 -0.051831 -0.193318 0.337392 -0.126472 
1.329829 -0.955462 0.983578 0.289411 -0.161991 0.012762 -0.617324 0.099397 -0.160861 -0.175792 -0.095260 -0.085062 -0.166366 0.345219 -0.130890 
1.335561 -0.830160 1.002713 0.244310 -0.090150 0.005458 -0.652302 0.159458 -0.215072 -0.089858 -0.123592 -0.092451 -0.134527 0.312227 -0.093735 
1.425455 -0.750172 0.857195 0.250260 -0.055634 0.020550 -0.636734 0.124745 -0.180220 -0.098018 -0.055816 -0.157094 -0.140123 0.374725 -0.154580 
1.447358 -0.736322 0.868568 0.207549 -0.074882 0.100224 -0.681132 0.144201 -0.215194 -0.035981 -0.063231 -0.158252 -0.127805 0.354957 -0.125674 
1.118810 -0.539553 0.824396 0.199999 -0.008157 -0.006339 -0.674313 0.094403 -0.254965 -0.041041 -0.072743 -0.224147 -0.117263 0.416627 -0.145721 
1.203187 -0.609160 0.860321 0.196573 -0.050483 0.025606 -0.671623 0.083750 -0.279704 -0.027485 -0.063572 -0.228176 -0.114509 0.390347 -0.105678 
1.334725 -0.668316 0.756191 0.206204 -0.046382 0.058902 -0.600414 0.034735 -0.235580 -0.033719 -0.022494 -0.260365 -0.105865 0.369879 -0.148214 
0.992016 -0.515858 0.614772 0.224501 0.083490 -0.062286 -0.504555 0.071073 -0.282046 0.047957 -0.148355 -0.211582 -0.024216 0.201484 -0.124190 
1.075810 -0.461217 0.699133 0.284648 -0.069487 0.045993 -0.689267 0.057227 -0.277444 -0.050596 0.001161 -0.377893 -0.036587 0.409683 -0.176273 
1.083549 -0.405982 0.594901 0.292692 0.059235 0.050577 -0.499575 0.084222 -0.201726 0.037259 -0.155229 -0.255403 0.030729 0.164102 -0.200830 
0.983585 -0.151583 0.466689 0.409378 -0.066123 -0.025525 -0.598923 -0.066935 -0.210984 -0.049971 -0.024857 -0.418930 0.029916 0.371362 -0.184452 
0.378988 0.137282 0.124042 0.288593 -0.084288 0.054441 -0.406185 -0.148427 -0.222762 -0.075245 -0.046854 -0.111559 -0.040511 0.049085 0.021358 
