city021_099
PYUUMA
48
-0.067154 0.003099 -0.076559 0.118373 -0.453892 0.017327 -0.077241 -0.047179 0.020870 -0.019200 0.067074 0.026870 0.021845 0.015537 -0.058017 
-0.193669 -0.333006 -0.166704 0.213933 -0.119624 0.133351 -0.084033 0.050048 -0.010838 -0.033990 -0.023262 0.067104 -0.012243 0.001228 -0.041776 
0.817056 -0.439933 0.395179 0.104842 -0.070790 0.214642 -0.173026 0.142046 -0.140320 0.014781 -0.052547 0.054897 -0.024903 0.001573 -0.028479 
0.314613 -0.873120 1.150616 -0.008286 -0.072082 0.155497 0.029968 0.075838 -0.209399 0.199676 -0.082712 0.051635 -0.081570 0.060410 0.000154 
0.003248 -0.913311 1.243906 -0.247206 -0.085616 0.109669 -0.225248 0.017586 -0.135269 0.055499 -0.053528 -0.002769 -0.062344 0.111494 -0.093923 
-0.076053 -0.926150 0.802788 -0.678893 -0.079344 0.012145 -0.132639 0.145984 -0.113951 0.114029 0.003793 0.071692 -0.104378 0.030502 0.016761 
0.120261 -0.966999 0.718427 -0.620118 -0.009056 -0.022773 -0.297613 0.214666 -0.117936 0.089437 0.010512 0.158994 -0.148967 0.035441 0.014399 
0.064626 -0.693333 0.799701 -0.552678 0.163327 0.135181 -0.207797 0.206004 0.093444 -0.125695 -0.060851 0.140327 -0.076618 0.000625 -0.012105 
0.245894 -0.703789 0.721549 -0.832424 -0.058438 0.185795 -0.221188 -0.056309 -0.104861 0.217876 -0.148401 0.228302 -0.036383 -0.052625 0.025805 
0.368842 -0.470720 1.280643 -0.246860 -0.221605 0.308467 -0.068530 -0.007304 -0.117487 0.152523 -0.179251 0.100794 -0.050807 -0.008295 0.017734 
0.881939 -0.850305 1.666244 0.068845 -0.366993 0.268534 -0.324238 0.166607 -0.424623 -0.099369 -0.036908 -0.153279 -0.194131 0.075827 -0.128346 
0.980906 -0.881494 1.578238 0.143235 -0.497138 0.107505 -0.277300 0.133895 -0.533023 -0.106014 0.044750 -0.190809 -0.190560 0.168548 -0.140718 
1.027647 -0.837903 1.361235 0.330144 -0.427529 -0.035777 -0.252568 0.170982 -0.511835 -0.232523 0.115018 -0.201828 -0.229941 0.192921 -0.116892 
1.218954 -0.945191 1.286532 0.395952 -0.334443 -0.063148 -0.407107 0.322271 -0.497413 -0.302627 0.070970 -0.140934 -0.200566 0.138873 -0.127562 
1.175277 -0.886172 1.091575 0.367810 -0.186111 -0.100751 -0.378545 0.258069 -0.451273 -0.268199 0.027465 -0.201056 -0.124039 0.110798 -0.180965 
1.299812 -0.983336 1.088297 0.318422 -0.100684 0.028970 -0.552983 0.273672 -0.422782 -0.166651 -0.047531 -0.294123 -0.061448 0.186133 -0.262942 
1.367501 -0.955162 1.053337 0.282910 -0.025660 0.046563 -0.565722 0.230046 -0.403084 -0.068319 -0.099980 -0.323830 -0.042602 0.187041 -0.232151 
1.363815 -0.908324 0.975077 0.178052 0.028929 0.160533 -0.574257 0.137764 -0.407673 0.002729 -0.076154 -0.379916 -0.027475 0.152954 -0.210109 
1.487134 -0.827912 0.840312 0.151646 0.034960 0.223631 -0.577131 0.040672 -0.338449 0.018713 -0.058277 -0.390441 -0.046064 0.213848 -0.228586 
1.585356 -0.800809 0.860383 0.068642 0.047503 0.246108 -0.574996 0.048849 -0.379007 0.058672 -0.053387 -0.385387 -0.050604 0.222808 -0.232032 
1.587361 -0.687303 0.824127 0.033556 0.014693 0.277495 -0.525978 0.013497 -0.405250 0.077215 -0.006935 -0.357369 -0.074432 0.198135 -0.181768 
1.677333 -0.697580 0.774562 0.006682 0.043589 0.302355 -0.556879 0.009756 -0.420011 0.123059 0.002610 -0.353553 -0.076110 0.189253 -0.153819 
1.717863 -0.588907 0.685304 -0.049510 0.046756 0.337051 -0.553955 -0.030368 -0.431586 0.106219 0.096816 -0.372064 -0.087857 0.196293 -0.149676 
1.638660 -0.626933 0.724790 -0.071436 0.007931 0.329046 -0.547628 -0.043404 -0.461549 0.089175 0.104250 -0.346521 -0.098076 0.203227 -0.145603 
1.664558 -0.569161 0.694255 -0.108791 0.013475 0.372224 -0.546762 -0.038464 -0.509648 0.070615 0.139155 -0.350299 -0.099667 0.180968 -0.178419 
1.745542 -0.556837 0.623526 -0.158371 0.068417 0.370577 -0.414697 -0.082255 -0.520407 0.035037 0.114337 -0.256746 -0.168555 0.185365 -0.258668 
1.757597 -0.438669 0.467043 -0.043497 -0.080098 0.415844 -0.391391 -0.054802 -0.467138 -0.084669 0.201921 -0.261830 -0.116000 0.158121 -0.222546 
1.671396 -0.275519 0.409637 0.008236 -0.189394 0.395572 -0.199370 -0.089862 -0.415108 -0.059317 0.102473 -0.243757 0.004930 0.118431 -0.264960 
1.319319 -0.188381 0.692697 0.194491 -0.325760 0.388908 -0.065429 -0.146712 -0.271638 -0.089453 -0.146281 -0.104374 -0.169487 0.039354 -0.083773 
1.320992 -0.229807 0.743330 0.068169 -0.398441 0.408076 0.012633 -0.109001 -0.313998 -0.105845 -0.224915 -0.059655 -0.171587 0.066306 -0.069377 
1.335005 -0.327243 0.730752 0.075481 -0.414114 0.422873 -0.016832 -0.127157 -0.311443 -0.128640 -0.224356 -0.035370 -0.151777 0.044146 -0.057973 
1.438374 -0.483844 0.770289 0.063647 -0.444178 0.520011 -0.012016 -0.174669 -0.309415 -0.131446 -0.234146 0.049481 -0.190697 0.067852 -0.071469 
1.306930 -0.379097 0.723970 0.001719 -0.445771 0.495597 0.102778 -0.161693 -0.336247 -0.151072 -0.267790 0.052115 -0.172048 0.108509 -0.029779 
1.477793 -0.520852 0.748551 -0.006638 -0.488151 0.499004 0.115500 -0.140282 -0.352740 -0.135902 -0.292455 0.068964 -0.149826 0.103298 -0.009865 
1.462974 -0.476152 0.660949 -0.015545 -0.497914 0.425207 0.163500 -0.067936 -0.366781 -0.141663 -0.287972 0.028523 -0.091300 0.084144 0.077405 
2.080096 -0.792921 0.146519 -0.463681 -0.359790 0.179888 -0.029712 0.110677 -0.451432 0.260075 0.072935 0.125068 0.018737 0.007783 -0.026102 
1.906511 -1.037482 0.056705 -0.527642 -0.297429 0.111498 -0.005793 0.215467 -0.463404 0.387128 0.084857 0.060181 -0.014179 -0.117392 -0.068249 
1.965404 -1.191916 -0.050313 -0.539355 -0.368295 0.225511 -0.021407 0.200452 -0.398650 0.359665 0.143932 0.027413 -0.075537 -0.115275 -0.128702 
1.851747 -1.003769 -0.228293 -0.419595 -0.420083 0.163396 0.062815 0.157189 -0.361630 0.294665 0.180279 0.102033 -0.092901 -0.192630 -0.099071 
1.912291 -1.089386 -0.328455 -0.378556 -0.480778 0.206968 0.129704 0.159539 -0.287776 0.213990 0.197478 0.049559 -0.127630 -0.202213 -0.123186 
1.995255 -1.222200 -0.262701 -0.395380 -0.443941 0.190781 0.109288 0.186363 -0.330894 0.310972 0.104717 0.059755 -0.129601 -0.214910 -0.067250 
1.787750 -1.213911 -0.224468 -0.436154 -0.402639 0.223916 0.021239 0.221251 -0.274526 0.236171 0.105870 0.025221 -0.125374 -0.097956 -0.086658 
1.235719 -1.158422 -0.318131 -0.514802 -0.410548 0.235308 0.070186 0.245751 -0.294173 0.225634 0.234887 0.014520 -0.218264 -0.153198 -0.170045 
1.641418 -1.042894 -0.338825 -0.425065 -0.360959 0.210058 0.071589 0.226966 -0.311770 0.221770 0.125680 -0.012418 -0.106620 -0.102491 -0.063658 
1.249229 -0.590553 -0.761654 -0.378622 -0.330463 0.200701 0.023998 0.248075 -0.244538 0.181947 0.294682 -0.080955 -0.141687 -0.242180 -0.106362 
1.423439 -0.811915 -0.675498 -0.552354 -0.046540 0.159393 -0.060238 0.321613 -0.386094 0.303510 0.195228 -0.168361 -0.049082 -0.118711 -0.124573 
1.268212 -0.510677 -0.586664 -0.460901 -0.241005 0.201161 0.003173 0.240440 -0.322071 0.244679 0.302542 -0.160645 -0.119550 -0.138774 -0.148205 
0.520325 -0.262574 -0.583947 -0.223294 -0.385813 0.093149 0.036775 0.037881 -0.120870 0.145384 0.124996 0.009523 0.028917 -0.023445 -0.190120 
