city021_014
SENJU
62
0.179721 -0.193093 0.244640 0.251832 0.032913 0.291201 -0.200098 0.284654 0.133744 -0.123020 -0.020254 0.191330 -0.016965 0.013521 -0.046227 
-0.074468 -0.105687 0.457934 0.011156 0.179029 0.264580 -0.173295 0.427992 -0.114547 -0.025589 0.124900 0.073270 -0.019051 0.051138 -0.021503 
-0.175227 0.216705 0.080483 -0.082478 0.203336 -0.003623 0.159442 0.027592 0.007344 0.121009 -0.119942 0.057136 0.027533 0.051774 -0.122087 
-0.338785 0.109325 0.135070 -0.058918 0.135439 -0.007750 -0.029193 -0.059444 0.111583 0.069206 -0.125920 -0.002304 0.106295 -0.060431 -0.040254 
-0.785302 -0.461320 0.190742 0.230542 0.251146 -0.052471 -0.031950 0.067755 -0.002616 0.030498 -0.021867 0.045833 0.037345 -0.145545 0.131101 
-0.373806 -0.151413 0.353667 -0.001932 0.430626 -0.181701 -0.099612 0.168667 -0.087516 -0.048522 0.056368 0.074037 -0.167398 0.065496 0.023266 
-0.375144 0.014833 0.116345 0.036530 0.222459 -0.221484 0.199038 -0.022236 -0.069291 -0.037818 0.139448 -0.028434 -0.129930 0.137073 -0.036156 
-0.084120 0.116907 0.122181 -0.085192 0.114529 -0.273885 0.150547 0.039923 -0.069344 -0.053109 0.098955 -0.024196 -0.047448 0.050131 -0.035169 
-0.060308 0.068699 0.380111 -0.098829 0.251559 -0.295257 0.151381 0.127831 -0.068284 -0.104031 0.044543 0.159169 -0.224832 0.124937 -0.069326 
0.003824 -0.148602 0.415717 -0.159491 0.184802 -0.256766 0.081065 0.007141 0.025199 -0.101564 0.014269 0.122665 -0.167808 0.129564 -0.077936 
0.401345 -0.243380 0.532255 -0.474307 -0.120696 -0.149640 -0.023983 0.124991 0.108306 0.006597 -0.039818 0.093754 -0.065677 -0.061651 -0.004030 
1.003996 -0.343410 0.774338 -0.001874 -0.131959 -0.085541 -0.007166 0.044714 -0.147183 0.115971 -0.178923 0.154650 -0.084676 0.002755 0.029700 
1.636707 -0.742663 0.733196 -0.025188 -0.225586 -0.110816 -0.253485 0.063161 -0.214121 0.082241 -0.293622 0.147295 0.029294 0.017012 -0.066791 
1.511094 -0.957645 0.820207 -0.103438 -0.171043 -0.171843 -0.320843 0.049041 -0.289213 -0.045970 -0.160556 0.096009 0.077818 0.046884 -0.082764 
1.391494 -1.018425 0.862347 -0.119202 -0.164384 -0.208208 -0.283390 0.036975 -0.246339 -0.043258 -0.116418 0.123774 0.037111 0.075952 -0.084392 
1.284137 -1.108931 0.909891 -0.201539 -0.207793 -0.285666 -0.214279 0.072945 -0.231619 0.062369 -0.084006 0.170974 0.028419 0.067231 -0.040916 
1.292678 -1.103949 0.872320 -0.259120 -0.219189 -0.286597 -0.185582 0.069906 -0.222295 0.073125 -0.032943 0.140916 0.036921 0.072566 -0.036345 
1.312428 -1.042359 0.870124 -0.284806 -0.236821 -0.273365 -0.171450 0.089695 -0.236538 0.061306 -0.022788 0.141764 0.019262 0.067817 -0.028838 
1.359820 -1.019034 0.930121 -0.288989 -0.214116 -0.301276 -0.173201 0.130999 -0.248187 0.057607 -0.040074 0.145631 0.018516 0.044664 -0.021826 
1.341203 -0.907745 0.972545 -0.208236 -0.225886 -0.297458 -0.165097 0.163053 -0.273015 0.067604 -0.053476 0.141781 0.001836 0.012535 0.000105 
1.416039 -0.878849 1.039993 -0.171048 -0.219424 -0.225652 -0.194910 0.205132 -0.344507 0.056997 -0.086712 0.128420 -0.038336 0.018967 -0.009807 
1.538466 -0.850013 1.125866 -0.145985 -0.214471 -0.194562 -0.226575 0.251531 -0.431879 0.095743 -0.182261 0.141778 -0.049543 -0.019945 0.004524 
1.461681 -0.718824 1.077512 0.038798 -0.216578 -0.170934 -0.186547 0.127842 -0.325288 0.057195 -0.213640 0.163322 -0.051995 -0.037845 -0.000217 
1.482286 -0.651303 1.042361 0.023273 -0.201977 -0.008740 -0.145864 0.064467 -0.311144 0.061043 -0.323354 0.177462 -0.129747 -0.062784 0.025008 
1.368926 -0.554825 1.139847 0.052654 -0.235805 0.248821 -0.189994 -0.071848 -0.277085 0.054961 -0.369563 0.099114 -0.173185 -0.079900 0.028349 
1.380413 -0.447537 1.173981 -0.097615 -0.217306 0.455906 -0.316230 -0.124923 -0.289824 0.091929 -0.363757 0.025381 -0.123806 -0.101193 0.014130 
1.380951 -0.345766 1.132679 -0.099863 -0.218035 0.480215 -0.307575 -0.154123 -0.259670 0.081616 -0.364052 0.028758 -0.114347 -0.117519 0.016307 
1.384394 -0.384883 1.146707 -0.092908 -0.250486 0.492043 -0.310439 -0.106473 -0.296177 0.091882 -0.357165 0.023224 -0.115582 -0.101773 0.002435 
1.386050 -0.396268 1.192876 -0.159878 -0.252519 0.505799 -0.327243 -0.095573 -0.261401 0.044183 -0.346988 0.032662 -0.117381 -0.103170 0.002653 
1.358305 -0.313324 1.214701 -0.167354 -0.211283 0.503000 -0.367387 -0.083102 -0.264424 0.077226 -0.374975 0.038689 -0.102063 -0.135018 0.029038 
1.302009 -0.197403 1.174166 -0.198433 -0.208370 0.502082 -0.337864 -0.091335 -0.232605 0.044045 -0.384949 0.057923 -0.114011 -0.146267 0.038692 
1.304677 -0.131981 1.168548 -0.180656 -0.261175 0.548214 -0.358940 -0.094399 -0.183022 -0.003965 -0.365381 0.053054 -0.124303 -0.125679 0.010639 
1.389455 -0.097469 1.128622 -0.150660 -0.358858 0.592629 -0.334060 -0.108031 -0.131880 -0.076667 -0.326990 0.011313 -0.120214 -0.105997 -0.035180 
1.399287 -0.054351 1.090271 -0.017057 -0.378122 0.614539 -0.339406 -0.196351 -0.016156 -0.158364 -0.260312 -0.022142 -0.128940 -0.073687 -0.104179 
1.351434 -0.056881 1.075075 0.100941 -0.403349 0.542639 -0.287943 -0.136166 -0.035920 -0.165654 -0.250628 -0.027900 -0.147305 -0.088007 -0.090122 
0.996788 -0.033719 0.995925 -0.038871 -0.015797 0.244876 -0.304009 0.057771 -0.229540 -0.028044 -0.315204 -0.013683 -0.057497 -0.182396 -0.018660 
0.713662 -0.613340 0.894970 -0.251918 0.225138 0.005218 -0.268032 0.301414 -0.340371 0.122280 -0.140397 0.062980 -0.003872 -0.070455 -0.004148 
0.523675 -0.377935 1.043885 -0.222698 0.173356 -0.105550 -0.244044 0.330125 -0.272007 0.112961 -0.222768 0.141123 0.049075 -0.125672 -0.020313 
-0.105402 -0.308759 1.369960 -0.188201 0.321479 -0.135414 -0.279383 0.251045 -0.379782 0.060080 -0.323117 0.060004 -0.088173 -0.122911 -0.012755 
-0.266668 -0.221393 1.377690 -0.330654 0.349970 -0.223592 -0.295576 0.313094 -0.358940 -0.026439 -0.171163 0.027413 -0.011307 -0.113311 -0.041748 
-0.136978 -0.247488 1.383675 -0.385910 0.396213 -0.163515 -0.387646 0.280589 -0.241312 -0.109811 -0.131410 -0.038755 0.043251 -0.097114 -0.087534 
0.120312 -0.373835 1.313352 -0.247873 0.292780 -0.180175 -0.381085 0.281927 -0.303697 -0.166921 -0.120562 0.021494 -0.100525 -0.042912 -0.068791 
0.628002 -0.687235 1.421607 -0.112813 0.030365 -0.015779 -0.458190 0.225584 -0.225787 -0.181069 -0.174492 0.039902 -0.059570 0.013941 -0.194818 
0.811968 -0.928497 1.480645 -0.056050 -0.014263 -0.037740 -0.423792 0.253615 -0.314439 -0.120597 -0.208277 0.034080 -0.036152 -0.040819 -0.161312 
1.090538 -1.186331 1.532030 -0.024869 -0.147468 0.104252 -0.521354 0.228580 -0.248150 -0.170275 -0.184392 0.056707 -0.119719 0.088413 -0.202898 
1.034198 -1.119162 1.536774 0.023273 -0.180851 0.056440 -0.472495 0.190739 -0.241600 -0.200579 -0.167717 0.048032 -0.128199 0.103060 -0.216783 
1.063739 -1.167036 1.546304 0.027064 -0.216169 0.053598 -0.467687 0.191005 -0.274820 -0.199634 -0.148725 0.041179 -0.139157 0.117261 -0.211709 
1.159818 -1.162958 1.466671 0.017156 -0.204664 0.026110 -0.475613 0.209146 -0.278633 -0.165758 -0.142101 0.046829 -0.110740 0.130381 -0.200560 
1.187946 -1.143803 1.409278 0.026177 -0.180050 0.014972 -0.519607 0.192022 -0.221936 -0.178049 -0.111843 -0.018743 -0.051505 0.181824 -0.249419 
1.289663 -1.171369 1.347390 0.021808 -0.165433 0.030075 -0.575196 0.213846 -0.256682 -0.160743 -0.166791 -0.003284 -0.059822 0.209384 -0.309195 
1.257466 -1.062454 1.346386 -0.026504 -0.108801 -0.070111 -0.560589 0.229227 -0.292762 -0.118693 -0.182357 0.004341 -0.016734 0.189532 -0.278480 
1.286388 -1.058540 1.341146 -0.076997 -0.059063 -0.099362 -0.599400 0.240049 -0.314860 -0.058710 -0.211712 -0.016573 0.032381 0.190729 -0.265428 
1.245338 -0.934473 1.251360 -0.060205 -0.065013 -0.111504 -0.606835 0.212436 -0.295560 -0.047236 -0.150607 -0.082938 0.080260 0.230470 -0.283202 
1.318389 -0.911258 1.212556 -0.053550 -0.062279 -0.075407 -0.638769 0.216336 -0.336815 0.011788 -0.167543 -0.128788 0.092675 0.253788 -0.300149 
1.383960 -0.756738 1.009861 0.095200 -0.069646 -0.056723 -0.653649 0.171530 -0.270345 -0.010717 -0.139366 -0.216100 0.141912 0.256380 -0.312128 
1.497071 -0.585936 0.853671 0.160852 -0.059921 -0.064718 -0.646176 0.160423 -0.282970 0.033318 -0.163496 -0.226398 0.156165 0.241421 -0.299041 
1.336812 -0.425027 0.772335 0.076763 -0.063804 -0.146154 -0.542646 0.092485 -0.271736 0.051464 -0.169819 -0.093916 0.136971 0.179865 -0.205890 
1.153736 -0.302504 0.863286 0.185284 -0.192798 -0.158900 -0.449353 0.117625 -0.392562 0.048702 -0.085854 -0.181918 0.176293 0.178628 -0.242506 
0.701411 -0.150236 0.588843 0.196097 -0.123521 -0.141972 -0.607523 -0.008518 -0.310000 0.067767 -0.094158 -0.323566 0.256128 0.293617 -0.275257 
0.939870 0.064502 0.380756 0.297700 -0.012156 0.026062 -0.476427 0.000029 -0.206167 0.021781 -0.128082 -0.253203 0.081098 0.125672 -0.175740 
0.823972 0.026753 0.482617 0.196540 -0.018976 -0.102346 -0.601933 -0.051363 -0.254823 0.103120 -0.129078 -0.318263 0.217609 0.261381 -0.222023 
0.350767 0.173980 0.138431 0.301186 -0.277679 -0.117663 -0.365238 -0.202472 -0.163710 -0.045864 -0.058305 -0.038974 0.048205 0.199981 -0.094807 
