city021_031
MARUNOUCHI
81
0.186594 0.125875 0.005396 0.241323 0.032750 0.231392 -0.171843 0.106933 -0.169843 -0.201580 0.082220 0.143761 -0.139853 -0.084567 0.021980 
1.165918 0.081134 0.434819 0.341437 -0.188361 0.230620 -0.108719 -0.206802 -0.207375 -0.004232 -0.206186 -0.079701 -0.129323 0.003761 -0.102266 
1.244461 -0.284465 0.475047 0.231889 -0.262071 0.389370 -0.025163 -0.291926 -0.370582 -0.013588 -0.222976 -0.028398 -0.095691 -0.129979 -0.019564 
1.450823 -0.529320 0.473308 0.242818 -0.257962 0.329494 -0.034668 -0.303076 -0.392124 0.023762 -0.228633 -0.015590 -0.069958 -0.113008 -0.041079 
1.590006 -0.519382 0.502248 0.193479 -0.218069 0.375547 0.066973 -0.274935 -0.429034 0.041632 -0.286951 0.007145 -0.065617 -0.114841 -0.066623 
1.759947 -0.556175 0.541176 -0.023328 -0.327665 0.377709 0.044942 -0.140017 -0.465849 -0.031139 -0.291754 0.035365 -0.003260 -0.000353 -0.038691 
1.845541 -0.780072 0.273541 -0.503254 -0.223142 0.060330 -0.034955 0.011169 -0.347374 0.055001 0.026677 0.072423 0.026244 0.198044 -0.034248 
1.755646 -0.884342 0.160112 -0.693264 -0.206584 0.004102 -0.007018 0.042650 -0.182142 0.221256 0.190320 0.055029 -0.139064 0.083630 -0.112785 
1.701438 -0.995528 0.154802 -0.714806 -0.119687 -0.062637 0.108692 -0.008444 -0.113549 0.263349 0.189082 0.032030 -0.170199 -0.099448 -0.061261 
1.519109 -1.014216 0.180436 -0.763794 -0.176052 0.058479 0.077948 -0.000478 -0.100738 0.270738 0.171153 -0.008210 -0.119578 -0.175148 -0.033795 
1.501350 -1.114277 0.309139 -0.869702 -0.115639 0.062602 0.054548 0.011077 -0.102149 0.277720 0.177865 -0.014393 -0.148538 -0.156524 -0.031056 
1.396979 -1.125008 0.254504 -0.839029 -0.138355 0.091186 0.029403 -0.007468 -0.047464 0.233087 0.181422 0.006384 -0.192806 -0.104993 -0.053027 
1.435014 -1.161955 0.251403 -0.778330 -0.085724 -0.019857 -0.020755 0.036492 -0.036231 0.203741 0.215891 0.006391 -0.165085 -0.127858 -0.024483 
1.472725 -1.242439 0.287520 -0.711941 -0.047568 -0.204595 0.009767 0.054433 -0.050988 0.212275 0.191449 0.049184 -0.115723 -0.128988 -0.040405 
1.449732 -1.126167 0.379963 -0.643107 -0.087891 -0.239968 -0.111306 0.072522 -0.045058 0.210246 0.163105 0.075215 -0.105841 0.034535 -0.061983 
1.562939 -1.026359 0.496932 -0.651787 -0.098283 -0.114107 -0.202182 -0.069147 -0.139530 0.236316 0.274028 0.053857 -0.079882 0.091496 -0.019250 
1.768062 -1.004062 0.236456 -0.352186 0.084146 -0.069759 -0.317290 -0.135701 -0.300490 0.285904 0.007359 0.088949 -0.009171 0.093234 0.001426 
1.926950 -0.793055 -0.074895 0.400706 0.198786 0.418602 -0.385645 -0.405004 -0.114943 0.197906 -0.181583 -0.141072 -0.109367 -0.008166 -0.064205 
2.075673 -1.216379 0.150566 0.431204 -0.161225 0.136636 -0.318252 -0.165546 -0.273094 0.075845 -0.069637 0.042270 -0.081178 0.014841 -0.032856 
1.930333 -1.145549 0.599251 -0.131733 -0.109362 0.070492 -0.433523 -0.168536 -0.260202 0.155043 -0.107743 0.079770 -0.057239 0.147909 0.022014 
1.838910 -0.986678 0.564868 -0.279270 -0.036563 -0.038351 -0.385849 -0.103298 -0.278764 0.070891 -0.100482 0.040218 0.030866 0.185025 -0.026270 
1.811063 -0.903000 0.699896 -0.320915 -0.072388 0.010090 -0.431526 -0.065387 -0.257919 0.051015 -0.016633 -0.051725 -0.012634 0.289180 -0.145834 
1.924150 -0.915273 0.758175 -0.257766 -0.156628 0.045606 -0.428092 -0.006088 -0.329470 0.144440 -0.066871 -0.068935 0.098054 0.135674 -0.105726 
1.735657 -0.774482 0.786002 -0.283200 -0.112818 -0.063780 -0.345071 0.034942 -0.302031 0.119029 -0.164732 -0.034897 0.113149 0.093828 -0.134825 
1.772256 -0.885829 0.967172 -0.277863 0.015252 0.010034 -0.570629 0.081857 -0.274816 0.184958 -0.245918 -0.067004 0.099245 0.142620 -0.138593 
1.554697 -0.721884 0.925417 -0.129265 0.100830 0.040240 -0.541741 -0.031927 -0.204667 0.193193 -0.293402 -0.120229 0.086945 0.101699 -0.091469 
1.593915 -0.543766 0.738249 -0.001102 0.170862 0.103039 -0.438273 -0.044892 -0.267190 0.234966 -0.384957 -0.147802 0.016970 0.052788 -0.128392 
1.539815 -0.149565 0.877669 -0.053585 -0.562534 0.519254 -0.209253 -0.160193 -0.180462 -0.093794 -0.257597 -0.124520 -0.023943 -0.026253 -0.124901 
1.607556 -0.254655 0.996032 -0.093685 -0.579859 0.518679 -0.229425 -0.217349 -0.197413 -0.067487 -0.295158 -0.087489 -0.039016 -0.011202 -0.128993 
1.648749 -0.256097 0.987924 -0.113505 -0.566188 0.524531 -0.262058 -0.271809 -0.153635 -0.090174 -0.302070 -0.027894 -0.066083 -0.003268 -0.106352 
1.719111 -0.294167 0.952891 -0.056806 -0.699797 0.625926 -0.353112 -0.225734 -0.103234 -0.203131 -0.172043 -0.121465 -0.024209 -0.004646 -0.091349 
1.415588 -0.417527 0.959743 -0.213930 -0.134356 0.252641 -0.272222 -0.198237 -0.386534 0.115670 -0.310699 0.011796 -0.072477 -0.044970 0.014755 
1.872844 -0.730849 0.531648 -0.268771 0.150999 0.118822 -0.346029 -0.097346 -0.449792 0.130718 -0.259337 0.056411 0.027881 -0.114469 0.042475 
1.904953 -0.880587 0.491142 -0.302859 0.144208 0.180535 -0.375512 -0.100179 -0.440131 0.104747 -0.096979 0.022788 -0.008405 0.009009 -0.093225 
2.030826 -0.966158 0.477198 -0.346799 -0.004230 0.192736 -0.331726 -0.043249 -0.437284 0.125259 0.011942 0.048352 0.057538 -0.026787 -0.073799 
2.132416 -0.946406 0.409178 -0.333101 -0.088892 0.169189 -0.388484 0.095539 -0.354812 0.101307 -0.071068 0.039153 0.196463 -0.061614 -0.051326 
2.123736 -0.954589 0.486421 -0.376516 -0.140529 0.126775 -0.349277 0.171185 -0.365089 0.053473 -0.166010 0.061772 0.188710 -0.007832 -0.042062 
2.080173 -0.908989 0.487758 -0.394077 -0.133425 0.082908 -0.272873 0.172763 -0.407269 0.045261 -0.267642 0.079308 0.193387 0.010094 -0.014231 
2.049728 -0.800450 0.397416 -0.349245 -0.125374 0.055519 -0.212318 0.036480 -0.240800 -0.051835 -0.289656 0.087152 0.083327 0.162157 -0.104155 
1.990760 -0.655502 0.346881 -0.407751 -0.057170 0.076790 -0.257278 0.012228 -0.231872 -0.041708 -0.335320 0.024248 0.080246 0.185643 -0.064146 
1.995086 -0.616699 0.391928 -0.471578 -0.010108 0.071360 -0.283317 0.090846 -0.350763 -0.006638 -0.304447 -0.064206 0.103122 0.193441 -0.085012 
2.049567 -0.513366 0.369679 -0.464991 -0.105110 0.155378 -0.233606 0.069271 -0.437251 0.007382 -0.219321 -0.110870 0.130297 0.160930 -0.079830 
2.096593 -0.406821 0.542261 -0.478179 -0.181055 0.210622 -0.185420 -0.006592 -0.492015 0.061200 -0.140147 -0.062546 0.052302 0.179092 -0.148498 
1.977978 -0.515049 0.550088 -0.365982 -0.089809 0.196481 -0.191189 0.010940 -0.586379 0.086360 -0.153032 -0.041373 0.042891 0.099184 -0.108083 
1.805924 -0.573819 0.674827 -0.263062 0.113822 0.134316 -0.364942 -0.040432 -0.497379 0.233284 -0.084953 -0.188129 -0.008959 0.111961 -0.128052 
1.682346 -0.834474 0.828521 -0.095169 0.139406 0.061621 -0.524743 0.112743 -0.392412 0.180339 -0.130690 -0.291680 0.032997 0.227462 -0.211476 
1.324464 -0.922649 1.187445 0.010757 0.116675 -0.066862 -0.502070 0.235787 -0.396831 0.107096 -0.260082 -0.194973 0.073636 0.119110 -0.255324 
1.012357 -0.889927 1.363193 0.013551 0.095158 -0.070424 -0.448880 0.298525 -0.388267 0.019290 -0.268544 -0.108164 0.047990 0.036887 -0.297323 
0.508524 -0.225781 0.985596 0.107585 0.225490 -0.042841 -0.243369 0.235723 -0.252057 0.079162 -0.259442 0.001951 0.005045 -0.060975 -0.130663 
0.261397 -0.144313 0.879657 -0.176280 0.317187 0.227662 -0.208972 0.002638 -0.288865 0.145269 -0.168250 0.024919 -0.214733 0.029760 -0.044075 
0.577928 0.246784 0.376884 0.302364 0.080936 0.102951 0.040125 -0.014162 -0.195307 0.097249 -0.147559 0.005852 -0.105957 0.025037 -0.088336 
-0.051350 -0.196319 0.458300 -0.221966 0.332757 0.003121 -0.078990 0.042985 -0.276045 0.207885 -0.101831 0.120122 -0.180882 0.081947 -0.016272 
0.091400 -0.376195 0.200744 -0.438617 0.057899 0.178687 -0.298930 -0.204760 -0.134865 0.320562 -0.029979 0.094968 -0.126433 0.065199 -0.045135 
0.268077 -0.275525 0.160181 -0.370962 0.057056 0.193354 -0.258043 -0.135498 -0.119896 0.308283 -0.100045 0.074928 -0.092979 0.059111 -0.046674 
0.242068 0.066935 0.087741 0.028155 -0.197315 0.061809 -0.072618 -0.045571 -0.151273 0.071081 -0.041420 0.027500 -0.006193 0.037433 -0.039468 
-0.317863 -1.151841 0.414685 -0.570595 0.123159 -0.022979 -0.073566 0.213010 -0.185731 0.234787 -0.164530 0.107421 -0.152322 0.069895 0.023189 
-0.879159 -0.166178 0.469130 -0.379493 0.413254 -0.169417 -0.051110 0.125641 -0.194083 0.184432 -0.118923 0.106317 -0.144392 0.130099 -0.052991 
-1.053567 -0.303940 0.768689 -0.525217 0.076733 -0.328939 -0.125994 0.157664 -0.171238 0.165300 -0.080018 0.154728 -0.083837 0.068457 -0.015688 
-1.085156 -0.317351 0.555264 -0.616184 0.196146 -0.023453 0.051226 0.051838 -0.134809 0.138119 -0.112484 0.066194 -0.036734 0.031901 -0.017129 
-1.191582 -0.232400 0.854884 -0.782743 0.324559 -0.073056 -0.097947 0.112338 -0.168520 0.212412 -0.178970 0.108206 -0.033103 -0.020208 0.048268 
-1.488389 -0.093565 0.835549 -0.904539 0.314233 -0.184644 -0.002460 0.100297 -0.140015 0.174927 -0.087097 -0.010245 0.064493 -0.061435 0.023890 
-1.505223 -0.263216 0.861956 -0.817073 0.526100 -0.084954 0.051587 0.079981 -0.188456 0.135659 -0.037077 0.024000 -0.045332 0.085118 -0.065115 
-1.439164 -0.538711 0.754036 -0.888405 0.356521 -0.193788 -0.051943 0.142171 -0.086569 0.217274 -0.203533 0.032877 0.084670 -0.085217 -0.022096 
-1.115704 -0.507786 0.723428 -0.942882 0.235964 -0.051624 0.247090 0.000681 -0.151702 0.197457 -0.210104 0.001341 0.128867 -0.058636 -0.022658 
-0.969479 -0.770935 0.654786 -0.848468 0.222374 -0.094891 0.030444 0.246842 -0.140199 0.113216 -0.169906 0.033865 0.047594 -0.042669 -0.042626 
-0.667319 -0.526200 0.680538 -0.728761 0.154635 -0.046163 0.073468 0.228956 -0.199195 0.155304 -0.194992 0.059966 0.075770 -0.111413 0.070429 
0.297070 -0.418735 1.449255 -0.136620 -0.077760 -0.010990 -0.138201 0.075724 -0.441659 0.133512 -0.265799 0.030844 -0.111215 -0.082141 0.072067 
0.446539 -0.512490 1.676396 -0.103827 -0.221252 0.076011 -0.184592 0.038295 -0.388332 -0.051557 -0.193970 0.043964 -0.263014 -0.013357 0.056018 
0.555290 -0.818082 1.755535 -0.084219 -0.341549 0.214770 -0.236585 -0.000162 -0.301794 -0.104624 -0.155004 0.071906 -0.331878 0.096792 0.017391 
0.658005 -0.733570 1.736341 -0.061174 -0.428267 0.252086 -0.265084 -0.004034 -0.283267 -0.122073 -0.108011 0.037829 -0.282851 0.097812 0.008948 
0.665432 -0.648268 1.674855 -0.115280 -0.419337 0.235503 -0.256159 -0.031406 -0.272938 -0.096349 -0.121267 0.060044 -0.283051 0.137652 -0.006013 
0.616017 -0.660837 1.698750 -0.119707 -0.398734 0.252706 -0.268173 -0.016282 -0.326288 -0.066273 -0.138838 0.000327 -0.246186 0.115029 -0.026891 
0.499215 -0.415399 1.734104 -0.055369 -0.423220 0.250031 -0.249621 -0.041672 -0.321688 -0.117437 -0.127458 -0.005339 -0.307708 0.126603 -0.008859 
0.532041 -0.380843 1.712367 -0.051038 -0.449039 0.345509 -0.319628 -0.011582 -0.288789 -0.186917 -0.065383 -0.062037 -0.301443 0.120067 -0.013184 
0.579462 -0.442189 1.721362 -0.162417 -0.348329 0.280758 -0.303146 -0.003484 -0.308005 -0.134906 -0.126491 0.012012 -0.349910 0.162804 -0.035048 
0.450368 -0.230592 1.514754 -0.014568 -0.366208 0.286201 -0.291129 0.027928 -0.292508 -0.124470 -0.051733 -0.091907 -0.212482 0.100521 -0.050358 
0.266359 -0.148716 1.605821 0.011352 -0.367436 0.308319 -0.247279 0.008126 -0.342459 -0.097328 -0.080682 -0.158485 -0.217228 0.085388 -0.079209 
0.410861 -0.082851 1.165982 0.032454 -0.267321 0.418067 -0.249021 0.055491 -0.216521 -0.094792 -0.011197 -0.125574 -0.173218 0.092880 -0.093371 
0.355720 -0.097818 1.437899 0.014148 -0.364725 0.378744 -0.369895 0.079335 -0.286217 -0.261738 0.041861 -0.172741 -0.289508 0.113443 -0.062829 
0.225073 0.230658 0.570926 0.324549 -0.357147 0.182423 -0.145137 -0.114748 -0.343905 -0.182628 -0.035057 -0.152402 -0.194653 0.018039 0.021376 
-0.001078 0.005639 0.245319 0.201382 -0.175341 0.127216 -0.291504 -0.110291 -0.077904 -0.016234 -0.051375 0.012362 -0.060289 0.049413 0.023854 
