city021_045
GAMAGOORI
77
0.254799 0.115350 0.292279 0.311182 -0.099885 0.247130 -0.139863 -0.025757 -0.165247 0.057201 -0.110806 0.004499 -0.022082 -0.103645 0.064353 
1.129577 0.480672 0.482849 0.248320 -0.403997 0.113482 0.039375 -0.100235 -0.285074 0.000915 -0.132019 -0.185844 -0.090980 0.079521 -0.163054 
1.188495 0.288934 0.535376 0.328780 -0.552911 0.092510 -0.032798 -0.121137 -0.324150 -0.128547 -0.068614 -0.203441 -0.161261 0.115539 -0.078775 
1.206590 0.527124 0.527602 0.364014 -0.522984 0.003820 0.024452 -0.153437 -0.244091 -0.095616 -0.108472 -0.084158 -0.215338 0.074002 -0.012171 
0.940966 0.318148 0.477663 0.630592 -0.138340 -0.180454 -0.253444 0.005049 -0.260155 -0.153368 -0.186214 -0.119089 -0.017217 -0.000797 -0.108151 
1.302447 -0.746312 -0.112950 0.375520 0.111097 -0.137990 -0.179369 -0.030020 -0.100932 0.087875 -0.195189 0.133890 -0.082385 0.096397 -0.076231 
1.161039 -1.056139 -0.185652 -0.005906 0.175112 -0.190506 -0.258074 0.142971 0.012103 0.170903 -0.211219 0.097729 -0.010423 0.069155 -0.071531 
1.251639 -0.626743 0.329516 -0.080315 0.086124 -0.148001 -0.395868 0.022129 -0.195320 0.172160 -0.116205 -0.039743 0.042616 0.180202 -0.096935 
1.589178 -0.728063 0.614074 -0.148846 -0.113370 -0.075391 -0.520482 -0.026121 -0.271095 0.320309 -0.001125 -0.030078 -0.018059 0.325379 0.019708 
1.560350 -0.878261 0.585898 -0.458242 -0.101647 -0.091510 -0.428262 -0.047208 -0.289926 0.367054 0.110083 0.031297 -0.027184 0.255053 0.028827 
1.549964 -0.964877 0.436983 -0.614316 -0.109088 -0.045871 -0.311604 -0.088158 -0.204620 0.361876 0.291758 0.030024 -0.107414 0.158293 -0.008641 
1.519707 -1.038719 0.319021 -0.609342 -0.174912 -0.117838 -0.218488 -0.002213 -0.128469 0.273851 0.218546 0.130337 -0.137010 0.142304 -0.049429 
1.520356 -1.109671 0.359143 -0.650071 -0.207886 -0.141663 -0.190738 0.084841 -0.106813 0.183034 0.176014 0.204696 -0.108648 0.058452 -0.025135 
1.568791 -1.076702 0.285919 -0.626916 -0.246056 -0.162447 -0.077223 0.010620 -0.156023 0.181523 0.167058 0.216092 -0.064179 0.105424 -0.054237 
1.747361 -0.927105 0.210835 -0.675805 -0.288990 -0.101341 -0.033330 0.037406 -0.274343 0.180662 0.116684 0.219347 -0.062035 0.260351 -0.074024 
1.832375 -0.940354 0.227210 -0.594903 -0.404251 0.043143 -0.104887 0.081514 -0.344571 0.130127 0.051103 0.165021 0.042127 0.329260 -0.105951 
1.672356 -0.608058 0.724978 -0.123340 -0.405958 0.399114 0.158057 -0.002736 -0.341558 -0.000796 -0.293784 0.055904 -0.065439 0.108091 0.023360 
1.579514 -0.588023 0.812266 -0.160682 -0.485298 0.370764 0.252395 -0.079682 -0.327138 -0.026639 -0.361545 0.049884 -0.119138 0.171749 0.028646 
1.637430 -0.627070 0.809210 -0.221397 -0.468909 0.355710 0.210248 0.019597 -0.339586 -0.023162 -0.325480 -0.004293 -0.064278 0.151021 0.049050 
1.800013 -0.623177 0.733072 -0.270796 -0.434894 0.262908 0.216672 0.014498 -0.395739 0.029882 -0.380193 -0.012699 -0.042595 0.161703 0.057685 
1.919140 -0.766538 0.442962 -0.436427 -0.445450 0.040248 0.011153 0.068079 -0.362480 0.142359 -0.136585 0.033665 0.093475 0.111707 0.050905 
1.800788 -0.969017 0.279756 -0.654942 -0.282734 -0.139225 -0.030630 0.199615 -0.304648 0.093913 0.098845 0.052296 0.014657 0.263369 -0.074653 
1.699202 -0.925634 0.170567 -0.778910 -0.228700 -0.035156 0.092680 0.152696 -0.272527 0.079714 0.181354 0.040675 -0.006679 0.139390 -0.105052 
1.598223 -0.974011 0.184045 -0.845893 -0.196806 0.017960 0.109564 0.145712 -0.224579 0.025792 0.229266 0.031780 -0.010069 0.058092 -0.119667 
1.595642 -1.002802 0.136869 -0.826739 -0.176494 -0.003696 0.067587 0.168321 -0.244886 0.066925 0.260213 0.034636 -0.051862 0.064114 -0.138480 
1.667073 -0.986564 0.190526 -0.833332 -0.168211 0.005052 0.019027 0.142453 -0.280199 0.104733 0.272389 0.052784 -0.072065 0.124371 -0.155888 
1.674694 -0.912021 0.216635 -0.783932 -0.202514 0.027737 -0.007566 0.099702 -0.331719 0.155785 0.248803 0.044143 0.009243 0.097964 -0.110936 
1.620170 -0.831920 0.285095 -0.726234 -0.183940 -0.067343 -0.016637 0.059993 -0.413372 0.216703 0.138105 0.087299 0.063008 0.168207 -0.069369 
1.699661 -0.823879 0.343485 -0.587366 -0.187474 -0.065429 -0.051512 0.010637 -0.489166 0.218589 0.054412 0.085180 0.105689 0.190089 -0.074755 
1.916661 -0.682382 0.434518 -0.582227 -0.097202 0.075540 -0.108174 0.054170 -0.658415 0.218748 -0.067658 0.062313 0.075070 0.194286 -0.066607 
1.971625 -0.468918 0.355229 -0.445635 -0.120914 0.151610 -0.079064 0.032637 -0.671049 0.096090 -0.065725 0.034929 0.023589 0.235431 -0.101500 
1.923152 -0.215786 0.185401 -0.400583 -0.215957 0.084766 -0.020889 0.099169 -0.553648 0.023095 -0.082104 -0.032163 -0.008676 0.300919 -0.039559 
1.857092 -0.070739 0.234072 -0.375714 -0.259939 0.038741 -0.009408 0.100616 -0.483753 0.022987 -0.168408 -0.069708 -0.065858 0.298012 -0.030492 
1.830847 -0.005667 0.174009 -0.352305 -0.280943 0.068432 -0.010019 0.077818 -0.533068 -0.040801 -0.143620 -0.097173 -0.003847 0.285352 0.008600 
1.972657 -0.059211 0.239829 -0.473523 -0.302874 0.030091 -0.010011 0.088739 -0.510993 0.007868 -0.201955 -0.063421 -0.037501 0.335653 0.008216 
2.065545 -0.049146 0.323188 -0.474121 -0.346138 0.029770 -0.049100 0.098154 -0.494562 0.011061 -0.176041 -0.082156 -0.040174 0.299795 0.029883 
2.131185 -0.460662 0.458873 -0.435599 -0.326175 0.092591 -0.265306 0.164597 -0.423919 -0.030732 -0.199628 -0.025385 0.013836 0.210195 -0.007782 
2.020505 -0.537696 0.298241 -0.393260 -0.027148 -0.103573 -0.317170 0.075615 -0.333877 -0.001835 -0.209949 0.027382 0.014241 0.224434 -0.012512 
2.043729 -0.559131 0.235305 -0.364851 -0.011355 -0.123006 -0.361293 -0.020478 -0.253674 0.066134 -0.190398 -0.041311 0.061520 0.246119 -0.012493 
2.109452 -0.690079 0.217294 -0.302036 -0.094083 -0.089534 -0.348142 -0.055656 -0.248405 0.097897 -0.210041 -0.024689 0.111810 0.220659 0.010266 
2.102410 -0.742181 0.151671 -0.205354 -0.131663 -0.133297 -0.258189 -0.109037 -0.207437 0.070589 -0.181761 -0.002412 0.156350 0.176551 -0.034471 
2.106568 -0.796691 0.152163 -0.239188 -0.078174 -0.188788 -0.200949 -0.104158 -0.254446 0.139915 -0.243973 0.054143 0.146782 0.172195 -0.017279 
2.088247 -0.805668 0.161540 -0.275656 -0.101312 -0.148001 -0.231271 -0.045902 -0.252486 0.108431 -0.181686 0.028246 0.193007 0.129475 -0.010262 
2.117748 -0.758244 0.205299 -0.309888 -0.131011 -0.132984 -0.275459 0.059824 -0.266866 0.113166 -0.167698 -0.034990 0.231010 0.096184 -0.025323 
2.157355 -0.763895 0.247489 -0.407906 -0.137003 -0.128885 -0.287309 0.167686 -0.258408 0.135580 -0.193378 -0.065225 0.209384 0.120056 -0.061423 
2.070956 -0.642792 0.218314 -0.414242 -0.142903 -0.194577 -0.238970 0.167740 -0.202161 0.103138 -0.177273 -0.100101 0.158835 0.159987 -0.081662 
2.018157 -0.602176 0.297626 -0.501573 -0.081633 -0.191030 -0.298280 0.178218 -0.196116 0.094050 -0.160815 -0.044631 0.051512 0.215609 -0.078656 
1.971945 -0.561325 0.332123 -0.573577 -0.057197 -0.215200 -0.316044 0.215916 -0.175462 0.130998 -0.188639 -0.024337 0.030090 0.192462 -0.072885 
1.996689 -0.552818 0.363775 -0.602781 -0.123518 -0.241178 -0.284220 0.185143 -0.157954 0.172068 -0.234241 -0.016753 -0.001548 0.226199 -0.089556 
1.937327 -0.515067 0.410673 -0.649151 -0.154925 -0.199173 -0.311838 0.176519 -0.171363 0.178505 -0.214443 -0.011094 0.016923 0.209602 -0.089322 
1.931014 -0.578507 0.290529 -0.637986 -0.133086 -0.199591 -0.273548 0.183913 -0.195010 0.146419 -0.231213 0.011040 0.046313 0.245418 -0.041765 
1.996696 -0.602748 0.279967 -0.674125 -0.116282 -0.258309 -0.260327 0.243377 -0.180033 0.110318 -0.261986 -0.001454 0.036812 0.260309 -0.032673 
1.961257 -0.527375 0.347254 -0.621858 -0.165018 -0.269997 -0.311230 0.195426 -0.198019 0.130281 -0.248699 0.007710 0.040540 0.259867 -0.070202 
1.910813 -0.509930 0.391836 -0.591855 -0.118687 -0.200100 -0.379518 0.151426 -0.249999 0.099744 -0.170997 0.019553 0.097526 0.216368 -0.062425 
1.865666 -0.564361 0.344647 -0.555465 -0.078239 -0.136828 -0.287696 0.102421 -0.412040 0.030973 -0.107565 0.011608 0.121494 0.263395 -0.067702 
1.832637 -0.571839 0.306765 -0.553802 -0.066103 -0.014013 -0.249014 0.030933 -0.511082 0.018690 -0.094935 0.068897 0.155075 0.221981 -0.068969 
1.710429 -0.561576 0.489012 -0.472145 0.012071 -0.067368 -0.331063 -0.053017 -0.546179 0.179672 -0.038649 0.042249 0.039505 0.179636 -0.027291 
1.874421 -0.725831 0.513049 -0.329228 -0.021601 0.080750 -0.465732 -0.091544 -0.566777 0.233875 0.074620 -0.076595 -0.016027 0.212441 -0.053792 
1.781474 -0.868633 0.689125 -0.043395 -0.163371 0.158384 -0.602302 -0.191920 -0.261381 0.117047 0.066701 -0.156712 -0.121671 0.392073 -0.010323 
1.721173 -1.164196 0.438065 0.496542 -0.291906 -0.089728 -0.535954 -0.068553 -0.172240 -0.054379 -0.034624 -0.070246 -0.053939 0.300485 -0.028899 
1.272398 -0.025609 0.270422 0.655761 0.110326 0.051897 -0.170045 0.026286 -0.050308 0.000170 -0.137934 -0.138236 -0.101564 0.135502 -0.187137 
1.085790 -0.007423 0.322510 0.849680 -0.046473 0.097629 -0.095731 -0.014639 0.006892 0.019255 -0.164510 -0.193510 -0.009150 0.138272 -0.268970 
0.816114 -0.052811 0.699329 0.484574 -0.049577 0.212380 -0.257959 0.185939 -0.153517 -0.013460 -0.008285 -0.214518 0.028176 0.041475 -0.147772 
0.948596 -0.604691 0.904474 -0.160560 -0.101743 0.212200 -0.141247 0.238359 -0.423218 0.131596 -0.031864 -0.092422 0.024450 0.022567 -0.105799 
0.612607 -0.402412 1.553940 0.176158 -0.180279 0.024165 -0.140584 0.201166 -0.489821 -0.012049 -0.144789 -0.070344 -0.206376 -0.033166 -0.092363 
0.640531 -0.415747 1.667837 0.032325 -0.273463 0.115909 -0.157533 0.085413 -0.445105 0.008467 -0.139997 -0.064274 -0.228432 0.057842 -0.054245 
0.529655 -0.453537 1.763866 -0.095546 -0.221597 0.181557 -0.196281 0.122709 -0.439442 0.009802 -0.125560 -0.071582 -0.242828 0.068161 -0.045152 
0.472464 -0.352079 1.814661 -0.086858 -0.301745 0.318777 -0.245798 0.104752 -0.340391 -0.024847 -0.071969 -0.072595 -0.233828 0.121689 -0.064831 
0.579574 -0.239839 1.718769 -0.231362 -0.253810 0.348285 -0.362281 0.167177 -0.323448 -0.077291 -0.021667 -0.059009 -0.256798 0.164606 -0.068577 
0.436813 -0.096757 1.591614 -0.090849 -0.300114 0.384708 -0.357033 0.155680 -0.326557 -0.144423 0.030631 -0.170894 -0.223735 0.109920 -0.070574 
0.299064 -0.091086 1.540897 -0.029146 -0.313813 0.436870 -0.347796 0.112161 -0.278612 -0.245969 0.082635 -0.227914 -0.290316 0.150058 -0.102801 
0.208206 0.067652 1.663860 -0.020890 -0.229014 0.334865 -0.271020 0.147569 -0.325635 -0.139348 0.033611 -0.148538 -0.323084 0.205945 -0.107118 
0.281050 -0.014201 1.355096 -0.045297 -0.126533 0.299424 -0.266394 0.191466 -0.361333 -0.045403 0.024866 -0.203879 -0.185510 0.160005 -0.152349 
0.058539 0.047614 1.295292 0.001875 -0.074431 0.291657 -0.264510 0.178262 -0.407256 -0.087610 0.036936 -0.292754 -0.204704 0.126876 -0.156094 
-0.022156 -0.096186 1.521810 -0.215453 -0.054375 0.171563 -0.231830 0.205736 -0.427070 0.060648 -0.027665 -0.149268 -0.159087 0.178055 -0.151514 
0.057191 0.216161 1.041417 -0.005151 -0.067326 0.324247 -0.276193 0.172121 -0.420682 -0.144496 0.113301 -0.318345 -0.236719 0.185517 -0.159477 
0.011456 -0.121901 0.277781 0.303726 -0.277481 0.104129 -0.055805 0.018425 -0.224367 0.043243 0.045334 -0.053452 -0.023424 0.009781 0.016934 
