city021_075
CHUUBU
50
-1.210782 -0.220549 0.848598 -0.613415 0.260061 -0.040723 -0.158468 0.121102 -0.192652 0.246557 -0.183617 0.049689 0.038963 -0.029687 0.003614 
-1.348037 -0.439901 0.779681 -0.911930 0.303384 -0.140146 -0.134074 0.261937 -0.245228 0.321337 -0.219098 0.048296 0.070111 -0.109953 0.055402 
-1.266922 -0.472096 0.836023 -0.954118 0.366048 -0.089669 -0.136107 0.258086 -0.228727 0.206431 -0.095618 -0.044396 0.097164 -0.055250 -0.042207 
-0.868303 -0.341192 0.930528 -0.889673 0.348869 -0.183622 -0.158708 0.175181 -0.245612 0.192024 0.028577 -0.128286 0.095951 0.052742 -0.144694 
-0.705032 -0.804666 0.848522 -1.059413 0.145376 0.105148 -0.115319 0.330187 -0.209911 0.113716 0.003314 -0.198646 0.158231 -0.025248 -0.087095 
-0.602161 -0.936186 0.895382 -0.737775 0.118888 0.006889 -0.239803 0.246674 -0.124160 0.080336 0.053828 -0.070797 -0.050622 0.157363 -0.159757 
-0.654824 -0.843443 0.885591 -0.731954 -0.054208 -0.035690 -0.290869 0.328114 -0.016809 -0.030187 0.094146 0.045950 -0.135444 0.072066 -0.051685 
0.282641 -0.277565 1.177845 -0.110584 0.023162 0.049916 -0.230028 0.031708 -0.082190 -0.029204 -0.183594 0.065598 -0.054008 0.006315 -0.058888 
1.182108 -0.890163 1.252757 0.108096 -0.181446 0.052899 -0.406748 0.132354 -0.247763 -0.147062 -0.185647 0.043852 -0.110943 0.030162 -0.085935 
1.286864 -1.179011 1.239328 0.321167 -0.315198 0.161475 -0.467162 0.083668 -0.165047 -0.311696 -0.124643 -0.023862 -0.130818 0.058857 -0.171939 
1.421173 -1.204355 1.290873 0.310811 -0.358603 0.150812 -0.490198 0.125476 -0.176638 -0.326050 -0.120774 0.005343 -0.140014 0.082088 -0.171311 
1.500536 -1.228650 1.267590 0.282552 -0.334533 0.144338 -0.507547 0.145541 -0.189970 -0.331997 -0.103641 -0.016568 -0.122633 0.094437 -0.199681 
1.518959 -1.227542 1.239296 0.248150 -0.268167 0.095027 -0.477304 0.132694 -0.189384 -0.302829 -0.125365 -0.009697 -0.140837 0.151878 -0.239715 
1.358831 -1.151505 1.238270 0.231754 -0.200306 -0.001873 -0.454962 0.139720 -0.184272 -0.261046 -0.107472 -0.046680 -0.089529 0.174632 -0.247348 
1.558728 -1.224166 1.206947 0.233072 -0.226285 0.052229 -0.522738 0.167799 -0.172296 -0.273804 -0.090305 -0.057671 -0.100402 0.222394 -0.266994 
1.552460 -1.139119 1.148032 0.253963 -0.218110 0.042300 -0.561245 0.172864 -0.150354 -0.257023 -0.072179 -0.108337 -0.033331 0.213736 -0.267319 
1.568388 -1.098333 1.119762 0.209344 -0.178962 0.002465 -0.561438 0.140405 -0.161978 -0.161953 -0.117057 -0.112233 -0.008125 0.249157 -0.263017 
1.571351 -1.097108 1.164615 0.128944 -0.152349 0.023624 -0.622679 0.146583 -0.199614 -0.100222 -0.101751 -0.158518 0.005288 0.295403 -0.234579 
1.559003 -1.010777 1.109399 0.083882 -0.113762 0.016803 -0.618013 0.111800 -0.225748 -0.047728 -0.114730 -0.181737 0.017955 0.297317 -0.221750 
1.603547 -1.057466 1.112321 0.039092 -0.102917 0.069226 -0.643043 0.131824 -0.269281 -0.038140 -0.080463 -0.214126 -0.008568 0.316032 -0.208377 
1.517142 -0.977780 1.121391 0.025432 -0.038417 0.031531 -0.600715 0.085469 -0.254355 -0.010520 -0.130197 -0.204876 -0.023158 0.308971 -0.209899 
1.522700 -0.925479 1.133520 -0.032231 0.055105 0.032380 -0.631191 0.103870 -0.311592 0.058267 -0.152826 -0.245629 -0.032959 0.325520 -0.178950 
1.482835 -0.850176 1.085682 -0.037417 0.095153 0.042527 -0.597199 0.042804 -0.299364 0.099739 -0.164509 -0.262286 -0.046963 0.316810 -0.157994 
1.562799 -0.860439 0.990591 -0.020874 0.057759 0.141606 -0.574120 0.014740 -0.336177 0.078637 -0.103107 -0.287737 -0.090107 0.288143 -0.156191 
1.593478 -0.791193 0.983477 -0.109606 0.102421 0.154190 -0.524824 0.008154 -0.388830 0.141903 -0.096041 -0.256537 -0.107212 0.248590 -0.111664 
1.605060 -0.649285 0.833348 -0.083175 0.109478 0.266310 -0.544596 -0.080665 -0.371478 0.126364 -0.010286 -0.291929 -0.166039 0.246812 -0.107096 
1.568851 -0.472003 0.708397 -0.082435 0.105297 0.302637 -0.429286 -0.128831 -0.425642 0.126039 0.031580 -0.238718 -0.196700 0.173216 -0.126011 
1.660454 -0.273128 0.568001 -0.072259 0.074782 0.305946 -0.345300 -0.145720 -0.454426 0.156845 0.036044 -0.166921 -0.187340 0.134792 -0.108156 
1.592361 -0.259803 0.502753 -0.116496 -0.006817 0.401450 -0.340911 -0.133664 -0.357464 0.026325 0.164842 -0.192868 -0.114351 0.133219 -0.197427 
1.498393 -0.115333 0.447414 -0.105671 0.001481 0.425624 -0.337474 -0.108271 -0.391275 -0.019270 0.211837 -0.228060 -0.077123 0.088432 -0.216147 
1.378839 -0.157767 0.479060 -0.168286 -0.005190 0.376928 -0.320193 -0.108565 -0.433107 0.055556 0.132398 -0.129344 -0.120606 0.127274 -0.185527 
1.178321 -0.197057 0.432215 -0.076624 -0.154251 0.467475 -0.300439 -0.080805 -0.368980 -0.082808 0.224506 -0.225799 -0.030504 0.113426 -0.192163 
1.099663 -0.202953 0.419677 -0.023010 -0.099238 0.450856 -0.186940 -0.088789 -0.310331 0.006389 0.165545 -0.181534 -0.048215 0.118695 -0.208645 
1.009694 -0.192110 0.268718 -0.012278 -0.141714 0.422345 -0.243093 -0.081906 -0.299584 0.018396 0.258349 -0.230720 -0.003163 0.098684 -0.138692 
1.306552 -0.137929 0.390596 0.137007 -0.015092 0.490359 -0.162673 -0.122426 -0.231362 0.057139 0.177688 -0.189053 -0.095614 0.088800 -0.126015 
1.540684 -0.235793 0.526404 0.058735 -0.060672 0.540458 -0.324976 -0.100329 -0.223854 -0.003230 0.265880 -0.249009 -0.105766 0.133574 -0.147980 
1.483002 -0.467630 0.651234 -0.026628 0.039948 0.411277 -0.276264 -0.082463 -0.360410 0.007190 0.070600 -0.115479 -0.237133 0.139389 -0.145140 
1.701329 -0.348721 0.670072 -0.077923 -0.031278 0.429079 -0.333799 -0.130692 -0.352037 0.030641 0.115968 -0.095017 -0.226528 0.170088 -0.133113 
1.567454 -0.475509 0.607664 -0.093761 -0.113759 0.334790 -0.394532 -0.176617 -0.374710 -0.000673 0.078564 -0.094632 -0.187048 0.176389 -0.081430 
1.612636 -0.547314 0.620431 -0.093477 -0.122362 0.353518 -0.449593 -0.189073 -0.359060 -0.016117 0.103592 -0.140908 -0.171105 0.195368 -0.094301 
1.541565 -0.406138 0.719066 -0.213267 0.008650 0.289118 -0.417139 -0.194352 -0.423046 0.110924 0.043260 -0.108702 -0.180444 0.185699 -0.088454 
1.483607 -0.401575 0.668252 -0.175826 0.011249 0.281288 -0.412848 -0.232753 -0.444230 0.131141 0.033673 -0.075160 -0.242616 0.202961 -0.056686 
1.384142 -0.439187 0.669927 -0.152673 -0.024607 0.312140 -0.510231 -0.225898 -0.422491 0.043167 0.154237 -0.183978 -0.239979 0.282144 -0.091228 
1.370400 -0.392611 0.659576 -0.119557 -0.021481 0.299879 -0.512183 -0.217302 -0.383142 0.051441 0.138175 -0.204191 -0.216583 0.279288 -0.080243 
1.442841 -0.421101 0.645436 -0.054055 -0.062159 0.317494 -0.531220 -0.185355 -0.326575 0.000915 0.180510 -0.286151 -0.153286 0.276768 -0.109208 
1.173792 -0.272306 0.565133 0.048510 0.006876 0.213158 -0.417634 -0.145776 -0.339260 0.082447 0.020633 -0.286669 -0.087052 0.196891 -0.154403 
1.181246 -0.214750 0.582315 0.002774 0.015175 0.241410 -0.604991 -0.202718 -0.369146 0.055013 0.184187 -0.431113 -0.101048 0.330794 -0.119103 
0.565400 0.105078 0.160129 0.275860 -0.116980 0.041048 -0.303834 -0.296578 -0.358900 0.052714 0.039457 -0.333527 0.006209 0.192639 -0.097559 
0.339218 -0.017188 0.139270 0.073411 -0.044999 0.102769 -0.264705 -0.189704 -0.205150 0.115800 0.015660 -0.140328 0.041100 0.037971 -0.001996 
1.063658 -0.074004 0.249011 0.171273 0.138200 0.029712 -0.409804 -0.091885 -0.252033 0.133457 0.035816 -0.355848 0.018389 0.198632 -0.089398 
