city021_063
PAIPU
58
0.024615 -0.449431 0.022073 -0.007586 -0.355504 0.168714 -0.150867 -0.012251 -0.111789 0.100235 0.073415 -0.001833 -0.007275 0.021594 -0.044783 
0.988427 -0.944586 0.535613 -0.228780 -0.283587 0.240141 -0.137897 0.210616 -0.196675 0.017685 0.029770 -0.007111 -0.040652 0.104914 -0.091334 
2.171283 -0.437024 0.277405 -0.075481 -0.002848 0.228665 -0.189688 0.233680 0.012990 0.063941 -0.223039 -0.024785 -0.060898 0.115142 -0.047037 
2.032668 -0.152615 0.174448 -0.187984 0.000014 0.349908 -0.103419 0.176724 -0.250989 0.174188 -0.078669 -0.139926 0.060935 0.046808 -0.101267 
1.819436 -1.057722 0.077763 -0.607199 -0.343472 0.083887 -0.003395 0.083806 -0.182133 0.181537 0.106348 0.087868 -0.040564 0.053023 -0.139527 
1.475234 -1.116135 0.211302 -0.805749 -0.266474 0.062693 0.115019 -0.007834 -0.166705 0.283401 0.162363 0.035838 -0.020579 -0.165230 -0.086081 
1.441043 -1.131867 0.138219 -0.829856 -0.194708 0.061123 0.085372 0.079156 -0.128879 0.203641 0.157544 0.067838 -0.140780 -0.131000 -0.069392 
1.529408 -1.175397 0.120203 -0.806687 -0.068229 0.021231 0.014431 0.122425 -0.154012 0.248548 0.165886 0.017214 -0.209483 -0.072929 -0.074383 
1.580838 -1.233384 0.100213 -0.675055 -0.095369 -0.052726 0.022680 0.079025 -0.109314 0.299066 0.148995 -0.008562 -0.226321 -0.030609 -0.086039 
1.457900 -1.253734 0.218310 -0.600232 -0.108090 -0.102492 -0.057533 0.031791 -0.011998 0.343628 0.174455 -0.073398 -0.224891 0.002882 -0.060242 
1.457104 -1.198135 0.335144 -0.513868 -0.064691 -0.202041 -0.185406 0.051913 0.088743 0.394357 0.108760 -0.129517 -0.166311 0.102770 -0.050130 
1.495157 -1.029682 0.361121 -0.330708 -0.122390 -0.340045 -0.233799 0.073998 0.101408 0.315740 0.078917 -0.106762 -0.013106 0.209106 -0.180228 
1.411744 -1.029666 0.584079 -0.328456 -0.182710 -0.434490 -0.239778 0.031294 0.074168 0.154720 0.116024 0.004699 0.121362 0.188947 -0.246560 
1.211794 -0.999474 0.814156 -0.375828 -0.279486 -0.344152 -0.214015 -0.030003 -0.047578 0.101620 0.140021 0.046458 0.128961 0.153596 -0.163206 
1.109253 -0.977085 1.077945 -0.303598 -0.282751 -0.223271 -0.144633 -0.059460 -0.286391 -0.024087 0.082561 0.012842 0.044182 0.106034 -0.048776 
1.000166 -0.976461 1.106686 -0.327423 -0.188437 -0.101220 -0.151449 -0.184618 -0.382357 -0.021589 0.000053 0.042037 -0.056956 0.106739 0.031975 
1.058465 -0.932358 1.324339 -0.240244 -0.266650 -0.031435 -0.334905 -0.043063 -0.348207 -0.087393 -0.026471 0.006560 -0.062850 0.089212 0.056556 
1.049413 -0.839556 1.698414 -0.383694 -0.298082 0.140427 -0.389818 0.129800 -0.455053 -0.066618 -0.051809 -0.010128 -0.206390 0.131560 0.037176 
0.745907 -0.570311 1.660657 -0.268895 -0.240706 0.209372 -0.380446 0.112031 -0.350467 -0.203171 0.087198 -0.165892 -0.204732 0.155973 -0.033229 
0.827231 -0.764882 1.818652 -0.367311 -0.158469 0.299978 -0.420950 0.208622 -0.448404 -0.122363 -0.027660 -0.105789 -0.297154 0.143218 -0.026921 
0.485488 -0.546813 1.756289 -0.194397 -0.172898 0.221538 -0.353890 0.144966 -0.364189 -0.221406 0.073735 -0.213267 -0.236906 0.130682 -0.074143 
0.740446 -0.686044 1.702418 -0.008544 -0.328203 0.275637 -0.313402 0.137653 -0.433815 -0.114289 -0.004818 -0.210875 -0.216732 0.126479 -0.128823 
1.442393 -0.618846 0.672222 0.047410 -0.409108 -0.016514 -0.263665 0.286108 -0.434655 -0.142345 0.182652 -0.136432 -0.080467 0.195171 -0.105101 
0.969629 0.108818 0.424460 0.127354 -0.303811 0.280994 -0.258716 0.006003 -0.084052 -0.126416 -0.017571 -0.036559 -0.065482 0.075929 -0.106021 
0.772400 0.071911 0.373232 0.192477 -0.468209 0.292412 -0.013235 0.080288 -0.111218 -0.112331 0.078734 -0.075423 -0.093744 0.132557 -0.073334 
0.689818 -0.124087 0.309592 0.059450 -0.301499 0.270718 -0.101326 0.095096 0.018352 -0.009840 0.034442 0.004753 -0.059442 0.094158 -0.075199 
0.501880 0.018260 0.409492 0.131494 -0.221666 0.247154 -0.132712 0.062430 -0.186646 -0.040621 0.001102 -0.021314 -0.050342 0.018595 -0.016677 
0.361723 -0.054529 0.278391 0.066407 -0.257205 0.179353 -0.186218 -0.044694 -0.272321 -0.081038 0.090423 -0.029002 -0.082123 0.096130 -0.036458 
0.435624 -0.230123 0.025897 0.016830 -0.396924 0.212949 -0.188024 -0.051321 -0.292147 -0.052726 0.204229 0.002368 0.018266 0.055475 -0.044501 
0.153245 -0.227083 0.046321 -0.005360 -0.276914 0.074740 -0.265638 -0.122058 -0.174272 0.067258 0.144408 0.016014 -0.003226 0.073733 -0.020267 
0.143157 -0.279876 -0.034895 0.104656 -0.244226 0.120477 -0.218847 -0.082861 -0.102584 0.062311 0.084288 0.006336 -0.038494 0.051751 -0.011723 
0.149915 -0.137599 -0.032589 0.029280 -0.408163 0.030085 -0.201072 0.091617 -0.121109 0.066693 0.124751 -0.036147 0.019439 0.057180 -0.036581 
-0.049047 -0.270408 -0.105852 0.070719 -0.292115 -0.084539 -0.194337 0.061305 -0.075931 0.122097 0.067162 -0.017578 0.056461 0.019324 -0.064080 
0.254821 -0.110350 -0.104231 -0.114374 -0.441808 0.030314 -0.162415 0.110057 0.012692 0.035796 0.129315 -0.014777 -0.061250 0.120068 -0.171343 
0.206148 0.091673 -0.012036 0.093026 -0.174649 0.112478 -0.160805 -0.055043 -0.102502 -0.037715 0.039444 0.003929 -0.025238 0.074037 -0.084877 
0.107128 0.157959 -0.036570 -0.024381 -0.187266 0.152234 -0.158481 0.001831 -0.049928 -0.002743 0.022424 0.005867 -0.012392 0.053234 -0.064821 
0.067860 -0.022108 -0.065327 -0.072426 -0.151463 -0.000367 -0.227186 0.010289 -0.171196 0.061190 0.075177 0.066893 -0.046680 0.063742 -0.012735 
0.291862 -1.008237 0.414092 -0.165312 0.001437 0.058555 -0.141130 0.137429 -0.219082 0.139967 -0.033680 0.080274 -0.104760 0.058934 -0.033040 
1.457464 -0.771472 0.558028 -0.064363 0.169721 0.048744 -0.025099 0.076163 -0.300009 0.016615 -0.059866 0.054800 -0.113422 0.105189 -0.143832 
1.792406 -0.522576 0.646156 -0.135520 -0.027424 0.050800 -0.213234 0.008133 -0.076385 0.270880 -0.153451 -0.026192 -0.000552 0.131854 -0.131701 
1.934976 -0.486902 0.684670 -0.059130 0.033493 0.203424 -0.346541 -0.012744 -0.279031 0.148074 -0.011401 -0.165559 -0.122662 0.229715 -0.133964 
1.793406 -0.714999 0.561783 -0.138009 0.015913 0.233006 -0.462245 -0.171145 -0.381377 0.201426 0.039902 -0.196509 -0.116901 0.222393 -0.078166 
1.732030 -0.682036 0.634124 -0.116231 0.030283 0.250710 -0.492806 -0.170686 -0.439835 0.219099 0.039388 -0.229281 -0.113840 0.174414 -0.040389 
1.814117 -0.733802 0.692077 -0.157657 0.056299 0.231056 -0.546728 -0.126065 -0.430831 0.252348 0.041164 -0.226197 -0.121678 0.218435 -0.014712 
1.771996 -0.684477 0.727236 -0.124321 0.033969 0.221795 -0.536277 -0.133771 -0.403537 0.229088 0.051706 -0.248451 -0.081080 0.192352 0.000058 
1.875041 -0.734071 0.774535 -0.141174 0.026752 0.231266 -0.535515 -0.097131 -0.437098 0.254527 -0.029582 -0.204047 -0.088267 0.188022 -0.034397 
1.811015 -0.725148 0.768588 -0.191721 0.083175 0.173295 -0.518598 -0.060452 -0.485199 0.290833 -0.070540 -0.216294 -0.057650 0.182490 -0.052258 
1.865005 -0.684577 0.708718 -0.148474 0.051256 0.240535 -0.501848 -0.073211 -0.468019 0.244615 -0.079509 -0.253563 -0.036254 0.144167 -0.100022 
1.777156 -0.509212 0.621068 -0.053632 -0.012757 0.211041 -0.384866 -0.107995 -0.438834 0.170798 -0.058416 -0.254561 -0.024689 0.131616 -0.144809 
1.899702 -0.528342 0.636021 -0.061859 -0.066318 0.187759 -0.414332 -0.062189 -0.450396 0.160324 -0.077773 -0.236402 -0.030871 0.190584 -0.174967 
1.736953 -0.383882 0.664167 -0.153011 0.013614 0.065124 -0.356078 -0.030817 -0.529057 0.235215 -0.148171 -0.242641 0.071439 0.094948 -0.139861 
1.746178 -0.255047 0.570486 -0.153546 0.023304 0.056357 -0.368006 -0.031744 -0.522978 0.205998 -0.128378 -0.244647 0.054569 0.112216 -0.140277 
1.671975 -0.271177 0.539377 -0.065602 -0.017234 0.128188 -0.510093 -0.078197 -0.410159 0.112771 -0.026062 -0.330542 0.071741 0.159647 -0.161957 
1.601760 -0.250517 0.483096 -0.076372 0.065264 0.181938 -0.589167 -0.135761 -0.412891 0.171095 0.013602 -0.426382 0.074088 0.170140 -0.152594 
1.558727 -0.288187 0.492736 0.173955 0.001002 0.116935 -0.595215 -0.088102 -0.336734 0.102994 -0.082772 -0.337254 -0.000274 0.205372 -0.072205 
1.476973 -0.066718 0.438360 0.091244 -0.006251 0.059987 -0.556299 -0.097874 -0.341477 0.190609 -0.126903 -0.365911 0.191329 0.096757 -0.098364 
1.032643 0.501066 0.463703 0.277991 -0.118094 -0.080253 -0.297966 -0.188116 -0.423289 0.165557 -0.166791 -0.302723 0.208556 0.069879 -0.150247 
0.338581 0.345329 0.174660 0.150974 -0.171953 0.052966 -0.229024 -0.363824 -0.360418 0.089752 -0.113735 -0.162292 0.014866 0.119293 -0.111448 
