city021_096
BYURETTO
64
0.352186 0.380629 0.129250 0.315346 -0.046950 0.165874 0.105898 -0.060718 -0.074953 0.077034 -0.075891 -0.022732 0.072052 -0.059680 -0.040687 
0.525598 0.356246 0.216750 0.399821 -0.092547 0.117474 -0.064530 -0.036421 -0.177833 -0.091917 -0.031632 -0.143699 -0.010281 -0.041278 -0.081777 
0.604509 0.489950 0.361891 0.282172 -0.031125 0.131266 0.044504 0.006482 -0.311651 -0.060160 -0.080303 -0.168271 -0.070909 -0.079586 -0.049792 
0.516611 -0.078832 0.469313 0.524422 -0.004543 0.013179 -0.222243 0.023207 -0.157289 -0.087031 -0.148304 -0.126636 -0.035624 -0.034365 -0.110208 
0.615202 -0.457890 1.157502 0.440692 -0.411239 0.109338 -0.209645 0.076918 -0.273767 -0.277598 0.007697 -0.063531 -0.252661 0.019072 -0.022714 
0.862818 -0.524764 1.663985 0.000435 -0.359708 0.340131 -0.483834 0.179813 -0.213427 -0.323730 -0.024938 0.051598 -0.303870 0.022317 0.001981 
0.657649 -0.559736 1.644233 0.021942 -0.293908 0.354127 -0.414487 0.139840 -0.170948 -0.359207 0.018672 -0.041412 -0.302111 0.017922 -0.048238 
0.929749 -0.823178 1.771788 -0.118733 -0.245230 0.339333 -0.453032 0.223431 -0.330559 -0.232223 -0.071071 0.009069 -0.335640 0.003386 0.019853 
0.706143 -0.770970 1.715784 0.026700 -0.342651 0.309940 -0.374617 0.096826 -0.268098 -0.296398 -0.004419 -0.105453 -0.271548 0.027411 -0.056380 
0.910350 -0.904579 1.762491 0.011268 -0.351994 0.238177 -0.356057 0.138089 -0.385434 -0.198784 -0.044205 -0.107668 -0.244466 0.049424 -0.097554 
0.994389 -0.942167 1.611759 0.006026 -0.279063 0.078929 -0.247413 0.057582 -0.342448 -0.191857 -0.022593 -0.108221 -0.188800 0.061150 -0.102916 
1.058316 -0.997912 1.362882 -0.077174 -0.049664 -0.095073 -0.163766 0.055601 -0.446727 -0.057971 -0.068964 -0.090293 -0.161841 0.057542 -0.066686 
1.161932 -0.993631 1.271782 -0.082851 -0.009073 -0.184027 -0.218927 0.089584 -0.406008 -0.021297 -0.116384 -0.051906 -0.082328 0.085713 -0.095836 
1.275487 -0.930773 1.261023 -0.037414 -0.075374 -0.221004 -0.335630 0.149917 -0.309689 -0.080988 -0.072548 -0.037194 0.005320 0.133923 -0.152770 
1.413620 -1.067190 1.260983 0.008097 -0.128088 -0.066224 -0.539672 0.119321 -0.198067 -0.098544 -0.093825 -0.079112 -0.001694 0.271973 -0.202468 
1.672491 -1.259325 1.210902 0.231959 -0.374195 0.108294 -0.573843 -0.041811 -0.058054 -0.094720 -0.199144 -0.017697 -0.029278 0.264609 -0.147865 
1.483193 -1.174598 1.101328 0.148830 -0.212218 -0.065010 -0.489065 -0.042167 -0.185986 0.087185 -0.238311 -0.055586 0.059243 0.189327 -0.025716 
1.444956 -1.105595 1.018589 -0.115054 -0.073363 -0.173875 -0.403258 -0.079945 -0.198392 0.093053 -0.163760 0.021284 -0.002196 0.208259 0.036524 
1.381168 -0.967321 0.923485 -0.197179 -0.018612 -0.179399 -0.441263 -0.103154 -0.172621 0.015483 0.012598 -0.076133 0.007973 0.282822 0.006128 
1.404042 -1.106829 1.013428 -0.100619 -0.158032 -0.184829 -0.558587 0.085414 -0.102220 -0.016947 0.065314 -0.087133 0.103527 0.320811 -0.147688 
1.579722 -1.219287 0.861563 -0.206836 -0.148089 -0.200873 -0.558894 0.128494 -0.161869 0.086196 0.050926 -0.038327 0.076011 0.358426 -0.159228 
1.434072 -1.093567 0.756165 -0.189138 -0.110225 -0.313434 -0.481282 0.038678 -0.134471 0.067722 0.037516 -0.006075 0.146196 0.273338 -0.114068 
1.343039 -1.063054 0.740416 -0.156030 -0.092622 -0.355250 -0.438892 -0.050690 -0.101785 0.057073 0.021796 -0.010494 0.167329 0.267355 -0.088646 
1.423420 -0.987919 0.731185 -0.148144 -0.101684 -0.330150 -0.472169 -0.020553 -0.158316 0.110846 -0.117682 0.068722 0.169317 0.229302 -0.065578 
1.509258 -0.966840 0.761690 -0.055707 -0.109362 -0.329684 -0.498856 0.015765 -0.172709 0.107648 -0.159423 0.053790 0.142953 0.271706 -0.082252 
1.624239 -0.929074 0.685691 -0.025864 -0.088312 -0.237729 -0.533290 0.017190 -0.229748 0.162967 -0.188585 -0.028767 0.155183 0.240057 -0.039808 
1.691030 -0.808349 0.621691 -0.003119 -0.024174 -0.205878 -0.490184 -0.045393 -0.282261 0.262357 -0.284612 -0.042897 0.110985 0.222303 -0.009198 
1.446099 -0.480970 0.490836 0.035595 0.086641 -0.289684 -0.395905 -0.124736 -0.294086 0.284222 -0.279264 -0.090329 0.037157 0.306638 -0.032584 
1.037928 -0.012574 0.336308 0.385148 0.019470 0.028173 -0.157705 -0.109104 -0.146919 0.242363 -0.077068 -0.202241 -0.013014 0.197824 -0.029396 
0.638622 -0.049013 0.314123 0.464610 -0.074158 -0.064240 -0.221724 -0.037757 -0.002960 0.039847 -0.089378 -0.085011 -0.069940 0.305103 -0.183639 
0.514222 0.000589 0.206057 0.290572 -0.242768 -0.078070 -0.361382 -0.088355 -0.105442 -0.081621 -0.052158 -0.030202 0.064198 0.088584 -0.021151 
0.179327 -0.172291 0.248433 0.374449 -0.256747 0.098061 -0.249697 -0.244566 -0.145915 0.011748 0.031305 -0.155430 -0.059654 0.159007 0.020451 
0.131409 -0.157689 0.087797 0.194228 -0.348264 -0.158444 -0.350190 -0.109621 -0.146142 -0.062362 0.209053 0.007786 0.014502 0.211801 0.010801 
0.022037 -0.186651 0.106409 0.225567 -0.206043 -0.054613 -0.401280 -0.176319 -0.142376 0.007732 0.130988 -0.066202 -0.059517 0.226440 0.074244 
0.096700 -0.169005 0.177042 0.183600 -0.325031 -0.135109 -0.448270 -0.063311 -0.021638 -0.004303 0.038792 0.012108 0.136096 0.139322 -0.011502 
0.044746 -0.175710 0.108679 0.332673 -0.209521 -0.110256 -0.316265 -0.125348 -0.085421 0.118663 -0.026257 -0.139048 0.084380 0.200123 -0.043661 
-0.072249 -0.240135 0.042601 0.272249 -0.263116 -0.207708 -0.191385 -0.103675 -0.119252 0.146594 -0.009119 0.000101 0.051684 0.104562 0.012788 
0.176760 -0.189673 0.165815 0.215767 -0.305119 -0.203489 -0.429306 -0.052437 -0.081450 0.053573 -0.039718 0.059691 0.166872 0.087874 0.022218 
0.125211 -0.127093 0.109022 0.117399 -0.308042 -0.157558 -0.456448 -0.033967 0.010355 0.010196 -0.008773 0.122484 0.121976 0.077858 0.033785 
0.075024 -0.025701 0.000704 0.233869 -0.276279 -0.246092 -0.447084 -0.060004 -0.065279 0.059380 -0.034907 0.054020 0.231249 0.057041 0.027470 
-0.124263 -0.119329 0.019194 0.120167 -0.250584 -0.101770 -0.186269 -0.111974 -0.105454 0.066136 0.081968 0.032571 -0.030028 0.103931 0.016521 
0.078684 -0.037438 -0.101025 0.153918 -0.100800 0.035037 -0.142741 0.004432 -0.064549 0.030369 -0.026374 -0.011027 0.082034 -0.043472 -0.020431 
0.088380 0.028418 -0.075728 0.212624 -0.179941 -0.188415 -0.114262 -0.039054 -0.082657 0.064388 -0.049390 0.003639 0.129567 -0.026614 -0.054480 
0.014913 -0.047611 -0.094496 0.217188 -0.001164 -0.032407 -0.150099 0.031200 -0.076711 0.076123 0.002903 -0.086732 0.042857 0.081146 -0.101826 
0.028857 -0.114967 -0.164464 0.038733 0.023476 0.084111 -0.147883 0.057614 -0.055438 0.052052 -0.043766 0.042971 -0.014951 -0.003579 0.000587 
-0.117440 0.059256 0.047179 0.062290 -0.106557 0.107348 -0.153385 0.011713 -0.110378 -0.004155 0.022338 0.028006 -0.019722 -0.029446 0.059690 
-0.063546 0.043660 0.081337 0.065675 -0.019098 0.042098 -0.227927 -0.125824 -0.076036 0.058074 -0.071042 0.036502 -0.011255 0.012011 -0.002798 
-0.114241 -0.068121 0.077230 0.310736 -0.095557 -0.002409 -0.225962 -0.143925 0.006542 0.029095 -0.058372 -0.040837 0.004344 0.073601 -0.014413 
-0.093576 -0.059045 -0.062530 0.121512 -0.097196 0.030964 -0.094953 0.012656 0.002071 -0.010688 0.005124 -0.004039 0.004759 0.049879 -0.090538 
-0.088911 -0.220324 0.136688 0.031669 0.086750 -0.267213 -0.215810 0.128746 -0.211543 0.028049 -0.011336 0.120601 -0.055160 -0.016520 0.070362 
0.665839 -0.419679 0.319040 -0.237672 0.352590 -0.366966 -0.025996 0.263943 -0.291866 0.171952 -0.174144 0.134684 -0.029727 -0.001226 -0.025236 
1.828911 -0.452467 0.328432 -0.336316 -0.053779 0.184710 -0.209518 -0.023437 -0.414844 0.264531 0.127689 0.028531 -0.122341 0.137279 -0.056497 
1.874648 -0.639377 0.527328 -0.567033 -0.147085 0.158914 -0.315847 0.056394 -0.600558 0.136586 0.168127 0.121621 -0.055271 0.213416 -0.038654 
1.860204 -0.573342 0.445508 -0.637137 -0.274191 0.137836 -0.245109 0.054760 -0.505211 -0.018060 0.181121 0.170439 -0.045817 0.368032 -0.091279 
1.849406 -0.455918 0.466103 -0.683211 -0.311354 0.141472 -0.226543 0.191087 -0.517385 -0.009455 0.081644 0.103917 0.008394 0.318781 0.005093 
1.781808 -0.329744 0.411247 -0.676117 -0.389648 0.120745 -0.175873 0.233218 -0.460478 -0.043306 0.042749 0.036371 -0.005072 0.371089 0.002942 
1.547964 -0.063990 0.248000 -0.685170 -0.464718 0.055324 -0.123595 0.218144 -0.400925 -0.095273 0.072265 -0.033666 0.056372 0.403600 0.033880 
1.638852 -0.070292 0.358609 -0.743416 -0.606897 0.126908 -0.197870 0.263970 -0.375582 -0.130337 0.088952 -0.026227 -0.019319 0.542248 0.012255 
1.720747 -0.041596 0.400802 -0.689164 -0.578347 0.098060 -0.165354 0.199588 -0.282498 -0.113326 0.050642 -0.085394 -0.053405 0.450811 -0.054996 
1.094220 0.192658 0.089006 -0.645532 -0.607238 -0.014918 -0.059797 0.152791 -0.341024 -0.080782 0.040840 -0.081719 0.130661 0.431591 0.076555 
1.527851 -0.131256 0.267748 -0.680908 -0.462109 0.007064 -0.094241 0.292807 -0.426324 0.012360 0.012864 -0.149023 0.081292 0.342911 0.001386 
1.028670 0.198397 0.038938 -0.600762 -0.656743 0.059378 -0.088969 0.191690 -0.392202 -0.114135 0.134704 -0.162825 0.218235 0.443267 0.063198 
0.609328 0.253273 -0.167667 -0.466081 -0.551930 -0.010368 0.026773 0.071092 -0.233400 -0.183708 0.036684 0.074910 0.160320 0.285826 0.112889 
0.367819 0.044863 -0.265973 -0.233685 -0.299481 0.112990 -0.056385 0.035439 -0.033566 -0.119631 0.045628 0.105914 -0.004494 0.055539 -0.005582 
