city021_089
GYANGU
59
0.165608 0.065149 0.094028 0.092970 -0.293989 0.030994 -0.284419 -0.204634 -0.178539 0.010148 0.093814 -0.038783 0.016728 0.153249 -0.013860 
0.392251 0.156445 0.063169 0.157932 -0.097521 -0.045994 -0.334400 0.016783 -0.114629 -0.060979 -0.030825 0.011013 0.023880 0.037699 -0.026830 
0.884122 0.678635 0.378990 0.403030 -0.017207 0.015937 0.032825 0.037018 -0.235163 0.009973 -0.109011 -0.145444 -0.058694 -0.030425 -0.112345 
1.001662 0.656698 0.466215 0.385934 -0.192988 -0.006027 -0.107978 -0.055731 -0.257526 -0.055199 -0.164299 -0.128906 -0.059399 -0.041412 -0.070888 
-0.649962 -0.290031 1.632281 -0.428933 0.181228 0.017590 -0.282702 0.122482 -0.344123 0.078357 -0.251330 -0.003471 -0.086361 -0.015876 -0.043920 
-0.501686 -0.002861 1.600562 -0.430418 0.144528 0.148649 -0.288106 0.159150 -0.377927 0.109096 -0.229308 -0.049263 -0.082249 -0.041923 -0.032827 
0.198536 -0.777660 0.909304 -0.617322 0.032720 0.151961 -0.367473 0.093027 -0.227452 0.113142 -0.037653 0.157608 -0.177703 0.140691 -0.021585 
0.442980 -0.416833 1.135693 -0.379214 0.161471 0.177935 -0.273628 0.016798 -0.321456 -0.057789 -0.124877 0.091015 -0.324326 0.123843 -0.045164 
0.581347 -0.302457 1.367946 -0.348818 0.070735 0.091421 -0.310519 0.198545 -0.323033 -0.228394 -0.039616 0.059388 -0.389074 0.111585 -0.032320 
0.957307 -0.717864 1.585508 -0.215986 -0.214449 0.164044 -0.449843 0.232314 -0.360980 -0.209500 -0.054322 0.071994 -0.274066 0.011603 0.063770 
1.129143 -0.919702 1.630479 -0.093660 -0.415751 0.069778 -0.427943 0.165080 -0.384115 -0.131732 -0.029422 0.056244 -0.096163 -0.017636 0.086301 
1.258399 -1.047353 1.411835 -0.198913 -0.408064 -0.082310 -0.360436 0.072912 -0.366769 -0.072385 -0.050297 0.149567 -0.085520 0.072220 0.065459 
1.218009 -1.073228 0.875735 -0.373321 -0.121426 -0.174210 -0.224640 -0.114545 -0.365852 -0.039974 -0.011505 0.192501 0.009289 0.071432 0.027973 
1.285027 -1.045494 0.840772 -0.231749 -0.238069 -0.255199 -0.300137 -0.076306 -0.192587 -0.042381 0.027918 0.123863 0.083093 0.154596 -0.040658 
1.328302 -1.041596 0.845437 -0.255243 -0.307699 -0.312164 -0.255718 0.080219 -0.035333 0.066716 0.082891 0.072530 0.097256 0.123296 -0.142967 
1.345769 -0.960638 0.618335 -0.410581 -0.179487 -0.330363 -0.226354 0.028223 0.131454 0.225806 0.108415 -0.048925 0.049194 0.168066 -0.184446 
1.430838 -1.014932 0.477463 -0.445195 -0.094009 -0.273240 -0.206639 0.074083 0.107175 0.311640 0.065118 -0.124134 -0.027010 0.166585 -0.146362 
1.407926 -1.059136 0.367095 -0.514201 0.022909 -0.228134 -0.213393 0.125199 0.114777 0.340997 0.023274 -0.171122 -0.083314 0.121566 -0.062604 
1.440382 -1.074590 0.265104 -0.566025 0.219032 -0.298384 -0.279595 0.233102 0.131332 0.242891 0.078319 -0.120468 -0.170979 0.053844 0.024650 
1.509931 -1.070263 0.223375 -0.486396 0.195392 -0.277455 -0.258382 0.257254 0.096158 0.221759 0.121876 -0.115993 -0.230236 0.050557 0.069089 
1.550713 -1.026108 0.238570 -0.480062 0.162013 -0.223534 -0.239393 0.245920 -0.007349 0.253683 0.185879 -0.145926 -0.254077 0.094844 0.073198 
1.620707 -0.990557 0.306750 -0.513922 0.194107 -0.184671 -0.223887 0.233708 -0.175182 0.380603 0.164544 -0.156371 -0.216445 0.094297 0.111863 
1.756047 -1.099616 0.430844 -0.459840 0.064998 -0.041884 -0.278292 0.226953 -0.317949 0.490820 0.037038 -0.118098 -0.093302 0.043239 0.142415 
1.839949 -1.052051 0.576977 -0.359143 -0.039087 0.052249 -0.215242 0.121161 -0.346129 0.528668 -0.098043 0.000742 -0.057585 -0.004830 0.126900 
1.811650 -0.876446 0.595657 -0.171840 -0.182181 0.100193 -0.139352 0.026224 -0.281289 0.448689 -0.101230 0.051570 -0.057708 0.024820 0.095144 
1.790110 -0.798226 0.802950 -0.065539 -0.266028 0.187751 -0.136543 -0.026093 -0.299011 0.315759 -0.152199 0.092177 -0.089641 0.064960 0.073605 
1.668661 -0.614425 0.916023 0.009499 -0.497652 0.339936 -0.133294 -0.058892 -0.248253 0.012122 -0.057570 -0.044377 -0.097014 0.129233 -0.069765 
1.613866 -0.570634 0.908230 -0.009813 -0.437277 0.315194 -0.132182 -0.087026 -0.264317 0.022547 -0.055566 -0.010357 -0.148926 0.167901 -0.061417 
1.624441 -0.559259 0.880394 0.034965 -0.504295 0.346167 -0.149981 -0.103211 -0.228160 -0.029533 -0.016713 -0.073114 -0.104998 0.164709 -0.098845 
1.728004 -0.600475 0.821896 0.041922 -0.509621 0.353673 -0.163995 -0.071816 -0.282226 -0.019170 -0.021064 -0.080707 -0.104594 0.179437 -0.109066 
1.737361 -0.509844 0.776614 0.016345 -0.619359 0.339834 -0.149193 0.011566 -0.273019 -0.111996 -0.002423 -0.108745 -0.105815 0.154425 -0.047387 
1.807643 -0.392258 0.800824 0.053648 -0.613130 0.236513 -0.146308 0.030960 -0.319585 -0.071511 -0.000419 -0.150335 -0.124167 0.192609 -0.102825 
1.732657 -0.237780 0.759836 0.160466 -0.518310 0.264096 -0.208664 -0.073873 -0.281668 -0.111596 0.040637 -0.096117 -0.164835 0.207428 -0.074071 
1.714536 -0.046289 0.777966 0.143283 -0.536737 0.246592 -0.192308 -0.018554 -0.308954 -0.117566 -0.022223 -0.140739 -0.172365 0.155923 -0.072453 
1.634640 0.113579 0.585913 0.344241 -0.503414 0.158580 -0.072960 -0.072464 -0.283653 -0.132331 -0.043395 -0.165629 -0.183891 0.094774 -0.027640 
1.497797 0.300531 0.572277 0.262906 -0.484272 0.165716 -0.031492 0.008880 -0.291461 -0.122528 -0.060445 -0.238218 -0.160136 0.029194 -0.035625 
1.304135 0.484986 0.294182 0.345064 -0.287771 -0.008867 -0.023128 -0.051685 -0.263212 -0.100749 -0.073391 -0.151066 -0.142768 0.075198 -0.074263 
0.922628 0.403479 0.226456 0.355215 0.057632 0.325222 0.030436 -0.066690 -0.167430 0.006978 -0.110027 -0.051353 -0.082795 -0.070637 -0.080788 
0.824639 0.302017 0.381360 0.331970 0.136205 0.296239 -0.090361 -0.044400 -0.248519 0.091485 0.001145 -0.180317 -0.152339 0.068450 -0.134104 
1.239316 -0.559665 -0.014019 0.040448 0.098300 0.011081 -0.157183 0.122626 -0.272549 0.177058 0.021309 -0.073023 -0.102895 0.190165 -0.047688 
1.483496 -0.601503 0.275915 0.058055 0.163162 -0.039956 -0.196010 0.121968 -0.332501 0.071343 -0.195722 0.073625 -0.078892 0.102818 -0.126433 
1.258468 -0.245111 0.783474 0.045432 0.065055 -0.001388 -0.327455 0.085972 -0.455743 0.167802 -0.120736 -0.155566 -0.074276 0.132776 -0.050711 
1.297880 -0.383610 0.766444 0.061274 0.038754 0.015246 -0.356984 0.022719 -0.415913 0.149600 -0.108602 -0.132067 -0.133365 0.194431 -0.036942 
1.298492 -0.396030 0.776105 -0.020113 0.099441 -0.050891 -0.352861 0.030591 -0.468183 0.169125 -0.085230 -0.132906 -0.145567 0.217707 -0.011780 
1.278991 -0.543813 0.935647 -0.049907 0.000388 0.011267 -0.402843 0.032730 -0.485697 0.182613 -0.128831 -0.191528 -0.038121 0.179802 -0.060189 
1.196627 -0.557724 0.922368 -0.054684 0.006929 0.009662 -0.404800 0.017918 -0.492460 0.138848 -0.112650 -0.203014 -0.070227 0.208747 -0.091001 
1.130506 -0.544842 0.909264 -0.050321 0.081657 -0.019433 -0.450416 0.047265 -0.521221 0.146622 -0.106508 -0.207842 -0.127358 0.249343 -0.051705 
1.247622 -0.501236 0.764785 0.078276 0.009574 0.043357 -0.447943 -0.027851 -0.452494 0.069515 -0.049815 -0.222653 -0.189271 0.286605 -0.059961 
1.312536 -0.458291 0.767527 0.054010 0.030796 0.033094 -0.446046 -0.023969 -0.439770 0.068455 -0.018869 -0.215481 -0.200356 0.311459 -0.065165 
1.236072 -0.451205 0.884501 -0.120254 0.124399 0.001917 -0.418619 0.024518 -0.497142 0.185439 -0.117890 -0.143113 -0.149650 0.238556 -0.040853 
1.215175 -0.402294 0.702511 0.052725 -0.035429 0.021290 -0.441614 -0.039199 -0.426372 0.122173 -0.101285 -0.148382 -0.114551 0.246247 -0.060583 
1.064487 -0.220340 0.666796 0.067049 0.024124 -0.003309 -0.502541 -0.041158 -0.479479 0.076263 0.003406 -0.261760 -0.176442 0.381458 -0.096912 
1.243443 -0.438653 0.714865 0.059883 0.056095 -0.038159 -0.436367 -0.005186 -0.450827 0.140749 -0.094886 -0.144028 -0.182817 0.297950 -0.042520 
0.718248 -0.479357 0.629169 0.075017 0.051440 -0.083184 -0.361429 -0.111361 -0.537179 0.211550 -0.154052 -0.209675 -0.047914 0.175583 -0.055404 
1.128976 -0.294486 0.613673 0.052963 0.109359 -0.113374 -0.487073 0.026959 -0.513400 0.150392 -0.032640 -0.277466 -0.064245 0.287562 -0.049708 
0.521573 0.353512 0.368223 0.246964 -0.307225 -0.132532 -0.252244 -0.111011 -0.424390 -0.042982 0.008384 -0.208537 0.033515 0.197108 -0.091249 
0.649632 -0.432156 0.449889 0.268902 0.190250 -0.201415 -0.350858 0.092566 -0.459750 0.208369 -0.149299 -0.253759 0.031141 0.125246 -0.066871 
0.904348 -0.272503 0.232239 0.336509 0.010120 -0.161639 -0.369357 -0.067920 -0.485411 0.181889 -0.050309 -0.352922 0.076520 0.197979 -0.060014 
0.292296 0.231389 0.131576 0.271710 -0.172282 -0.036345 -0.242741 -0.242861 -0.305088 0.025386 -0.070986 -0.130540 0.008634 0.096771 -0.029382 
