city021_010
KOGANEI
55
0.132676 -0.009379 -0.196143 -0.168088 -0.352443 0.142203 0.038373 0.240959 0.128183 0.038391 -0.176202 -0.044613 -0.095243 0.045213 -0.063485 
1.753433 0.078146 -0.525791 -0.559091 -0.275705 -0.023283 -0.112785 0.017385 0.026166 0.260460 -0.185615 0.170736 -0.064211 0.022299 0.037833 
1.591321 -0.265499 -0.005541 -0.680791 -0.213774 -0.242239 0.027521 -0.020429 -0.215995 0.354360 -0.375982 0.331462 0.084027 0.094180 0.040846 
1.367522 0.020115 -0.191690 -0.551992 -0.171493 -0.011871 0.062476 0.073748 -0.220803 0.316086 -0.377194 0.150139 0.058001 0.024439 -0.021788 
1.825362 0.214125 -0.147536 -0.249268 -0.139869 0.160636 -0.338264 -0.060837 -0.117119 0.053176 -0.131532 0.006077 0.002562 0.040110 0.020618 
2.042513 0.368543 0.326079 -0.447499 -0.483795 -0.132314 -0.202823 0.162218 -0.274583 0.158672 -0.090864 -0.188815 -0.062186 0.045223 -0.061105 
2.127372 0.119481 0.332034 -0.560854 -0.465319 -0.130577 -0.235587 0.105693 -0.204263 0.157453 -0.177891 -0.134313 -0.066062 0.072731 -0.051843 
2.132331 -0.294939 0.380274 -0.329098 -0.423361 -0.127274 -0.241614 0.065086 -0.123965 0.110156 -0.181959 -0.040845 -0.007262 0.068691 -0.027017 
2.032920 -0.185326 0.406876 -0.387109 -0.400118 -0.242968 -0.212485 0.146109 -0.228289 0.187026 -0.167553 -0.085648 0.017168 0.051032 -0.039708 
2.023001 -0.076494 0.479194 -0.424197 -0.385022 -0.267532 -0.238163 0.211483 -0.315295 0.191484 -0.118116 -0.131370 -0.032241 0.073430 -0.054615 
1.914603 0.216566 0.582631 -0.515757 -0.422057 -0.244573 -0.185967 0.188103 -0.353789 0.171748 -0.148663 -0.128549 -0.149094 0.089880 -0.057310 
1.940073 0.501273 0.333213 -0.538418 -0.494844 -0.152825 -0.062090 0.210786 -0.302844 0.144107 -0.135900 -0.199444 -0.141807 0.118694 -0.012679 
1.875203 0.415881 0.225377 -0.604347 -0.389143 -0.100297 0.097757 0.223088 -0.376049 0.099246 -0.205106 -0.135347 -0.109810 0.288886 0.028722 
1.868906 0.127169 0.235267 -0.587429 -0.329562 -0.016866 0.050369 0.271665 -0.497499 0.043337 -0.244034 -0.095275 -0.051525 0.297515 0.110620 
1.839033 -0.023850 0.332370 -0.581656 -0.239708 -0.016697 -0.021333 0.172053 -0.549186 0.073425 -0.201395 -0.036261 -0.008835 0.281948 0.036925 
1.897503 -0.309500 0.382017 -0.706594 -0.088067 0.054891 -0.091075 0.126737 -0.666535 0.106291 -0.126629 0.081642 0.071719 0.265919 -0.021811 
1.872408 -0.855668 0.319070 -0.479675 -0.100052 -0.035638 -0.139261 0.058348 -0.551392 0.062028 -0.159992 0.108608 0.162855 0.254789 -0.061516 
1.857591 -1.068507 0.427800 -0.579195 -0.152675 -0.003232 -0.166667 0.098546 -0.580893 0.146837 -0.048837 0.150546 0.206873 0.143488 -0.043818 
1.578038 -0.981237 0.304353 -0.643392 -0.140380 -0.119789 -0.027172 0.001395 -0.450387 0.102781 0.174568 0.152600 0.147341 0.141524 -0.076791 
1.613846 -0.972778 0.243614 -0.705682 -0.130742 -0.212703 0.012195 0.055726 -0.357044 0.144608 0.225476 0.097132 0.080406 0.170146 -0.117550 
1.568583 -1.060013 0.372348 -0.672808 -0.201709 -0.296452 -0.013209 0.078900 -0.155902 0.205028 0.090444 0.131078 0.002708 0.132195 -0.126864 
1.521816 -0.983472 0.387599 -0.627518 -0.198230 -0.234403 -0.146819 0.106103 -0.032420 0.166702 0.091914 0.156276 -0.046052 0.024574 -0.060370 
1.568314 -1.044191 0.341124 -0.717432 -0.078818 -0.138373 -0.132252 0.049790 -0.061213 0.189846 0.228914 0.094892 -0.160951 0.009687 -0.030777 
1.512066 -0.966306 0.221673 -0.737298 -0.019573 -0.020092 -0.154093 0.060924 -0.156804 0.232426 0.326958 0.022840 -0.220213 -0.007161 -0.047191 
1.637808 -0.846625 0.326298 -0.720848 -0.024900 0.041465 -0.172224 0.015577 -0.107627 0.279779 0.283592 -0.049428 -0.185507 0.039397 -0.101109 
1.652774 -0.751067 0.466175 -0.729901 0.007744 0.072375 -0.257587 -0.019052 -0.089102 0.394782 0.081112 -0.036635 -0.043147 -0.025953 -0.046934 
1.776904 -0.850054 0.545539 -0.516059 -0.063345 0.150699 -0.353107 -0.007212 -0.241717 0.489789 -0.062980 0.020408 -0.000744 -0.018280 0.042004 
1.457127 -0.648907 0.985363 -0.030319 -0.351609 0.482650 -0.167579 -0.225867 -0.342121 0.114538 -0.317741 0.050046 -0.109002 -0.054928 -0.010686 
1.433975 -0.649658 1.153475 -0.016418 -0.400312 0.461818 -0.186358 -0.250791 -0.308811 0.092739 -0.362793 0.057389 -0.188525 0.017476 -0.032654 
1.355267 -0.688346 1.126843 0.077490 -0.387576 0.479269 -0.270297 -0.205417 -0.298451 0.065077 -0.286764 -0.052486 -0.107222 -0.047812 -0.028375 
1.366860 -0.669502 1.100462 0.127918 -0.343434 0.384661 -0.239202 -0.249952 -0.278760 0.119546 -0.346549 0.011667 -0.180827 0.029099 -0.029510 
1.501592 -0.722400 0.949457 0.117355 -0.181447 0.233717 -0.282427 -0.229047 -0.227258 0.178768 -0.347240 0.023134 -0.127128 0.039361 0.005442 
1.798781 -0.854578 0.740390 -0.040887 -0.141812 -0.079132 -0.379113 0.041027 -0.149332 0.267909 -0.296425 0.094665 0.119121 0.014209 -0.018928 
1.736706 -0.913561 0.766946 -0.290945 -0.193089 -0.181674 -0.366930 0.183634 -0.142506 0.197981 -0.247662 0.173623 0.111719 -0.006080 -0.076874 
1.510208 -0.895445 0.890740 -0.303164 -0.232500 -0.278959 -0.252304 0.175947 -0.125460 0.114041 -0.174748 0.221026 0.090371 -0.061009 -0.054456 
1.490005 -0.934524 0.998230 -0.325319 -0.307531 -0.233209 -0.240845 0.242502 -0.246584 0.099730 -0.124574 0.213296 0.031846 -0.069641 0.012784 
1.341960 -0.950520 0.968936 -0.312352 -0.271312 -0.245561 -0.156300 0.100384 -0.166520 0.031679 -0.079927 0.217936 -0.005313 -0.036260 0.023676 
1.254300 -0.869777 1.017106 -0.469123 -0.271252 -0.207151 -0.104932 0.051231 -0.309255 0.016440 -0.069477 0.191708 -0.049316 0.028431 0.082592 
1.126468 -0.886482 1.049771 -0.452254 -0.219985 -0.173642 -0.100708 -0.033927 -0.301086 0.011283 -0.075054 0.173963 -0.037951 0.026172 0.085867 
1.085618 -0.868801 1.211613 -0.400678 -0.248113 -0.108111 -0.136646 -0.059362 -0.288565 0.008928 -0.075190 0.145763 -0.101356 0.062241 0.097697 
1.004660 -0.751560 1.456870 -0.387304 -0.336422 0.004443 -0.249075 0.036681 -0.311043 0.019695 -0.053003 0.121623 -0.148262 0.087700 0.110449 
1.054617 -0.788006 1.704586 -0.449249 -0.387484 0.178382 -0.370163 0.099779 -0.347584 -0.003956 -0.094002 0.139820 -0.254472 0.148129 0.090613 
0.778415 -0.525978 1.733523 -0.340032 -0.309991 0.165726 -0.361062 0.080176 -0.317615 -0.068526 -0.030775 0.073585 -0.272168 0.208214 0.040407 
0.736744 -0.396591 1.808451 -0.379006 -0.226753 0.192701 -0.374993 0.136957 -0.370850 -0.060911 -0.033544 0.038155 -0.321818 0.260753 0.002554 
0.646139 -0.309860 1.796637 -0.484485 -0.136685 0.210480 -0.423361 0.202583 -0.425758 -0.076991 -0.033213 -0.017488 -0.336455 0.263522 -0.043072 
0.628578 -0.235678 1.821037 -0.402492 -0.164724 0.218598 -0.418577 0.191949 -0.425188 -0.083888 -0.017049 -0.032277 -0.339971 0.293315 -0.071446 
0.539195 -0.169467 1.778513 -0.339492 -0.148287 0.265554 -0.389564 0.197854 -0.412900 -0.097878 0.002892 -0.102869 -0.326604 0.270487 -0.106300 
0.372317 -0.102852 1.707837 -0.214612 -0.143360 0.303235 -0.354468 0.189395 -0.392631 -0.138934 0.027865 -0.185139 -0.313408 0.227873 -0.140147 
0.385394 -0.063541 1.601560 -0.152254 -0.162984 0.340599 -0.344468 0.177274 -0.337389 -0.176831 0.062486 -0.214843 -0.278626 0.190547 -0.153799 
0.473886 0.039902 1.554427 -0.207504 -0.116072 0.312586 -0.297404 0.174499 -0.343733 -0.072650 -0.010068 -0.135475 -0.287938 0.226350 -0.159996 
0.336121 0.111576 1.524888 -0.112184 -0.160270 0.326731 -0.327579 0.184811 -0.286128 -0.136116 0.068598 -0.150269 -0.249200 0.216370 -0.149194 
0.331344 0.013901 1.380116 -0.227047 -0.055451 0.313233 -0.353821 0.224250 -0.441329 -0.038054 -0.019459 -0.230849 -0.180843 0.138802 -0.181318 
0.278655 0.256083 1.447147 -0.087006 -0.172871 0.338161 -0.291710 0.142942 -0.310910 -0.170141 0.051229 -0.193607 -0.333231 0.257278 -0.200052 
0.102085 0.259540 1.444595 -0.185427 -0.094255 0.232690 -0.251657 0.144142 -0.336975 0.003924 -0.051112 -0.095249 -0.215206 0.200130 -0.163911 
0.156230 0.358621 0.960557 -0.057735 -0.088731 0.354922 -0.232152 0.127832 -0.350392 -0.202941 0.089454 -0.255106 -0.295586 0.224769 -0.201749 
