city021_062
BOOSOO
62
-0.209887 -0.006545 -0.008381 0.000588 -0.302474 0.106652 -0.296006 -0.091142 -0.004571 -0.011961 0.135188 0.011689 -0.037379 0.114626 -0.032708 
0.290729 0.146810 0.039591 0.157196 -0.032468 0.196670 -0.069961 -0.108785 -0.070454 0.081046 -0.006626 -0.027983 -0.042764 0.084011 -0.124883 
0.567376 0.397596 0.358215 0.345743 -0.143325 0.231775 0.068726 -0.053369 -0.254626 -0.074082 -0.047120 -0.116208 -0.127453 0.000965 -0.091004 
0.752734 0.431323 0.191709 0.289405 0.005706 0.213123 -0.046084 -0.005343 -0.180237 -0.117452 -0.129033 -0.059418 -0.056017 -0.085402 -0.091370 
0.714799 0.564871 0.245952 0.115759 -0.080479 0.294099 0.106419 0.023062 -0.239429 -0.156213 -0.140610 -0.070239 -0.073188 -0.022215 -0.065812 
0.870178 0.648396 0.117687 0.120724 -0.182142 0.250720 0.163664 0.137671 -0.144853 -0.273362 -0.181761 -0.146920 -0.036817 -0.025668 -0.020963 
1.442199 -0.745014 0.462946 -0.197598 -0.078759 0.050638 -0.197334 0.103074 -0.258337 0.036350 -0.153734 0.119556 -0.020104 0.061136 -0.056486 
2.160898 -0.208449 0.222974 -0.294131 -0.025235 0.305626 -0.129422 0.046086 -0.331450 -0.028646 -0.201893 -0.054961 -0.045556 0.076773 -0.012752 
2.262482 -0.364156 0.266040 -0.473154 -0.157268 0.128383 -0.233104 0.188382 -0.338795 0.107907 -0.150769 -0.250979 -0.031079 0.196436 -0.062174 
2.159210 -0.297161 0.549816 -0.639941 -0.449729 0.069302 -0.211842 0.265409 -0.316178 0.103905 -0.193925 -0.117387 -0.062653 0.152906 0.051061 
2.065888 -0.383748 0.573700 -0.501858 -0.407155 0.003185 -0.247334 0.206088 -0.239691 0.062986 -0.159182 -0.121229 -0.034922 0.121655 -0.029060 
2.090228 -0.462054 0.493160 -0.458543 -0.191514 -0.136672 -0.270663 0.162849 -0.216175 0.145271 -0.212966 -0.058819 -0.038544 0.148784 -0.046563 
2.098605 -0.460472 0.381135 -0.461359 -0.116334 -0.182901 -0.304410 0.170146 -0.188786 0.168913 -0.159406 -0.047581 -0.014394 0.141656 -0.036830 
2.127301 -0.516139 0.347018 -0.497798 -0.101687 -0.199058 -0.306209 0.186389 -0.181425 0.196533 -0.163359 -0.080379 -0.043114 0.193464 -0.051995 
2.062397 -0.472523 0.297749 -0.471814 -0.151445 -0.174368 -0.269803 0.185415 -0.142144 0.144201 -0.092212 -0.108329 0.024559 0.120554 -0.041835 
2.106705 -0.568960 0.471902 -0.508292 -0.275924 -0.146422 -0.274304 0.233688 -0.149913 0.176280 -0.217141 -0.048779 0.002610 0.073658 -0.027302 
1.995299 -0.361568 0.464055 -0.522344 -0.367789 -0.112149 -0.251897 0.233516 -0.107119 0.043134 -0.137817 -0.110427 -0.019417 0.058750 -0.026776 
2.068056 -0.415366 0.534600 -0.504176 -0.372947 0.001441 -0.275534 0.191700 -0.177422 0.057643 -0.146004 -0.097199 -0.007959 0.096791 -0.035684 
1.982251 -0.465055 0.415033 -0.495675 -0.095114 -0.031460 -0.214360 0.212688 -0.278737 -0.001567 -0.217933 -0.066852 -0.012698 0.155396 0.003649 
2.025259 -0.360203 0.478599 -0.606811 -0.073033 0.188951 -0.206861 0.154295 -0.473664 0.001189 -0.125794 -0.047577 0.035409 0.153372 -0.025716 
1.861197 -0.385984 0.483278 -0.488206 0.029987 0.203992 -0.135362 0.051006 -0.440803 0.004388 -0.118684 -0.044624 0.036982 0.084732 -0.060262 
1.959545 -0.547988 0.695830 -0.462708 0.014875 0.310957 -0.258063 0.032349 -0.479675 0.177552 -0.110967 -0.058751 0.028435 0.030890 -0.095576 
1.611833 -0.379113 0.706333 -0.381875 0.121311 0.201674 -0.148768 -0.008897 -0.403569 0.200997 -0.147436 -0.043582 -0.003070 0.018494 -0.091398 
0.885771 -0.122068 0.544065 -0.532594 0.322843 -0.023885 0.038660 -0.108294 -0.553873 0.218129 -0.234502 0.015997 0.084923 -0.068318 -0.105350 
0.122858 -0.105895 0.469148 -0.513937 0.433472 -0.103467 0.103879 -0.174638 -0.257233 0.212054 -0.178951 0.179360 -0.118015 -0.011442 -0.008397 
-0.516075 -0.414153 0.556435 -0.352443 0.516200 -0.111515 0.239938 -0.048714 -0.118398 0.226354 -0.199683 0.246181 -0.120982 -0.001700 0.060958 
-0.775400 -0.501526 0.369327 -0.450051 0.375982 -0.427319 0.178291 0.083534 -0.170119 0.182431 -0.176857 0.183843 -0.134194 0.016594 0.059283 
-0.696763 -0.390593 0.244313 -0.560068 0.214186 -0.274061 0.235685 -0.017510 -0.017774 0.162520 -0.244949 0.148267 -0.055629 -0.007990 -0.001675 
-0.826931 -0.486410 0.140443 -0.447339 0.248782 -0.380031 0.327479 -0.028270 -0.045796 0.181417 -0.265428 0.142958 -0.011434 -0.057829 0.058694 
-0.864585 -0.436056 0.215992 -0.454113 0.254625 -0.348761 0.327095 -0.043756 -0.080535 0.110145 -0.126477 0.122498 -0.107190 0.051953 0.010504 
-0.906705 -0.564006 0.147424 -0.567505 0.311913 -0.281556 0.238947 -0.080529 -0.005019 0.137783 -0.156738 0.174624 -0.228801 0.129211 0.032477 
-0.731127 -0.595138 -0.010419 -0.345382 0.335967 -0.239367 0.260197 -0.048032 -0.089740 0.058777 -0.123667 0.182066 -0.113590 0.029045 0.014642 
-0.500326 -0.659717 0.163902 -0.448717 0.295126 -0.328989 0.078266 0.077406 -0.085399 0.091654 -0.009820 0.100454 -0.167131 0.014923 0.086428 
-0.285432 -0.735866 0.121420 -0.499186 0.169062 -0.132218 0.088289 -0.016674 -0.141741 0.215404 -0.063748 0.170897 -0.264342 0.096435 0.017838 
1.304654 -0.116686 0.332109 -0.193657 0.156660 -0.260675 -0.115599 0.029073 -0.230529 0.204575 -0.408380 0.125074 0.039573 -0.001562 -0.072356 
1.911846 -0.434241 0.374196 -0.614440 -0.027390 -0.017553 -0.213098 0.161087 -0.541610 0.091524 -0.166875 -0.091972 0.155153 0.179266 -0.067756 
1.869963 -0.619906 0.225857 -0.473518 -0.048053 -0.161864 -0.180808 0.126601 -0.381661 0.014862 -0.133242 -0.106353 0.204490 0.278989 -0.149544 
1.954509 -0.674292 0.264590 -0.459569 -0.114868 -0.157428 -0.251848 0.164802 -0.311979 0.044688 -0.122541 -0.047475 0.122519 0.282726 -0.148386 
1.963466 -0.718913 0.272499 -0.483207 -0.138787 -0.207723 -0.273264 0.186740 -0.265385 0.101893 -0.123051 -0.012787 0.111054 0.263309 -0.132264 
1.960122 -0.714708 0.225957 -0.513291 -0.123280 -0.261111 -0.286546 0.204553 -0.270432 0.161208 -0.131963 -0.012680 0.152553 0.247528 -0.121447 
2.030954 -0.710159 0.203307 -0.561833 -0.064142 -0.302068 -0.328700 0.233099 -0.265220 0.137816 -0.105263 0.020187 0.122323 0.257861 -0.084232 
2.015496 -0.687527 0.158267 -0.530504 -0.100780 -0.274235 -0.336489 0.239477 -0.277236 0.148567 -0.085443 0.011924 0.176528 0.210180 -0.079779 
2.161282 -0.834416 0.234807 -0.539131 -0.153611 -0.233347 -0.350024 0.263234 -0.307591 0.190239 -0.136252 0.014170 0.145376 0.230736 -0.034766 
2.162626 -0.866497 0.258200 -0.537748 -0.158249 -0.231610 -0.362232 0.270834 -0.306001 0.176875 -0.117326 -0.002930 0.141916 0.249008 -0.037779 
2.156343 -0.912901 0.313192 -0.550988 -0.194336 -0.193068 -0.375787 0.301069 -0.329055 0.180943 -0.109893 -0.000467 0.169935 0.206663 -0.033145 
2.049116 -0.774170 0.219922 -0.513124 -0.217808 -0.209064 -0.323884 0.257492 -0.265741 0.098499 -0.034492 -0.079766 0.236107 0.181315 -0.067763 
2.085351 -0.825905 0.292163 -0.621319 -0.178707 -0.254777 -0.331133 0.325911 -0.307863 0.159298 -0.138229 -0.024292 0.142871 0.274164 -0.059649 
2.006262 -0.726304 0.237021 -0.569521 -0.249224 -0.244867 -0.256521 0.289751 -0.239864 0.101155 -0.087060 -0.089603 0.173000 0.228375 -0.085347 
2.056250 -0.726626 0.266800 -0.572914 -0.267241 -0.293002 -0.269262 0.355791 -0.258360 0.149373 -0.124374 -0.113819 0.162326 0.212351 -0.096259 
2.075161 -0.680203 0.270617 -0.495400 -0.386860 -0.243957 -0.268660 0.298511 -0.142842 0.099215 -0.123181 -0.087814 0.124672 0.163679 -0.102476 
2.113583 -0.716357 0.263347 -0.452997 -0.463106 -0.157547 -0.270976 0.288696 -0.151141 0.091734 -0.140294 -0.102482 0.174559 0.130724 -0.084557 
2.007467 -0.671750 0.252369 -0.546647 -0.442520 -0.164516 -0.195546 0.302669 -0.200933 0.081776 -0.164518 -0.057058 0.165725 0.156659 -0.044023 
1.864272 -0.397493 0.262144 -0.757134 -0.379606 -0.130556 -0.120910 0.256401 -0.262860 0.060437 -0.128975 -0.040445 0.071259 0.279068 -0.025673 
1.798193 -0.140830 0.389013 -0.847928 -0.554408 0.075817 -0.145624 0.274005 -0.362441 0.076840 -0.010651 -0.152519 0.142907 0.306903 -0.020894 
1.798396 -0.120434 0.291862 -0.763623 -0.585655 0.079504 -0.120031 0.236101 -0.374448 0.033906 0.035274 -0.183662 0.178322 0.339850 -0.021412 
1.770046 -0.020957 0.151211 -0.740681 -0.501420 0.072022 -0.080260 0.273748 -0.458437 0.088039 0.050982 -0.184165 0.232417 0.321957 -0.065301 
1.789172 0.142203 0.097020 -0.730769 -0.595762 0.060946 -0.098145 0.235425 -0.406392 0.056773 0.091655 -0.181704 0.253688 0.378123 -0.080223 
1.598108 0.306470 0.063989 -0.746143 -0.530397 0.054808 -0.093396 0.266426 -0.402643 0.037461 0.114176 -0.209710 0.291395 0.288255 -0.034113 
1.547766 0.179974 0.110791 -0.740590 -0.544653 0.075235 -0.113237 0.203143 -0.330827 0.058324 0.042504 -0.136104 0.228580 0.266174 -0.052560 
1.027429 0.329536 -0.186575 -0.586265 -0.636390 0.002679 -0.004860 0.145271 -0.407115 0.079651 0.035456 -0.088750 0.358782 0.286085 0.078336 
0.484118 0.195305 -0.301069 -0.402514 -0.577756 -0.013397 -0.033060 0.110721 -0.185720 -0.107695 0.078957 0.163177 0.183468 0.126713 0.088095 
0.369319 -0.015635 -0.184002 -0.256283 -0.382850 0.064393 -0.085226 0.165432 -0.142920 -0.056673 0.094514 0.067257 0.002182 0.031881 0.013412 
