city021_036
YAESU
60
-0.078034 -0.060420 0.084087 0.063863 -0.073965 -0.040059 -0.316750 -0.109552 -0.021401 0.019670 0.012150 -0.005197 0.008589 0.081564 0.004716 
-0.172167 -0.065614 0.302880 -0.059962 -0.077298 0.098255 -0.116312 0.139728 -0.125283 -0.081710 0.057206 0.086822 -0.102559 -0.029568 0.118498 
0.678131 -0.179905 1.132025 0.057852 -0.318438 0.137595 -0.280153 0.124685 -0.253960 -0.156584 0.005620 -0.022688 -0.127574 -0.003643 0.010864 
0.891764 -0.475600 1.463546 -0.138465 -0.265304 0.008012 -0.364308 0.163427 -0.426785 -0.103861 -0.077345 0.041816 -0.147122 -0.012502 0.074099 
1.174636 -0.802386 1.460490 -0.151188 -0.322897 -0.046872 -0.432464 0.152212 -0.384423 -0.071609 -0.121353 0.112834 -0.046947 0.027137 0.003882 
1.154770 -0.937431 1.275654 -0.143082 -0.387541 -0.160007 -0.423954 0.170435 -0.228516 -0.054333 -0.023926 0.191368 0.046090 0.059186 -0.054858 
1.263332 -1.112980 1.084285 -0.269913 -0.401529 -0.205869 -0.439503 0.136674 -0.164645 0.028356 0.036880 0.166130 0.114827 0.130872 -0.116758 
1.283875 -1.006979 0.822165 -0.219532 -0.254116 -0.350001 -0.456090 0.107032 0.009052 0.103749 0.013066 0.114781 0.191357 0.179213 -0.197533 
1.416989 -1.080151 0.629333 -0.252197 -0.194571 -0.354524 -0.410948 0.114662 0.034782 0.224771 -0.014015 0.033967 0.156803 0.207756 -0.209782 
1.478672 -1.097588 0.497993 -0.256088 -0.169752 -0.349648 -0.376215 0.093201 0.105612 0.213374 0.060921 -0.031262 0.080772 0.253001 -0.199905 
1.420147 -1.072948 0.467088 -0.239559 -0.148428 -0.376664 -0.355348 0.086211 0.113226 0.239322 0.081069 -0.074444 0.103147 0.222414 -0.183744 
1.455495 -1.094901 0.442588 -0.267944 -0.119373 -0.424545 -0.326451 0.094383 0.071620 0.248488 0.069325 -0.055251 0.091473 0.257592 -0.212031 
1.502426 -1.055923 0.468477 -0.230172 -0.145170 -0.428431 -0.344467 0.134727 0.011766 0.247403 0.050959 -0.017534 0.102008 0.233980 -0.178602 
1.492636 -1.006824 0.553625 -0.210076 -0.148920 -0.501802 -0.312700 0.143566 -0.029473 0.174252 0.040498 0.061879 0.116669 0.217497 -0.190379 
1.449152 -0.908321 0.634621 -0.109809 -0.273937 -0.460406 -0.271132 -0.012870 0.083420 0.070836 0.010667 0.159590 0.124250 0.197036 -0.191107 
1.442517 -0.894748 0.663368 -0.065761 -0.398860 -0.461289 -0.177216 -0.116757 0.091068 0.012425 -0.013100 0.256625 0.113177 0.144966 -0.129689 
1.387562 -0.969961 0.697536 -0.258341 -0.342818 -0.381328 -0.257977 -0.001513 -0.027598 -0.000105 0.011320 0.239135 0.139235 0.088257 -0.080687 
1.327389 -1.031343 0.778585 -0.338235 -0.233729 -0.372270 -0.290623 0.089623 -0.140037 0.030238 -0.033366 0.276528 0.098020 0.033884 0.011910 
1.290013 -1.039349 0.930819 -0.262109 -0.249093 -0.342427 -0.262793 0.072185 -0.121895 -0.056219 0.000735 0.210883 0.059931 0.066075 -0.056037 
1.267548 -1.022207 0.941489 -0.208437 -0.246817 -0.271855 -0.257770 0.066643 -0.182645 -0.105427 -0.020900 0.183822 0.038256 0.048251 -0.045654 
1.213436 -0.959648 0.919369 -0.165187 -0.199204 -0.263141 -0.231935 0.026013 -0.217213 -0.106780 -0.076565 0.191467 0.010872 0.028290 -0.012280 
1.290820 -1.000221 0.970465 -0.217292 -0.132856 -0.232268 -0.240974 0.014750 -0.280617 -0.110752 -0.134971 0.183767 0.007050 0.016436 -0.012431 
1.277333 -0.926207 0.940460 -0.165603 -0.162132 -0.181403 -0.289098 0.009081 -0.284504 -0.131497 -0.139867 0.139044 0.050660 -0.020865 -0.014205 
1.510272 -0.834301 1.011313 -0.141307 -0.215399 -0.203931 -0.317327 0.110358 -0.393554 -0.039107 -0.246819 0.146906 0.031210 -0.022362 -0.011243 
1.330635 -0.811336 0.606336 0.164812 -0.094905 -0.227729 -0.260323 -0.145080 -0.222047 -0.006987 -0.363626 0.144022 0.091083 -0.066906 -0.005416 
0.387160 0.040312 0.638390 0.135552 0.180844 -0.380966 -0.151664 0.034533 -0.059181 -0.100503 -0.216380 0.063521 0.120105 -0.131764 -0.031354 
-0.225761 0.065149 0.731308 0.071400 0.137541 -0.170027 0.257800 0.010573 0.015661 0.062423 -0.028414 0.080276 0.036462 -0.091390 0.120034 
-0.317476 -0.101370 0.470076 0.060405 0.052401 -0.213536 0.061680 -0.112978 0.005497 -0.025309 -0.036913 0.011016 0.028507 -0.088752 0.115791 
-0.496001 -0.359363 0.211735 -0.151756 0.010540 -0.171980 0.210601 -0.178329 0.016861 0.066479 -0.023915 -0.001806 0.036783 -0.100575 0.147553 
-0.704724 -0.329689 0.197321 -0.302395 -0.062540 -0.056516 0.323608 -0.130855 -0.021516 -0.001065 0.021470 -0.051652 0.043506 -0.031885 0.085411 
-0.550284 -0.089323 0.206005 -0.244452 -0.017268 -0.145545 0.304094 -0.068111 0.141658 -0.081566 -0.056339 0.026431 0.020272 -0.078557 0.096898 
-0.717681 -0.382261 0.156193 -0.107041 0.100360 -0.357032 0.124068 -0.180428 0.238947 0.029646 -0.171764 0.058006 0.132529 -0.141864 0.054914 
-0.503724 -0.380292 0.065136 -0.056156 0.249565 -0.218138 0.276988 -0.147039 -0.019439 0.064069 -0.016994 -0.097453 0.217671 -0.212403 0.101698 
-0.618200 -0.465262 -0.001579 -0.088950 0.264973 -0.151559 0.362872 -0.141189 -0.042851 -0.006383 -0.086485 0.080263 0.186328 -0.237692 0.095342 
-0.737673 -0.260659 0.336382 0.001628 0.130195 -0.301947 0.294344 -0.051141 0.005736 0.010075 -0.073619 0.054777 0.103227 -0.204632 0.137957 
-0.726058 -0.336737 0.194872 -0.235412 0.092491 -0.253403 0.186556 -0.126512 0.146778 -0.076953 0.000940 0.030083 0.025662 -0.113228 0.132492 
-0.565967 -0.393958 -0.130085 -0.290913 0.113161 -0.166926 0.186230 -0.159738 0.221007 -0.059168 -0.020902 -0.032319 0.002521 0.004321 -0.003356 
-0.162957 -0.199252 0.198097 -0.029614 0.286453 -0.268757 0.127965 0.062171 0.095737 -0.101991 -0.096588 0.180558 -0.025740 -0.078449 0.037610 
0.952551 -0.330533 0.295275 0.147757 0.148110 -0.147963 -0.195056 -0.418336 -0.056314 0.079379 -0.076330 -0.219065 -0.028632 0.168281 0.023835 
1.250924 -0.312041 0.411728 0.071547 0.222596 -0.093622 -0.258794 -0.344090 -0.115446 0.144415 -0.221595 -0.204555 -0.063703 0.205487 -0.080683 
1.428048 -0.547714 0.416762 0.050358 0.201025 -0.096663 -0.294475 -0.254587 -0.219746 0.146359 -0.291653 -0.128922 -0.091304 0.239187 -0.109856 
1.518278 -0.615900 0.497468 0.079862 0.165234 -0.095800 -0.347084 -0.211591 -0.234892 0.163068 -0.292590 -0.167206 -0.065068 0.250221 -0.092506 
1.596879 -0.596357 0.553583 -0.002931 0.168857 -0.109997 -0.355559 -0.181943 -0.261972 0.211071 -0.324313 -0.133334 -0.062978 0.247056 -0.062232 
1.669085 -0.657018 0.640784 0.046136 0.070672 -0.023447 -0.410860 -0.164600 -0.262356 0.228974 -0.278311 -0.150660 -0.032357 0.198092 0.006202 
1.704654 -0.611660 0.595127 0.089506 0.049898 -0.027745 -0.448134 -0.114167 -0.282814 0.222694 -0.262394 -0.180226 0.006386 0.183583 0.008242 
1.757307 -0.693120 0.724219 0.049447 0.055071 -0.069437 -0.436073 -0.077957 -0.342048 0.278373 -0.312086 -0.140430 0.022572 0.166038 -0.005310 
1.791032 -0.655740 0.682686 0.127153 -0.054777 0.009764 -0.503141 -0.082282 -0.252973 0.175034 -0.272419 -0.185855 0.064289 0.182097 -0.070279 
1.897854 -0.541796 0.607042 0.126142 -0.004406 -0.107473 -0.483017 -0.041685 -0.292625 0.208246 -0.295829 -0.184470 0.070435 0.222783 -0.095596 
1.816009 -0.514276 0.566881 0.171303 -0.068061 -0.053049 -0.517129 -0.101734 -0.213782 0.129125 -0.242219 -0.206117 0.052279 0.284471 -0.147615 
1.784643 -0.474436 0.559080 0.113205 0.000076 -0.087972 -0.506162 -0.133231 -0.250244 0.201146 -0.278355 -0.203467 0.037945 0.296075 -0.106116 
1.544461 -0.443687 0.652566 0.073108 0.027471 -0.111013 -0.497723 -0.111838 -0.278712 0.205224 -0.317929 -0.147427 0.084111 0.183327 -0.049784 
1.671973 -0.312695 0.519616 0.086994 -0.007772 -0.057501 -0.529712 -0.096417 -0.204207 0.169004 -0.352459 -0.133632 0.100768 0.159467 -0.108308 
1.605920 -0.395252 0.575052 0.074515 -0.089903 -0.031092 -0.497133 -0.146396 -0.178960 0.210377 -0.362738 -0.024784 0.105481 0.107252 -0.011245 
1.426107 -0.098918 0.552604 0.119243 -0.167024 -0.210467 -0.374662 -0.057195 -0.315756 0.119797 -0.211000 -0.119328 0.185564 0.102647 -0.101561 
0.895073 -0.444051 0.548196 0.103238 0.012833 -0.258764 -0.416315 -0.140656 -0.350672 0.262400 -0.315885 -0.133506 0.174794 0.161684 -0.049599 
1.127302 -0.241842 0.327143 0.161456 -0.014006 -0.170300 -0.522687 -0.150849 -0.249783 0.197354 -0.174687 -0.323025 0.263246 0.241288 -0.145577 
1.311844 -0.066704 0.321021 0.075044 -0.052082 -0.140154 -0.429926 -0.145820 -0.259831 0.238722 -0.206145 -0.226383 0.268014 0.103931 -0.105540 
0.687581 0.424900 0.259036 0.206964 -0.134338 -0.242695 -0.403299 -0.210915 -0.185014 0.038283 -0.126229 -0.112155 0.223099 0.162813 -0.089303 
0.351131 0.166055 0.115994 -0.030785 -0.271346 -0.007381 -0.298637 -0.256488 -0.186198 -0.072063 0.003991 0.063587 0.078399 0.085694 0.034676 
0.184121 0.111877 0.146923 0.158184 -0.260119 -0.021090 -0.247280 -0.314737 -0.158297 -0.003967 -0.000181 -0.061169 0.051173 0.134058 -0.023478 
