city021_100
HAPPYOO
64
0.859710 0.298871 -0.004965 0.253979 -0.024294 0.201503 -0.067095 -0.092377 -0.154650 0.119043 -0.049132 -0.111942 0.065595 -0.038013 -0.035384 
0.995925 0.355393 0.187254 0.262686 0.062098 0.180704 -0.231753 -0.013536 0.036459 0.084151 -0.137462 0.001618 0.002013 0.015467 -0.002132 
0.992502 0.365918 0.144398 0.214210 0.164531 0.229382 -0.294736 -0.185954 -0.265302 0.268566 -0.044971 -0.271634 0.045536 -0.074232 0.051622 
1.146794 0.165176 0.154980 0.268504 0.175414 0.211239 -0.165849 -0.011288 -0.138090 0.137426 -0.098279 -0.147116 0.042856 -0.023478 -0.070064 
1.066784 0.015831 0.105596 0.136955 0.198042 0.261490 -0.297203 0.052626 0.051705 0.214641 -0.124820 -0.139200 0.165235 -0.031980 0.034397 
0.821440 -0.343221 0.163759 -0.130157 0.118672 0.182820 -0.233177 0.136195 -0.260248 0.139237 -0.002530 -0.092112 0.099365 -0.031785 -0.066449 
0.800927 -0.391853 0.221835 -0.050343 0.111391 0.110796 -0.099356 0.129943 -0.126260 0.312797 -0.159555 -0.113737 0.174648 -0.035470 -0.072921 
0.444098 -0.719349 0.127027 -0.413509 0.242867 0.314108 -0.129846 0.121551 -0.174322 0.186454 -0.195386 0.029928 0.120336 -0.008991 -0.079643 
0.241228 -1.103554 -0.043964 -0.471718 0.146983 0.078655 -0.068266 0.277156 -0.284973 0.167185 -0.123585 0.055436 0.068686 -0.109579 -0.004481 
0.336374 -1.241894 -0.111782 -0.439162 0.102272 0.000655 -0.082300 0.355598 -0.085023 0.185063 -0.209797 -0.174535 0.005258 0.175090 -0.100527 
0.566788 -1.118130 -0.251381 -0.586531 0.119744 0.029463 -0.005200 0.374505 -0.222135 0.268703 -0.102056 -0.224514 -0.127556 0.149243 0.008671 
1.490373 -0.832385 0.001314 -0.773241 0.014602 0.068444 -0.166115 0.187351 -0.230360 0.297221 0.009719 0.031626 -0.026755 -0.038967 -0.088788 
1.607077 -0.975119 0.071055 -0.847346 -0.026041 0.081949 -0.157969 0.128677 -0.210412 0.324553 0.122738 0.090657 -0.136902 -0.077880 -0.121761 
1.680631 -0.819278 -0.040206 -0.770299 0.035320 -0.019354 -0.130569 0.225447 -0.287463 0.280315 0.179067 0.036995 -0.106994 -0.085957 -0.099757 
1.643103 -0.841860 0.039473 -0.832906 -0.014186 0.057331 -0.166798 0.184140 -0.235610 0.269629 0.169818 0.081486 -0.089845 -0.131049 -0.091608 
1.551846 -1.011737 0.076981 -0.759595 -0.068749 -0.003040 -0.151342 0.130509 -0.216198 0.226278 0.223580 0.170681 -0.152743 -0.058073 -0.124936 
1.653716 -0.918900 0.165788 -0.700940 -0.061410 -0.010330 -0.273395 0.100606 -0.269426 0.214678 0.228600 0.213785 -0.083672 -0.031448 -0.060154 
1.874173 -0.757216 0.291601 -0.497180 -0.023937 -0.072560 -0.343789 0.072369 -0.334021 0.120758 0.095362 0.230950 -0.051779 0.042934 0.067753 
2.211185 -0.423896 0.115002 -0.085003 0.148995 0.002989 -0.244490 0.110332 -0.116123 0.052520 -0.188651 0.213479 -0.150003 0.033963 0.060926 
1.201949 0.134926 -0.256962 -0.037525 -0.229677 0.071894 -0.101278 0.120239 -0.047755 0.217564 0.167124 -0.101518 -0.048182 0.027425 -0.084856 
0.848310 0.064743 -0.425686 -0.234934 -0.119517 0.201945 -0.145068 -0.055588 -0.027502 0.222369 0.071558 -0.069145 -0.058274 0.003372 -0.079060 
0.497887 -0.173521 -0.537316 -0.251263 -0.185937 0.055308 -0.122811 0.008693 -0.113095 0.101854 0.210322 0.062580 -0.046199 -0.020850 -0.111801 
0.425827 -0.281364 -0.465191 -0.007038 -0.122942 0.152093 -0.202536 -0.125960 -0.110903 0.029004 0.258534 0.061126 -0.135525 0.030278 -0.087215 
0.239163 -0.344056 -0.207530 0.176775 -0.060688 0.277549 -0.028216 -0.154595 -0.242837 0.055054 0.209296 0.008316 -0.095875 -0.045870 -0.076726 
0.217747 -0.371153 -0.455809 -0.083844 -0.278056 0.025155 -0.112736 -0.014355 -0.125357 0.141593 0.233485 0.086304 -0.089039 -0.108485 -0.009625 
0.269539 -0.248581 -0.389546 -0.034514 -0.227428 0.056143 -0.212447 -0.108374 -0.045426 0.086019 0.142806 0.129761 -0.042618 -0.061014 0.030662 
-0.019819 -0.023177 -0.214823 -0.198540 -0.405281 0.093497 -0.047613 -0.121545 -0.074196 0.038172 0.180539 0.063696 0.001636 0.056497 -0.088419 
0.013723 -0.163148 -0.152465 0.092478 -0.269473 0.074312 -0.188423 -0.180822 -0.154917 0.021558 0.193115 0.055096 -0.033735 -0.015406 0.047531 
-0.011693 -0.252790 -0.319825 0.027047 -0.202224 0.012551 -0.183021 -0.036315 -0.056189 0.128944 0.121159 -0.004690 -0.038574 0.016491 0.002082 
0.023059 -0.349911 -0.245330 0.194371 -0.039485 0.001215 -0.220501 -0.002533 -0.039674 0.128133 -0.025860 0.004070 -0.024391 0.015096 0.040128 
0.135419 -0.211290 -0.218289 0.029527 -0.324102 -0.020162 -0.207587 -0.087624 -0.065513 0.119468 0.156464 0.038759 -0.012422 0.042586 0.012674 
0.197565 -0.202987 -0.367273 -0.054854 -0.290121 -0.074989 -0.153450 0.040829 -0.013540 0.110984 0.117162 0.021055 0.020752 -0.010624 -0.070362 
-0.068536 -0.289091 -0.263505 0.002405 -0.385919 0.020714 -0.066225 0.080465 0.023517 -0.067214 0.162821 0.037461 -0.118159 0.063665 -0.066712 
0.119108 -0.010983 -0.158684 -0.026347 -0.299246 -0.012003 -0.006938 -0.038359 -0.189488 -0.028497 0.109216 0.100605 -0.034283 0.038972 -0.005169 
-0.090471 -0.118824 -0.133548 -0.090809 -0.266228 -0.102089 -0.164437 -0.069395 -0.117013 0.152023 0.122856 0.087095 0.004367 -0.001479 0.041649 
0.054024 0.005320 -0.149987 0.063254 -0.022622 0.083279 -0.139429 -0.040605 -0.091688 0.022078 -0.010060 0.055162 0.002687 -0.043568 -0.000245 
0.553518 -0.089932 0.229878 0.284653 -0.134894 0.245685 0.022185 0.100482 -0.073256 0.002295 0.050949 0.022569 -0.043091 0.071663 -0.035158 
0.616157 -0.503600 1.127931 0.098229 -0.257618 0.245390 0.012950 0.219713 -0.264709 0.144176 0.031089 -0.045988 0.001394 0.016041 -0.039609 
0.254819 -0.963787 1.193044 -0.309601 -0.237011 0.409529 -0.154995 0.092674 -0.183463 0.217996 -0.161172 0.091729 -0.038666 0.020477 0.004693 
0.771686 -0.440744 1.336947 -0.210134 -0.097913 0.205538 -0.395002 0.144810 -0.178479 -0.108050 -0.185566 0.146778 -0.176956 -0.039624 0.042749 
1.267185 -0.853087 1.539112 -0.064348 -0.216905 0.160646 -0.523751 0.303742 -0.295616 -0.156849 -0.126606 0.128392 -0.140329 -0.068350 0.073664 
1.200841 -1.007477 1.481917 0.005140 -0.333622 0.108830 -0.406563 0.079924 -0.167960 -0.232687 -0.151165 0.152298 -0.154368 0.006661 -0.029489 
1.226907 -1.086192 1.409500 -0.048402 -0.284050 -0.045607 -0.361386 0.072561 -0.263333 -0.193596 -0.123076 0.118188 -0.123086 0.071763 -0.070676 
1.290631 -1.138385 1.285115 -0.050796 -0.227107 -0.178646 -0.360417 0.157734 -0.417517 -0.081973 -0.099055 0.069302 -0.020005 0.019243 0.035885 
1.368268 -1.124254 1.091986 -0.039093 -0.142871 -0.221135 -0.388019 0.151827 -0.334125 -0.134544 0.013712 0.026921 -0.013396 0.054201 0.074012 
1.462801 -1.189256 1.026241 0.029261 -0.137899 -0.238912 -0.497539 0.231921 -0.215249 -0.124440 0.049796 0.027488 -0.038698 0.225021 -0.034629 
1.570372 -1.214427 0.910581 -0.022531 -0.143820 -0.230609 -0.533887 0.215256 -0.211931 -0.060279 0.060711 0.047712 -0.078280 0.315858 -0.053006 
1.574764 -1.055139 0.675524 -0.117025 -0.061292 -0.158624 -0.538483 0.034987 -0.239397 0.079390 0.160186 -0.033846 -0.107355 0.313233 0.108127 
1.879271 -1.061522 0.591734 -0.257590 -0.025228 -0.060094 -0.573320 0.059919 -0.395089 0.184845 0.206658 0.019120 -0.186440 0.290932 0.153405 
1.920626 -0.863043 0.490416 -0.362049 -0.055336 -0.006983 -0.487750 0.060552 -0.511609 0.164978 0.263690 0.048468 -0.118807 0.188708 0.105455 
2.009676 -0.751490 0.258794 -0.399357 -0.168127 -0.008634 -0.314619 0.001594 -0.457355 0.033403 0.194070 0.070411 -0.043246 0.295671 0.002302 
2.070506 -0.769052 0.231901 -0.373603 -0.222583 -0.051962 -0.350920 0.054822 -0.369307 -0.000212 0.135034 0.058952 -0.018020 0.341443 -0.007799 
2.092968 -0.920979 0.274431 -0.398106 -0.273844 -0.062451 -0.352837 0.174466 -0.372623 -0.107377 0.131182 0.059877 0.027770 0.390188 -0.049870 
2.005754 -0.957187 0.289927 -0.420920 -0.279310 -0.076189 -0.323366 0.161447 -0.366711 -0.077374 0.080619 0.090444 0.077999 0.379249 -0.065584 
2.088963 -0.878921 0.199362 -0.402437 -0.312639 -0.059427 -0.306778 0.165244 -0.385000 -0.044348 0.083839 0.049780 0.096178 0.355769 -0.000839 
2.141538 -0.811866 0.257089 -0.352651 -0.444977 -0.010411 -0.267003 0.177035 -0.380502 -0.078787 0.039300 0.050941 0.076108 0.334272 -0.000501 
1.979535 -0.472996 0.209190 -0.466614 -0.466439 -0.062382 -0.179098 0.155877 -0.357058 -0.093774 0.058468 -0.034940 0.079086 0.344513 0.047104 
2.139286 0.004011 0.229217 -0.619106 -0.459616 0.094191 -0.179893 0.194844 -0.524388 -0.065216 0.124001 -0.027886 0.135985 0.395725 0.024796 
1.874800 0.085552 0.184392 -0.611095 -0.398813 0.083328 -0.079668 0.189567 -0.530212 -0.120164 0.035279 -0.069085 0.118873 0.409488 0.048073 
2.053538 0.230574 0.087069 -0.490360 -0.425404 0.022265 -0.097138 0.119179 -0.499227 -0.085001 0.128287 -0.046538 0.136872 0.369669 0.006483 
1.586045 0.134450 0.026984 -0.416880 -0.581326 -0.001490 -0.048864 0.035454 -0.318774 -0.045721 0.068189 -0.000607 0.058262 0.339519 0.064090 
1.892071 0.002587 -0.152250 -0.374507 -0.599993 0.009276 -0.025466 0.135504 -0.407920 -0.157735 0.160500 -0.038021 0.071806 0.452999 0.067428 
0.914906 0.208706 -0.241844 -0.361325 -0.587200 -0.089200 0.050867 0.073251 -0.327090 -0.148847 0.007476 0.138985 0.124408 0.347602 0.140296 
0.536624 0.023738 -0.203361 -0.202158 -0.538651 0.067904 0.159117 0.088162 -0.222584 -0.176482 0.101138 0.026789 0.012320 0.198678 0.064307 
