city021_077
NYAKUSEI
64
0.735287 0.461041 0.287673 0.263856 -0.228157 0.178125 -0.128419 -0.041837 -0.062102 -0.191713 -0.100422 0.004043 -0.128560 0.007753 -0.059690 
1.190407 0.202619 0.597788 -0.068862 -0.267304 0.097994 -0.201026 0.134766 -0.095104 -0.361264 -0.182835 0.083010 -0.315531 -0.016425 0.053208 
1.139472 0.187436 0.499679 -0.176093 -0.129888 0.067100 -0.186972 0.121383 -0.220128 -0.304031 -0.244250 0.076267 -0.241597 0.018092 0.035692 
1.267097 0.074079 0.901855 -0.307388 -0.263568 0.217334 -0.362427 0.220836 -0.217878 -0.214008 -0.098388 0.013606 -0.259453 0.053352 0.024858 
1.236754 -0.191702 1.168827 -0.421263 -0.300874 0.101644 -0.378936 0.260727 -0.329398 -0.136243 -0.091370 0.132575 -0.335079 0.064309 0.141183 
1.315361 -0.590628 1.315252 -0.299603 -0.374544 0.117623 -0.412489 0.247052 -0.281626 -0.119181 0.028377 0.143383 -0.245892 0.103370 0.065992 
1.345515 -0.871223 1.293550 -0.228162 -0.461781 0.055731 -0.364260 0.237259 -0.250293 -0.034356 0.038336 0.152231 -0.132558 0.067997 0.021636 
1.530722 -1.182596 1.146613 -0.215034 -0.468617 -0.095423 -0.329702 0.383763 -0.247466 0.138012 0.015261 0.168627 -0.037860 -0.005605 -0.037604 
1.678592 -1.330567 0.884188 -0.161296 -0.437397 -0.178567 -0.374485 0.462188 -0.167559 0.183966 0.034455 0.108202 0.036451 -0.044040 -0.094537 
1.622106 -1.117394 0.391468 -0.162631 -0.210498 -0.418484 -0.321145 0.385939 -0.033462 0.107646 0.079792 0.079512 -0.027343 0.090422 -0.134044 
1.525030 -1.040348 0.213227 -0.230037 0.085094 -0.479090 -0.409741 0.377008 0.059143 0.143193 0.058913 0.100266 -0.083872 0.008459 -0.003508 
1.495578 -1.124406 0.211045 -0.348530 0.181649 -0.432210 -0.488557 0.281081 -0.000685 0.206709 0.059165 0.135633 -0.057867 0.009142 0.084726 
1.593172 -1.049744 0.116838 -0.271664 0.199587 -0.380557 -0.449842 0.138860 -0.056874 0.258744 0.017631 0.135146 -0.094063 0.094165 0.122278 
1.847073 -0.875639 -0.063748 -0.099313 0.277132 -0.415965 -0.333819 0.080659 -0.324966 0.323876 -0.067907 0.161448 -0.166642 0.146878 0.184160 
1.557404 -0.458829 -0.218175 0.090744 0.365969 -0.382750 -0.241710 -0.036234 -0.438298 0.300904 -0.031712 0.093349 -0.210998 0.087617 0.168844 
0.928296 -0.013779 -0.060304 0.233221 0.199192 -0.032842 -0.155505 -0.101245 -0.167931 0.061524 -0.175983 0.084669 -0.124450 0.041787 -0.055479 
0.643171 -0.119556 -0.175422 0.270709 -0.161534 -0.147630 -0.308680 -0.030858 -0.083896 0.008823 -0.025981 0.019238 0.093572 0.059966 -0.049342 
0.483690 -0.391619 -0.356999 0.135371 -0.276344 -0.232002 -0.344596 0.096969 -0.021541 0.178721 0.194288 0.018888 -0.034321 0.119388 -0.049826 
0.365890 -0.369957 -0.079612 0.257909 -0.431707 -0.218488 -0.277650 0.025620 0.054386 0.048237 0.041859 0.141160 0.025510 0.070074 -0.053255 
0.448809 -0.393886 -0.221197 0.345982 0.134521 0.057990 -0.351538 -0.146672 -0.057598 0.134926 -0.039355 -0.009605 -0.085057 0.029735 0.033613 
0.618396 0.036069 -0.067730 0.578438 0.200511 0.126013 -0.168308 0.050336 -0.116806 0.026247 -0.001354 -0.071114 -0.024535 -0.046636 -0.043300 
0.547457 -0.726104 -0.218189 -0.457010 0.267364 0.187495 -0.289824 -0.007282 0.007768 0.175914 -0.103676 0.101152 -0.144679 0.077862 -0.042167 
1.357826 -0.938588 -0.478921 -0.357730 0.099898 -0.034346 -0.195804 -0.028341 0.089258 0.143716 -0.133093 0.324089 -0.119735 0.005885 -0.199889 
0.236514 -0.789179 -0.207277 -0.319645 0.088944 -0.143914 -0.046590 -0.127832 0.226363 0.076338 0.039462 0.046846 -0.162470 0.008153 -0.021486 
-0.643828 -0.749844 0.216517 0.076288 0.169876 -0.339076 0.042722 -0.042750 0.174667 -0.123020 -0.014229 0.089256 -0.080346 0.017620 0.038786 
-0.645755 -0.529622 0.045350 -0.114030 0.067871 -0.238645 0.198497 -0.142253 0.128610 0.035731 -0.072893 -0.053712 0.117020 -0.075113 0.023476 
-0.501761 -0.323854 0.111731 -0.059817 -0.011595 -0.370220 0.169168 -0.011461 0.033788 0.002483 -0.000239 -0.013161 0.098170 -0.114858 0.020029 
-0.383739 -0.301128 0.161520 0.066617 0.036595 -0.459825 0.066586 -0.162469 0.074016 0.022458 -0.050405 0.061935 0.083607 -0.115470 0.152113 
-0.442451 -0.259130 0.095460 -0.115997 -0.046931 -0.336957 0.197917 -0.058775 0.007929 0.008313 0.045281 0.033977 -0.041723 -0.036501 0.070615 
-0.463701 -0.286791 0.046759 0.010207 0.132978 -0.179892 0.206991 -0.113698 0.027123 0.051729 -0.021409 -0.064921 0.031518 0.090965 -0.141585 
-0.637891 -0.261289 0.166512 -0.153731 0.110345 -0.234255 0.312320 -0.118636 0.070486 -0.075384 0.028075 -0.028267 0.050434 -0.042346 -0.003196 
-0.669886 -0.404604 0.070792 -0.216682 -0.041379 -0.165899 0.281987 -0.179553 0.203353 -0.083170 0.021698 -0.150356 0.200927 -0.112263 -0.047270 
-0.591073 -0.458742 0.105973 -0.060006 0.121560 -0.243864 0.213242 -0.131409 0.155618 -0.101643 0.049362 -0.101773 0.110080 -0.018727 -0.044140 
-0.659107 -0.355528 -0.092260 -0.029493 0.225000 -0.373775 0.171455 -0.090109 0.173136 -0.064809 0.022887 -0.160441 0.165814 0.003676 -0.127945 
-0.367533 -0.175645 0.078745 -0.260307 0.126007 -0.156592 0.147934 0.018509 -0.006292 -0.078471 0.080935 -0.034765 -0.014435 0.014679 0.018559 
-0.441138 -0.305485 0.524348 0.019720 0.056327 -0.138364 0.075227 -0.097141 0.071171 -0.014790 -0.068803 0.083580 -0.060730 0.020702 0.020698 
0.724707 -0.264977 0.534350 0.228172 -0.076858 -0.298021 -0.121783 -0.357767 0.140690 -0.081383 -0.281437 0.105039 0.053509 0.042763 -0.054673 
1.572667 -0.796644 0.605096 0.168391 -0.110281 -0.163134 -0.410876 -0.039686 -0.193385 0.067812 -0.311056 0.008577 0.070890 0.168116 -0.136422 
1.668442 -1.052150 0.830305 0.040294 -0.152121 -0.213678 -0.436920 0.033656 -0.293099 0.086463 -0.289218 0.084482 0.096403 0.127464 -0.085172 
1.583505 -1.096184 0.809488 -0.122920 -0.198645 -0.106126 -0.403165 0.005964 -0.272954 -0.089296 -0.104571 0.063458 0.072402 0.173113 -0.163156 
1.433935 -1.107172 0.868328 -0.169069 -0.124969 -0.199254 -0.321115 0.012478 -0.340245 -0.015167 -0.104788 0.093448 0.048503 0.114804 -0.068375 
1.361305 -1.095495 0.909552 -0.190416 -0.138288 -0.227724 -0.254514 0.002783 -0.372540 -0.019477 -0.067799 0.105261 0.013198 0.097983 -0.013628 
1.238796 -1.105432 0.953534 -0.203259 -0.131264 -0.250435 -0.193168 -0.012916 -0.394116 -0.020810 -0.062266 0.125142 -0.012342 0.071803 -0.002391 
1.214075 -1.121527 1.026445 -0.208160 -0.145447 -0.249172 -0.143095 -0.035600 -0.438101 0.004553 -0.052193 0.101080 -0.046688 0.078256 0.023033 
1.103572 -1.018366 1.015061 -0.188626 -0.148386 -0.276292 -0.117357 -0.095955 -0.416818 0.001192 -0.101171 0.136814 -0.069711 0.084349 0.041286 
1.060701 -0.983969 1.160100 -0.166037 -0.231909 -0.231203 -0.130323 -0.080214 -0.423504 -0.016372 -0.108715 0.120454 -0.101382 0.071938 0.058985 
1.121812 -0.965356 1.383543 -0.113679 -0.372751 -0.099852 -0.239255 -0.028491 -0.416163 -0.033377 -0.117061 0.096056 -0.134437 0.089812 0.062829 
1.236479 -1.004102 1.549547 -0.050020 -0.497788 0.040632 -0.331468 0.017867 -0.426014 -0.022287 -0.126641 0.077361 -0.137552 0.091285 0.061643 
1.175666 -0.949822 1.693200 -0.100462 -0.491288 0.125736 -0.370060 0.055016 -0.415948 -0.041910 -0.142156 0.102408 -0.194810 0.068029 0.095808 
1.123238 -0.882440 1.707962 -0.156121 -0.468305 0.175680 -0.359343 0.045960 -0.398695 -0.045568 -0.129638 0.091816 -0.253744 0.117039 0.091972 
1.055199 -0.832234 1.717315 -0.193060 -0.421096 0.248240 -0.381983 0.089229 -0.379882 -0.065943 -0.081869 0.031468 -0.257418 0.135763 0.053550 
0.921783 -0.787310 1.749900 -0.185804 -0.372659 0.247083 -0.371380 0.104275 -0.377628 -0.086080 -0.075909 0.021957 -0.289031 0.136355 0.047498 
0.846050 -0.734597 1.778627 -0.221309 -0.329658 0.284868 -0.315899 0.070296 -0.380832 -0.023849 -0.128366 -0.009504 -0.280301 0.154485 -0.007927 
0.842249 -0.665129 1.717873 -0.152472 -0.297635 0.309157 -0.330407 0.122132 -0.381014 -0.066818 -0.074854 -0.056141 -0.300021 0.166574 -0.045236 
0.694602 -0.449062 1.692712 -0.078959 -0.304413 0.316416 -0.296857 0.102837 -0.371024 -0.073051 -0.038129 -0.141538 -0.256269 0.177084 -0.100796 
0.701235 -0.483134 1.744701 -0.114188 -0.309881 0.381175 -0.369299 0.160192 -0.379844 -0.111405 -0.017011 -0.144791 -0.277494 0.164321 -0.096972 
0.495254 -0.283152 1.664750 -0.091987 -0.300890 0.326859 -0.338881 0.133504 -0.373359 -0.130370 0.021493 -0.191200 -0.230774 0.153443 -0.105635 
0.359203 -0.241653 1.640383 -0.113118 -0.262227 0.260064 -0.306549 0.126339 -0.423758 -0.065591 -0.031966 -0.170658 -0.220697 0.148592 -0.093599 
0.336731 0.108783 1.462266 -0.045418 -0.227656 0.201900 -0.298960 0.081056 -0.421877 -0.089049 -0.105932 -0.138210 -0.241232 0.090217 -0.065064 
0.427878 0.101589 1.402737 0.049564 -0.340452 0.310560 -0.288069 0.053668 -0.379157 -0.112776 -0.034945 -0.245033 -0.167651 0.069674 -0.089056 
0.549431 0.080770 1.291156 0.069477 -0.387814 0.368809 -0.261250 -0.030990 -0.265117 -0.090496 -0.090449 -0.191381 -0.107566 0.011520 -0.085833 
0.283749 0.078059 0.605684 0.353864 -0.177110 0.094863 -0.152141 -0.149177 -0.332574 -0.104753 -0.114766 -0.159566 -0.204120 0.029624 -0.031677 
0.022056 -0.051041 1.265556 0.050003 -0.087122 0.040969 -0.137686 0.071202 -0.483783 0.084847 -0.182056 -0.149754 -0.178561 0.101002 -0.120295 
0.306426 0.358739 0.761450 0.320749 -0.370120 0.066932 -0.012650 -0.129616 -0.436679 -0.006467 -0.091723 -0.296761 -0.067616 0.048418 -0.106473 
