city021_094
JOOETSU
76
0.212382 0.034579 0.018621 0.258515 -0.078107 0.204084 -0.069129 -0.183630 -0.100432 -0.032391 0.042578 -0.012654 -0.051729 0.002302 -0.070678 
0.525670 0.424923 0.380429 0.370505 -0.049359 0.180374 -0.004982 -0.035786 -0.180616 -0.176952 -0.081380 -0.110708 -0.120771 -0.107192 -0.047555 
0.704601 0.445166 0.306011 0.344138 0.031035 0.140130 -0.158371 -0.068610 -0.047023 -0.092858 -0.192498 -0.088797 0.005429 -0.119709 -0.072435 
0.761901 0.370126 0.385646 0.282214 -0.171382 0.147833 -0.192041 -0.175885 -0.102462 -0.054364 -0.244220 -0.091918 0.046365 -0.121145 -0.036299 
0.623958 0.539754 0.555538 0.264966 -0.149306 0.081755 -0.258294 -0.170553 -0.082460 -0.145217 -0.263870 -0.066248 0.020696 -0.139004 -0.031181 
0.834907 0.356437 0.492500 0.362693 -0.203583 0.212845 -0.244899 -0.218696 -0.047028 -0.127612 -0.356192 -0.017922 -0.036526 -0.212222 0.059353 
1.003636 0.572150 0.424952 0.055769 -0.329574 0.401357 -0.084081 -0.183536 -0.029526 -0.230305 -0.266911 -0.105228 -0.069101 -0.112744 -0.044391 
0.772377 0.551607 0.566423 0.191212 -0.038474 0.180071 -0.165933 -0.053337 -0.129965 -0.092181 -0.235516 -0.126568 -0.003919 -0.182878 -0.044175 
0.639246 0.297719 0.536742 0.226606 -0.035455 0.135264 -0.118964 0.004341 -0.165463 -0.108859 -0.196741 -0.061214 -0.017508 -0.185712 -0.000170 
0.473931 0.100629 0.713433 -0.159153 0.186175 0.103640 -0.230849 0.158717 -0.354984 -0.084291 -0.105333 -0.014347 -0.137683 -0.053234 -0.004328 
0.213513 0.033325 1.034684 -0.370839 0.297321 0.063416 -0.412372 0.281963 -0.353814 0.064055 -0.110923 -0.084876 0.008761 -0.035327 -0.043806 
-0.351098 -0.110073 1.342009 -0.284271 0.428750 -0.062197 -0.416051 0.256431 -0.292342 -0.086375 -0.204469 -0.065982 -0.115109 -0.014407 -0.136819 
-0.353732 -0.198544 1.409260 -0.355989 0.344792 0.085960 -0.417540 0.131581 -0.169346 -0.113203 -0.141883 -0.082084 -0.144956 0.081022 -0.181277 
-0.363740 -0.393681 1.513942 -0.437274 0.405672 0.051239 -0.551688 0.245083 -0.175045 -0.186749 -0.047324 -0.178948 -0.053382 0.095013 -0.221503 
-0.009268 -0.430375 1.386373 -0.258552 0.185341 0.018285 -0.465751 0.124052 -0.036987 -0.295251 -0.046348 -0.059690 -0.062408 0.064052 -0.143295 
0.555368 -0.577534 1.356353 -0.076081 -0.035554 -0.012819 -0.369095 0.071756 -0.154229 -0.097769 -0.193098 -0.017470 0.035470 -0.007389 -0.140349 
1.081919 -0.755796 1.260603 0.029857 -0.107505 0.083754 -0.602075 0.080303 -0.095733 -0.153892 -0.210538 -0.041084 -0.002779 0.168842 -0.228607 
1.561463 -0.890420 1.138382 0.059943 -0.129873 0.050030 -0.642238 0.103846 -0.150918 -0.075030 -0.200466 -0.070522 0.020026 0.239800 -0.236286 
1.749308 -0.762339 0.877896 0.007659 -0.129548 -0.024662 -0.505963 -0.012380 -0.222276 0.048851 -0.094491 -0.115521 -0.000684 0.302976 -0.168313 
1.895343 -0.692821 0.700528 -0.281914 -0.057577 0.046944 -0.414321 -0.098410 -0.389337 0.149484 -0.039278 -0.055001 -0.077146 0.277450 -0.089842 
1.902182 -0.722522 0.511619 -0.313557 0.040860 0.064874 -0.430148 -0.141751 -0.436336 0.171244 -0.026968 -0.079469 -0.030364 0.200235 -0.050717 
1.989161 -0.727966 0.404726 -0.397309 -0.032440 0.205593 -0.425719 -0.114239 -0.464230 0.063932 -0.017320 -0.101618 0.109273 0.147378 -0.139566 
2.141377 -0.830833 0.393253 -0.398647 -0.131241 0.259508 -0.425320 -0.034115 -0.414430 -0.059149 -0.123421 -0.027984 0.122442 0.227451 -0.153401 
1.971370 -0.694113 0.314061 -0.399551 -0.065044 0.106875 -0.352848 0.029677 -0.394604 -0.081412 -0.179967 -0.070050 0.223942 0.183190 -0.127030 
2.022848 -0.623029 0.325069 -0.463997 -0.018063 -0.014819 -0.404132 0.151923 -0.313256 -0.064972 -0.284200 -0.062097 0.159941 0.222318 -0.082510 
2.071363 -0.608645 0.316350 -0.465679 -0.020132 -0.069264 -0.367159 0.203857 -0.301298 -0.106138 -0.290824 0.039405 0.089348 0.201511 -0.022402 
2.023722 -0.501211 0.324756 -0.523452 -0.007590 -0.071478 -0.384024 0.169157 -0.258705 -0.042644 -0.270162 -0.011168 0.073585 0.184221 -0.003084 
2.001166 -0.430846 0.309923 -0.516375 -0.004915 -0.077066 -0.407132 0.104289 -0.175954 -0.026231 -0.269856 -0.002989 0.042976 0.180830 0.008892 
2.041115 -0.444874 0.325403 -0.532965 0.007584 -0.093685 -0.432618 0.149521 -0.203767 -0.006773 -0.263284 -0.001320 0.051497 0.166344 0.011545 
1.965891 -0.484759 0.447840 -0.572668 -0.038775 -0.074414 -0.409337 0.130479 -0.203218 0.046972 -0.319345 -0.010315 0.080648 0.134387 -0.009414 
1.896828 -0.442413 0.466526 -0.557989 -0.062103 -0.071901 -0.384881 0.130214 -0.170629 0.007989 -0.284012 -0.029745 0.092294 0.102917 -0.023167 
1.894010 -0.444599 0.475484 -0.594394 -0.040644 -0.079148 -0.362438 0.150063 -0.188693 -0.006795 -0.301717 0.006843 0.047454 0.127964 -0.011804 
1.928140 -0.533792 0.445118 -0.540965 -0.050517 -0.090157 -0.327423 0.153681 -0.251475 -0.011266 -0.321411 0.006072 0.070781 0.157972 -0.012277 
1.921473 -0.642604 0.489155 -0.540415 -0.109396 -0.021439 -0.310604 0.246485 -0.334540 -0.133839 -0.258224 0.007553 0.105958 0.166601 -0.015300 
1.929434 -0.614728 0.522563 -0.580608 -0.091974 -0.006626 -0.308150 0.175286 -0.378658 -0.030912 -0.264054 0.002595 0.089932 0.178818 -0.018911 
1.840015 -0.732533 0.479145 -0.626057 -0.051878 0.112468 -0.265425 0.056085 -0.516596 -0.007082 -0.144849 0.054868 0.169732 0.186644 -0.085232 
1.880609 -0.659477 0.580615 -0.625726 -0.047280 0.186137 -0.332954 -0.055808 -0.537411 0.214562 0.042536 0.022786 0.057663 0.123594 -0.123984 
1.851108 -0.852831 0.665201 -0.552010 0.094011 0.088744 -0.501596 -0.049117 -0.496207 0.365140 0.096011 -0.064581 -0.040315 0.173456 0.008994 
1.769009 -0.964440 0.758936 -0.460315 0.075810 -0.005721 -0.576690 0.033022 -0.439964 0.342491 0.086777 -0.114930 -0.040331 0.295167 0.043339 
1.628219 -1.008985 0.842915 -0.250198 -0.003309 -0.123496 -0.606162 0.104927 -0.269950 0.215818 -0.010229 -0.086391 0.029132 0.326164 -0.032207 
1.561809 -1.080578 0.971439 -0.191178 -0.109992 -0.116429 -0.577046 0.131665 -0.206624 0.082439 -0.094671 0.004319 0.084429 0.223361 -0.124332 
1.467203 -1.035785 0.987800 -0.152247 -0.197168 -0.098748 -0.486465 0.066483 -0.174774 -0.011894 -0.075183 0.005128 0.100545 0.182784 -0.180060 
1.410439 -0.975247 1.022164 -0.170064 -0.197348 -0.140631 -0.375330 0.042115 -0.259752 0.010205 -0.130439 0.056812 0.059343 0.132383 -0.131056 
1.401137 -0.909288 1.057990 -0.106709 -0.222709 -0.132156 -0.340280 0.067361 -0.315988 -0.019090 -0.161280 0.065596 0.035962 0.062727 -0.096153 
1.548416 -0.872429 1.094718 -0.009057 -0.157357 -0.148275 -0.378068 0.151641 -0.378949 0.017578 -0.302443 0.070407 0.054274 -0.013878 -0.108357 
1.439897 -0.598931 0.868914 0.183655 -0.057290 -0.077938 -0.275219 0.138874 -0.269912 0.042639 -0.372389 0.023672 0.057024 -0.064259 -0.143090 
1.098101 0.159374 0.562576 0.423698 -0.009244 -0.002883 -0.082268 0.097419 -0.026318 0.016245 -0.152755 -0.015235 0.061847 -0.010663 -0.155413 
0.856179 0.220540 0.464908 0.308727 -0.101696 0.094776 -0.133227 0.013242 -0.115987 -0.045448 -0.049356 -0.073019 -0.061642 0.059002 -0.083216 
0.556321 0.174742 0.282936 0.148231 -0.302956 0.017559 -0.108446 -0.029569 -0.105582 -0.005700 0.076414 -0.041985 -0.060980 0.158392 -0.065397 
0.467993 -0.066605 0.122418 0.230104 -0.223575 -0.068367 -0.203810 -0.029045 -0.168687 0.074748 0.040127 -0.119297 0.071857 0.108709 -0.068051 
0.560671 0.215709 0.369163 0.361904 -0.211245 0.044070 -0.148173 0.087017 -0.130540 -0.004463 0.045257 -0.066343 -0.036222 0.107026 -0.035705 
0.064892 -0.161514 0.195162 -0.072221 -0.291201 -0.098318 -0.308746 -0.032002 -0.095433 0.093628 0.050403 0.066475 0.063978 0.073030 0.001346 
-0.463125 -0.893192 0.251668 -0.429780 0.056283 0.068965 0.060472 0.084226 -0.153578 -0.009204 0.058695 0.075206 -0.167830 0.105149 0.015982 
-0.269877 -0.431715 0.242767 -0.108775 -0.109315 0.032852 -0.084382 0.001109 -0.033387 0.038317 -0.028465 0.084359 -0.071909 0.026513 -0.001097 
-0.575806 -0.688336 0.495996 -0.070013 -0.263329 -0.192588 -0.076257 0.098783 -0.007429 0.052307 -0.050216 0.112625 0.006579 -0.052489 -0.014165 
-0.468664 -0.357543 0.281399 0.001538 0.224454 -0.064170 0.052184 -0.109412 0.181105 -0.001349 -0.120491 0.057809 0.035272 0.006432 -0.059805 
-0.436427 -0.118284 0.309119 0.040669 0.332157 -0.161301 0.199655 -0.061725 0.197068 -0.055949 -0.102864 0.187545 -0.001583 -0.116357 0.129829 
-0.661280 -0.569444 0.152011 -0.215550 0.408074 -0.245443 0.207323 -0.126944 -0.019739 0.028371 -0.058614 0.131300 -0.019741 -0.164791 0.128203 
-0.583408 -0.573081 0.428843 -0.278452 0.092099 -0.457448 0.160003 -0.115262 0.143050 0.016187 -0.066290 0.103733 -0.021746 0.012270 -0.059237 
0.105349 -0.263633 0.561923 -0.048966 0.058909 -0.251956 0.085597 -0.135548 0.013327 -0.013799 -0.092444 0.127797 -0.104341 0.051126 -0.004277 
1.133603 -0.389539 0.553455 0.037450 0.246454 -0.160263 -0.276724 -0.178515 -0.224635 0.241835 -0.257479 -0.154568 -0.030707 0.192398 -0.083658 
1.416695 -0.592497 0.553278 0.128885 0.190657 -0.035827 -0.374844 -0.181481 -0.238623 0.222894 -0.327755 -0.157892 -0.057341 0.145350 -0.014948 
1.704183 -0.760674 0.522978 0.128940 0.065426 0.026258 -0.402491 -0.143627 -0.251414 0.199815 -0.289991 -0.155216 -0.019712 0.163746 -0.029475 
1.571120 -0.761243 0.675299 0.100666 0.104235 0.007437 -0.465524 -0.122818 -0.243930 0.244070 -0.291313 -0.194693 -0.008313 0.190867 -0.012763 
1.597898 -0.802097 0.778600 -0.000094 0.111686 0.007685 -0.485762 -0.082892 -0.273056 0.265633 -0.336791 -0.151190 0.018481 0.156392 -0.023218 
1.512413 -0.711574 0.736750 0.071562 0.051765 -0.034553 -0.445838 -0.069709 -0.258827 0.192448 -0.306776 -0.155577 0.065486 0.121312 -0.068248 
1.614415 -0.765288 0.832291 -0.020239 0.119087 -0.084006 -0.485615 0.008406 -0.320024 0.238886 -0.365580 -0.134485 0.063934 0.144535 -0.073693 
1.601406 -0.545436 0.621569 0.147232 0.005091 -0.122280 -0.442306 -0.038076 -0.262390 0.127690 -0.264650 -0.183868 0.074337 0.194613 -0.125627 
1.670510 -0.571599 0.688550 0.130779 -0.018464 -0.089448 -0.532082 0.009084 -0.254373 0.130809 -0.300049 -0.177460 0.116016 0.196076 -0.189696 
1.628772 -0.475389 0.623464 0.119941 0.025705 -0.178310 -0.479812 -0.007818 -0.254525 0.124872 -0.361131 -0.121969 0.081027 0.203607 -0.194676 
1.450946 -0.533815 0.721662 0.060339 0.069850 -0.175603 -0.479928 -0.024176 -0.309910 0.187487 -0.385317 -0.135597 0.114414 0.163696 -0.166158 
1.396252 -0.417366 0.698762 0.113015 0.030662 -0.144803 -0.490221 0.020775 -0.306582 0.152297 -0.324478 -0.160260 0.146369 0.121694 -0.159249 
1.360517 -0.166169 0.539421 0.220030 -0.040102 -0.217825 -0.452003 -0.010293 -0.252292 0.096648 -0.261094 -0.178784 0.200892 0.145576 -0.210551 
0.901739 0.214091 0.437632 0.394740 -0.079051 -0.242330 -0.484464 -0.127415 -0.184342 0.072896 -0.243186 -0.255472 0.319290 0.194775 -0.242956 
0.507314 0.095666 0.111835 0.313929 -0.085690 -0.139071 -0.475615 -0.204331 -0.101235 -0.015807 -0.207851 -0.097939 0.162302 0.087010 -0.043705 
0.083031 -0.048734 0.145437 0.244780 -0.185827 -0.115656 -0.286994 -0.179580 -0.211466 0.136422 -0.067986 -0.115510 0.147572 0.073642 -0.013575 
