city021_041
RUMOI
57
0.177021 0.079940 -0.058238 0.190196 -0.040127 0.124274 0.030915 0.024953 -0.018461 0.073232 -0.040890 -0.041289 0.089755 0.008179 -0.074761 
0.176628 0.075380 0.003559 0.173081 -0.081776 0.164615 0.041766 -0.016777 0.017560 -0.039255 -0.022844 0.051069 0.022973 -0.027714 -0.008980 
0.708367 0.343897 0.428380 0.363137 0.000973 0.091862 -0.096448 -0.061681 0.007120 0.017929 -0.179382 -0.015603 0.006893 -0.011999 -0.094497 
0.813158 0.210613 0.403772 0.517708 0.002975 0.044569 -0.262137 -0.141945 -0.002882 -0.052369 -0.341929 -0.152958 0.071337 -0.076069 -0.169014 
0.958860 0.129873 0.560610 0.533732 -0.058548 0.155779 -0.292904 -0.171194 0.065913 0.005767 -0.349808 -0.125679 0.069982 -0.046449 -0.123166 
1.029012 0.233241 0.402554 0.596325 0.013019 0.034694 -0.283186 -0.038915 -0.018662 -0.021360 -0.315963 -0.242048 0.186904 -0.104196 -0.220886 
1.123311 0.241077 0.325407 0.516307 0.005081 0.049637 -0.273346 -0.093200 0.118006 -0.151257 -0.295042 -0.071827 -0.009890 0.010534 -0.181721 
0.805628 0.249675 0.254935 0.510733 0.348289 0.046569 -0.363463 0.068832 0.116255 -0.145277 -0.285567 -0.135835 0.017624 -0.026874 -0.206352 
0.655083 -0.035805 0.193176 0.687807 0.435166 0.046559 -0.380489 -0.027226 0.148343 -0.077185 -0.327452 -0.185288 -0.037547 0.001912 -0.183562 
0.753386 -0.076670 0.162782 0.755639 0.375164 -0.033888 -0.357291 0.065837 0.030968 -0.096198 -0.280290 -0.180164 -0.023187 -0.045044 -0.155918 
0.932368 0.126652 0.184343 0.586947 0.268599 0.049052 -0.314580 0.053178 0.026747 -0.136233 -0.224511 -0.132568 0.000152 -0.073065 -0.154320 
0.908818 -0.274532 0.251107 0.721154 0.027414 0.161513 -0.085031 -0.211497 0.011889 -0.108788 -0.131604 -0.049862 -0.194021 -0.006052 -0.093750 
1.461167 -1.279515 0.632413 0.525077 -0.232304 0.067536 -0.331696 0.054701 -0.188405 -0.051895 -0.064390 -0.044070 -0.047198 0.052397 -0.051176 
1.621125 -0.988299 1.008539 0.181600 -0.042538 0.234042 -0.569958 -0.067196 -0.150626 -0.006136 -0.186896 -0.175659 -0.191721 0.261883 -0.095565 
1.827930 -0.644306 0.792821 0.197951 -0.061505 0.170389 -0.655267 0.018006 -0.195514 -0.054826 -0.025960 -0.339516 -0.046842 0.315124 -0.158551 
1.707664 -0.528748 0.727315 0.181078 0.063728 0.091730 -0.549514 -0.051440 -0.318196 0.100545 -0.065417 -0.326287 -0.100482 0.278018 -0.055839 
1.851637 -0.501154 0.713257 0.141148 0.084889 0.167096 -0.556725 -0.048867 -0.338369 0.096305 0.013903 -0.337105 -0.155730 0.291152 -0.059327 
1.876535 -0.307429 0.541762 0.010501 0.178127 0.213132 -0.455528 -0.041453 -0.472635 0.090518 0.111558 -0.284017 -0.207442 0.154860 -0.059294 
1.852884 -0.260346 0.474038 -0.154400 0.130909 0.250666 -0.400808 -0.090026 -0.508069 0.098417 0.060079 -0.197621 -0.123019 0.095164 -0.141599 
1.629622 -0.189697 0.545054 0.055431 -0.170290 0.226920 -0.110438 -0.033767 -0.301956 0.002504 -0.094886 -0.104762 -0.061644 0.069833 -0.130037 
1.378835 -0.099840 0.684627 0.156671 -0.374414 0.339089 0.104005 -0.104499 -0.252812 -0.133877 -0.185083 -0.165369 -0.113265 -0.008216 -0.049520 
1.474162 -0.287291 0.770793 0.011637 -0.409234 0.414893 0.109556 -0.065296 -0.323314 -0.113498 -0.259157 -0.108371 -0.107140 0.036931 -0.033869 
1.535374 -0.306352 0.836394 -0.122567 -0.464315 0.366378 0.195655 -0.027768 -0.327235 -0.024869 -0.399076 -0.040736 -0.164184 0.091194 0.051870 
1.538842 -0.331484 0.992539 -0.243964 -0.468637 0.411575 0.099954 0.024906 -0.284288 -0.015348 -0.358796 -0.078205 -0.135269 0.057001 0.033624 
1.462900 -0.349861 1.059188 -0.296038 -0.505130 0.429452 0.126019 0.024830 -0.279807 -0.027050 -0.383459 -0.087387 -0.161423 0.085206 0.054783 
1.515156 -0.388273 1.003128 -0.259716 -0.404193 0.365321 0.085348 -0.020937 -0.284343 0.006519 -0.394227 0.017247 -0.139953 0.007099 0.080953 
1.787973 -0.355774 0.908929 -0.305936 -0.496896 0.172882 -0.158842 -0.028807 -0.231188 0.150820 -0.194820 0.066452 -0.031320 0.043240 0.027742 
2.055997 -0.546431 0.631807 -0.349826 -0.396095 0.075137 -0.435081 0.163601 0.029105 0.168981 -0.086510 0.123202 0.019544 -0.012848 -0.051019 
2.138275 -0.624000 0.538150 -0.488948 -0.442323 0.027135 -0.387704 0.223653 0.100012 0.102330 -0.138871 0.087608 -0.043497 -0.005005 -0.095521 
2.062690 -0.646809 0.496554 -0.606501 -0.352293 -0.036178 -0.323375 0.292021 0.034694 0.163265 -0.217105 0.093836 -0.016816 -0.076132 -0.017839 
2.008923 -0.599923 0.409591 -0.532450 -0.408150 -0.092138 -0.236157 0.248872 0.021200 0.145344 -0.175618 0.019256 0.036212 -0.077510 -0.027523 
2.132139 -0.717577 0.554986 -0.597328 -0.423456 -0.098947 -0.354436 0.352646 -0.146204 0.224715 -0.144467 -0.035026 0.094331 -0.018454 -0.080288 
1.991788 -0.658619 0.485903 -0.503280 -0.390376 -0.088339 -0.434577 0.258755 -0.138144 0.174947 -0.050694 -0.032271 0.180260 0.031524 -0.108346 
2.068737 -0.793010 0.423901 -0.560700 -0.322200 -0.071398 -0.399209 0.233786 -0.240681 0.159125 -0.090591 0.000625 0.177452 0.147492 -0.089492 
1.926067 -0.790376 0.308677 -0.451872 -0.253947 -0.100500 -0.306959 0.143862 -0.324413 0.090716 -0.058228 0.011516 0.245566 0.153260 -0.075893 
2.036742 -0.816477 0.353902 -0.508371 -0.164226 -0.078168 -0.312339 0.091713 -0.386864 0.160964 -0.114084 0.008835 0.146226 0.257994 -0.063527 
1.808817 -0.681952 0.508547 -0.376881 -0.061240 0.058895 -0.399480 -0.140792 -0.376728 0.240044 0.121894 -0.069836 -0.017883 0.240674 -0.075641 
1.737027 -0.942573 0.797040 -0.225586 0.038684 -0.056470 -0.489645 0.040539 -0.384271 0.224672 -0.079624 -0.140595 -0.002559 0.293857 -0.066531 
1.533584 -1.103869 1.067844 -0.035365 -0.040932 -0.158383 -0.443800 0.216297 -0.436253 0.034145 -0.128189 -0.082656 0.034866 0.139112 -0.106207 
1.154838 -0.918212 1.192078 0.056970 -0.130714 -0.295804 -0.155363 0.048192 -0.429287 -0.062185 -0.090573 -0.021958 -0.094617 0.099745 -0.049422 
1.066648 -1.009389 1.346423 -0.018391 -0.218927 -0.099694 -0.125462 0.033817 -0.527115 0.004641 -0.040958 -0.116123 -0.160805 0.147501 -0.067304 
1.024321 -0.920424 1.761807 -0.101843 -0.366461 0.077044 -0.204362 0.122015 -0.577360 0.035209 -0.044840 -0.152746 -0.187466 0.153070 -0.068198 
0.939655 -0.823438 1.841880 -0.146736 -0.357590 0.203342 -0.232887 0.093285 -0.466198 0.014649 -0.092437 -0.100474 -0.200319 0.105279 -0.044068 
0.826195 -0.779278 1.858420 -0.184120 -0.305236 0.268470 -0.270438 0.109899 -0.430401 -0.030091 -0.074399 -0.124441 -0.208149 0.089659 -0.043041 
0.759815 -0.707112 1.902736 -0.247623 -0.221927 0.275101 -0.302744 0.161016 -0.454402 -0.026660 -0.091297 -0.114594 -0.241570 0.083528 -0.026157 
0.655813 -0.602490 1.862379 -0.218777 -0.195878 0.274939 -0.291627 0.144050 -0.427462 -0.057882 -0.071520 -0.140081 -0.254529 0.096863 -0.048897 
0.631568 -0.591021 1.801137 -0.213250 -0.151999 0.289070 -0.279436 0.133151 -0.413104 -0.070785 -0.076213 -0.142546 -0.291699 0.126364 -0.084222 
0.607244 -0.358359 1.785791 -0.238829 -0.119665 0.267973 -0.294983 0.173722 -0.439124 -0.063391 -0.058803 -0.170820 -0.269034 0.113639 -0.073840 
0.550910 -0.286989 1.753662 -0.285374 -0.074959 0.279303 -0.293380 0.165887 -0.424634 -0.067930 -0.056412 -0.183014 -0.282000 0.155536 -0.123129 
0.517511 -0.130425 1.693790 -0.243439 -0.038719 0.255444 -0.283911 0.189313 -0.441877 -0.055460 -0.053916 -0.194514 -0.291366 0.171983 -0.136572 
0.359320 -0.070498 1.686555 -0.185418 -0.101304 0.361880 -0.318563 0.197578 -0.389166 -0.111141 0.028441 -0.297655 -0.202162 0.116765 -0.184029 
0.426617 0.088143 1.588541 -0.137265 -0.088871 0.321300 -0.291811 0.234100 -0.411780 -0.100636 0.053149 -0.300992 -0.192109 0.095278 -0.141349 
0.444009 0.194400 1.645597 -0.137780 -0.239842 0.375370 -0.366039 0.164227 -0.321053 -0.164606 0.128818 -0.287937 -0.139136 0.164821 -0.150687 
0.057796 -0.001957 1.520318 -0.106251 -0.088309 0.287041 -0.263549 0.144030 -0.350945 -0.068535 -0.027780 -0.223881 -0.173435 0.089092 -0.144731 
0.177024 0.306707 1.379220 -0.126539 -0.120031 0.270566 -0.205321 0.117517 -0.376866 -0.043074 0.029587 -0.313100 -0.116620 0.133170 -0.175117 
0.184400 0.265297 0.853466 0.215953 -0.090557 0.071237 -0.046478 0.003609 -0.479120 0.027842 -0.039755 -0.376314 -0.057195 0.049514 -0.165141 
0.179145 0.138125 0.264644 0.036400 -0.156123 0.115808 -0.068749 0.055699 -0.107499 -0.049726 0.055117 -0.037205 -0.012429 0.039485 -0.025546 
