city021_058
BAKUROCHOO
84
0.208557 0.259198 0.172554 0.278239 0.011082 0.232987 -0.131048 0.015380 -0.152396 0.029425 -0.076349 0.005459 -0.002235 -0.114326 0.038475 
0.607713 0.533485 0.420750 0.459681 -0.096184 0.265089 -0.061183 -0.109753 -0.029685 -0.073776 -0.171624 -0.041914 -0.124622 -0.053572 -0.067857 
0.639470 0.600433 0.335288 0.385594 0.063155 0.125988 -0.198490 -0.011459 -0.089543 -0.124412 -0.165449 -0.065327 -0.132415 -0.035726 -0.099693 
0.719443 0.468748 0.097768 0.286342 0.006285 0.212323 -0.042273 -0.065579 -0.315691 -0.168386 -0.051723 -0.106012 -0.142552 -0.030346 -0.124425 
0.663053 0.432289 0.231058 0.409114 0.166041 0.333412 0.028058 -0.016423 -0.183220 -0.010508 0.017469 -0.098383 -0.103183 -0.045957 -0.148567 
1.164316 0.014839 0.194775 0.136400 0.000814 0.179797 -0.342372 0.051815 -0.058822 -0.091683 -0.166314 -0.026685 0.048278 -0.074461 -0.000932 
1.659826 -0.569910 0.156103 -0.188983 -0.197383 0.006026 -0.165908 0.027956 -0.448748 0.149933 -0.023892 0.082480 0.044807 0.073799 -0.007357 
1.688705 -0.947286 0.228582 -0.432242 -0.155100 -0.203474 -0.118581 0.014479 -0.380225 0.163969 0.080842 0.239146 0.037354 0.076090 0.021397 
1.523590 -1.188871 0.200752 -0.561673 -0.142334 -0.234454 -0.093803 0.088596 -0.182921 0.189030 0.120862 0.245447 0.002314 -0.053715 -0.045212 
1.560885 -1.146921 0.119161 -0.594562 -0.152716 -0.159516 -0.053050 0.092779 -0.166495 0.148858 0.145398 0.184989 0.001811 -0.037652 -0.101876 
1.566516 -1.185371 0.114465 -0.638093 -0.074947 -0.199524 -0.040310 0.048628 -0.095684 0.116455 0.131635 0.231036 0.029146 -0.138449 -0.041567 
1.523373 -1.165295 0.110193 -0.644114 -0.084872 -0.128326 -0.063569 0.015638 -0.155185 0.142636 0.152904 0.247582 0.025294 -0.113363 -0.098576 
1.600768 -1.128537 0.154112 -0.640833 -0.068933 -0.116797 -0.103865 0.022993 -0.227313 0.186927 0.039889 0.340702 0.030505 -0.100851 -0.034261 
1.707275 -1.094693 0.202321 -0.555331 -0.104211 -0.078481 -0.129315 0.014233 -0.345814 0.176794 -0.049586 0.396521 0.028935 0.000123 0.011192 
1.933433 -0.758021 0.089087 -0.447591 -0.010232 -0.042500 -0.099878 -0.025297 -0.431826 0.144256 -0.095330 0.364551 -0.056217 0.061010 0.017728 
1.912097 -0.157005 -0.221545 -0.262913 0.141646 -0.133774 -0.011738 -0.005333 -0.640569 0.119070 -0.091831 0.294596 -0.027520 0.035381 -0.019516 
1.515763 0.329798 -0.275868 -0.053450 0.049182 -0.063354 -0.007605 -0.035131 -0.458965 -0.016984 -0.124475 0.107628 -0.062346 0.086627 -0.030318 
1.045197 0.302372 -0.031298 0.037486 -0.223612 0.128868 -0.005154 -0.062661 -0.368531 -0.284806 -0.107629 0.015118 -0.051422 0.103964 -0.052615 
1.108643 0.269120 -0.191569 0.106887 -0.195748 0.107388 0.067959 -0.080055 -0.289653 -0.084043 -0.078661 0.069552 -0.052261 0.095956 -0.055052 
0.740650 0.105100 -0.389030 -0.175056 -0.215458 0.076129 -0.144008 -0.048085 -0.207161 0.112430 0.101515 0.066589 0.041115 0.005595 -0.028418 
0.604446 -0.001272 -0.327233 -0.146334 -0.442469 0.077633 -0.177166 -0.059665 0.031943 0.071200 0.125666 0.095285 -0.041048 0.071209 -0.074698 
0.461919 -0.000566 -0.266429 -0.113337 -0.464196 -0.051136 -0.093343 0.039293 -0.019878 0.070335 0.049910 0.114978 -0.016381 0.044215 -0.067430 
0.380424 0.036086 -0.404223 -0.225355 -0.283505 -0.021477 -0.092168 -0.097530 -0.175729 0.248789 0.097905 0.121187 0.029082 -0.001422 -0.083653 
1.378838 -0.818529 -0.560731 -0.518569 0.204742 0.179011 -0.116654 -0.054439 -0.236213 0.419301 -0.256215 0.129981 0.104174 -0.042111 -0.071916 
1.544467 -0.813543 -0.512958 -0.681580 0.200168 0.119183 -0.066391 -0.115222 -0.218339 0.433906 -0.182634 0.233355 -0.039529 -0.025265 -0.100298 
1.648693 -0.382751 -0.220195 -0.091251 0.139225 -0.054330 -0.199931 -0.153428 -0.382459 0.288031 -0.089681 0.074214 -0.071466 0.111263 -0.022998 
1.968118 -0.325013 0.259172 -0.061364 -0.016368 -0.045687 -0.201104 -0.000245 -0.553369 0.140810 -0.045818 -0.038023 -0.101712 0.119986 0.049664 
2.016117 -0.581954 0.375802 -0.190168 -0.071167 0.020038 -0.296275 0.029081 -0.602345 0.076614 0.021123 0.016746 -0.093093 0.156820 0.034082 
1.932587 -0.533823 0.498738 -0.227428 -0.233422 0.119493 -0.271836 -0.047773 -0.432496 -0.063518 0.049838 0.048889 -0.115503 0.199830 0.029142 
2.293991 -0.889695 0.315673 0.125511 -0.508262 0.211484 -0.155361 -0.113806 -0.400875 -0.193529 0.029467 0.092537 -0.140817 0.227602 -0.005541 
2.287730 -0.521333 -0.302994 0.358106 -0.188765 -0.035561 -0.098099 -0.087036 -0.374744 -0.102330 -0.106100 -0.076606 0.025319 0.169734 -0.034226 
2.585408 -0.626330 -0.236989 0.412976 -0.426189 0.060849 -0.091296 -0.039120 -0.382361 -0.194983 -0.077896 -0.019878 0.079841 0.134107 -0.070352 
2.641638 -0.663311 -0.073894 0.362597 -0.562839 0.015096 0.005117 -0.048513 -0.404647 -0.188283 -0.100701 0.054261 0.073102 0.103385 -0.042188 
2.323290 -0.638973 0.262932 -0.152267 -0.397010 0.045884 -0.119665 0.045087 -0.479481 -0.035464 -0.194302 0.091480 0.084324 0.102350 0.064875 
2.278885 -0.804430 0.238848 -0.125595 -0.431292 0.070508 -0.191792 -0.011445 -0.287971 -0.170346 -0.126233 0.060885 -0.003802 0.231053 0.084046 
2.094711 -0.844739 0.376701 -0.273829 -0.337384 0.107629 -0.346354 0.117939 -0.329521 -0.233007 -0.036016 0.011377 0.057926 0.297826 -0.043620 
1.979714 -0.695697 0.307098 -0.290888 -0.262808 -0.018843 -0.229048 0.081388 -0.409984 -0.118715 -0.014107 -0.055575 0.114615 0.273415 -0.079373 
2.053945 -0.769009 0.319761 -0.279503 -0.212541 -0.022777 -0.213818 0.026599 -0.468070 0.024104 -0.154503 0.021768 0.117457 0.212201 -0.030553 
1.966333 -0.580996 0.412570 -0.361041 -0.105131 0.148957 -0.344295 -0.156420 -0.429817 0.167517 0.048353 -0.037327 0.052771 0.087091 -0.004823 
2.066814 -0.800172 0.574671 -0.363703 -0.072683 0.212576 -0.471300 -0.111669 -0.540126 0.305136 0.025409 -0.051343 0.047665 0.059924 0.000367 
1.782318 -0.795628 0.736151 -0.200372 -0.004923 0.150793 -0.548602 -0.099322 -0.372818 0.218874 -0.134870 -0.138680 0.024987 0.129157 -0.017408 
1.609304 -0.519550 0.632688 -0.148944 0.001716 0.162599 -0.592419 -0.140221 -0.283292 0.257245 -0.215540 -0.161644 0.086651 0.101195 -0.016654 
1.049651 0.593438 0.135094 0.336066 0.210087 0.342660 -0.086700 -0.024814 -0.176293 0.122531 -0.009331 -0.143215 -0.015551 -0.066200 -0.071517 
0.624727 0.267611 0.303069 0.199523 0.028827 0.199613 -0.116203 0.069686 -0.176171 -0.039835 -0.043531 -0.032883 -0.056755 -0.014251 -0.063527 
0.862340 0.397019 0.145563 0.299504 -0.017565 0.204163 -0.096191 -0.092178 -0.220120 -0.006014 -0.064109 -0.141700 -0.037516 -0.015310 -0.112945 
0.633288 0.221646 0.039348 0.195155 -0.092201 0.243342 -0.184754 -0.224048 -0.386080 0.058799 -0.044781 -0.139362 0.029020 -0.091261 -0.057057 
0.503511 0.245911 0.030673 0.173452 -0.307773 0.137305 -0.208966 -0.319553 -0.216793 0.010187 -0.075554 -0.020815 0.043839 0.025135 -0.008404 
0.372467 0.294206 0.162183 0.160060 -0.213928 0.047429 -0.168865 -0.102780 -0.254335 -0.004998 -0.086728 0.002262 -0.035081 0.030527 0.000856 
-0.243387 -1.094194 0.763983 -0.592646 0.072019 0.102492 -0.380902 0.341895 -0.228738 0.188404 -0.020959 -0.032701 -0.019734 0.058295 -0.048971 
-0.618658 -0.495501 0.895439 -0.350783 0.068127 -0.012347 -0.386781 0.306108 -0.199538 0.053442 -0.033653 0.032525 -0.013609 0.055078 -0.064361 
-1.225672 -0.281921 1.087021 -0.789705 0.280047 0.051916 -0.289539 0.307286 -0.177715 -0.008661 0.085737 0.002018 -0.146681 0.215249 -0.133825 
-1.284673 -0.875802 1.147078 -0.817057 0.061699 0.137302 -0.249192 0.186489 -0.059693 0.072129 -0.071678 0.047848 -0.030242 0.040703 -0.045064 
-1.123417 -1.079952 1.104798 -0.863604 0.027979 0.202424 -0.198168 0.112129 0.012331 0.068390 -0.123330 0.069225 -0.016968 -0.016374 -0.018150 
-0.643039 -1.259973 0.795944 -0.688331 -0.054220 0.049446 -0.223373 0.208486 0.118769 0.073720 -0.142970 0.072043 -0.129964 0.099612 -0.058874 
0.759864 -0.628146 1.091138 -0.249213 0.132970 0.131980 -0.571837 0.113627 -0.193187 -0.041186 -0.127666 -0.033373 -0.075512 0.056011 0.031720 
1.731133 -1.106565 0.863303 0.026308 -0.102421 0.112528 -0.562779 -0.082968 -0.173455 0.106338 -0.164322 -0.063657 -0.094577 0.258556 0.018706 
1.677121 -0.895318 0.632155 -0.136340 -0.025685 -0.009085 -0.435034 -0.133820 -0.266131 0.120116 0.056221 -0.102752 -0.076464 0.248309 0.087995 
1.799760 -1.005570 0.651240 -0.320692 0.066868 0.024500 -0.483502 -0.105916 -0.459968 0.189574 0.082406 -0.029826 -0.156000 0.258127 0.092181 
1.633213 -0.814223 0.550968 -0.355168 0.015671 0.034639 -0.325355 -0.174638 -0.460493 0.039592 0.181325 -0.007809 -0.103272 0.194720 -0.002570 
1.771417 -0.854382 0.537953 -0.403651 -0.045661 0.016167 -0.265028 -0.058670 -0.539517 0.022216 0.074077 0.051762 -0.054190 0.241763 -0.045483 
1.934641 -0.893604 0.497382 -0.399450 -0.146543 0.025382 -0.264219 0.081354 -0.503509 -0.056751 -0.052452 0.055910 0.007051 0.298950 -0.048626 
2.026309 -0.894890 0.478223 -0.372732 -0.238982 0.037792 -0.271499 0.189342 -0.526708 -0.066206 -0.067454 0.012851 0.083731 0.247447 -0.019442 
2.047991 -0.854533 0.391068 -0.318908 -0.266886 0.030755 -0.297091 0.230082 -0.478314 -0.084653 -0.069593 -0.041204 0.127886 0.238042 -0.030363 
2.168739 -0.879671 0.352926 -0.319583 -0.343800 0.012217 -0.315128 0.215143 -0.352897 -0.073251 -0.088250 -0.012504 0.059197 0.322825 -0.060413 
2.015849 -0.725599 0.235401 -0.441659 -0.243213 -0.146129 -0.229559 0.162829 -0.233446 -0.028159 -0.115490 0.032732 0.044871 0.313892 -0.032632 
1.972682 -0.685287 0.215031 -0.441451 -0.228155 -0.172577 -0.246803 0.147156 -0.147647 -0.021454 -0.086780 0.061692 0.009337 0.292168 -0.066401 
2.063101 -0.785696 0.270755 -0.527549 -0.196006 -0.190957 -0.302809 0.238131 -0.145302 -0.003704 -0.144176 0.078285 -0.001272 0.313537 -0.085704 
1.940773 -0.692653 0.179514 -0.505136 -0.181773 -0.182633 -0.273815 0.185912 -0.093808 -0.027911 -0.115824 0.091535 0.040320 0.245509 -0.056559 
2.019664 -0.751786 0.185562 -0.571062 -0.127494 -0.214996 -0.281506 0.231521 -0.141612 0.005597 -0.149594 0.099061 0.020783 0.289537 -0.040340 
2.031376 -0.753817 0.148530 -0.566102 -0.115254 -0.235208 -0.262333 0.234029 -0.160931 0.024754 -0.177897 0.113428 0.016396 0.300607 -0.021545 
1.967364 -0.707320 0.130821 -0.569723 -0.106892 -0.244893 -0.254743 0.220426 -0.140032 0.002330 -0.130673 0.084816 0.066040 0.258549 -0.034734 
1.978071 -0.758372 0.172248 -0.603585 -0.147454 -0.240937 -0.232207 0.213013 -0.152855 0.015240 -0.174314 0.100072 0.060513 0.313887 -0.034272 
1.957075 -0.729423 0.168058 -0.594627 -0.196370 -0.226940 -0.204715 0.217419 -0.145439 0.001556 -0.174978 0.075254 0.090344 0.290291 -0.042104 
1.974077 -0.676411 0.132080 -0.569005 -0.210046 -0.257203 -0.193470 0.217851 -0.117347 -0.029596 -0.172415 0.086729 0.051197 0.296461 -0.011797 
1.995778 -0.625440 0.153640 -0.581718 -0.232716 -0.237379 -0.253800 0.217712 -0.115089 -0.031139 -0.169851 0.130703 0.026454 0.295501 -0.009161 
1.964254 -0.480649 0.228102 -0.694678 -0.357142 -0.072569 -0.300707 0.260515 -0.188443 -0.023555 -0.169555 0.082661 0.068774 0.246825 0.069390 
2.040735 0.059079 0.193802 -0.835447 -0.548389 0.136057 -0.186753 0.141709 -0.285131 0.044948 -0.073369 -0.038466 0.182202 0.294496 -0.036545 
1.982542 0.150059 0.197488 -0.778232 -0.555684 0.157825 -0.179295 0.095177 -0.336340 -0.001605 -0.065024 -0.032421 0.223389 0.362104 -0.076930 
1.994847 0.510798 0.089753 -0.730663 -0.447451 0.143767 -0.154253 0.090276 -0.334040 0.005268 -0.059149 -0.022340 0.253111 0.231243 -0.006244 
1.599975 0.425117 0.176191 -0.682728 -0.581614 -0.010946 -0.162589 0.058068 -0.292724 0.212872 -0.113306 -0.074565 0.268908 0.093933 0.003311 
1.826993 0.589866 -0.155008 -0.638817 -0.584272 -0.017446 0.020963 -0.013093 -0.283687 0.094843 -0.072626 0.004511 0.300247 0.280408 -0.011243 
1.004644 0.285986 -0.377431 -0.375371 -0.578894 -0.059199 -0.035081 0.012555 -0.191305 -0.082225 -0.015201 0.138881 0.239595 0.218849 0.114663 
1.214380 0.013543 -0.047104 -0.636429 -0.403198 0.143290 -0.026116 0.087808 -0.349808 0.064473 -0.095155 0.062991 0.229843 0.204111 -0.065309 
0.869199 0.250394 -0.210040 -0.549452 -0.591379 0.092537 0.050965 -0.045530 -0.311036 0.018855 -0.020981 0.056634 0.340236 0.301307 -0.064921 
