city021_092
JARI
45
0.227649 0.118495 0.099661 0.262218 -0.201040 0.226007 0.004207 -0.017017 -0.085809 -0.070783 0.003578 0.054304 -0.044941 0.001622 -0.045315 
0.571152 0.624285 0.471722 0.385982 -0.134928 0.251992 -0.151338 -0.075937 0.036530 -0.129431 -0.151914 -0.004974 -0.100335 -0.032302 -0.078684 
0.743582 0.423856 0.453963 0.317671 -0.001655 -0.103146 -0.167167 0.044278 -0.223160 -0.102805 -0.212556 -0.051380 -0.032932 -0.100719 -0.084020 
0.462798 0.400162 0.608117 0.027661 0.066676 -0.156941 -0.122991 0.065855 -0.245051 -0.039112 -0.195703 0.066860 -0.094815 -0.061550 -0.002395 
0.302132 0.252235 0.678196 -0.133264 0.357470 -0.182827 -0.160916 0.135928 -0.259202 0.065664 -0.233464 0.069789 -0.084590 -0.013326 -0.055426 
-0.183639 0.271971 1.064244 -0.026132 0.248864 -0.215874 -0.210549 0.146482 -0.195911 -0.139472 -0.231146 0.097920 -0.095557 -0.102994 -0.050737 
-0.397081 0.167432 1.110705 -0.114231 0.364586 -0.310335 -0.073244 0.012408 -0.210147 -0.083399 -0.304999 0.113802 -0.210735 -0.031333 -0.072458 
-0.443505 0.088750 1.149585 -0.201070 0.477702 -0.445013 -0.032065 0.044036 -0.283862 -0.008860 -0.379055 0.182400 -0.204129 -0.102444 0.028183 
-0.177156 0.018159 0.975225 -0.119423 0.464039 -0.534581 0.037796 0.046150 -0.316182 0.023845 -0.273617 0.087948 -0.127577 -0.051511 0.002203 
0.321913 -0.092044 0.959776 -0.099096 0.171229 -0.380831 -0.083330 -0.056341 -0.125374 -0.060695 -0.241064 0.126574 -0.013856 -0.017374 -0.087571 
0.812901 -0.450428 1.100464 -0.103259 0.026591 -0.239693 -0.308717 0.082034 -0.224919 0.013523 -0.312428 0.141427 0.077315 -0.083303 -0.042657 
1.170879 -0.783091 1.131929 -0.058143 -0.118441 -0.169139 -0.423223 0.098502 -0.256889 -0.043256 -0.264030 0.129546 0.032352 0.038636 -0.113121 
1.432857 -0.941375 1.068452 -0.046401 -0.283389 -0.193790 -0.458234 0.089251 -0.166590 0.014423 -0.242365 0.234266 0.107278 0.058002 -0.111402 
1.381648 -1.035621 0.949983 -0.250656 -0.221686 -0.273196 -0.462479 0.059078 -0.127286 0.094230 -0.169248 0.210877 0.166686 0.114742 -0.127272 
1.350569 -0.974671 0.752993 -0.278612 -0.159200 -0.352363 -0.416241 -0.020298 -0.074673 0.183987 -0.105449 0.136080 0.197138 0.176043 -0.108330 
1.429009 -0.901791 0.738552 -0.289393 -0.166647 -0.312777 -0.383241 -0.091959 -0.023937 0.219361 0.007611 0.006625 0.203424 0.210040 -0.101916 
1.439414 -0.950188 0.613091 -0.358229 -0.129837 -0.220428 -0.361973 -0.135815 -0.015414 0.317903 0.024266 -0.023567 0.096112 0.252661 -0.076142 
1.514166 -1.024485 0.543264 -0.395587 -0.090842 -0.211804 -0.370498 -0.123296 -0.036518 0.402097 -0.003051 -0.033515 0.093869 0.219741 -0.027039 
1.540466 -1.018848 0.498198 -0.382133 -0.101605 -0.181442 -0.399293 -0.121314 -0.045800 0.408880 -0.002509 -0.023402 0.069902 0.241857 -0.014134 
1.512849 -1.015549 0.587840 -0.375723 -0.092537 -0.179384 -0.428742 -0.099209 -0.075710 0.397784 -0.001941 -0.042076 0.096988 0.238114 -0.012195 
1.425941 -0.931273 0.638241 -0.306056 -0.103406 -0.208836 -0.410178 -0.149429 -0.049992 0.266729 0.018493 -0.062843 0.153671 0.236872 -0.041069 
1.372596 -1.029520 0.847656 -0.295540 -0.096035 -0.186024 -0.484607 -0.090121 -0.095431 0.131906 -0.017152 -0.022827 0.139252 0.246846 -0.063100 
1.509214 -1.033196 0.973231 0.076802 -0.477939 0.144375 -0.569641 -0.101467 0.004134 0.053912 -0.166045 0.087405 0.055840 0.230452 -0.132678 
1.015809 -0.203753 0.578506 0.579556 -0.067417 0.240258 -0.185707 -0.082299 -0.018133 0.037938 -0.245534 -0.150107 0.000600 0.014661 -0.236058 
0.583117 -0.085677 0.784717 0.310606 -0.112897 0.232340 -0.288497 -0.084257 -0.058208 -0.094282 -0.181809 -0.074284 -0.127089 0.054847 -0.126301 
0.982458 -0.870610 1.209338 -0.053041 -0.145337 0.089468 -0.514581 0.214472 -0.200513 -0.120880 -0.119380 0.043021 -0.033572 0.077990 -0.167960 
0.863623 -0.705566 1.329868 0.047666 -0.218438 -0.077896 -0.199942 0.091758 -0.351149 -0.123899 -0.059488 -0.047669 -0.081339 0.004157 -0.117704 
0.976373 -0.825919 1.694594 -0.072963 -0.340689 0.122463 -0.215181 0.069211 -0.421326 0.023616 -0.171333 0.031695 -0.208142 0.028620 0.032162 
0.846358 -0.722602 1.756252 -0.176580 -0.285507 0.203136 -0.241499 0.049471 -0.365968 -0.017071 -0.150353 0.028448 -0.293494 0.114665 0.022629 
0.768285 -0.639721 1.812196 -0.230162 -0.216569 0.262790 -0.303285 0.120974 -0.370153 -0.081069 -0.085000 -0.012519 -0.367588 0.185785 -0.010211 
0.680409 -0.545851 1.767646 -0.215642 -0.137381 0.259100 -0.308174 0.145694 -0.381339 -0.093954 -0.068280 -0.066141 -0.369361 0.200630 -0.053586 
0.716237 -0.548910 1.741219 -0.310376 -0.086228 0.305614 -0.343192 0.163274 -0.411988 -0.074342 -0.081185 -0.098314 -0.352898 0.213537 -0.103764 
0.610637 -0.464141 1.729213 -0.261646 -0.125149 0.319879 -0.345340 0.127294 -0.394174 -0.094787 -0.060110 -0.158344 -0.324797 0.237868 -0.169505 
0.546977 -0.382444 1.682842 -0.231628 -0.107199 0.281499 -0.316419 0.119042 -0.408633 -0.097629 -0.041005 -0.205160 -0.301447 0.238735 -0.201393 
0.578811 -0.240550 1.689500 -0.194572 -0.159031 0.294324 -0.323914 0.126663 -0.436837 -0.078467 -0.049879 -0.243623 -0.259267 0.219356 -0.233512 
0.494228 0.080171 1.625535 -0.253799 -0.139232 0.270169 -0.344673 0.116671 -0.422849 -0.107287 -0.045246 -0.224128 -0.269714 0.216352 -0.198539 
0.498088 0.092813 1.632226 -0.256549 -0.083031 0.233352 -0.279632 0.096605 -0.442756 -0.013533 -0.136983 -0.181548 -0.261191 0.193806 -0.198121 
0.293304 0.177992 1.699770 -0.207781 -0.023186 0.229855 -0.265497 0.162696 -0.464491 0.017501 -0.100271 -0.243540 -0.179172 0.128601 -0.211720 
0.466580 0.211000 1.346734 -0.193383 -0.159955 0.337379 -0.254601 0.127243 -0.422417 -0.013397 -0.036108 -0.333223 -0.085878 0.081284 -0.206237 
0.576082 0.311860 1.114233 0.111288 -0.273318 0.286475 -0.176394 -0.013832 -0.356186 -0.015482 -0.096626 -0.271191 -0.102691 0.051311 -0.151190 
0.220128 0.085264 0.960041 0.097630 -0.256916 0.384728 -0.167825 -0.182750 -0.258504 -0.008390 -0.201029 -0.163821 -0.116858 -0.016790 -0.090000 
0.191561 0.159236 1.252200 0.000770 -0.241986 0.258464 -0.145671 -0.125000 -0.320871 0.047143 -0.244274 -0.169913 -0.105837 0.004880 -0.126398 
0.422262 0.514649 1.123049 0.073431 -0.420719 0.305877 -0.196196 -0.193270 -0.267297 -0.035512 -0.205123 -0.214759 -0.037136 -0.040397 -0.089272 
0.502047 0.357101 0.345040 0.155665 -0.234071 0.220416 -0.209827 -0.111012 -0.371391 -0.082815 -0.056694 -0.210047 -0.004413 -0.005428 -0.070189 
0.302335 0.135915 0.236749 0.153881 -0.097501 0.164110 -0.326293 -0.064530 -0.233398 -0.112935 0.014060 -0.061697 -0.073962 -0.001367 0.046248 
