city021_087
RYUUGASAKI
82
0.338879 0.321218 0.239616 0.567866 0.133229 0.181555 -0.007095 0.054840 0.001580 0.044610 -0.057428 -0.039803 0.063220 -0.048257 -0.110976 
0.879639 0.614310 0.517623 0.445551 -0.034640 0.101889 -0.173649 0.052928 -0.085829 -0.093024 -0.199422 -0.038303 -0.028271 -0.144679 -0.048685 
0.849361 0.704390 0.433139 0.228524 -0.252588 0.117147 -0.168969 0.004396 -0.072741 -0.227964 -0.145318 -0.056264 -0.104540 -0.121886 -0.032242 
0.523495 0.507479 0.466783 0.235316 -0.164715 0.175497 -0.165560 -0.039132 -0.103071 -0.290169 -0.123338 0.001684 -0.227129 -0.044744 -0.031333 
0.441090 0.307859 0.438016 0.356044 -0.164621 0.226083 -0.159847 -0.072612 -0.107916 -0.227385 -0.181160 0.024273 -0.145690 -0.163524 0.018099 
0.482357 0.331612 0.622533 0.241039 -0.219141 0.322821 -0.060654 -0.151275 -0.092151 -0.091859 -0.251195 0.032038 -0.123555 -0.170495 0.071445 
0.811901 -0.574771 0.873080 0.047014 -0.231598 0.279507 -0.466851 -0.047589 -0.153210 -0.146736 -0.142629 0.017471 -0.055033 -0.048894 0.013260 
0.759514 -0.765822 1.576153 0.066418 -0.218143 0.100840 -0.284025 0.165674 -0.376436 -0.112752 -0.148234 -0.014239 -0.180063 -0.041204 -0.075740 
0.960297 -0.994160 1.670625 0.128936 -0.330517 0.188223 -0.307773 0.188110 -0.386796 -0.182398 -0.030216 -0.094350 -0.230694 0.041141 -0.129778 
0.937943 -0.968121 1.597829 0.151904 -0.303038 0.091610 -0.241192 0.148443 -0.391829 -0.184853 0.014669 -0.146149 -0.201143 0.065280 -0.136393 
0.981838 -1.010182 1.493546 0.074285 -0.166172 -0.053007 -0.178149 0.097879 -0.360009 -0.148536 -0.027118 -0.080499 -0.198656 0.089921 -0.114321 
1.071319 -1.000005 1.308615 0.049351 -0.088003 -0.095645 -0.144734 0.051112 -0.380240 -0.077258 -0.043851 -0.094357 -0.176451 0.112446 -0.108000 
1.145990 -0.997429 1.250953 -0.044846 0.040441 -0.170963 -0.168746 0.054712 -0.354365 -0.039311 -0.074507 -0.092567 -0.106700 0.105452 -0.117173 
1.154168 -0.930354 1.264853 -0.001435 0.015582 -0.187600 -0.193766 0.072800 -0.333539 -0.096450 -0.059316 -0.110678 -0.090109 0.104175 -0.144552 
1.209068 -0.851557 1.240285 0.027752 -0.023384 -0.132097 -0.238136 0.031383 -0.303304 -0.066296 -0.084835 -0.139322 -0.074528 0.154279 -0.179235 
1.261381 -0.878612 1.298894 0.088816 -0.058906 -0.129825 -0.323970 0.076205 -0.240288 -0.095698 -0.130587 -0.090829 -0.038333 0.162390 -0.217655 
1.359986 -0.877915 1.322949 0.133181 -0.097777 -0.107375 -0.403161 0.145543 -0.262988 -0.081849 -0.142597 -0.093808 0.030718 0.125520 -0.210432 
1.381320 -0.891524 1.292876 -0.029051 0.008028 -0.095253 -0.427676 0.129206 -0.312684 0.002956 -0.173714 -0.116313 -0.003788 0.172189 -0.196612 
1.390800 -0.878426 1.230562 -0.015579 0.028786 -0.065216 -0.461096 0.068799 -0.241682 0.036412 -0.198581 -0.140470 0.027301 0.192682 -0.199308 
1.333237 -0.830695 1.129413 -0.020305 0.097434 -0.113377 -0.432678 0.027304 -0.210820 0.041437 -0.202563 -0.162104 0.035993 0.207009 -0.221147 
1.339219 -0.761786 1.100897 -0.114704 0.175997 -0.106401 -0.431451 0.002445 -0.238713 0.104964 -0.223967 -0.170461 0.032434 0.197167 -0.192621 
1.343393 -0.674966 1.024975 -0.133470 0.180398 -0.101313 -0.399062 -0.038987 -0.224402 0.113526 -0.186248 -0.175250 0.037050 0.180886 -0.159583 
1.429011 -0.739425 1.005043 -0.186663 0.210815 -0.061240 -0.427172 -0.026483 -0.311733 0.180207 -0.226138 -0.184552 0.004824 0.196888 -0.166083 
1.426467 -0.666939 0.954582 -0.226253 0.226584 -0.052865 -0.379945 -0.043039 -0.323562 0.204796 -0.219326 -0.169192 0.012463 0.147411 -0.138177 
1.481588 -0.700914 0.948876 -0.192785 0.258610 -0.010034 -0.412835 -0.016455 -0.336851 0.223791 -0.237574 -0.193683 0.000907 0.131115 -0.119135 
1.380374 -0.656607 0.977949 -0.217038 0.311351 0.031826 -0.428842 -0.023805 -0.427605 0.277223 -0.248499 -0.255159 -0.012665 0.104408 -0.108651 
1.420532 -0.612257 0.907531 -0.233472 0.332844 0.021985 -0.408661 -0.010039 -0.474153 0.330738 -0.275476 -0.222352 -0.033748 0.105987 -0.100680 
1.403613 -0.518275 0.646154 -0.109764 0.272395 -0.005920 -0.344407 -0.147289 -0.370441 0.293024 -0.241338 -0.174754 -0.073106 0.159001 -0.094226 
1.555530 -0.323506 0.619077 -0.065369 0.000901 0.044158 -0.330490 -0.125567 -0.402329 0.188148 -0.163276 -0.162850 -0.028147 0.175195 -0.156578 
1.631918 -0.311035 0.543651 -0.047817 0.074890 0.020604 -0.425021 -0.154150 -0.434271 0.275893 -0.161478 -0.169931 -0.073886 0.230537 -0.067847 
1.726964 -0.510036 0.565418 -0.224575 0.041979 0.044819 -0.416230 -0.235387 -0.448469 0.296626 -0.117593 -0.074138 -0.079528 0.234597 -0.053792 
1.878278 -0.748067 0.584197 -0.386955 0.019285 -0.024625 -0.467910 -0.110635 -0.419643 0.313679 -0.089298 -0.038605 0.005567 0.259592 -0.050925 
1.598048 -0.835083 0.491490 -0.412120 0.070568 -0.131373 -0.352260 -0.246283 -0.332937 0.276472 0.104556 -0.040883 0.016936 0.219731 0.012987 
1.530936 -0.781634 0.475432 -0.572231 0.009187 -0.094638 -0.264414 -0.190518 -0.240719 0.318759 0.261159 -0.065792 0.003232 0.160309 -0.038137 
1.468900 -0.853505 0.432201 -0.661066 -0.010497 -0.137947 -0.166585 -0.151957 -0.141922 0.380245 0.260220 -0.070648 -0.040979 0.120330 -0.090780 
1.575430 -0.896390 0.253681 -0.554369 -0.021566 -0.236010 -0.168045 -0.028698 -0.180287 0.413309 0.225439 -0.116298 0.034258 0.061002 -0.039870 
1.522613 -0.975915 0.341337 -0.585031 -0.018050 -0.218534 -0.171323 -0.005755 -0.197606 0.391849 0.225640 -0.075856 0.005532 0.024578 -0.001985 
1.553711 -1.167879 0.426545 -0.597593 0.000835 -0.131467 -0.258209 -0.012851 -0.282276 0.536410 -0.004988 0.058868 0.005461 -0.010759 0.079833 
1.648431 -1.077751 0.345781 -0.586919 0.033518 -0.107341 -0.239055 -0.065562 -0.320493 0.599957 -0.176938 0.109322 0.081110 -0.041566 0.064332 
1.752677 -0.635062 0.186431 -0.147602 0.003928 -0.119748 -0.126797 -0.086431 -0.323276 0.435633 -0.237671 0.003610 0.124237 -0.014347 0.001420 
0.491012 -0.183184 0.300045 0.009165 0.263663 0.090113 -0.029814 -0.080643 -0.114404 0.115037 -0.049987 0.031332 -0.058689 -0.021007 -0.000279 
0.082564 -0.280820 0.249599 -0.035724 0.046036 -0.148569 0.049420 -0.136493 -0.266723 0.220833 -0.077636 0.064293 -0.101923 0.090325 -0.020258 
-0.102054 -0.234445 0.282233 -0.022742 -0.041212 -0.263012 0.176744 -0.204296 -0.188284 0.255865 -0.149410 0.055361 0.009632 0.017213 -0.025804 
-0.179384 -0.191600 0.267715 -0.092743 -0.008894 -0.223643 0.085712 -0.217389 -0.062742 0.122445 -0.071092 0.079316 -0.048805 0.040959 0.029236 
-0.347561 -0.224461 0.245643 -0.023913 -0.135180 -0.153123 0.185191 -0.016238 -0.026501 0.115348 -0.177301 0.134099 -0.020368 -0.070395 0.060395 
0.028461 -0.127737 0.140235 -0.056866 0.112874 -0.212903 0.011612 0.053056 -0.009318 0.108840 -0.133867 -0.013791 0.151568 -0.116640 -0.001596 
0.252115 -0.613563 0.178535 -0.338655 0.036165 -0.160897 -0.177833 0.117726 0.051518 0.060019 -0.066620 0.080959 0.021515 -0.069236 -0.008369 
0.738703 -0.595377 0.332534 -0.060136 -0.032025 0.053962 -0.266357 -0.066131 0.044456 0.049932 -0.116268 0.073496 -0.004422 -0.002050 0.063065 
1.805451 -0.736753 0.161732 -0.177521 -0.117672 -0.077876 -0.127144 -0.043158 -0.243231 0.418806 -0.142404 0.060995 -0.008237 0.026155 0.053078 
1.715325 -0.962477 0.362817 -0.440689 0.016727 -0.183543 -0.265003 -0.029979 -0.305196 0.497473 -0.076506 0.081710 -0.037908 0.117493 0.099520 
1.616977 -1.005869 0.352565 -0.426057 0.128334 -0.317654 -0.325631 0.077748 -0.296865 0.461755 -0.017908 0.015626 -0.036263 0.188710 0.085821 
1.641814 -0.937275 0.252312 -0.267237 0.149375 -0.453961 -0.275148 0.105389 -0.268916 0.417755 -0.077920 -0.019111 0.037858 0.207156 0.030204 
1.797653 -1.005080 0.260228 -0.133864 0.104377 -0.503711 -0.254751 0.153848 -0.346076 0.349376 -0.183547 0.075740 0.062238 0.183522 0.016999 
1.630189 -0.887357 0.322655 0.142877 0.070545 -0.614566 -0.162933 0.145161 -0.382889 0.254665 -0.199547 0.136450 0.014893 0.116936 0.054065 
1.556003 -0.781609 0.475166 0.274631 0.072422 -0.576613 -0.130959 0.218332 -0.510587 0.094599 -0.199940 0.174206 -0.136420 0.060344 0.091976 
1.211897 -0.366474 0.520197 0.436877 -0.038528 -0.457741 0.005554 0.225693 -0.578919 -0.035836 -0.073677 0.024243 -0.230843 0.034547 0.052257 
0.760132 -0.022765 0.411285 0.615064 -0.125706 -0.203803 0.071333 0.011893 -0.424938 -0.025517 -0.060268 -0.154634 -0.175249 0.061565 -0.043261 
0.667044 0.049707 0.162527 0.431114 -0.113472 0.017240 -0.152205 0.005709 -0.099747 0.099964 -0.050337 -0.089957 0.001201 0.114342 -0.067040 
0.345858 -0.102722 0.135407 0.568247 0.068879 0.013080 -0.436044 0.017746 -0.096880 -0.108129 -0.036888 -0.186109 -0.062339 0.064096 -0.006899 
0.363671 -0.103533 -0.143925 0.299037 -0.138661 0.018342 -0.064740 -0.069637 -0.162039 0.025522 0.029497 0.018085 -0.058057 0.063725 -0.068926 
0.359201 -0.118503 -0.109532 0.282437 -0.160460 0.030697 -0.243436 -0.144886 -0.186560 0.043502 0.032667 -0.017748 0.002819 0.023620 -0.000350 
-0.133755 -0.099106 0.316920 0.116738 -0.106845 -0.060377 -0.441099 -0.153507 -0.136914 -0.022679 -0.028555 -0.002738 -0.045478 0.158100 0.052572 
-0.280309 -0.099354 0.328524 -0.245465 -0.194808 -0.139965 -0.301631 0.053386 -0.082423 0.053488 0.036113 0.194748 -0.126588 0.152452 0.018914 
-0.333757 -0.163113 0.281532 -0.411434 0.265624 0.044383 -0.333047 0.041854 -0.210060 0.169208 0.026323 0.022811 -0.137439 0.144365 -0.062110 
-0.524708 -0.111431 0.338922 -0.647415 0.225754 0.005563 -0.158485 0.171327 -0.136740 0.053928 -0.039340 0.135409 -0.181537 0.161464 -0.080964 
-0.619662 -0.390600 0.442198 -0.614751 0.119961 0.052133 -0.290144 0.079618 -0.101529 0.172335 -0.028548 0.114914 -0.197171 0.184069 -0.053701 
0.050393 -0.126672 0.811825 -0.337836 0.156174 0.087509 -0.237599 0.065861 -0.333821 0.015601 -0.026097 0.048532 -0.254318 0.205402 -0.071506 
0.413692 -0.006822 1.299692 -0.086288 -0.231079 0.089221 -0.191110 -0.069360 -0.280389 -0.051895 -0.204506 0.093419 -0.310009 0.145628 0.009631 
0.569144 -0.125807 1.404307 0.037730 -0.378551 0.247110 -0.230978 -0.049035 -0.201271 -0.113604 -0.110951 0.053591 -0.301051 0.167051 -0.034281 
0.577933 -0.230695 1.522333 -0.045161 -0.334118 0.225700 -0.249155 -0.014727 -0.253997 -0.115231 -0.114877 0.055482 -0.340826 0.176252 -0.013042 
0.608961 -0.314043 1.592735 -0.081350 -0.358601 0.273782 -0.275140 -0.017346 -0.259923 -0.126267 -0.115845 0.046781 -0.364319 0.188732 -0.006343 
0.589794 -0.349093 1.591591 -0.124315 -0.334390 0.261483 -0.243582 -0.040786 -0.235556 -0.105976 -0.130910 0.064295 -0.354283 0.188992 -0.014346 
0.515186 -0.309844 1.670980 -0.173201 -0.335932 0.237514 -0.253205 -0.024030 -0.240924 -0.087238 -0.095203 0.051074 -0.300154 0.199041 -0.033068 
0.589138 -0.226252 1.556611 -0.252227 -0.309769 0.258830 -0.356408 0.023096 -0.301895 -0.113218 -0.073615 -0.024760 -0.262330 0.196945 -0.057951 
0.119234 0.131721 1.526410 -0.102267 -0.253267 0.277933 -0.281858 0.014041 -0.336741 -0.113950 -0.065882 -0.186219 -0.208696 0.114810 -0.092983 
0.355493 0.037755 1.560417 -0.044890 -0.330142 0.310928 -0.280217 0.007899 -0.315008 -0.107341 -0.069231 -0.135010 -0.234710 0.132690 -0.064349 
0.338034 0.113196 1.375195 -0.182393 -0.218119 0.200446 -0.271704 0.020880 -0.288474 -0.078059 -0.053208 -0.097069 -0.170699 0.141372 -0.098589 
0.178036 0.025684 1.428234 -0.013117 -0.338681 0.360276 -0.280726 -0.083362 -0.260025 -0.116543 -0.139479 -0.166820 -0.196252 0.102013 -0.165950 
0.196343 -0.025725 1.390699 -0.185245 -0.178958 0.219757 -0.275255 -0.001121 -0.338126 -0.029962 -0.115064 -0.138045 -0.169025 0.166136 -0.167076 
0.152117 0.264160 0.716569 0.179059 -0.169493 0.249863 -0.263738 -0.046669 -0.327315 -0.167989 0.003503 -0.261216 -0.170995 0.090478 -0.131753 
-0.223061 0.166228 1.207135 -0.276650 -0.186346 0.243854 -0.144919 0.033408 -0.188787 0.114204 -0.083093 -0.003003 -0.097261 0.156609 -0.122659 
-0.068603 0.145412 0.780026 0.073657 -0.045371 0.274873 -0.096982 -0.154656 -0.236184 0.009529 -0.109537 -0.064778 -0.256197 0.143899 -0.119855 
