city021_054
ZOOSHIGAYA
69
0.260074 0.347677 0.391024 0.422070 0.178508 0.113385 -0.081843 0.069215 0.027863 -0.038952 -0.123059 0.017052 0.027380 -0.120766 -0.007410 
0.722899 0.463711 0.335574 0.415105 -0.056439 0.051428 -0.121184 -0.123325 -0.035554 -0.055504 -0.176128 -0.091112 0.013137 -0.045335 -0.082168 
1.069205 0.405799 0.468798 0.240383 0.078388 -0.051786 -0.134373 -0.139387 -0.220519 0.130638 -0.275591 -0.166026 0.060431 -0.033596 -0.128063 
0.914901 0.133891 0.292412 0.069747 0.353244 -0.196658 -0.055302 -0.124935 -0.307690 0.231556 -0.352813 -0.105442 0.031634 -0.042362 -0.102537 
0.499837 -0.024692 0.519672 -0.107089 0.621286 -0.186386 -0.166663 -0.113396 -0.310037 0.243553 -0.295101 -0.034058 -0.203665 0.048896 0.002416 
0.538407 -0.044511 0.504318 -0.096084 0.602840 -0.177122 -0.117511 -0.218949 -0.262894 0.257359 -0.313281 -0.071644 -0.140607 -0.001082 -0.008670 
0.821396 -0.116840 0.616025 -0.268927 0.475724 0.053266 -0.295517 -0.227417 -0.283357 0.228269 -0.266965 -0.096540 -0.104131 -0.017147 -0.025632 
1.321655 -0.275762 0.532811 -0.204565 0.377623 0.020939 -0.271496 -0.153525 -0.466695 0.292532 -0.173639 -0.172340 -0.105719 0.066066 -0.059882 
1.745088 -0.327508 0.541837 -0.260034 0.189188 0.246372 -0.357672 -0.181278 -0.508695 0.247236 -0.093403 -0.133688 -0.083683 0.000523 -0.089585 
1.855970 -0.353743 0.591349 -0.416045 0.095909 0.304345 -0.399227 -0.170796 -0.560764 0.227769 0.013707 -0.078936 0.002593 -0.018011 -0.126740 
1.982268 -0.457652 0.612192 -0.440133 -0.018233 0.327985 -0.338492 -0.099867 -0.558345 0.149523 0.011164 -0.051105 0.043123 0.028016 -0.157121 
2.088201 -0.317817 0.579260 -0.550729 -0.050846 0.320704 -0.313583 -0.101973 -0.617158 0.133018 -0.001906 -0.011812 0.111966 0.055750 -0.203014 
2.040109 -0.263386 0.612417 -0.603574 -0.213539 0.234556 -0.290391 0.048766 -0.510241 0.052134 -0.063088 -0.102516 0.138476 0.157940 -0.138518 
2.038460 -0.231747 0.550589 -0.602097 -0.269354 0.181619 -0.227882 0.051420 -0.467633 0.048076 -0.134129 -0.144982 0.159624 0.160237 -0.122838 
1.908308 -0.393969 0.540748 -0.526718 -0.226888 0.035134 -0.310932 0.104338 -0.263228 -0.057872 -0.209486 -0.130624 0.107646 0.121933 -0.073761 
2.040849 -0.239099 0.629148 -0.704531 -0.317277 0.195120 -0.245013 0.085964 -0.400179 0.037714 -0.161673 -0.167415 0.153663 0.164828 -0.127221 
2.119127 -0.125742 0.595458 -0.644979 -0.424503 0.346360 -0.319279 0.071855 -0.305901 -0.051743 -0.065475 -0.225396 0.158121 0.153142 -0.172639 
2.093810 -0.201319 0.580719 -0.678686 -0.296166 0.339260 -0.296347 0.060671 -0.409531 0.011694 -0.069137 -0.149681 0.193179 0.139840 -0.179949 
2.129561 -0.420416 0.608862 -0.638062 -0.264323 0.425243 -0.341420 -0.018493 -0.455476 0.009165 -0.043286 -0.074336 0.188016 0.126869 -0.203277 
1.997107 -0.444956 0.650579 -0.609220 -0.156372 0.371736 -0.371360 -0.039488 -0.472215 0.049301 -0.028002 -0.099764 0.185044 0.060014 -0.187841 
1.883594 -0.559282 0.708823 -0.514304 -0.000751 0.286099 -0.442848 -0.152773 -0.482347 0.211646 -0.025112 -0.063558 0.081841 0.015173 -0.114325 
1.833528 -0.669996 0.720161 -0.390204 -0.058912 0.304749 -0.513972 -0.182384 -0.385696 0.172762 -0.049863 -0.072149 0.041700 0.052838 -0.075936 
1.701291 -0.456306 0.749365 -0.316877 0.124937 0.240648 -0.573513 -0.150263 -0.330816 0.246695 -0.138636 -0.168244 0.039166 0.037242 -0.012637 
0.891000 -0.093694 0.769627 -0.411080 0.391302 0.079919 -0.473577 -0.125935 -0.329478 0.164001 -0.077131 -0.267887 0.059466 -0.005963 -0.037392 
0.078291 -0.098190 0.860171 -0.590427 0.727089 -0.117758 -0.521729 -0.032925 -0.272435 0.143243 -0.225130 -0.101701 -0.083501 0.024653 0.109458 
-0.669966 0.133505 0.900995 -0.420047 0.699041 -0.161408 -0.326822 0.046534 -0.145838 0.100187 -0.165431 -0.165345 0.022765 0.019698 -0.051403 
-1.182570 0.015449 0.820285 -0.839365 0.672924 -0.056411 -0.090271 0.184044 -0.245242 0.176715 0.007833 -0.083749 0.064991 0.007232 -0.075308 
-1.065508 -0.123519 0.731037 -0.626113 0.692199 -0.270455 -0.132873 0.191965 -0.132196 0.095683 -0.050935 0.006340 -0.029422 0.059365 -0.044133 
-1.218564 -0.563402 0.706444 -0.791587 0.469895 -0.333261 -0.199838 0.345209 -0.132014 0.086957 -0.034954 -0.045042 0.092714 -0.040534 -0.056113 
-1.076213 -0.490876 0.812364 -0.881205 0.429493 -0.177059 -0.056873 0.238108 -0.247947 0.175684 -0.068325 -0.015615 0.046804 -0.036459 0.018553 
-1.141310 -0.771228 0.819549 -0.832426 0.473222 -0.221401 -0.006248 0.169116 -0.152749 0.138161 -0.133276 0.053757 0.032641 -0.043554 -0.000524 
-1.085804 -0.856521 0.951028 -0.618708 0.326488 -0.361114 -0.138759 0.282247 -0.086341 0.050781 -0.102155 0.050060 0.129200 -0.114995 -0.031494 
-0.975476 -0.869266 0.946338 -0.822875 0.382913 -0.379222 -0.137786 0.410046 -0.110218 -0.046414 -0.018882 0.128728 -0.052776 -0.070005 0.020339 
-0.696189 -0.497118 1.037714 -0.746003 0.327736 -0.230633 -0.043004 0.270334 -0.254426 0.100813 0.055576 -0.109020 0.086330 -0.020255 -0.058430 
0.394580 -0.389514 1.230280 -0.212118 0.051325 -0.416302 -0.185559 0.172716 -0.477853 0.074990 -0.094458 -0.077532 0.197933 -0.123138 -0.042635 
0.976580 -0.855572 1.368257 -0.025368 -0.170668 -0.171490 -0.229253 0.141329 -0.497243 -0.014543 -0.144218 0.009270 -0.098489 0.005592 -0.017643 
1.045896 -0.892725 1.448582 0.044490 -0.321767 -0.157314 -0.204120 0.150570 -0.485898 -0.027372 -0.003539 -0.040366 -0.086153 0.066793 -0.003346 
1.058314 -1.007234 1.539303 0.019161 -0.304183 -0.176999 -0.149674 0.181203 -0.613347 0.050536 -0.013328 -0.084479 -0.128207 0.088134 0.028669 
0.955953 -0.911407 1.490881 0.137526 -0.312761 -0.219062 -0.100210 0.195012 -0.636674 0.024047 0.041968 -0.131570 -0.147350 0.108414 0.041308 
0.996156 -0.989408 1.376367 0.184055 -0.173809 -0.284931 -0.127237 0.311176 -0.739607 0.009676 0.019073 -0.118805 -0.234918 0.119397 0.044612 
0.942307 -1.011306 1.096213 0.350058 -0.036433 -0.358245 -0.137153 0.238183 -0.571168 -0.054447 -0.081880 -0.036915 -0.236302 0.106325 -0.003453 
1.064833 -0.709715 0.927370 0.297161 -0.097964 -0.234543 -0.165091 0.191732 -0.575118 -0.008508 -0.047941 -0.101111 -0.208994 0.134288 0.000774 
1.243344 -0.941659 0.603150 0.302943 0.182488 -0.191649 -0.369492 0.021583 -0.393046 0.128852 -0.150025 -0.209207 -0.123202 0.247021 -0.057110 
1.338277 -0.900618 0.640656 0.175185 0.115852 -0.208033 -0.451322 0.028045 -0.394851 0.182795 -0.169169 -0.188516 -0.060621 0.303753 -0.016280 
1.562628 -0.686124 0.723273 -0.070414 -0.009334 -0.090382 -0.516283 -0.068885 -0.346173 0.238236 -0.059114 -0.144714 -0.033196 0.371647 -0.017865 
1.628885 -0.928604 0.676244 -0.300833 -0.002832 -0.111215 -0.569348 -0.074570 -0.308284 0.289937 -0.002230 -0.043620 -0.013161 0.373123 0.022606 
1.567996 -0.944104 0.624928 -0.387472 -0.003712 -0.128200 -0.542568 -0.049700 -0.285926 0.322115 0.175061 -0.020181 -0.085853 0.345375 0.115329 
1.464438 -0.995127 0.476819 -0.445055 -0.066303 -0.090145 -0.489113 -0.004167 -0.185067 0.326389 0.314115 -0.045554 -0.136428 0.280662 0.073670 
1.446330 -1.079609 0.335652 -0.492536 -0.069037 -0.149419 -0.370064 0.012682 -0.090976 0.306089 0.349511 0.002454 -0.216927 0.171688 0.089012 
1.381348 -1.130991 0.231940 -0.456659 -0.044488 -0.181676 -0.391506 0.106426 -0.018949 0.251274 0.356666 0.010764 -0.270735 0.106456 0.100972 
1.371300 -1.201556 0.220266 -0.424463 -0.016379 -0.267580 -0.377636 0.105448 0.041610 0.267720 0.285078 0.035714 -0.269477 0.123038 0.110820 
1.268836 -1.231888 0.257021 -0.312333 -0.059587 -0.341788 -0.405028 0.124544 0.072792 0.259364 0.237111 0.016691 -0.182119 0.174930 0.087088 
1.284610 -1.217161 0.334185 -0.232945 -0.083634 -0.386716 -0.477874 0.199285 0.064182 0.196779 0.214143 0.016462 -0.091268 0.213705 0.014573 
1.355690 -1.295079 0.441771 -0.154291 -0.179754 -0.384063 -0.549395 0.305184 0.029708 0.130209 0.177488 0.071604 -0.034804 0.245931 -0.100008 
1.360553 -1.346165 0.552615 -0.130822 -0.281152 -0.314575 -0.599424 0.323038 0.013748 0.077580 0.165723 0.080693 0.063775 0.232145 -0.175882 
1.311759 -1.386224 0.656266 -0.190806 -0.307962 -0.268984 -0.611165 0.325168 -0.009243 0.104763 0.104112 0.120698 0.104824 0.190468 -0.199578 
1.327088 -1.512791 0.706471 -0.228786 -0.315860 -0.222555 -0.558483 0.277747 -0.015137 0.108136 0.059508 0.164481 0.064364 0.189717 -0.195074 
1.447644 -1.528487 0.606176 -0.112543 -0.440455 -0.118582 -0.607247 0.307611 0.011990 0.089730 0.136864 0.072834 0.100298 0.126996 -0.161778 
1.492737 -1.472486 0.560343 -0.147911 -0.390525 -0.142099 -0.563884 0.289691 0.006165 0.108918 0.105392 0.112324 0.021264 0.174136 -0.155340 
1.408812 -1.383444 0.395573 -0.108327 -0.420196 -0.175856 -0.620018 0.369727 0.096486 0.103959 0.204897 0.005470 0.026537 0.230432 -0.243600 
1.455796 -1.597533 0.424421 -0.189639 -0.362923 -0.113120 -0.632263 0.356063 0.073012 0.163841 0.217853 -0.046389 -0.025491 0.263841 -0.208916 
1.617850 -1.543901 0.323058 -0.247361 -0.362323 0.032971 -0.557301 0.284440 0.078463 0.184661 0.181805 -0.115130 -0.067572 0.259761 -0.176629 
1.542500 -1.271170 0.157401 -0.307513 -0.312254 -0.028397 -0.463944 0.191723 0.104609 0.278836 0.185069 -0.143309 -0.096558 0.270434 -0.213505 
1.478834 -1.311731 0.133980 -0.388339 -0.291745 0.048622 -0.495814 0.184441 0.088984 0.342135 0.273126 -0.236766 -0.149036 0.286904 -0.188806 
1.547442 -1.138692 0.047995 -0.377296 -0.269278 0.133078 -0.406825 0.151261 0.034260 0.287293 0.224505 -0.233779 -0.113217 0.191248 -0.154567 
1.269989 -0.817955 -0.183368 -0.314031 -0.346357 0.137011 -0.425458 0.133598 0.022031 0.392338 0.434694 -0.453247 -0.044939 0.114562 -0.151989 
0.903875 -0.813459 -0.249060 -0.301034 0.004011 0.139431 -0.099654 -0.071934 -0.034185 0.396977 -0.139707 -0.110201 -0.073473 0.116249 -0.058607 
1.412960 -0.791299 -0.247451 -0.514860 -0.086480 0.028676 -0.144493 0.059673 -0.129134 0.550134 0.086046 -0.220342 -0.142715 0.063799 -0.156713 
0.697267 -0.350648 -0.432098 -0.260054 -0.288751 0.068986 -0.159180 -0.009708 0.055915 0.315155 0.184192 -0.160297 -0.115081 0.010656 -0.098964 
