city021_020
TOOKYOO
65
-0.059290 -0.129059 -0.220096 0.109173 -0.347231 0.076963 -0.104533 -0.050927 -0.091712 0.127104 0.026087 0.015929 0.017840 -0.005398 -0.022809 
-0.286933 -0.198533 -0.204667 -0.002464 -0.348165 0.053433 -0.115587 -0.060140 -0.090114 0.272539 0.043120 -0.080699 0.042554 0.034975 -0.087880 
0.502906 -0.848909 0.662136 -0.711213 0.086572 -0.040872 -0.404718 0.334198 -0.188118 0.217396 -0.118241 0.114372 0.019096 -0.049424 -0.015707 
1.244770 -0.202885 0.770803 -0.204531 0.278631 -0.044724 -0.359195 0.166532 -0.087832 0.254535 -0.279630 0.136160 -0.009895 0.081810 -0.060551 
1.632969 0.225933 0.470642 -0.171947 0.207441 0.152982 -0.298310 -0.025256 -0.260034 0.308289 -0.059120 -0.042601 0.043938 0.051151 -0.089018 
1.828126 -0.586312 0.352004 -0.497868 -0.051689 0.116783 -0.374737 -0.028515 -0.501858 0.177363 -0.095664 0.050499 0.164563 0.072083 -0.072868 
1.861871 -0.696976 0.294540 -0.491471 -0.057400 0.016562 -0.330248 0.051421 -0.438304 -0.014220 -0.096320 0.101413 0.159028 0.172023 -0.057588 
1.898820 -0.668077 0.367809 -0.452703 -0.185765 0.014538 -0.245742 0.118825 -0.366017 -0.092740 -0.214516 0.070981 0.127481 0.225545 -0.079891 
1.980346 -0.721157 0.366192 -0.531956 -0.069818 -0.054795 -0.335528 0.276793 -0.410439 -0.111343 -0.204445 0.110524 0.075905 0.250237 -0.040294 
1.967670 -0.557685 0.251995 -0.509079 -0.104969 -0.050374 -0.300992 0.239779 -0.320915 -0.169585 -0.151119 0.116494 0.066796 0.196291 0.028023 
1.998890 -0.609058 0.320018 -0.509157 -0.092181 -0.120225 -0.310790 0.286239 -0.306604 -0.108117 -0.183353 0.052483 0.021757 0.231719 -0.008569 
1.953319 -0.597708 0.370539 -0.536028 -0.110606 -0.170621 -0.266957 0.272075 -0.261528 -0.055399 -0.259764 0.002208 0.036681 0.229438 -0.036591 
1.993003 -0.562020 0.302680 -0.549947 -0.080463 -0.205460 -0.250976 0.282063 -0.230439 -0.073504 -0.259772 0.008235 0.008950 0.241682 -0.012402 
1.962809 -0.514783 0.271411 -0.569195 -0.058637 -0.180097 -0.252145 0.276847 -0.208021 -0.064508 -0.261996 0.015163 -0.010229 0.245623 -0.018936 
1.948057 -0.483816 0.229560 -0.540134 -0.066041 -0.163942 -0.234046 0.231071 -0.171402 -0.045903 -0.261492 0.012148 -0.004956 0.228395 -0.011114 
1.970001 -0.522891 0.257310 -0.558827 -0.037499 -0.193767 -0.251897 0.253067 -0.216009 0.028187 -0.263590 -0.022961 0.005313 0.231375 -0.018971 
1.991764 -0.519069 0.217877 -0.513627 -0.058860 -0.182542 -0.245050 0.224437 -0.212249 -0.022835 -0.249192 -0.039143 0.037624 0.236545 -0.013579 
1.967982 -0.477069 0.188362 -0.562808 -0.033672 -0.192092 -0.238491 0.239540 -0.196820 -0.028850 -0.275459 0.005274 0.022841 0.231436 0.008774 
1.926807 -0.421875 0.257148 -0.624466 -0.098179 -0.089341 -0.260890 0.258402 -0.163423 -0.102371 -0.338587 0.026958 0.042731 0.172993 0.081228 
2.067214 -0.300885 0.332720 -0.580888 -0.169658 0.008215 -0.163394 0.240387 -0.286520 -0.059683 -0.372180 0.009067 -0.032427 0.135954 0.123278 
2.108955 -0.060297 0.354946 -0.578902 -0.264808 0.022615 -0.003234 0.315381 -0.474068 -0.061778 -0.190779 -0.113930 -0.081174 0.262284 0.118327 
1.941078 0.178836 0.255876 -0.436008 -0.192912 0.032758 0.128649 0.290499 -0.481521 -0.056226 -0.171213 -0.129290 -0.086935 0.237542 0.112203 
1.932022 0.229970 0.111733 -0.250665 -0.066928 0.130559 0.137623 0.247089 -0.531230 -0.063129 -0.141272 -0.117530 -0.054128 0.197047 0.016126 
1.570005 0.557917 -0.080739 -0.006890 0.002053 0.123379 0.056264 0.034064 -0.548522 -0.143308 -0.010228 0.017775 -0.067267 0.078948 -0.057824 
1.176657 0.550136 0.056372 0.089104 -0.085169 0.391198 0.150682 0.178135 -0.156630 -0.110069 -0.176680 -0.064261 0.046316 0.031660 -0.035624 
0.848727 0.320687 -0.190735 0.108196 -0.229304 0.256340 0.190994 0.264987 -0.022653 -0.086026 -0.102457 -0.060494 0.065248 0.121778 -0.049141 
0.797248 0.393309 -0.089753 0.111602 -0.222120 0.349776 0.216028 0.230795 0.038782 0.041292 -0.115820 -0.026132 0.108709 0.086489 -0.045946 
0.527701 0.324470 -0.026878 -0.148284 -0.433817 0.159072 0.045228 0.064032 -0.179626 -0.039805 -0.050823 0.007784 -0.037442 0.129040 0.013277 
0.361062 0.188782 -0.114553 -0.023809 -0.446841 0.181190 0.049355 0.027627 -0.077008 0.020229 -0.082956 0.043094 -0.013799 0.044906 -0.019018 
0.092152 0.026132 -0.256308 -0.057244 -0.226623 0.085425 -0.106455 0.034816 -0.114586 0.028656 0.015563 0.095017 -0.032676 0.008356 -0.017823 
-0.187000 -1.100202 0.370350 -0.500745 -0.296904 0.481090 -0.262211 0.089750 -0.096136 0.205246 -0.022887 -0.044549 -0.025936 -0.025989 -0.012353 
0.138373 -1.522913 0.722995 -0.838653 -0.163992 0.500783 -0.275517 0.145059 -0.186878 0.333147 -0.154178 0.026870 -0.045455 -0.057399 0.015208 
-0.532374 -0.583428 0.989857 -0.303686 -0.207035 0.209793 -0.393394 0.135837 -0.111530 0.172691 -0.236637 0.143860 0.050230 -0.082297 0.051085 
-0.300614 -1.078847 0.782430 -0.304412 -0.126068 0.261643 -0.201675 0.047182 -0.169277 0.283894 -0.180944 0.059881 -0.022440 0.023219 -0.001898 
-0.064390 -1.282493 0.783066 -0.239166 -0.186267 0.171536 -0.015361 0.016794 -0.190016 0.353099 -0.316853 0.120981 0.033547 -0.046730 -0.015965 
0.595598 -0.775606 1.439581 0.003912 -0.239685 0.000619 -0.195219 0.107055 -0.413529 0.034858 -0.188016 0.088780 -0.210862 0.049184 0.003541 
1.060691 -1.080027 1.441334 0.183316 -0.251777 -0.070878 -0.321743 0.294731 -0.466591 -0.142433 -0.035161 0.040303 -0.258244 0.101913 -0.004682 
1.071397 -1.149901 1.214358 0.131997 -0.148171 -0.308631 -0.288031 0.198048 -0.420461 -0.179862 0.006799 0.040142 -0.169411 0.147148 -0.015939 
1.288721 -1.198857 1.056427 0.030156 -0.071070 -0.320494 -0.365604 0.191004 -0.350425 -0.149209 0.001459 0.068216 -0.111183 0.179206 -0.037747 
1.580731 -1.284049 0.932945 -0.061023 -0.064162 -0.126691 -0.539986 0.159965 -0.295267 -0.020966 -0.004691 0.017090 -0.099838 0.254990 -0.015175 
1.473063 -1.231948 0.725810 -0.152003 0.066973 -0.234832 -0.480555 0.046051 -0.313567 0.131115 0.067558 -0.034705 -0.095633 0.298495 0.064143 
1.680366 -1.007962 0.590387 -0.225924 0.055383 -0.124948 -0.513704 0.046661 -0.397035 0.157896 0.171380 -0.009161 -0.192101 0.293859 0.129152 
1.810455 -1.009094 0.544113 -0.398959 -0.013356 -0.007468 -0.485168 0.048904 -0.524771 0.164963 0.259875 0.070651 -0.168566 0.217230 0.071769 
1.793648 -1.101084 0.517663 -0.492149 -0.118225 0.024376 -0.365481 0.048920 -0.572144 0.094568 0.194523 0.150384 -0.029174 0.222494 -0.034096 
1.700958 -0.848509 0.391400 -0.436054 -0.158602 -0.062054 -0.324163 0.050627 -0.381929 -0.056114 0.244903 0.102269 0.002823 0.223288 -0.053253 
1.780851 -0.922847 0.423869 -0.481350 -0.219733 -0.132536 -0.241374 0.140485 -0.415278 -0.046519 0.068014 0.145945 0.062450 0.265412 -0.011488 
1.748973 -0.840267 0.301826 -0.431659 -0.230764 -0.136351 -0.259123 0.119193 -0.305896 -0.089307 0.119114 0.105799 0.106308 0.225255 -0.037634 
1.863460 -0.882593 0.378831 -0.488203 -0.232014 -0.151451 -0.293705 0.192343 -0.330370 -0.028006 0.037465 0.116832 0.088752 0.233777 -0.006066 
1.840795 -0.833787 0.367971 -0.545858 -0.215898 -0.190994 -0.273295 0.217789 -0.292800 -0.047341 0.039284 0.097194 0.089301 0.254018 -0.052512 
1.915942 -0.899797 0.447878 -0.567512 -0.204498 -0.156065 -0.326155 0.269974 -0.349501 0.030337 0.018219 0.085511 0.058545 0.251787 -0.052091 
2.033967 -0.969493 0.399810 -0.533658 -0.291498 -0.130162 -0.292325 0.315820 -0.369397 0.022956 -0.066614 0.059366 0.091641 0.300271 -0.026050 
2.019489 -0.907635 0.272470 -0.438124 -0.344368 -0.098802 -0.265541 0.278653 -0.304324 -0.037562 -0.033092 0.008748 0.153523 0.258163 -0.009388 
2.085314 -0.930463 0.322733 -0.487707 -0.344615 -0.105939 -0.289632 0.333816 -0.332385 -0.010637 -0.070450 -0.006636 0.122776 0.310265 -0.043700 
1.956559 -0.781863 0.229787 -0.441308 -0.411079 -0.129959 -0.219048 0.262597 -0.258591 -0.090573 -0.039667 -0.045793 0.143799 0.334542 -0.032419 
1.962884 -0.743682 0.330454 -0.531917 -0.450918 -0.078416 -0.234414 0.300504 -0.306310 -0.047903 -0.059743 -0.032586 0.099014 0.326108 -0.027956 
1.958330 -0.318261 0.325948 -0.776761 -0.424961 -0.036544 -0.098067 0.217752 -0.396082 0.030914 -0.049517 0.022928 -0.003104 0.413109 0.033030 
1.908898 -0.093002 0.283209 -0.809467 -0.439972 0.003108 -0.095707 0.238975 -0.409102 0.022741 -0.028300 -0.041455 0.061231 0.401442 0.005382 
1.903821 -0.013135 0.276141 -0.755629 -0.449492 0.075801 -0.117997 0.235511 -0.397990 0.024807 -0.035977 -0.037231 0.064479 0.350056 0.005809 
1.782316 0.008154 0.305128 -0.763008 -0.406042 0.116643 -0.096367 0.223378 -0.455535 0.039108 -0.087407 -0.040835 0.099217 0.349236 -0.007600 
1.777729 -0.029797 0.243550 -0.709948 -0.418165 0.131739 -0.075366 0.202577 -0.452417 0.024895 -0.045281 -0.027931 0.106970 0.370398 -0.058945 
1.657320 0.168178 0.053118 -0.677956 -0.386846 0.038208 -0.095777 0.157478 -0.493291 0.078862 0.024822 -0.056486 0.238463 0.289482 -0.042380 
1.436282 -0.004606 0.028420 -0.622513 -0.540559 0.084956 -0.161727 0.251024 -0.491230 0.005838 0.097990 -0.116902 0.274753 0.356217 -0.024239 
1.591816 0.075301 0.093496 -0.698215 -0.488688 0.056724 -0.141527 0.196343 -0.455978 0.034480 0.043870 -0.098937 0.231958 0.366836 -0.069155 
0.868097 0.266180 -0.255061 -0.397359 -0.660082 0.043149 0.025653 -0.016938 -0.282205 -0.112043 0.048650 0.041914 0.245908 0.390637 -0.031352 
0.479765 0.064280 -0.277040 -0.215665 -0.402021 0.071509 -0.058180 0.172062 -0.223821 -0.129946 0.033128 0.131736 0.066956 0.059639 0.020994 
