city022_084
MYUUJIKARU
65
-0.405875 0.016666 0.095232 0.096226 0.102443 0.158830 0.132590 0.024714 -0.054781 -0.004791 0.116897 -0.014473 -0.006852 0.044881 -0.028861 
0.601893 0.533149 0.212746 0.326824 0.026385 -0.024225 -0.028586 0.076558 -0.253349 -0.187980 0.027559 -0.080345 -0.158586 -0.043784 0.011333 
1.112147 0.342790 0.384149 0.234042 -0.049894 -0.096223 -0.038465 -0.002265 -0.314994 -0.220414 0.006397 -0.123710 -0.200885 0.017415 -0.019910 
1.151381 0.147779 0.648807 0.318098 -0.205538 -0.009940 -0.073745 -0.061192 -0.249595 -0.279240 0.102758 -0.252144 -0.160689 0.048282 -0.045931 
1.056334 -0.255717 1.402694 0.088590 -0.458695 0.243197 -0.282495 -0.058242 -0.199748 -0.294353 0.121244 -0.204924 -0.162184 0.114920 -0.017331 
1.003003 -0.181437 1.461148 -0.151917 -0.381426 0.274765 -0.385689 0.023811 -0.174882 -0.376713 0.161771 -0.191023 -0.193534 0.095258 -0.003564 
0.940593 -0.248087 1.535628 -0.202184 -0.408150 0.280641 -0.376854 0.008291 -0.186841 -0.355790 0.152702 -0.186256 -0.188415 0.100894 -0.006297 
0.964844 -0.446110 1.694933 -0.256221 -0.424973 0.302798 -0.389720 -0.001484 -0.195118 -0.350537 0.146637 -0.182823 -0.173237 0.078956 0.028002 
0.922278 -0.534007 1.713940 -0.217666 -0.470254 0.310122 -0.378404 -0.000646 -0.266015 -0.265136 0.120537 -0.216685 -0.113740 0.083692 0.011936 
0.976360 -0.636870 1.724145 -0.129764 -0.519156 0.250246 -0.301644 -0.013351 -0.363953 -0.162312 0.116056 -0.291764 -0.048416 0.119468 -0.061665 
1.003065 -0.726615 1.625105 -0.026290 -0.514821 0.151314 -0.230363 -0.004025 -0.401043 -0.175613 0.178574 -0.331470 -0.072811 0.183549 -0.123665 
1.097676 -0.831406 1.603546 0.019671 -0.395206 -0.010101 -0.261298 0.135637 -0.479397 -0.157936 0.179046 -0.277426 -0.045700 0.122287 -0.071917 
1.141103 -0.830646 1.437039 0.038135 -0.249628 -0.147090 -0.251898 0.153272 -0.440036 -0.150310 0.100621 -0.205222 -0.005261 0.077323 -0.081172 
1.231780 -0.832417 1.389174 0.070324 -0.176190 -0.163607 -0.355726 0.215174 -0.391935 -0.168234 0.039590 -0.195480 0.110996 -0.006019 -0.113785 
1.185214 -0.728809 1.333846 0.017612 -0.119884 -0.133573 -0.408396 0.214128 -0.371167 -0.148298 0.017785 -0.233777 0.155971 0.005087 -0.181131 
1.305798 -0.806962 1.334955 -0.003084 -0.129500 -0.036123 -0.491362 0.211627 -0.322785 -0.168920 0.030742 -0.285167 0.181793 0.023104 -0.212460 
1.243559 -0.766562 1.335222 -0.001446 -0.105016 -0.081865 -0.443830 0.172495 -0.288328 -0.160049 -0.027150 -0.210668 0.159004 0.000285 -0.190330 
1.147000 -0.765357 1.433302 -0.046666 -0.081459 -0.100595 -0.431455 0.154690 -0.252957 -0.168764 -0.056625 -0.142674 0.119218 0.024039 -0.191849 
1.174851 -0.796605 1.513406 -0.033602 -0.175151 -0.009425 -0.475673 0.208005 -0.281624 -0.209289 -0.006593 -0.141888 0.100266 -0.008660 -0.165209 
1.064422 -0.867286 1.533995 -0.028056 -0.166080 0.055140 -0.470775 0.188081 -0.226785 -0.276984 -0.011957 -0.141875 0.055678 -0.044157 -0.155649 
0.887201 -0.743339 1.511479 0.049376 -0.144195 0.058811 -0.424569 0.189911 -0.184237 -0.346107 0.005761 -0.144095 0.029300 -0.082690 -0.175687 
0.439746 -0.441924 1.391273 -0.071484 0.129644 -0.103799 -0.290669 0.216320 -0.250646 -0.171914 -0.099099 -0.096978 0.071280 -0.203964 -0.047065 
0.298926 -0.318526 1.255847 -0.256816 0.284379 -0.163256 -0.258962 0.192726 -0.199426 -0.019993 -0.180517 0.016732 0.065573 -0.150091 0.016952 
-0.329660 -0.234538 1.389075 -0.261064 0.409822 -0.266831 -0.245735 0.227921 -0.322878 -0.034536 -0.231334 -0.075701 0.133014 -0.298460 0.051985 
-0.518111 -0.187355 1.400457 -0.431015 0.483453 -0.182180 -0.314230 0.305992 -0.352373 0.042711 -0.163058 -0.098874 0.113838 -0.223843 0.090210 
-0.594597 -0.061019 1.298407 -0.409971 0.470575 -0.204657 -0.288271 0.248231 -0.245493 -0.085459 -0.091764 -0.041309 -0.008348 -0.093921 0.017740 
-0.515746 -0.169801 1.403813 -0.597363 0.415307 -0.023699 -0.459714 0.354554 -0.219825 -0.101493 -0.005087 -0.039169 -0.004351 -0.064830 0.046937 
-0.616950 -0.459207 1.501972 -0.439818 0.346853 -0.172397 -0.338378 0.293107 -0.225738 -0.165993 0.043586 -0.099235 0.016312 -0.006196 -0.064602 
-0.264703 -0.306810 1.372832 -0.463669 0.285624 -0.066841 -0.277374 0.115528 -0.265656 -0.038219 -0.010972 -0.176336 0.039413 -0.015859 -0.027586 
-0.056079 -0.447997 1.425309 -0.127702 0.104632 -0.192035 -0.132924 0.088620 -0.289477 -0.094258 -0.037325 -0.184733 0.045633 -0.028786 -0.175416 
0.396249 -0.634491 1.433439 0.025216 -0.001401 -0.228000 -0.105490 0.179886 -0.440716 -0.101282 0.019967 -0.205202 -0.002435 -0.079503 -0.064394 
0.562305 -0.691454 1.433504 0.131605 -0.075409 -0.236947 -0.087746 0.175691 -0.506958 -0.102937 0.019706 -0.228057 -0.060900 -0.029236 -0.059883 
0.861403 -0.723200 1.262233 0.401340 -0.191413 -0.216830 -0.102942 0.241783 -0.506449 -0.158687 0.061375 -0.170633 -0.153191 -0.015269 0.037656 
0.595751 -0.311369 1.320517 0.352608 -0.184024 -0.170322 -0.071920 0.266141 -0.539101 -0.159010 0.197968 -0.301995 -0.133033 0.050016 -0.025947 
0.225002 0.087416 1.130929 0.375668 -0.176322 -0.167241 0.074505 0.095288 -0.439655 -0.026732 0.047974 -0.189288 -0.141060 0.054145 -0.005026 
-0.187100 0.156944 0.456211 0.430678 0.173000 0.104382 0.089607 0.057891 -0.057576 0.043066 0.221151 -0.192371 -0.002671 0.121673 -0.034925 
-0.230844 -0.080957 0.289846 0.310446 0.238654 0.032015 -0.062112 0.131811 -0.024183 -0.066692 0.202006 -0.068922 -0.082228 0.065814 0.026337 
-0.444966 -0.416257 0.233254 0.085857 0.110699 -0.290588 -0.100643 0.302898 -0.138592 -0.077955 0.085244 -0.012345 0.028276 -0.056970 0.014930 
-0.369056 -1.466095 -0.021910 0.187855 0.337397 -0.447720 0.095781 0.100350 -0.076703 0.138850 -0.171885 0.040903 0.045963 0.003061 -0.043530 
0.787152 -1.050965 -0.253622 0.096213 0.156842 -0.345305 -0.031064 0.050516 0.031512 0.243026 -0.272833 0.058646 0.062775 -0.025314 -0.008543 
0.957037 -0.922759 -0.031479 -0.081429 0.185413 -0.346631 -0.192782 -0.118478 -0.010583 0.257243 -0.147115 0.099605 0.092753 -0.051011 0.040099 
1.235691 -0.746005 0.345400 -0.086994 0.012187 -0.288279 -0.320525 -0.064642 -0.157877 0.080972 0.092892 -0.055835 0.038456 0.179947 0.035202 
1.680268 -0.793751 0.369407 -0.198030 -0.047383 -0.183718 -0.456015 -0.004965 -0.205739 0.213926 0.250339 -0.051907 -0.031817 0.165516 0.187879 
1.723035 -0.952121 0.209192 -0.317811 -0.049412 -0.150785 -0.432213 0.027185 -0.128114 0.146107 0.336730 0.059656 -0.148851 0.098066 0.156761 
1.635206 -1.020738 0.151583 -0.400846 -0.050812 -0.128495 -0.390658 0.066707 -0.077747 0.180753 0.351729 0.075455 -0.201120 0.001994 0.157690 
1.642190 -1.118653 0.175617 -0.457578 -0.052722 -0.102906 -0.319757 0.018792 -0.062774 0.200660 0.293058 0.060053 -0.170726 -0.005957 0.125128 
1.671028 -1.045677 0.091573 -0.369790 -0.161338 -0.027931 -0.273447 -0.069525 -0.019506 0.195129 0.297606 0.043018 -0.171173 0.007482 0.119057 
1.474495 -1.006677 0.134927 -0.410441 -0.062782 -0.162082 -0.221602 -0.073393 -0.102165 0.260110 0.227640 0.090853 -0.171035 0.083797 0.109846 
1.697305 -1.080497 0.227524 -0.297491 -0.238843 0.068371 -0.495921 -0.047663 0.007991 0.066353 0.400709 -0.008854 -0.121903 0.147727 0.064760 
1.641949 -1.012546 0.269417 -0.139815 -0.336771 0.132292 -0.550242 -0.191957 0.049350 -0.024834 0.488369 -0.019653 -0.165839 0.238678 0.142412 
1.636373 -0.862944 -0.018498 0.315456 -0.348317 0.015971 -0.223394 -0.352935 -0.127921 0.088452 0.239087 0.010535 -0.144533 0.132413 0.113356 
1.617811 -0.534232 -0.225553 0.481834 0.026692 -0.015694 -0.210924 -0.304811 -0.195360 -0.034252 0.106901 -0.122657 -0.158476 0.121297 -0.005079 
1.677628 -0.802720 -0.098535 0.554151 -0.049383 -0.177342 -0.179886 -0.308202 -0.208066 -0.091161 0.138005 -0.148870 -0.045487 0.064803 0.033115 
1.544699 -0.730285 0.220637 0.365058 -0.328010 0.069814 -0.175404 -0.394454 -0.171837 0.047650 0.097854 -0.070083 -0.095889 0.119914 0.039029 
1.324998 -0.694404 0.312043 0.226581 -0.309298 0.113133 -0.356468 -0.459604 -0.193849 0.038216 0.159964 -0.106820 -0.092192 0.159712 0.155249 
1.350700 -0.541383 0.482122 0.081269 -0.271867 0.221597 -0.488402 -0.357605 -0.088660 -0.056345 0.253325 -0.141681 -0.162579 0.286864 0.120345 
1.395402 -0.436951 0.504503 0.058411 -0.158954 0.213757 -0.448286 -0.273952 -0.100350 -0.068107 0.262570 -0.206557 -0.135796 0.257143 0.023343 
1.175827 -0.176408 0.338635 0.017605 0.027189 0.029518 -0.326898 -0.252411 -0.182912 0.039574 0.135313 -0.226245 -0.039822 0.171583 -0.009428 
1.002673 -0.085346 0.389668 0.051799 -0.016604 0.077346 -0.461618 -0.278114 -0.294597 0.049514 0.194753 -0.316739 -0.070374 0.279744 0.004310 
1.158147 -0.298799 0.545463 -0.002894 0.067699 0.082249 -0.408955 -0.216576 -0.217426 0.033960 0.111774 -0.308009 -0.044636 0.196206 -0.029097 
0.704909 -0.008858 0.270820 0.138975 -0.007518 -0.032486 -0.358959 -0.306531 -0.193811 0.040677 0.016009 -0.240136 -0.004855 0.191379 -0.017338 
0.900302 -0.275923 0.504982 0.016310 0.044331 -0.031071 -0.438466 -0.209256 -0.238442 0.071374 0.086970 -0.361948 0.073281 0.217825 -0.027526 
0.382401 0.076295 0.175741 0.193982 0.070670 -0.178362 -0.258881 -0.317916 -0.203153 0.142776 -0.063366 -0.292466 0.102672 0.142337 -0.024308 
0.861638 -0.172211 0.387661 0.190526 -0.052909 -0.080418 -0.429208 -0.206887 -0.143221 0.037590 0.038589 -0.336886 0.140228 0.211572 -0.057778 
0.240120 0.343496 0.129902 0.241941 0.010935 -0.095014 -0.360374 -0.328167 -0.079909 -0.037905 -0.094191 -0.226660 0.076802 0.110534 -0.027316 
