city022_021
NAKANO
63
-0.604925 0.051418 0.057955 0.092268 0.031808 0.184917 0.128527 -0.109951 0.037404 -0.087016 0.151312 -0.022455 -0.025038 -0.006248 0.066872 
0.339795 0.444876 0.441888 0.369241 0.007644 0.093658 0.098648 -0.149705 0.007897 -0.122438 -0.001306 -0.106845 -0.053233 -0.071196 0.029068 
0.941629 -0.172040 0.743203 0.251981 -0.352023 0.289323 -0.005589 -0.365422 0.010594 -0.177957 -0.133197 -0.070239 -0.081725 -0.078311 0.003838 
0.947236 -0.154664 0.623202 0.290555 -0.304342 0.131807 -0.079771 -0.363508 -0.032244 -0.124159 -0.093107 -0.144621 0.005801 -0.044933 0.013178 
1.312854 -0.474803 0.609341 0.251231 -0.127840 0.168841 -0.171474 -0.413903 -0.016675 0.016138 -0.031884 -0.246827 0.031378 -0.025084 0.083770 
1.773594 -0.815303 0.187383 -0.133919 -0.030828 -0.123784 -0.199070 -0.139254 0.092926 0.280674 0.122600 -0.227811 0.072314 0.044835 0.085522 
1.592087 -0.866658 0.179575 -0.405257 0.032729 -0.158762 -0.249574 0.003056 0.127432 0.275267 0.240900 -0.217422 -0.020935 -0.069617 0.138437 
1.557659 -0.851925 0.120334 -0.471620 0.140335 -0.170297 -0.274255 0.129803 0.126411 0.179703 0.285117 -0.121449 -0.143149 -0.161485 0.182744 
1.527640 -0.915362 0.122276 -0.545094 0.138579 -0.188862 -0.232354 0.114594 0.067338 0.177312 0.290936 -0.053993 -0.173425 -0.193327 0.181003 
1.556017 -0.950926 0.190066 -0.621077 0.084459 -0.100176 -0.271924 0.135538 -0.037432 0.206262 0.313710 -0.009356 -0.134485 -0.257121 0.162686 
1.521511 -0.923592 0.146711 -0.609935 0.082416 -0.130084 -0.269642 0.055502 -0.093506 0.158439 0.353281 0.072055 -0.081067 -0.257393 0.158095 
1.595378 -0.854051 0.134054 -0.542129 0.094914 -0.160562 -0.243252 -0.069462 -0.110637 0.070649 0.341698 0.158670 -0.056455 -0.162931 0.104913 
1.770884 -0.404876 -0.165341 -0.262180 0.171358 -0.294322 -0.091632 -0.033231 -0.306595 0.058814 0.299340 0.160866 -0.021984 -0.176074 0.095571 
1.466465 -0.064576 -0.409294 -0.031254 0.136480 -0.161839 -0.018285 -0.164935 -0.381159 -0.100447 0.304354 0.111731 -0.046037 -0.105268 0.016602 
0.751656 0.197248 -0.245058 0.192187 0.102594 -0.119879 -0.039605 -0.176284 -0.100954 0.047467 0.226397 -0.136681 -0.078197 0.047940 0.091901 
0.189145 -0.092974 -0.308059 -0.113203 -0.009419 -0.090585 -0.066944 -0.155321 -0.170436 -0.008339 0.283487 0.054423 -0.077219 -0.028756 0.056913 
-0.049104 -0.122540 -0.366479 0.021771 -0.061098 -0.152675 -0.225900 -0.162497 -0.017395 0.116507 0.259400 -0.009951 -0.124253 0.056936 0.166266 
-0.202909 -0.105715 -0.396422 -0.205932 -0.155311 -0.160419 -0.108938 -0.086191 -0.036181 0.181939 0.347377 -0.024693 -0.152336 0.045677 0.010293 
-0.070853 -0.082500 -0.355570 -0.116240 -0.199761 -0.143055 0.003078 -0.162333 -0.017169 0.054709 0.334837 -0.016593 -0.144925 0.088622 0.010494 
0.886260 -0.651311 -0.597311 -0.004346 0.309707 0.312629 0.185934 -0.232241 -0.112793 0.003519 0.212693 -0.102984 -0.009582 0.097009 -0.042032 
1.066012 -1.326344 -0.538100 -0.390413 0.574752 0.077960 0.248151 -0.386328 -0.102644 0.120350 0.081609 0.021968 -0.027559 -0.079125 -0.026073 
1.584144 -0.591229 -0.086751 -0.232216 0.084915 -0.209773 -0.091598 -0.267935 -0.141087 0.176909 0.317494 0.082091 -0.181352 0.014145 0.074855 
1.629387 -0.909394 0.319430 -0.566462 -0.043569 -0.100796 -0.203240 -0.142389 -0.169396 0.088059 0.440646 0.086419 -0.053687 -0.087180 0.160844 
1.565630 -1.037782 0.248629 -0.593230 -0.023859 -0.183884 -0.217956 -0.041956 -0.151757 0.126106 0.352250 0.138935 -0.038293 -0.061664 0.074481 
1.451128 -1.064302 0.198200 -0.610654 -0.081712 -0.089686 -0.187914 -0.045223 -0.138250 0.116904 0.369120 0.143668 -0.057555 -0.113497 0.044474 
1.514520 -1.199995 0.268913 -0.704239 -0.042583 -0.094758 -0.127809 0.001936 -0.122177 0.074797 0.425975 0.078753 -0.084264 -0.152661 0.016394 
1.348834 -1.156976 0.150947 -0.627049 -0.110346 -0.045040 -0.133904 0.030506 -0.115001 0.093768 0.408098 0.075846 -0.106478 -0.169284 0.006790 
1.494949 -1.278232 0.250563 -0.720370 -0.046239 -0.122028 -0.049807 -0.025985 -0.029727 0.051026 0.390091 0.063949 -0.108976 -0.124938 -0.016369 
1.476722 -1.244201 0.257931 -0.695595 -0.049019 -0.139040 -0.061137 -0.024338 -0.028587 0.114245 0.340906 0.045169 -0.135032 -0.062493 -0.017870 
1.494652 -1.168173 0.270568 -0.709186 -0.033431 -0.144818 -0.066203 -0.061316 -0.021419 0.088574 0.391094 0.000065 -0.069004 -0.091542 0.008220 
1.556566 -1.107394 0.288713 -0.750137 0.001148 -0.026920 -0.109415 -0.067220 -0.063676 0.178824 0.352306 -0.040010 -0.116269 -0.057966 -0.051646 
1.690164 -0.988453 0.368403 -0.714319 -0.067042 0.067986 -0.068672 -0.039016 -0.152620 0.251486 0.330393 -0.119905 -0.014243 -0.147249 -0.006168 
1.905692 -0.860659 0.306715 -0.443592 -0.210036 0.139967 -0.044991 -0.126245 -0.217212 0.269744 0.262861 -0.082096 0.112266 -0.180719 -0.017880 
1.540092 -0.618563 0.899453 -0.233000 -0.359660 0.291784 -0.030260 -0.287235 -0.118639 -0.001319 0.001336 -0.053185 0.068917 -0.051068 0.085920 
1.272039 -0.657684 0.911802 -0.063152 -0.206760 0.400682 -0.111282 -0.383275 -0.174851 -0.080406 -0.048496 -0.094505 -0.047877 -0.116230 0.050331 
1.308072 -0.695601 0.992301 -0.077875 -0.183734 0.467809 -0.156202 -0.403551 -0.177827 -0.075650 -0.032331 -0.131749 -0.064579 -0.130923 0.037091 
1.145563 -0.653964 0.979095 -0.074427 -0.186671 0.470253 -0.114471 -0.395222 -0.204518 -0.113521 -0.042868 -0.107536 -0.091753 -0.133079 0.029043 
1.291674 -0.666252 1.029759 -0.168133 -0.199472 0.478092 -0.080104 -0.375967 -0.217378 -0.097509 -0.051238 -0.095848 -0.035880 -0.153049 0.053077 
1.859529 -0.691441 0.619363 -0.577116 -0.195556 0.206551 -0.051702 -0.148940 -0.158621 -0.005619 0.095368 -0.021233 0.232790 -0.172458 0.104184 
1.850658 -0.721858 0.520789 -0.552443 -0.385742 0.157759 0.007220 -0.052282 -0.286697 0.055902 0.075864 -0.052689 0.317542 -0.132970 0.098737 
1.897378 -0.706371 0.556806 -0.581916 -0.424776 0.171085 -0.001250 0.015886 -0.274324 0.003631 0.068569 -0.113807 0.346198 -0.120718 0.106236 
1.912661 -0.698396 0.446678 -0.517587 -0.433534 0.114967 -0.027760 -0.000723 -0.160130 -0.050543 0.021124 -0.111910 0.328359 -0.134942 0.135946 
1.926024 -0.684864 0.444258 -0.527455 -0.400687 0.042204 -0.073268 0.031250 -0.089346 -0.010174 -0.005522 -0.079548 0.288799 -0.164881 0.136108 
1.930684 -0.695738 0.380226 -0.517152 -0.362348 -0.024215 -0.112759 0.042422 -0.018566 0.014647 -0.014238 -0.049445 0.279391 -0.183996 0.113574 
1.889512 -0.659581 0.323715 -0.501423 -0.360091 -0.052408 -0.149221 0.070368 -0.015067 0.065237 -0.030362 -0.040301 0.273196 -0.177356 0.079142 
1.926780 -0.663523 0.308632 -0.524120 -0.309222 -0.106157 -0.176291 0.033432 0.079147 0.037624 -0.056842 -0.017583 0.262845 -0.159050 0.075880 
1.918680 -0.594684 0.276900 -0.543219 -0.324630 -0.101269 -0.209869 0.024432 0.132355 0.011038 -0.048673 -0.021348 0.248950 -0.140106 0.076885 
1.964218 -0.589033 0.272360 -0.564627 -0.321285 -0.119189 -0.219864 0.018477 0.185355 -0.040786 -0.048672 0.015960 0.214964 -0.099104 0.052313 
1.984224 -0.493881 0.255576 -0.540852 -0.405726 -0.107837 -0.248410 0.048406 0.202908 -0.094904 -0.021271 -0.012094 0.195513 -0.082295 0.054362 
2.039864 -0.530909 0.316702 -0.578545 -0.415658 -0.086650 -0.290486 0.108981 0.137433 -0.087463 -0.021032 -0.011302 0.201892 -0.089483 0.089858 
1.963883 -0.342713 0.303811 -0.685837 -0.465315 -0.076505 -0.303373 0.110986 0.112669 -0.092083 0.029675 -0.119068 0.219234 -0.063735 0.106179 
2.042093 0.226491 0.331372 -0.742946 -0.754912 0.148130 -0.080093 -0.045390 0.121142 -0.058708 0.019601 -0.145627 0.207341 0.063005 -0.004477 
1.981309 0.494150 0.221688 -0.800617 -0.615325 0.112840 -0.047525 -0.051566 0.070333 -0.032965 -0.078992 -0.105156 0.213690 0.040133 0.051733 
1.956620 0.403734 0.199052 -0.800967 -0.500778 0.084817 -0.054464 -0.069385 0.018037 -0.046343 -0.084935 -0.120961 0.250201 -0.012499 0.084170 
1.813839 0.361354 0.114802 -0.648532 -0.421351 0.095561 -0.126149 -0.093300 -0.058529 0.023831 -0.023289 -0.070986 0.258180 -0.044685 0.028443 
1.670511 0.518981 0.163696 -0.409633 -0.477072 -0.132695 -0.044757 -0.147432 0.005648 0.099215 0.120197 0.005071 0.195440 -0.025416 0.036943 
1.766364 0.700284 0.144363 -0.590107 -0.534027 -0.130470 -0.137857 -0.129851 0.073783 0.112888 0.106096 0.031686 0.207909 -0.038875 0.015976 
1.772092 0.429143 -0.136084 -0.858154 -0.494577 0.006438 0.002560 0.082454 -0.066187 0.070499 0.028084 -0.133702 0.329543 -0.010618 0.050102 
1.493721 0.385958 -0.092352 -0.627515 -0.520025 -0.007489 0.117391 -0.112205 0.008299 -0.042343 -0.041987 -0.079541 0.202943 0.102113 0.029591 
1.306659 0.315796 -0.183556 -0.600295 -0.654114 -0.094433 0.124173 -0.084879 0.079892 -0.017295 0.073003 -0.060869 0.140441 0.144705 0.034632 
1.105752 0.384725 -0.229931 -0.680382 -0.636498 -0.136343 0.142356 -0.004758 0.020876 0.043137 0.066677 -0.016637 0.142673 0.142642 0.067730 
0.256707 0.199901 -0.124860 -0.451994 -0.360610 -0.172590 -0.104564 -0.036945 -0.040791 -0.004449 0.239375 0.126735 0.087414 0.005971 0.088165 
-0.064749 0.073750 -0.121812 -0.031864 -0.190653 -0.149275 -0.123680 -0.141175 -0.008474 0.021074 0.174597 -0.028944 0.017063 0.052950 0.060261 
