city022_045
GAMAGOORI
78
-0.375835 0.133523 -0.076451 0.130177 -0.093246 0.266323 -0.050290 -0.075300 -0.096049 0.136166 -0.039623 0.007484 -0.022661 0.050637 -0.110383 
0.254410 0.437139 0.360694 0.416269 -0.190437 0.152959 -0.074913 0.009395 -0.088294 -0.016502 -0.049377 -0.006085 -0.093751 0.068029 -0.079686 
0.758280 0.566699 0.372194 0.300370 -0.375722 0.084035 0.114892 -0.047667 -0.320416 0.018443 -0.122492 -0.146901 -0.103054 0.028745 -0.041834 
0.870656 0.450287 0.623173 0.334911 -0.468593 0.149490 -0.000335 -0.084552 -0.280804 -0.024486 -0.061385 -0.162092 -0.118445 0.067678 -0.055980 
0.527819 0.051873 0.514830 0.478492 0.078067 -0.323617 0.012694 0.160713 -0.417249 0.082977 -0.189464 0.038973 -0.163854 -0.029224 0.059421 
0.136738 0.017625 0.546385 0.613378 0.083996 -0.401619 -0.003265 0.189834 -0.377710 -0.016133 -0.242272 0.045297 -0.103813 -0.103278 -0.022440 
0.775491 -1.161670 -0.106724 -0.057377 0.226392 -0.044302 -0.067043 0.125287 -0.166995 0.199087 -0.154918 0.055645 -0.067616 0.149909 -0.109315 
1.011537 -0.926358 0.199330 0.085376 0.208542 -0.382300 -0.214134 0.146285 -0.144772 0.294103 -0.276367 0.107663 -0.029174 0.126107 -0.052273 
1.281895 -0.394177 0.538217 0.133898 -0.071668 -0.211203 -0.483733 0.024987 -0.288805 0.154575 0.018541 -0.098020 -0.027591 0.379624 -0.018696 
1.572126 -0.703977 0.557394 -0.231225 -0.191876 0.024746 -0.543521 -0.020454 -0.290416 0.219655 0.248902 -0.095577 -0.008844 0.294751 0.012997 
1.634212 -0.808323 0.516451 -0.419587 -0.111245 0.027470 -0.500780 -0.029905 -0.294023 0.256877 0.322303 0.002146 -0.120292 0.255522 0.025316 
1.622502 -0.880922 0.401594 -0.551460 -0.174340 0.014869 -0.311320 -0.051263 -0.320905 0.270184 0.280458 0.134794 -0.129859 0.182233 -0.022038 
1.539402 -0.856299 0.300420 -0.641226 -0.219879 0.011133 -0.201813 -0.023899 -0.287221 0.187646 0.301177 0.194592 -0.124693 0.170850 -0.126194 
1.729239 -0.809493 0.288535 -0.562578 -0.304151 0.011786 -0.181011 0.052546 -0.302656 0.122865 0.235613 0.180548 -0.099829 0.214733 -0.111155 
1.997590 -0.739189 0.291849 -0.361681 -0.520482 0.108106 -0.232428 0.139578 -0.339439 -0.038818 0.138470 -0.012118 0.085797 0.267851 -0.070708 
1.623615 -0.056389 0.120862 -0.333721 -0.398876 0.263834 -0.003837 0.057399 -0.330251 -0.033470 0.182672 -0.074392 0.063042 0.239888 -0.153590 
1.320541 -0.077546 0.475911 0.216156 -0.531354 0.417068 0.344682 -0.050013 -0.298108 -0.128336 -0.200576 -0.143237 -0.115650 0.219185 -0.096204 
1.461601 -0.360784 0.644461 0.118442 -0.568869 0.479210 0.205846 -0.006045 -0.374871 -0.051505 -0.245224 -0.083523 -0.069019 0.121555 -0.010358 
1.557949 -0.531604 0.761518 0.044603 -0.598973 0.492143 0.134328 0.107733 -0.442911 -0.030415 -0.236175 -0.126083 -0.034112 0.104455 0.006029 
1.491568 -0.452730 0.758975 -0.036365 -0.539388 0.386609 0.231500 0.030508 -0.389914 -0.065733 -0.236114 -0.137613 -0.055047 0.142275 0.017711 
1.502676 -0.461175 0.683997 0.048244 -0.530228 0.397068 0.225930 -0.043621 -0.420153 -0.090059 -0.209250 -0.139702 -0.006507 0.086236 0.007150 
1.730673 -0.652766 0.600134 -0.093062 -0.363029 0.301629 0.057739 0.070203 -0.449046 -0.140426 -0.072369 -0.128103 0.035408 0.129066 -0.051109 
1.750289 -0.937368 0.262771 -0.686998 -0.168380 -0.027806 -0.015921 0.148466 -0.263397 0.046428 0.175957 0.135582 -0.138295 0.177114 -0.107124 
1.707500 -0.954622 0.210382 -0.817757 -0.165953 0.044258 -0.010027 0.178978 -0.251998 0.117805 0.249835 0.124147 -0.204446 0.076539 -0.137054 
1.686352 -0.960236 0.201022 -0.787166 -0.192472 0.087160 -0.002440 0.143216 -0.213494 0.113561 0.263422 0.080271 -0.165444 0.012069 -0.138435 
1.649087 -0.954024 0.168447 -0.749448 -0.212417 0.091422 0.010634 0.102717 -0.179725 0.106864 0.251491 0.098415 -0.175545 0.005265 -0.126604 
1.672520 -1.022048 0.181441 -0.748678 -0.227691 0.104538 -0.058876 0.163906 -0.220917 0.095113 0.298508 0.070138 -0.153037 0.028474 -0.140974 
1.617988 -0.910924 0.171902 -0.729401 -0.207848 0.072745 -0.108199 0.191233 -0.265606 0.074539 0.339723 0.092980 -0.136605 0.037008 -0.124472 
1.647298 -0.842984 0.251426 -0.726726 -0.151819 -0.031349 -0.103368 0.149372 -0.301773 0.061214 0.323565 0.125667 -0.097669 0.091869 -0.090259 
1.729684 -0.815914 0.263087 -0.639223 -0.202105 -0.056412 -0.162320 0.202716 -0.441626 0.083695 0.267335 0.125998 -0.019606 0.160068 -0.049518 
1.812395 -0.679875 0.232714 -0.505641 -0.122518 -0.103949 -0.083768 0.113234 -0.586102 0.100697 0.130312 0.119947 0.013887 0.217649 -0.033388 
1.967934 -0.325144 0.233266 -0.406853 -0.190163 0.080884 -0.055202 0.114578 -0.609240 0.054501 0.051790 0.013499 0.019372 0.242734 -0.059398 
1.945759 -0.233427 -0.157617 -0.415558 -0.180004 0.186746 0.152853 0.195903 -0.487786 0.038367 0.031300 0.007001 -0.006999 0.260887 -0.073885 
1.717106 0.058345 -0.064283 -0.091550 -0.224642 0.241898 0.129690 0.211167 -0.417458 -0.129705 -0.021097 -0.079059 -0.017455 0.264490 -0.066244 
1.700496 0.322247 -0.107386 -0.079225 -0.360497 0.142012 0.138053 0.260330 -0.311980 -0.101857 -0.088255 -0.201576 -0.084450 0.250454 -0.012840 
1.861923 0.345890 -0.103202 -0.303055 -0.487648 0.127227 0.184362 0.254086 -0.276664 -0.039703 -0.050453 -0.170843 -0.037799 0.280883 0.045451 
1.861280 0.321079 0.019234 -0.256284 -0.485033 0.083381 0.025753 0.195564 -0.410717 -0.112024 -0.070578 -0.222806 -0.038961 0.274480 0.065001 
1.872229 0.233675 0.169538 -0.395723 -0.427327 0.006515 -0.023807 0.197571 -0.438131 -0.077924 -0.104605 -0.141084 -0.083636 0.313371 0.037780 
1.944615 -0.296324 0.330319 -0.416453 -0.366097 0.099220 -0.191404 0.223758 -0.308678 -0.173475 -0.184556 -0.072334 0.029434 0.169491 0.045784 
1.920955 -0.423313 0.258911 -0.305422 0.005124 -0.104814 -0.320998 0.054057 -0.349132 -0.057038 -0.065408 -0.000505 0.005043 0.184798 -0.048879 
1.959555 -0.491970 0.204456 -0.301855 0.026091 -0.091711 -0.371089 -0.058502 -0.308118 0.067457 -0.112239 -0.034633 0.013039 0.253343 -0.052975 
1.974766 -0.588156 0.211774 -0.278854 -0.016136 -0.041270 -0.365896 -0.103922 -0.313368 0.081117 -0.085812 -0.040237 0.031003 0.254093 -0.066442 
1.954781 -0.610306 0.171495 -0.204177 -0.063857 -0.036672 -0.358051 -0.135097 -0.235197 0.035485 -0.069048 -0.036432 0.093583 0.201547 -0.080520 
2.001379 -0.661930 0.170837 -0.218527 -0.062513 -0.037501 -0.359815 -0.112967 -0.198777 0.008060 -0.096573 0.014197 0.078782 0.204657 -0.086512 
2.024165 -0.663713 0.195449 -0.321968 -0.005884 -0.068675 -0.364444 -0.045570 -0.186465 -0.018520 -0.124864 0.064773 0.042221 0.223064 -0.065581 
2.024467 -0.627385 0.172528 -0.320600 -0.026277 -0.067275 -0.346315 -0.028364 -0.172868 -0.033683 -0.116666 0.054382 0.071636 0.187725 -0.065666 
2.082222 -0.635732 0.211564 -0.370094 -0.038523 -0.050039 -0.376504 0.043797 -0.188264 -0.017530 -0.144188 0.045150 0.059117 0.208195 -0.081816 
2.051021 -0.586506 0.230093 -0.405176 -0.078020 -0.038096 -0.380237 0.075654 -0.152322 -0.037080 -0.116640 -0.018348 0.119294 0.154381 -0.048342 
2.015432 -0.498376 0.262110 -0.470351 -0.056325 -0.077307 -0.405732 0.168456 -0.167932 0.027596 -0.183814 0.014894 0.046584 0.174492 -0.052737 
1.987683 -0.461372 0.271412 -0.472672 -0.071189 -0.097832 -0.383376 0.159259 -0.175603 0.078173 -0.167629 -0.028307 0.029685 0.204660 -0.102403 
1.870332 -0.418258 0.343276 -0.474436 -0.099376 -0.142834 -0.315805 0.109846 -0.202797 0.104142 -0.113051 -0.036075 0.054473 0.174339 -0.092905 
1.851595 -0.420049 0.388482 -0.565001 -0.099993 -0.114922 -0.307267 0.120670 -0.239960 0.135851 -0.096008 -0.005520 0.045180 0.171682 -0.100867 
1.895056 -0.485193 0.381308 -0.638677 -0.122904 -0.125251 -0.288745 0.190382 -0.240831 0.143550 -0.167860 0.014509 0.009187 0.215134 -0.120051 
1.913173 -0.395641 0.309169 -0.610507 -0.117866 -0.174435 -0.294600 0.132831 -0.163692 0.075795 -0.173169 0.026840 0.010959 0.220477 -0.090382 
1.931896 -0.410372 0.314341 -0.492466 -0.073783 -0.132143 -0.414149 0.126969 -0.263967 0.089821 -0.134603 0.086418 0.022498 0.197234 -0.047061 
1.881161 -0.402474 0.287261 -0.414267 -0.111382 -0.173003 -0.343024 0.059230 -0.204130 0.017441 -0.170008 0.029604 0.070530 0.202526 -0.069358 
1.839988 -0.251686 0.349782 -0.439422 -0.169626 -0.145390 -0.312212 0.066729 -0.208606 -0.053631 -0.150933 0.073954 -0.023305 0.205378 -0.044733 
1.756556 -0.194091 0.346418 -0.536239 -0.218920 -0.017216 -0.260846 0.105512 -0.248759 -0.193535 -0.144460 0.048928 0.008277 0.186516 0.053843 
1.853108 0.115998 0.462216 -0.525169 -0.440821 0.266059 -0.151032 -0.005910 -0.396532 -0.142874 0.008685 -0.115933 0.117221 0.337672 -0.138581 
1.763897 0.082870 0.435144 -0.427807 -0.231999 0.288721 -0.203605 -0.089255 -0.521948 -0.040923 0.089966 -0.016799 0.110125 0.213796 -0.173001 
1.647743 -0.176564 0.556762 -0.393228 -0.089116 0.308867 -0.344996 -0.163132 -0.513602 0.049501 0.215438 -0.027484 -0.012960 0.163440 -0.192849 
1.662130 -0.553227 0.662040 -0.145224 -0.255709 0.471944 -0.633897 -0.179764 -0.264586 0.002943 0.272765 -0.161479 -0.136411 0.278922 -0.088848 
1.596956 -0.805609 0.701618 0.314353 -0.412393 0.339989 -0.529648 -0.237508 -0.045932 -0.048117 0.019614 -0.176695 -0.092416 0.267092 -0.038321 
1.118373 -0.404928 0.422164 0.526443 -0.274797 0.076013 -0.338872 -0.302632 -0.099201 0.014028 -0.092912 -0.235965 -0.043728 0.237856 -0.066296 
0.785201 0.293936 0.360807 0.735611 -0.064761 0.138521 -0.170340 -0.091838 0.068485 0.089650 -0.216546 -0.153781 0.099745 0.048980 -0.173198 
0.714527 -0.497921 0.672037 -0.043835 -0.217632 0.302257 -0.217330 0.194664 -0.157290 -0.064567 0.014005 0.073997 -0.103979 0.034875 -0.018225 
0.814004 -0.460044 1.110460 0.152819 -0.265541 0.167949 -0.324092 0.200682 -0.373664 -0.130203 -0.026724 -0.136566 -0.044849 -0.094227 -0.049026 
0.688605 -0.290957 1.548368 0.050514 -0.425951 0.233971 -0.283759 0.070885 -0.371537 -0.106301 0.007130 -0.170716 -0.109276 0.037304 -0.042260 
0.441124 -0.176768 1.644738 -0.043006 -0.334951 0.248472 -0.294858 0.060412 -0.303591 -0.123921 -0.021145 -0.087961 -0.181418 0.080157 -0.031122 
0.334969 -0.064268 1.582815 0.031320 -0.399287 0.327927 -0.276912 0.038404 -0.340822 -0.075131 -0.028983 -0.181992 -0.156732 0.105365 -0.068899 
0.164204 0.093832 1.575561 0.040394 -0.332006 0.345897 -0.283391 0.069565 -0.305161 -0.178613 0.022812 -0.193311 -0.250523 0.106031 -0.066469 
0.263672 0.049601 1.452947 0.020658 -0.262139 0.293405 -0.227913 0.020608 -0.247921 -0.168253 -0.003032 -0.141723 -0.291640 0.184891 -0.126509 
0.093343 0.133031 1.341175 -0.038558 -0.167860 0.245848 -0.257195 0.107163 -0.316018 -0.040951 -0.036870 -0.169582 -0.112954 0.067059 -0.091375 
0.159433 0.282560 1.284687 0.032882 -0.228200 0.275370 -0.270975 0.097444 -0.376781 -0.118201 0.014200 -0.267761 -0.194197 0.134634 -0.127500 
0.104730 0.082033 1.304115 -0.042140 -0.227226 0.248225 -0.259561 0.109707 -0.365515 -0.067724 0.065091 -0.273125 -0.110569 0.168977 -0.166808 
-0.104770 0.305626 0.688751 0.192915 -0.005603 0.266056 -0.267860 0.091926 -0.340490 0.052970 -0.046002 -0.249850 -0.056562 0.038817 -0.139357 
-0.060374 -0.073968 1.332614 -0.121696 -0.098833 0.302857 -0.363658 0.213691 -0.358485 -0.126018 0.141917 -0.312043 -0.117699 0.179091 -0.196002 
-0.042706 0.380582 0.522061 0.244942 -0.041885 0.266913 -0.089597 -0.006578 -0.295818 0.011369 0.052082 -0.213233 -0.141969 0.134091 -0.135635 
