city022_033
MUSASHINO
70
-0.171047 0.131045 -0.087294 0.004870 -0.127131 -0.040137 0.000466 0.019600 -0.034396 -0.082185 0.047354 0.079304 -0.059480 -0.046347 0.110429 
-0.071416 -0.156582 0.311963 0.146774 -0.220084 0.061836 0.078903 -0.122340 -0.066339 0.088805 -0.012886 -0.076129 0.087196 -0.050710 0.006326 
0.708787 0.165367 0.562545 0.341372 -0.124467 0.083813 0.046465 -0.258375 -0.112636 0.023329 -0.173266 -0.115887 -0.040353 -0.034416 -0.052184 
0.733873 0.120743 0.648233 0.328400 -0.145298 0.289823 0.065059 -0.305309 -0.121131 0.015347 -0.233068 -0.134361 -0.015010 -0.200724 -0.023960 
1.003348 0.160075 0.535835 0.237574 -0.170718 0.321871 0.122370 -0.296326 -0.206852 -0.014973 -0.191879 -0.156497 -0.015781 -0.150175 -0.082400 
1.161445 0.043388 0.631873 0.310467 -0.165638 0.284455 0.054703 -0.265126 -0.186821 0.015754 -0.163078 -0.223920 0.013706 -0.144912 -0.094769 
1.197027 -0.356860 0.552532 0.063832 0.198498 0.318671 -0.238736 -0.198372 -0.373155 0.003921 0.107762 -0.391383 -0.042772 -0.069434 -0.209081 
1.529045 -0.302286 0.484378 -0.037360 0.111695 0.028953 -0.379650 -0.059153 -0.217553 0.111694 0.014138 -0.429620 0.166667 0.138103 -0.196235 
1.430390 -0.414471 0.576452 0.007017 0.152281 -0.141628 -0.343493 -0.005653 -0.215311 0.213256 -0.140914 -0.300768 0.179955 0.154100 -0.169243 
1.410503 -0.437606 0.623290 0.077184 0.089344 -0.097147 -0.413957 -0.007948 -0.172277 0.151449 -0.125401 -0.324072 0.196694 0.181109 -0.224551 
1.267383 -0.345171 0.544105 0.161897 0.188041 -0.159636 -0.296221 -0.071541 -0.214341 0.154258 -0.221486 -0.271916 0.080978 0.166424 -0.184206 
0.553050 0.028708 0.413752 0.140463 0.360976 -0.259958 -0.188848 -0.234058 -0.091012 0.093859 -0.268221 -0.184937 -0.002041 0.132753 -0.134621 
-0.191441 -0.058632 0.431660 0.151711 0.320496 -0.380091 0.065511 -0.199940 -0.034194 -0.056963 -0.052738 -0.034244 -0.120967 0.093160 -0.030454 
-0.573896 -0.251890 0.206537 -0.067856 0.301571 -0.266613 0.199312 -0.125253 0.029655 0.047996 -0.055688 0.027958 0.000649 -0.018659 0.019819 
-0.368861 -0.394882 0.184004 -0.059389 0.271947 -0.307277 0.241611 -0.071468 0.056837 -0.076838 0.053021 -0.045604 0.071911 -0.062079 0.019655 
-0.644944 -0.256560 0.386852 -0.051102 0.149124 -0.356581 0.055252 -0.089695 0.106510 -0.128462 0.049775 0.009790 0.021534 -0.058598 0.075859 
-0.291892 -0.302766 0.176913 -0.146843 0.272486 -0.158448 0.203208 -0.117213 0.048744 -0.054659 -0.010612 0.098023 -0.057712 -0.022693 0.025185 
-0.248030 -0.384614 0.360146 -0.109222 0.202050 -0.184021 0.189586 -0.032151 0.065358 -0.109315 0.040544 0.035229 -0.000018 -0.042290 0.000944 
-0.122147 -0.217147 0.677548 0.085008 0.328452 -0.259340 -0.069199 -0.074088 0.141411 -0.114982 -0.130708 -0.014311 0.075053 -0.050651 -0.054550 
0.627601 -0.367352 0.398516 -0.159728 0.233250 -0.084487 -0.003281 -0.126815 0.311268 -0.092159 -0.166672 0.137281 -0.029766 0.052460 -0.081198 
1.191751 -0.566083 0.285868 -0.091439 0.060669 -0.145018 -0.176394 -0.153082 0.018071 0.145322 -0.251752 0.107296 0.021489 0.046067 -0.000351 
1.755413 -0.934535 0.448746 -0.412655 -0.013074 -0.015238 -0.447438 -0.249413 -0.165514 0.384446 -0.054878 -0.000256 0.076438 0.144314 0.057708 
1.513372 -0.953799 0.435347 -0.470982 0.007051 -0.091920 -0.433708 -0.221735 -0.221364 0.399478 0.039604 0.001250 0.106101 0.134363 0.086231 
1.410364 -0.838834 0.426705 -0.485958 -0.037927 -0.139425 -0.300324 -0.247034 -0.198793 0.379851 0.142636 -0.042397 0.113073 0.105839 0.032121 
1.463451 -0.789415 0.455561 -0.539483 -0.046867 -0.107680 -0.286356 -0.234056 -0.225266 0.419996 0.146751 -0.041008 0.108977 0.077708 0.014380 
1.416615 -0.796923 0.464750 -0.558253 -0.039968 -0.098895 -0.281560 -0.264019 -0.199134 0.414385 0.133364 -0.037354 0.133104 0.044438 0.014529 
1.464635 -0.851172 0.487008 -0.540469 -0.007989 -0.106301 -0.309356 -0.267574 -0.221368 0.414709 0.110810 -0.060179 0.176965 0.021773 0.039932 
1.522054 -0.892384 0.477739 -0.465891 0.006174 -0.077947 -0.381803 -0.227013 -0.241054 0.394546 -0.033271 -0.002191 0.181088 0.015292 0.096485 
1.542715 -0.853150 0.488348 -0.480918 0.077564 -0.078391 -0.396154 -0.154410 -0.222096 0.255179 -0.142355 0.018174 0.173841 0.080834 -0.007522 
1.157485 -0.762668 0.525993 -0.304470 0.223202 -0.179171 -0.261368 -0.285294 -0.189699 0.298964 -0.301844 0.070740 0.067334 0.044105 0.048166 
0.666133 -0.103043 0.567975 -0.392604 0.409594 -0.163365 -0.100777 -0.205136 -0.068946 0.295518 -0.257359 0.020820 0.031402 -0.005302 0.026788 
0.020249 0.064054 0.395598 -0.487390 0.517165 -0.472341 -0.070469 -0.085280 0.101320 0.170988 -0.240670 0.075981 0.090245 -0.030039 -0.005449 
-0.342255 0.472105 0.716984 -0.626912 0.632776 -0.405184 -0.003124 -0.219365 -0.134807 0.029464 -0.193213 0.038747 -0.045291 -0.028662 0.039991 
-0.745169 -0.091392 0.759053 -0.488023 0.686063 -0.505041 0.006319 0.064847 -0.041270 0.045448 -0.177879 0.155696 -0.074980 0.012125 0.031613 
-0.763802 -0.121805 0.773447 -0.625145 0.634149 -0.294670 0.121530 0.155966 -0.169061 0.106890 -0.035971 0.054349 -0.046933 0.024222 0.012582 
-1.335116 -0.649399 0.553816 -0.799752 0.555341 -0.414501 0.047294 0.234785 -0.025355 -0.048057 -0.100285 0.114565 -0.000426 -0.088918 0.065311 
-1.040123 -0.620325 0.873682 -0.660810 0.322336 -0.553534 -0.029924 0.224548 -0.102662 0.164298 -0.223041 0.197808 0.108310 -0.213911 0.082142 
-0.770981 -0.363936 0.911351 -0.709799 0.325285 -0.328851 -0.171659 0.125203 -0.207864 0.212109 -0.124948 0.064267 0.060586 -0.051288 0.065596 
0.221958 -0.418308 1.039688 -0.362492 0.255810 -0.322793 -0.286004 0.148205 -0.285041 0.151671 -0.227422 -0.005795 0.221105 -0.165210 0.044668 
0.581574 -0.650378 1.193645 -0.118183 0.115765 -0.233046 -0.288562 0.088748 -0.228157 -0.002959 -0.259898 0.005468 0.132822 -0.118910 -0.048622 
0.889775 -0.744736 1.162000 -0.057352 -0.035990 -0.115136 -0.364553 0.115745 -0.237644 -0.103443 -0.162250 -0.006741 0.073388 -0.057561 -0.097759 
0.747935 -0.686988 1.221650 -0.091420 0.013552 -0.206714 -0.283454 0.128573 -0.322387 -0.091757 -0.168236 -0.006041 0.064362 -0.119845 -0.059452 
0.854979 -0.675644 1.285626 -0.031840 -0.103071 -0.143018 -0.304931 0.131105 -0.293863 -0.143545 -0.145713 0.019909 0.031839 -0.116083 -0.042316 
1.095132 -0.666673 1.260950 0.008151 -0.263854 -0.081445 -0.332024 0.150937 -0.256014 -0.137134 -0.044421 0.014002 0.063279 -0.080290 -0.030509 
1.200372 -0.689511 1.263563 -0.044704 -0.221575 -0.149289 -0.283797 0.153065 -0.339681 -0.028547 -0.118235 0.050625 0.053231 -0.092332 0.013624 
1.314869 -0.692687 1.230531 -0.069274 -0.162087 -0.184825 -0.280658 0.193368 -0.389803 0.026647 -0.146972 0.013811 0.095119 -0.102976 -0.002382 
1.321227 -0.594772 1.004359 0.006213 -0.124987 -0.235483 -0.223417 0.152114 -0.320439 0.006024 -0.157276 0.001103 0.085462 -0.034788 -0.104067 
1.467375 -0.720990 0.887974 -0.020792 -0.071567 -0.216432 -0.220899 0.179121 -0.319194 0.067031 -0.174818 -0.038790 0.120298 -0.013859 -0.119547 
1.436057 -0.772144 0.788517 0.069974 -0.100172 -0.099392 -0.251358 0.100004 -0.261753 0.087236 -0.120092 -0.097889 0.087080 0.075167 -0.130886 
1.585286 -0.889028 0.790444 0.064966 -0.109954 -0.010978 -0.334264 0.013044 -0.148373 0.069064 -0.071616 -0.155521 0.072151 0.169719 -0.165193 
1.605690 -0.831669 0.712861 0.056440 -0.173701 0.118191 -0.448428 -0.089595 -0.074120 0.075789 0.030071 -0.204650 0.015385 0.280261 -0.126261 
1.775195 -0.843960 0.641475 -0.112411 -0.168685 0.130688 -0.462714 -0.123063 -0.028711 0.139662 0.128230 -0.199664 0.010435 0.285110 -0.090118 
1.815374 -0.731829 0.409587 -0.276616 -0.072186 0.132207 -0.380530 -0.114048 -0.186047 0.187325 0.229720 -0.181869 -0.063532 0.241239 -0.063812 
1.809295 -0.679763 0.323176 -0.351797 -0.106958 0.067372 -0.240293 -0.037917 -0.265083 0.194363 0.127011 -0.170766 0.079364 0.111096 -0.043608 
1.901432 -0.690440 0.326931 -0.453272 -0.233090 0.138434 -0.178937 0.078595 -0.348169 0.127624 0.111218 -0.147936 0.136213 0.108035 -0.080398 
1.841686 -0.645548 0.265054 -0.475854 -0.359936 0.169876 -0.100362 0.054067 -0.273768 -0.013233 0.064021 -0.121470 0.153643 0.201657 -0.109305 
1.927619 -0.706318 0.295716 -0.458868 -0.448571 0.174655 -0.040202 0.088959 -0.278677 0.020948 0.018234 -0.056405 0.143601 0.147300 -0.069069 
1.918590 -0.609801 0.300809 -0.449364 -0.594507 0.135786 -0.044939 0.063777 -0.072247 -0.064289 0.023751 -0.092251 0.085298 0.173402 -0.089790 
1.848184 -0.559897 0.344652 -0.566021 -0.558583 0.041966 -0.050024 0.132305 -0.067798 -0.011747 -0.042764 -0.088636 0.094422 0.112695 -0.038594 
1.858545 -0.602404 0.360740 -0.652508 -0.544387 0.055747 -0.183206 0.189819 0.025944 -0.003006 -0.113847 -0.048755 0.064886 0.091162 -0.032084 
1.854859 -0.484327 0.273418 -0.730925 -0.471607 -0.007170 -0.224900 0.204278 0.067828 0.031004 -0.102395 -0.060119 0.075175 0.045436 -0.009165 
1.914564 -0.318792 0.226285 -0.752323 -0.556506 0.058065 -0.225426 0.173222 0.036147 0.031760 -0.012168 -0.163456 0.105154 0.066539 -0.030045 
1.930734 0.017703 0.236753 -0.715343 -0.669677 0.132274 -0.097025 0.136342 -0.001384 0.030872 0.001804 -0.240865 0.120413 0.049157 -0.048302 
2.037934 0.103346 0.141946 -0.656341 -0.572251 0.118898 -0.062074 0.088183 -0.016658 0.026855 -0.059286 -0.265301 0.143255 0.019996 -0.066041 
1.841053 0.208912 0.106119 -0.672633 -0.574129 -0.009784 -0.134274 0.012089 0.066968 0.091374 -0.043838 -0.061930 0.113357 -0.061906 0.041956 
1.695669 0.415195 0.196071 -0.830458 -0.447926 -0.118623 -0.190548 0.117689 -0.116902 0.194927 0.131285 -0.127769 0.209988 0.035433 -0.121711 
1.779989 0.465309 0.033050 -0.877319 -0.626583 0.057154 -0.111909 0.109514 0.015457 0.065294 0.081503 -0.121734 0.238829 0.075959 -0.076855 
1.568686 0.079727 0.072492 -0.905901 -0.565608 0.115989 -0.122312 0.127750 0.003774 0.029506 0.032572 -0.119122 0.228489 0.075209 -0.052610 
0.884213 0.275704 -0.318026 -0.747017 -0.519875 -0.110903 0.108561 0.063435 0.010577 0.000363 -0.003100 0.028015 0.229383 0.103137 0.074048 
1.126388 0.303130 -0.101612 -0.575895 -0.453697 0.026802 0.068764 -0.062669 -0.081685 -0.022576 -0.146755 0.012911 0.212729 0.056421 0.117304 
