city022_023
NUMABUKURO
74
-0.524642 -0.140082 0.008892 -0.044529 -0.018321 0.075567 0.036986 -0.182161 0.018601 -0.029102 0.105796 -0.013892 -0.046714 -0.032089 0.082734 
0.278384 0.337255 0.498333 0.081620 -0.274424 0.107031 0.079865 -0.236739 -0.061755 0.003575 -0.036161 -0.124472 0.065563 -0.027020 -0.011183 
0.716344 0.452689 0.595917 0.224280 -0.300082 0.163054 0.045131 -0.275374 -0.136192 -0.020653 -0.189490 -0.150748 -0.001001 -0.088862 -0.039282 
0.886594 0.396014 0.753705 0.205223 -0.500671 0.236252 0.145442 -0.278898 -0.057815 -0.121095 -0.047303 -0.302971 0.008686 -0.028856 -0.147520 
0.968472 0.075381 0.909137 0.337460 -0.328613 0.107827 0.117912 -0.248010 -0.145022 -0.108273 -0.025454 -0.271176 -0.057364 0.028538 -0.155650 
1.109835 0.063293 0.930437 0.265074 -0.338485 0.128680 0.103516 -0.236549 -0.152563 -0.093335 -0.014534 -0.273449 -0.035770 0.020225 -0.115038 
1.155381 -0.209464 0.809381 0.384786 0.040763 -0.187745 -0.109391 -0.186250 -0.038474 -0.026573 -0.167283 -0.165305 0.054209 0.088388 -0.116038 
1.483411 -0.463930 0.686433 0.278469 0.025247 -0.194170 -0.223404 0.002094 -0.177209 -0.030976 -0.040616 -0.303408 0.166334 0.037235 -0.092656 
1.549072 -0.556092 0.691400 0.188202 0.042321 -0.184222 -0.233989 -0.080296 -0.143218 0.031904 0.021193 -0.315629 0.146394 0.118142 -0.053939 
1.741304 -0.642079 0.631170 0.173927 0.017835 -0.051126 -0.354174 -0.107560 -0.187394 0.143453 0.071194 -0.371498 0.150507 0.148750 -0.008475 
1.686813 -0.575760 0.534043 0.046236 0.008279 0.046786 -0.221647 -0.199552 -0.233644 0.061842 0.124865 -0.332792 0.086913 0.043777 0.009685 
1.409439 -0.378385 0.737101 0.217956 -0.344455 0.312256 0.123476 -0.200157 -0.205527 -0.098784 0.064049 -0.276647 0.032905 -0.007618 -0.093569 
1.234134 -0.357548 0.975182 0.207452 -0.278128 0.252270 0.071045 -0.293803 -0.186728 -0.083329 -0.054805 -0.244300 -0.093420 0.019606 -0.104786 
1.300659 -0.326911 0.855595 0.182057 -0.393595 0.389659 0.112624 -0.254536 -0.211513 -0.159647 -0.017861 -0.264453 -0.052785 -0.000383 -0.106195 
1.290040 -0.353006 0.862956 0.093292 -0.380930 0.360917 0.232113 -0.275365 -0.254471 -0.152928 -0.085718 -0.230690 -0.047301 -0.001374 -0.069498 
1.286531 -0.331692 0.821228 0.092493 -0.392821 0.386453 0.219256 -0.294461 -0.242378 -0.180992 -0.091460 -0.196009 -0.069978 0.015756 -0.073645 
1.559642 -0.399947 0.755497 -0.019971 -0.370006 0.273199 0.121747 -0.132332 -0.313990 -0.159513 -0.039759 -0.269037 0.051695 -0.008379 -0.019827 
1.775046 -0.675565 0.389456 -0.414883 -0.274643 0.089348 0.034946 -0.092279 -0.386800 -0.016906 0.199998 -0.113132 0.215616 0.043508 -0.000765 
1.732855 -0.894281 0.393857 -0.673415 -0.105404 -0.093111 0.026026 -0.211836 -0.186787 0.054316 0.384768 -0.001393 0.057275 0.025738 -0.018696 
1.627802 -0.773694 0.304126 -0.659434 -0.141525 0.077586 -0.026202 -0.129893 -0.176868 0.107340 0.437807 -0.014875 -0.032532 -0.065694 -0.061421 
1.633963 -0.821522 0.302575 -0.770226 -0.098851 0.059024 -0.005043 -0.065234 -0.191343 0.136454 0.404049 -0.001743 -0.053572 -0.081519 -0.082783 
1.645834 -0.946087 0.337338 -0.769646 -0.083664 0.026971 -0.015231 -0.064158 -0.135140 0.057225 0.432350 -0.015387 -0.044544 -0.109435 -0.030871 
1.591885 -1.006555 0.320895 -0.754698 -0.053209 -0.013114 -0.033754 -0.093851 -0.129624 0.076880 0.439259 -0.003448 -0.063040 -0.102999 -0.021433 
1.596954 -1.035176 0.337017 -0.702035 -0.086765 -0.071412 -0.049698 -0.100335 -0.090561 0.093349 0.381318 0.043303 -0.089622 -0.050413 -0.001200 
1.612909 -1.076231 0.417487 -0.656531 -0.074447 -0.186351 -0.052076 -0.131834 -0.046628 0.037904 0.342169 0.093394 -0.055014 -0.015235 0.027168 
1.644552 -1.074037 0.377277 -0.545122 -0.095401 -0.214981 -0.018532 -0.143995 -0.283051 0.085270 0.281952 0.117477 0.057850 0.028538 0.020024 
1.705849 -0.884235 0.317480 -0.433507 -0.189656 -0.085306 -0.094941 -0.113327 -0.338173 -0.118246 0.331148 0.024453 0.183630 0.025678 0.097767 
1.452068 -0.218217 0.232404 -0.210207 -0.096766 0.291851 0.126188 -0.066045 -0.320751 -0.136815 0.212193 -0.103506 0.101875 0.011089 -0.006867 
0.976210 0.347341 0.198845 -0.007716 -0.079378 0.259107 0.260419 -0.236737 -0.400185 -0.177698 0.003832 -0.164145 0.030847 0.028730 -0.101253 
1.170069 0.351454 0.044517 0.018053 -0.018667 0.187617 0.165686 -0.266521 -0.418596 -0.141617 0.135113 -0.158071 -0.000480 0.030896 -0.120373 
1.167366 0.321741 0.005691 0.142779 0.030534 0.245633 0.074301 -0.303004 -0.377381 -0.153312 0.190189 -0.120390 -0.121879 -0.019045 -0.118536 
1.112615 0.363735 0.051394 0.080300 0.192202 0.215597 0.045463 -0.307692 -0.312429 -0.109216 0.048246 -0.103684 -0.100152 -0.119166 -0.100776 
1.234310 -0.228779 0.265650 -0.139174 0.043286 0.411867 -0.031807 -0.260195 -0.225535 -0.038352 0.190476 -0.073818 0.027631 -0.122473 -0.085583 
1.868146 -0.550837 0.434435 -0.293480 -0.104363 0.242843 -0.246516 -0.241376 -0.433113 -0.043042 0.221323 -0.179008 0.138993 -0.039191 -0.011916 
1.738298 -0.769258 0.572691 -0.277890 -0.085579 0.142020 -0.315561 -0.231341 -0.389910 -0.008786 0.187826 -0.136005 0.100439 -0.023891 0.079004 
1.748594 -0.797742 0.484167 -0.318035 0.032477 0.067626 -0.265483 -0.256183 -0.396054 -0.054712 0.190326 -0.115176 0.108017 -0.039779 0.052941 
1.798760 -0.797144 0.581495 -0.286307 -0.069316 0.142467 -0.321600 -0.158778 -0.424956 -0.060387 0.186633 -0.138737 0.142322 -0.075322 0.061135 
1.711056 -0.636509 0.621760 -0.325984 -0.063064 0.031175 -0.180456 -0.180513 -0.356985 -0.059431 0.115709 -0.153265 0.135933 -0.017092 0.079890 
1.780905 -0.546511 0.665812 -0.296965 -0.081821 0.053733 -0.157570 -0.108823 -0.401443 -0.077581 0.113892 -0.223283 0.151835 -0.030572 0.056541 
1.737893 -0.329577 0.565223 -0.293785 0.005549 0.167539 -0.052424 -0.175936 -0.494136 -0.073020 0.134523 -0.136108 0.036404 -0.012688 -0.015212 
1.575379 -0.014196 0.419474 -0.216559 -0.034634 0.168202 0.024570 -0.161823 -0.477127 -0.099412 0.109161 -0.203517 0.058222 0.026486 -0.046871 
1.363778 0.278888 0.108350 -0.052383 -0.033995 0.214144 0.160909 -0.253242 -0.389264 -0.088760 0.118912 -0.134151 0.056647 0.012768 -0.122501 
0.665798 0.441908 0.218660 0.196912 0.142418 0.221697 0.079723 -0.191075 -0.296743 -0.171288 0.119087 -0.203631 -0.153067 -0.059237 -0.071034 
0.315617 0.464838 0.316972 0.353627 0.078810 0.191716 0.008652 -0.162451 -0.235224 -0.089234 0.017078 -0.208133 -0.200623 -0.002850 -0.059596 
0.238147 0.430910 0.307534 0.248123 -0.006690 -0.002298 -0.099518 -0.184352 -0.185410 -0.186462 0.042737 -0.184432 -0.148107 0.063475 -0.011087 
0.233973 0.249926 0.123463 0.279298 -0.030209 -0.144849 0.019187 -0.237364 -0.114051 -0.169894 0.177422 -0.136726 -0.162923 0.152771 0.027062 
0.156770 0.391542 0.077234 0.180532 -0.158103 -0.005816 -0.052545 -0.193526 -0.128491 -0.159793 0.116747 -0.057594 -0.119106 0.097682 0.067729 
0.838722 -0.792904 -0.465636 -0.224997 0.197437 0.061505 -0.108336 -0.054326 -0.089428 0.087724 0.155026 -0.016349 -0.014759 -0.184619 0.069383 
1.023367 -0.990908 -0.392759 -0.491913 0.309913 0.104809 -0.057883 -0.014916 -0.096375 0.097484 0.112658 -0.019274 -0.030488 -0.233656 0.131133 
0.677848 -0.796734 -0.348084 -0.243394 0.376826 0.010970 -0.086342 -0.026529 -0.108398 0.141409 0.006853 -0.038572 0.082304 -0.187504 0.124224 
1.140643 -0.496873 0.326913 0.031676 0.271599 0.031203 -0.146635 -0.074928 -0.337390 0.102171 0.154583 -0.218621 0.020436 -0.147693 0.137400 
1.459339 -0.311132 0.481167 0.080672 0.111253 0.140296 -0.241387 -0.168777 -0.351907 0.007289 0.173255 -0.314055 -0.093022 0.016253 0.080038 
1.569014 -0.346525 0.464345 0.087939 0.085000 0.090374 -0.188664 -0.262241 -0.306513 -0.053326 0.187908 -0.260931 -0.176629 0.098224 0.047287 
1.540923 -0.307818 0.541543 -0.024705 0.068433 0.100789 -0.223754 -0.265154 -0.351327 -0.032874 0.189704 -0.258546 -0.120420 0.080228 0.038566 
1.529496 -0.355454 0.575998 -0.115380 0.059535 0.143191 -0.303684 -0.290563 -0.367734 0.008376 0.231421 -0.266919 -0.076112 0.069483 0.042927 
1.474765 -0.379368 0.611575 -0.165299 0.083642 0.130774 -0.339438 -0.305169 -0.362171 0.032716 0.234717 -0.235097 -0.102255 0.083981 0.090235 
1.468782 -0.634889 0.686505 -0.026547 -0.197304 0.338869 -0.377648 -0.381486 -0.206161 -0.189829 0.291610 -0.245540 -0.141664 0.122384 0.064780 
1.543928 -0.779808 0.161062 0.500652 -0.197295 -0.031232 0.047456 -0.339803 -0.427316 -0.216580 0.197001 -0.078616 -0.172082 -0.011923 -0.034903 
1.720870 -0.631296 0.012682 0.381977 -0.017433 -0.033889 0.001111 -0.270256 -0.355643 -0.255389 0.023682 -0.113896 0.064416 -0.088863 -0.104022 
1.803811 -0.613429 0.074988 0.414800 -0.314762 -0.043630 0.230196 -0.344627 -0.439700 -0.271072 0.086637 -0.064094 0.038553 -0.068708 -0.033408 
1.941261 -0.577363 0.380892 0.095206 -0.548319 0.191281 0.184920 -0.493109 -0.308868 -0.202750 0.080308 -0.055015 0.096126 0.064800 -0.047258 
1.941652 -0.396908 0.532150 -0.275141 -0.510094 0.370734 -0.006550 -0.368344 -0.164050 -0.333576 0.138476 0.161397 -0.008194 0.162618 0.052329 
1.895809 -0.308611 0.457823 -0.406920 -0.527456 0.326455 -0.139870 -0.196570 -0.165609 -0.407028 0.279963 0.112830 0.010442 0.270867 0.057851 
1.808607 -0.158210 0.367641 -0.492829 -0.455078 0.195290 -0.095214 -0.102725 -0.266754 -0.341331 0.245064 0.018386 0.086048 0.309871 0.055349 
1.701254 -0.048740 0.281045 -0.550769 -0.453422 0.129401 -0.044474 -0.037575 -0.311881 -0.347762 0.241635 -0.027351 0.139694 0.345926 0.101060 
1.635763 0.011458 0.254976 -0.618568 -0.534681 0.081954 -0.021250 0.001020 -0.194867 -0.377462 0.261539 -0.059440 0.125601 0.374339 0.141303 
1.825161 0.002088 0.367936 -0.665343 -0.525839 -0.057116 0.001071 0.077453 -0.202313 -0.195095 0.142169 -0.035637 0.057053 0.255993 0.225701 
1.817199 0.073511 0.231157 -0.554330 -0.600390 -0.042480 0.032726 0.054071 -0.057323 -0.171338 0.154881 -0.066892 0.011047 0.180865 0.168069 
1.454022 0.269109 0.066955 -0.634529 -0.591867 -0.169266 0.069761 0.102643 -0.164733 -0.148659 0.147621 -0.122033 0.099718 0.235691 0.248284 
1.680313 0.173665 0.164663 -0.606429 -0.650226 -0.160818 0.054746 0.042609 -0.055715 -0.136946 0.102135 -0.097062 -0.016602 0.229913 0.211797 
1.457489 0.338239 0.091229 -0.613786 -0.537907 -0.198883 0.089157 0.051884 -0.125949 -0.071951 0.119001 -0.157425 0.069766 0.208381 0.109122 
1.391385 0.439700 0.105692 -0.753965 -0.548635 -0.190848 0.044178 0.115742 -0.135298 -0.117562 0.157285 -0.182121 0.105362 0.264851 0.152953 
0.681931 0.562041 -0.201705 -0.549135 -0.545564 -0.177304 0.100473 0.026789 -0.066953 -0.171150 0.111627 -0.018567 0.017199 0.300520 0.139355 
0.055735 0.154310 -0.024594 -0.730356 -0.258982 -0.011158 0.170171 0.199327 -0.086166 0.010027 0.049141 -0.194597 0.078765 0.006431 0.053230 
