city022_081
HYUUGA
58
-0.584505 -0.373887 0.393137 -0.239364 -0.375999 0.239020 -0.300973 -0.051611 0.168238 0.035941 -0.044659 0.073418 -0.016186 0.017107 -0.045223 
-0.462449 -0.328108 0.836769 -0.010329 -0.352950 0.244976 -0.396546 -0.080246 0.078675 -0.072431 -0.109297 0.069065 0.019215 0.023076 -0.039416 
-0.379826 -0.650909 0.744021 -0.118230 -0.156957 0.506635 -0.263194 -0.107762 0.023255 0.104829 -0.034785 -0.014887 -0.018587 -0.008248 0.008704 
-0.118678 -0.584681 0.805578 0.008153 -0.184746 0.428039 -0.111905 0.037685 0.059841 0.047025 -0.044601 0.059072 0.002103 0.008868 -0.035152 
-0.167818 -0.570445 0.982757 -0.097415 -0.352291 0.300899 -0.178889 0.056574 -0.009551 0.019795 -0.076134 0.074934 0.022462 -0.114862 0.095089 
-0.096770 -0.547297 1.044982 -0.162762 -0.240779 0.417276 -0.183378 0.081162 -0.001930 0.032967 -0.026388 0.029576 -0.011940 0.014888 -0.019210 
-0.186245 -0.581040 0.964643 -0.288580 -0.315650 0.119004 -0.031161 0.086632 -0.110693 0.164226 -0.131509 0.087386 -0.011846 -0.051545 0.043003 
-0.251148 -0.629285 1.107633 -0.271967 -0.269392 0.356464 -0.065353 0.098060 -0.068796 0.089989 -0.051501 0.039763 -0.006898 -0.006403 0.023031 
0.061313 -0.590344 1.133969 -0.284606 -0.243066 0.234343 -0.129294 0.171944 -0.075438 0.015510 -0.010248 0.099628 -0.111700 0.028510 0.014498 
0.217517 -0.593834 1.156073 -0.123125 -0.020508 0.290432 -0.033850 0.036814 -0.122393 0.192864 -0.099688 0.054650 -0.066245 0.073268 -0.014433 
0.725803 -0.557989 1.267889 -0.078654 -0.334774 0.278275 -0.012772 -0.089684 -0.174757 0.247469 -0.202498 -0.035776 0.095148 -0.019880 -0.114344 
1.284502 -0.095015 1.060392 0.077571 -0.502585 0.009175 -0.040177 -0.004634 -0.324328 0.105058 -0.086315 -0.080192 -0.027187 0.017883 -0.061703 
1.033916 -0.550710 1.309332 0.391684 -0.372360 0.040179 -0.212838 0.187756 -0.352320 -0.241844 0.116581 -0.144290 -0.194241 0.097259 -0.102021 
1.035844 -0.945479 1.362262 0.405514 -0.408217 -0.056257 -0.287617 0.286367 -0.521643 -0.278770 0.171660 -0.196936 -0.198969 0.078185 -0.018436 
1.069710 -0.929173 1.227755 0.377885 -0.349068 -0.142780 -0.350836 0.241967 -0.447029 -0.351470 0.145460 -0.125621 -0.226009 0.194747 -0.101117 
1.277837 -0.994036 1.107304 0.442516 -0.389744 -0.023309 -0.464543 0.246467 -0.362673 -0.393901 0.134263 -0.159943 -0.155203 0.179605 -0.151024 
1.238692 -0.970367 1.140631 0.322052 -0.213443 -0.117987 -0.447540 0.237872 -0.385426 -0.272344 0.011409 -0.136916 -0.118377 0.179271 -0.179135 
1.279891 -0.993787 1.191274 0.224854 -0.118148 -0.096558 -0.516148 0.278517 -0.442526 -0.138951 -0.061237 -0.185680 -0.047470 0.160577 -0.164527 
1.229241 -0.896376 1.057677 0.233124 -0.052566 -0.114109 -0.454828 0.161605 -0.346169 -0.152920 -0.059135 -0.207714 -0.066157 0.191916 -0.185622 
1.310936 -0.892318 1.017215 0.168967 -0.023433 -0.016789 -0.512955 0.148775 -0.355479 -0.112583 -0.042388 -0.262885 -0.072302 0.242706 -0.229693 
1.262146 -0.769769 0.975027 0.152182 0.010454 0.018823 -0.512933 0.108524 -0.330771 -0.061821 -0.020098 -0.309824 -0.052023 0.216365 -0.143204 
1.362972 -0.816330 0.951058 0.094804 0.014932 0.067612 -0.537614 0.083234 -0.342335 0.009946 -0.034959 -0.331190 -0.024032 0.242264 -0.175349 
1.329557 -0.754373 0.911852 0.021514 0.019378 0.057231 -0.528225 0.036009 -0.306203 0.005045 0.020563 -0.340236 0.006260 0.247331 -0.151493 
1.489651 -0.748512 0.884457 -0.008304 -0.000405 0.101167 -0.585657 0.065357 -0.308516 0.047503 0.043050 -0.356227 0.029332 0.283055 -0.165869 
1.434159 -0.684668 0.953562 -0.083784 0.083960 0.043218 -0.573329 0.033950 -0.337087 0.146310 -0.029997 -0.312139 0.009953 0.300409 -0.119605 
1.426779 -0.609164 0.891811 -0.074326 0.084379 0.117308 -0.593946 -0.001393 -0.341848 0.139016 0.036015 -0.363942 -0.007111 0.286420 -0.083072 
1.409886 -0.585481 0.922888 -0.165257 0.143265 0.104566 -0.542571 0.030519 -0.405404 0.193737 0.019203 -0.330398 -0.016614 0.260504 -0.099365 
1.384302 -0.523804 0.820537 -0.115518 0.137243 0.118543 -0.514957 -0.009038 -0.416662 0.146911 0.052355 -0.376733 -0.020795 0.228216 -0.115368 
1.339559 -0.507421 0.855714 -0.150800 0.189068 0.138804 -0.494058 -0.032269 -0.499159 0.262095 -0.046477 -0.298852 -0.086845 0.179041 -0.025295 
1.371547 -0.460639 0.756802 -0.063134 0.209184 0.156620 -0.431907 -0.058677 -0.484057 0.243896 -0.058236 -0.321994 -0.107502 0.154352 -0.078841 
1.179261 -0.248363 0.679596 -0.002311 0.234546 0.121133 -0.362294 -0.082796 -0.464470 0.224713 -0.017161 -0.361536 -0.084891 0.105903 -0.018368 
1.194955 -0.096377 0.617286 -0.001373 0.336064 0.071976 -0.323079 -0.031540 -0.512171 0.262170 -0.024467 -0.315746 -0.128149 0.086956 0.013013 
1.190908 -0.068321 0.504962 0.187292 0.174766 0.069794 -0.290264 -0.080933 -0.386255 0.177856 -0.085291 -0.351687 -0.053577 0.105218 -0.084631 
1.081090 0.076125 0.450747 0.251876 0.175020 0.019305 -0.277049 -0.033313 -0.368655 0.156620 -0.024336 -0.371800 -0.009977 0.098557 -0.042816 
1.005473 0.046136 0.509554 0.244130 0.188926 0.057904 -0.395473 -0.037849 -0.289453 0.165035 -0.104374 -0.364386 0.013867 0.110295 -0.051959 
1.080243 0.073391 0.460974 0.330748 0.045969 0.058207 -0.420110 -0.078919 -0.290387 0.082612 -0.011013 -0.376935 -0.034178 0.227095 -0.088156 
1.159011 -0.094234 0.476735 0.179831 0.031462 -0.057352 -0.434005 -0.092098 -0.338513 0.140131 -0.038273 -0.308774 0.010995 0.257701 -0.063115 
1.246562 -0.262205 0.502185 0.048213 0.003510 -0.083737 -0.460407 -0.103874 -0.392436 0.166626 -0.011220 -0.228537 -0.010950 0.279481 0.000021 
1.449141 -0.502855 0.550785 -0.066448 -0.058172 -0.047417 -0.539959 -0.078232 -0.372057 0.166383 0.090520 -0.148174 -0.041287 0.326209 0.045256 
1.424444 -0.740800 0.622322 -0.251796 -0.022558 -0.058135 -0.597923 -0.021288 -0.352686 0.287277 0.141142 -0.126675 -0.025113 0.353942 0.061769 
1.487958 -0.795280 0.412856 -0.226937 -0.162232 -0.005113 -0.553130 -0.053871 -0.180331 0.228428 0.311015 -0.075303 -0.113242 0.345907 0.067102 
1.472652 -0.865494 0.380674 -0.382070 -0.227986 0.003835 -0.441018 -0.019404 -0.182885 0.349042 0.298828 0.042619 -0.174827 0.218644 0.067427 
1.462184 -1.033648 0.285327 -0.378005 -0.283207 0.069491 -0.448723 0.001309 -0.151235 0.284093 0.378794 0.027791 -0.221798 0.223773 0.010298 
1.385152 -0.983283 0.205369 -0.441351 -0.205215 0.002323 -0.395365 0.021007 -0.116508 0.297487 0.383989 0.071133 -0.288934 0.135606 0.057630 
1.368209 -1.007987 0.123257 -0.451279 -0.235637 0.050250 -0.342249 0.039595 -0.074956 0.265163 0.415927 0.051076 -0.340032 0.062158 0.046210 
1.488273 -1.128104 0.127956 -0.437853 -0.335759 0.147514 -0.332983 0.036129 -0.041906 0.234767 0.424344 0.020697 -0.341354 0.076658 -0.019823 
1.556455 -1.089642 0.100325 -0.415168 -0.342138 0.179498 -0.316799 0.035066 0.004053 0.194501 0.411658 0.013769 -0.355818 0.041300 -0.017521 
1.594898 -1.137048 0.075077 -0.422778 -0.350425 0.209978 -0.333824 0.124533 -0.052144 0.206424 0.354059 -0.005157 -0.344682 0.100956 -0.080450 
1.284797 -0.890394 -0.081672 -0.364846 -0.358578 0.147141 -0.307749 0.072739 -0.055380 0.310223 0.401492 -0.052964 -0.344346 0.085259 -0.072043 
1.390393 -1.052040 -0.008575 -0.402545 -0.430687 0.282150 -0.367555 0.099918 -0.017718 0.211607 0.498216 -0.114460 -0.345393 0.068822 -0.071582 
1.399138 -1.025759 0.017303 -0.401300 -0.392860 0.278213 -0.314601 0.085851 -0.033040 0.204476 0.385862 -0.121930 -0.251617 0.060414 -0.073249 
1.112462 -0.531460 -0.227077 -0.341236 -0.333003 0.145650 -0.211879 0.024341 -0.042148 0.323257 0.450690 -0.139002 -0.351739 0.063864 -0.084429 
1.328502 -0.891004 -0.050000 -0.416389 -0.371940 0.256821 -0.335121 0.103908 -0.024158 0.230638 0.444882 -0.234782 -0.192000 0.047227 -0.110553 
1.006346 -0.166482 -0.403988 -0.217691 -0.318938 0.078384 -0.132527 -0.060224 -0.018367 0.408947 0.383565 -0.179089 -0.249661 0.023851 -0.111873 
1.216382 -0.770586 -0.218568 -0.438474 -0.225400 0.142173 -0.259818 0.093191 -0.075592 0.298649 0.302637 -0.183808 -0.117577 0.012334 -0.167664 
1.019217 -0.712865 -0.250750 -0.486119 -0.209556 0.108766 -0.249704 0.103488 -0.127624 0.480200 0.304088 -0.177596 -0.254389 0.022395 -0.194363 
0.348429 -0.075024 -0.433008 -0.361568 -0.248202 0.056110 -0.175287 0.054363 0.093885 0.307253 0.088020 -0.127220 -0.107091 -0.001054 -0.147633 
-0.180106 -0.288852 -0.326883 -0.309739 -0.262742 0.019484 -0.218141 0.008080 -0.018545 0.420498 0.183328 -0.125692 -0.101058 0.006752 -0.107757 
