city022_092
JARI
45
-0.397612 -0.000939 0.076162 0.280435 0.147951 0.095884 -0.027009 -0.055727 0.042216 0.066400 0.009352 -0.027159 -0.006821 0.006253 0.012818 
0.143672 0.479319 0.444302 0.364310 0.168754 0.111314 -0.041266 -0.030571 0.030055 -0.051797 -0.031871 -0.096397 -0.016009 -0.040746 -0.032497 
0.366816 0.498412 0.497852 0.427298 0.072087 0.039856 -0.120170 -0.065612 0.012389 -0.134177 -0.182051 -0.095222 0.024950 -0.178426 -0.035007 
0.490164 0.316770 0.607251 0.275801 0.003006 -0.156446 -0.146521 -0.064352 0.051961 -0.155446 -0.191812 0.075278 0.053070 -0.127348 0.007871 
0.238999 0.193025 0.808165 0.139918 0.175188 -0.222151 -0.070364 -0.023962 -0.123427 -0.083947 -0.234555 0.006376 0.023682 -0.204197 0.050705 
-0.021095 0.215280 0.893382 -0.088479 0.337624 -0.185919 -0.169556 -0.010332 -0.135955 -0.054605 -0.240829 -0.017922 -0.033325 -0.089266 -0.024176 
-0.170088 0.208230 0.907553 -0.094793 0.403931 -0.371527 -0.013883 -0.025965 -0.152791 -0.038878 -0.257806 0.029515 0.001790 -0.172021 0.035483 
-0.177578 0.044602 1.071703 -0.267180 0.482534 -0.284296 -0.097217 -0.003663 -0.230474 0.045724 -0.256797 -0.056046 0.005249 -0.119174 0.021436 
0.015342 -0.021004 1.197228 -0.166738 0.282633 -0.281481 -0.134363 0.047367 -0.288562 -0.020395 -0.234877 -0.086197 0.094873 -0.212031 -0.006376 
0.511440 -0.236913 1.166334 -0.079156 0.074524 -0.281821 -0.302643 0.105643 -0.241085 -0.112494 -0.192890 -0.015927 0.207165 -0.227025 0.008061 
0.917625 -0.597730 1.209138 -0.027456 -0.114427 -0.124806 -0.448952 0.096008 -0.200148 -0.176403 -0.140668 -0.042611 0.187966 -0.125931 -0.056791 
1.128350 -0.760464 1.148428 -0.063036 -0.173659 -0.151813 -0.472635 0.036758 -0.089442 -0.139352 -0.132326 0.036269 0.194558 -0.014892 -0.097576 
1.252399 -0.942706 1.014070 -0.183404 -0.225787 -0.254397 -0.465723 0.059981 -0.047694 -0.048916 -0.074556 0.105674 0.253596 0.022663 -0.127844 
1.287037 -0.964308 0.823891 -0.313300 -0.185109 -0.314355 -0.411169 -0.082121 0.043506 0.046441 -0.051391 0.105313 0.265393 0.093674 -0.105613 
1.402948 -0.990926 0.711338 -0.209420 -0.264967 -0.201794 -0.460365 -0.064136 0.067782 0.139166 0.013049 -0.012392 0.235276 0.166162 -0.129891 
1.466627 -1.108799 0.548653 -0.304144 -0.194474 -0.218940 -0.357251 -0.029379 0.109158 0.203631 0.050680 -0.038858 0.115952 0.161394 -0.090313 
1.469366 -0.950632 0.439366 -0.418986 -0.108833 -0.229753 -0.302682 -0.050354 0.107187 0.309932 0.149544 -0.099532 -0.015578 0.196660 -0.006889 
1.479922 -0.920908 0.353818 -0.445075 -0.079310 -0.218341 -0.281186 -0.071991 0.102791 0.331453 0.212696 -0.092604 -0.090308 0.164348 0.058160 
1.381848 -0.910417 0.328622 -0.463631 -0.025434 -0.251417 -0.331871 -0.007082 0.058381 0.334656 0.227751 -0.073143 -0.104332 0.153223 0.090489 
1.374992 -0.921386 0.377073 -0.457620 -0.038760 -0.269706 -0.294615 -0.076552 0.092284 0.342283 0.190265 -0.063054 -0.071723 0.160419 0.089404 
1.402421 -0.967393 0.446565 -0.363827 -0.097642 -0.279844 -0.305004 -0.096039 0.142813 0.296695 0.149840 -0.085300 -0.007901 0.229624 0.001687 
1.428380 -0.996726 0.524907 -0.314216 -0.078023 -0.350259 -0.344113 -0.015033 0.015198 0.286261 0.092136 -0.119609 0.166407 0.186337 -0.027834 
1.398206 -0.936650 0.660992 -0.212712 -0.153340 -0.317864 -0.431521 -0.036536 0.051227 0.132132 0.046651 -0.062613 0.230626 0.226338 -0.151369 
1.351161 -0.985599 0.904415 -0.209155 -0.151798 -0.277780 -0.515441 0.004902 -0.011533 0.003903 -0.023270 0.008123 0.247097 0.175163 -0.140449 
1.092650 -0.800046 0.993419 0.064425 -0.317200 0.046958 -0.560690 -0.050450 0.077755 -0.152320 -0.029558 -0.089095 0.170103 0.167933 -0.195112 
0.869448 0.086710 0.464196 0.472727 -0.166632 -0.010800 -0.223856 -0.167470 0.088263 -0.104536 -0.141342 -0.079656 0.041290 0.105652 -0.194681 
0.671732 -0.555202 0.835266 0.184094 -0.164802 0.049065 -0.302980 0.003830 0.027920 -0.179622 0.001936 -0.049524 -0.010305 0.062148 -0.066756 
0.792980 -0.842723 1.203831 0.012015 -0.120856 -0.070237 -0.222831 0.132492 -0.253557 -0.105170 -0.031956 -0.046655 0.033939 -0.105584 0.003033 
0.821711 -0.745606 1.555192 -0.043113 -0.298878 0.010837 -0.187769 0.036013 -0.322658 -0.070155 -0.050593 -0.049375 -0.061011 -0.039486 0.042861 
0.794244 -0.738059 1.772007 -0.275917 -0.198643 0.100740 -0.197164 0.005458 -0.354935 -0.080910 -0.080182 -0.086779 -0.152191 -0.020716 0.091081 
0.635387 -0.632119 1.844173 -0.324416 -0.185677 0.178253 -0.243461 0.022198 -0.344941 -0.110136 -0.039140 -0.137105 -0.181664 0.031238 0.064181 
0.512262 -0.549663 1.893502 -0.357791 -0.141514 0.235500 -0.287649 0.048528 -0.320999 -0.169575 0.010077 -0.189778 -0.209265 0.070697 0.012241 
0.602469 -0.611685 1.891255 -0.424277 -0.130343 0.329788 -0.328215 0.042077 -0.313528 -0.186771 0.003679 -0.214229 -0.229610 0.099034 -0.032530 
0.345341 -0.402070 1.895738 -0.317973 -0.141211 0.264066 -0.301444 0.050149 -0.331549 -0.170676 0.006228 -0.238354 -0.211073 0.108368 -0.064603 
0.433304 -0.501251 1.903765 -0.370591 -0.123008 0.297673 -0.325381 0.050491 -0.340878 -0.172655 0.019389 -0.292949 -0.172803 0.097792 -0.093660 
0.425952 -0.431146 1.810855 -0.358017 -0.149294 0.385778 -0.394008 0.074197 -0.322495 -0.229243 0.091399 -0.378953 -0.114950 0.068674 -0.119267 
0.431876 -0.219903 1.791103 -0.316198 -0.157152 0.290769 -0.314613 0.018383 -0.306783 -0.209572 0.055697 -0.338412 -0.138019 0.110376 -0.151990 
0.431713 -0.104922 1.761778 -0.303155 -0.114830 0.258566 -0.290235 0.025983 -0.333302 -0.157995 0.012186 -0.332623 -0.119266 0.076577 -0.144393 
0.321173 0.013618 1.609362 -0.357560 -0.003944 0.202168 -0.244534 0.023903 -0.362820 -0.100979 -0.029332 -0.339908 -0.092040 0.053275 -0.156648 
0.251716 -0.006070 1.733079 -0.351401 -0.039166 0.272416 -0.276173 0.038933 -0.350647 -0.077082 -0.058674 -0.347087 -0.038012 -0.022549 -0.157097 
0.173959 0.050487 1.705191 -0.355948 0.022127 0.223456 -0.203706 -0.001329 -0.310216 -0.085685 -0.063744 -0.333898 -0.053564 -0.037502 -0.154167 
0.178512 0.389049 1.607614 -0.059322 -0.109545 0.274579 -0.158620 -0.038320 -0.239538 -0.101915 -0.047166 -0.313961 -0.038587 -0.050164 -0.134853 
0.259790 0.464913 1.218047 -0.038740 -0.080190 0.234328 -0.124560 -0.049412 -0.280049 -0.023513 -0.101500 -0.293707 -0.052020 -0.018788 -0.160657 
0.271206 0.490573 1.141846 -0.202503 -0.087846 0.130063 -0.002776 -0.165070 -0.252352 0.002076 -0.179697 -0.205153 -0.069612 -0.030827 -0.099796 
0.309393 0.278649 0.494774 0.302523 -0.045359 0.001865 0.026804 -0.301312 -0.185820 0.023970 -0.171954 -0.178760 -0.069259 0.011172 -0.089231 
