city022_037
YUSHIMA
58
-0.214126 0.052928 -0.296256 -0.189215 -0.388096 0.079872 -0.313987 0.111624 0.040781 0.169161 0.113296 0.006435 -0.034778 -0.003898 -0.066927 
-0.248987 0.072025 -0.113560 -0.120151 -0.353459 -0.021197 -0.227160 0.034809 -0.029159 0.200574 0.027017 0.056358 -0.029662 0.072367 -0.081289 
0.395935 0.559461 0.551397 0.044718 -0.068881 0.281167 -0.130802 0.070613 -0.138780 -0.115934 -0.028270 -0.047936 -0.149630 0.076835 -0.132222 
0.293638 0.286851 1.218927 -0.078166 -0.076990 0.253003 -0.374702 0.203466 -0.344097 -0.178619 -0.006837 -0.191658 -0.176503 0.006131 -0.078632 
0.403735 0.083370 1.368237 -0.028356 -0.177401 0.270060 -0.408676 0.221192 -0.360633 -0.230200 0.028975 -0.210221 -0.159071 -0.069525 -0.016569 
0.491920 -0.159170 1.467183 0.043823 -0.231970 0.236685 -0.314595 0.137104 -0.357529 -0.163573 -0.052228 -0.179558 -0.133150 -0.097368 -0.015845 
0.679945 -0.443501 1.538157 0.125104 -0.287460 0.172105 -0.329541 0.166853 -0.402771 -0.164073 -0.053342 -0.173258 -0.104865 -0.094068 -0.044305 
0.966281 -0.642491 1.485190 0.210466 -0.269290 0.017750 -0.308792 0.231637 -0.478099 -0.121250 -0.051392 -0.162782 -0.070822 -0.024850 -0.141007 
1.173029 -0.746708 1.386408 0.241351 -0.245121 -0.057511 -0.338168 0.188300 -0.391990 -0.120844 -0.112293 -0.105304 0.001505 -0.002782 -0.161867 
1.209539 -0.798362 1.313012 0.146868 -0.157235 -0.094583 -0.404833 0.175400 -0.317556 -0.096342 -0.160460 -0.076254 0.074027 0.012218 -0.195637 
1.283612 -0.886230 1.345960 0.120195 -0.160407 -0.051540 -0.504683 0.203608 -0.281714 -0.075581 -0.189995 -0.073509 0.135798 0.022665 -0.236181 
1.205521 -0.916303 1.323505 0.117215 -0.206719 0.003365 -0.547964 0.223599 -0.256537 -0.103434 -0.176214 -0.045906 0.100947 0.057473 -0.269764 
1.119942 -1.043233 1.368027 0.020814 -0.136523 -0.005889 -0.528082 0.255495 -0.264153 -0.075519 -0.167813 -0.039684 0.100405 0.036025 -0.250562 
0.999037 -0.918022 1.298011 -0.089098 -0.092947 -0.052047 -0.366925 0.200113 -0.323863 0.076520 -0.223827 0.029730 0.088055 -0.049843 -0.114969 
0.262644 -0.374012 1.063962 -0.325005 0.302464 -0.252300 -0.206621 0.332923 -0.250076 0.123070 -0.165783 0.082137 0.107871 -0.128967 -0.022611 
-0.767229 -0.298671 1.188925 -0.581405 0.495707 -0.132809 -0.039340 0.249098 -0.150380 0.134870 -0.074982 0.032946 0.067220 -0.046847 -0.047243 
-1.155198 -0.457938 0.855857 -0.807340 0.659117 -0.194152 -0.179865 0.292296 -0.144821 -0.015388 0.056373 -0.011694 -0.053518 0.113731 -0.136427 
-1.154127 -0.333291 0.722506 -0.825144 0.625419 -0.221344 -0.053591 0.280955 -0.225315 0.070908 -0.018207 -0.009297 0.068367 -0.088756 0.043965 
-1.169635 -0.289865 0.719156 -0.828876 0.442678 -0.179553 0.049249 0.184395 -0.257577 0.167972 -0.044822 -0.069818 0.110106 -0.079330 0.000076 
-1.253438 -0.272386 0.725470 -0.916811 0.275652 -0.176772 0.117495 0.054541 -0.065135 0.134118 -0.135730 0.029556 0.055604 -0.120008 0.062927 
-1.095374 -0.186773 1.029929 -0.679025 0.450218 -0.158284 0.016387 0.104965 -0.082656 0.085797 -0.076686 0.042601 0.023753 -0.026844 -0.023676 
-1.132111 -0.285917 0.990852 -0.834693 0.434548 -0.094429 -0.076208 0.063494 -0.083611 0.117341 -0.078283 -0.014721 0.061576 0.000936 -0.086269 
-1.042310 -0.284955 1.146274 -0.804111 0.323459 0.116880 -0.071584 0.115871 -0.154139 0.158573 -0.042348 -0.074924 0.094670 0.009022 -0.136813 
-1.305592 -0.484883 0.848877 -0.891838 0.365951 0.082626 -0.079076 0.103534 -0.195563 0.173971 -0.070507 -0.052769 0.119592 -0.070293 -0.037956 
-0.617228 -0.228804 1.179849 -0.604564 0.306302 -0.208556 -0.178359 0.299998 -0.249056 0.036630 0.019782 0.000273 0.005007 0.007705 -0.066880 
0.190636 -0.291366 1.494010 -0.318514 0.125712 -0.196653 -0.227144 0.208884 -0.318483 -0.020754 -0.056023 -0.024319 0.021681 0.006828 -0.165110 
0.682521 -0.673410 1.563170 0.002101 -0.152755 -0.001925 -0.302675 0.218136 -0.390847 -0.042527 -0.156064 0.001328 -0.069301 -0.047154 -0.083383 
0.832899 -0.771193 1.631901 0.070748 -0.292924 0.088086 -0.329185 0.155855 -0.259656 -0.227143 -0.037343 0.022356 -0.181972 0.047620 -0.114879 
1.012393 -0.926906 1.631711 0.084770 -0.406576 0.166054 -0.386460 0.210764 -0.264477 -0.225327 0.041911 0.024188 -0.206800 0.132870 -0.135161 
1.176080 -1.038689 1.534417 0.139450 -0.494629 0.067613 -0.387327 0.245074 -0.254321 -0.181008 0.079617 0.114005 -0.169019 0.151502 -0.049340 
1.216815 -0.890910 1.298310 0.379485 -0.447806 0.023313 -0.418748 0.245098 -0.166598 -0.231271 0.031019 0.143193 -0.166639 0.194720 -0.062121 
1.444871 -0.439578 0.946374 0.273000 -0.250224 0.224793 -0.337361 0.067342 -0.279918 -0.046217 -0.003834 -0.058119 -0.226691 0.169107 0.005640 
1.245732 -0.420862 0.947768 0.287612 -0.157399 0.069847 -0.246496 0.069334 -0.335167 0.013580 -0.087816 -0.054406 -0.240641 0.196204 -0.027535 
1.228040 -0.368484 0.803657 0.393855 -0.256115 0.135418 -0.194038 0.017299 -0.325902 -0.076430 0.025014 -0.244106 -0.140275 0.163552 -0.144337 
1.204250 -0.445081 0.767121 0.341862 -0.215418 0.217044 -0.175206 -0.074503 -0.344255 0.046492 -0.079692 -0.178202 -0.153349 0.107053 -0.095184 
1.230502 -0.503413 0.670921 0.334736 -0.230521 0.298395 -0.063143 -0.210356 -0.345704 0.020417 -0.022952 -0.215959 -0.122101 0.047383 -0.146178 
1.153951 -0.493803 0.612925 0.286322 -0.207152 0.356633 -0.034452 -0.240728 -0.429900 0.088877 -0.096974 -0.116589 -0.138470 -0.060599 -0.041918 
1.188366 -0.438576 0.541439 0.309234 -0.222194 0.365778 -0.017667 -0.225862 -0.411000 0.048025 -0.133946 -0.035791 -0.186431 -0.052712 -0.034872 
1.229527 -0.453432 0.542777 0.327980 -0.312015 0.405351 0.019022 -0.221673 -0.462341 0.131598 -0.162980 -0.078869 -0.072022 -0.101756 -0.019217 
1.242977 -0.396023 0.508808 0.301374 -0.339576 0.402618 0.019557 -0.277836 -0.329105 0.090386 -0.138007 -0.017204 -0.103184 -0.056065 -0.000618 
1.794189 -0.531430 0.125452 -0.242686 -0.375816 0.308810 -0.141098 -0.002908 -0.274524 0.095586 0.277534 0.037486 -0.069701 0.093686 -0.152111 
1.811621 -0.686643 -0.047360 -0.440331 -0.359407 0.331514 -0.140147 0.079632 -0.230986 0.195329 0.360274 -0.003066 -0.164918 -0.019025 -0.202428 
1.833419 -0.781061 -0.131042 -0.496859 -0.284550 0.239853 -0.111372 0.106441 -0.236510 0.255019 0.325454 -0.009933 -0.239740 -0.023991 -0.154757 
1.802888 -0.819575 -0.152076 -0.436529 -0.295124 0.226385 -0.096785 0.065931 -0.150679 0.218575 0.351684 -0.049196 -0.266929 -0.030188 -0.112118 
1.843432 -0.923610 -0.187937 -0.475547 -0.274270 0.211244 -0.083741 0.054025 -0.191415 0.294943 0.260972 -0.010493 -0.274587 -0.028493 -0.046487 
1.857444 -1.030823 -0.145316 -0.484850 -0.283260 0.266356 -0.117866 0.087243 -0.192485 0.224826 0.290760 -0.044114 -0.267033 0.055280 -0.143817 
1.801850 -0.943988 -0.194451 -0.470418 -0.222656 0.221397 -0.095498 0.098991 -0.188252 0.249548 0.198026 -0.086360 -0.146069 -0.036411 -0.015637 
1.724784 -0.771307 -0.209246 -0.440334 -0.185542 0.248734 -0.050237 0.137426 -0.217647 0.254695 0.167252 -0.044645 -0.257788 0.034326 -0.142443 
1.688721 -0.612794 -0.258657 -0.464834 -0.216828 0.316398 -0.052331 0.206023 -0.201475 0.244721 0.208665 -0.080387 -0.282956 -0.023427 -0.168563 
1.574167 -0.538615 -0.242713 -0.492762 -0.198298 0.265844 -0.070963 0.209640 -0.235268 0.307726 0.251601 -0.066032 -0.293591 -0.086036 -0.132599 
1.686624 -0.738699 -0.213370 -0.495414 -0.323582 0.346855 -0.126927 0.207719 -0.201679 0.197592 0.290332 -0.053580 -0.285470 -0.020316 -0.158362 
1.735187 -0.734065 -0.254761 -0.387909 -0.333618 0.358198 -0.122099 0.141921 -0.194266 0.161238 0.287365 -0.088414 -0.201690 0.021929 -0.177348 
1.364955 -0.486897 -0.500562 -0.401993 -0.288474 0.236373 -0.046687 0.086990 -0.179471 0.229055 0.255119 -0.010018 -0.232567 -0.070432 -0.130914 
1.481130 -0.669694 -0.252224 -0.533471 -0.263930 0.277018 -0.083645 0.179435 -0.221499 0.203291 0.310951 -0.062734 -0.256005 -0.024488 -0.189085 
1.365183 -0.352152 -0.305029 -0.325638 -0.145184 0.255932 -0.032225 0.143313 -0.216230 0.162684 0.281318 -0.114055 -0.165941 -0.024991 -0.081535 
1.128230 -0.135192 -0.477421 -0.403811 -0.257168 0.275198 -0.048520 0.162426 -0.213419 0.223574 0.376803 -0.094599 -0.261822 -0.066548 -0.233546 
0.384356 -0.051780 -0.645608 -0.337272 -0.393860 0.278538 -0.059835 -0.103080 0.003217 0.262068 0.156033 0.113272 -0.262869 -0.078530 -0.139672 
-0.139941 -0.111799 -0.528433 -0.185227 -0.369681 0.086365 -0.057845 0.077828 0.003008 0.217648 -0.012688 0.068769 -0.129285 -0.097251 0.029293 
