city022_097
BYOOIN
65
-0.071188 0.369067 0.212833 0.188479 -0.056982 0.067026 0.017599 0.047794 -0.055239 0.028093 -0.086014 0.091296 -0.019600 -0.057150 0.038157 
-0.071358 0.447916 0.272576 0.368478 0.248294 0.166497 -0.157347 -0.090764 -0.122592 0.013253 -0.070875 -0.130531 -0.165454 -0.004688 -0.032920 
0.054205 0.424462 0.302259 0.464717 0.291845 0.179608 -0.132983 -0.045132 -0.050417 -0.061312 -0.090982 -0.060432 -0.207773 -0.062168 -0.037132 
0.160527 0.526267 0.324891 0.477242 0.085622 0.161532 0.011387 -0.076912 -0.132252 -0.039534 -0.115461 -0.067822 -0.151429 -0.082288 -0.050145 
0.155948 0.644647 0.338195 0.349840 0.238305 0.073567 -0.028367 0.061774 -0.222250 -0.060040 -0.044036 -0.079614 -0.235536 0.041728 -0.113582 
0.183264 0.602645 0.419074 0.397413 0.167804 0.155859 -0.041687 0.049954 -0.196861 0.001920 -0.101775 -0.105517 -0.127192 -0.078737 -0.031284 
0.200183 0.735538 0.269370 0.339867 0.156079 0.204377 -0.033685 0.033321 -0.129790 -0.144432 -0.068558 -0.034342 -0.174820 -0.094514 -0.042146 
0.274774 0.647963 0.349759 0.513093 0.074733 0.098449 -0.003313 0.109714 -0.140950 -0.130277 -0.053449 -0.036914 -0.152576 -0.106942 -0.013304 
0.248325 0.722367 0.470727 0.392591 -0.080397 0.119209 -0.009769 0.003471 -0.156422 -0.049467 -0.145794 -0.051599 -0.082910 -0.132389 0.010719 
1.147869 -0.062383 -0.051105 -0.065547 -0.211509 0.012009 -0.120939 0.070604 -0.196834 -0.039852 0.036286 0.020707 -0.020765 0.094575 -0.029186 
1.448208 -1.105373 0.363784 -0.091850 0.121195 -0.015928 -0.076527 0.068005 -0.107266 0.004411 -0.111310 0.084438 0.003167 0.079118 -0.144528 
1.449935 -0.781489 0.726296 -0.241293 -0.041489 0.127484 -0.066605 0.222846 -0.098951 0.032567 -0.093985 0.043518 -0.030805 0.068082 -0.066740 
1.402748 -0.873234 1.042949 -0.082804 -0.156435 -0.092480 -0.385697 0.194697 -0.368621 -0.080871 -0.001467 -0.050954 -0.027441 0.132551 -0.109791 
1.343796 -0.852241 0.834548 -0.177378 -0.056377 -0.139346 -0.297649 -0.025712 -0.330279 -0.088241 0.098647 -0.117989 -0.001918 0.169358 -0.061911 
1.495549 -0.958126 0.888007 -0.195257 -0.055641 -0.173346 -0.396408 0.072919 -0.336220 -0.037456 0.034387 -0.080075 0.000289 0.255706 -0.135012 
1.248448 -0.782575 0.956665 -0.108751 0.027723 -0.221573 -0.532015 0.087449 -0.253692 -0.018476 0.045532 -0.187561 0.100722 0.251159 -0.077942 
1.270260 -0.775470 0.954395 -0.078552 0.041611 -0.211509 -0.554655 0.077847 -0.226942 -0.020996 0.065409 -0.221763 0.103907 0.262587 -0.035863 
1.268132 -0.793692 0.952064 -0.084625 0.063689 -0.237814 -0.563114 0.067993 -0.226118 -0.006627 0.068334 -0.222237 0.080204 0.319806 -0.038358 
1.275956 -0.690817 0.905950 -0.119569 0.121687 -0.273631 -0.560912 0.068300 -0.277205 0.074756 0.025827 -0.189986 0.055117 0.341123 -0.011606 
1.453149 -0.749221 0.904306 -0.286712 0.156315 -0.154339 -0.582794 0.045134 -0.390905 0.212413 0.019792 -0.183304 0.000448 0.331036 0.029253 
1.438206 -0.669966 0.853497 -0.360416 0.128730 -0.028406 -0.591027 -0.010589 -0.412473 0.271009 0.104039 -0.206096 -0.002288 0.296702 0.057279 
1.495852 -0.624672 0.733696 -0.451524 0.076196 0.008993 -0.476847 -0.070311 -0.410357 0.228339 0.166704 -0.160061 -0.002996 0.262944 -0.059561 
1.550161 -0.615979 0.693316 -0.527752 0.007154 0.016302 -0.359371 -0.069852 -0.418777 0.211767 0.142586 -0.125350 0.067491 0.190524 -0.114205 
1.589702 -0.654678 0.700246 -0.556602 -0.114645 0.029227 -0.320531 0.030599 -0.439066 0.151514 0.077797 -0.091921 0.108952 0.175094 -0.119419 
1.629800 -0.701453 0.733525 -0.614877 -0.120724 -0.000888 -0.299489 0.064011 -0.441719 0.121510 0.003435 -0.069072 0.114326 0.203403 -0.144816 
1.624421 -0.640763 0.667514 -0.607097 -0.138820 0.018328 -0.271628 0.074202 -0.426897 0.063873 -0.037865 -0.050652 0.126739 0.180588 -0.127202 
1.604689 -0.614975 0.589550 -0.598496 -0.148181 0.043914 -0.224190 0.040939 -0.441545 -0.009474 -0.037899 -0.036861 0.135327 0.217263 -0.142123 
1.635334 -0.659306 0.546188 -0.581035 -0.142105 0.045332 -0.282283 0.114207 -0.444076 -0.046753 -0.072773 -0.033651 0.185651 0.190345 -0.132410 
1.651422 -0.686522 0.545137 -0.569476 -0.175318 0.056086 -0.288996 0.138508 -0.426918 -0.041615 -0.074843 -0.036474 0.206585 0.164303 -0.120084 
1.710024 -0.734634 0.547746 -0.541214 -0.190409 0.041443 -0.340673 0.174110 -0.359498 -0.092932 -0.124025 -0.030061 0.182999 0.219148 -0.165013 
1.695779 -0.691625 0.596271 -0.594439 -0.129216 -0.032185 -0.332934 0.188099 -0.360458 -0.027647 -0.137963 -0.005592 0.152766 0.167751 -0.111657 
1.701145 -0.661799 0.577850 -0.548007 -0.200107 -0.017511 -0.318620 0.170042 -0.335165 -0.053533 -0.156377 -0.026195 0.164148 0.177391 -0.130939 
1.719788 -0.677412 0.554721 -0.534914 -0.176943 0.016517 -0.311248 0.154911 -0.396102 -0.032023 -0.157412 -0.028809 0.170956 0.189110 -0.132458 
1.700173 -0.783215 0.528766 -0.503575 -0.126719 0.083757 -0.296021 0.085575 -0.501280 -0.044902 -0.075983 -0.029004 0.208320 0.186870 -0.168493 
1.620437 -0.645079 0.549286 -0.563380 -0.068649 0.113468 -0.280053 -0.002640 -0.542318 0.005093 0.002140 -0.066991 0.149624 0.218817 -0.218784 
1.566832 -0.485213 0.542298 -0.354887 -0.032891 0.049362 -0.336680 -0.131034 -0.435097 0.095898 0.083440 -0.154456 0.085309 0.150187 -0.114540 
1.488981 -0.648629 0.777311 -0.314722 0.105177 -0.028859 -0.482051 -0.092116 -0.410030 0.176671 0.036051 -0.218770 0.004322 0.274277 -0.095839 
1.289244 -0.759509 0.945732 -0.134714 -0.050004 -0.110653 -0.481866 0.038195 -0.356110 0.005183 0.022896 -0.217818 0.073275 0.256535 -0.169987 
1.120914 -0.739549 1.121300 0.059791 -0.196161 -0.194294 -0.414882 0.136347 -0.377124 -0.111325 0.059795 -0.181449 0.094522 0.153947 -0.114915 
1.021717 -0.856815 1.381258 -0.035865 -0.270714 -0.114664 -0.249931 0.121899 -0.450891 -0.128123 0.102350 -0.156298 -0.112456 0.222134 -0.168270 
0.761994 -0.743635 1.705641 -0.021685 -0.369421 0.087836 -0.284252 0.155588 -0.452220 -0.151365 0.130770 -0.234401 -0.103099 0.111340 -0.110432 
0.700090 -0.699341 1.739011 -0.120125 -0.301108 0.199051 -0.331137 0.166592 -0.440028 -0.117042 0.035338 -0.184590 -0.167124 0.103835 -0.105357 
0.721227 -0.549954 1.774642 -0.130756 -0.397443 0.244237 -0.397744 0.145844 -0.399229 -0.158456 0.091165 -0.185849 -0.122163 0.103291 -0.049524 
0.802695 -0.433955 1.761018 -0.254590 -0.366246 0.220554 -0.414167 0.125913 -0.369412 -0.149796 0.097790 -0.139225 -0.130425 0.151898 -0.045838 
0.866956 -0.439773 1.742595 -0.299237 -0.413658 0.291824 -0.463446 0.137124 -0.356425 -0.162179 0.125759 -0.163981 -0.125217 0.170560 -0.047500 
0.850852 -0.340480 1.763199 -0.343987 -0.375377 0.280043 -0.462130 0.142046 -0.353972 -0.150647 0.120926 -0.152667 -0.133903 0.183458 -0.057564 
0.813713 -0.239268 1.643346 -0.315390 -0.404612 0.321466 -0.453283 0.120862 -0.302384 -0.194087 0.137192 -0.178151 -0.141976 0.176463 -0.075989 
0.944229 -0.230656 1.550977 -0.453244 -0.370820 0.388327 -0.479214 0.155127 -0.279848 -0.222870 0.101382 -0.203922 -0.157466 0.156748 -0.106828 
0.937536 -0.090488 1.322160 -0.466198 -0.376681 0.472121 -0.465768 0.136888 -0.221415 -0.280571 0.057041 -0.239787 -0.122298 0.109298 -0.130784 
1.074844 -0.016064 1.041548 -0.327924 -0.217556 0.468450 -0.485986 0.071800 -0.183666 -0.290627 0.040870 -0.220446 -0.061381 0.049740 -0.136061 
1.232098 -0.228497 0.848770 0.076551 -0.300993 0.186922 -0.197548 0.096767 -0.402111 -0.155967 0.069524 -0.258818 -0.113552 0.111615 -0.128143 
1.213683 -0.273322 0.769113 0.114492 -0.212972 0.129234 -0.060935 -0.005779 -0.454791 -0.027050 -0.051803 -0.198451 -0.113878 0.085734 -0.124748 
1.162404 -0.248976 0.741394 0.186988 -0.254938 0.187212 -0.071162 -0.058428 -0.417504 -0.034598 -0.082787 -0.167490 -0.132626 0.039593 -0.068009 
1.093211 -0.189445 0.748473 0.137150 -0.216649 0.140120 -0.031967 -0.026191 -0.473083 -0.004392 -0.086711 -0.200061 -0.113334 0.051630 -0.092018 
1.121745 -0.117652 0.667111 0.181123 -0.257927 0.172206 -0.002313 -0.044656 -0.414479 -0.092040 -0.064433 -0.210184 -0.112640 0.027613 -0.092600 
1.058672 0.004543 0.629269 0.241513 -0.349858 0.232988 0.057526 -0.134773 -0.365617 -0.060747 -0.136616 -0.185772 -0.095761 -0.034324 -0.021930 
0.973330 0.072439 0.694094 0.224965 -0.230973 0.143296 0.028092 -0.081003 -0.405656 0.009791 -0.194707 -0.144657 -0.134167 -0.051521 -0.011463 
0.909942 0.112904 0.688575 0.142867 -0.190187 0.135058 0.064379 -0.068179 -0.451444 0.057752 -0.228022 -0.146143 -0.109636 -0.052268 -0.024922 
1.002400 -0.007082 0.715092 0.347597 -0.269460 0.234227 -0.046767 -0.139500 -0.349067 0.054602 -0.167023 -0.194679 -0.080129 -0.051567 -0.043560 
0.829564 0.044331 0.619365 0.332782 -0.155219 0.144268 -0.029435 -0.156971 -0.271667 0.030768 -0.158933 -0.114932 -0.152020 0.031863 -0.068332 
0.843023 0.159309 0.423193 0.431148 -0.336670 0.066914 -0.008491 -0.139864 -0.226732 0.029640 -0.134066 -0.110579 -0.009392 -0.020724 -0.023352 
0.812137 0.211043 0.271554 0.237934 -0.305182 0.173886 0.052491 -0.364692 -0.228212 0.046019 -0.236615 -0.000425 -0.031825 -0.078539 0.039371 
0.558758 0.412874 0.304901 0.170678 -0.286252 0.235344 0.105446 -0.237882 -0.287968 -0.091963 -0.179090 -0.045202 -0.135248 0.032439 -0.044292 
0.453692 0.506234 0.456753 0.003644 -0.494431 0.119439 0.041085 -0.256848 -0.197786 0.030645 -0.258165 0.029967 -0.063404 0.016593 0.042738 
0.145639 0.287916 0.316181 0.287797 -0.194888 0.199057 -0.126929 -0.149250 -0.258888 -0.040877 -0.076009 -0.094490 -0.065656 -0.063572 0.031144 
