city022_071
SHAKUJII
71
-0.288311 0.289768 0.545463 -0.051400 0.422806 0.141705 -0.203553 0.230289 -0.122800 0.125829 -0.007524 -0.011960 -0.028234 0.073699 -0.061914 
-0.629212 0.064262 0.597575 -0.430254 0.362048 -0.129215 0.108498 0.337314 -0.285026 0.238828 -0.167179 0.173015 -0.081590 0.002068 0.085560 
-0.995978 -0.159374 0.549011 -0.763757 0.187909 0.026882 0.151819 0.169111 -0.286077 0.243804 -0.236486 0.063046 0.042749 -0.008095 0.030333 
-1.020348 -0.273754 0.509833 -0.769909 0.480419 0.008698 -0.146256 0.042854 -0.151704 0.253485 -0.184161 0.103287 -0.037957 -0.032286 0.040451 
-1.136491 -0.245205 0.607243 -0.699344 0.649067 -0.130661 -0.122077 0.031053 -0.108509 0.229977 -0.148190 0.027050 -0.003744 -0.008098 0.015319 
-1.366983 -0.298744 0.822360 -0.776215 0.461078 -0.333794 -0.181272 0.208386 -0.133220 0.181708 -0.180179 0.113263 -0.001592 0.002059 -0.022283 
-1.071730 -0.115207 0.462530 -0.879186 0.564857 -0.203522 -0.042737 -0.029100 -0.075177 0.224055 -0.124036 0.002007 0.058805 -0.058191 0.011552 
-0.640195 0.126959 0.674606 -0.889042 0.526415 -0.159977 -0.162693 -0.015063 -0.222499 0.159020 -0.057558 0.037934 -0.018784 0.022588 -0.000868 
-0.107626 0.259883 0.810864 -0.482108 0.401106 -0.165361 -0.026623 -0.097351 -0.223893 0.086028 -0.132381 -0.045473 -0.013234 -0.002818 -0.042279 
0.209967 -0.117481 0.583220 -0.366267 0.308164 -0.249639 -0.095126 0.137340 -0.165129 0.100810 -0.141117 0.081823 0.032495 -0.075421 0.026741 
1.319642 -0.606098 0.630346 -0.022402 -0.080881 -0.171809 -0.220765 0.117101 -0.267555 0.215980 -0.215172 -0.021226 0.200056 -0.073313 -0.080346 
1.639092 -0.835647 0.489957 -0.239904 -0.191953 -0.213398 -0.412017 0.017224 -0.097163 0.271486 -0.121742 0.013141 0.233529 0.119565 -0.169460 
1.565916 -0.679723 0.341807 -0.309752 -0.002854 -0.319209 -0.446262 0.059879 -0.030046 0.214356 0.133725 0.004168 0.057101 0.165199 -0.011449 
1.547735 -0.767877 0.319172 -0.491339 0.041004 -0.228269 -0.450117 0.151991 -0.051284 0.281506 0.074755 0.048141 -0.009759 0.074395 0.006513 
1.505313 -0.834424 0.295893 -0.578188 0.025897 -0.170340 -0.418131 0.162616 -0.027969 0.277667 0.094362 0.036501 -0.029239 0.016442 0.001381 
1.488413 -0.922382 0.227713 -0.606824 0.103631 -0.124117 -0.483024 0.130332 -0.031610 0.291479 0.083007 0.045585 -0.020651 0.003140 0.040884 
1.516815 -0.905763 0.162796 -0.491606 0.148572 -0.171201 -0.396466 0.061488 -0.142000 0.303398 0.048086 0.119750 -0.093055 0.061422 0.060322 
1.705747 -0.814394 -0.034370 -0.203802 0.149928 -0.234360 -0.285962 -0.017363 -0.226626 0.284485 0.028277 0.159341 -0.151913 0.056784 0.129836 
1.726161 -0.508305 -0.145316 -0.132965 0.324789 -0.312961 -0.170886 -0.045210 -0.425517 0.306917 0.009461 0.162633 -0.141396 -0.049435 0.161724 
1.144016 -0.054175 -0.276870 0.071396 0.148786 -0.197808 -0.005425 -0.085653 -0.458257 0.135801 0.001975 0.064302 -0.056473 -0.000642 0.032420 
0.523409 0.216321 -0.098911 0.300441 -0.033163 0.062290 -0.054075 -0.096321 -0.132239 -0.003846 -0.087531 0.040316 -0.029495 -0.027975 -0.039988 
0.203708 -0.207656 -0.301354 0.014251 -0.235501 -0.044917 -0.285072 -0.060021 -0.102465 0.150898 0.187555 0.047066 -0.031444 0.039814 0.016296 
0.164972 -0.068567 -0.441206 -0.082829 -0.140468 0.010562 -0.261785 -0.055656 0.015266 0.139065 0.091243 0.052043 -0.042389 -0.007842 0.025146 
0.079641 0.067172 -0.201965 0.044113 0.001979 0.088760 -0.146488 -0.115522 -0.110224 0.031203 -0.010189 0.093846 -0.039498 -0.031941 -0.011444 
-0.050526 -0.014564 -0.226972 -0.041143 -0.057891 -0.012936 -0.175796 -0.223216 -0.113121 0.241729 0.021870 0.060778 -0.088029 0.078667 -0.006761 
0.014746 -0.116580 -0.300947 -0.040982 -0.090769 -0.059581 -0.204397 -0.092073 -0.131293 0.179846 0.068499 0.146522 -0.124861 0.012895 0.074591 
0.801149 -1.236651 -0.699574 -0.331117 0.302664 0.294470 -0.119047 0.051080 -0.152660 0.203479 -0.241461 0.010272 0.211078 -0.049856 -0.080706 
0.909461 -1.170831 -0.662565 -0.273310 0.311163 0.121642 -0.107006 0.084709 -0.060436 0.132002 -0.243248 0.057920 0.133175 0.018689 -0.146855 
0.974898 -0.379175 0.428395 0.320301 0.166552 -0.320779 -0.198645 0.323485 -0.278404 0.122541 -0.135771 -0.010727 0.071446 -0.013146 -0.025001 
1.373314 -0.704145 0.701897 0.204778 -0.041634 -0.206392 -0.368107 0.164988 -0.392167 0.013043 -0.102707 -0.113377 0.013031 0.131818 -0.093583 
1.287642 -0.947860 1.017875 0.211091 -0.155191 -0.163445 -0.410971 0.222202 -0.303181 -0.095373 -0.033542 -0.074722 -0.003473 0.168920 -0.159958 
1.140841 -0.985890 1.186728 0.178952 -0.183739 -0.061044 -0.411541 0.273155 -0.328716 -0.085495 -0.060692 -0.064792 -0.004007 0.110724 -0.179340 
0.729178 -0.687311 1.198428 0.143385 -0.016448 -0.140851 -0.301850 0.245373 -0.318246 -0.027273 -0.183842 -0.022031 0.016996 0.006899 -0.164328 
0.435383 -0.384438 1.138635 0.052864 0.153615 -0.174569 -0.260295 0.259807 -0.396170 0.089768 -0.225209 -0.125516 0.148901 -0.134475 -0.130363 
0.408755 -0.159670 0.978143 -0.071042 0.218377 -0.262099 -0.197382 0.251089 -0.372939 0.182796 -0.237225 -0.032582 0.166931 -0.138845 -0.059593 
0.306705 -0.158803 1.062887 -0.167680 0.194334 -0.223055 -0.261436 0.223256 -0.204248 0.057843 -0.186635 0.098093 0.037369 -0.031572 -0.036707 
-0.048428 -0.026305 1.196069 -0.273824 0.440902 -0.321215 -0.214533 0.184849 -0.334716 0.041031 -0.330708 0.081257 -0.024900 -0.168813 0.056473 
-0.307255 0.021604 1.238731 -0.356183 0.457356 -0.346880 -0.157178 0.184482 -0.413550 0.055618 -0.241389 0.005529 -0.039945 -0.136007 0.046827 
-0.296031 -0.159323 1.306743 -0.291596 0.408178 -0.332875 -0.232661 0.242926 -0.495886 0.111643 -0.292036 -0.069948 0.092024 -0.225317 0.040117 
-0.215722 -0.203915 1.271219 -0.272837 0.317354 -0.291159 -0.239055 0.133570 -0.322691 -0.036193 -0.202716 -0.039618 0.014722 -0.077899 -0.071546 
-0.005850 -0.172924 1.219426 -0.233268 0.227949 -0.289694 -0.221398 0.188861 -0.329438 -0.019670 -0.157898 -0.003042 0.052843 -0.110838 -0.052680 
0.085567 -0.271519 1.281365 -0.203413 0.168682 -0.335165 -0.087759 0.061744 -0.322847 0.025852 -0.241243 0.057581 0.035430 -0.161512 0.025420 
0.154695 -0.333513 1.305647 -0.139676 0.055257 -0.252156 -0.170545 0.095868 -0.275018 -0.117084 -0.127993 0.058867 -0.042738 -0.097581 -0.009497 
0.330546 -0.321617 1.355581 -0.066628 -0.062053 -0.219238 -0.101887 0.026924 -0.301474 -0.057688 -0.194319 0.101700 -0.097605 -0.064168 -0.028046 
0.265726 -0.383793 1.496353 -0.169125 0.031806 -0.200726 -0.130172 0.115323 -0.407476 -0.035616 -0.137327 -0.013604 -0.080963 -0.082570 -0.006537 
0.591527 -0.477920 1.522230 -0.145939 -0.140454 -0.016893 -0.187613 0.092652 -0.366863 -0.071700 -0.052351 -0.089891 -0.057281 -0.070760 -0.005405 
0.739996 -0.594604 1.562545 -0.126394 -0.225521 0.184404 -0.253149 0.107001 -0.398941 -0.010835 -0.132292 -0.062453 -0.127704 -0.058235 0.048142 
0.614327 -0.616108 1.595993 -0.153160 -0.168535 0.243640 -0.231443 0.055946 -0.377143 -0.044684 -0.119192 -0.101164 -0.202145 0.000215 0.002206 
0.501770 -0.593574 1.677554 -0.007784 -0.242717 0.236486 -0.272065 0.077633 -0.349026 -0.115045 -0.091818 -0.120900 -0.226166 -0.011131 0.040703 
0.479660 -0.563381 1.730573 -0.063137 -0.263607 0.284191 -0.313736 0.086028 -0.356309 -0.117728 -0.082285 -0.126770 -0.248822 0.046387 0.001606 
0.575592 -0.607138 1.805355 -0.179597 -0.235274 0.305951 -0.343115 0.103871 -0.394061 -0.071193 -0.110076 -0.111924 -0.265037 0.098542 -0.036619 
0.520591 -0.544263 1.814266 -0.193075 -0.233931 0.320425 -0.338594 0.084809 -0.370016 -0.080807 -0.101275 -0.127299 -0.260970 0.123797 -0.074439 
0.422215 -0.455794 1.810750 -0.190019 -0.235006 0.333213 -0.335038 0.083759 -0.346048 -0.108271 -0.042684 -0.190410 -0.208601 0.108407 -0.081836 
0.405446 -0.433627 1.846255 -0.220398 -0.203632 0.342891 -0.311560 0.076634 -0.324579 -0.098874 -0.043223 -0.190003 -0.214219 0.127817 -0.112007 
0.432327 -0.416611 1.864858 -0.275902 -0.156907 0.345470 -0.302472 0.095387 -0.320182 -0.057189 -0.077530 -0.135383 -0.234439 0.134939 -0.105436 
0.357615 -0.260733 1.860924 -0.296220 -0.165342 0.358367 -0.288199 0.102992 -0.309413 -0.045723 -0.044360 -0.142630 -0.219672 0.157982 -0.117429 
0.388624 -0.285453 1.867741 -0.287721 -0.166464 0.394926 -0.306928 0.133404 -0.315051 -0.030163 -0.047629 -0.137082 -0.228441 0.177362 -0.141661 
0.332893 -0.196832 1.793156 -0.243571 -0.162910 0.396889 -0.294127 0.135102 -0.312134 -0.045634 -0.012491 -0.191620 -0.191079 0.152042 -0.143406 
0.366205 -0.161958 1.835755 -0.336152 -0.112320 0.371127 -0.295115 0.149561 -0.341415 -0.021105 -0.033190 -0.175100 -0.218261 0.195590 -0.186550 
0.244655 -0.099062 1.826295 -0.300390 -0.138790 0.370921 -0.317788 0.118270 -0.324152 -0.061115 -0.030863 -0.195296 -0.202163 0.171399 -0.179157 
0.207323 -0.043077 1.790015 -0.295808 -0.177170 0.435717 -0.380697 0.126085 -0.301758 -0.139490 0.021351 -0.241865 -0.214037 0.179597 -0.198222 
0.201596 -0.013371 1.788848 -0.263879 -0.196971 0.442092 -0.381506 0.117041 -0.298631 -0.136743 0.009188 -0.239032 -0.204949 0.159980 -0.181354 
0.113104 -0.051399 1.808355 -0.257927 -0.181146 0.402024 -0.360498 0.121935 -0.328668 -0.108306 -0.011664 -0.229404 -0.199113 0.143763 -0.158275 
0.079666 -0.050707 1.797028 -0.251930 -0.155190 0.381569 -0.331094 0.113019 -0.315512 -0.099937 -0.021684 -0.221811 -0.189449 0.127356 -0.166727 
0.160457 -0.040529 1.681024 -0.203986 -0.260468 0.472580 -0.385132 0.129133 -0.280115 -0.116785 0.038591 -0.254768 -0.113735 0.092582 -0.139322 
0.114745 0.115017 1.357788 -0.030799 -0.284283 0.442933 -0.322418 0.037464 -0.243140 -0.160684 0.020194 -0.280053 -0.116504 0.060884 -0.130533 
-0.025220 0.204113 1.528428 -0.103294 -0.259637 0.418063 -0.341415 0.052518 -0.267091 -0.171714 0.017389 -0.279175 -0.147855 0.085428 -0.142599 
0.066001 0.075615 1.493318 -0.047723 -0.287122 0.417542 -0.290520 0.034754 -0.215831 -0.109958 -0.018723 -0.202447 -0.112564 0.059193 -0.122877 
-0.160537 0.411386 0.994309 0.099531 -0.208013 0.295286 -0.175835 -0.087578 -0.246039 -0.148672 -0.041531 -0.249409 -0.181525 0.089112 -0.137095 
-0.423231 0.129971 1.281325 -0.115820 -0.073314 0.286446 -0.201723 -0.061684 -0.225127 0.032476 -0.178091 -0.166560 -0.035314 -0.043358 -0.102457 
-0.565526 -0.034032 0.873045 -0.155076 -0.267771 0.392195 -0.318833 0.006214 -0.122682 -0.006362 0.069619 -0.163096 0.030405 0.100427 -0.108247 
