city022_017
CHIYODA
54
-0.097676 -0.615858 0.171895 -0.446393 0.104124 -0.035942 -0.067413 0.071499 -0.018566 0.057261 0.038898 -0.078671 0.032790 -0.059569 0.084171 
-0.662107 -0.321429 0.400065 -0.559469 0.258194 -0.099071 -0.019304 0.108115 -0.086821 0.108297 -0.079774 -0.026317 0.093210 -0.102437 0.090079 
-1.416331 -0.285752 0.455829 -0.795214 0.437890 -0.167469 0.170626 0.036552 -0.169087 0.144183 -0.121648 0.028119 0.089660 -0.114567 0.117453 
-1.238241 -0.191571 0.506927 -0.862699 0.399109 -0.301251 0.053391 0.132612 -0.068998 0.131845 -0.137950 0.068859 0.007711 -0.101387 0.117171 
-0.968667 -0.317381 0.490649 -0.770281 0.457929 -0.111327 0.085635 0.049894 -0.112554 0.116515 -0.121355 -0.010663 0.184641 -0.204406 0.144438 
-0.800535 -0.429872 0.612239 -0.810162 0.577672 -0.233078 0.055195 0.051191 -0.032090 0.095774 -0.191904 0.122510 0.037513 -0.120924 0.130565 
-0.684720 -0.273623 0.708761 -0.920266 0.468168 -0.182894 -0.011117 0.016927 -0.067900 0.116316 -0.081057 0.036320 0.026940 -0.072931 0.085963 
-0.840565 -0.371512 0.778202 -0.753963 0.409166 -0.173073 0.037600 0.044113 -0.077614 0.130396 -0.104957 -0.031749 0.157934 -0.144553 0.030933 
-0.651850 -0.343239 0.877522 -0.655204 0.274407 -0.254415 -0.062425 0.199861 -0.110342 0.040990 0.014602 -0.074620 0.173193 -0.194347 0.065210 
0.119198 -0.330415 1.395167 -0.223119 0.059958 -0.256720 -0.059885 0.085521 -0.183511 -0.158135 0.079328 -0.068023 0.068642 -0.156601 0.074075 
0.373928 -0.494573 1.495341 -0.108311 -0.072767 -0.154254 -0.104518 -0.040347 -0.151736 -0.269396 -0.009820 -0.025348 -0.036552 -0.185036 0.128875 
0.416921 -0.663277 1.619179 -0.046088 -0.129400 0.015482 -0.243680 0.075286 -0.273486 -0.261190 0.016811 -0.184453 0.000316 -0.227943 0.109670 
0.604356 -0.754580 1.613585 -0.049441 -0.126347 0.011470 -0.196286 0.013529 -0.205670 -0.317394 0.064760 -0.167043 -0.077009 -0.171896 0.137346 
0.608645 -0.795825 1.678684 0.017458 -0.224215 0.116791 -0.264154 0.052059 -0.247904 -0.290965 0.044645 -0.200160 -0.072313 -0.158771 0.090496 
0.647861 -0.879569 1.802611 0.024988 -0.279683 0.118923 -0.236242 0.046734 -0.279471 -0.294739 0.094238 -0.272072 -0.040130 -0.162192 0.081201 
0.700876 -0.861129 1.732380 0.071542 -0.306841 0.057753 -0.197104 0.036367 -0.320583 -0.250888 0.084352 -0.268266 -0.037678 -0.098281 0.015844 
0.943302 -0.937868 1.625904 0.040721 -0.216629 -0.163726 -0.067542 -0.027857 -0.262559 -0.262879 0.141326 -0.222456 -0.035050 -0.007124 -0.007866 
1.109724 -1.015830 1.226908 0.026374 -0.058752 -0.301019 -0.106848 0.013146 -0.245933 -0.173411 0.091806 -0.159297 0.024035 0.029397 -0.023732 
1.294634 -0.972031 1.088815 0.056285 -0.059610 -0.259824 -0.366384 0.035720 -0.173422 -0.083739 0.017416 -0.190954 0.150197 0.140768 -0.089878 
1.416072 -0.873541 0.988786 -0.073345 0.007005 -0.229213 -0.413320 -0.118546 -0.170912 0.056401 0.020938 -0.240903 0.181092 0.173768 0.038607 
1.534090 -0.801261 0.779759 -0.279583 0.015984 -0.066007 -0.368200 -0.235492 -0.282707 0.077784 0.196115 -0.223285 0.087319 0.105868 0.139253 
1.789138 -0.890726 0.489995 -0.261378 0.010570 -0.021439 -0.289527 -0.210416 -0.425891 0.000871 0.256149 -0.202135 0.151034 0.015319 0.031156 
1.825945 -0.830942 0.465489 -0.396065 -0.053883 0.052394 -0.196340 -0.204046 -0.435029 -0.029178 0.241980 -0.162265 0.210798 0.029802 -0.036693 
1.719977 -0.672140 0.506414 -0.624577 -0.081960 0.084688 -0.158474 -0.177653 -0.395178 -0.054073 0.275211 -0.092396 0.226272 0.055404 -0.065994 
1.718626 -0.666634 0.519168 -0.715311 -0.075626 0.038423 -0.138329 -0.177091 -0.319409 -0.100446 0.234951 -0.088801 0.267846 0.079753 -0.068397 
1.589612 -0.493612 0.615106 -0.794218 -0.115563 0.124687 -0.176428 -0.202927 -0.296264 -0.066110 0.195643 -0.072183 0.279526 0.055717 -0.085706 
1.648710 -0.451959 0.602471 -0.749665 -0.058589 0.121108 -0.212470 -0.233521 -0.310159 -0.059470 0.198603 -0.057752 0.251459 0.026864 -0.079178 
1.668584 -0.425093 0.545583 -0.642409 -0.090387 0.179230 -0.241566 -0.266325 -0.362660 -0.007748 0.149369 -0.090890 0.288852 -0.032512 -0.080111 
1.625810 -0.329789 0.705726 -0.628833 -0.062816 0.265849 -0.282730 -0.270691 -0.427698 0.032776 0.135735 -0.112882 0.276094 -0.087647 -0.082521 
1.410465 -0.087006 0.605761 -0.503602 0.077096 0.315208 -0.184280 -0.287439 -0.356614 0.037121 0.127025 -0.135706 0.174427 -0.148409 -0.105929 
0.870488 0.476454 0.324957 0.060997 0.116958 0.346024 0.104387 -0.302277 -0.267512 -0.026905 0.052280 -0.217716 0.007837 -0.137763 -0.129783 
0.677008 0.352110 0.284188 0.192275 0.237847 0.388154 0.115210 -0.216030 -0.217948 -0.135060 0.168206 -0.162985 -0.137428 -0.080489 -0.194554 
0.570150 0.359436 0.259481 0.312024 0.234112 0.350506 0.193812 -0.196565 -0.258508 -0.012570 0.127525 -0.153774 -0.102150 -0.119304 -0.140096 
0.548325 0.368174 0.296470 0.400627 0.174434 0.247643 0.042314 -0.174083 -0.073267 -0.038360 0.026010 -0.130638 -0.139548 -0.068680 0.011375 
0.767285 0.351955 0.264995 -0.098499 -0.088498 0.038623 0.067711 -0.140938 0.109453 0.046782 0.083990 -0.060149 0.057438 0.007427 -0.025086 
1.448474 -0.378136 0.351647 -0.304697 -0.146217 -0.017214 -0.305436 -0.255839 -0.089361 0.084589 0.154296 -0.080178 0.184226 -0.024293 0.131409 
1.564881 -0.701888 0.518911 -0.364088 -0.044962 0.031299 -0.390048 -0.289499 -0.097872 0.266433 0.206454 -0.169510 0.124269 0.043673 0.130619 
1.512928 -0.853385 0.507526 -0.428059 -0.156976 0.023424 -0.434226 -0.260708 -0.059720 0.321003 0.322811 -0.184245 0.123804 0.100405 0.105838 
1.456193 -0.932424 0.491125 -0.451038 -0.220322 0.059296 -0.410227 -0.194943 0.008899 0.282074 0.405560 -0.195188 0.031373 0.123208 0.056266 
1.511458 -1.007249 0.405592 -0.509054 -0.251905 0.105221 -0.387457 -0.145191 -0.002462 0.343326 0.390791 -0.169098 0.005772 0.006739 0.087293 
1.410632 -0.991587 0.264290 -0.540955 -0.223896 0.089322 -0.267256 -0.156985 0.048233 0.331745 0.317086 -0.099979 -0.083667 -0.057635 0.079973 
1.490540 -1.053428 0.219362 -0.563348 -0.204822 0.040426 -0.151737 -0.152348 0.070076 0.282522 0.322413 -0.060748 -0.131811 -0.150140 0.113137 
1.477185 -1.032140 0.033003 -0.410546 -0.309392 0.090689 -0.089548 -0.166406 0.066499 0.265318 0.247479 -0.018370 -0.133320 -0.175488 0.122678 
1.567376 -1.091820 0.075330 -0.488126 -0.246983 0.113361 -0.124385 -0.060628 0.076624 0.262631 0.256631 -0.109680 -0.134591 -0.231354 0.135217 
1.565169 -1.089170 0.004531 -0.483344 -0.262516 0.105495 -0.089843 -0.117903 0.143746 0.254059 0.336336 -0.159137 -0.198523 -0.226873 0.145064 
1.555991 -1.067707 -0.012123 -0.438083 -0.301156 0.127052 -0.045042 -0.179314 0.164078 0.209921 0.321629 -0.075638 -0.268010 -0.149261 0.101783 
1.659362 -1.085131 0.038781 -0.431153 -0.287093 0.110362 -0.029900 -0.161798 0.153523 0.210301 0.303423 -0.092933 -0.239981 -0.158595 0.122954 
1.454401 -0.818013 -0.046180 -0.517552 -0.080687 0.014921 -0.052199 0.017173 -0.044282 0.328641 0.235411 -0.196629 -0.086744 -0.218080 0.091400 
1.148427 -0.567989 -0.208450 -0.402660 -0.201302 0.002802 0.005318 -0.143259 0.089662 0.319386 0.367222 -0.199100 -0.218744 -0.177180 0.121072 
1.425270 -0.662934 -0.174726 -0.394719 -0.193374 0.024256 0.013058 -0.088105 0.043294 0.299210 0.248659 -0.138075 -0.169932 -0.173058 0.080709 
0.498258 -0.568560 -0.358802 -0.444201 -0.229429 0.043726 -0.111942 -0.052669 0.112475 0.317539 0.310984 -0.225444 -0.135681 -0.139093 -0.065126 
1.213102 -0.424370 -0.279765 -0.388754 -0.152690 0.054704 -0.037751 0.026015 0.047095 0.236151 0.274872 -0.264800 -0.112488 -0.140187 0.043389 
0.500945 -0.204087 -0.651596 -0.361427 -0.199753 0.068004 -0.010581 -0.108985 0.165239 0.335923 0.211970 -0.293728 -0.142917 -0.162047 -0.023101 
0.087719 -0.286827 -0.267456 -0.551974 -0.071040 -0.004921 -0.127282 -0.085545 0.145713 0.315787 0.120812 -0.162815 0.001400 -0.185094 0.012593 
