city022_098
HAPPYAKU
71
-0.045909 0.001377 -0.054517 0.035544 -0.023427 -0.039686 -0.269174 -0.167400 0.022047 -0.008046 0.048224 0.015922 -0.028076 0.043525 0.042960 
0.202326 0.080990 -0.179963 0.083404 -0.124531 -0.029346 0.028907 0.006363 0.133527 0.033645 -0.035615 -0.042730 -0.008163 0.048652 -0.056723 
0.421859 -0.254576 0.004575 0.047682 0.188149 0.097590 -0.081591 0.026233 -0.010979 0.124817 0.069073 -0.155126 0.003413 0.104323 -0.031021 
0.576370 -0.369321 0.047216 -0.079508 -0.052168 -0.068304 -0.091035 0.094817 0.007164 0.144206 -0.001119 -0.185417 0.130881 -0.022801 -0.031589 
0.392046 -0.738800 0.057047 -0.143915 0.150669 0.065948 -0.063498 0.099998 -0.114742 0.187940 -0.006182 -0.259099 0.169653 0.013783 0.011471 
0.383245 -1.057986 0.004622 -0.208407 0.158646 0.053447 -0.028521 0.113629 -0.076532 0.172984 -0.172127 -0.225535 0.286957 0.018446 -0.105321 
0.419427 -1.231299 0.142669 -0.093861 0.182537 -0.111101 -0.115265 0.201579 -0.133338 0.175865 -0.113721 -0.159722 0.243584 -0.088332 -0.031663 
0.337999 -1.115415 0.096323 -0.220900 0.103428 -0.089361 0.083878 0.110540 -0.257926 0.205022 0.004854 -0.215348 0.228652 -0.062866 -0.112940 
0.969270 -0.673221 0.215097 -0.297518 0.108161 0.016909 0.020411 0.099822 -0.206532 0.273288 0.011864 -0.288856 0.187967 -0.000398 -0.083037 
1.443173 -0.984162 0.097716 -0.630451 -0.296576 -0.023006 0.075336 0.118859 -0.083914 0.110657 0.183500 -0.044546 -0.045742 -0.042056 -0.040661 
1.491626 -1.167225 0.110733 -0.732834 -0.162547 0.038997 -0.049305 0.083472 0.054197 0.078150 0.222375 0.011333 -0.164546 -0.114869 -0.026672 
1.436652 -1.129482 0.132721 -0.703927 -0.189938 0.027218 -0.094194 0.103232 0.004064 0.165994 0.194019 0.036656 -0.166385 -0.106839 -0.030495 
1.454068 -1.089694 0.242895 -0.714638 -0.150437 -0.081666 -0.108199 0.078450 -0.025602 0.156151 0.261831 0.066196 -0.159462 -0.057299 -0.011417 
1.594469 -0.930890 0.316658 -0.629497 -0.170644 -0.089020 -0.170549 0.043681 -0.122669 0.094544 0.326302 0.063641 -0.062437 0.000408 0.037138 
1.936224 -0.492977 0.347089 -0.341008 -0.215094 -0.001225 -0.084486 -0.045942 -0.236459 -0.003746 0.056376 0.031865 0.018039 0.053617 0.061678 
1.114732 0.388537 -0.262502 0.109795 -0.067005 0.063896 -0.062886 -0.066969 0.161089 0.102467 0.041102 -0.041723 -0.003182 0.027340 -0.021309 
0.598711 0.046557 -0.345846 -0.016544 -0.048470 -0.000425 0.048774 -0.008700 0.063073 0.199221 0.109882 -0.220139 -0.084452 0.125982 -0.053267 
0.339154 -0.042201 -0.371244 -0.155076 -0.174329 -0.084235 0.116565 0.070489 0.064568 0.159114 0.058409 -0.243615 -0.054794 0.070386 -0.054338 
0.085762 -0.126064 -0.377562 -0.191392 -0.121539 -0.063845 0.009010 0.108373 0.068392 0.021977 -0.009963 -0.054410 -0.003632 -0.028103 0.006348 
0.042214 -0.184999 -0.406767 -0.370283 -0.174113 -0.009942 -0.104016 -0.117928 -0.013868 0.345488 0.267790 -0.138328 -0.053735 -0.069363 -0.099422 
0.133114 -0.164954 -0.464386 -0.236793 -0.091629 -0.047912 -0.101689 -0.057745 0.024869 0.243556 0.124933 -0.090815 -0.071995 0.004139 -0.058436 
-0.191823 -0.300490 -0.378164 -0.126506 -0.128091 0.051922 -0.093444 -0.002756 -0.006211 0.084537 0.104804 -0.004846 -0.093988 -0.034062 0.050106 
-0.285255 -0.141914 -0.368863 -0.307740 -0.189643 0.053945 -0.057402 -0.040263 -0.059863 0.171650 0.227040 -0.063629 -0.113156 0.004109 -0.043363 
-0.189970 -0.123004 -0.306452 -0.041379 -0.296957 -0.268892 0.059391 0.147766 0.015547 0.140010 0.057617 -0.076626 -0.024495 -0.027301 -0.056172 
-0.164873 -0.166297 -0.462402 -0.197289 -0.098589 0.033246 -0.093104 0.006739 0.102490 0.154965 -0.037256 -0.044576 -0.071915 0.008325 -0.007793 
-0.134833 -0.080678 -0.228417 -0.120028 -0.143345 -0.081449 -0.123600 0.040320 -0.059018 0.160781 0.096682 -0.069609 -0.042570 0.082231 -0.059658 
-0.144668 -0.194288 -0.339356 -0.208654 -0.209813 -0.029528 -0.108564 -0.118835 0.015844 0.071685 0.332487 -0.023658 -0.075191 -0.045730 -0.000593 
-0.267827 -0.124099 -0.226849 -0.142958 -0.166666 0.121928 -0.002348 -0.109071 -0.024035 0.006007 0.112319 0.011106 -0.048891 0.001167 -0.008340 
-0.318083 -0.097338 -0.381420 -0.287080 -0.197444 -0.079421 -0.063492 0.143674 0.218205 0.038982 -0.037920 -0.023942 -0.057835 -0.108447 0.008175 
-0.336278 -0.039335 -0.196374 -0.170553 -0.023489 -0.001539 -0.126811 -0.007996 0.081502 0.023774 -0.017678 0.044960 -0.039297 -0.021694 0.044806 
-0.302386 -0.034505 -0.162510 -0.108837 -0.035866 0.103416 -0.117295 -0.117920 0.006491 0.099845 0.014341 -0.015030 -0.025804 0.019020 -0.025764 
-0.382577 -0.235671 -0.385678 -0.213868 -0.000899 -0.020050 0.056528 0.038309 -0.020135 -0.013233 0.104987 -0.070924 -0.045932 0.018778 0.012710 
-0.091000 -1.282479 0.611128 -0.092336 0.067355 0.039768 -0.212325 0.091535 -0.047322 0.094290 -0.024708 -0.044312 -0.007574 0.020506 0.058660 
0.192259 -0.790869 1.036757 -0.278354 0.063490 0.340283 -0.261895 0.059582 0.027857 -0.002405 0.011367 -0.023946 0.029705 -0.054754 0.044844 
0.069895 -0.464623 0.645112 -0.451164 0.268570 0.076074 -0.143583 0.393482 -0.287548 -0.018980 0.169668 -0.123000 0.070772 -0.053662 0.034673 
0.447813 -0.122196 0.762813 -0.343012 0.349176 0.025589 -0.143484 0.161928 -0.201944 0.006949 -0.049210 0.023979 -0.010312 -0.128723 0.141294 
0.625251 -0.264764 1.339033 -0.233467 0.021182 0.050599 -0.439126 0.149109 -0.146740 -0.283040 -0.079941 0.074373 -0.139027 -0.127219 0.165445 
0.730826 -0.576197 1.367964 -0.291248 0.003732 -0.110712 -0.429074 0.073803 -0.120255 -0.273587 -0.134990 0.148647 -0.033505 -0.152071 0.176723 
1.093958 -0.944181 1.254153 -0.202333 -0.280620 -0.042172 -0.519001 0.062958 -0.140290 -0.232071 -0.046691 0.133273 0.085671 -0.091062 0.146831 
1.189740 -1.070158 0.893199 -0.320370 -0.080345 -0.272333 -0.308037 -0.091983 -0.165659 -0.116598 -0.020241 0.144656 0.141894 -0.015368 0.086843 
1.210009 -1.090150 0.848902 -0.106744 -0.141607 -0.429283 -0.277225 -0.039161 -0.062961 -0.136596 0.065237 0.113689 0.069102 0.160285 -0.018672 
1.425898 -1.166557 0.739783 -0.066348 -0.147561 -0.391898 -0.357093 0.125561 -0.046339 -0.078112 0.095746 0.120750 -0.007933 0.167023 0.025111 
1.440875 -1.116760 0.606412 -0.081008 0.008215 -0.460654 -0.374429 0.140167 -0.133793 0.064791 -0.012552 0.095862 0.055009 0.108201 0.091569 
1.598371 -1.053095 0.458417 -0.066733 0.140097 -0.441438 -0.332047 0.020134 -0.203818 0.114362 -0.057756 0.044038 0.044606 0.075116 0.201051 
1.600932 -0.746280 0.264498 0.142797 0.158339 -0.346597 -0.404641 -0.014475 -0.283930 0.079062 0.006487 -0.089056 -0.040221 0.149895 0.205476 
1.479600 -0.392124 0.086605 0.239519 0.157121 -0.251309 -0.304177 -0.159474 -0.265529 0.006516 0.080907 -0.177542 -0.115052 0.148734 0.177147 
0.742885 -0.041682 0.171159 0.378894 -0.061167 0.003703 -0.183246 -0.175502 -0.050118 -0.036457 -0.044423 -0.118215 -0.012249 0.035442 -0.003870 
0.294378 -0.133543 0.286238 0.357437 -0.074678 -0.197685 -0.278832 -0.082905 -0.000196 -0.043040 -0.104156 -0.131341 0.176906 0.016783 -0.051809 
0.162666 -0.025473 0.246867 0.340145 -0.118131 -0.122354 -0.139237 -0.049364 -0.011811 -0.036119 0.007008 -0.071747 -0.012785 0.129030 -0.052893 
-0.038077 -0.169834 0.145370 0.193632 -0.111923 -0.275236 -0.282468 -0.118180 -0.060886 -0.010212 0.074070 -0.066720 0.060346 0.139026 0.033139 
-0.136646 -0.220821 0.200036 0.389917 -0.085943 -0.231804 -0.227106 -0.074575 -0.052723 -0.015736 -0.013611 -0.093041 -0.003658 0.175569 -0.050484 
0.157465 -0.066966 0.035494 0.327789 0.153838 0.035005 0.002534 0.125679 0.050723 0.093489 -0.009005 -0.021986 0.041862 0.080070 -0.045107 
1.055903 -1.117406 -0.469874 -0.338612 0.304400 -0.001282 -0.010423 0.044926 -0.070244 0.226041 -0.128057 0.015166 -0.157743 0.009532 0.175410 
0.813112 -0.728633 -0.423507 -0.234827 0.338886 0.007823 -0.018398 -0.072965 -0.093835 0.208857 0.001476 -0.023963 -0.134000 0.008555 0.132927 
1.349153 -0.356254 0.064318 0.096259 0.311983 -0.201514 -0.258122 -0.144893 -0.156451 0.107996 -0.038258 -0.123904 -0.008550 0.003167 0.166590 
1.587441 -0.458205 0.394219 0.252939 0.083247 -0.156420 -0.307808 -0.046560 -0.296045 -0.025455 0.031601 -0.181949 -0.146854 0.141941 0.156833 
1.746537 -0.711091 0.585341 0.180347 0.022055 -0.143487 -0.434427 0.030022 -0.331684 0.047803 0.001709 -0.219647 -0.024799 0.158866 0.148931 
1.636401 -0.612438 0.593629 0.092060 0.037204 -0.184362 -0.357165 -0.013456 -0.312881 0.008066 0.045931 -0.219137 -0.021822 0.166403 0.122098 
1.690303 -0.643934 0.626623 0.070881 0.024582 -0.144672 -0.372248 -0.011532 -0.351045 0.038453 0.038732 -0.206393 -0.035294 0.151241 0.147088 
1.637768 -0.588087 0.616228 0.037724 0.026860 -0.134976 -0.374447 -0.016120 -0.373059 0.061141 0.025654 -0.222069 -0.007620 0.154576 0.108007 
1.655225 -0.570642 0.621839 0.037547 0.018674 -0.132938 -0.383965 -0.018284 -0.373822 0.053821 0.034497 -0.261896 0.016514 0.168060 0.090330 
1.598682 -0.455981 0.590474 0.068006 0.028458 -0.157024 -0.362972 -0.069052 -0.338849 0.026200 0.053286 -0.276380 -0.006559 0.215359 0.048335 
1.665046 -0.484876 0.630841 0.109441 -0.009381 -0.137843 -0.396848 -0.046482 -0.339129 0.016976 0.030420 -0.291280 0.024808 0.199998 0.023639 
1.535404 -0.291971 0.567725 0.221477 0.044640 -0.211169 -0.390413 -0.120569 -0.240349 -0.032859 0.060227 -0.367109 0.042191 0.280183 -0.034278 
1.433318 -0.201812 0.600492 0.249741 0.051628 -0.169725 -0.420833 -0.112239 -0.274048 -0.008695 0.025453 -0.354008 0.026444 0.271958 -0.032721 
1.234942 -0.147752 0.606680 0.269867 0.070512 -0.195220 -0.410562 -0.098894 -0.290101 0.026951 -0.049274 -0.381101 0.078364 0.243617 -0.070833 
1.041640 -0.003542 0.561183 0.296979 0.023204 -0.171910 -0.348234 -0.126051 -0.274161 0.003152 -0.038105 -0.391057 0.105275 0.196620 -0.112607 
0.966103 0.247793 0.398858 0.364781 0.046471 -0.339002 -0.233072 -0.210638 -0.269859 0.097027 -0.105572 -0.335749 0.198442 0.167389 -0.073163 
0.473953 -0.070039 0.476130 0.119412 -0.047478 -0.214781 -0.142119 -0.221838 -0.308477 0.093260 -0.096418 -0.223069 0.156317 0.006070 -0.011479 
0.609303 0.317712 0.388544 0.209205 -0.007508 -0.291401 -0.142103 -0.246658 -0.354057 0.124865 -0.112271 -0.298459 0.174270 0.075718 -0.059760 
-0.036193 0.176275 0.276472 0.215945 -0.129767 -0.142947 -0.306945 -0.260435 -0.224818 0.030839 -0.103678 -0.120425 0.028857 0.167260 -0.016065 
