city022_100
HAPPYOO
70
0.211387 -0.238861 -0.384198 -0.100535 -0.073491 -0.063592 -0.132441 0.067183 -0.050847 0.190328 0.150236 -0.164721 -0.078150 0.089320 -0.018433 
0.306068 -0.296828 0.012950 0.077827 0.347232 0.136239 -0.133105 -0.002251 0.003245 0.089844 0.055846 -0.056774 -0.007118 -0.020843 0.052912 
0.305227 -0.401249 0.062071 0.183674 0.140852 0.198610 -0.012823 -0.040835 0.069408 0.088242 0.065582 -0.054521 -0.056828 0.090671 0.080148 
0.243074 -0.422522 -0.019475 -0.130431 0.241019 0.176176 -0.022240 0.080719 -0.158502 0.128631 0.062445 -0.124184 0.049544 0.036963 -0.020194 
0.360457 -0.593304 -0.026621 -0.066666 0.235466 0.130015 -0.033045 0.113985 -0.114984 0.044787 0.027246 -0.054002 0.062714 -0.014613 0.010436 
0.394450 -0.492143 -0.106631 -0.197375 0.025595 0.025877 0.047073 0.177007 0.080738 0.029029 -0.140094 -0.156887 0.111220 0.020853 -0.002969 
0.430859 -0.579576 -0.217765 -0.292667 0.241931 0.121941 -0.075410 0.262536 -0.002452 0.060217 -0.170924 -0.213243 0.167460 0.083770 0.063663 
0.231981 -0.863737 -0.182525 -0.363347 0.205830 -0.044739 -0.085328 0.259554 0.006883 0.090477 -0.142887 -0.215494 0.110416 0.073941 0.013836 
0.498524 -0.982408 -0.297707 -0.531628 0.086399 0.161350 0.044492 0.182640 -0.114293 0.122833 0.001149 -0.320364 0.061093 0.047944 0.080605 
0.351019 -0.765445 -0.333716 -0.413651 0.117099 -0.115509 -0.037021 0.180088 0.009547 0.172761 -0.002187 -0.202835 0.010263 -0.067859 0.033465 
1.404787 -0.311723 -0.111950 -0.502935 0.097916 0.013385 -0.132271 0.169479 -0.067912 0.202457 -0.018029 -0.070562 0.004551 -0.094062 0.036513 
1.717949 -0.721919 0.050803 -0.753468 -0.090301 0.065809 -0.161471 0.077854 -0.141980 0.255016 0.244227 0.022234 -0.099700 -0.121362 -0.058128 
1.726760 -0.793892 0.046295 -0.748358 -0.063008 0.024162 -0.094590 0.059425 -0.113207 0.292728 0.222185 0.034301 -0.138885 -0.207163 -0.011404 
1.600494 -0.799161 0.000128 -0.756384 -0.088803 0.057324 -0.129827 0.009101 -0.057729 0.251894 0.195159 0.114177 -0.122181 -0.203279 -0.038422 
1.630528 -0.917692 0.051718 -0.670292 -0.132344 -0.030056 -0.088050 0.011315 -0.086953 0.227828 0.232941 0.118783 -0.111081 -0.167305 -0.029157 
1.635530 -0.921902 0.143384 -0.679065 -0.150293 -0.061985 -0.113985 0.001314 -0.142606 0.207058 0.256090 0.163603 -0.079695 -0.109334 -0.001903 
1.634262 -0.805227 0.203040 -0.584486 -0.179853 -0.065020 -0.230559 0.002633 -0.201565 0.054049 0.271997 0.208442 -0.000153 0.006227 0.048402 
1.931344 -0.841833 0.105582 0.047690 -0.079558 0.100702 -0.157018 -0.026390 -0.034783 0.003760 0.139444 0.018432 -0.085412 -0.036803 0.052757 
1.357229 0.752916 0.029425 0.206630 0.207989 0.113552 0.050897 -0.101871 -0.077828 0.105280 0.077746 -0.078560 0.037038 0.003596 -0.036821 
0.400016 0.301074 -0.063206 0.026489 0.110740 0.315943 0.135503 -0.086898 0.039609 0.157396 0.033083 -0.004993 0.051478 0.031109 -0.062247 
0.346466 -0.009428 -0.227785 -0.085759 -0.269934 -0.096861 -0.069760 -0.120562 0.067044 0.052076 0.123905 0.052382 -0.066076 0.049341 0.005655 
0.111325 0.041397 -0.350676 -0.435459 -0.149553 0.083037 -0.213044 -0.111881 -0.042304 0.112646 0.240456 0.121937 -0.064775 -0.031984 -0.068759 
0.014480 -0.098965 -0.342929 -0.478401 -0.292092 0.046112 -0.019447 -0.144957 -0.001693 0.169465 0.243539 0.078581 -0.011583 -0.141258 -0.067800 
-0.090440 -0.005902 -0.285201 -0.102614 -0.045838 0.034405 -0.008615 -0.108410 0.074975 0.022196 0.107970 -0.158650 0.048787 0.038297 -0.081299 
-0.081246 -0.054866 -0.244812 -0.153001 -0.279160 -0.064552 0.014324 0.029673 0.013368 0.060132 0.119562 -0.061212 -0.046707 0.024595 -0.023428 
-0.107095 -0.021512 -0.226525 -0.359358 -0.325023 0.087399 -0.057567 -0.016835 0.064971 0.126724 0.041323 0.016131 -0.041148 -0.040531 -0.035529 
-0.307867 -0.145367 -0.287309 -0.235425 -0.249985 -0.138908 -0.168540 0.000548 0.034133 0.157378 0.284174 0.005885 -0.105188 -0.024318 0.038140 
-0.177311 -0.032472 -0.167779 -0.299838 -0.457392 -0.025798 -0.029262 0.003496 0.020139 0.036774 0.282258 -0.029397 -0.043333 0.008296 -0.029354 
-0.141698 -0.089388 -0.232236 -0.092537 -0.011911 -0.000152 0.001204 -0.008168 -0.109605 0.081983 0.102670 -0.098515 -0.016173 0.073640 -0.075600 
-0.274878 -0.032146 -0.147473 -0.089924 -0.071915 -0.055411 -0.045970 -0.130443 -0.003089 0.138563 0.030008 -0.053648 0.011114 0.028901 -0.020276 
-0.336814 -0.130424 -0.189980 -0.217090 -0.150467 -0.034966 -0.119462 -0.111748 0.033311 0.089437 0.258070 -0.121942 -0.055678 0.108745 -0.101590 
-0.386269 -0.017291 0.006971 -0.003525 -0.310580 -0.118225 -0.079639 0.054834 -0.035374 0.128340 0.012722 0.009222 -0.040939 0.100716 -0.107329 
-0.386648 -0.025255 -0.077056 -0.119491 -0.272518 -0.223481 -0.128213 0.028733 -0.086803 0.180135 0.211733 -0.084957 0.004274 0.129894 -0.087111 
-0.312359 0.041372 0.114692 -0.046246 -0.208695 -0.114463 0.002776 0.006211 -0.098670 0.147285 -0.002966 -0.049399 0.030488 0.047783 -0.076210 
-0.661884 -0.046924 -0.106427 -0.108241 -0.162369 0.045642 0.017436 -0.057359 -0.010888 0.070481 0.011785 -0.028363 0.004100 -0.002634 -0.004373 
-0.555477 -0.041031 0.019334 0.144838 -0.056550 0.024970 -0.044093 -0.028640 -0.048449 0.024616 0.064950 -0.060534 -0.027849 0.056764 -0.028207 
-0.417880 0.003489 -0.176520 -0.134481 0.002141 0.186224 0.016632 -0.104155 -0.173249 0.013750 0.160875 0.013167 -0.099012 0.052042 -0.049693 
-0.413518 -0.122344 -0.148706 0.015000 0.049474 0.071043 0.067551 -0.119620 -0.032648 0.027310 0.074228 -0.078657 0.043734 -0.021730 -0.030958 
-0.301706 -0.010070 -0.043054 0.177964 0.058735 0.051546 0.002907 -0.009533 -0.000001 0.012544 -0.017291 0.004325 0.058702 -0.084476 0.010447 
-0.408738 -0.031669 -0.025743 0.015135 -0.083734 -0.025152 -0.069229 0.065985 0.006848 -0.068885 0.059444 -0.003130 -0.003800 -0.028842 0.035274 
-0.476008 -0.004372 -0.088804 -0.023515 -0.064016 0.058537 -0.002805 -0.067195 -0.094437 0.111699 0.040545 -0.075172 -0.006836 0.076823 -0.085742 
0.264876 -0.120039 0.756268 0.074036 0.034749 0.140118 -0.180602 0.116939 0.121457 -0.052023 0.019235 -0.010359 0.065912 0.009990 -0.048161 
1.356633 -0.319224 0.845059 -0.354664 -0.002980 0.310107 -0.278665 0.100219 -0.094471 -0.085605 -0.050637 -0.017888 0.001740 -0.072206 0.056327 
0.407080 -0.303453 1.035877 -0.340703 0.158272 0.355061 -0.177962 0.118164 -0.132698 -0.073283 0.089258 -0.044898 -0.049712 -0.029953 0.037964 
0.501992 -0.339648 1.281812 -0.182301 -0.081922 0.222519 -0.440911 0.120291 -0.057298 -0.332776 0.048712 -0.025562 -0.118488 -0.060380 0.060064 
0.684413 -0.572447 1.436577 -0.005835 -0.154113 0.132076 -0.356834 0.075158 -0.083752 -0.365892 -0.081925 0.070324 -0.153086 -0.185122 0.136974 
0.871165 -0.782976 1.558065 0.076544 -0.325852 0.208459 -0.374097 0.069110 -0.057951 -0.423711 0.023065 0.020051 -0.167713 -0.084250 0.040395 
1.152010 -0.942837 1.542880 0.083951 -0.373536 0.034826 -0.359576 0.111862 -0.227638 -0.320402 0.084006 -0.044663 -0.118149 0.053064 -0.007498 
1.170322 -0.936069 1.247467 0.046408 -0.226509 -0.222757 -0.345742 0.092178 -0.299598 -0.200364 0.046906 -0.050999 -0.020055 0.135838 0.012150 
1.388405 -0.909128 0.968737 -0.066081 -0.103718 -0.182238 -0.425843 0.048802 -0.254000 -0.153475 0.111374 -0.087657 -0.042102 0.212102 0.030325 
1.597553 -0.953240 0.844175 -0.141438 -0.003112 -0.133180 -0.472833 -0.013349 -0.225365 -0.058151 0.157977 -0.131008 -0.094746 0.303627 0.064048 
1.657792 -0.792676 0.616881 -0.174224 -0.045669 -0.033970 -0.484360 -0.047407 -0.289982 0.026408 0.282667 -0.109460 -0.123316 0.249567 0.160349 
1.826677 -0.776292 0.624530 -0.402066 -0.133389 0.132245 -0.452409 -0.024158 -0.389384 -0.062638 0.425792 -0.045469 -0.103322 0.194296 0.064450 
1.790167 -0.609725 0.506099 -0.490610 -0.148071 0.073291 -0.327832 0.007784 -0.439779 -0.092112 0.391934 0.006022 -0.030442 0.183569 0.016148 
1.897358 -0.513086 0.460572 -0.574996 -0.198733 -0.002535 -0.215580 0.072906 -0.404560 -0.161059 0.281670 0.056293 -0.021187 0.238902 0.043185 
1.853419 -0.539975 0.380817 -0.577839 -0.221539 -0.027819 -0.147112 0.040151 -0.387473 -0.168337 0.193947 0.081137 0.016013 0.242907 0.085785 
1.844366 -0.523891 0.469187 -0.663042 -0.247583 -0.017760 -0.178530 0.107699 -0.409195 -0.128320 0.181476 0.045563 0.053293 0.226287 0.116690 
1.813345 -0.427959 0.407146 -0.601194 -0.365605 -0.065979 -0.104488 0.085564 -0.332763 -0.135278 0.142162 0.034608 0.028988 0.245193 0.167266 
1.879908 -0.583905 0.430116 -0.617861 -0.346646 -0.058024 -0.134975 0.084739 -0.343802 -0.084469 0.126098 -0.007013 0.100068 0.242122 0.087553 
1.866780 -0.651603 0.372687 -0.556216 -0.285212 -0.148522 -0.135898 0.076878 -0.295033 -0.107879 0.096089 -0.008412 0.099547 0.251255 0.063734 
1.872868 -0.672784 0.348675 -0.535516 -0.298861 -0.133289 -0.164893 0.092297 -0.265296 -0.141928 0.081150 0.006103 0.113497 0.241566 0.063205 
1.869610 -0.614025 0.316786 -0.501280 -0.410068 -0.072112 -0.176778 0.124008 -0.286106 -0.167922 0.124121 -0.068519 0.163544 0.239146 0.084734 
1.913213 -0.137588 0.330917 -0.685480 -0.451133 0.022759 -0.091278 0.110850 -0.319820 -0.273857 0.226568 -0.060556 0.073832 0.421511 0.074399 
1.723309 -0.001283 0.326858 -0.720973 -0.393818 -0.013991 -0.064735 0.112430 -0.363793 -0.209785 0.136369 -0.056277 0.095167 0.376469 0.122399 
1.630372 0.158081 0.167684 -0.570529 -0.493388 0.050632 -0.070328 0.050851 -0.288564 -0.261427 0.167530 -0.026662 0.063294 0.425370 0.035513 
1.566853 0.282126 0.065523 -0.532462 -0.478127 0.004259 -0.031561 0.058721 -0.340583 -0.256654 0.214356 -0.067201 0.136001 0.391646 0.082273 
1.442832 0.470149 0.149673 -0.476708 -0.411811 -0.160293 -0.028549 -0.023121 -0.302378 -0.140323 0.202160 -0.068375 0.060397 0.339150 0.046205 
0.840170 0.402604 -0.219754 -0.350724 -0.457438 -0.220353 0.020656 -0.100379 -0.194436 -0.101745 0.077092 0.077353 0.179328 0.189620 0.095945 
0.113247 0.021818 -0.006277 -0.079072 -0.338670 -0.111048 -0.228482 -0.203948 -0.120538 0.076976 0.210566 0.012626 0.096157 0.122658 -0.015171 
-0.004732 0.093194 -0.153331 -0.216699 -0.355893 0.058938 0.034954 -0.039442 -0.160947 0.034847 0.084386 0.052649 0.005197 0.041764 -0.023528 
