city022_040
RISHIRI
54
-0.288757 0.181269 -0.090964 0.228896 -0.228061 -0.009018 -0.211115 -0.041191 -0.037449 0.018488 -0.029977 0.076456 -0.039815 0.030867 0.029318 
-0.161492 0.215892 0.020249 0.162315 -0.275758 0.087619 -0.230699 0.124212 -0.084734 -0.002808 0.010149 0.027716 -0.001962 -0.018056 0.017986 
-0.168787 -0.010442 0.891020 0.079706 -0.286086 0.469335 -0.301312 -0.005419 0.011546 -0.076013 -0.043648 0.019300 -0.101802 0.045409 -0.018444 
0.322495 0.518865 0.541586 0.404911 -0.207439 0.229578 -0.146248 -0.066169 -0.126957 -0.040740 -0.144853 -0.074654 -0.105614 0.023068 -0.118826 
0.413940 0.116832 0.731755 0.193516 -0.049790 0.263710 -0.196282 0.173189 -0.114092 0.038480 -0.066264 0.033817 -0.077306 0.058157 -0.090631 
0.822749 -0.522946 1.155380 -0.268898 -0.080605 0.190265 -0.256799 0.151493 -0.370178 0.069519 -0.112008 -0.002640 -0.096070 0.034399 -0.041218 
0.642122 -0.358595 1.594285 0.081093 -0.302447 0.046781 -0.194777 0.049646 -0.364805 -0.081531 -0.136204 0.022227 -0.185086 -0.023262 0.023335 
0.629652 -0.370677 1.659845 0.067372 -0.332802 0.114846 -0.214840 0.031933 -0.331562 -0.135414 -0.092729 0.010919 -0.264732 0.048067 0.011596 
0.662723 -0.268564 1.627406 0.132794 -0.353267 0.120255 -0.178852 -0.020434 -0.282625 -0.145863 -0.089798 0.023874 -0.264380 0.064450 0.020470 
0.730347 -0.207776 1.542519 0.048618 -0.300414 0.154733 -0.231294 0.060818 -0.357496 -0.095572 -0.061825 -0.060475 -0.226367 0.059108 0.016457 
0.568363 -0.199063 1.486246 -0.091336 -0.181425 0.064389 -0.168118 0.047584 -0.376011 -0.055445 -0.118495 -0.055985 -0.178388 -0.026874 0.032144 
0.229909 0.108994 1.270773 -0.426148 0.048757 -0.110907 -0.045163 -0.007101 -0.388496 0.157760 -0.210131 -0.002242 -0.073693 0.003101 0.024321 
-0.447679 -0.124857 1.097234 -0.479606 0.344509 -0.074549 -0.126008 0.130689 -0.227344 0.176402 -0.151450 0.029141 -0.002574 -0.010838 0.007658 
-0.894935 -0.403214 0.672267 -0.783781 0.365633 0.082688 0.083161 0.115582 -0.234851 0.145145 -0.159108 0.125294 0.007037 0.003975 -0.029750 
-1.099724 -0.306006 0.772758 -0.720054 0.353639 -0.138136 0.041265 0.148773 -0.170196 0.142875 -0.158235 0.137620 -0.061028 -0.011944 0.023780 
-1.148997 -0.421929 0.740475 -0.647242 0.398690 -0.195915 0.014140 0.133459 -0.144245 0.123519 -0.136165 0.126834 -0.072545 0.029034 -0.027947 
-1.218010 -0.677483 0.603348 -0.859573 0.297685 -0.043970 0.092621 0.125295 -0.208314 0.142990 -0.096588 0.019470 -0.018244 0.073726 -0.053131 
-1.054908 -0.839292 0.611302 -0.700332 0.311679 -0.076308 0.096049 0.059378 -0.216036 0.220202 -0.155133 0.046964 0.043390 -0.056161 -0.001769 
-1.052559 -0.768927 0.748424 -0.778785 0.402445 -0.092255 0.128291 0.145160 -0.277061 0.085870 -0.018673 0.048660 -0.042803 0.090711 -0.100157 
-1.104098 -0.748612 0.770607 -0.930849 0.328033 -0.052894 -0.027862 0.189810 -0.181407 0.122983 -0.046964 -0.032213 -0.002105 0.091138 -0.122846 
-1.077600 -0.807791 0.666449 -0.739049 0.218626 -0.070802 0.180326 0.094510 -0.193729 0.110954 -0.136120 0.083150 0.008712 -0.022272 0.021877 
-1.037152 -0.683706 0.923726 -0.706421 -0.021628 -0.122283 0.130588 0.146916 -0.201290 0.182337 -0.059823 -0.025436 0.011109 -0.029011 0.027361 
-0.276127 -0.326482 1.225845 -0.481909 0.146390 -0.025194 0.106178 0.114013 -0.127790 0.140363 -0.039759 0.045051 -0.020896 0.013178 -0.002517 
0.274421 -0.289946 1.493758 -0.211529 -0.016542 -0.068057 -0.123808 0.131860 -0.334040 -0.019036 -0.020335 -0.053210 -0.084064 -0.004260 -0.013483 
0.403330 -0.353948 1.721480 -0.152483 -0.175169 0.010940 -0.132857 0.057041 -0.430002 0.056068 -0.165429 -0.004970 -0.173273 0.038177 -0.017470 
0.633559 -0.485227 1.589389 -0.206520 -0.181411 0.055527 -0.128684 0.012434 -0.344219 0.019780 -0.155286 0.023579 -0.183376 0.030301 0.021479 
0.643395 -0.541169 1.800620 -0.185457 -0.253270 0.143445 -0.195828 0.089049 -0.393795 0.039073 -0.130463 0.008349 -0.194266 0.046621 0.020880 
0.648379 -0.568173 1.819703 -0.134465 -0.261455 0.170672 -0.191947 0.108083 -0.428524 0.067058 -0.161355 0.006592 -0.224189 0.050231 0.016040 
0.557440 -0.446210 1.748246 -0.087310 -0.178697 0.052719 -0.064852 0.052473 -0.399740 0.032603 -0.133038 -0.021427 -0.230372 0.042268 -0.002645 
0.532055 -0.349697 1.620626 -0.072975 -0.193425 -0.049940 -0.050123 0.053621 -0.439365 0.081215 -0.145527 0.017212 -0.196318 0.052043 -0.005157 
0.429336 -0.295636 1.312788 0.256047 -0.191393 0.060641 -0.033986 0.120866 -0.395571 0.028580 -0.127871 -0.065408 -0.180457 -0.034677 -0.059084 
0.500477 -0.350203 1.312022 0.190178 -0.230140 0.125211 -0.194455 0.215971 -0.432047 0.015206 -0.033909 -0.187780 -0.026973 -0.040539 -0.107457 
0.481267 -0.439876 1.400983 0.096155 -0.242165 0.034046 -0.181636 0.177564 -0.416253 -0.017238 -0.019621 -0.128636 -0.055189 -0.011843 -0.084071 
0.485495 -0.518577 1.580383 -0.052619 -0.148521 -0.017379 -0.104754 0.146111 -0.498603 0.097390 -0.133172 -0.059191 -0.163517 0.056328 -0.086243 
0.639202 -0.564098 1.736701 -0.143968 -0.245454 0.097073 -0.165963 0.096039 -0.479607 0.083665 -0.110640 -0.129587 -0.097529 0.047487 -0.102867 
0.799833 -0.706738 1.830258 0.036910 -0.387105 0.167094 -0.144039 0.044514 -0.414673 0.027486 -0.124415 -0.055032 -0.200713 0.061326 -0.035653 
0.788274 -0.702449 1.850428 -0.010483 -0.443970 0.259332 -0.197266 0.028435 -0.393179 0.026318 -0.115281 -0.069355 -0.202037 0.114346 -0.069090 
0.796821 -0.700908 1.896034 -0.079566 -0.389503 0.258222 -0.183426 -0.003192 -0.354965 0.033359 -0.151535 -0.032845 -0.225466 0.127234 -0.067584 
0.745250 -0.664642 1.886196 -0.126906 -0.335344 0.264799 -0.193091 -0.004037 -0.319201 -0.003449 -0.116733 -0.066817 -0.205108 0.113156 -0.062876 
0.685524 -0.595252 1.893062 -0.173379 -0.312837 0.274147 -0.215427 0.036231 -0.379900 0.045028 -0.139673 -0.073484 -0.208249 0.126681 -0.071323 
0.553789 -0.503545 1.962796 -0.165037 -0.314987 0.255184 -0.175946 -0.029950 -0.326434 0.000808 -0.130990 -0.057821 -0.245000 0.154803 -0.075164 
0.603605 -0.536067 1.954722 -0.226438 -0.298435 0.325575 -0.251340 0.023229 -0.348052 -0.003543 -0.120112 -0.108235 -0.213995 0.139076 -0.110670 
0.591634 -0.443032 1.930840 -0.176766 -0.318363 0.308233 -0.228711 -0.004773 -0.325359 -0.000334 -0.123792 -0.085745 -0.214661 0.150075 -0.105456 
0.618241 -0.431982 1.888461 -0.151044 -0.339012 0.332814 -0.273461 0.047373 -0.344907 -0.036969 -0.028662 -0.186310 -0.143974 0.140801 -0.124228 
0.622934 -0.404923 1.904541 -0.198705 -0.319022 0.313525 -0.276502 0.048900 -0.380617 0.027194 -0.065917 -0.185886 -0.097644 0.131421 -0.129974 
0.514324 -0.156004 1.735246 -0.072244 -0.313650 0.243955 -0.197361 -0.053079 -0.286911 -0.052642 -0.071023 -0.117393 -0.189670 0.181139 -0.127486 
0.603380 -0.133805 1.730355 -0.114006 -0.351507 0.328457 -0.304501 0.033847 -0.378640 -0.000824 -0.070936 -0.211640 -0.056351 0.070502 -0.099605 
0.449254 0.024841 1.761144 -0.138308 -0.345452 0.339274 -0.338379 0.037684 -0.383480 -0.078677 -0.013964 -0.260480 -0.090451 0.105563 -0.127583 
0.380007 0.157737 1.673580 -0.020088 -0.283690 0.225871 -0.248544 0.039813 -0.480110 0.041552 -0.107583 -0.251904 -0.054610 0.084562 -0.146945 
0.269906 0.377471 1.565216 0.022514 -0.234974 0.208816 -0.228990 0.023700 -0.426213 -0.029870 -0.081628 -0.232495 -0.110239 0.070810 -0.072771 
0.203637 -0.179404 1.621279 -0.106584 -0.284871 0.285781 -0.218151 0.003492 -0.355127 0.022850 -0.121420 -0.183107 -0.093740 0.047495 -0.105564 
0.081684 0.088705 1.439176 -0.110585 -0.225638 0.083190 -0.171271 -0.000852 -0.449456 0.113968 -0.186284 -0.082031 -0.136598 0.114394 -0.056017 
-0.096416 0.247972 1.042447 0.076982 -0.253036 0.163066 -0.154989 -0.071662 -0.474466 0.106364 -0.230041 -0.213156 -0.065188 -0.012455 -0.058297 
-0.176579 -0.023951 0.377979 0.156228 -0.262099 0.227879 -0.092757 -0.029403 -0.166304 0.166802 -0.049952 -0.049099 -0.031034 0.127661 -0.116904 
