city022_044
WASEDA
52
-0.398195 0.014042 -0.059486 0.110199 -0.087791 0.392383 0.004589 0.016418 -0.045391 0.071952 -0.057542 0.061521 0.007213 0.066543 -0.113920 
1.116731 0.651334 -0.035487 0.106592 -0.173095 0.233526 0.080000 -0.038401 -0.206945 0.024348 -0.094367 -0.046460 -0.011874 0.069901 -0.113578 
1.557107 0.422854 -0.035166 -0.141289 -0.439264 0.330465 0.036285 -0.139263 -0.384266 -0.078255 -0.007324 -0.014848 0.075337 0.273480 -0.184575 
1.776839 -0.040075 0.157856 -0.372794 -0.461218 0.342314 -0.203557 -0.107520 -0.421137 -0.023233 0.043672 -0.016904 0.201333 0.165611 -0.097115 
1.942276 -0.254736 0.234722 -0.497098 -0.441495 0.286729 -0.198811 -0.004717 -0.529163 0.092663 -0.026503 0.085803 0.172606 0.211044 -0.027177 
1.957191 -0.594782 0.177832 -0.416543 -0.413148 0.129486 -0.148224 -0.067245 -0.410658 0.059256 -0.043520 0.036025 0.235513 0.181206 0.027133 
1.789522 -0.897894 0.234783 -0.439660 -0.336679 -0.138645 -0.077454 0.005073 -0.275287 0.099865 -0.053761 0.174279 0.152030 0.189652 -0.027341 
1.734089 -0.979904 0.356101 -0.597896 -0.259468 -0.110952 -0.111293 0.048337 -0.290693 0.150232 0.033526 0.196841 0.029301 0.206166 -0.079244 
1.576987 -1.061666 0.318263 -0.596507 -0.218035 -0.150497 -0.060112 -0.020026 -0.266772 0.237574 0.144873 0.173766 -0.003404 0.120060 -0.094520 
1.568782 -1.110282 0.350004 -0.656596 -0.179926 -0.142386 -0.029232 -0.069380 -0.295272 0.301774 0.156017 0.215696 -0.053134 0.098539 -0.115924 
1.477624 -1.038100 0.320106 -0.666459 -0.146798 -0.089361 -0.026002 -0.153541 -0.277959 0.343807 0.183260 0.157906 -0.045446 0.079960 -0.145031 
1.524782 -1.053228 0.339258 -0.617294 -0.149714 -0.081140 -0.029124 -0.158785 -0.279061 0.355116 0.142572 0.102598 0.038424 0.026814 -0.150619 
1.715532 -0.749169 0.349807 -0.540214 -0.047895 -0.117012 -0.092581 -0.089691 -0.238785 0.446541 -0.205642 0.148032 0.045159 -0.001740 -0.032638 
1.387559 0.094433 0.010758 -0.460094 0.171027 -0.091917 0.049292 -0.272754 -0.010409 0.219506 -0.114572 0.081567 -0.002328 -0.017754 -0.053915 
0.700789 0.359967 0.312623 -0.269163 0.237568 -0.139995 0.095837 -0.123770 -0.015425 -0.099483 0.053873 0.016697 -0.109498 0.118027 -0.093066 
0.095551 0.109321 0.431470 -0.004455 0.335866 -0.104321 0.194694 -0.058397 0.062131 -0.046052 0.074057 0.043027 -0.106207 0.124671 -0.096377 
-0.024772 0.147697 0.532682 0.031520 0.331843 -0.062225 0.186159 -0.154249 -0.015534 0.002159 0.025958 -0.002546 -0.120790 0.062516 -0.040617 
0.049559 0.050772 0.451029 -0.070208 0.117763 -0.173692 0.149846 -0.178546 0.071250 0.048558 -0.106870 0.068544 -0.033441 0.034547 -0.051950 
-0.103381 -0.014397 0.201841 0.045248 0.331546 -0.186737 0.128564 -0.193447 0.180465 -0.047312 -0.063518 0.113791 -0.134545 0.103471 -0.056721 
-0.358502 -0.250938 0.373083 -0.070449 0.279563 -0.239271 0.249986 -0.029467 0.000031 0.007171 -0.060068 0.145458 -0.093363 0.011154 0.022071 
0.130262 -0.157999 0.482660 -0.083371 0.298631 -0.227185 0.121593 -0.056546 -0.029626 0.059492 -0.093157 0.084285 -0.077705 0.058835 -0.050970 
0.389243 -0.261690 0.251286 -0.104634 0.271095 -0.156134 0.121505 0.187378 -0.038467 0.053478 -0.097109 0.117231 -0.048147 0.039324 -0.023548 
1.373394 -0.606093 0.480880 -0.000901 0.080381 -0.043811 -0.381290 -0.285894 -0.101559 0.235499 -0.301149 -0.020869 -0.002188 0.139133 0.017539 
1.676517 -0.787751 0.647393 0.076142 -0.125201 0.041869 -0.529744 -0.119918 -0.176266 0.188972 -0.228738 -0.029524 0.017236 0.208197 -0.078661 
1.653605 -0.884302 0.772863 -0.032695 -0.098078 -0.033434 -0.481899 -0.129434 -0.158899 0.186499 -0.243390 0.000929 0.030739 0.227315 -0.121329 
1.676809 -0.878898 0.730956 -0.009197 -0.125184 0.007165 -0.522602 -0.102044 -0.128511 0.143118 -0.166976 -0.086925 0.117861 0.177730 -0.122799 
1.653755 -0.853963 0.755446 0.014399 -0.130439 -0.041484 -0.535041 -0.069223 -0.131424 0.191643 -0.182053 -0.080921 0.140592 0.204831 -0.137799 
1.651407 -0.834190 0.759118 0.066042 -0.118363 -0.069582 -0.508847 -0.110436 -0.120402 0.241081 -0.178511 -0.101418 0.146038 0.229728 -0.116120 
1.536877 -0.692377 0.715290 0.086023 -0.066911 -0.023404 -0.520952 -0.156962 -0.117635 0.225795 -0.185079 -0.157115 0.111676 0.251294 -0.096141 
1.518790 -0.500623 0.520676 0.178972 -0.012295 0.116059 -0.530906 -0.130487 -0.176367 0.214105 -0.204991 -0.233427 0.020342 0.240633 -0.128332 
1.222720 -0.065931 0.231042 0.365318 0.077784 0.236602 -0.305589 -0.191154 -0.129472 0.206823 -0.120387 -0.256350 -0.099531 0.198954 -0.153716 
0.806496 0.454108 0.185916 0.532563 0.089439 0.389479 -0.092740 -0.289906 -0.026000 0.103282 -0.111673 -0.098504 -0.218938 0.012273 -0.055055 
0.747200 0.459488 0.229734 0.559712 0.189716 0.331444 -0.250479 -0.127797 -0.032528 0.184975 -0.177844 -0.246585 -0.040672 -0.001433 -0.064814 
0.646433 0.376814 0.281599 0.615993 0.157256 0.243478 -0.238663 -0.003783 0.046814 -0.015856 -0.114883 -0.124357 -0.154279 0.141100 -0.187076 
0.963538 -0.258712 0.244673 0.052104 0.037458 0.034453 -0.565170 0.028820 -0.015096 -0.008374 -0.083090 0.015831 -0.046510 0.157657 -0.014854 
1.763228 0.076626 0.314376 0.100055 -0.040433 0.026890 -0.487303 0.029849 -0.169776 0.155411 0.020556 -0.032917 0.018530 0.165181 0.026120 
1.588642 -0.763820 0.335209 -0.366418 -0.109245 -0.033277 -0.422491 -0.094280 -0.196464 0.375430 0.215176 -0.031575 -0.078817 0.235578 0.003362 
1.648329 -0.785533 0.416259 -0.550422 -0.063554 -0.029134 -0.350296 -0.100457 -0.151130 0.402191 0.227137 0.032726 -0.147616 0.197969 -0.059604 
1.589745 -0.677510 0.274293 -0.534406 -0.139817 0.031800 -0.273161 -0.102888 -0.157434 0.352044 0.318485 0.016467 -0.132793 0.093375 -0.063611 
1.626039 -0.789347 0.186461 -0.548625 -0.181324 0.101370 -0.243520 -0.019918 -0.174015 0.409917 0.231029 0.020246 -0.183862 0.040499 -0.062629 
1.590947 -0.791314 0.091879 -0.583254 -0.209843 0.129502 -0.163905 -0.022884 -0.127212 0.408101 0.261551 -0.014881 -0.192832 -0.076847 -0.062605 
1.496138 -0.805089 0.038021 -0.586922 -0.301312 0.187911 -0.215164 -0.012378 -0.208748 0.463816 0.256694 0.056094 -0.191995 -0.046878 -0.147253 
1.647972 -0.888784 -0.054106 -0.532856 -0.314594 0.224134 -0.239341 0.031902 -0.200214 0.387025 0.299703 -0.037456 -0.127090 -0.063822 -0.121765 
1.768175 -0.855626 -0.092962 -0.462467 -0.376699 0.273669 -0.233503 0.065183 -0.176275 0.303496 0.320521 -0.061910 -0.144791 -0.027103 -0.132422 
1.616929 -0.779006 -0.011755 -0.523687 -0.339908 0.288789 -0.222416 0.081728 -0.119012 0.303958 0.243460 -0.088424 -0.121733 -0.054826 -0.150674 
1.332052 -0.648746 -0.160547 -0.486176 -0.386186 0.268446 -0.251170 0.084522 -0.140822 0.381313 0.354263 -0.132758 -0.169153 -0.053610 -0.210283 
1.336228 -0.751447 -0.232414 -0.493104 -0.243172 0.137176 -0.186032 0.097383 -0.171059 0.382857 0.183708 -0.107344 -0.065130 -0.048212 -0.096956 
1.259804 -0.597324 -0.316958 -0.499021 -0.293894 0.202235 -0.183836 0.057623 -0.145832 0.445866 0.278911 -0.172176 -0.123435 -0.121052 -0.158510 
1.322070 -0.807522 -0.188478 -0.557143 -0.290547 0.207448 -0.204447 0.061392 -0.162834 0.410749 0.288971 -0.116466 -0.131934 -0.052405 -0.239356 
0.587766 -0.318314 -0.443600 -0.414597 -0.344155 0.177666 -0.213992 0.003536 -0.050060 0.449753 0.185202 -0.032352 -0.129139 -0.152791 -0.148726 
0.224492 -0.202928 -0.474284 -0.329328 -0.322776 0.137622 -0.103677 -0.039923 -0.108714 0.436648 0.155594 -0.068099 -0.115561 -0.056682 -0.162869 
-0.013774 -0.476977 -0.260466 -0.157971 -0.265935 0.105735 -0.189008 -0.031046 -0.085455 0.434587 0.034318 -0.144282 0.013540 -0.033900 -0.052429 
