city022_058
BAKUROCHOO
92
-0.136197 -0.236735 0.261404 0.382238 0.049639 0.238799 -0.075226 0.089427 0.054054 0.112711 -0.012865 -0.001870 0.037061 0.097319 -0.106583 
-0.314224 -0.895960 0.434934 0.301147 0.313330 0.025640 -0.008149 0.220408 -0.259220 0.348536 -0.045835 -0.033297 0.079742 0.007410 -0.046223 
0.254183 0.278227 0.630357 0.469756 -0.062233 0.121673 -0.068217 0.016926 -0.183634 -0.064339 -0.127448 -0.070263 -0.143744 -0.095217 0.031200 
0.571337 0.204077 0.635349 0.380275 -0.042383 0.094236 -0.100904 -0.098163 -0.244042 0.007602 -0.197403 -0.144926 -0.142745 -0.007390 -0.057329 
-0.096516 0.269673 0.467746 0.475201 0.103570 0.061972 -0.109561 0.069107 -0.035609 -0.047910 -0.155020 0.055437 -0.076172 -0.102120 0.012960 
0.195843 0.326129 0.287879 0.393416 0.102714 0.152602 0.013744 -0.097381 -0.104103 -0.009884 -0.107119 0.016510 -0.116280 -0.098283 -0.009464 
0.104560 0.313351 0.437069 0.577504 0.114517 0.144555 -0.148633 0.012942 -0.080660 -0.036775 -0.121496 -0.149278 -0.091016 -0.047606 -0.061544 
0.282471 0.394877 0.277866 0.321810 0.157922 0.194914 -0.114514 -0.093027 -0.145036 0.040836 -0.076501 -0.114975 -0.099352 -0.021431 -0.056634 
0.315570 0.130842 0.424402 0.525069 0.129453 0.175552 -0.145329 0.006335 -0.124833 -0.037031 -0.122890 -0.074455 -0.123490 -0.132101 0.016710 
1.267820 -0.353002 0.257424 0.107348 -0.074970 0.222408 -0.119320 -0.016135 -0.250012 -0.036626 -0.040013 0.038804 -0.081253 0.026031 -0.063704 
1.663439 -0.722571 0.285982 -0.294052 -0.229922 -0.208804 -0.160735 0.086117 -0.093763 0.082737 0.039646 0.175664 -0.047898 0.026403 0.014434 
1.527240 -1.058645 0.120987 -0.557912 -0.251661 -0.245058 -0.030931 0.102763 -0.048748 0.129131 0.122865 0.156608 0.035806 -0.005298 -0.171688 
1.464839 -1.022380 0.073704 -0.540609 -0.253505 -0.179915 -0.032746 0.043332 -0.011713 0.128433 0.107263 0.202408 -0.018867 -0.041175 -0.116318 
1.476064 -1.127122 0.053911 -0.609032 -0.184789 -0.140549 -0.040221 0.063608 -0.117051 0.169986 0.167167 0.194920 -0.023449 -0.041616 -0.176994 
1.537894 -1.149196 0.022689 -0.587611 -0.181099 -0.086018 -0.109982 0.031625 -0.057351 0.130564 0.146452 0.232911 -0.015008 -0.025708 -0.184544 
1.542421 -1.122149 0.038046 -0.604836 -0.082378 -0.068916 -0.170299 0.010979 -0.116937 0.126805 0.200046 0.211865 0.015017 -0.071544 -0.131013 
1.692382 -0.902723 0.035331 -0.505542 -0.127258 -0.042664 -0.177502 -0.040248 -0.221020 0.127520 0.199129 0.202306 0.035252 -0.022377 -0.072983 
1.738129 -0.885958 0.254959 -0.492548 -0.076162 -0.009329 -0.229981 0.027350 -0.406824 0.053918 0.055714 0.300997 0.046097 -0.006090 0.004021 
1.878142 -0.327870 -0.146185 -0.167218 0.061447 -0.060997 -0.130418 0.023794 -0.561001 -0.014328 0.139869 0.149951 -0.072903 0.056332 -0.028628 
1.589099 0.169992 -0.308537 -0.067152 -0.131972 0.094948 0.125433 0.103429 -0.400071 -0.188142 -0.006016 0.056918 0.018978 0.135153 0.013053 
0.781262 0.308102 0.097236 0.048232 -0.023000 0.391803 0.057925 -0.123366 -0.365378 -0.246020 -0.098976 0.064486 -0.042162 -0.071950 -0.127281 
0.638405 -0.035591 0.035683 0.229660 0.052193 0.073525 -0.074118 -0.021794 -0.186953 0.047221 -0.045719 0.010474 -0.028616 -0.014280 -0.053814 
0.548098 0.152927 0.044242 -0.087608 -0.337282 0.013404 -0.129895 0.147407 -0.100925 -0.086024 0.028868 0.083954 -0.081762 0.052111 0.014328 
0.313206 0.170322 -0.193035 -0.164529 -0.213042 0.038180 -0.186735 -0.003101 -0.037654 0.148423 -0.006880 0.020268 0.042227 -0.039118 0.024091 
-0.088210 -0.930236 0.079793 0.101590 -0.460489 0.095843 -0.146153 -0.058199 0.032737 0.225289 0.031123 -0.056040 -0.074054 0.077532 0.032760 
0.124033 -0.869355 0.262503 0.058007 -0.302429 0.202209 -0.143733 0.067923 -0.094699 0.027900 0.080322 -0.018165 -0.073296 0.064117 0.007707 
0.937339 -1.159766 -0.287650 -0.469045 0.313070 0.012509 -0.016474 0.097964 -0.225235 0.241184 -0.144195 0.198540 -0.188454 -0.024609 0.060254 
1.119098 -0.940392 -0.285057 -0.355193 0.339460 -0.099582 -0.177295 0.062267 -0.140849 0.354566 -0.160433 0.125293 -0.190029 0.047616 0.070210 
0.935884 -0.510696 0.302324 -0.007410 0.086071 0.002091 -0.223682 -0.059880 -0.196425 0.144226 -0.237634 0.185285 -0.090135 0.005561 -0.006382 
1.635678 -0.212572 0.315972 0.027905 -0.029564 0.145972 -0.209890 -0.283893 -0.293460 0.136326 -0.081516 0.016118 -0.188000 0.104770 0.027051 
1.725676 -0.474511 0.300638 -0.128921 0.002602 0.080517 -0.222390 -0.100512 -0.536555 0.052494 0.017902 -0.086356 -0.092891 0.183139 -0.096123 
1.738967 -0.379368 0.341560 -0.200623 -0.110387 0.162874 -0.191343 -0.131341 -0.494644 -0.031162 0.072798 -0.068233 -0.052949 0.181699 -0.126024 
1.740847 -0.484496 0.454952 -0.303247 -0.120325 0.280212 -0.269819 -0.096822 -0.503847 -0.094050 0.185022 -0.113916 -0.015745 0.181949 -0.197871 
1.864755 -0.689511 0.425305 -0.061517 -0.359068 0.433403 -0.266271 -0.184962 -0.333393 -0.248807 0.187597 -0.021989 -0.124216 0.208770 -0.151376 
1.686326 -0.296382 -0.272194 0.256993 -0.128878 0.186201 -0.052980 -0.152101 -0.428908 -0.149828 0.013676 -0.021672 0.055011 0.056687 -0.166306 
1.834414 -0.179860 -0.415593 -0.001256 0.170276 0.230715 -0.230065 -0.190870 -0.314780 -0.033239 -0.099684 -0.091585 0.017101 0.119909 -0.056871 
2.072960 -0.580401 -0.068955 0.260353 -0.264341 0.129161 -0.053954 -0.027827 -0.342521 -0.218211 -0.146210 0.017585 0.082273 0.126711 -0.179390 
2.253018 -0.613126 0.031669 0.236441 -0.492282 0.151478 0.119248 -0.163770 -0.486497 -0.117839 -0.107145 0.055892 0.084815 0.133154 -0.136967 
1.990372 -0.677891 0.323614 -0.296997 -0.147231 0.112007 -0.129824 -0.057854 -0.525998 0.021673 -0.192955 0.116630 0.069993 0.114593 -0.026759 
1.953929 -0.866909 0.318753 -0.223454 -0.164234 0.048815 -0.292642 0.000170 -0.332979 -0.128496 -0.091544 0.037967 0.095985 0.227988 -0.112494 
1.839790 -0.968050 0.405557 -0.282239 -0.178869 0.005208 -0.258606 0.002869 -0.344671 -0.123442 -0.089735 0.112539 0.141346 0.183246 -0.134999 
1.757678 -0.943710 0.353634 -0.282798 -0.167683 -0.031898 -0.226964 -0.033774 -0.327733 -0.129482 -0.095660 0.125968 0.181210 0.173227 -0.110159 
1.712187 -0.954857 0.364859 -0.322367 -0.142969 -0.006959 -0.279579 -0.014561 -0.358800 -0.103642 -0.096838 0.131196 0.219283 0.142082 -0.111042 
1.723073 -0.945520 0.411525 -0.378343 -0.057105 0.002111 -0.346395 0.000323 -0.405092 -0.029287 -0.109845 0.119391 0.192462 0.124662 -0.110607 
1.617047 -0.917420 0.377998 -0.298451 -0.038012 0.043735 -0.329259 -0.107386 -0.426929 -0.059775 0.008427 0.105547 0.136882 0.072126 -0.123561 
1.712013 -0.874717 0.360921 -0.323289 0.018758 0.091985 -0.378419 -0.132622 -0.445001 0.034327 -0.079293 0.095699 0.108901 0.078038 -0.098987 
1.647630 -0.723548 0.451861 -0.308770 0.045360 0.127991 -0.441089 -0.177913 -0.344706 0.059899 -0.094302 -0.006075 0.086931 0.030476 -0.041533 
1.483049 -0.441297 0.614165 -0.278553 0.125617 0.135086 -0.496475 -0.185003 -0.295235 0.209896 -0.206778 -0.092280 0.034725 0.023643 0.033263 
0.573247 -0.202809 0.717067 -0.114440 0.198627 0.175840 -0.386443 0.002268 -0.323335 0.154598 -0.202067 -0.066278 -0.069886 -0.040215 0.038779 
0.218510 -0.559270 0.623337 0.123901 -0.002083 0.222447 -0.042661 0.005247 -0.182219 0.174245 -0.001576 -0.023817 -0.055731 0.033915 0.009755 
0.202898 0.100994 0.579481 -0.071889 0.365798 0.082641 -0.187914 0.127324 -0.189070 0.113000 -0.099937 0.028246 -0.107048 0.019323 0.016515 
0.085547 0.138547 0.342004 0.078985 0.046505 -0.006561 -0.153493 0.103481 -0.132547 0.079086 -0.107090 0.052957 -0.038117 0.020485 -0.014908 
-0.214572 -0.087101 0.304548 -0.019421 -0.224514 0.043384 0.052812 -0.002696 -0.134789 0.097200 -0.007853 -0.005406 -0.042078 0.067090 -0.012860 
-0.533096 -0.943665 0.479837 -0.232798 0.079336 0.054307 0.053403 -0.040552 -0.199411 0.169299 -0.024733 0.125965 -0.239767 0.139137 -0.017050 
-0.337930 -1.162469 0.362523 -0.488722 0.122246 0.087636 -0.203621 0.335497 -0.222612 0.108820 -0.055868 0.012804 -0.003516 -0.045150 0.071806 
-0.872214 -0.417428 0.702620 -0.626256 0.195320 0.175541 -0.293805 0.166763 -0.118436 0.111770 -0.052654 0.002531 -0.006955 0.045007 -0.084160 
-1.324646 -0.485209 0.908813 -0.747528 0.448290 0.012657 -0.288068 0.229244 -0.126478 0.113836 -0.105162 0.058906 -0.016745 -0.007126 0.019487 
-1.111421 -0.449612 1.056991 -0.670031 0.285255 0.093881 -0.374921 0.209641 0.010994 -0.069002 0.010366 0.013565 -0.025557 0.059325 -0.110338 
-1.061162 -0.721037 1.114711 -0.702972 0.265315 0.001333 -0.341817 0.210958 -0.014754 -0.004743 -0.062805 0.073424 -0.035000 0.046926 -0.058400 
-0.758214 -0.988451 1.082968 -0.628633 0.158748 0.178653 -0.381345 0.162149 0.031485 -0.035378 0.022745 -0.030110 -0.023823 0.118880 -0.124358 
0.541937 -0.798016 1.060158 -0.128277 0.138874 0.030542 -0.391830 -0.063606 0.023778 -0.004975 -0.140389 -0.101415 0.002693 0.150939 -0.108330 
1.400673 -0.922332 0.911485 0.077057 -0.074519 0.033321 -0.400878 -0.093281 -0.149146 0.141239 -0.243444 -0.024800 -0.059367 0.159833 0.029128 
1.601580 -0.974136 0.858353 -0.148823 -0.070813 0.034493 -0.414349 -0.091155 -0.264037 0.222263 -0.128225 -0.005670 -0.068426 0.162129 0.107295 
1.615679 -0.933065 0.698149 -0.310752 0.038991 0.017190 -0.469130 -0.058549 -0.326158 0.047323 0.057787 0.006046 -0.076062 0.133493 0.090029 
1.539962 -0.865499 0.558098 -0.396356 0.100092 -0.035050 -0.357190 -0.112624 -0.461161 0.045321 0.082884 0.085953 -0.087848 0.133852 0.028569 
1.574369 -0.779239 0.442591 -0.432595 0.055071 -0.073691 -0.256858 -0.088204 -0.433051 -0.077280 0.115295 0.151730 -0.044705 0.129197 0.010977 
1.663252 -0.822990 0.474235 -0.520174 0.051196 -0.095315 -0.269429 0.032375 -0.397860 -0.093363 0.015961 0.192145 -0.007028 0.154248 -0.008144 
1.710524 -0.843338 0.480744 -0.519924 -0.030961 -0.040400 -0.280478 0.046741 -0.331534 -0.073781 0.017167 0.140951 0.015004 0.180834 -0.051116 
1.801346 -0.904812 0.565196 -0.559745 -0.028903 -0.069800 -0.309119 0.063743 -0.291955 0.017776 -0.092981 0.115302 0.039239 0.197711 -0.056569 
1.826922 -0.865042 0.483775 -0.492132 -0.070871 -0.110314 -0.282151 0.100921 -0.247759 -0.035321 -0.126564 0.127706 0.049623 0.200497 -0.071084 
1.831198 -0.897305 0.441814 -0.474378 -0.050201 -0.133878 -0.283621 0.141934 -0.253976 -0.082205 -0.087945 0.083752 0.071005 0.247471 -0.147856 
1.794285 -0.855234 0.423062 -0.481866 -0.055376 -0.104945 -0.319512 0.141191 -0.222183 -0.071306 -0.057578 0.052010 0.120253 0.188288 -0.142620 
1.888472 -0.934615 0.454066 -0.497007 -0.103051 -0.025486 -0.351766 0.138404 -0.230740 -0.010504 -0.102559 0.049812 0.133948 0.181763 -0.129720 
1.935970 -0.931061 0.442793 -0.496505 -0.169600 0.013455 -0.394340 0.148340 -0.198334 0.017559 -0.117221 0.004795 0.177033 0.187384 -0.157892 
1.935477 -0.863818 0.388814 -0.556502 -0.127514 -0.030706 -0.361869 0.136625 -0.207301 0.072369 -0.143761 0.051238 0.119538 0.212705 -0.116911 
1.858563 -0.756475 0.378707 -0.622603 -0.120989 -0.044682 -0.354351 0.128615 -0.164118 0.049095 -0.137418 0.072504 0.121201 0.159236 -0.036927 
1.860328 -0.629506 0.299469 -0.649318 -0.057095 -0.036751 -0.415453 0.203339 -0.154911 0.011770 -0.096434 0.114478 0.099700 0.082429 0.028388 
1.811312 -0.566483 0.262739 -0.655951 -0.066417 -0.083818 -0.346679 0.124272 -0.116424 0.061715 -0.132262 0.061905 0.160958 0.067393 0.017466 
1.759876 -0.579775 0.356805 -0.715297 -0.096626 -0.075516 -0.313570 0.075490 -0.096672 0.071165 -0.135956 0.060937 0.138508 0.103371 -0.019578 
1.847147 -0.607054 0.362924 -0.772069 -0.124515 -0.078354 -0.332649 0.122191 -0.154464 0.128609 -0.252842 0.087639 0.099435 0.201741 -0.024047 
1.859815 -0.569424 0.258709 -0.721191 -0.105910 -0.147670 -0.284679 0.159527 -0.101135 0.030611 -0.167593 0.083134 0.095823 0.162877 0.007930 
1.932829 -0.591949 0.204278 -0.643672 -0.124858 -0.155543 -0.333862 0.237413 -0.140720 0.028555 -0.133656 0.076731 0.119751 0.136124 -0.000720 
1.931073 -0.521200 0.135008 -0.523181 -0.196549 -0.196499 -0.328979 0.246762 -0.167527 -0.024106 -0.046512 0.023972 0.141748 0.159620 -0.023955 
1.942658 -0.459843 0.046165 -0.386083 -0.324466 -0.244466 -0.257521 0.194962 -0.163399 -0.067405 -0.018512 0.020292 0.148158 0.199279 -0.024877 
1.899953 -0.403430 0.232466 -0.495385 -0.479258 -0.121564 -0.329612 0.191020 -0.114993 -0.091695 -0.013316 0.078295 0.085558 0.197362 -0.014038 
1.687733 -0.003478 0.268358 -0.612544 -0.650651 -0.007234 -0.314439 0.068437 -0.068817 0.051333 -0.095469 0.004077 0.089119 0.140123 0.003676 
1.548122 0.299017 0.234747 -0.852817 -0.644840 0.150871 -0.206781 0.091697 -0.162529 0.058209 -0.130670 -0.089062 0.247676 0.167180 -0.005031 
1.241762 0.517547 0.145418 -0.923905 -0.649634 0.166664 -0.195404 0.106331 -0.167603 0.047821 -0.120049 -0.089495 0.348013 0.161504 0.048707 
0.944878 0.387516 -0.211218 -0.530331 -0.739483 0.082575 -0.028512 -0.057899 -0.034427 -0.020890 -0.120520 0.076616 0.203830 0.222612 0.058246 
0.756797 0.257424 -0.012643 -0.648929 -0.703251 0.142687 -0.008094 0.004903 -0.086960 0.049378 -0.165079 0.034261 0.222508 0.162986 0.034810 
0.306194 0.308304 -0.233780 -0.428784 -0.536906 -0.010179 0.042585 0.069398 -0.165317 0.001097 0.029840 0.109430 0.061682 0.123469 0.090022 
0.175649 -0.085547 -0.088262 -0.215109 -0.481037 0.115936 0.048172 0.035436 -0.023683 0.146863 -0.057388 -0.001168 -0.036751 0.054353 -0.103071 
