city022_072
SHUZENJI
81
0.292615 0.438746 0.237384 0.201220 -0.037288 0.020959 0.000356 0.050304 -0.170492 0.001838 0.021252 -0.043743 -0.062210 0.052718 -0.055573 
0.628052 0.571939 0.353334 0.110181 0.109409 0.281945 0.037948 0.033694 -0.169816 -0.051737 -0.003039 -0.097653 -0.030296 -0.027386 -0.110242 
0.268647 0.326397 0.716378 -0.072790 0.299340 0.122417 -0.090331 0.080124 -0.168448 0.092529 0.005767 -0.153310 0.034112 -0.007529 -0.061818 
-0.116338 0.206661 1.238533 -0.458623 0.215819 0.499554 -0.271449 0.146876 -0.017043 -0.045571 0.058475 -0.103618 0.085137 -0.110536 0.024304 
-0.475577 -0.156769 1.181050 -0.512151 0.244807 0.222308 -0.195683 0.342845 -0.084245 -0.011527 0.139050 -0.023871 -0.026599 0.072741 -0.033009 
-1.122292 -0.770161 1.031768 -0.774461 -0.001977 0.164475 -0.152937 0.201829 -0.157236 0.080325 0.021441 -0.070733 0.018070 0.025662 -0.018137 
-1.174100 -0.721606 1.263641 -0.830387 0.292097 0.281629 -0.291109 0.165202 -0.105698 0.056795 0.029088 -0.050508 0.016965 0.021939 -0.006644 
-1.242519 -1.028224 0.937028 -1.072355 -0.018344 0.262185 -0.087624 0.252788 -0.043943 0.011538 -0.081773 -0.087519 0.034799 0.027411 0.005603 
-0.836733 -0.810417 0.887677 -0.930869 0.063590 0.166210 -0.168384 0.179013 -0.017177 0.038706 -0.088475 0.050510 -0.016814 -0.069744 0.097229 
-0.646406 -0.914753 1.046061 -0.798326 -0.208073 0.125259 -0.203904 0.138890 0.029430 0.066282 0.031025 -0.025117 -0.029600 0.023936 -0.061936 
-0.667351 -1.197493 1.092029 -0.532499 -0.086666 0.151474 -0.254768 0.171935 0.000133 -0.032189 0.006658 0.021267 -0.007380 -0.016272 0.023166 
-0.291402 -1.038206 0.935015 -0.254798 -0.025853 -0.134897 -0.024740 0.216036 -0.052807 -0.115765 0.015882 0.122665 -0.034687 -0.099926 0.041811 
0.092836 -0.960523 0.925782 -0.045043 0.012560 -0.106016 -0.102948 0.218369 -0.065648 -0.099719 0.018722 0.064640 0.017258 -0.091065 0.035856 
0.837888 -0.461393 0.841111 0.128993 0.243048 -0.124894 -0.319061 0.208352 -0.050753 -0.167693 -0.100237 -0.033236 0.028882 -0.034873 -0.091830 
1.381457 -0.518342 0.894872 0.277186 -0.099829 -0.080929 -0.348993 -0.053001 -0.040198 -0.135922 -0.023885 -0.153468 0.006445 0.216278 -0.144884 
1.298695 -0.599593 0.856815 0.245612 -0.050320 -0.007923 -0.463425 -0.087119 -0.044116 -0.164421 -0.036123 -0.261278 -0.017342 0.255021 -0.138808 
1.348821 -0.636726 0.926678 0.171029 -0.022575 0.043147 -0.581146 -0.051754 -0.083329 -0.117355 -0.043629 -0.316755 0.022701 0.267444 -0.124798 
1.333081 -0.618635 0.929827 0.140550 0.021603 0.031907 -0.542871 -0.087029 -0.059029 -0.116672 -0.052893 -0.347071 0.038260 0.276474 -0.211681 
1.243328 -0.570361 0.924011 0.130028 0.041944 0.015707 -0.559974 -0.014897 -0.153879 -0.031673 -0.116711 -0.320800 0.073588 0.204313 -0.169596 
1.094205 -0.458220 0.774628 0.119917 0.203266 -0.070706 -0.454658 -0.037970 -0.174126 -0.000389 -0.161570 -0.345699 0.090282 0.113876 -0.165732 
0.998307 -0.225424 0.740697 -0.031797 0.392480 -0.162653 -0.307237 -0.088821 -0.260761 0.194013 -0.245244 -0.290934 0.073502 0.035309 -0.025420 
0.613038 0.009742 0.603809 -0.055102 0.480107 -0.321425 -0.141985 -0.123958 -0.316597 0.275763 -0.296815 -0.211057 0.072759 -0.024109 0.038477 
0.478202 0.111823 0.418263 0.129475 0.503665 -0.422382 -0.063232 -0.230228 -0.161450 0.159599 -0.282865 -0.226151 0.018273 0.087184 -0.070512 
0.220893 0.248960 0.388236 0.119519 0.518604 -0.468663 0.029910 -0.261729 -0.164606 0.132150 -0.198713 -0.255607 0.014209 0.086023 -0.049999 
0.031104 0.202943 0.398569 0.228103 0.513012 -0.449113 -0.063555 -0.235311 0.005980 -0.104450 -0.215394 -0.199699 -0.016419 0.057940 -0.134559 
0.434323 0.097474 0.371366 0.196921 0.327135 -0.327341 -0.113750 -0.276205 0.006444 -0.028294 -0.231042 -0.213584 0.135422 -0.036243 -0.081152 
0.705024 -0.282860 0.463573 0.281244 0.139490 -0.256159 -0.198938 -0.228387 -0.043855 -0.146752 -0.128431 -0.122284 -0.020065 0.000653 0.072159 
1.164089 -0.562326 0.485738 0.206092 0.157265 -0.263414 -0.214761 -0.200652 -0.097369 -0.070316 -0.169108 -0.197365 0.071899 0.084526 -0.074716 
1.492382 -0.800747 0.703951 0.163794 -0.057525 -0.266273 -0.323430 -0.065549 -0.188737 -0.027399 -0.214426 -0.103276 0.142553 0.096296 -0.091346 
1.623403 -1.024980 0.876968 -0.004675 -0.167908 -0.222012 -0.375781 0.039351 -0.280845 -0.033264 -0.081630 -0.057885 0.151234 0.070093 -0.010466 
1.588297 -1.103855 0.844472 -0.175173 -0.155191 -0.139263 -0.386020 0.003727 -0.316598 0.001014 -0.029428 -0.029442 0.145907 0.062527 0.032899 
1.336807 -1.013455 0.919726 -0.115516 -0.137276 -0.367790 -0.282755 -0.004913 -0.190313 -0.067312 -0.023067 0.001530 0.183584 0.080426 -0.037360 
1.329255 -1.076700 0.941676 -0.150897 -0.175161 -0.378146 -0.273221 0.045076 -0.154780 -0.042363 0.025232 0.026982 0.156241 0.119596 -0.085661 
1.360242 -1.086428 0.830842 -0.240986 -0.218591 -0.410984 -0.272826 0.175235 -0.152446 0.056383 0.063134 0.051543 0.174146 0.062777 -0.059885 
1.327786 -1.012622 0.779221 -0.184591 -0.292404 -0.424544 -0.251943 0.123161 -0.088733 0.011815 0.112159 0.063004 0.173497 0.078394 -0.069331 
1.346180 -0.923704 0.773169 -0.147206 -0.294696 -0.443119 -0.200320 0.077727 -0.030867 -0.028187 0.101230 0.081109 0.142706 0.094330 -0.109400 
1.418236 -0.913522 0.846413 -0.154761 -0.318946 -0.329693 -0.245171 0.140515 -0.115388 -0.005042 0.080293 0.042454 0.145175 0.037755 -0.068624 
1.504385 -0.908675 0.862071 -0.131518 -0.267769 -0.295927 -0.219236 0.105899 -0.134306 -0.080636 0.041218 0.026757 0.081805 0.104923 -0.133600 
1.610628 -0.804478 0.907712 0.112046 -0.330157 -0.210067 -0.245455 0.079116 -0.122571 -0.075945 0.021027 -0.019079 0.120286 0.071972 -0.154350 
1.652979 -0.783442 1.018584 0.203728 -0.284289 -0.078016 -0.208502 -0.010602 -0.125472 -0.038898 -0.141918 -0.024684 0.103724 -0.030322 -0.085332 
1.508500 -0.697615 1.020960 0.041788 -0.273866 0.202793 -0.078708 -0.152201 -0.173934 -0.044643 -0.144577 -0.085034 -0.028216 -0.035954 -0.051078 
1.399464 -0.725795 1.187239 0.026102 -0.261428 0.296852 -0.084690 -0.243434 -0.173411 -0.067353 -0.143996 -0.145241 -0.068237 -0.036961 -0.075481 
1.232656 -0.526582 1.185955 0.007240 -0.282396 0.397074 -0.158277 -0.233694 -0.195820 -0.025326 -0.190433 -0.142486 -0.064929 -0.054811 -0.069997 
1.208270 -0.492756 1.227275 -0.072769 -0.276369 0.411242 -0.146501 -0.249414 -0.185237 -0.043492 -0.205261 -0.142444 -0.049431 -0.084028 -0.063596 
1.183679 -0.487213 1.208217 -0.049597 -0.301947 0.411093 -0.114606 -0.274157 -0.165441 -0.072228 -0.188622 -0.153866 -0.046220 -0.083737 -0.069800 
1.283255 -0.483703 1.227973 -0.093277 -0.291210 0.485636 -0.187207 -0.241147 -0.196169 -0.036447 -0.227329 -0.130784 -0.049358 -0.106060 -0.057453 
1.173792 -0.371290 1.170670 -0.069068 -0.263377 0.426294 -0.151855 -0.257473 -0.124026 -0.109122 -0.220695 -0.114555 -0.060153 -0.127724 -0.038577 
1.170536 -0.339716 1.163407 -0.088334 -0.252770 0.401570 -0.101466 -0.284236 -0.092883 -0.141480 -0.217362 -0.116658 -0.067818 -0.116107 -0.069926 
1.151284 -0.295768 1.157698 -0.013090 -0.246850 0.358791 -0.115618 -0.265311 -0.085619 -0.140393 -0.214783 -0.120089 -0.080276 -0.109756 -0.076207 
1.189404 -0.333747 1.198365 0.137756 -0.221977 0.251069 -0.123986 -0.272639 -0.018795 -0.167540 -0.233061 -0.090096 -0.098259 -0.101777 -0.091367 
1.129782 -0.280876 1.120438 0.177591 -0.224258 0.226476 -0.103892 -0.230549 -0.058885 -0.163301 -0.236320 -0.062982 -0.124416 -0.116700 -0.051871 
1.059455 -0.129878 0.837838 0.184834 -0.198144 0.169080 0.031005 -0.204583 -0.100156 -0.195627 -0.221459 -0.036498 -0.116281 -0.194550 0.037603 
0.974970 0.030706 0.798443 -0.000580 0.068592 -0.135048 0.101403 -0.038380 -0.169526 -0.131943 -0.305896 0.047953 -0.081568 -0.237236 0.032578 
0.625257 -0.030599 0.941757 0.018087 0.138740 -0.165052 -0.053858 0.021145 -0.144219 -0.121154 -0.181177 0.019603 -0.007229 -0.212175 0.056068 
0.526074 -0.013929 0.853521 -0.185623 0.290098 -0.270038 -0.068830 0.230298 -0.237165 0.051507 -0.148575 0.065268 0.073451 -0.212348 0.102516 
0.143930 -0.000918 0.975292 -0.316144 0.372763 -0.287256 -0.075915 0.170683 -0.272817 0.062119 -0.126734 0.035405 -0.002177 -0.113015 0.096288 
-0.236218 -0.066846 1.206796 -0.206198 0.449054 -0.311395 -0.125221 0.158969 -0.234642 -0.061116 -0.232869 0.074036 -0.052122 -0.209146 0.108715 
-0.423590 -0.042059 1.247933 -0.182143 0.424441 -0.235776 -0.155744 0.035783 -0.178859 -0.021168 -0.375829 0.069770 -0.050535 -0.218042 0.095215 
-0.345072 -0.041510 1.343015 -0.378698 0.496096 -0.332107 -0.223476 0.262048 -0.391196 -0.073042 -0.111963 -0.097682 0.008211 -0.173636 0.054809 
-0.052093 -0.185342 1.258309 -0.215731 0.289102 -0.361388 -0.086778 0.122635 -0.330608 -0.008810 -0.166889 -0.040251 0.067433 -0.170078 0.000064 
0.204951 -0.156029 1.356853 -0.155569 0.152344 -0.272132 -0.120033 0.147722 -0.353485 -0.052442 -0.106284 -0.077498 0.085825 -0.228742 0.049860 
0.450391 -0.351317 1.375409 -0.159969 0.040919 -0.133060 -0.194710 0.156106 -0.285344 -0.142651 -0.026768 -0.051472 -0.005197 -0.166123 0.055689 
0.476627 -0.383434 1.569047 -0.191942 -0.004234 -0.091252 -0.237293 0.223670 -0.365761 -0.121680 0.000811 -0.069778 -0.020412 -0.159569 0.072610 
0.670530 -0.456783 1.528589 -0.131195 -0.052019 -0.080249 -0.157831 0.134763 -0.352983 -0.139274 -0.023402 -0.086161 -0.085731 -0.119991 0.017688 
0.787950 -0.525193 1.596489 -0.106464 -0.179290 -0.003979 -0.177444 0.107368 -0.317387 -0.124704 -0.026156 -0.031051 -0.109735 -0.091808 0.062179 
0.845063 -0.580703 1.553262 -0.187424 -0.222996 0.142529 -0.156361 0.083148 -0.284442 -0.124620 0.040407 -0.116836 -0.113583 -0.029675 0.029192 
0.827376 -0.638590 1.560378 -0.154846 -0.201507 0.125849 -0.163204 0.089850 -0.304638 -0.112940 0.007820 -0.077198 -0.157862 -0.024731 0.053658 
0.761901 -0.652359 1.699667 -0.197871 -0.191760 0.171386 -0.199371 0.082645 -0.342003 -0.108442 0.001774 -0.152366 -0.131260 -0.037610 0.050817 
0.548938 -0.475975 1.749816 -0.101734 -0.204881 0.114826 -0.205699 0.095078 -0.399127 -0.095500 -0.013231 -0.199354 -0.091828 -0.062910 0.029523 
0.694014 -0.415249 1.645596 -0.089939 -0.292651 0.148915 -0.205747 0.015217 -0.330841 -0.176274 0.048288 -0.232329 -0.099642 -0.007014 -0.019990 
0.768105 -0.245455 1.639763 -0.083685 -0.310800 0.166206 -0.243407 0.027479 -0.342236 -0.177724 0.054294 -0.238012 -0.084731 -0.014365 0.007350 
0.740070 -0.232997 1.688878 -0.071804 -0.274079 0.105500 -0.154981 -0.046796 -0.318028 -0.098384 -0.033695 -0.157191 -0.089026 -0.004197 0.022687 
0.538650 -0.063197 1.566895 -0.087523 -0.253679 0.065273 -0.163901 -0.027605 -0.330159 -0.132875 0.011630 -0.168615 -0.094678 -0.032925 0.088513 
0.531635 -0.039541 1.375754 -0.043719 -0.217023 0.017739 -0.070002 -0.101594 -0.370055 -0.051604 -0.113600 -0.168908 -0.114051 -0.038153 0.064174 
0.528642 0.118810 1.326573 0.090969 -0.226540 0.056223 -0.133335 -0.006918 -0.356483 -0.078559 -0.060545 -0.155274 -0.112679 -0.034247 0.049732 
0.169343 0.220046 1.293119 0.032805 -0.151548 -0.043249 -0.092835 -0.018315 -0.424117 -0.131931 -0.007195 -0.256068 -0.137934 -0.020283 0.037331 
0.241826 -0.059411 1.467694 0.107556 -0.292531 0.055107 -0.043368 -0.102384 -0.348299 -0.080961 -0.082849 -0.205996 -0.091105 -0.096735 0.060007 
0.410648 0.306861 1.246070 0.058300 -0.234550 0.022058 -0.101269 -0.083678 -0.371681 -0.098454 -0.058059 -0.229866 -0.077974 -0.081110 0.078795 
0.007634 0.308985 0.453850 0.371026 -0.159982 0.021290 -0.084106 -0.233051 -0.278259 -0.149762 -0.065782 -0.174541 -0.200310 0.046823 -0.013552 
-0.153901 0.029570 0.121045 0.009199 0.005098 0.169762 0.010014 -0.152733 -0.152958 0.031329 0.149217 -0.104532 -0.029497 0.057457 -0.098683 
-0.239110 -0.017565 -0.132175 0.168320 0.072502 0.005272 -0.018209 0.017018 -0.133002 0.063674 0.117523 -0.095556 -0.072051 0.132335 -0.084865 
