city022_043
ROPPONGI
89
-0.523228 -0.010699 -0.092511 0.174574 -0.003032 -0.043637 0.029156 0.101187 0.001635 -0.125381 0.000211 0.155814 -0.073534 -0.107241 0.145684 
-0.308907 -0.106536 -0.155444 -0.057849 0.011202 0.128045 -0.013557 0.060294 -0.047647 -0.045302 0.001822 0.040360 0.018749 -0.057437 0.049101 
0.117560 0.370064 0.260569 0.176468 0.111824 0.217198 0.026288 -0.036191 -0.072225 -0.006710 0.018738 0.039029 -0.083935 -0.036415 0.080687 
0.697717 0.363240 0.305942 0.225283 0.040943 0.229962 0.001970 -0.292659 -0.151797 -0.001389 -0.188588 -0.058527 -0.069433 -0.179778 0.031019 
0.368115 0.406565 0.379573 0.255782 0.183735 0.145202 -0.000863 -0.203445 -0.094272 -0.032373 -0.154109 -0.063902 -0.101866 -0.163941 0.039758 
1.043434 0.319540 -0.078431 0.112861 0.289273 0.227685 -0.008648 -0.178878 -0.090879 -0.061807 -0.022540 0.008346 -0.035544 -0.117371 -0.028043 
1.244294 0.199100 -0.250526 -0.042734 0.405630 0.345194 -0.110960 -0.198857 -0.031410 -0.033236 -0.013478 0.047344 -0.031782 -0.120850 0.033507 
1.701260 0.020542 -0.525932 -0.000686 0.213960 0.180688 -0.012375 -0.101613 -0.051585 -0.073974 -0.059589 0.101536 0.019545 -0.034390 0.019804 
2.151352 -0.308396 -0.260970 0.190005 -0.033764 0.133411 -0.113741 -0.487323 -0.169929 0.005833 -0.117268 0.055546 0.009288 -0.141144 0.066716 
2.160972 -0.398125 0.142503 -0.017242 -0.421715 0.211614 -0.050088 -0.529702 -0.294779 0.063098 -0.002642 0.157150 0.105526 -0.074132 0.037873 
1.986417 -0.480861 0.201848 -0.321667 -0.299791 0.153573 -0.106082 -0.423860 -0.328316 0.170983 -0.040873 0.144865 0.145230 -0.019533 0.024223 
1.799412 -0.722483 0.355681 -0.357971 -0.288816 -0.031637 -0.329484 -0.040486 -0.232928 -0.042487 0.031383 0.017476 0.174827 0.202947 -0.073921 
1.724647 -0.708406 0.425190 -0.479572 -0.148881 -0.166568 -0.360516 0.013115 -0.229259 0.009968 0.001418 0.052910 0.170521 0.181398 -0.032022 
1.737029 -0.632135 0.344718 -0.431931 -0.149120 -0.162401 -0.452125 0.056079 -0.180987 -0.025938 0.042235 0.082304 0.133555 0.189146 -0.004772 
1.776046 -0.597473 0.310684 -0.465153 -0.101776 -0.208060 -0.439281 0.074940 -0.169215 -0.039098 0.024613 0.109142 0.119918 0.174121 0.030808 
1.868717 -0.554907 0.254380 -0.422063 -0.161276 -0.199950 -0.415705 0.077492 -0.161194 -0.042475 0.003786 -0.001224 0.150534 0.243076 -0.071841 
1.923599 -0.273135 0.328662 -0.415959 -0.295994 -0.131761 -0.431452 0.075440 -0.118880 -0.035652 -0.001190 -0.089329 0.124199 0.154809 -0.051820 
1.771013 0.715622 0.495750 -0.484395 -0.335858 0.200356 -0.020333 0.105516 -0.036543 -0.049184 0.033096 -0.176981 0.015932 0.129244 -0.098286 
0.791160 0.802114 0.385450 -0.034970 0.008525 0.251561 0.060050 0.052466 0.027972 -0.059436 -0.007400 -0.011643 -0.027888 -0.018264 0.050469 
0.418526 0.658402 0.332269 0.075106 -0.108424 0.295214 0.198913 -0.011695 -0.066435 -0.004647 -0.076866 0.031622 -0.060713 0.022432 0.046401 
0.134864 0.166420 0.038225 0.013718 0.015068 0.186183 0.068627 0.012679 -0.011581 -0.053875 0.023788 0.098559 -0.087314 0.027088 0.063144 
0.039845 0.296519 0.107733 -0.028966 -0.181204 -0.139874 -0.085208 -0.008017 0.022326 -0.033038 -0.015166 0.110399 -0.019206 -0.063214 0.110751 
-0.088095 0.189587 -0.001991 -0.098377 -0.160855 -0.234321 -0.257579 -0.080687 -0.103487 0.034012 0.100957 0.121021 0.002804 0.076921 0.122556 
0.023331 0.190859 -0.191290 -0.196560 -0.077937 -0.073816 -0.102606 -0.188814 -0.103569 -0.060766 0.153805 0.141223 -0.045505 0.012590 0.072329 
-0.006629 0.121829 -0.015161 -0.063222 -0.247435 -0.190206 -0.137498 -0.012286 0.006234 -0.070562 0.083465 0.149150 -0.030444 -0.038802 0.116981 
-0.194305 0.072098 -0.184044 -0.081390 -0.230403 -0.193362 -0.217123 -0.112818 0.003901 0.182478 0.118398 0.048166 0.013921 0.071747 0.038435 
-0.027660 0.010549 -0.114882 -0.067238 -0.292938 -0.185836 -0.157280 -0.076480 0.022679 0.015664 0.103445 0.181895 -0.034868 -0.028499 0.122424 
-0.168863 0.075240 -0.025118 -0.071017 -0.287070 -0.191927 -0.174645 -0.033893 -0.012835 0.017867 0.107981 0.153521 -0.056297 0.028664 0.104717 
-0.117632 0.089769 -0.151537 -0.115267 -0.178874 -0.091498 -0.132557 -0.101844 -0.017145 0.030568 0.105012 0.084727 -0.036788 0.011996 0.065602 
-0.102908 0.165267 -0.073720 -0.039378 -0.234012 -0.174279 -0.182753 -0.101120 -0.006877 0.046465 0.058756 0.117368 -0.006415 0.030524 0.088798 
-0.153662 0.227040 0.045578 -0.017525 -0.192076 -0.259715 -0.300517 -0.140839 -0.008404 -0.017045 0.041165 0.158587 0.031919 0.081584 0.114133 
-0.080884 0.070957 -0.098534 -0.105923 -0.163499 -0.128457 -0.172016 -0.000378 0.026250 0.014340 0.041177 0.115200 -0.049868 0.001384 0.074816 
-0.185739 0.187105 -0.072727 -0.081604 -0.208691 -0.123501 -0.128073 0.076117 0.006756 -0.044918 0.033246 0.119801 -0.029821 -0.079090 0.124765 
-0.240196 0.119480 -0.058814 -0.010789 -0.083684 0.001021 0.048752 0.037434 -0.119097 -0.087678 0.046284 0.130919 -0.111937 -0.047584 0.148404 
-0.278045 0.057065 0.013355 -0.086454 -0.001598 0.036009 0.190921 0.120195 0.005475 -0.134484 -0.028589 0.137665 -0.082728 -0.018688 0.134913 
-0.180603 0.149935 0.227680 0.082934 -0.099291 0.052911 -0.019114 -0.022670 -0.047382 -0.034968 0.001687 0.045389 -0.037186 -0.062315 0.112596 
0.011965 0.068807 0.102749 -0.035335 -0.119263 0.014442 0.022099 -0.019006 -0.007609 -0.046085 0.020032 0.059528 -0.078264 0.015479 0.064814 
0.776364 -0.096696 0.348449 -0.007298 -0.127224 0.182978 -0.033852 -0.117363 -0.088407 -0.039577 -0.056354 0.029543 -0.010455 -0.038747 0.012258 
1.881173 0.068458 0.512123 -0.475870 -0.465307 0.229374 -0.143848 0.051107 -0.094627 -0.125548 0.054131 -0.201145 0.009851 0.146039 -0.069832 
1.918365 -0.689091 0.224155 -0.313813 -0.106111 -0.142476 -0.400141 0.024491 -0.173835 -0.012794 -0.039980 0.000919 0.153200 0.198923 -0.056097 
1.914010 -0.519560 0.350475 -0.559743 -0.270439 -0.134555 -0.259022 0.156084 -0.075054 -0.094405 -0.104284 -0.026903 0.073829 0.136941 0.034297 
1.971117 -0.681482 0.333349 -0.475385 -0.193169 -0.108916 -0.306567 0.127488 -0.140975 -0.065775 -0.119804 -0.084070 0.117839 0.250751 -0.074801 
1.977782 -0.659127 0.339267 -0.442936 -0.200845 -0.127271 -0.321096 0.127466 -0.100495 -0.089496 -0.043912 -0.085774 0.099088 0.223450 -0.085561 
1.935957 -0.680704 0.317498 -0.494754 -0.333463 -0.143875 -0.284207 0.146981 -0.055125 0.050379 -0.046226 -0.066585 0.128711 0.164728 -0.099031 
1.932212 -0.660762 0.243353 -0.522382 -0.370535 -0.209537 -0.255891 0.209860 -0.099844 0.163691 -0.061694 -0.123349 0.187046 0.130385 -0.097456 
1.979058 -0.587953 0.358437 -0.476689 -0.474052 -0.185766 -0.138898 0.129588 -0.065714 0.156647 -0.091231 -0.087978 0.119399 0.045476 -0.073704 
1.958487 -0.431323 0.513219 -0.527645 -0.628927 -0.063226 -0.144162 0.128171 -0.098197 0.118970 -0.069532 -0.181254 0.091791 0.001259 -0.003115 
1.981715 -0.303731 0.559078 -0.429292 -0.776833 0.084821 -0.022722 0.031698 -0.121047 0.068784 -0.053184 -0.232661 0.062427 0.081752 -0.032126 
1.767466 -0.341689 0.629178 -0.353075 -0.610367 0.002504 0.067449 0.044945 -0.252307 0.049069 -0.167623 -0.187518 0.004195 0.083293 0.052570 
1.654158 -0.351575 0.671123 -0.270262 -0.526873 0.098630 0.126954 0.058681 -0.296375 -0.016115 -0.207864 -0.168925 -0.046341 0.112611 0.053543 
1.636184 -0.573691 0.702733 -0.093631 -0.441623 0.315460 0.120258 -0.050740 -0.330178 -0.130231 -0.064409 -0.156629 0.001429 0.158843 -0.091598 
1.365977 -0.466525 0.869006 0.167135 -0.469381 0.303485 -0.048257 -0.178286 -0.234173 -0.162314 0.040747 -0.244973 -0.060452 0.100516 -0.141466 
1.121131 -0.369732 0.791136 0.099750 -0.208987 0.007218 0.114398 -0.155739 -0.337368 -0.035795 -0.151567 -0.076135 -0.137059 0.047173 -0.051340 
1.357562 -0.461951 0.887330 0.143388 -0.354853 0.248440 -0.035106 -0.167528 -0.330591 -0.046849 -0.070317 -0.191039 -0.092610 0.065339 -0.093927 
1.469271 -0.446720 0.861540 0.237422 -0.443505 0.312311 -0.081000 -0.190374 -0.249953 -0.118465 0.012469 -0.248344 -0.078791 0.103302 -0.150457 
1.336044 -0.388842 0.842071 0.176552 -0.352019 0.222412 -0.019765 -0.133089 -0.340331 -0.068123 -0.054004 -0.203337 -0.116984 0.098158 -0.126756 
1.320264 -0.371044 0.865318 0.138238 -0.429572 0.212090 0.025593 -0.086907 -0.345726 -0.125083 -0.009803 -0.277161 -0.056024 0.057037 -0.096471 
1.317797 -0.353158 0.821412 0.209601 -0.373655 0.149479 0.075808 -0.165420 -0.310345 -0.115035 -0.033365 -0.237566 -0.103406 0.078856 -0.108360 
1.289341 -0.207515 0.792894 0.198664 -0.436336 0.125063 0.150149 -0.138517 -0.315648 -0.107048 -0.037078 -0.268310 -0.098018 0.075728 -0.083032 
1.328461 -0.114481 0.786149 0.192533 -0.495295 0.108619 0.186386 -0.123203 -0.306084 -0.081940 -0.065077 -0.279641 -0.105563 0.070620 -0.070858 
1.437710 -0.132216 0.796879 0.154738 -0.500302 0.077193 0.213184 -0.096443 -0.290559 -0.114932 -0.062049 -0.287303 -0.162335 0.109969 -0.077846 
1.397148 -0.060955 0.729742 0.227837 -0.460934 0.015713 0.256265 -0.112337 -0.309498 -0.073334 -0.115331 -0.246999 -0.162244 0.041281 -0.005040 
1.463081 -0.042163 0.758956 0.232463 -0.462527 0.088225 0.232793 -0.120566 -0.302281 -0.049609 -0.112491 -0.290533 -0.088814 -0.020516 -0.009852 
1.314686 0.092295 0.766472 0.276371 -0.509754 0.125305 0.323586 -0.225707 -0.198028 -0.041115 -0.162351 -0.249102 -0.126322 -0.012311 -0.048572 
1.256738 0.287312 0.691187 0.489362 -0.277939 0.100199 0.128399 -0.243863 -0.169739 -0.058848 -0.099448 -0.180304 -0.133666 -0.003458 -0.016793 
0.969078 0.708533 0.685210 0.062846 -0.154730 0.101655 0.080171 -0.094624 -0.213706 -0.046006 -0.050298 -0.213003 -0.115433 0.068739 -0.096073 
0.472452 -0.504155 1.029866 -0.316409 0.097300 0.162084 -0.136785 0.007171 -0.172478 0.037840 -0.111921 0.109511 -0.155768 0.012779 0.083504 
0.410798 -0.309327 1.275169 -0.252863 0.132548 0.197208 -0.172361 0.006760 -0.269766 -0.098183 -0.093308 -0.011481 -0.313890 0.054778 0.033250 
0.496295 -0.152752 1.359091 -0.126776 -0.088669 0.268647 -0.174019 0.063121 -0.257181 -0.199497 0.026333 -0.126751 -0.319696 0.100476 -0.008862 
0.580018 -0.424749 1.344310 -0.278048 0.100709 0.223621 -0.113987 0.014788 -0.320883 -0.092971 -0.065610 -0.039742 -0.321898 0.076783 -0.011144 
0.510751 -0.331012 1.621798 -0.095052 -0.185624 0.313198 -0.284925 0.123876 -0.278533 -0.215429 0.073338 -0.178584 -0.291607 0.136927 -0.051540 
0.661124 -0.440026 1.704571 -0.177314 -0.190694 0.321729 -0.326268 0.151775 -0.324681 -0.172230 0.050889 -0.175669 -0.261043 0.119380 -0.025600 
0.619067 -0.446529 1.724414 -0.171196 -0.210156 0.287358 -0.295870 0.089806 -0.283197 -0.199945 0.056859 -0.170457 -0.260098 0.131888 -0.033095 
0.729738 -0.544688 1.817195 -0.175795 -0.232977 0.267519 -0.286634 0.091228 -0.317531 -0.137248 0.006648 -0.130912 -0.256688 0.127774 -0.003712 
0.735846 -0.541426 1.826201 -0.197681 -0.257108 0.267874 -0.284322 0.089082 -0.321264 -0.099269 -0.017032 -0.089363 -0.256232 0.142125 -0.002229 
0.725279 -0.509029 1.800586 -0.221050 -0.217433 0.227941 -0.264739 0.090351 -0.345382 -0.073919 -0.029443 -0.097942 -0.237841 0.125808 0.007054 
0.817934 -0.574782 1.824335 -0.198064 -0.254124 0.259915 -0.266899 0.075890 -0.340167 -0.075533 -0.035606 -0.103935 -0.249029 0.142956 -0.009339 
0.653183 -0.382242 1.707333 -0.141184 -0.258475 0.259832 -0.238343 0.029191 -0.297307 -0.118368 -0.008405 -0.139412 -0.245215 0.153302 -0.043081 
0.698503 -0.394610 1.756003 -0.196348 -0.251059 0.271556 -0.221788 0.019355 -0.322392 -0.066408 -0.040452 -0.158019 -0.217309 0.156432 -0.076674 
0.747581 -0.220424 1.666919 -0.157414 -0.261715 0.226132 -0.193807 -0.002902 -0.334634 -0.061762 -0.025721 -0.187054 -0.197009 0.184644 -0.126194 
0.727606 -0.040752 1.644922 -0.081070 -0.240870 0.158359 -0.181070 0.014936 -0.408305 -0.008420 -0.010594 -0.278767 -0.063844 0.133728 -0.167878 
0.651580 0.074351 1.578188 -0.124668 -0.225383 0.224414 -0.273138 0.058131 -0.352532 -0.113989 0.039427 -0.236902 -0.152431 0.155867 -0.092101 
0.635965 0.289371 1.485273 -0.119276 -0.188548 0.152471 -0.238329 0.030105 -0.350359 -0.101132 0.017050 -0.224731 -0.116056 0.115366 -0.085348 
0.573729 0.417213 1.276982 -0.108145 -0.148244 0.048740 -0.134500 -0.058302 -0.302757 -0.097042 -0.088536 -0.124361 -0.189843 0.074795 -0.038912 
0.649338 0.305455 1.228917 -0.113624 -0.297444 0.240826 -0.139035 -0.113945 -0.197520 -0.137943 -0.044293 -0.223368 -0.103945 0.023344 -0.063113 
0.172250 0.363916 0.908743 -0.044390 -0.118698 0.075639 -0.028167 -0.158530 -0.338841 -0.114150 -0.072086 -0.270649 -0.102816 0.002719 -0.040924 
-0.298390 0.098571 0.737302 -0.136590 0.002606 0.115873 -0.105713 -0.230084 -0.237352 0.074897 -0.071077 -0.172888 0.026415 -0.019411 -0.007621 
0.030647 0.373918 0.960618 0.155514 -0.174701 0.097442 -0.056855 -0.077517 -0.281649 -0.079204 -0.008680 -0.284459 -0.048302 0.009751 -0.061922 
0.019985 0.210538 0.616211 0.296981 -0.114250 -0.032212 -0.106509 -0.152459 -0.277459 -0.085829 -0.033520 -0.248527 -0.073572 0.052560 -0.007349 
