city022_090
GYUUBA
61
-0.280344 0.122712 -0.117911 0.063470 -0.238082 -0.024952 -0.123753 -0.089268 -0.135757 0.095495 0.022452 0.082244 -0.042096 0.015202 0.052343 
-0.267219 0.317018 0.005275 0.088318 -0.061026 0.060447 -0.299019 -0.233775 -0.074606 0.053141 -0.043921 -0.004369 -0.032334 0.062948 0.034255 
0.224430 0.723753 0.342655 0.290318 -0.046617 0.156439 0.045808 0.038258 -0.168443 -0.053790 -0.031443 -0.061600 -0.110105 -0.005383 -0.034773 
0.431362 0.692539 0.444862 0.267792 -0.129626 0.175202 0.058247 -0.115741 -0.193130 -0.079213 -0.178122 -0.072900 -0.189033 -0.014150 -0.096345 
0.283938 0.581592 0.281394 0.291349 0.055481 0.084585 -0.130865 -0.015241 -0.188744 -0.118917 -0.045381 -0.071176 -0.207539 0.086394 -0.115217 
-0.050294 0.307943 0.500600 0.317797 0.033632 0.209783 -0.126761 -0.134383 -0.142074 -0.108460 -0.072012 -0.062856 -0.276844 0.027593 -0.012960 
0.018249 0.264519 0.587196 0.137299 -0.009900 0.375016 -0.230153 -0.129049 -0.107285 -0.154346 -0.058499 -0.032138 -0.240853 -0.013029 0.000888 
0.163168 0.393168 0.439673 0.187115 -0.135748 0.131305 -0.131153 0.014087 -0.214585 -0.215659 0.096167 -0.096083 -0.220142 0.132961 -0.060626 
0.134635 -0.591082 0.843352 -0.180779 -0.162119 0.296909 -0.191237 0.016270 -0.055164 0.019998 -0.058866 0.109339 -0.114394 0.008382 0.090747 
0.338502 -0.494721 1.229138 -0.147451 -0.057542 0.254936 -0.310740 -0.058428 -0.126474 -0.073476 -0.183443 0.116266 -0.303934 0.129245 -0.029660 
0.312141 -0.421747 1.390797 -0.029223 -0.088376 0.302835 -0.382248 0.102782 -0.179159 -0.218628 -0.076492 -0.029542 -0.266073 0.021636 -0.045012 
0.442525 -0.455323 1.548950 0.034704 -0.250068 0.294444 -0.291631 0.139356 -0.280180 -0.194037 0.000128 -0.091492 -0.266547 0.041965 -0.043763 
0.471295 -0.564387 1.728608 0.061163 -0.366688 0.309038 -0.266827 0.091292 -0.330590 -0.185071 0.008489 -0.161969 -0.265113 0.087182 -0.092600 
0.563281 -0.593539 1.642534 0.151045 -0.410726 0.254117 -0.249028 0.088337 -0.362847 -0.220472 0.083944 -0.252273 -0.222907 0.106360 -0.134503 
0.689226 -0.746287 1.647572 0.182985 -0.443764 0.220232 -0.273890 0.131751 -0.446524 -0.191029 0.104900 -0.308200 -0.173206 0.113857 -0.149641 
0.748619 -0.792363 1.642066 0.170420 -0.386788 0.090651 -0.221313 0.141301 -0.491601 -0.176869 0.088217 -0.256098 -0.226885 0.163917 -0.178459 
0.801460 -0.795152 1.502057 0.133420 -0.252100 -0.067948 -0.137348 0.091835 -0.463967 -0.130516 0.031515 -0.190848 -0.196897 0.130912 -0.126608 
0.914089 -0.858491 1.272472 0.044872 -0.058889 -0.122125 -0.117828 0.000469 -0.399602 -0.044287 -0.041612 -0.169951 -0.139747 0.124739 -0.107690 
1.026098 -0.889070 1.186514 0.021767 -0.006210 -0.135228 -0.172241 0.026944 -0.324294 -0.065972 -0.030419 -0.139686 -0.100586 0.121609 -0.114029 
1.103154 -0.937737 1.244215 0.011548 0.018926 -0.175471 -0.252146 0.136486 -0.360534 -0.068236 -0.069877 -0.093206 -0.095427 0.120630 -0.129789 
1.070321 -0.796940 1.193051 0.037761 0.023043 -0.182807 -0.264357 0.066686 -0.291607 -0.062902 -0.088979 -0.137164 -0.036972 0.141533 -0.159762 
1.162559 -0.844081 1.219373 0.008857 0.063476 -0.147905 -0.400543 0.160569 -0.311212 -0.022070 -0.173317 -0.114392 -0.008272 0.163802 -0.233360 
1.150354 -0.755559 1.182781 0.069984 0.035637 -0.141735 -0.455971 0.154148 -0.276386 -0.023390 -0.144954 -0.203474 0.100868 0.155340 -0.244668 
1.228332 -0.751753 1.229952 -0.061964 0.116233 -0.125532 -0.518222 0.182543 -0.316021 0.059832 -0.160225 -0.213807 0.104276 0.200090 -0.235324 
1.232033 -0.703407 1.124418 -0.036558 0.073298 -0.068329 -0.508627 0.095904 -0.289989 0.066338 -0.138195 -0.231096 0.069911 0.216909 -0.197465 
1.247175 -0.693212 1.086617 -0.133229 0.169765 -0.090775 -0.489381 0.042638 -0.305171 0.128692 -0.162396 -0.242678 0.046806 0.244939 -0.190169 
1.214116 -0.584362 1.024949 -0.156573 0.178105 -0.095471 -0.495762 0.007608 -0.296501 0.177161 -0.164587 -0.233804 0.085133 0.211281 -0.124422 
1.332002 -0.639661 0.991899 -0.180224 0.144370 -0.081993 -0.447563 0.006933 -0.360652 0.169588 -0.144104 -0.180674 -0.011645 0.241680 -0.119956 
1.340123 -0.512742 0.894212 -0.185237 0.115451 -0.040231 -0.409254 -0.054206 -0.370606 0.140357 -0.118104 -0.202749 -0.006958 0.212527 -0.154774 
1.284550 -0.456741 0.945881 -0.287679 0.196039 0.018393 -0.448686 -0.025362 -0.490987 0.221925 -0.094159 -0.224577 -0.046178 0.201090 -0.085556 
1.366307 -0.330515 0.762108 -0.239748 0.135657 0.225188 -0.463953 -0.080904 -0.506554 0.124993 0.099246 -0.305566 -0.075802 0.166173 -0.153743 
1.268687 -0.145696 0.704191 -0.340046 0.129064 0.300813 -0.319171 -0.147195 -0.536254 0.132397 0.056819 -0.197678 -0.041525 0.051133 -0.194155 
1.338380 -0.015604 0.456415 -0.206180 -0.035825 0.398010 -0.207504 -0.099515 -0.553568 0.011923 0.100994 -0.191354 -0.002145 0.076542 -0.281173 
1.117818 0.271558 0.191324 -0.063485 -0.139090 0.373476 0.009585 -0.089158 -0.379027 -0.074310 0.017196 -0.133421 0.008989 0.143022 -0.275642 
1.038055 0.313293 0.038338 0.045225 -0.043524 0.352119 0.044178 -0.063793 -0.278831 -0.113392 0.007327 -0.029935 -0.046268 0.098595 -0.191352 
0.535915 0.531108 0.294506 0.055713 -0.001166 0.331948 0.072269 -0.042911 -0.252672 -0.092591 -0.022913 -0.060216 -0.128758 0.113262 -0.198204 
0.581167 0.402640 0.177097 0.151307 -0.077113 0.406567 0.198490 0.018744 -0.358089 -0.079155 -0.026843 -0.039532 0.013493 0.028716 -0.137929 
0.676169 0.376802 0.075086 0.063742 -0.106448 0.373568 0.117906 -0.054217 -0.329527 -0.107827 0.051068 -0.037228 -0.039357 0.111183 -0.143709 
0.995643 0.204584 -0.053224 -0.064516 -0.142890 0.363046 0.023400 -0.042229 -0.349527 -0.034315 0.105711 0.020261 -0.031157 0.106909 -0.106263 
0.929124 0.070813 0.113575 -0.188297 -0.231242 0.343199 -0.012956 -0.081616 -0.356309 -0.116897 0.086603 -0.035611 0.023707 0.176148 -0.182405 
1.320622 -0.151151 0.120423 -0.267699 -0.373207 0.318796 -0.192906 -0.122240 -0.346636 -0.155866 0.178938 0.047439 0.045469 0.180573 -0.087557 
1.710221 -0.432904 0.330727 -0.423094 -0.294559 0.283181 -0.283616 -0.138271 -0.360898 -0.059336 0.323383 0.123426 -0.075926 0.257220 -0.184907 
1.556938 -0.605389 0.335849 -0.609003 -0.296167 0.225159 -0.261978 -0.068701 -0.395718 0.127335 0.324607 0.184880 -0.055039 0.178005 -0.126808 
1.520294 -0.763741 0.328904 -0.699117 -0.262616 0.131614 -0.254899 -0.019449 -0.357765 0.221538 0.355063 0.228339 -0.134721 0.138336 -0.091953 
1.415300 -0.860258 0.248361 -0.652937 -0.279872 0.164223 -0.278545 -0.018840 -0.288483 0.265564 0.396776 0.176688 -0.186595 0.065421 -0.088659 
1.351983 -0.889773 0.176386 -0.615147 -0.279683 0.136148 -0.215130 -0.066127 -0.153655 0.247722 0.419658 0.118971 -0.245936 0.028823 -0.069810 
1.335400 -1.027223 0.142066 -0.682376 -0.249779 0.142448 -0.153156 0.002091 -0.203725 0.312365 0.345941 0.132216 -0.292570 -0.018697 -0.082013 
1.394874 -1.119467 0.070657 -0.654114 -0.264794 0.134605 -0.121144 0.038252 -0.205811 0.323408 0.310248 0.118391 -0.283449 -0.057866 -0.068541 
1.436412 -1.156648 0.090730 -0.620010 -0.309751 0.195011 -0.157388 0.058760 -0.165835 0.304725 0.286767 0.082866 -0.288022 -0.045642 -0.053575 
1.506156 -1.102083 0.092922 -0.595166 -0.358861 0.247754 -0.130074 0.011515 -0.091811 0.259569 0.304110 0.049627 -0.331437 0.011133 -0.105434 
1.446043 -1.011062 0.010252 -0.567772 -0.299797 0.228079 -0.127091 0.026560 -0.079067 0.287903 0.239006 0.033282 -0.350497 0.021617 -0.097795 
1.312916 -0.861538 -0.104681 -0.544061 -0.358692 0.269884 -0.179726 0.058480 -0.138472 0.331695 0.364673 -0.060420 -0.291628 -0.040297 -0.118503 
1.339404 -1.041779 0.009258 -0.629905 -0.289363 0.247095 -0.197492 0.092560 -0.166181 0.351067 0.324369 -0.039589 -0.313406 -0.000913 -0.126829 
1.427801 -1.014239 -0.006362 -0.571932 -0.294824 0.232086 -0.207793 0.121039 -0.168138 0.343327 0.228301 -0.026562 -0.249492 0.016509 -0.099165 
1.190470 -0.685167 -0.181749 -0.538408 -0.265747 0.163769 -0.166689 0.085653 -0.150460 0.387270 0.373817 -0.120079 -0.320690 0.011942 -0.162488 
1.410273 -0.938711 -0.135647 -0.500040 -0.293767 0.198464 -0.168429 0.116038 -0.140729 0.336302 0.275731 -0.097951 -0.294898 0.052315 -0.112157 
0.781992 -0.562418 -0.348775 -0.407861 -0.248359 0.102063 -0.121613 0.089524 -0.058299 0.385980 0.265814 -0.207655 -0.268452 -0.033947 -0.055511 
1.136912 -0.793897 -0.268656 -0.513835 -0.149959 0.136787 -0.098458 0.150117 -0.173700 0.313774 0.268856 -0.194279 -0.228920 -0.018893 -0.067273 
0.618722 -0.304541 -0.667967 -0.349356 -0.261750 0.113420 0.003093 0.046286 -0.091737 0.354114 0.341688 -0.213649 -0.347787 -0.033959 -0.133514 
-0.014775 -0.212138 -0.833738 -0.353339 -0.182078 0.115612 -0.062894 -0.008739 0.151993 0.190609 0.180829 0.008192 -0.340466 -0.150615 -0.096348 
-0.193214 -0.131800 -0.463899 -0.278390 -0.263803 0.108889 -0.105223 -0.071794 -0.044977 0.185885 0.227180 0.068717 -0.193163 0.005171 -0.104868 
