city022_006
KAMEIDO
69
0.211381 0.261100 0.017480 0.031405 -0.049291 -0.001134 0.196954 0.109769 0.088835 -0.021945 0.057273 -0.083757 0.090728 -0.067058 0.062412 
0.751865 -1.065615 -0.561820 -0.035161 0.315508 -0.027801 -0.112163 -0.057345 0.075079 0.067041 0.041781 -0.134143 0.029112 -0.023781 0.088935 
0.411573 -1.006911 -0.261245 -0.214968 0.390781 -0.101931 -0.140473 -0.045882 0.093304 0.112011 0.013815 -0.107950 -0.030618 -0.029344 0.179660 
1.082659 -0.767139 -0.273864 -0.387775 0.267999 -0.074318 -0.064818 -0.198481 0.127637 0.217542 -0.046364 -0.015698 -0.041004 -0.115234 0.175886 
0.864534 -0.560950 -0.321121 -0.354518 0.293096 0.001082 -0.105834 -0.204236 0.095929 0.238725 0.026964 -0.144123 -0.000820 -0.119426 0.208942 
0.626367 -0.395660 -0.077060 -0.024196 0.326295 -0.077219 0.004782 -0.166605 -0.122366 0.326269 -0.066338 -0.182872 0.164965 -0.138999 0.119648 
1.537509 -1.091436 0.269971 -0.594103 -0.072618 0.028120 -0.024104 -0.057602 -0.164370 0.277165 0.196603 -0.093408 0.044076 -0.190871 0.040610 
1.493891 -1.168463 0.248916 -0.750113 -0.055291 0.015257 -0.057015 -0.016994 -0.175190 0.169293 0.350918 -0.014443 -0.051566 -0.122838 -0.054464 
1.552132 -1.063141 0.210180 -0.777668 -0.047911 -0.034175 -0.026947 0.007182 -0.083057 0.055358 0.415730 -0.056442 -0.035610 -0.161168 -0.007828 
1.587518 -1.116517 0.190194 -0.802259 -0.052225 -0.062399 0.053056 -0.020234 -0.062327 0.058915 0.380709 0.002696 -0.105994 -0.132471 -0.041015 
1.550440 -1.139995 0.183429 -0.786931 -0.072713 -0.035969 0.017227 -0.021627 -0.045921 0.110767 0.354053 -0.041490 -0.069988 -0.157200 -0.035663 
1.510208 -1.056543 0.157679 -0.752661 -0.099154 -0.053192 0.016657 0.001774 -0.075144 0.084758 0.358728 0.011376 -0.075175 -0.147672 -0.043461 
1.596442 -1.101328 0.228250 -0.745677 -0.123931 -0.070687 0.039047 -0.062046 -0.106569 0.049149 0.366116 0.083347 -0.060450 -0.066572 -0.057154 
1.910629 -0.915523 0.143641 -0.568026 -0.259930 0.070137 -0.088831 0.057004 -0.281591 0.028984 0.488019 -0.088775 0.084245 -0.032299 -0.071307 
1.735407 -0.534981 0.380656 -0.074907 -0.343962 0.190826 0.029834 -0.183822 -0.256103 -0.056246 0.165766 -0.126223 0.113825 -0.043450 0.075982 
1.479510 -0.427441 0.663974 0.188525 -0.250767 0.140140 0.093096 -0.376837 -0.243061 -0.048695 -0.034913 -0.199861 0.005918 -0.081397 0.046125 
1.447064 -0.497665 0.663789 0.219284 -0.228786 0.197392 0.092159 -0.422981 -0.294687 -0.019534 -0.054239 -0.220961 -0.000506 -0.133738 0.053207 
1.393034 -0.511428 0.732157 0.209231 -0.159247 0.186359 -0.012821 -0.397222 -0.288653 -0.013387 -0.020159 -0.314722 0.010305 -0.109304 0.022202 
1.390663 -0.466125 0.734473 0.223091 -0.178028 0.111057 0.014071 -0.355891 -0.296973 -0.067583 0.025198 -0.337857 -0.014686 -0.002436 -0.079557 
1.332157 -0.388422 0.660809 0.173901 -0.234629 0.082676 0.067389 -0.247803 -0.368742 -0.164241 0.066773 -0.337078 0.001954 0.003894 -0.076559 
1.428542 -0.644043 0.706814 0.078863 -0.130226 0.104615 -0.267762 -0.091045 -0.330165 -0.154295 0.232861 -0.384313 0.026638 0.104665 -0.080472 
1.453306 -1.078504 1.058562 -0.128550 -0.179713 -0.279575 -0.323411 0.182822 -0.047706 -0.109553 0.249469 -0.180718 0.250810 0.047933 -0.139381 
1.226962 -1.161272 1.090761 -0.196488 -0.166747 -0.341800 -0.155996 0.147421 -0.186182 -0.038315 0.122104 -0.035961 0.118015 0.000102 -0.038030 
1.177591 -1.093415 1.231220 -0.281798 -0.224049 -0.313740 -0.077878 0.055188 -0.174933 -0.052557 0.201923 -0.101140 0.120997 -0.004251 -0.007597 
1.096674 -1.027067 1.249943 -0.271694 -0.243417 -0.313839 -0.061629 0.026790 -0.257474 -0.040108 0.161548 -0.049348 0.056462 -0.000520 0.060347 
0.952288 -0.953195 1.406212 -0.241298 -0.320394 -0.282031 -0.077022 -0.006815 -0.281865 -0.017239 0.117270 0.009060 -0.006615 0.062609 0.035638 
0.888733 -0.901864 1.586021 -0.265066 -0.355264 -0.255125 -0.082093 -0.081826 -0.241957 -0.075187 0.160924 -0.029007 0.009652 0.103746 0.014980 
1.014684 -0.892865 1.624634 -0.207767 -0.447012 -0.077916 -0.194406 -0.075414 -0.230756 -0.176009 0.248284 -0.156294 0.027818 0.139808 -0.001010 
0.923292 -0.817724 1.600165 -0.209137 -0.459573 0.066117 -0.289012 -0.027147 -0.271795 -0.178529 0.212799 -0.207645 0.043859 0.081273 0.035755 
0.899050 -0.769251 1.880139 -0.287374 -0.292169 -0.036961 -0.219999 -0.045591 -0.273363 -0.179489 0.185198 -0.208911 0.069447 0.007079 0.115979 
0.874881 -0.605475 1.777466 -0.211464 -0.378698 0.156382 -0.292378 -0.059007 -0.228484 -0.232638 0.170004 -0.236945 -0.002044 0.049959 0.050236 
0.897665 -0.668735 1.817709 -0.243874 -0.322305 0.220672 -0.334870 -0.016197 -0.233291 -0.250376 0.157875 -0.278572 -0.011745 0.032521 0.003278 
0.833211 -0.580487 1.822170 -0.229300 -0.259009 0.187706 -0.318465 0.008192 -0.237013 -0.214995 0.125804 -0.240113 -0.022007 0.017485 0.042634 
0.686050 -0.559825 1.708497 -0.258988 -0.191709 0.235208 -0.290270 0.020248 -0.208501 -0.262495 0.160441 -0.268209 -0.104832 0.064508 -0.001765 
0.557335 -0.551101 1.840415 -0.253435 -0.137181 0.186500 -0.265674 0.072065 -0.255578 -0.233273 0.148409 -0.267518 -0.111778 0.046346 0.023707 
0.477118 -0.445453 1.812722 -0.201120 -0.154755 0.192583 -0.242753 0.063212 -0.254519 -0.241938 0.144035 -0.264611 -0.135357 0.043081 0.023857 
0.544825 -0.410081 1.877640 -0.192601 -0.156203 0.142459 -0.210744 0.059783 -0.273773 -0.209053 0.148688 -0.260855 -0.085824 0.014786 0.063427 
0.699620 -0.420588 1.792732 -0.093883 -0.187314 0.117666 -0.177676 0.029968 -0.222411 -0.253728 0.163184 -0.225482 -0.104886 -0.005872 0.085103 
0.793226 -0.422826 1.657482 0.054838 -0.237845 0.061700 -0.087315 -0.032168 -0.231989 -0.184724 0.086833 -0.192874 -0.084216 -0.033939 0.088871 
0.942839 -0.370033 1.371959 0.252865 -0.289226 0.004222 0.028045 -0.046127 -0.229690 -0.131853 0.038571 -0.154763 -0.066192 -0.078295 0.029817 
1.030343 -0.316461 0.987991 0.396752 -0.265276 -0.164254 0.076834 -0.045549 -0.187086 -0.181772 0.058277 -0.134201 -0.030184 -0.050859 -0.058659 
0.714009 0.047311 0.724282 0.577540 -0.115061 -0.067705 0.105733 0.012499 -0.096654 -0.209560 0.060889 -0.179967 -0.026051 -0.070445 -0.129974 
0.351026 0.292092 0.643488 0.601067 0.022507 0.139737 -0.008168 0.026364 0.008164 -0.186087 0.020679 -0.159284 -0.097257 -0.022575 -0.132293 
0.392032 0.108092 0.695289 0.631106 0.121131 0.086404 0.070787 -0.019125 -0.000829 -0.115660 0.044589 -0.228959 -0.083349 -0.022197 -0.049932 
0.320526 0.378134 0.504170 0.510254 0.289060 0.109668 -0.104889 0.022787 0.076795 -0.149363 -0.053064 -0.147474 -0.065427 -0.079446 -0.052265 
0.769701 -0.657023 0.371724 -0.087089 0.104717 0.012510 0.024706 0.032683 0.041190 -0.067776 0.101149 -0.095394 0.072003 -0.047899 0.048403 
1.329052 -0.454771 0.190844 0.092863 -0.019210 -0.107063 -0.138254 -0.118988 0.031345 0.042865 0.048838 -0.180313 0.113784 0.037558 0.012600 
1.401698 -0.367307 0.526678 0.128308 -0.038705 0.014335 -0.449774 -0.295161 -0.043453 0.030076 0.027886 -0.408143 0.203330 0.143299 -0.016457 
1.622543 -0.393868 0.553420 -0.031568 -0.002758 0.004186 -0.459274 -0.375983 -0.150115 0.080560 0.154247 -0.388727 0.145125 0.173795 0.110533 
1.524481 -0.343420 0.511497 -0.206652 -0.021135 0.126803 -0.422886 -0.366562 -0.291044 0.074909 0.322140 -0.292744 0.081914 0.096951 0.055630 
1.637352 -0.217261 0.377813 -0.299774 -0.109853 0.216872 -0.318182 -0.363295 -0.297090 -0.060958 0.391364 -0.056158 0.035493 0.042662 -0.026342 
1.693763 -0.150577 0.397192 -0.419969 -0.226800 0.241654 -0.171120 -0.318745 -0.298235 -0.192604 0.395338 0.024391 0.111792 0.126724 -0.120942 
1.891597 -0.254104 0.271562 -0.437149 -0.435368 0.213314 -0.013037 -0.305347 -0.245916 -0.267237 0.248146 0.093305 0.167257 0.199000 0.017481 
1.902688 -0.192954 0.302753 -0.503427 -0.485338 0.196745 0.010520 -0.218009 -0.257809 -0.273823 0.236068 0.042679 0.193562 0.295697 -0.002607 
1.901132 -0.091332 0.153239 -0.457167 -0.500397 0.170034 0.057388 -0.174372 -0.205012 -0.269192 0.183686 0.003421 0.178237 0.268865 0.046461 
1.732108 -0.082618 0.145124 -0.564429 -0.531727 0.128749 0.029275 -0.095158 -0.179056 -0.278315 0.227212 -0.061123 0.230117 0.288427 0.040227 
1.587349 0.072401 0.184407 -0.625019 -0.591135 0.055466 0.051405 -0.066093 -0.205692 -0.228487 0.150506 -0.116077 0.240732 0.338465 0.110548 
1.589684 0.176712 0.174772 -0.614953 -0.620307 -0.013512 0.078901 -0.111303 -0.076521 -0.258185 0.143719 -0.147112 0.176394 0.313510 0.132391 
1.621858 0.231957 0.126933 -0.548855 -0.704384 -0.039788 0.015733 -0.029722 -0.062129 -0.141419 0.101261 -0.188678 0.123235 0.223391 0.126318 
1.575621 0.300554 0.220183 -0.616364 -0.647335 0.015033 -0.099365 0.009880 -0.012353 -0.133263 0.095759 -0.182313 0.104629 0.145539 0.062476 
1.470741 0.123938 0.250614 -0.625077 -0.719423 0.009153 -0.066656 -0.011136 0.055437 -0.127950 0.128220 -0.167092 0.087803 0.158832 0.046277 
1.094071 0.373250 0.239492 -0.640080 -0.800698 -0.045651 0.010281 -0.079844 0.005075 -0.080873 0.020750 -0.183688 0.079223 0.230482 0.097777 
1.370492 0.537406 0.183325 -0.652526 -0.517248 -0.026795 -0.079813 -0.045656 0.034438 -0.198422 0.079561 -0.177530 0.097454 0.124752 0.049716 
1.151741 0.410200 0.210663 -0.667452 -0.719258 -0.029159 -0.016577 -0.046152 -0.008430 -0.203006 0.093359 -0.253961 0.115878 0.267687 0.080670 
0.609390 0.496304 -0.039967 -0.456759 -0.451047 -0.144761 0.019509 -0.090566 -0.116490 -0.139935 0.116486 -0.070912 0.184324 0.132312 0.083257 
0.937603 0.573224 -0.020109 -0.299368 -0.326222 -0.081329 -0.001267 -0.001610 0.046855 -0.118515 0.085684 -0.104040 0.032670 -0.003900 0.044013 
1.230774 0.097959 0.069134 -0.703664 -0.590904 0.033400 0.071426 0.071790 -0.100932 -0.068900 0.169153 -0.252352 0.218951 0.221419 -0.046293 
0.622060 0.327461 -0.166714 -0.686756 -0.599644 -0.152726 0.205525 -0.003333 -0.063952 -0.061824 0.137454 -0.099460 0.240505 0.207582 0.111777 
0.016044 0.269673 -0.124955 -0.465208 -0.430902 -0.081138 0.029934 -0.084936 -0.024797 -0.022784 0.223237 0.048710 0.067005 0.047223 0.049205 
