city022_016
TAKAO
55
-0.516489 0.078701 0.199200 0.342529 0.010390 -0.010080 0.039984 -0.039994 -0.021654 -0.028452 0.110322 -0.055949 -0.116333 0.127041 0.011529 
0.919590 -0.668684 0.429106 -0.339509 -0.238492 -0.122396 -0.032917 -0.154823 0.019644 -0.069699 0.136510 0.104102 -0.004815 -0.041238 0.137067 
1.102801 -0.397036 0.374446 -0.172634 -0.274000 -0.095633 -0.206672 -0.115266 0.096582 0.025131 -0.012702 0.068202 0.127337 -0.089072 0.078944 
1.590357 -0.486962 0.232353 -0.207672 -0.160744 -0.097833 0.004068 0.032739 -0.010086 0.125793 0.078642 -0.045485 0.059077 -0.119224 0.065386 
1.495815 -1.063035 0.405241 -0.788925 -0.122082 -0.067653 0.008274 -0.066168 -0.038295 0.191300 0.230209 -0.056557 0.049517 -0.147982 0.001371 
1.417193 -1.155618 0.325717 -0.814696 -0.075457 -0.013334 -0.104173 0.025628 -0.095511 0.204664 0.263424 -0.019474 -0.004023 -0.147970 -0.063352 
1.446019 -1.140650 0.293306 -0.807463 -0.005622 0.001869 -0.128270 0.013556 -0.061857 0.151561 0.301786 -0.062320 0.054881 -0.281458 0.051175 
1.401810 -1.245359 0.266114 -0.770015 0.004818 -0.028206 -0.127353 0.023983 -0.088393 0.173930 0.280247 0.007373 0.001183 -0.277542 0.053155 
1.422683 -1.302815 0.314283 -0.792718 0.084495 -0.093893 -0.107651 -0.038088 -0.103320 0.166777 0.272263 0.084494 -0.020523 -0.256685 0.074354 
1.446108 -1.176350 0.311657 -0.660250 0.016723 -0.148644 -0.079782 -0.102409 -0.101428 0.169998 0.184603 0.169703 -0.044908 -0.138744 0.068405 
1.700269 -0.942771 0.097581 -0.353125 -0.031527 -0.136290 -0.081700 -0.128418 -0.068899 0.077442 0.251555 0.139663 -0.078036 -0.131135 0.052310 
1.722394 -0.563681 -0.186428 -0.170797 0.189292 -0.376241 -0.013498 -0.080715 -0.318926 0.210519 0.218261 0.080135 0.016919 -0.187424 0.101898 
1.391258 -0.174927 -0.439835 0.063479 0.124595 -0.118923 -0.036404 -0.201768 -0.334827 -0.062643 0.334965 0.023953 -0.051199 -0.100403 -0.009906 
0.824146 -0.051560 -0.341372 0.024569 0.064193 0.076417 -0.194417 -0.166374 -0.056809 -0.067768 0.168496 -0.016849 0.010414 -0.095972 0.074036 
0.471191 -0.081398 -0.309076 -0.096762 -0.063095 0.070547 0.068884 -0.037917 0.046045 -0.158722 0.107372 -0.015791 0.001494 0.002559 0.016029 
0.260112 -0.053916 -0.359550 -0.140796 -0.091070 -0.052483 -0.045614 -0.104635 0.031302 -0.035548 0.140431 0.063188 -0.058032 -0.019923 0.060386 
0.164731 -0.074297 -0.405171 -0.315643 -0.049448 -0.122303 -0.104708 -0.095389 0.101770 0.046765 0.207274 0.027798 -0.054522 -0.055528 0.020292 
0.750959 -1.112941 -0.602130 -0.366325 0.447143 0.267441 0.227199 -0.324827 -0.219100 0.163570 0.051770 -0.011563 0.062568 -0.102027 0.009141 
1.160765 -0.847536 -0.449391 -0.444953 0.194377 0.138706 0.019556 -0.166195 0.091085 0.010852 0.100904 -0.002924 -0.099574 -0.068570 -0.003601 
1.776592 -0.575127 -0.165549 -0.270870 -0.151109 -0.109199 -0.050461 -0.167475 -0.187185 0.164783 0.301714 0.003415 0.056544 -0.080049 0.037876 
1.574776 -1.090292 0.300088 -0.533537 -0.058453 -0.158794 -0.069771 -0.176281 -0.203916 0.163365 0.361410 0.093851 -0.054476 -0.058291 0.065525 
1.552730 -1.098965 0.284805 -0.653020 -0.041523 -0.200836 -0.036383 -0.071018 -0.195025 0.139462 0.335873 0.122564 -0.015996 -0.122715 0.066065 
1.482380 -1.161926 0.204325 -0.667256 -0.055433 -0.161305 -0.044528 -0.020705 -0.144616 0.096124 0.324450 0.154065 -0.002260 -0.208761 0.045763 
1.434168 -1.261549 0.224554 -0.690173 -0.084549 -0.146876 -0.044778 -0.000768 -0.113896 0.087173 0.307643 0.157600 0.039225 -0.248133 0.034921 
1.410157 -1.256373 0.173104 -0.664792 -0.086654 -0.124779 -0.039405 0.007465 -0.161607 0.118115 0.296105 0.172328 0.041970 -0.269481 0.010725 
1.420933 -1.243946 0.166772 -0.712183 -0.089699 -0.147423 -0.000323 0.000499 -0.145802 0.085826 0.242096 0.240478 0.072593 -0.231123 -0.018777 
1.458504 -1.160876 0.143863 -0.727881 -0.103706 -0.142708 0.004644 0.002118 -0.140076 0.039731 0.258714 0.243653 0.073910 -0.172237 -0.034893 
1.480046 -0.973454 0.135582 -0.723141 -0.192446 -0.119729 0.033496 0.021795 -0.193302 0.007209 0.339831 0.145154 0.075784 -0.046142 -0.036052 
1.623741 -0.926690 0.136484 -0.685706 -0.292829 -0.074389 0.040202 0.050734 -0.249249 0.028209 0.306066 0.133678 0.064548 0.063858 -0.060009 
1.707980 -0.921573 0.115733 -0.626098 -0.329117 -0.132195 0.064554 0.064825 -0.233588 0.010569 0.235487 0.065054 0.195098 0.049544 0.018227 
1.782945 -0.883325 0.078709 -0.593106 -0.309689 -0.183337 0.036917 0.100307 -0.225250 0.000895 0.177084 0.008768 0.309686 0.040678 -0.010285 
1.904888 -0.783128 0.058507 -0.483524 -0.386538 -0.176372 -0.032412 0.103377 -0.184595 -0.027082 0.078564 -0.020922 0.321054 0.123120 -0.022673 
1.857164 -0.614417 0.094112 -0.512435 -0.358118 -0.203399 -0.115120 0.118005 -0.133464 -0.058557 0.033722 -0.084817 0.324168 0.110212 0.048854 
1.782673 -0.430180 0.161976 -0.591526 -0.272381 -0.245926 -0.147671 0.079479 -0.066970 -0.110590 0.022378 -0.042064 0.255998 0.069229 0.100519 
1.822078 -0.334302 0.258741 -0.693637 -0.248034 -0.226536 -0.169511 0.078975 -0.019049 -0.185902 0.027642 -0.078989 0.238803 0.031376 0.150867 
1.754330 -0.170080 0.368545 -0.682759 -0.442461 -0.111885 -0.156850 0.103214 -0.122589 -0.112732 0.044441 -0.155376 0.194293 0.055424 0.124313 
1.685908 0.163138 0.470978 -0.810589 -0.591020 -0.023194 -0.055979 0.003845 -0.096901 -0.052933 0.023934 -0.265349 0.210710 0.130274 0.022259 
1.762248 0.190698 0.501597 -0.823295 -0.630415 -0.020644 -0.089187 0.018450 -0.077200 -0.010321 0.007402 -0.269327 0.192227 0.084754 0.019916 
1.766162 0.280004 0.505968 -0.843841 -0.611059 -0.055054 -0.092744 0.000074 -0.046480 -0.009079 0.008338 -0.257722 0.168232 0.061656 0.025997 
1.733324 0.305851 0.457630 -0.803399 -0.608782 -0.083618 -0.121196 -0.002105 -0.038753 0.018360 -0.015616 -0.233303 0.147682 0.016970 0.031502 
1.741982 0.405438 0.442315 -0.751296 -0.658540 -0.043458 -0.164619 -0.041030 0.025951 -0.010859 -0.001559 -0.187832 0.106652 0.023939 0.001421 
1.821944 0.315879 0.501713 -0.762645 -0.618462 -0.055816 -0.142207 -0.059387 0.071531 -0.068644 0.028203 -0.171169 0.080803 0.033582 0.007600 
1.779436 0.362093 0.464377 -0.749563 -0.633080 -0.034901 -0.182795 0.015693 0.028406 -0.047136 0.018011 -0.257106 0.095277 -0.024983 0.010898 
1.570505 0.604523 0.283225 -0.800028 -0.654160 -0.097628 -0.111916 -0.050775 0.083113 -0.042867 0.017386 -0.243192 0.146212 0.001260 0.027502 
1.548415 0.671688 0.372446 -0.842096 -0.689195 -0.060092 -0.152551 -0.028625 0.084568 0.000759 -0.005165 -0.212244 0.104904 0.013943 -0.025703 
1.767360 0.579146 0.179247 -0.564078 -0.657469 -0.091290 -0.103462 -0.066582 0.043130 -0.046477 0.028760 -0.240266 0.092379 0.024296 -0.037754 
1.511240 0.795028 0.052632 -0.455801 -0.547478 -0.180135 -0.008405 -0.035194 -0.007555 -0.052485 0.018944 -0.207649 0.008151 0.036895 0.032113 
1.247839 0.807698 0.054152 -0.600204 -0.595718 -0.293318 0.022543 -0.081876 0.018267 -0.023934 0.002806 -0.208107 0.071265 0.040029 0.060942 
1.694773 0.967186 0.002648 -0.566414 -0.621583 -0.071767 -0.079599 -0.050941 0.095402 -0.106250 -0.018734 -0.107444 0.003150 0.066633 0.083620 
1.262839 0.718087 -0.013230 -0.439664 -0.478085 -0.116018 -0.075264 0.064468 -0.030076 -0.164998 -0.023687 -0.184433 -0.032532 0.072532 0.064401 
1.307317 0.970076 -0.042908 -0.606625 -0.580292 -0.137009 0.049509 -0.111334 0.051676 -0.108106 -0.058224 -0.152882 0.087040 0.094620 0.107646 
0.717676 0.463151 0.150172 -0.438381 -0.495357 -0.133621 0.056536 -0.017083 -0.106873 -0.206434 0.080905 -0.165866 0.023856 0.183421 0.065968 
0.903246 0.523842 0.007216 -0.445725 -0.575592 -0.065880 0.061410 0.014639 -0.057038 -0.130242 -0.028456 -0.161996 0.066865 0.081469 0.157708 
0.607981 0.566405 0.056054 -0.318283 -0.383683 -0.107163 0.169025 -0.014498 -0.093806 -0.049179 0.044954 -0.130552 -0.023009 0.124248 0.034933 
0.619077 0.456025 -0.019741 -0.305407 -0.413494 0.018748 0.018897 0.045311 -0.123133 -0.125852 -0.008053 -0.065933 0.052212 0.041411 0.129121 
