city022_074
CHANPION
68
-0.172617 -0.765226 0.172271 -0.448146 0.070180 -0.071615 -0.065079 0.170245 -0.129163 0.194269 -0.107683 0.077105 -0.114454 0.038660 0.010354 
-1.060482 -0.000492 0.470211 -0.500623 0.270583 -0.128543 -0.145662 0.196354 -0.168706 0.146580 -0.106272 0.056843 -0.005750 -0.006487 -0.006032 
-1.333049 -0.244105 0.573428 -0.378367 0.210925 -0.129292 -0.011828 0.039776 -0.108046 0.199562 -0.190821 0.097037 -0.038171 0.048338 -0.053159 
-1.382272 -0.431778 0.349166 -0.635857 0.349245 -0.232400 0.040021 0.116684 -0.163274 0.267510 -0.192637 0.037728 -0.024207 0.053924 -0.051802 
-1.232350 -0.240132 0.434704 -0.784543 0.476823 -0.151814 0.053517 -0.074417 -0.086139 0.257926 -0.204402 0.083873 -0.019738 0.005098 -0.031706 
-0.862243 -0.307593 0.603953 -0.808929 0.351593 -0.320640 0.062173 0.244799 -0.186142 0.119915 -0.067603 0.046262 -0.056267 0.009562 0.005472 
-0.577154 -0.433290 0.736398 -0.624312 0.536076 -0.146519 -0.091544 0.075940 -0.132877 0.187516 -0.153683 0.088277 -0.038646 -0.012579 0.042786 
0.069105 -0.257598 0.915397 -0.448742 0.249146 -0.278788 -0.191173 0.176619 -0.274028 0.215810 -0.253498 0.142418 0.060391 -0.109482 0.078680 
1.207362 -0.627797 0.882640 -0.130600 -0.167462 -0.090123 -0.421636 0.056591 -0.153886 -0.048116 -0.148754 0.052821 0.164688 -0.072792 -0.001640 
1.384001 -0.872520 0.826367 -0.328828 -0.184672 -0.159269 -0.481132 -0.003095 -0.103601 0.032948 -0.127647 0.130414 0.214576 0.038454 -0.053520 
1.462655 -0.955413 0.672761 -0.377043 -0.198994 -0.218477 -0.463510 0.016305 0.003974 0.110212 -0.045060 0.111353 0.215641 0.104783 -0.149722 
1.521680 -1.122666 0.576722 -0.448356 -0.231083 -0.022809 -0.440206 0.094641 0.109054 0.276892 0.005676 -0.071417 0.092741 0.079256 -0.163912 
1.417635 -0.945468 0.361099 -0.534339 -0.137675 -0.035203 -0.342285 0.001409 0.158235 0.339698 0.051121 -0.133372 -0.006793 0.104962 -0.136711 
1.521532 -0.902265 0.292528 -0.558440 -0.068430 -0.036241 -0.282823 -0.018059 0.112748 0.370714 0.099225 -0.114112 -0.140175 0.126688 -0.059375 
1.498843 -0.851009 0.216250 -0.562681 -0.005585 0.009639 -0.300872 0.016785 0.073838 0.309990 0.180982 -0.162007 -0.139778 0.077735 -0.010698 
1.546783 -0.924526 0.225238 -0.642608 0.027597 0.103843 -0.300105 0.010930 -0.027943 0.303770 0.174556 -0.107421 -0.177975 0.091874 -0.049129 
1.530078 -0.926170 0.248282 -0.672214 0.055745 0.149607 -0.301174 0.046738 -0.106348 0.273240 0.219958 -0.081944 -0.195512 0.060062 -0.048251 
1.582562 -0.894615 0.262227 -0.670218 0.032667 0.152773 -0.271807 0.045746 -0.135584 0.213087 0.280756 -0.051830 -0.195062 0.048479 -0.077967 
1.671580 -0.883680 0.310698 -0.654541 -0.002063 0.173708 -0.283237 0.049912 -0.210794 0.182195 0.302658 -0.025160 -0.157121 0.068930 -0.117023 
1.805343 -0.899419 0.345306 -0.603664 -0.110363 0.237273 -0.350309 0.094800 -0.317076 0.192712 0.253199 0.007459 -0.102993 0.125988 -0.159884 
1.891573 -0.871596 0.431255 -0.468614 -0.246494 0.324302 -0.371494 0.069559 -0.364283 0.174666 0.189163 -0.024742 0.044019 0.067807 -0.147579 
1.425233 -0.614749 0.583155 -0.285166 -0.266685 0.417320 -0.227763 -0.093573 -0.374073 0.132922 -0.003470 0.010564 0.051818 -0.001532 -0.088752 
1.079610 -0.549697 0.769254 -0.000593 -0.172471 0.378690 -0.205999 -0.219647 -0.446425 0.039039 -0.103996 -0.125473 -0.065752 -0.039954 -0.131244 
1.104581 -0.413989 0.838954 0.047493 -0.219080 0.269011 -0.232252 -0.141101 -0.372273 0.042038 -0.152079 -0.181676 -0.019754 0.030510 -0.179240 
1.215999 -0.300455 0.668678 0.247315 -0.240879 0.256820 -0.275610 -0.186587 -0.297047 0.011736 -0.076981 -0.283326 -0.017236 0.103860 -0.230454 
1.182817 -0.080245 0.598803 0.277276 -0.226616 0.159773 -0.202640 -0.111265 -0.299911 -0.041095 -0.084779 -0.267015 -0.036875 0.104059 -0.243742 
1.017720 0.162210 0.472590 0.443198 -0.073479 0.074824 -0.210411 -0.173283 -0.183659 0.023772 -0.170507 -0.269070 -0.030189 0.110550 -0.224813 
0.937813 0.306749 0.339236 0.355004 -0.042243 0.072209 -0.162780 -0.182688 -0.192770 0.017308 -0.133287 -0.150770 -0.116836 0.129312 -0.171807 
0.596656 0.176127 -0.000057 0.310477 0.152897 0.036697 -0.172223 -0.082525 -0.159292 0.152194 -0.077508 -0.056610 -0.113161 0.089677 -0.000696 
0.543463 0.333334 -0.014998 0.232218 0.018732 0.221824 -0.211021 0.021338 0.012585 0.068560 -0.098489 0.016950 0.003911 -0.000418 0.001082 
0.197031 0.129160 -0.009821 0.145192 -0.092821 0.185670 -0.109592 -0.081447 -0.014590 0.126274 -0.113893 0.040682 -0.018301 0.027695 -0.041546 
0.051976 0.082448 -0.174029 0.022009 -0.040257 0.157290 -0.061449 -0.016562 -0.091168 0.045335 -0.028194 0.050894 -0.018600 0.000430 -0.017829 
-0.023224 0.084890 -0.231018 0.022927 -0.088705 0.022377 0.003701 -0.099285 -0.195021 0.052614 0.036234 0.119366 -0.116150 0.068265 -0.067406 
-0.235152 0.118771 -0.021048 0.062949 -0.160589 0.022235 -0.082149 -0.046880 -0.027732 0.030314 -0.037365 0.074682 -0.056955 0.043770 -0.024578 
-0.058793 0.211742 -0.131851 0.014181 -0.241260 0.047405 0.006334 -0.043587 -0.079725 0.035432 -0.074485 0.117315 -0.018412 -0.054041 0.074894 
-0.306768 0.210868 0.091409 0.204915 0.014783 0.015046 -0.179210 -0.075346 -0.118935 0.139333 -0.085526 -0.083549 0.051058 -0.003389 0.011215 
-0.221805 0.163757 0.013372 0.256634 -0.065438 0.027007 -0.167879 -0.232338 -0.082435 0.071975 -0.022941 -0.063167 -0.062452 0.122695 -0.072264 
0.955391 0.060148 0.358445 0.429607 -0.121101 0.013761 -0.121820 0.009426 0.061883 -0.065452 -0.175246 0.100660 -0.001675 -0.031980 -0.070362 
0.943676 -0.100535 0.954950 -0.243667 0.102055 0.158342 -0.136531 0.122108 -0.228077 0.067917 -0.101148 -0.062184 0.012880 -0.035009 -0.066215 
0.437980 -0.125143 1.321573 -0.032131 -0.023673 0.148345 -0.294107 0.174067 -0.201596 -0.232430 -0.025541 -0.012580 -0.224156 -0.052256 0.041864 
0.668921 -0.192229 1.363678 0.085861 -0.228158 0.326024 -0.390721 0.214802 -0.149831 -0.333640 0.032218 0.002576 -0.254120 -0.094782 0.087853 
0.697363 -0.304924 1.489783 0.052220 -0.198233 0.310679 -0.440246 0.259124 -0.176880 -0.337295 0.031189 -0.005784 -0.245217 -0.054638 0.011431 
0.670348 -0.360625 1.568425 0.015450 -0.211391 0.295994 -0.419745 0.258694 -0.211425 -0.321873 0.046931 0.001148 -0.285363 -0.020210 0.024452 
0.647718 -0.318525 1.564360 0.047394 -0.285345 0.310200 -0.398512 0.154347 -0.106154 -0.405100 0.084338 0.004430 -0.296591 0.013720 -0.000596 
0.670468 -0.398936 1.602573 0.045867 -0.329634 0.290062 -0.401005 0.156004 -0.210784 -0.297533 0.001818 0.008973 -0.263666 -0.000596 0.009998 
0.796248 -0.561520 1.529103 0.102859 -0.461368 0.328529 -0.392078 0.124078 -0.286824 -0.255170 0.041090 -0.129739 -0.160899 -0.008985 -0.017702 
0.894010 -0.587970 1.440529 0.199491 -0.465881 0.100707 -0.289747 0.110416 -0.351959 -0.210275 0.069461 -0.104350 -0.170053 0.123127 -0.112765 
1.010025 -0.666222 1.226091 0.303215 -0.457540 -0.088266 -0.327962 0.175917 -0.363281 -0.273123 0.159448 -0.084055 -0.107025 0.154747 -0.077595 
1.209237 -0.784841 1.033677 0.297653 -0.360446 -0.216806 -0.446808 0.205582 -0.352753 -0.206753 0.045279 -0.002282 -0.013934 0.182845 -0.094387 
1.383432 -0.734767 0.758501 0.223443 -0.153554 -0.219505 -0.577811 0.131032 -0.232262 -0.076712 0.027059 -0.095932 0.014879 0.351486 -0.134372 
1.406279 -0.757525 0.429346 0.023244 -0.105467 -0.092273 -0.537928 0.094623 -0.183852 0.132402 0.150342 -0.124616 -0.042927 0.317826 -0.023285 
1.568352 -0.457384 0.167299 -0.113003 -0.188449 0.115961 -0.460388 0.038451 -0.218118 0.115465 0.459390 -0.076049 -0.174115 0.218718 -0.031284 
1.689775 -0.429034 -0.006745 -0.222928 -0.279684 0.151578 -0.293871 0.006448 -0.324964 0.023757 0.498318 0.027981 -0.127270 0.130821 -0.112820 
1.727715 -0.330907 -0.030453 -0.357987 -0.396596 0.219246 -0.171656 0.056837 -0.326197 -0.081587 0.420477 0.065459 -0.019439 0.180596 -0.171496 
1.672867 -0.261491 -0.029879 -0.413898 -0.448642 0.161506 -0.047781 0.120410 -0.347532 -0.083983 0.255656 0.027503 0.027201 0.272797 -0.117266 
1.769209 -0.373126 0.135989 -0.440785 -0.569001 0.212105 -0.046003 0.145905 -0.317096 -0.030887 0.091523 0.003108 0.049193 0.267320 -0.051230 
1.658412 -0.279803 0.171405 -0.399909 -0.548915 0.110594 0.025364 0.148219 -0.272135 0.000291 0.012749 -0.038718 0.004105 0.235591 -0.017036 
1.557077 -0.211647 0.129609 -0.296697 -0.570497 0.111943 0.087072 0.044525 -0.183304 0.016506 -0.087933 -0.021670 0.028311 0.109772 0.099486 
1.516812 -0.152118 0.165616 -0.261856 -0.629634 0.140977 0.064293 0.039458 -0.138420 0.008164 -0.066368 -0.066718 0.045006 0.069140 0.090905 
1.383369 -0.033592 0.118720 -0.169622 -0.668667 0.095582 0.060859 -0.001054 -0.123165 0.030814 -0.048681 -0.011356 -0.025226 0.105175 0.064532 
1.294832 -0.065796 0.132992 -0.244963 -0.714044 0.068600 0.045895 -0.045201 -0.174269 0.015574 -0.043321 0.043225 0.006940 0.174352 0.068126 
1.390796 -0.074166 0.252291 0.050637 -0.715731 0.116355 0.086692 -0.035261 -0.197598 0.097266 -0.093856 -0.059251 0.072567 -0.072353 0.176830 
1.039786 -0.080985 0.210565 0.206120 -0.414831 0.166536 0.175012 -0.145242 -0.210046 0.023701 -0.120748 0.070825 -0.057575 -0.020579 0.114657 
0.616481 -0.066841 0.284175 0.142313 -0.303085 0.211251 0.094212 -0.128231 -0.220852 -0.001703 -0.084557 0.066120 -0.058162 -0.016932 0.044278 
0.825230 -0.162188 0.304705 0.160991 -0.326167 0.284636 0.099667 -0.086940 -0.243642 -0.068428 -0.059863 0.058731 -0.038469 -0.055215 0.072455 
0.496079 -0.125216 0.138365 0.223618 -0.257172 0.275535 0.076604 -0.097364 -0.227123 -0.045866 -0.004366 0.107302 -0.092591 -0.018090 0.020923 
0.519808 0.063622 0.196032 0.120309 -0.162115 0.208244 0.123625 -0.105891 -0.341027 -0.064502 -0.088573 0.118854 -0.095861 -0.045293 0.022222 
0.525989 -0.330995 0.210713 0.312602 -0.182901 0.190378 -0.060833 -0.131202 -0.217153 0.002427 0.030857 0.049207 -0.133209 -0.034093 0.035304 
