city022_042
REBUN
46
-0.448256 -0.023018 -0.206460 0.046359 -0.305067 -0.049550 -0.080582 0.226183 -0.033952 0.095125 -0.096091 0.048496 -0.027663 0.007138 -0.104529 
0.109177 0.097836 -0.064683 0.313124 -0.112743 0.096613 -0.279186 -0.098279 0.080787 0.077276 -0.091926 -0.055036 0.032734 0.080528 -0.049881 
0.637246 -0.048968 0.229463 0.482773 -0.081614 0.084842 -0.281557 -0.062974 -0.020617 0.133763 -0.293247 -0.024382 0.028293 0.089377 -0.174141 
0.717727 0.019513 -0.017955 0.661028 0.032795 0.137147 -0.196225 -0.146972 -0.090013 0.202324 -0.205828 -0.227465 0.088808 0.007246 -0.146384 
0.976937 -0.195107 -0.143736 0.685006 0.108062 0.090509 -0.303640 -0.079926 0.000991 0.114844 -0.272872 -0.153572 0.130043 -0.001994 -0.165833 
1.142606 -0.485835 -0.032613 0.808741 -0.127290 -0.079292 -0.244917 -0.081866 0.024223 -0.049568 -0.239668 -0.045854 0.090066 0.051578 -0.240092 
1.125108 -0.771144 0.294597 0.898068 -0.235765 -0.135074 -0.244704 -0.095280 -0.036582 -0.081749 -0.161259 -0.211263 0.092231 0.131436 -0.236930 
1.120445 -0.978969 0.879492 0.540780 -0.340127 -0.032154 -0.374551 -0.100273 -0.182082 0.025313 -0.289818 -0.147713 0.095526 0.117434 -0.194307 
1.293124 -0.973094 1.033839 0.138422 -0.242677 -0.182770 -0.529301 0.106621 -0.313003 0.050646 -0.185171 -0.032821 0.156724 0.176256 -0.173674 
1.111177 -1.027148 1.076192 0.017052 -0.118881 -0.335220 -0.405255 0.086459 -0.289985 0.036339 -0.260745 0.119507 0.094234 0.130902 -0.159118 
1.172098 -1.060405 1.096767 0.009983 -0.239449 -0.252083 -0.394845 0.114020 -0.265116 0.059340 -0.173844 0.101192 0.123946 0.083563 -0.120205 
1.066671 -0.963172 1.066998 -0.020312 -0.169390 -0.372687 -0.322138 0.079282 -0.253565 -0.012273 -0.114083 0.089441 0.118890 0.105697 -0.118510 
1.190630 -0.998763 1.111334 -0.040149 -0.209794 -0.339109 -0.328885 0.066231 -0.201115 -0.034040 -0.071569 0.109944 0.075871 0.154928 -0.140305 
1.218602 -0.934710 0.964895 -0.064449 -0.191591 -0.349500 -0.342136 0.055712 -0.151286 -0.006745 -0.049051 0.085581 0.129801 0.139533 -0.139311 
1.397738 -1.024405 1.004283 -0.170029 -0.140103 -0.304768 -0.345711 0.069913 -0.231748 0.051136 -0.100007 0.105234 0.061951 0.171871 -0.126774 
1.371064 -0.953208 0.945336 -0.021872 -0.140816 -0.290074 -0.374636 0.026462 -0.146361 -0.023817 -0.086290 0.031987 0.106496 0.174368 -0.153880 
1.530091 -1.001074 0.846095 -0.011665 -0.081739 -0.207488 -0.446455 0.020882 -0.198037 -0.010844 -0.088118 -0.054311 0.111303 0.176570 -0.144986 
1.623514 -0.913157 0.769378 -0.038231 -0.006000 -0.132274 -0.432572 -0.067647 -0.295666 0.090483 -0.099025 -0.121871 0.015657 0.242636 -0.092538 
1.558886 -0.576796 0.566223 0.118216 -0.184939 0.103229 -0.541550 0.013237 -0.270406 0.148606 0.018776 -0.223737 0.056009 0.239120 -0.065919 
1.362382 -0.437795 0.298738 0.247778 -0.189643 0.307404 -0.329414 -0.025213 -0.233400 0.068908 0.123510 -0.220187 -0.079703 0.218702 -0.146488 
1.129828 -0.032494 0.203465 0.291517 -0.115406 0.344664 -0.311513 -0.168452 -0.245102 0.066023 0.106947 -0.211421 -0.143198 0.161617 -0.120249 
1.022365 -0.142134 0.236498 0.441286 -0.077078 0.323710 -0.281638 -0.108329 -0.284324 0.001432 0.013904 -0.181087 -0.208482 0.114563 -0.140771 
1.301848 -0.034456 0.187030 0.318532 -0.167125 0.214526 -0.328143 -0.164934 -0.186660 0.076200 0.071539 -0.217672 -0.083577 0.230141 -0.135305 
1.576368 0.138309 0.368903 0.099951 -0.095632 0.358837 -0.263349 -0.128462 -0.304110 0.088476 0.180798 -0.168644 -0.058705 0.164460 -0.195318 
1.524728 0.009087 0.514649 0.097251 0.023365 0.316938 -0.441510 -0.067114 -0.309949 0.141142 0.166346 -0.234293 -0.073153 0.180749 -0.074458 
1.677632 -0.213403 0.464401 0.175987 -0.027074 0.352302 -0.444886 -0.056818 -0.273842 0.215773 0.078461 -0.279314 -0.063299 0.182180 -0.074898 
1.676206 -0.433268 0.662756 0.047746 0.063211 0.225018 -0.458307 -0.141060 -0.258445 0.154434 0.010205 -0.290354 -0.089521 0.215803 -0.081994 
1.720525 -0.534950 0.671664 -0.190374 0.003166 0.132106 -0.333729 -0.012770 -0.274980 0.129046 -0.100662 -0.097647 -0.002101 0.120097 -0.160141 
1.490301 -0.414573 0.858979 -0.155831 0.128583 0.144487 -0.565693 -0.171254 -0.318917 0.253515 -0.056848 -0.214052 -0.063463 0.246205 0.004181 
1.539233 -0.433777 0.811963 -0.154523 0.040901 0.265398 -0.638311 -0.199134 -0.285563 0.211897 -0.016766 -0.273012 -0.003110 0.200295 -0.043644 
1.547890 -0.406073 0.795880 -0.164168 0.014134 0.269367 -0.628462 -0.203939 -0.339537 0.248451 -0.026355 -0.201414 -0.074128 0.259511 -0.070061 
1.475893 -0.389166 0.861645 -0.252556 0.063340 0.197451 -0.613310 -0.199954 -0.356783 0.288628 -0.102206 -0.151049 -0.047582 0.251907 -0.070511 
1.380306 -0.274635 0.785921 -0.234524 0.116253 0.131641 -0.606518 -0.165953 -0.361543 0.323352 -0.007431 -0.200771 0.004219 0.256140 -0.003379 
1.470285 -0.355370 0.709834 -0.225384 0.020542 0.196298 -0.612789 -0.094161 -0.358467 0.384463 0.041965 -0.168240 0.004180 0.261274 -0.044507 
1.457044 -0.352630 0.622925 -0.224080 -0.060092 0.237862 -0.571600 -0.121233 -0.264527 0.299348 0.169316 -0.208921 0.041310 0.230929 -0.079631 
1.400065 -0.427334 0.556967 -0.110887 -0.021923 0.297942 -0.432470 -0.202332 -0.298562 0.208714 0.088784 -0.212982 -0.057966 0.146355 -0.074810 
1.287907 -0.373292 0.536919 0.109942 -0.166128 0.348092 -0.225338 -0.282821 -0.240175 0.134407 -0.037491 -0.132677 -0.074139 0.068358 -0.100581 
0.815573 -0.414621 0.809610 0.293876 -0.242913 0.458836 -0.127902 -0.333880 -0.156206 -0.015793 -0.159370 -0.109457 -0.178271 -0.033835 -0.077742 
0.736128 -0.385334 0.864911 0.345771 -0.255766 0.403716 -0.135562 -0.184726 -0.257280 0.054424 -0.217891 -0.097118 -0.168817 -0.052767 -0.026029 
0.667673 -0.266790 0.742085 0.429155 -0.304465 0.307234 -0.094607 -0.238102 -0.193444 0.018227 -0.250522 -0.029817 -0.211575 0.005626 -0.037399 
0.530148 -0.264492 0.614326 0.494866 -0.223036 0.284598 -0.260860 -0.219145 -0.170783 -0.009901 -0.204845 -0.146042 -0.150891 -0.008189 -0.011896 
0.467357 -0.480446 0.821417 0.496662 -0.248186 0.409190 -0.239333 -0.184837 -0.244849 0.094084 -0.227074 -0.114934 -0.225498 -0.032722 0.051109 
0.443909 -0.252088 0.729683 0.372806 -0.208998 0.199025 -0.211895 -0.140265 -0.235473 0.061142 -0.270826 -0.052201 -0.103686 -0.071243 0.054148 
0.203061 0.159162 0.336854 0.495475 -0.092010 0.177404 -0.034210 -0.246379 -0.214847 0.039784 -0.126223 -0.083631 -0.197170 -0.070139 0.117424 
0.284158 -0.266798 0.610205 0.523921 -0.164680 0.225056 -0.253723 -0.086626 -0.107432 0.014414 -0.163314 -0.105909 -0.099961 0.011450 0.001961 
0.148554 -0.048692 0.493068 0.510880 0.029065 0.156193 -0.162531 -0.232377 -0.118396 0.059480 -0.188115 -0.159023 -0.193626 0.016173 0.030161 
