city022_046
GINZA
57
-0.167137 -0.635864 0.704058 -0.572202 0.004968 0.105991 -0.248854 0.184034 -0.150194 0.187629 -0.143643 0.123662 -0.100063 0.075991 -0.040640 
-0.217678 -0.550781 0.558386 -0.617986 0.188565 -0.017882 -0.155213 0.171589 -0.083925 0.087570 -0.068985 0.055665 -0.078876 0.091641 -0.077111 
-0.419531 -0.560474 0.576393 -0.398532 0.102139 -0.005538 -0.434055 0.164580 -0.037941 0.120528 -0.073122 0.039080 -0.054308 0.151702 -0.078621 
-0.140462 -0.510220 0.732230 -0.488997 0.007560 0.107212 -0.434382 0.216152 -0.093699 0.072934 -0.029980 0.025867 0.003243 0.040889 -0.059881 
0.030264 -0.394005 0.830581 -0.215761 0.143354 0.175824 -0.280429 0.026640 -0.179230 0.125705 -0.064155 -0.009893 -0.122648 0.108238 0.003254 
0.394787 -0.203405 1.603853 -0.198290 -0.171680 0.193994 -0.350814 0.142110 -0.324690 -0.166886 -0.006144 -0.032325 -0.305530 0.137569 0.025269 
0.572601 -0.274449 1.719992 -0.081226 -0.164852 0.244573 -0.324373 0.191053 -0.316244 -0.160728 -0.010214 -0.021998 -0.344912 0.125677 0.019532 
0.492088 -0.370538 1.816857 -0.100009 -0.191807 0.283455 -0.291673 0.179101 -0.312444 -0.139724 0.013226 -0.059340 -0.333692 0.150702 -0.007413 
0.574357 -0.333899 1.823285 -0.111077 -0.196195 0.282917 -0.283561 0.148147 -0.297680 -0.165381 0.030505 -0.079335 -0.342146 0.179345 -0.044861 
0.635419 -0.207030 1.873165 -0.082031 -0.231880 0.225766 -0.310949 0.102943 -0.308056 -0.158709 -0.014526 0.004392 -0.314383 0.154211 0.038128 
0.867743 -0.222828 1.681275 -0.241556 -0.203624 0.179707 -0.347637 0.128965 -0.349734 -0.086691 -0.052445 0.051232 -0.330962 0.184303 0.031496 
0.886974 -0.129938 1.527167 -0.231931 -0.263658 0.208574 -0.300192 0.064253 -0.293720 -0.102583 -0.032431 -0.013402 -0.264238 0.138961 0.013638 
1.053646 -0.146611 1.444845 -0.288692 -0.294346 0.208309 -0.244121 0.112740 -0.357005 -0.008516 -0.112650 0.005955 -0.283795 0.113318 0.010723 
1.166498 -0.016202 1.160959 -0.195215 -0.345687 0.194499 -0.112807 0.113884 -0.336789 -0.024235 -0.116016 -0.112587 -0.183527 -0.007434 0.038397 
1.241152 0.117251 0.917676 -0.061039 -0.509623 0.255595 0.025048 0.025503 -0.220243 -0.023591 -0.205950 -0.180249 -0.129631 -0.034050 -0.067766 
1.221083 0.075981 1.019088 0.052354 -0.511830 0.466585 -0.108524 -0.183257 -0.153282 -0.041087 -0.209615 -0.173147 -0.033497 -0.030502 -0.169132 
1.252849 -0.084439 1.088014 0.005620 -0.434123 0.428858 -0.101496 -0.180405 -0.202584 -0.007166 -0.232939 -0.152500 -0.051476 -0.009139 -0.185334 
1.337834 -0.096211 0.977743 0.041998 -0.547322 0.538172 -0.069752 -0.189955 -0.191619 -0.046188 -0.213640 -0.201503 -0.031122 0.012203 -0.235216 
1.267995 -0.059391 0.974408 -0.001541 -0.494397 0.467756 -0.027336 -0.163449 -0.244486 -0.015401 -0.234650 -0.210327 -0.028193 -0.001948 -0.197199 
1.233229 -0.123550 0.997899 0.074435 -0.483146 0.469500 -0.041493 -0.190192 -0.259989 -0.010342 -0.212381 -0.220916 -0.040885 0.012708 -0.230825 
1.351400 -0.197171 0.984958 0.144255 -0.516217 0.536733 -0.118399 -0.177707 -0.295355 0.030317 -0.218972 -0.210402 -0.033047 0.011928 -0.241735 
1.348261 -0.278481 1.028419 0.192519 -0.510806 0.567270 -0.196648 -0.204599 -0.236597 0.007248 -0.201620 -0.203998 -0.030287 -0.011450 -0.219077 
1.211990 -0.185538 1.011177 0.229022 -0.483085 0.512423 -0.174398 -0.274570 -0.156062 -0.047400 -0.171787 -0.232417 -0.016019 -0.016733 -0.230751 
1.206174 -0.215311 1.092053 0.170737 -0.499844 0.508762 -0.168335 -0.225630 -0.218933 0.001794 -0.235233 -0.180282 -0.063700 0.005438 -0.226689 
1.165334 -0.156643 1.033823 0.215052 -0.450957 0.437561 -0.136892 -0.236357 -0.207727 -0.003653 -0.244259 -0.167447 -0.076940 -0.003005 -0.212342 
1.137055 -0.231322 0.826665 0.022911 0.028444 0.127752 -0.200771 -0.269052 -0.138337 0.080301 -0.298777 -0.071614 -0.045318 -0.014217 -0.095034 
1.552547 -0.284019 0.537231 0.529394 -0.255521 0.188196 -0.288838 -0.175938 -0.089238 0.029033 -0.244853 -0.189321 0.064064 0.018358 -0.200662 
1.384290 -0.231924 0.555193 0.342677 0.009559 0.073008 -0.335417 -0.104631 -0.149788 0.114503 -0.332855 -0.229579 0.102921 -0.004431 -0.179588 
1.117701 -0.100780 0.440486 0.352188 0.170508 -0.194013 -0.192557 -0.194629 -0.071193 0.159237 -0.425471 -0.132669 0.080201 0.069060 -0.210733 
0.916590 -0.019386 0.407584 0.092769 0.214799 -0.034395 -0.294773 -0.265682 0.084304 0.162138 -0.317454 -0.040638 0.020394 0.067137 0.008779 
0.842721 -0.092439 0.359550 0.228059 0.193018 -0.134422 -0.279422 -0.095982 -0.070894 0.043048 -0.060584 -0.231986 0.053469 0.106042 -0.032498 
0.817552 -0.017859 0.367881 0.207109 0.157697 -0.114626 -0.198887 -0.260727 -0.028119 0.090437 -0.138122 -0.230865 0.065481 0.125531 -0.132192 
0.977754 -0.170446 0.423041 0.111647 0.169718 -0.039122 -0.313344 -0.233375 -0.031391 0.118449 -0.196284 -0.151477 0.016348 0.111643 -0.038969 
1.231800 -0.400458 0.566588 0.151112 0.071339 0.097142 -0.449374 -0.153908 -0.114737 0.164767 -0.251551 -0.197558 0.032054 0.123445 -0.074285 
1.516621 -0.613484 0.691913 0.054375 -0.015314 0.101329 -0.530144 -0.129577 -0.127716 0.236677 -0.267444 -0.120711 0.065042 0.136711 -0.017672 
1.628531 -0.805521 0.741493 -0.152045 -0.038033 0.018578 -0.565785 -0.004820 -0.194118 0.247176 -0.210950 -0.087583 0.123504 0.175651 -0.126949 
1.640266 -0.851114 0.716542 -0.259848 -0.044201 -0.051928 -0.538414 -0.104638 -0.184732 0.328060 -0.133582 -0.053372 0.107108 0.227296 -0.056796 
1.566682 -0.877914 0.582375 -0.382838 -0.004442 -0.160631 -0.500806 -0.188238 -0.075917 0.365914 -0.087669 -0.016911 0.119780 0.275382 -0.063039 
1.391348 -0.810420 0.585866 -0.428358 -0.037685 -0.206591 -0.384510 -0.247482 -0.048155 0.418008 -0.019015 0.015049 0.074591 0.275847 -0.088784 
1.526841 -0.813930 0.612917 -0.449884 -0.059228 -0.157542 -0.333797 -0.150445 -0.088952 0.424704 0.114249 -0.008097 -0.038521 0.265155 -0.050610 
1.518569 -0.769463 0.422790 -0.500240 -0.105444 -0.088294 -0.246307 -0.108466 -0.069966 0.418563 0.238465 0.000903 -0.178720 0.188451 -0.024661 
1.506939 -0.913689 0.389192 -0.588185 -0.126344 -0.137612 -0.176202 -0.093853 -0.022079 0.385333 0.198920 0.055695 -0.202270 0.146129 -0.073811 
1.483446 -0.946041 0.293746 -0.588833 -0.205055 -0.170608 -0.113314 -0.027156 -0.022054 0.326000 0.154906 0.058595 -0.105332 0.073146 -0.115180 
1.567487 -1.001637 0.307311 -0.659275 -0.207531 -0.128951 -0.156006 0.124739 -0.083873 0.299069 0.155870 0.053645 -0.155454 0.101824 -0.139974 
1.572477 -0.988411 0.303764 -0.678110 -0.184353 -0.115717 -0.126160 0.132664 -0.102754 0.288828 0.158351 0.051144 -0.166796 0.058406 -0.097680 
1.541544 -0.924547 0.243751 -0.638463 -0.152853 -0.090165 -0.085605 0.028342 -0.070309 0.293042 0.208068 0.051002 -0.225018 0.054304 -0.086463 
1.591526 -0.831744 0.144065 -0.609335 -0.114898 -0.049133 -0.120623 0.012958 -0.099983 0.317241 0.252635 0.050295 -0.267728 0.054863 -0.082273 
1.622895 -0.750199 0.077587 -0.636128 -0.097018 -0.007727 -0.111076 0.042080 -0.134409 0.328633 0.296136 0.002418 -0.291330 0.065433 -0.146896 
1.664178 -0.634723 -0.022050 -0.620789 -0.147998 0.057084 -0.150023 0.065355 -0.181285 0.349401 0.323302 -0.048884 -0.202658 0.012561 -0.172169 
1.858143 -0.719877 -0.024761 -0.531432 -0.243360 0.066081 -0.312345 0.148293 -0.170102 0.401819 0.273050 -0.178918 -0.066560 0.055779 -0.118155 
1.908723 -0.600329 -0.210549 -0.440467 -0.262131 0.092397 -0.270284 0.080529 -0.158732 0.372992 0.348590 -0.113057 -0.151508 0.018438 -0.141546 
1.691775 -0.410631 -0.198379 -0.360536 -0.223528 -0.046346 -0.195043 0.190240 -0.099041 0.429064 0.169651 -0.225301 -0.105062 0.051993 -0.148115 
1.190098 -0.306359 -0.408175 -0.354003 -0.346218 0.098992 -0.137678 0.154863 -0.033621 0.397846 0.177751 -0.207859 -0.154568 -0.046643 -0.171502 
1.287025 -0.937484 -0.254867 -0.522489 -0.134244 0.093585 -0.120766 0.124669 -0.193570 0.528759 0.097944 -0.201966 -0.120792 -0.087458 -0.071118 
0.864319 -0.025718 -0.540570 -0.322519 -0.196683 0.131897 -0.107004 0.010195 0.033368 0.493125 0.091604 -0.156916 -0.252507 -0.092319 -0.088560 
0.318530 -0.027160 -0.546669 -0.191031 -0.420607 -0.009929 -0.020883 0.104487 0.037591 0.344205 0.024307 -0.094836 -0.154150 0.003669 -0.141685 
0.133911 -0.191159 -0.491378 -0.081621 -0.332217 0.022794 -0.105843 -0.172807 -0.040841 0.346181 0.134329 0.035399 -0.046280 -0.095932 0.009245 
