city022_014
SENJU
60
-0.580410 -0.139256 0.054103 -0.216512 0.385438 -0.189541 0.172709 -0.048719 0.059678 -0.087879 -0.003335 0.083153 -0.055962 0.033541 -0.034861 
-0.597828 -0.161697 0.326943 -0.278170 0.225809 -0.340550 0.147503 0.033000 0.114173 -0.213706 0.137482 -0.011808 -0.029858 0.000420 -0.002236 
-0.690411 -0.403155 0.375436 -0.102026 0.228216 -0.285018 0.188278 0.047823 0.070774 -0.169798 0.095599 -0.037114 0.065067 -0.012598 -0.096204 
-0.432157 -0.068242 0.425792 -0.057860 0.403277 -0.028487 0.076201 -0.154347 0.090860 -0.050280 0.248847 -0.222120 -0.014264 0.159911 -0.128155 
0.128874 -0.106378 0.319726 -0.166346 0.243915 0.081544 0.182800 -0.079651 0.092550 -0.089031 0.137126 -0.034832 0.025455 0.009219 0.009942 
0.471530 -0.167995 0.747318 -0.223134 0.134964 -0.181072 -0.025640 -0.219384 0.114444 -0.155315 0.043555 -0.046923 -0.014245 0.070382 -0.037025 
0.837045 -0.089834 0.667998 -0.073865 -0.118925 -0.198363 0.051065 -0.153253 0.138377 0.094014 -0.101847 0.149237 0.078435 -0.136173 0.135894 
1.482280 -0.497499 0.851320 0.370372 -0.218575 -0.209531 -0.132763 -0.121313 -0.040835 -0.095513 -0.119889 -0.042789 0.168302 -0.082682 -0.009407 
1.538962 -0.985983 0.797300 0.117702 -0.265756 -0.177871 -0.339399 -0.130700 -0.066038 -0.203412 0.020285 -0.064847 0.198658 -0.012505 0.005919 
1.365500 -0.996814 0.993547 -0.004776 -0.237484 -0.272587 -0.286726 -0.059430 -0.118985 -0.138172 0.033580 -0.030669 0.173681 0.022827 0.009827 
1.338076 -1.112142 1.011179 -0.107358 -0.161310 -0.337508 -0.230865 -0.055636 -0.134154 -0.129163 0.041699 -0.019120 0.177468 0.007412 0.022056 
1.304206 -1.054913 0.936919 -0.184494 -0.127998 -0.312266 -0.183081 -0.081981 -0.203731 -0.061980 0.030202 -0.018298 0.141991 0.028845 0.028518 
1.327867 -1.048830 0.953261 -0.172407 -0.239466 -0.302049 -0.182694 -0.008232 -0.105849 -0.044208 0.071669 0.014086 0.138365 0.022053 -0.003257 
1.375959 -0.985592 0.921131 -0.203935 -0.282589 -0.293189 -0.158823 0.027359 -0.095338 -0.055865 0.105330 0.005192 0.163526 -0.045253 0.013644 
1.418059 -0.949328 0.958226 -0.196519 -0.280278 -0.290395 -0.151053 0.031864 -0.079470 -0.084802 0.126970 -0.007897 0.154993 -0.054275 0.019802 
1.431055 -0.851282 0.948203 -0.087689 -0.293375 -0.290475 -0.177817 0.079361 -0.119048 -0.044069 0.076076 0.037228 0.143430 -0.061161 0.001733 
1.543953 -0.839321 1.035115 -0.033309 -0.284156 -0.283477 -0.182625 0.075194 -0.133551 -0.060387 0.105452 -0.012559 0.198359 -0.104686 0.039284 
1.553941 -0.710130 0.985818 0.070499 -0.259184 -0.243939 -0.183977 0.053758 -0.165343 -0.075382 0.022727 -0.008726 0.173238 -0.119730 0.041203 
1.485744 -0.502837 0.913961 0.138962 -0.219417 -0.163783 -0.183521 0.014427 -0.133639 -0.189893 -0.074082 -0.037620 0.125156 -0.159200 -0.009694 
1.470518 -0.438029 0.967661 0.199032 -0.278230 -0.017684 -0.142294 -0.099069 -0.055819 -0.235561 -0.092807 -0.043572 0.068273 -0.206287 0.066414 
1.268418 -0.231275 0.912628 -0.017317 -0.396992 0.253054 -0.013977 -0.255291 -0.098082 -0.201399 -0.135848 -0.151601 0.024355 -0.158556 0.067497 
1.127585 -0.161823 0.896676 -0.077898 -0.327070 0.358424 -0.109783 -0.312627 -0.089748 -0.220898 -0.147620 -0.151480 0.019507 -0.150162 0.024809 
1.209901 -0.106587 0.933731 -0.074561 -0.318128 0.362386 -0.136144 -0.372698 -0.025913 -0.212954 -0.141439 -0.150079 0.024145 -0.144113 0.005533 
1.167302 -0.100566 0.994427 -0.122843 -0.344112 0.412696 -0.172885 -0.317328 -0.049048 -0.203736 -0.167251 -0.143583 0.029028 -0.157568 0.005723 
1.182765 -0.098483 1.017167 -0.182804 -0.315077 0.384202 -0.167100 -0.276584 -0.066811 -0.212650 -0.173207 -0.143399 0.034613 -0.185147 0.045921 
1.205665 0.019718 1.027494 -0.148438 -0.361502 0.436717 -0.134157 -0.427851 0.087947 -0.286786 -0.109832 -0.167281 0.033948 -0.124039 -0.056377 
1.242797 0.016303 1.057448 -0.173358 -0.304467 0.353414 -0.144979 -0.335757 0.018235 -0.246289 -0.129701 -0.165223 0.029350 -0.145342 -0.013463 
1.114371 0.134719 1.046401 -0.166891 -0.422322 0.423090 -0.129085 -0.314957 0.031975 -0.245740 -0.182752 -0.169782 0.017937 -0.187221 0.025404 
1.171380 0.207254 1.021553 -0.218256 -0.452323 0.424434 -0.056609 -0.331206 0.053145 -0.230311 -0.231139 -0.165594 -0.005787 -0.168715 -0.007742 
1.133539 0.239619 0.957897 -0.084296 -0.357354 0.352797 -0.069573 -0.348565 0.072240 -0.253828 -0.217874 -0.090026 -0.078322 -0.145633 0.006626 
1.184896 0.218350 0.880689 -0.059335 -0.356988 0.499913 -0.132819 -0.363435 0.093056 -0.294376 -0.186234 -0.127331 -0.016619 -0.200662 0.014693 
1.234297 0.246791 0.823759 0.009434 -0.331562 0.413907 -0.091836 -0.326094 0.064046 -0.237010 -0.258516 -0.083361 -0.049674 -0.225680 0.055446 
1.076708 0.221624 0.859865 0.117485 -0.234446 0.383532 -0.062091 -0.425903 0.106650 -0.229035 -0.238931 -0.108138 -0.029525 -0.265499 0.052881 
0.906309 0.084050 0.863088 -0.176513 0.189488 0.359437 -0.297578 -0.082261 -0.170429 -0.098817 -0.107185 -0.265453 0.097332 -0.289778 0.006002 
0.840935 -0.339389 0.905973 -0.234755 0.317835 0.075124 -0.368775 0.153423 -0.127041 -0.129318 0.068580 -0.231821 0.149138 -0.160264 0.036291 
0.563082 -0.208414 1.040601 -0.311646 0.245864 -0.061933 -0.326663 0.245685 -0.136735 -0.095270 0.119504 -0.203277 0.188732 -0.102712 -0.013123 
0.185056 -0.133306 1.303567 -0.288664 0.278852 -0.168332 -0.340732 0.254412 -0.155414 -0.185326 0.029124 -0.087157 0.099077 -0.103163 -0.021163 
0.245176 -0.330831 1.450685 -0.170562 0.167799 -0.127850 -0.201744 0.013834 -0.070231 -0.217764 -0.059025 -0.125962 0.063116 -0.083106 -0.081104 
0.422253 -0.414166 1.541049 -0.239449 0.134387 -0.062488 -0.417161 0.166554 -0.062598 -0.300149 -0.001377 -0.101698 0.134657 -0.113997 -0.100325 
0.805697 -0.611692 1.383367 -0.013612 -0.039763 -0.066759 -0.326455 0.058016 -0.049097 -0.272358 -0.055987 -0.069724 0.126277 -0.161628 0.020540 
1.012941 -0.746466 1.379791 0.141883 -0.133600 -0.072888 -0.353440 0.106401 -0.112995 -0.274212 -0.041664 -0.107800 0.148656 -0.147012 -0.042135 
1.205886 -0.896372 1.387299 0.203913 -0.212300 -0.050039 -0.342443 0.033538 -0.058468 -0.274123 -0.071769 -0.099930 0.171466 -0.140453 -0.049179 
1.318024 -1.011959 1.336536 0.255805 -0.320479 0.022280 -0.391591 -0.009068 0.006427 -0.392801 0.019761 -0.120865 0.091940 -0.038256 -0.070720 
1.286438 -1.026650 1.250977 0.109501 -0.228377 -0.016924 -0.384853 -0.078865 0.055571 -0.327831 0.004069 -0.117162 0.078303 0.083436 -0.146851 
1.301456 -0.992286 1.251239 0.127654 -0.217263 -0.067695 -0.417890 -0.047570 0.037471 -0.358889 0.033730 -0.162152 0.143386 0.065443 -0.163264 
1.322263 -0.919714 1.240249 0.085683 -0.142250 -0.166585 -0.375103 -0.068026 -0.010809 -0.269146 -0.010284 -0.159134 0.177392 0.061719 -0.138315 
1.405361 -0.879427 1.138664 0.100021 -0.136072 -0.152626 -0.396534 -0.076570 -0.071662 -0.172900 -0.022568 -0.220344 0.220744 0.059052 -0.117508 
1.385942 -0.819917 1.074956 0.124927 -0.109100 -0.172285 -0.424043 -0.083406 -0.082877 -0.138551 -0.066885 -0.219895 0.214175 0.108350 -0.165689 
1.495077 -0.819536 1.045708 0.134923 -0.126062 -0.137345 -0.468226 -0.070885 -0.080156 -0.141814 -0.036400 -0.267005 0.263352 0.092738 -0.168300 
1.522161 -0.755518 0.937507 0.134006 -0.134829 -0.102319 -0.505572 -0.089483 -0.050611 -0.172320 -0.010047 -0.292760 0.266330 0.106179 -0.174254 
1.487256 -0.665184 0.921531 0.091531 -0.034680 -0.175586 -0.509693 -0.061508 -0.096016 -0.118973 -0.029625 -0.316014 0.312456 0.088378 -0.159227 
1.431595 -0.536678 0.923265 0.062874 0.039244 -0.216294 -0.490438 -0.083036 -0.115448 -0.075704 -0.082372 -0.241393 0.245078 0.098061 -0.080714 
1.465457 -0.448383 0.936473 0.024553 -0.092206 -0.060035 -0.623631 -0.014473 -0.137713 -0.169640 0.060104 -0.386123 0.344080 0.098087 -0.197099 
1.450619 -0.316900 0.923447 0.060686 -0.128471 -0.055866 -0.550306 -0.075157 -0.161383 -0.137907 0.061598 -0.377624 0.344203 0.064564 -0.135360 
1.342247 -0.096055 0.801563 0.146232 -0.027349 -0.094800 -0.493453 -0.181428 -0.090609 -0.051351 -0.075063 -0.333053 0.332149 0.066424 -0.110349 
1.412652 -0.143106 0.605168 0.148332 0.031062 -0.251612 -0.425004 -0.137548 -0.107657 0.047863 -0.053543 -0.263093 0.301451 0.148376 -0.103219 
1.201473 -0.439956 0.420548 0.244801 -0.068829 -0.292940 -0.440670 -0.163312 -0.126830 -0.009375 -0.042657 -0.290902 0.333988 0.097085 -0.033257 
0.492669 0.036261 0.425019 0.136449 -0.024836 -0.320786 -0.447171 -0.163801 -0.109859 -0.032494 -0.130839 -0.224168 0.411313 0.001051 -0.071519 
0.820033 0.197268 0.189088 0.132074 0.010784 -0.252427 -0.310466 -0.115159 -0.054599 0.042351 0.033404 -0.208099 0.252673 0.038052 -0.011161 
0.100672 -0.017091 0.219464 0.101784 -0.025115 -0.204265 -0.391621 -0.260328 -0.157112 0.111150 0.004024 -0.300722 0.304268 0.065118 0.053277 
