city022_022
NIHONBASHI
87
-0.408719 0.015459 -0.053709 -0.022704 -0.092472 -0.070327 0.067562 -0.201457 -0.083164 0.074000 0.108430 -0.038381 -0.044529 0.036709 0.066446 
0.619607 0.430719 0.478907 0.084469 -0.138348 0.083095 -0.029406 -0.165775 -0.028245 -0.152011 -0.123432 -0.043297 0.017430 -0.196721 0.124388 
1.016292 0.249903 0.766757 0.165302 -0.214545 0.078891 -0.016653 -0.165742 -0.002298 -0.318123 -0.125359 -0.037157 -0.155212 -0.170079 0.055490 
1.082249 0.241963 0.878612 0.144424 -0.162986 0.082517 -0.121894 0.030944 -0.093341 -0.289227 -0.097158 -0.028689 -0.160614 -0.224275 0.117412 
0.905052 0.293416 1.048812 -0.278263 0.080991 0.102295 -0.335341 0.084418 -0.128994 -0.299519 0.036809 -0.135921 -0.097470 -0.065166 0.056003 
0.838663 0.270489 1.339823 -0.376971 -0.173401 0.292669 -0.399782 0.111391 -0.153917 -0.309365 0.183420 -0.276270 -0.083063 0.054479 -0.039683 
0.878342 0.050550 1.469871 -0.393477 -0.187139 0.304217 -0.423029 0.133058 -0.159498 -0.340808 0.252583 -0.303769 -0.063897 0.052898 -0.017049 
0.946280 -0.108429 1.610721 -0.322675 -0.266872 0.306791 -0.381164 0.067890 -0.132395 -0.339049 0.274780 -0.295604 -0.046938 0.042230 0.024020 
0.890633 -0.243804 1.620371 -0.134063 -0.355705 0.264657 -0.302063 0.005258 -0.170849 -0.219970 0.199908 -0.247721 0.004781 0.050317 0.007654 
0.989622 -0.460547 1.653898 0.021368 -0.422215 0.122095 -0.224921 0.055067 -0.316416 -0.125655 0.264825 -0.300243 0.067786 0.112501 -0.016867 
1.149883 -0.250609 1.100769 -0.086290 -0.342545 -0.099872 -0.032519 0.002489 -0.340510 0.052006 0.183121 -0.251723 0.088642 0.098328 0.006227 
1.334452 -0.753567 0.505371 0.248437 -0.104469 -0.204564 0.176001 -0.061145 -0.325125 0.133519 0.147792 -0.243549 0.094931 -0.001152 -0.019161 
1.474528 -0.169322 0.325146 -0.006854 -0.076169 -0.120440 0.060268 -0.181334 -0.177746 0.113863 -0.004197 -0.164891 0.201036 -0.114789 0.032785 
1.373337 0.199667 0.145357 -0.135843 0.185771 0.049294 0.112205 -0.345893 -0.217000 0.238304 0.057828 -0.045163 0.078813 -0.137671 0.014400 
1.168203 -0.084518 -0.004060 -0.229409 0.267061 0.188019 0.093126 -0.132388 -0.245029 0.031565 0.086596 0.064938 0.052369 -0.178149 0.006167 
1.454035 0.126909 -0.054706 -0.219016 0.199159 0.154525 0.030839 -0.009791 -0.064311 0.042608 0.094625 -0.061451 0.091655 -0.102324 0.046802 
1.598647 0.240716 0.188979 -0.036092 0.111962 0.232197 0.229984 0.098096 -0.182720 -0.059382 -0.017744 -0.088728 0.102471 -0.023172 0.018026 
1.844623 0.363247 0.068562 -0.281681 0.059745 0.014856 0.326464 0.019348 -0.271048 -0.054919 -0.175604 -0.059765 0.136279 -0.029426 0.116556 
2.117184 0.459138 0.108364 -0.587981 -0.115715 0.000315 0.210076 0.064977 -0.247243 0.070027 -0.080355 -0.105476 0.265434 0.004236 0.057848 
2.049627 -0.335155 0.178915 -0.593864 -0.234643 -0.056477 -0.051446 0.135735 -0.086690 -0.026242 -0.070220 -0.092652 0.214751 -0.079156 0.111307 
1.908281 -0.671071 0.125819 -0.574485 0.021902 -0.203300 -0.069254 0.254305 -0.003705 -0.011557 -0.023822 -0.160570 0.207680 -0.102432 0.015450 
2.110846 -0.684899 0.085914 -0.556696 -0.058295 -0.226086 -0.041498 0.228159 0.018958 -0.090783 -0.025851 -0.152206 0.191104 -0.044995 0.056354 
2.028469 -0.376220 0.113974 -0.544309 -0.110503 -0.159621 -0.212017 0.240031 0.042196 -0.152417 -0.023757 -0.089730 0.159716 -0.054856 0.072269 
1.990173 -0.427452 0.268479 -0.473000 -0.184742 -0.104912 -0.313655 0.199265 -0.019875 -0.076281 0.062614 -0.100828 0.190007 -0.069866 0.031705 
2.016541 -0.543413 0.248283 -0.415840 -0.220956 -0.110970 -0.241153 0.105662 0.040782 -0.024241 0.043861 -0.060595 0.180726 -0.063390 -0.008868 
1.990430 -0.560061 0.374647 -0.412270 -0.253483 -0.083778 -0.285902 0.060027 0.061753 0.009960 0.047037 -0.116512 0.259187 -0.119512 0.003732 
1.887920 -0.469992 0.449919 -0.353634 -0.258845 -0.089598 -0.301353 0.016483 0.027682 0.081231 0.032896 -0.075932 0.273960 -0.129743 -0.000447 
1.885408 -0.395486 0.543734 -0.349099 -0.221611 -0.131504 -0.202749 -0.007054 -0.013365 0.136994 0.026207 -0.048473 0.292488 -0.189039 0.041680 
1.794665 -0.200836 0.709326 -0.377104 -0.415115 -0.088681 -0.044866 -0.110560 -0.046353 0.119571 0.016689 -0.028774 0.208120 -0.134245 0.074571 
1.838140 -0.221010 0.878604 -0.467475 -0.609167 0.097462 -0.020637 -0.183296 0.010324 0.016712 -0.042411 -0.032734 0.094226 -0.061187 0.115977 
1.627354 -0.407557 0.853284 -0.384844 -0.464320 0.257149 -0.026715 -0.175001 0.003371 -0.077557 -0.025360 -0.024758 0.074155 -0.068837 0.123428 
1.312872 -0.276164 0.992568 -0.304397 -0.412266 0.322651 0.033644 -0.127970 -0.045569 -0.156769 -0.089864 -0.103160 -0.003473 -0.064642 0.106873 
1.349976 -0.327136 1.039840 -0.337886 -0.388729 0.348136 0.032285 -0.138325 -0.121397 -0.148651 -0.120183 -0.137519 0.033510 -0.095364 0.131134 
1.364354 -0.339003 1.043353 -0.348963 -0.373873 0.350498 0.023693 -0.110784 -0.134460 -0.161326 -0.118970 -0.135176 0.027749 -0.107148 0.156763 
1.326778 -0.302920 1.006079 -0.320767 -0.405635 0.366801 0.016848 -0.120713 -0.121554 -0.168960 -0.125249 -0.106557 -0.012515 -0.063107 0.126837 
1.373640 -0.307358 1.020997 -0.314598 -0.469249 0.350601 0.046009 -0.055788 -0.142511 -0.181836 -0.156368 -0.169113 -0.000759 -0.111693 0.194522 
1.349951 -0.244411 1.000098 -0.312665 -0.461871 0.328716 0.088514 -0.099182 -0.124924 -0.136660 -0.179005 -0.163425 0.003438 -0.094735 0.155772 
1.345160 -0.266933 0.958261 -0.304455 -0.425531 0.340830 0.072838 -0.123695 -0.111722 -0.134633 -0.152874 -0.129879 0.018209 -0.067815 0.111603 
1.457813 -0.286937 0.949942 -0.298084 -0.491487 0.408163 0.084705 -0.095126 -0.108305 -0.156787 -0.176639 -0.173277 0.041467 -0.071584 0.111800 
1.458858 -0.277239 0.880536 -0.264874 -0.473686 0.440650 0.177260 -0.146222 -0.137816 -0.182008 -0.219636 -0.199115 0.089296 -0.055249 0.080811 
1.498250 -0.324038 0.886102 -0.245508 -0.482773 0.444779 0.235569 -0.125148 -0.180033 -0.177374 -0.247775 -0.245516 0.130467 -0.076921 0.111113 
1.453654 -0.226491 0.782410 -0.106420 -0.576683 0.454414 0.299905 -0.172238 -0.160439 -0.174585 -0.301012 -0.248824 0.080200 -0.045409 0.081400 
1.455087 -0.147531 0.729717 -0.084421 -0.520888 0.395701 0.344139 -0.156924 -0.218028 -0.097775 -0.304928 -0.286915 0.122741 -0.066974 0.059299 
1.333367 0.053041 0.546039 0.063665 -0.540179 0.349683 0.432305 -0.166756 -0.157633 -0.169852 -0.281994 -0.301335 0.016139 0.034221 0.001037 
1.225020 0.254853 0.382241 0.022101 -0.320545 0.267181 0.453557 -0.124525 -0.209151 -0.129965 -0.214246 -0.270855 0.060825 0.079815 -0.069622 
1.729062 0.123993 0.198258 -0.482656 -0.190335 0.149686 0.014329 -0.190260 -0.266451 -0.211590 0.044179 0.019993 0.174105 0.086464 0.020917 
1.790884 -0.587096 0.244227 -0.534622 -0.205810 0.033948 -0.019082 -0.173320 -0.348295 -0.097950 0.187322 0.007966 0.271483 0.054651 0.022712 
1.545670 -0.985073 0.311673 -0.615210 -0.125704 -0.182330 0.005286 -0.227136 -0.219541 0.071435 0.307971 0.139640 0.118074 0.011175 -0.007794 
1.619238 -1.150706 0.331794 -0.631647 -0.154191 -0.152805 -0.003979 -0.191056 -0.114577 0.166456 0.272358 0.063058 0.058676 0.035330 -0.089370 
1.475993 -1.084905 0.337791 -0.662173 -0.155889 -0.103289 -0.047989 -0.145463 -0.026476 0.164979 0.321696 0.048484 -0.077914 -0.010389 -0.034650 
1.377609 -1.184345 0.280701 -0.681292 -0.104909 -0.128501 -0.048812 -0.171095 0.032114 0.183479 0.324348 0.083179 -0.132025 -0.050537 -0.017450 
1.404362 -1.118070 0.266747 -0.621550 -0.138406 -0.172925 0.000881 -0.184309 0.019314 0.259153 0.298389 0.043953 -0.133887 -0.029875 -0.047059 
1.496724 -1.022530 0.324441 -0.573815 -0.067844 -0.246765 -0.012299 -0.186483 -0.041187 0.389773 0.265878 -0.042210 -0.061817 -0.045505 -0.007306 
1.495388 -0.893540 0.399814 -0.533067 -0.017906 -0.216577 -0.151375 -0.181984 -0.039352 0.410732 0.239334 -0.093040 0.001479 -0.000189 0.063128 
1.587932 -0.866882 0.558389 -0.523886 0.067033 -0.234356 -0.283882 -0.276289 0.008894 0.284747 0.188722 -0.127308 0.163659 0.032014 0.140692 
1.703853 -0.805436 0.435460 -0.300041 0.024804 -0.205236 -0.353024 -0.258115 -0.014857 0.159086 -0.034853 -0.066952 0.291658 -0.015101 0.059920 
0.919669 -0.414228 0.531460 -0.174499 0.192489 -0.439321 -0.146343 -0.289935 0.067746 0.117292 -0.188759 -0.034335 0.212856 0.042706 -0.041390 
0.092899 0.287742 0.461615 -0.367403 0.445259 -0.198091 0.113331 -0.061235 -0.042546 0.065725 -0.051343 0.039624 -0.049979 0.030298 0.012000 
-0.125159 0.170478 0.469705 -0.402213 0.440184 -0.173872 0.201625 -0.166017 0.007713 0.119826 -0.064488 -0.034764 0.100881 -0.110000 0.080808 
-0.532357 -0.296037 0.379240 -0.601999 0.339993 -0.520418 0.071153 0.038098 0.067270 0.018422 0.003441 0.059534 -0.045293 0.022876 -0.029222 
-0.896132 -0.564404 0.543117 -0.496502 0.447306 -0.367093 0.145262 0.086075 -0.108307 0.070916 -0.098080 0.095481 -0.017444 -0.055667 0.060022 
-1.020805 -0.346098 0.399224 -0.538142 0.443930 -0.597571 0.179816 0.155857 -0.124511 0.086895 -0.062248 0.069681 -0.021285 -0.047782 0.041586 
-0.915142 -0.417444 0.423038 -0.531918 0.604176 -0.278519 0.104675 0.209257 -0.190775 -0.091037 0.105850 0.075247 -0.090009 0.027531 -0.028032 
-0.841256 -0.011943 0.613400 -0.626760 0.500902 -0.294110 0.249033 0.064989 -0.078584 0.102831 -0.136225 0.104043 0.002564 -0.074751 0.074021 
-0.958928 -0.385749 0.691430 -0.705366 0.664980 -0.370849 0.210456 0.227443 -0.229311 0.063427 -0.068469 0.075868 0.083979 -0.175874 0.167167 
-1.061853 -0.529395 0.667996 -1.037433 0.385105 -0.392848 0.072799 0.159367 -0.099930 0.330371 -0.196800 -0.037532 0.103183 -0.132438 0.020734 
-1.011274 -0.457637 0.769068 -0.702190 0.167495 -0.477285 0.100818 0.242116 -0.157178 0.128418 -0.028795 0.067900 -0.008866 -0.112546 0.045477 
-0.138496 -0.271170 1.169116 -0.295121 0.235969 -0.461296 -0.004570 0.091562 -0.251600 -0.014589 -0.066019 0.028031 0.069003 -0.160709 0.120806 
0.406143 -0.295240 1.387450 -0.019396 -0.081169 -0.239605 -0.037457 0.024832 -0.291309 -0.063092 -0.064027 -0.012958 0.000466 -0.125687 0.079619 
0.567186 -0.471143 1.495827 0.039147 -0.151316 -0.114025 -0.082129 -0.014184 -0.213424 -0.223366 0.016661 -0.094964 -0.041126 -0.145103 0.106243 
0.747819 -0.593010 1.572117 -0.004499 -0.249294 -0.025337 -0.113616 -0.051704 -0.181225 -0.267021 0.084281 -0.139957 -0.029464 -0.135541 0.128977 
0.769166 -0.627551 1.725909 0.023049 -0.338686 0.063248 -0.177207 0.002607 -0.215342 -0.217245 0.092715 -0.113381 -0.039699 -0.093154 0.145934 
0.798323 -0.716242 1.745145 0.020667 -0.339959 0.120385 -0.194556 0.011409 -0.213296 -0.225353 0.101828 -0.153782 -0.059447 -0.074229 0.131227 
0.758707 -0.615449 1.727428 0.046505 -0.348372 0.135517 -0.152699 -0.040562 -0.192988 -0.197352 0.050860 -0.115323 -0.103416 -0.050085 0.132829 
0.777870 -0.591368 1.765881 0.045062 -0.362284 0.163126 -0.174776 -0.033399 -0.190709 -0.222328 0.078041 -0.126744 -0.116308 -0.042079 0.147327 
0.725250 -0.496409 1.730481 0.010141 -0.343201 0.222845 -0.198927 -0.048779 -0.157165 -0.257009 0.086923 -0.160831 -0.137707 -0.013705 0.087216 
0.746363 -0.381724 1.677716 0.034862 -0.329385 0.260910 -0.234490 -0.007779 -0.196529 -0.258341 0.108499 -0.210844 -0.162052 0.038286 0.035417 
0.622400 -0.110374 1.621354 0.014364 -0.278494 0.246221 -0.187118 -0.041377 -0.166396 -0.282384 0.115751 -0.226252 -0.169837 0.019243 0.031016 
0.696403 0.016883 1.566319 0.000565 -0.227334 0.263724 -0.186315 -0.040782 -0.171591 -0.245162 0.094093 -0.261376 -0.137636 0.027682 -0.019678 
0.567593 0.198681 1.596068 0.012882 -0.238432 0.259383 -0.194430 -0.037020 -0.185783 -0.244936 0.122581 -0.276971 -0.107096 0.044894 -0.020978 
0.612149 0.181696 1.458150 0.055769 -0.254779 0.229394 -0.202852 -0.040703 -0.178200 -0.272720 0.117344 -0.260163 -0.112747 0.011282 0.011041 
0.540510 0.392855 1.227249 0.088891 -0.224741 0.089882 -0.044586 -0.121829 -0.285299 -0.133366 -0.005538 -0.292910 -0.100889 0.006389 -0.021243 
0.009876 0.286959 1.102243 0.047645 -0.199211 0.207057 -0.093826 -0.180565 -0.238945 -0.143922 -0.039775 -0.343300 -0.041109 -0.050055 -0.056682 
0.164919 0.060196 1.327760 0.047341 -0.215427 0.160596 -0.078887 -0.089093 -0.317732 -0.087188 0.008034 -0.395540 0.037406 -0.094891 -0.017726 
0.226851 0.328135 1.060814 -0.031046 -0.187389 0.133418 -0.009152 -0.226557 -0.236576 -0.109417 -0.102943 -0.266175 -0.046910 -0.084530 -0.006064 
-0.094377 0.320510 0.430374 0.342826 0.025691 -0.075979 -0.176366 -0.080633 -0.251096 -0.199601 0.024457 -0.238515 -0.128221 0.003603 0.019659 
-0.380174 -0.026350 0.858678 0.322215 -0.180875 -0.021703 0.009469 -0.302544 -0.088321 -0.073986 -0.163587 -0.141012 -0.024581 -0.067529 0.034005 
