city022_066
PESUTO
55
-0.394197 -0.139893 0.154186 0.109733 -0.032192 0.162107 0.006261 0.062927 -0.063764 0.049114 0.018994 -0.032247 0.015152 0.060674 -0.109391 
0.435746 0.021594 0.322577 0.174159 0.199723 0.065031 -0.194979 0.189479 0.015591 -0.062533 0.089373 -0.058589 0.015722 0.052505 -0.076472 
1.358081 -0.079013 0.352670 -0.003782 0.045400 0.018289 -0.047317 0.088238 0.045812 0.046620 -0.019680 -0.047507 0.091948 -0.008317 -0.091240 
1.519189 -0.593327 0.692149 -0.108069 0.030684 0.169680 -0.103908 -0.014900 -0.173562 -0.030941 -0.102102 -0.109415 0.092813 -0.091075 -0.044545 
1.418021 -0.976097 1.092935 -0.036724 -0.255509 -0.284611 -0.355849 0.056107 -0.190602 -0.090299 -0.036027 0.040851 0.195483 -0.013710 0.010007 
1.336217 -1.071465 0.756967 -0.152471 -0.078624 -0.246611 -0.272185 -0.140154 -0.186273 -0.149375 -0.017157 0.093451 0.082883 0.058616 0.003660 
1.447212 -1.130680 0.663153 -0.301495 -0.035815 -0.159490 -0.281877 -0.114149 -0.331098 -0.099615 -0.048499 0.186929 0.148586 -0.043767 0.059952 
1.372692 -1.114220 0.671126 -0.337256 -0.020646 -0.154756 -0.276801 -0.121334 -0.334726 -0.118850 -0.041292 0.223228 0.137513 -0.055118 0.058054 
1.387966 -1.023121 0.664315 -0.352203 -0.020438 -0.156247 -0.279174 -0.093528 -0.342371 -0.127832 -0.059785 0.187400 0.147205 -0.029697 0.040842 
1.392806 -1.049163 0.720564 -0.329437 -0.060832 -0.139301 -0.279227 -0.089973 -0.336862 -0.140487 -0.082991 0.190747 0.134654 -0.024743 0.030447 
1.511822 -0.911850 0.857173 -0.213743 -0.222920 -0.198114 -0.289059 -0.020549 -0.248696 -0.183351 -0.074482 0.062835 0.142697 0.010582 -0.018831 
1.518620 -0.763088 0.961396 0.049096 -0.178706 -0.284630 -0.344797 0.003708 -0.242348 -0.046095 -0.249390 0.118235 0.159839 -0.102910 0.054002 
1.034454 -0.545813 0.688360 0.008609 -0.050070 -0.269005 -0.184823 -0.190493 -0.050016 -0.059202 -0.264026 0.101179 0.131896 -0.078835 -0.003177 
0.753903 0.062881 0.383553 0.076331 0.148026 -0.308055 0.113237 -0.045072 0.157633 -0.087111 -0.123812 0.129956 0.047838 -0.108807 0.025688 
-0.166099 -0.085093 0.448128 0.051965 0.255021 -0.280833 0.296777 -0.327380 -0.029690 0.059433 -0.070012 -0.012075 0.007210 -0.124945 0.134009 
-0.254790 0.057073 0.602955 -0.106042 0.334486 -0.279463 0.334152 -0.122911 0.046440 -0.019501 0.035000 0.054677 -0.102090 0.067918 0.028552 
-0.625113 -0.282030 0.217889 -0.192522 0.204615 -0.325734 0.246443 -0.170734 0.144790 -0.069462 -0.098467 0.212363 -0.140864 -0.015902 0.077843 
-0.796714 -0.322327 0.174260 -0.329753 0.288587 -0.123613 0.351885 -0.281402 0.038338 -0.016935 0.019069 0.027286 0.010670 -0.047852 0.045084 
-0.862219 -0.196273 0.127032 -0.268305 0.070247 -0.333506 0.415508 -0.321923 0.086140 0.102933 -0.018146 -0.052726 -0.004945 0.067895 -0.037993 
-0.818580 -0.346582 0.126776 -0.276727 0.133391 -0.310697 0.361375 -0.249022 0.062783 0.050403 0.006212 -0.004083 -0.090128 0.140793 -0.090409 
-0.727098 -0.279764 0.270481 -0.221114 0.193281 -0.443676 0.282965 -0.172259 -0.002537 0.107555 -0.029241 -0.024388 0.012098 0.041411 -0.046987 
-0.721418 -0.052436 0.250156 -0.397009 0.225919 -0.496880 0.041714 -0.133586 0.030597 0.053244 0.073757 0.020952 -0.007192 0.047896 0.031087 
-0.836825 -0.159270 0.034648 -0.383227 0.235671 -0.323536 0.176264 -0.099890 -0.048423 0.074162 0.084935 -0.010385 -0.088321 0.033305 0.048331 
-0.806455 -0.274299 0.211139 -0.394732 0.199381 -0.237901 0.030018 -0.014199 -0.010485 0.076779 0.008229 -0.004776 -0.066950 0.093805 -0.072389 
-0.588590 -0.202934 -0.016746 -0.134108 0.167186 -0.052147 0.072671 -0.138566 -0.035751 0.160099 -0.085570 0.012347 -0.001960 -0.018368 0.025861 
-0.597373 -0.172061 0.088583 -0.041194 0.091278 0.002045 0.018660 -0.076932 -0.138646 0.170817 0.016813 -0.068770 -0.031492 0.059602 -0.012752 
-0.445562 -0.194212 -0.077819 0.040712 0.017520 0.030139 0.085732 -0.024208 -0.052193 -0.114182 0.133571 0.047875 -0.101611 0.007594 0.017915 
-0.524585 -0.256823 -0.154364 0.061300 0.025278 0.018756 -0.036198 -0.022341 -0.006004 0.006003 0.059950 -0.062609 0.001836 0.044089 -0.067723 
-0.553114 -0.280487 -0.072644 0.088209 -0.053835 0.120121 0.030880 -0.035686 -0.078559 0.034913 0.062484 -0.042707 -0.028336 0.066250 -0.069505 
-0.399607 -0.261282 -0.076641 0.123199 0.020864 0.065724 -0.076843 0.041361 -0.043737 0.054142 0.037800 -0.103570 0.014913 0.116388 -0.141642 
-0.394731 -0.043238 -0.126554 0.037882 -0.018732 -0.061718 0.046028 0.084589 -0.083711 0.014408 0.065911 -0.091271 0.014705 0.081530 -0.107573 
-0.240051 0.077077 0.079305 0.007632 -0.002449 0.243027 -0.006811 0.000817 -0.099484 0.004925 0.086050 -0.023149 -0.028483 0.056601 -0.087352 
-0.300774 -0.147084 0.019746 0.014569 -0.008859 0.099460 0.027565 -0.065329 -0.110396 -0.027595 0.165112 -0.069850 -0.024265 0.022935 -0.050755 
0.043877 0.115552 -0.062695 0.019285 -0.093986 0.054119 0.043561 0.168799 0.032886 -0.093560 0.052298 -0.051094 0.013241 0.045009 -0.080243 
-0.118791 0.022024 -0.043043 0.085374 0.024623 0.105927 -0.050847 -0.120404 -0.093504 0.048920 0.090885 -0.092624 0.027910 -0.035063 -0.011557 
-0.221606 -0.232018 -0.002151 -0.187533 0.019293 0.035400 -0.073648 0.071800 0.007239 0.050907 -0.063605 -0.005529 0.004524 0.017483 -0.026721 
0.194227 -0.820026 0.364786 -0.584313 0.197660 -0.147046 -0.130378 0.092376 -0.156671 0.194963 -0.010135 0.054900 -0.021665 -0.079977 0.086900 
0.058345 -0.638853 0.418579 -0.334505 0.311246 -0.211919 -0.178043 0.016414 -0.058865 0.104638 -0.059995 0.084107 -0.104842 0.055813 0.079148 
1.445435 -0.443479 0.385027 -0.338928 0.051891 0.038874 -0.181660 -0.134304 -0.299936 -0.000774 0.105079 -0.136999 0.058537 0.087370 -0.090082 
1.744455 -0.379554 0.419623 -0.596662 -0.192538 0.189901 -0.216041 -0.152573 -0.426675 -0.108441 0.332065 -0.053877 0.118469 0.250701 -0.190675 
1.831482 -0.379907 0.448295 -0.655971 -0.252633 0.178608 -0.200205 -0.066927 -0.375654 -0.133880 0.300493 -0.075043 0.131962 0.281706 -0.152840 
1.759412 -0.270483 0.488489 -0.686568 -0.352048 0.125799 -0.165797 -0.036354 -0.321826 -0.090169 0.253688 0.000389 0.090490 0.320771 -0.084165 
1.856963 -0.383484 0.467918 -0.657238 -0.442440 0.013480 -0.164085 0.007097 -0.237088 -0.067083 0.153953 0.009826 0.044259 0.306068 -0.000464 
1.888482 -0.333152 0.435792 -0.676584 -0.505411 -0.018126 -0.094211 0.006554 -0.168496 -0.103560 0.122686 -0.020166 0.008512 0.344441 0.012830 
1.892534 -0.194757 0.487466 -0.752630 -0.560735 0.058196 -0.104586 0.050371 -0.107375 -0.164035 0.141714 -0.081497 -0.012677 0.366008 -0.015305 
1.816576 -0.147022 0.511494 -0.803348 -0.589759 0.086606 -0.113426 0.113740 -0.090248 -0.138856 0.149504 -0.117296 -0.022822 0.348316 -0.020765 
1.808247 -0.043218 0.469982 -0.814960 -0.594321 0.068780 -0.100776 0.111570 -0.095251 -0.098148 0.134312 -0.115089 -0.004346 0.342212 -0.031878 
1.666589 0.108854 0.459696 -0.790317 -0.695356 0.094098 -0.150815 0.131746 -0.102325 -0.103667 0.152257 -0.162016 0.012286 0.356966 -0.016286 
1.624295 0.136759 0.454079 -0.825077 -0.767779 0.083851 -0.149186 0.141025 -0.059333 -0.139126 0.177654 -0.194857 -0.031044 0.429496 -0.040209 
1.720231 0.066412 0.403981 -0.734337 -0.656860 -0.013122 -0.106676 0.120895 -0.139203 -0.120162 0.180202 -0.256798 0.057338 0.323564 -0.021310 
1.354704 0.094531 0.417239 -0.924501 -0.551376 -0.011991 -0.186172 0.206494 -0.061652 -0.026337 0.065015 -0.135505 0.050529 0.150098 0.039810 
1.197142 0.340257 0.257021 -0.870483 -0.640763 -0.029908 -0.100548 0.138210 -0.104471 -0.108384 0.152129 -0.237220 0.124539 0.344333 -0.026286 
1.368992 0.176953 0.334707 -0.840417 -0.559081 -0.031315 -0.047942 0.110533 -0.154901 -0.072977 0.105906 -0.194894 0.084383 0.353619 -0.064707 
0.847067 0.489107 -0.131779 -0.680542 -0.559632 -0.208896 0.081434 0.080432 -0.149615 -0.038620 0.032869 -0.062786 0.152567 0.266369 0.113528 
0.501792 0.353320 0.011272 -0.410361 -0.417897 -0.107698 -0.037834 -0.023413 -0.126857 0.046762 0.075247 0.017354 0.080692 0.099164 -0.022872 
