city022_009
KESENNUMA
81
-0.490365 -0.113875 0.333420 0.162239 -0.119248 0.028790 -0.132085 -0.293774 0.107637 -0.021928 0.017537 -0.116617 0.024532 0.056077 0.035093 
0.342471 -1.027323 0.669367 -0.407745 -0.285759 -0.120184 -0.054672 -0.097064 0.122111 0.212383 -0.025296 -0.063103 0.148738 -0.117367 0.013350 
0.355199 -1.005537 0.598085 -0.467499 -0.121962 0.032199 -0.062665 -0.111498 0.061397 0.088935 0.004689 0.009688 0.040446 -0.122958 0.126531 
0.542304 -0.184008 0.940420 -0.263748 -0.318643 0.207491 0.038948 -0.062824 0.121007 0.094214 -0.021539 -0.011929 0.112935 -0.133121 0.069090 
0.881967 -0.486494 1.193694 0.076761 -0.275706 0.015178 -0.017227 -0.003013 -0.090139 -0.030228 0.088032 -0.096637 0.101740 -0.086674 0.063090 
1.042291 -0.768644 1.381548 -0.015508 -0.308342 -0.267531 -0.149815 -0.074352 -0.307991 -0.081556 0.061237 -0.132038 0.199890 -0.089127 0.116809 
1.180858 -0.658507 1.133111 0.018136 -0.311809 -0.192747 -0.260205 -0.078102 -0.277768 -0.155085 0.038833 -0.092866 0.103175 -0.002310 0.060443 
1.276507 -0.916218 1.065371 0.007603 -0.191767 -0.268564 -0.219440 -0.058460 -0.272398 -0.192895 0.080976 -0.155180 0.166864 -0.075055 0.057493 
1.182174 -0.851326 1.109281 0.191912 -0.309999 -0.269407 -0.233051 0.008786 -0.255449 -0.157281 0.013151 -0.068264 0.168471 -0.091931 0.032387 
1.298781 -0.791351 1.127686 0.188805 -0.232855 -0.358673 -0.160713 -0.059918 -0.185057 -0.139285 -0.027977 -0.032579 0.198369 -0.108306 0.046177 
1.440469 -0.806490 0.832981 0.143306 -0.133675 -0.286588 -0.161162 -0.076716 -0.159858 -0.030001 -0.078779 -0.057386 0.203980 -0.118725 0.017244 
1.296548 -0.598591 0.698603 0.241653 -0.155462 -0.307721 -0.116829 -0.146799 -0.123011 -0.129041 -0.167030 0.032068 0.147498 -0.158174 0.038499 
1.030112 0.007087 0.563324 -0.051250 0.016271 -0.149806 -0.113327 0.053504 0.047805 -0.224275 0.008617 0.052445 -0.015474 -0.088174 0.075678 
0.305458 -0.094493 0.572849 0.190943 -0.070931 -0.029960 0.066560 0.021910 -0.051929 -0.054549 0.003289 0.019836 0.019823 -0.140400 0.124475 
0.092236 -0.098480 0.588660 0.167269 0.139118 0.112579 0.012823 -0.053816 0.004119 -0.018917 0.046944 -0.037990 -0.042011 -0.002962 0.010596 
-0.117308 -0.201777 0.688774 0.175656 -0.068673 0.078213 -0.066995 0.146303 -0.036083 -0.046826 0.021011 0.032437 0.022897 -0.096277 0.060115 
-0.063789 -0.373040 0.556683 0.183807 -0.059715 0.153665 0.130454 -0.061660 0.050443 -0.021969 0.103078 -0.013995 -0.031266 0.017808 0.060802 
-0.039400 -0.443588 0.487817 0.084884 -0.101189 0.086041 0.084484 -0.102888 -0.018522 0.039090 0.023711 -0.059463 0.059126 -0.066763 0.067945 
-0.089464 -0.271767 0.526444 0.094939 -0.092792 0.060010 0.204225 -0.040204 0.078052 -0.036573 0.079833 -0.051388 0.075711 -0.068828 0.095693 
0.413969 -0.410367 0.309404 -0.383778 -0.162081 -0.197084 0.067952 -0.173000 -0.005272 -0.007625 0.205799 -0.082171 0.112470 -0.030849 0.041487 
0.709775 -0.414470 0.525464 -0.180676 0.021358 -0.105530 -0.057698 0.020182 0.028903 -0.097119 -0.005840 0.054633 0.027974 -0.104543 0.088900 
1.541778 -0.946587 0.708951 0.293332 -0.119572 -0.189719 -0.264510 -0.183588 0.018583 -0.112413 -0.162431 -0.118083 0.189792 -0.000652 -0.079806 
1.595621 -1.009701 0.866811 0.140200 -0.184892 -0.222813 -0.383088 -0.090704 -0.055679 -0.152069 -0.074657 -0.122324 0.295938 -0.032063 -0.053249 
1.554575 -1.082515 0.849721 -0.100791 -0.137643 -0.222791 -0.302043 -0.091010 -0.142518 -0.146968 0.002822 -0.046921 0.193680 0.011251 -0.017253 
1.474372 -1.108347 0.758806 -0.197239 -0.048336 -0.243356 -0.257415 -0.154685 -0.175371 -0.109410 -0.005529 -0.004254 0.186537 0.021265 -0.023230 
1.519053 -1.057190 0.784537 -0.150366 -0.135085 -0.211880 -0.282639 -0.176056 -0.108343 -0.111854 0.029418 -0.042307 0.191889 0.033105 0.026427 
1.481789 -1.082229 0.933433 -0.040578 -0.213079 -0.238239 -0.308157 -0.132104 0.007281 -0.177787 0.044808 -0.082863 0.240594 0.038191 -0.059855 
1.492455 -1.084146 0.952041 -0.087600 -0.247256 -0.232673 -0.338375 -0.038602 0.012399 -0.111719 0.049908 -0.034230 0.233131 0.039559 -0.076438 
1.498773 -1.025166 0.900735 -0.102099 -0.270699 -0.271001 -0.244231 0.007409 0.059564 -0.048454 0.073126 -0.003212 0.190499 0.029565 -0.101831 
1.608824 -0.951396 0.819169 -0.060709 -0.324693 -0.182764 -0.305867 0.027218 0.058047 -0.071296 0.098833 -0.044940 0.209223 0.025303 -0.110282 
1.669461 -0.818813 0.806445 0.045957 -0.278521 -0.193025 -0.275544 -0.034211 0.051007 -0.057552 0.063255 -0.077743 0.246901 0.008540 -0.099527 
1.649904 -0.769275 0.877548 0.272735 -0.250111 -0.167218 -0.208970 -0.162949 0.029356 -0.022787 -0.018379 -0.124242 0.243289 0.033463 -0.086296 
1.379797 -0.621671 0.846855 0.432276 -0.360377 0.129887 -0.223140 -0.238459 0.070812 -0.102583 -0.117169 -0.158376 0.141458 -0.033634 -0.080351 
1.252942 -0.508221 1.212007 0.191468 -0.360719 0.265503 -0.093139 -0.395090 -0.014773 -0.128054 -0.112853 -0.204376 -0.010152 -0.017526 -0.068466 
1.216029 -0.444750 1.188702 0.132322 -0.442303 0.349140 -0.115254 -0.353141 -0.064875 -0.156092 -0.073042 -0.251889 0.020949 -0.049108 -0.082337 
1.220331 -0.392138 1.167608 0.132484 -0.504412 0.394542 -0.110817 -0.366594 -0.038057 -0.211285 -0.018799 -0.298044 0.041433 -0.049914 -0.095477 
1.173323 -0.391661 1.190247 0.054822 -0.464051 0.368422 -0.080353 -0.354670 -0.061837 -0.187419 -0.040073 -0.279076 0.043812 -0.071657 -0.060703 
1.139382 -0.364222 1.132969 0.151572 -0.469752 0.383287 -0.094516 -0.379446 -0.026147 -0.205014 -0.040092 -0.258084 -0.005959 -0.027038 -0.094186 
1.224218 -0.403755 1.170482 0.029021 -0.419569 0.422214 -0.121381 -0.361086 -0.056213 -0.160615 -0.088514 -0.212623 -0.007800 -0.053112 -0.067121 
1.215692 -0.402646 1.152009 0.009317 -0.397193 0.401222 -0.087493 -0.369280 -0.069442 -0.162295 -0.075811 -0.231772 0.005118 -0.059467 -0.070039 
1.216578 -0.417419 1.188041 0.020182 -0.436191 0.425995 -0.105472 -0.352034 -0.036650 -0.211607 -0.028468 -0.285437 0.051346 -0.092272 -0.066217 
1.159255 -0.379572 1.198923 0.026177 -0.411945 0.422171 -0.107646 -0.339259 -0.079370 -0.155548 -0.071310 -0.271781 0.027546 -0.066517 -0.106504 
1.094472 -0.404868 1.102209 0.083933 -0.385821 0.407627 -0.124062 -0.333032 -0.079026 -0.162550 -0.050154 -0.279159 0.040321 -0.082017 -0.090506 
1.201403 -0.481545 1.160077 0.094486 -0.324719 0.375371 -0.145699 -0.341948 -0.059820 -0.146879 -0.046461 -0.280382 0.014187 -0.040775 -0.112648 
1.132227 -0.467920 1.133466 0.142446 -0.306948 0.355568 -0.125291 -0.410520 0.012677 -0.173925 -0.041671 -0.280674 -0.002964 -0.023478 -0.116222 
1.104106 -0.457588 1.075021 0.149020 -0.313160 0.425984 -0.172599 -0.398180 -0.014095 -0.149044 -0.072383 -0.276250 0.002938 -0.059810 -0.115285 
1.174376 -0.477298 0.875592 -0.036903 0.005739 0.080091 0.033284 -0.420381 -0.102565 -0.034157 -0.084335 -0.178329 -0.011153 -0.033398 -0.058333 
1.581506 -0.632663 0.777720 0.048843 -0.074495 0.078366 -0.154206 -0.386238 -0.006291 0.119501 -0.020412 -0.192118 0.088660 0.021587 0.055648 
1.593139 -0.630965 0.820468 0.088760 0.028171 -0.007590 -0.251659 -0.369973 -0.076643 0.218969 -0.084160 -0.257062 0.105042 0.086750 0.088777 
1.648370 -0.641197 0.763138 0.069514 0.035208 -0.004870 -0.308240 -0.313205 -0.101187 0.218148 -0.033465 -0.293138 0.125602 0.104619 0.079458 
1.683504 -0.615992 0.749589 0.020383 0.064714 -0.030726 -0.348059 -0.244937 -0.136571 0.241212 0.006902 -0.335449 0.195110 0.094334 0.080539 
1.717628 -0.668727 0.760907 -0.036776 0.039931 -0.029729 -0.322284 -0.236689 -0.157861 0.201725 0.037976 -0.317410 0.181405 0.076816 0.066587 
1.720984 -0.670394 0.795467 -0.022319 -0.066538 0.068996 -0.308153 -0.202229 -0.239975 0.206584 0.048232 -0.287564 0.169223 0.034032 0.050679 
1.531456 -0.594829 0.889362 -0.072710 -0.159230 0.197209 -0.126132 -0.256433 -0.287252 0.100685 0.026030 -0.271954 0.136688 -0.053205 -0.014552 
1.096896 -0.423985 0.931397 0.085370 -0.295878 0.356362 0.109985 -0.348363 -0.251244 -0.100182 -0.070135 -0.261526 0.002512 -0.094887 -0.061998 
1.101176 -0.394833 1.019220 0.081604 -0.284969 0.334126 0.073722 -0.363461 -0.191984 -0.113984 -0.070759 -0.276000 -0.035355 -0.045788 -0.111066 
1.083240 -0.400346 1.044748 0.030807 -0.304239 0.394652 0.042546 -0.330410 -0.191172 -0.140338 -0.052418 -0.282883 -0.001515 -0.085495 -0.075280 
1.157807 -0.464691 1.051947 -0.002935 -0.292869 0.404186 0.045182 -0.281837 -0.235863 -0.106052 -0.066678 -0.266957 0.028914 -0.116394 -0.046563 
1.198037 -0.452087 0.986701 -0.033870 -0.363239 0.473007 0.101117 -0.266609 -0.253821 -0.158318 -0.069440 -0.253545 0.049641 -0.088405 -0.062429 
1.233557 -0.500678 1.026753 -0.123446 -0.315921 0.434686 0.163239 -0.298687 -0.250778 -0.143094 -0.097963 -0.213856 0.060848 -0.103795 -0.003299 
1.398973 -0.450448 0.934583 -0.257294 -0.336712 0.419123 0.223506 -0.214577 -0.271603 -0.198940 -0.125547 -0.214910 0.112592 -0.025886 0.016578 
1.852629 -0.665302 0.591353 -0.544205 -0.350253 0.226737 -0.027988 -0.023180 -0.291280 -0.037974 0.179603 -0.164050 0.243553 0.034133 -0.040854 
1.803013 -0.791348 0.405238 -0.693302 -0.289493 0.160050 -0.051262 0.023852 -0.201215 -0.006194 0.372779 -0.159230 0.150753 0.023556 -0.088272 
1.688891 -0.719691 0.379966 -0.814016 -0.174937 0.102025 0.041795 -0.041559 -0.111322 0.051223 0.380567 -0.064298 -0.028477 0.044502 -0.149981 
1.631921 -0.724258 0.311243 -0.814527 -0.174439 0.144384 -0.033695 0.033432 -0.125158 0.094963 0.404142 -0.103867 -0.039547 -0.019574 -0.141980 
1.735245 -0.761720 0.299447 -0.818344 -0.127745 0.152949 0.007162 0.051126 -0.112713 0.090596 0.414847 -0.114027 -0.060620 -0.089375 -0.105904 
1.694305 -0.707199 0.262664 -0.837885 -0.093830 0.178209 -0.029140 0.152663 -0.146968 0.076838 0.424163 -0.152483 -0.058354 -0.098083 -0.121351 
1.693129 -0.807280 0.303572 -0.904647 -0.042630 0.134700 0.046306 0.093612 -0.118914 0.064349 0.424436 -0.162765 -0.071151 -0.106228 -0.103157 
1.685745 -0.715299 0.197264 -0.827113 -0.068420 0.170295 0.008711 0.173506 -0.133351 0.050765 0.422856 -0.146858 -0.112434 -0.106090 -0.102856 
1.684715 -0.767623 0.210479 -0.860579 -0.053020 0.128820 0.075496 0.108303 -0.133330 0.048475 0.440112 -0.163240 -0.087676 -0.119688 -0.086822 
1.678874 -0.764890 0.201236 -0.833634 -0.041639 0.149901 0.058448 0.118413 -0.154092 0.079533 0.415574 -0.141579 -0.113605 -0.114991 -0.094622 
1.689337 -0.772432 0.170611 -0.787465 -0.021291 0.166284 0.034691 0.122376 -0.152695 0.065426 0.431263 -0.140350 -0.132852 -0.121409 -0.085235 
1.784464 -0.832419 0.109270 -0.717782 -0.086115 0.198564 0.017928 0.095711 -0.138624 0.031534 0.465835 -0.209580 -0.072243 -0.124029 -0.087342 
1.933948 -0.861122 -0.035802 -0.605224 -0.159566 0.212074 -0.114702 0.162861 -0.209426 0.114282 0.398536 -0.269757 0.002524 -0.092334 -0.041032 
1.869449 -0.707657 -0.080524 -0.574427 -0.088178 0.205691 -0.135584 0.129563 -0.187809 0.122017 0.476626 -0.289527 -0.041194 -0.133874 -0.054086 
1.770349 -0.577612 -0.136690 -0.495082 -0.095155 0.213179 -0.130242 0.071903 -0.153557 0.140079 0.453198 -0.252456 -0.060908 -0.121458 -0.073844 
1.633349 -0.380826 -0.035620 -0.399199 -0.046618 0.129385 -0.098283 0.013575 -0.134912 0.070109 0.409230 -0.237131 0.027226 -0.054864 -0.059705 
1.506486 -0.245911 -0.203000 -0.422367 -0.030012 0.084964 -0.036775 0.165006 -0.176887 0.239925 0.517385 -0.283691 -0.100394 -0.163501 -0.076564 
1.423811 -0.405570 -0.466051 -0.365140 0.052110 -0.009758 0.041889 -0.030362 -0.157792 0.162280 0.289798 -0.151969 -0.013171 -0.157040 -0.014780 
1.416568 -0.050134 -0.448280 -0.319970 -0.116903 0.118458 -0.018669 0.040984 -0.156359 0.235327 0.395046 -0.202852 -0.011500 -0.239645 -0.035129 
0.463627 -0.020434 -0.584333 -0.394562 -0.218725 0.000987 0.101721 -0.183582 0.077260 0.144594 0.311521 -0.092698 -0.083254 -0.097137 -0.122718 
