city022_060
BUNKYOO
81
-0.115572 0.273498 0.138891 0.128898 -0.046569 0.140698 -0.035455 -0.155494 -0.112088 0.023097 0.022664 -0.059698 -0.024680 0.016277 -0.043149 
0.188412 0.398892 0.333271 0.251150 0.204586 0.293249 0.071080 -0.199566 0.005617 0.003604 0.001904 -0.064860 -0.023877 -0.100360 -0.055320 
0.346548 0.519358 0.245616 0.328024 0.078362 0.200249 0.036306 -0.201944 -0.154682 -0.087934 0.032982 -0.254607 -0.051053 -0.017785 -0.196951 
0.305181 0.419313 0.339745 0.288358 0.158357 0.288462 -0.055188 -0.076983 -0.188444 -0.174283 0.063137 -0.128070 -0.219564 -0.040750 -0.112624 
0.419648 0.406441 0.405133 0.352614 0.153786 0.224099 -0.129374 -0.193147 -0.095259 -0.010287 -0.116532 -0.216426 -0.111329 -0.049167 -0.094885 
0.335655 0.486521 0.442162 0.299983 0.130749 0.150397 -0.005691 -0.150141 -0.144568 -0.127649 -0.006714 -0.244093 -0.129225 -0.015500 -0.163988 
0.426373 0.502962 0.361917 0.175666 0.213212 0.318330 0.017286 -0.242290 -0.132862 -0.065137 -0.064309 -0.139112 -0.111619 -0.134794 -0.134777 
0.482177 0.498694 0.320311 0.082296 0.165189 0.326829 0.209783 -0.229526 -0.293336 -0.112124 -0.004568 -0.132992 -0.085521 -0.065207 -0.234549 
0.413694 0.536976 0.303720 0.147448 0.062229 0.424930 0.166940 -0.223574 -0.281828 -0.134080 0.023232 -0.147021 -0.110643 -0.016533 -0.268412 
1.839469 -0.156398 0.207779 -0.222893 -0.076384 0.128764 -0.220049 -0.047037 -0.008134 0.043061 0.124368 0.025124 -0.007659 0.005737 -0.009804 
2.184258 -0.594458 0.471254 -0.405139 -0.093040 0.025881 -0.267774 -0.002067 -0.092001 0.169280 0.041042 0.038806 0.008331 -0.004484 0.038167 
1.757742 -0.540056 0.701820 -0.235320 0.129655 0.011297 -0.210552 0.119900 -0.130553 0.123374 -0.015005 -0.157059 0.068157 0.067502 -0.092128 
1.812739 -0.467764 0.687587 -0.264169 0.216413 -0.058459 -0.383359 -0.084676 -0.285067 0.133889 -0.048042 -0.358196 0.107431 0.124238 -0.105752 
1.754747 -0.623811 0.709804 -0.262789 0.113310 0.009466 -0.401928 -0.048898 -0.292349 0.042707 -0.077939 -0.182994 0.071783 0.047216 -0.026618 
1.759686 -0.691915 0.801152 -0.293589 0.172519 -0.076564 -0.351105 0.017530 -0.384831 0.099812 -0.054278 -0.205711 0.070014 0.051827 0.000927 
1.694445 -0.605957 0.811180 -0.221894 0.150151 -0.149125 -0.346840 0.070906 -0.380707 0.050352 -0.067588 -0.203726 0.046659 0.105605 -0.068992 
1.653228 -0.622629 0.882583 -0.132925 0.129632 -0.198846 -0.312826 0.099211 -0.353976 0.010902 -0.072128 -0.182913 0.030882 0.102892 -0.083597 
1.641135 -0.625151 0.805751 -0.121241 0.191021 -0.202102 -0.344242 0.070880 -0.364409 0.113176 -0.061716 -0.278573 0.076182 0.165490 -0.104515 
1.572817 -0.503218 0.810841 -0.076179 0.161610 -0.213243 -0.289001 0.024436 -0.385061 0.121109 -0.094425 -0.275772 0.076258 0.138741 -0.101396 
1.572494 -0.412556 0.825797 0.028065 0.144734 -0.239856 -0.280163 0.080249 -0.409407 0.102720 -0.078666 -0.306082 0.108310 0.102294 -0.093809 
1.548383 -0.436523 0.922697 0.070987 0.123484 -0.218150 -0.225002 0.077811 -0.430331 0.079514 -0.105916 -0.279148 0.060481 0.059489 -0.076381 
1.400623 -0.322676 0.959327 0.142993 -0.065331 -0.138044 -0.096192 0.071621 -0.462095 0.006962 -0.053367 -0.280065 -0.003231 0.021810 -0.087492 
1.341656 -0.258225 1.017222 0.161490 -0.273802 0.015159 0.062004 -0.075580 -0.404825 0.019369 -0.123708 -0.223448 -0.091775 0.001190 -0.051169 
1.304746 -0.215428 1.091602 0.199188 -0.320880 0.096997 0.041755 -0.200003 -0.272085 -0.055760 -0.109041 -0.244511 -0.069422 -0.013530 -0.089860 
1.281401 -0.105104 0.990300 0.321362 -0.391340 0.217837 -0.007873 -0.313387 -0.172383 -0.110588 -0.057873 -0.276164 -0.081105 0.083157 -0.177074 
1.298284 -0.084734 1.004339 0.214013 -0.353273 0.188498 -0.019874 -0.249353 -0.217785 -0.114327 -0.057148 -0.262669 -0.109412 0.094622 -0.168640 
1.438915 -0.163701 1.018191 0.231649 -0.349620 0.209298 -0.025550 -0.278113 -0.193435 -0.119252 -0.058494 -0.235420 -0.126079 0.100979 -0.152619 
1.247156 -0.012073 0.868051 0.311616 -0.369823 0.176712 -0.009498 -0.198730 -0.272443 -0.109062 -0.017560 -0.309705 -0.093410 0.085100 -0.163691 
1.275622 0.012272 0.819175 0.347785 -0.397185 0.174128 0.073720 -0.199650 -0.278611 -0.105945 -0.022784 -0.309785 -0.110427 0.079488 -0.182994 
1.159847 0.140999 0.773422 0.323158 -0.258302 0.059871 0.065647 -0.116652 -0.278044 -0.131732 -0.001523 -0.317299 -0.111236 0.054100 -0.175216 
0.923182 0.679808 0.665825 0.136810 -0.254721 0.020339 0.067279 -0.060357 -0.243647 -0.163057 0.014317 -0.268931 -0.190699 0.090401 -0.137187 
0.817867 0.540604 0.416421 0.133335 -0.068450 0.148082 0.047782 -0.125127 -0.298950 -0.070936 -0.024247 -0.248524 -0.087257 0.082586 -0.204846 
0.441002 0.462715 0.426150 0.224318 0.004377 0.175340 0.051486 -0.050774 -0.212004 -0.024001 -0.021156 -0.139353 -0.076276 -0.000525 -0.097090 
0.400903 0.572561 0.400351 0.115744 -0.020954 0.141788 0.171732 -0.165859 -0.247756 -0.087147 -0.002757 -0.275370 -0.001047 0.002865 -0.189779 
0.559350 0.446445 0.231523 0.169683 0.043073 0.100970 -0.007635 -0.084718 -0.115753 -0.161628 0.003952 -0.098791 -0.063943 -0.011447 -0.090281 
0.262753 0.293222 0.172857 0.053411 -0.151875 -0.010026 -0.069952 -0.112365 -0.119707 -0.032445 0.024817 -0.052158 0.015858 0.009638 0.014308 
0.179995 0.342555 0.262472 0.105895 -0.065903 -0.029967 0.007604 -0.232752 -0.221506 -0.023982 0.025782 -0.182647 0.004117 0.084619 -0.133299 
0.076701 0.283267 0.236933 0.130764 -0.028765 0.141373 -0.015839 -0.201156 -0.237128 -0.022589 0.027076 -0.108005 -0.060662 0.002065 -0.061239 
-0.040708 -0.131181 0.467807 -0.005406 -0.098975 0.153676 -0.278328 -0.205291 -0.003923 -0.067578 0.052648 -0.082004 -0.057389 0.091604 0.027818 
-0.382734 -0.773270 0.600052 -0.137362 -0.112254 0.354195 -0.306556 0.058836 0.146128 -0.125724 0.056921 -0.021101 -0.058221 0.151781 -0.128940 
-0.004000 -0.038303 0.052111 0.117256 0.029785 0.015456 -0.072895 -0.090291 -0.040522 -0.033555 0.052409 0.011239 -0.061791 -0.013485 0.047267 
-0.846991 -0.183171 0.941977 -0.632962 0.148265 0.315828 -0.206571 0.001218 0.041982 0.010921 -0.065549 0.080303 -0.036010 -0.026882 0.049199 
-0.132297 -0.954791 0.586941 -0.482211 -0.070331 0.180520 -0.177577 0.022105 0.046211 0.011822 -0.020489 0.075876 -0.090151 0.011796 0.043927 
0.055444 -1.176209 0.769386 -0.572662 0.037433 0.238057 -0.304904 -0.027993 -0.041144 0.061795 0.112691 -0.002996 -0.099567 0.009759 0.045301 
-0.160055 -0.813049 0.847327 -0.431887 -0.005931 0.075526 -0.232977 -0.027470 -0.012063 0.057807 -0.034555 0.061330 -0.060246 0.017527 0.044436 
-0.079495 -1.042690 0.895121 -0.597557 -0.139069 0.298233 -0.014885 -0.080560 -0.114222 0.139306 -0.060469 0.016574 0.039804 -0.051971 0.015253 
0.530345 -0.639762 1.313614 0.029269 -0.130551 0.045077 -0.100916 -0.005300 -0.234756 -0.003240 -0.081335 -0.089638 -0.069411 0.038718 -0.062136 
0.994035 -0.896243 1.483499 0.110861 -0.241771 0.001873 -0.135143 0.047668 -0.313552 -0.211122 0.059169 -0.178582 -0.162598 0.089895 -0.125684 
1.102221 -1.033180 1.272580 -0.004111 -0.066540 -0.247715 -0.159090 0.136029 -0.407110 -0.117046 0.018938 -0.071881 -0.096686 0.054955 -0.000690 
1.300953 -1.028301 1.120210 -0.076676 -0.046387 -0.297244 -0.332769 0.093146 -0.235457 -0.103450 -0.021160 -0.028023 0.085107 0.027976 0.034859 
1.452416 -0.925610 0.686423 -0.243173 0.135533 -0.233609 -0.360637 -0.023315 -0.300464 -0.009319 0.062197 -0.112278 0.071897 0.111931 0.019065 
1.475424 -0.853668 0.803379 -0.283798 0.127613 -0.177956 -0.499713 -0.057610 -0.291896 0.064913 0.141664 -0.155101 -0.029084 0.254108 0.150840 
1.629995 -0.817441 0.692892 -0.370195 0.121447 -0.111176 -0.480001 -0.032137 -0.357615 0.158787 0.268851 -0.139242 -0.091106 0.258101 0.145016 
1.843213 -0.898671 0.589943 -0.558779 0.045596 -0.093211 -0.398601 0.023758 -0.426369 0.094715 0.256347 -0.044812 -0.015109 0.222956 0.027719 
1.728252 -0.843407 0.462314 -0.549668 -0.056604 -0.010212 -0.386020 -0.011189 -0.386131 -0.007790 0.288075 0.032818 0.053344 0.152125 -0.005202 
1.760454 -0.946867 0.497544 -0.512584 -0.078204 -0.124313 -0.394639 0.028741 -0.299200 0.013759 0.162441 0.080499 0.063086 0.191714 0.017812 
1.685690 -0.948909 0.454382 -0.491600 -0.084659 -0.177615 -0.343817 0.027641 -0.284456 -0.019389 0.146015 0.119605 0.081068 0.182231 0.012595 
1.726825 -0.900024 0.426540 -0.492742 -0.061675 -0.151660 -0.344016 -0.064778 -0.210527 0.022317 0.130546 0.099212 0.086282 0.158080 0.021558 
1.708928 -0.888577 0.412992 -0.487926 -0.037796 -0.240929 -0.342719 0.024346 -0.205119 -0.004502 0.072993 0.146369 0.076180 0.180179 0.002584 
1.689689 -0.886702 0.389421 -0.459203 -0.073863 -0.247720 -0.305260 0.010414 -0.182923 -0.031199 0.054745 0.132500 0.109959 0.181778 -0.013673 
1.831504 -0.963641 0.380124 -0.413758 -0.122040 -0.214499 -0.339088 0.019137 -0.138413 -0.079599 0.070596 0.129255 0.100594 0.212771 -0.048538 
1.867911 -0.935662 0.346925 -0.455006 -0.079866 -0.211841 -0.388872 0.087617 -0.151979 -0.111071 0.094328 0.093104 0.125764 0.211676 -0.054437 
1.890285 -0.924533 0.356582 -0.435705 -0.072993 -0.181650 -0.462888 0.085752 -0.109641 -0.072174 0.056576 0.103803 0.132730 0.169814 -0.033475 
1.794684 -0.901291 0.384985 -0.432609 -0.076827 -0.165115 -0.474626 0.040216 -0.086508 -0.074789 0.067791 0.095540 0.156908 0.154355 -0.041248 
1.850355 -0.922611 0.387885 -0.441618 -0.073175 -0.171440 -0.463096 0.064310 -0.126164 -0.064858 0.047151 0.105664 0.169271 0.120887 0.006970 
1.799857 -0.817980 0.248581 -0.436060 -0.092870 -0.162523 -0.377799 0.059174 -0.162304 -0.099830 0.036658 0.111016 0.179411 0.150420 -0.006409 
1.852856 -0.871804 0.338311 -0.572352 -0.105089 -0.177973 -0.260340 0.058436 -0.185612 -0.094990 -0.005442 0.046783 0.240536 0.172801 -0.000444 
1.841884 -0.789029 0.316474 -0.568031 -0.190424 -0.145787 -0.211608 0.083582 -0.198738 -0.064549 -0.117366 0.065997 0.206744 0.201326 0.036937 
1.810812 -0.742718 0.315076 -0.595563 -0.219926 -0.155370 -0.189666 0.132794 -0.196245 -0.099252 -0.134512 0.052742 0.224353 0.178051 0.067709 
1.831320 -0.595737 0.374080 -0.661210 -0.332075 -0.103030 -0.189039 0.126083 -0.166743 -0.103329 -0.134647 -0.041188 0.208779 0.194523 0.036653 
1.921037 -0.477751 0.370888 -0.644742 -0.504717 0.059981 -0.293489 0.153639 -0.094357 -0.202747 0.013146 -0.178420 0.202151 0.198454 0.009034 
1.875987 0.290065 0.475540 -0.892254 -0.537354 0.222993 -0.162575 0.020355 -0.106705 -0.097096 0.009476 -0.127160 0.237395 0.223422 -0.074815 
1.945429 0.237542 0.484065 -0.885778 -0.530423 0.278853 -0.166935 0.040983 -0.127542 -0.184926 0.113916 -0.100031 0.269226 0.330044 -0.084554 
1.817186 0.248255 0.341097 -0.853981 -0.538058 0.258859 -0.143263 -0.021281 -0.149799 -0.156047 0.092674 -0.037151 0.318561 0.311501 -0.097206 
1.879748 0.291605 0.326942 -0.853388 -0.570667 0.266695 -0.113196 -0.031587 -0.139029 -0.111420 0.065058 -0.041896 0.368685 0.289942 -0.108776 
1.555695 0.075951 0.188411 -0.816638 -0.474499 0.198208 -0.113468 -0.051845 -0.218644 -0.097763 0.061826 -0.016324 0.354276 0.229020 -0.071005 
1.421274 0.211506 0.128637 -0.826608 -0.480943 0.105981 0.007309 -0.069121 -0.161369 -0.051296 0.010179 -0.025654 0.309594 0.258591 -0.102015 
1.144913 0.407190 0.002975 -0.830433 -0.511470 0.132589 -0.014227 -0.109422 -0.202640 -0.012661 0.038690 0.009628 0.435653 0.242580 -0.136696 
0.751315 0.222085 -0.122363 -0.659216 -0.502910 0.027702 0.045963 -0.152288 -0.122319 -0.131610 0.070267 0.146179 0.268309 0.268568 0.001443 
0.392880 0.155468 -0.266022 -0.344630 -0.392450 0.020677 -0.030768 -0.067599 -0.105205 -0.048617 0.164938 0.105641 0.069367 0.090616 -0.051937 
0.152845 0.236122 -0.112080 -0.530500 -0.431561 0.118970 0.000053 -0.147103 -0.176690 -0.024374 0.190693 0.040525 0.187515 0.189013 -0.190694 
