city022_063
PAIPU
60
-0.408304 0.138501 -0.159414 -0.065193 -0.089366 0.042591 -0.067052 -0.016957 -0.172503 0.136340 0.010831 0.022757 -0.038653 0.030973 -0.004245 
-0.062975 0.219286 0.087712 0.042398 -0.108680 0.198480 0.013538 -0.024377 -0.102052 0.096136 -0.111118 0.097577 -0.025277 -0.035512 0.039729 
2.018008 -0.158969 0.090603 0.054849 -0.278274 0.269098 -0.327755 0.072484 -0.236305 -0.093345 0.048857 -0.074197 0.044868 -0.024156 0.032999 
1.791161 -0.692281 0.166393 -0.440309 -0.199572 0.021929 -0.007151 0.088706 -0.266809 0.271206 -0.038746 -0.011286 0.059043 -0.014379 -0.035874 
1.852735 -0.803591 0.119036 -0.815664 -0.391210 0.307378 -0.129073 0.010321 -0.192054 0.236031 0.145155 0.106306 0.050714 -0.017476 -0.212750 
1.601138 -0.937402 0.021046 -0.725660 -0.356774 0.115940 0.054090 -0.062882 -0.092708 0.309518 0.079680 0.130618 -0.073170 -0.029600 -0.201961 
1.605591 -0.974520 0.049797 -0.715112 -0.332616 0.060512 0.099204 0.007675 -0.099260 0.299926 0.058061 0.064643 -0.067350 -0.074648 -0.122160 
1.533314 -1.066501 0.151927 -0.780604 -0.267432 -0.033744 0.141021 0.110185 -0.129935 0.317788 0.011064 0.035935 -0.073382 -0.125143 -0.063574 
1.467460 -1.148716 0.191885 -0.789593 -0.239006 -0.000731 0.072391 0.105923 -0.074197 0.293423 0.031255 0.054972 -0.149903 -0.107588 -0.056487 
1.445285 -1.281773 0.171139 -0.704273 -0.240045 0.038403 0.005159 0.053332 -0.057340 0.368348 0.007144 0.064484 -0.150174 -0.132461 -0.071483 
1.500970 -1.345882 0.204432 -0.566195 -0.197918 -0.064988 0.003542 0.050710 -0.057449 0.387719 0.084985 -0.066692 -0.106159 -0.163741 -0.009800 
1.353297 -1.184651 0.357661 -0.447604 -0.188803 -0.192961 -0.107095 0.003305 0.101697 0.371216 0.111633 -0.095089 -0.124405 0.018209 -0.035820 
1.347051 -1.032301 0.396779 -0.356109 -0.122283 -0.295188 -0.209961 0.026400 0.123255 0.421515 0.025239 -0.056360 -0.041660 0.068954 -0.054884 
1.394587 -0.969537 0.490968 -0.197246 -0.143423 -0.442767 -0.220609 0.024305 0.124286 0.323842 -0.026270 0.020078 0.077506 0.131199 -0.138441 
1.384227 -0.922058 0.616104 -0.142600 -0.251413 -0.347191 -0.379977 -0.008924 0.129803 -0.000576 0.050583 0.138992 0.138439 0.136327 -0.126654 
1.222391 -1.018159 0.909444 -0.437224 -0.170486 -0.251001 -0.287491 -0.025748 -0.212914 0.039957 -0.025040 0.212367 0.072327 0.051185 0.031954 
1.095737 -0.855466 1.154513 -0.268190 -0.256160 -0.044671 -0.263783 -0.038389 -0.366778 -0.048207 -0.093453 0.105357 -0.073874 0.026431 0.101563 
1.143204 -0.678524 1.487931 -0.143954 -0.412721 0.024399 -0.394481 0.084386 -0.398904 -0.082069 -0.032709 0.073716 -0.132848 0.069896 0.118088 
0.880616 -0.520285 1.664909 -0.078126 -0.351504 0.109980 -0.387096 0.114674 -0.352050 -0.138974 -0.034561 0.045943 -0.171461 0.021556 0.118489 
0.879807 -0.452919 1.598075 -0.105973 -0.303604 0.244968 -0.390478 0.138294 -0.337951 -0.153517 -0.036792 -0.037254 -0.224876 0.033021 0.048443 
0.823800 -0.538825 1.563072 -0.033438 -0.291293 0.262796 -0.340936 0.143190 -0.345261 -0.174085 0.004054 -0.130420 -0.196006 0.011556 -0.002945 
0.839371 -0.593152 1.475597 0.228393 -0.425559 0.204604 -0.229543 0.110367 -0.382086 -0.194670 0.074362 -0.229915 -0.185481 0.073599 -0.133970 
0.992477 -0.598551 0.845326 0.476209 -0.325094 -0.180550 -0.173294 0.270660 -0.364436 -0.182859 0.157744 -0.079313 -0.125995 0.129288 -0.086963 
0.449133 0.182750 0.408370 0.413610 0.048267 0.262026 -0.086398 -0.119636 -0.119246 -0.045741 -0.050147 -0.105501 -0.191285 0.038601 -0.132240 
0.286045 0.182859 0.199805 0.292806 -0.214596 0.091933 -0.126206 -0.115121 -0.075628 -0.013950 -0.069462 0.006578 -0.058623 0.053667 -0.026136 
0.264161 0.216113 0.077164 0.018965 -0.155578 0.022148 -0.126851 0.089718 0.008682 0.080332 -0.063420 0.017431 0.020947 0.015642 -0.066196 
0.112746 0.145639 0.045107 0.132442 -0.202046 0.002023 -0.006967 0.106046 -0.025844 0.009913 0.000756 0.029649 -0.069905 0.091915 -0.089262 
0.049287 0.223221 -0.026107 -0.062312 -0.366531 -0.049242 -0.240165 -0.019701 0.009727 0.074075 -0.006259 0.109152 0.056834 -0.019384 0.013923 
0.028773 0.009835 0.139029 0.095631 -0.248556 -0.209919 -0.264472 -0.055218 -0.112003 0.062013 -0.043382 0.125877 0.027118 0.096649 -0.007883 
-0.178633 0.095074 0.044577 0.157712 -0.373412 -0.075743 -0.101563 -0.039993 -0.196226 0.029348 0.084266 0.046180 -0.045344 0.054759 0.064103 
0.003029 0.138396 -0.102057 0.004016 -0.225597 0.009752 -0.108151 -0.034289 -0.073394 0.108797 -0.068849 0.087348 -0.004401 -0.024400 0.049226 
-0.123473 0.091164 -0.218068 -0.008644 -0.216982 -0.004805 -0.174531 -0.035851 -0.054179 0.025387 0.100597 0.029423 -0.012715 0.042789 -0.038362 
-0.042828 0.306995 -0.118891 -0.026856 -0.108136 -0.021784 -0.327772 0.110553 0.124403 0.108826 -0.080471 -0.018602 0.078269 0.027894 -0.107840 
0.032667 0.216887 -0.087986 -0.012609 -0.042878 0.077086 -0.250460 0.090372 -0.071814 0.017192 -0.027718 0.032562 0.005252 -0.004658 0.000636 
-0.073381 0.128838 -0.076468 0.088971 -0.256334 0.007119 -0.145524 -0.014944 -0.047893 0.089751 -0.072517 0.078337 -0.006479 0.023734 -0.026516 
-0.135272 0.100527 -0.116608 0.002110 -0.199071 -0.001550 -0.080877 0.156716 -0.015001 0.042034 -0.088357 0.049471 0.030105 -0.076436 0.027164 
1.724492 -0.003864 0.243934 0.172177 -0.189906 0.014925 -0.142408 0.028182 -0.150315 -0.063036 -0.167192 0.004709 0.017498 -0.074178 -0.006681 
2.099313 -0.229779 0.332542 -0.191623 -0.258379 -0.008824 -0.168786 0.084298 -0.180912 0.081795 0.015909 0.087104 -0.009240 0.039504 -0.027215 
1.562021 -0.485080 0.802864 0.060075 0.033235 0.108666 -0.326283 0.040342 -0.247533 0.093694 -0.080407 -0.172797 -0.073254 0.195607 -0.150876 
1.606625 -0.653023 0.718526 -0.040455 -0.092888 0.208683 -0.493600 -0.096659 -0.375918 0.135276 -0.011142 -0.214601 -0.009836 0.114172 0.038567 
1.676588 -0.727365 0.650097 -0.128531 -0.027724 0.020392 -0.366403 -0.047118 -0.383022 0.124406 -0.122989 -0.088688 -0.023717 0.161983 -0.025365 
1.752319 -0.790806 0.724968 -0.163698 -0.028759 0.027343 -0.375254 -0.009130 -0.387315 0.137660 -0.123991 -0.083512 -0.040843 0.189942 -0.055150 
1.658071 -0.732830 0.698083 -0.116076 -0.049580 0.049265 -0.365846 -0.075242 -0.335098 0.116988 -0.097105 -0.085693 -0.046027 0.170502 -0.024138 
1.676696 -0.766016 0.758976 -0.202709 0.001325 0.057641 -0.385578 -0.052623 -0.396568 0.164213 -0.142849 -0.084808 -0.021400 0.138417 -0.041833 
1.616293 -0.616007 0.656636 -0.100105 -0.093365 0.066280 -0.346050 -0.072805 -0.371270 0.100040 -0.119711 -0.115230 0.014301 0.114133 -0.053450 
1.589947 -0.573060 0.638353 -0.068394 -0.065039 0.011197 -0.355089 -0.072794 -0.347113 0.072095 -0.087456 -0.176844 0.052815 0.112635 -0.041744 
1.581497 -0.588728 0.730354 -0.062918 -0.048153 0.078910 -0.490748 -0.043250 -0.384849 0.152025 -0.104655 -0.197740 0.043552 0.132389 -0.029402 
1.552581 -0.432259 0.570796 0.023044 -0.014934 0.115830 -0.555412 -0.172512 -0.278548 0.128358 -0.075860 -0.264073 -0.010489 0.231645 -0.051453 
1.608181 -0.352929 0.570348 0.032468 -0.023121 0.099493 -0.558578 -0.171148 -0.291002 0.120237 -0.033606 -0.337512 0.022524 0.279747 -0.132206 
1.511418 -0.200165 0.521268 0.101556 0.004036 0.020196 -0.532503 -0.165315 -0.270087 0.119269 -0.100958 -0.334013 0.084703 0.210397 -0.090029 
1.475561 -0.090181 0.503874 0.085905 -0.039941 -0.011841 -0.500396 -0.122575 -0.306915 0.071038 -0.084853 -0.277416 0.079320 0.202292 -0.133837 
1.406932 -0.117468 0.516412 0.035019 0.003911 0.040949 -0.527685 -0.148767 -0.294236 0.034832 -0.024665 -0.277916 0.019987 0.227832 -0.132093 
1.360663 -0.110494 0.547447 0.094806 0.040935 -0.059238 -0.510650 -0.122943 -0.303707 0.168192 -0.076381 -0.291069 0.090672 0.273422 -0.130977 
1.081203 -0.127788 0.300660 0.118128 -0.020826 -0.005777 -0.491936 -0.193743 -0.270284 0.148535 -0.124273 -0.301080 0.173828 0.115992 -0.055867 
1.085651 -0.109947 0.216272 0.141519 0.054472 -0.064795 -0.504216 -0.178023 -0.350968 0.266266 -0.163129 -0.375673 0.199753 0.164175 -0.051113 
0.964072 -0.096697 0.282122 0.217845 -0.070956 0.053462 -0.434421 -0.174489 -0.216580 0.115276 -0.132358 -0.283177 0.165351 0.069328 -0.098881 
0.845762 -0.219877 0.316271 0.245954 -0.031432 -0.054078 -0.441528 -0.105056 -0.188229 0.137322 -0.146174 -0.305757 0.259762 0.060132 -0.131529 
0.251501 0.100969 0.159208 0.252563 -0.022448 -0.157049 -0.507888 -0.249749 -0.218036 0.204850 -0.165862 -0.357970 0.297507 0.186553 -0.092163 
-0.204907 0.301748 0.106203 0.275453 -0.150521 -0.122737 -0.355008 -0.293924 -0.175980 0.011080 -0.111528 -0.073198 0.028209 0.155015 0.022141 
-0.427226 0.183704 0.067963 0.269490 -0.091438 -0.028217 -0.213596 -0.136810 -0.075266 -0.026042 0.016293 -0.012393 -0.117113 0.130518 0.015117 
