city022_073
SHOOWAJIMA
91
-0.611862 -0.016313 0.235118 -0.479597 0.255805 0.118104 -0.130980 0.203354 -0.212062 0.062398 0.047162 -0.084663 0.097646 -0.056435 0.009983 
-0.659519 -0.112224 0.743685 -0.846396 0.320888 0.215807 0.103269 0.222244 -0.266295 0.098327 -0.024753 -0.080390 0.173167 -0.027826 0.015373 
-0.858649 -0.046115 0.891240 -0.747519 0.472508 -0.092243 -0.178332 0.234589 -0.252457 0.136995 -0.014595 -0.052361 0.044115 -0.028044 0.032304 
-0.948840 -0.313007 1.103796 -0.630237 0.529597 0.098743 -0.160183 0.266391 -0.158156 0.131736 0.028985 -0.052889 0.089339 -0.059509 0.058956 
-1.041382 -0.358618 1.058069 -0.762109 0.377371 0.081879 -0.297833 0.241546 -0.137696 0.053722 0.017616 -0.065236 0.048579 -0.010226 -0.037627 
-1.480098 -0.619546 0.741588 -0.985572 0.322789 0.134792 -0.286919 0.275735 -0.121456 0.055865 0.041890 -0.159544 0.113053 0.033235 -0.143626 
-1.091464 -0.425979 0.910307 -0.695286 0.400962 0.010418 -0.310377 0.366785 -0.189189 -0.069918 0.220393 -0.183953 0.032714 0.095367 -0.130721 
-1.225317 -0.827054 0.890915 -0.844216 0.254452 0.215049 -0.359382 0.211523 -0.068441 -0.005036 0.143693 -0.207498 0.071025 0.104605 -0.187150 
-1.233713 -0.467580 1.229951 -0.744837 0.330844 0.122838 -0.171992 0.107775 -0.058282 0.036264 0.046001 -0.100175 0.046597 0.065240 -0.144517 
-1.165218 -0.604754 1.090179 -0.798165 0.464671 0.058715 -0.262021 0.237304 -0.067213 -0.091747 0.137797 -0.044837 -0.061150 0.095532 -0.021639 
-0.843714 -0.942894 1.204366 -0.649366 0.089541 -0.048124 -0.462430 0.256726 0.143025 -0.233627 0.056608 0.149534 -0.092421 0.065612 0.008280 
-0.266505 -0.681948 1.119540 -0.168287 -0.005946 0.046521 -0.405311 0.204415 0.060879 -0.198898 -0.036028 0.065181 0.071115 -0.081555 -0.020490 
1.385792 -0.647131 0.956903 0.124675 -0.060943 0.016737 -0.485653 -0.041926 -0.025969 -0.114380 -0.084259 -0.110918 -0.011890 0.173410 -0.037467 
1.559847 -0.698765 0.766104 0.132994 -0.076502 0.025794 -0.600683 -0.111219 -0.057228 -0.145903 0.059654 -0.264321 -0.006609 0.297567 -0.025057 
1.677240 -0.449802 0.634938 -0.026889 0.055440 0.031310 -0.574801 -0.153017 -0.228357 -0.038916 0.200251 -0.232158 -0.101402 0.281678 0.085715 
1.924736 -0.293414 0.385578 -0.134894 0.113742 -0.028955 -0.391198 -0.211017 -0.380938 0.011266 0.235838 -0.176633 -0.087622 0.159463 0.046940 
1.912830 -0.133660 0.301068 -0.222308 -0.038939 0.060154 -0.343186 -0.154234 -0.347083 -0.171365 0.248839 -0.116038 -0.002807 0.115075 -0.019162 
2.007276 -0.211733 0.278690 -0.380917 -0.065799 -0.049030 -0.282645 -0.070469 -0.273553 -0.191079 0.069988 -0.141721 0.063389 0.127349 0.022042 
1.942836 -0.317961 0.218732 -0.308611 -0.176563 -0.047577 -0.248936 -0.001043 -0.267419 -0.178642 -0.073574 -0.121397 0.111060 0.113602 0.099831 
1.954441 -0.373472 0.235214 -0.332438 -0.180931 -0.126227 -0.199910 -0.000077 -0.166322 -0.230221 -0.123750 -0.139549 0.118300 0.141775 0.063410 
1.996505 -0.454992 0.148850 -0.230563 -0.284666 -0.062884 -0.166951 0.008105 -0.184896 -0.239952 -0.178583 -0.114773 0.171649 0.146578 0.074690 
2.054161 -0.497599 0.144432 -0.267230 -0.196596 -0.101690 -0.158111 0.013801 -0.196733 -0.221334 -0.209793 -0.028546 0.153967 0.133412 0.071216 
2.014525 -0.399120 0.113369 -0.306090 -0.088628 -0.161942 -0.182220 0.000349 -0.154919 -0.235782 -0.184147 0.035169 0.095975 0.110373 0.096628 
2.107836 -0.362679 0.112758 -0.276647 -0.060859 -0.225473 -0.244248 0.026810 -0.176888 -0.157718 -0.156934 0.021034 0.042926 0.104586 0.125219 
2.089995 -0.354287 0.187983 -0.321454 -0.038717 -0.248594 -0.263487 0.060420 -0.196486 -0.127204 -0.130219 -0.013921 0.058785 0.084787 0.106886 
2.080776 -0.337733 0.181362 -0.333518 -0.050379 -0.265645 -0.234758 0.050331 -0.166310 -0.151193 -0.119070 -0.032680 0.082603 0.064396 0.112495 
2.037153 -0.390446 0.249223 -0.394878 -0.017446 -0.246948 -0.254982 0.042008 -0.197888 -0.090169 -0.143944 -0.043008 0.037110 0.143739 0.078428 
2.046295 -0.414433 0.274059 -0.415320 0.005696 -0.256929 -0.251379 0.051784 -0.222683 -0.068989 -0.155223 -0.034859 0.036779 0.135907 0.096350 
1.991548 -0.401254 0.306218 -0.446234 -0.006186 -0.254959 -0.221449 0.029648 -0.206131 -0.057558 -0.163359 -0.070120 0.051698 0.145596 0.062930 
1.978386 -0.384259 0.288475 -0.416674 -0.013255 -0.256157 -0.231772 0.036013 -0.198367 -0.076186 -0.143929 -0.101944 0.079537 0.122991 0.073466 
1.904871 -0.330381 0.307553 -0.395498 -0.088587 -0.216797 -0.221652 0.028515 -0.165093 -0.095195 -0.130004 -0.107281 0.089918 0.102598 0.049952 
1.907381 -0.312586 0.378819 -0.384903 -0.258770 -0.112814 -0.225598 0.047366 -0.155994 -0.085180 -0.154822 -0.104438 0.079817 0.074137 0.053361 
1.958429 -0.286477 0.539256 -0.537895 -0.402320 -0.024036 -0.195758 0.062187 -0.142863 -0.110786 -0.122096 -0.177096 0.055149 0.081895 0.024975 
1.927115 -0.010495 0.536429 -0.601691 -0.514585 0.030930 -0.118067 -0.004870 -0.114347 -0.101741 -0.081869 -0.269087 0.050567 0.094975 -0.025522 
1.932278 0.151214 0.535438 -0.635546 -0.514537 0.072076 -0.076638 -0.001144 -0.163700 -0.049690 -0.146693 -0.243243 0.039634 0.099013 0.004351 
1.862096 0.222585 0.545683 -0.671006 -0.518532 0.066189 -0.059656 -0.001532 -0.115416 -0.104693 -0.088164 -0.304443 0.039748 0.111195 -0.024251 
1.979634 0.089644 0.537329 -0.651410 -0.551263 0.105113 -0.097149 0.023801 -0.171005 -0.074175 -0.106778 -0.283815 0.069114 0.114522 0.012340 
1.888055 -0.151230 0.502977 -0.633561 -0.500246 0.099791 -0.140930 0.042898 -0.134637 -0.130855 -0.026873 -0.199593 0.069476 0.165332 0.004679 
1.930128 -0.524699 0.272775 -0.551833 -0.247190 -0.065653 -0.243938 0.151888 -0.116027 -0.170776 -0.128173 -0.011203 0.129526 0.122061 0.141505 
1.944385 -0.878699 0.218734 -0.503461 -0.322595 -0.091423 -0.187450 0.121838 -0.105580 -0.151418 -0.037155 -0.029320 0.256204 0.225730 -0.006683 
1.704476 -1.024931 0.271928 -0.519459 -0.242659 -0.191351 -0.138746 0.055942 -0.187206 0.040771 0.039643 0.115996 0.227031 0.092712 0.025458 
1.549511 -1.118921 0.229229 -0.499105 -0.191775 -0.272653 0.027885 -0.058510 -0.254983 0.095475 0.195871 0.173614 0.133891 0.036537 0.005557 
1.596707 -1.042674 0.392435 -0.507593 -0.234125 -0.205195 -0.190482 -0.036505 -0.044926 0.111983 0.144585 0.180094 0.020971 0.050006 0.024733 
1.598752 -0.979885 0.296033 -0.544676 -0.075188 -0.074099 -0.268904 -0.110377 -0.135727 0.154213 0.347092 0.106383 -0.124694 0.049153 0.087935 
1.495249 -0.802119 0.312079 -0.441285 -0.058705 -0.148543 -0.264839 -0.163589 -0.120645 0.238463 0.338947 0.003169 -0.104107 0.113789 0.144282 
1.465197 -0.764738 0.424677 -0.367541 0.010526 -0.289533 -0.325634 -0.154342 -0.065993 0.301166 0.192126 -0.034852 0.012443 0.154879 0.183012 
1.447411 -0.808673 0.526911 -0.447314 0.020963 -0.223691 -0.483534 -0.134954 -0.035629 0.290196 0.018426 -0.048335 0.193032 0.146883 0.065400 
1.520758 -0.880069 0.808517 -0.351297 0.010000 -0.181215 -0.514219 -0.083060 -0.088809 0.250180 -0.183221 -0.034012 0.231018 0.112705 0.016257 
1.163598 -0.658457 0.779045 -0.003664 0.211291 -0.113826 -0.314904 -0.187981 -0.036777 0.053655 -0.320856 -0.126158 0.079071 0.052108 -0.105626 
0.838472 -0.135166 0.524098 -0.022177 0.316555 -0.312290 -0.131594 -0.215315 0.016811 0.152901 -0.255946 -0.094657 0.116129 0.069798 -0.085888 
0.608508 -0.050390 0.595358 -0.145251 0.317827 -0.301599 -0.115328 -0.174162 0.059632 0.093312 -0.166880 -0.076635 0.118545 0.065269 -0.104795 
0.350028 -0.081616 0.644498 -0.085024 0.504410 -0.462833 -0.016725 -0.106824 -0.024864 0.060073 -0.270938 -0.025802 0.107042 -0.038134 -0.074955 
0.205760 -0.123807 0.752714 -0.073502 0.547548 -0.462436 -0.085549 -0.077130 -0.017517 -0.006693 -0.313292 -0.003167 0.074525 -0.070488 -0.053487 
0.022169 -0.110620 0.876561 -0.078720 0.443798 -0.374196 -0.102683 -0.106728 0.018577 -0.095787 -0.206540 -0.094092 0.089857 -0.020598 -0.146191 
0.219792 -0.231539 1.009751 -0.189201 0.398582 -0.418643 -0.123311 0.056607 -0.247186 0.116625 -0.294340 -0.059154 0.200421 -0.158853 -0.020764 
0.387986 -0.442534 1.096497 -0.169615 0.334712 -0.354170 -0.216733 0.123599 -0.267529 0.037314 -0.251296 -0.070679 0.190081 -0.163260 -0.050715 
0.542692 -0.471466 1.201225 -0.201916 0.243784 -0.389645 -0.206859 0.175020 -0.278136 0.037617 -0.241010 0.008981 0.222416 -0.206897 -0.029424 
0.579065 -0.531514 1.267823 -0.089791 0.086373 -0.277842 -0.213696 0.084521 -0.178033 -0.133177 -0.138391 -0.019150 0.131258 -0.135693 -0.077304 
0.842391 -0.719414 1.330748 -0.065218 -0.049199 -0.154192 -0.284375 0.114282 -0.180788 -0.197760 -0.055321 -0.036908 0.061881 -0.062258 -0.097941 
0.963177 -0.829540 1.353960 0.003277 -0.197439 -0.139786 -0.275549 0.082268 -0.200136 -0.224011 -0.006769 -0.007643 -0.027518 0.041968 -0.095947 
1.271776 -1.010547 1.411950 0.139319 -0.376785 -0.056921 -0.293981 0.070217 -0.153385 -0.230803 0.010718 0.057320 -0.077331 0.074044 -0.026077 
1.276568 -1.021069 1.201078 0.117548 -0.229152 -0.140331 -0.227708 0.011491 -0.154717 -0.120847 -0.060238 0.033296 -0.061908 0.080968 0.036339 
1.515082 -0.760137 0.960692 0.237721 -0.270993 0.063345 -0.310032 -0.030586 -0.065478 -0.155948 0.061814 -0.008635 -0.155352 0.138572 0.069913 
1.386231 -0.469845 0.891704 0.105590 -0.204917 0.224356 -0.092877 -0.065932 -0.256284 -0.251756 0.105695 -0.195512 -0.200545 0.078614 -0.044852 
1.358996 -0.471006 0.842022 0.122856 -0.178451 0.142985 0.016217 -0.063504 -0.361552 -0.150593 0.067683 -0.250352 -0.138465 0.087386 -0.111424 
1.318231 -0.473116 0.753833 0.160344 -0.198105 0.246253 0.013703 -0.177262 -0.310221 -0.144072 0.061660 -0.231066 -0.089420 0.004712 -0.082000 
1.466927 -0.628187 0.824273 0.063252 -0.222736 0.281080 0.098238 -0.175693 -0.383131 -0.045259 -0.071747 -0.133024 -0.054437 -0.057704 -0.000174 
1.397082 -0.569508 0.727491 0.116888 -0.296088 0.333402 0.092558 -0.181960 -0.347238 -0.089153 -0.009925 -0.143413 -0.046478 -0.017461 -0.020944 
1.525960 -0.685973 0.772503 0.036447 -0.265940 0.296260 0.137190 -0.150648 -0.374686 -0.053218 -0.047636 -0.081507 -0.071215 0.026168 -0.014955 
1.594798 -0.635072 0.634524 -0.199736 -0.360944 0.194619 0.112871 -0.045421 -0.283283 -0.101421 -0.006564 -0.077479 -0.018033 0.128762 0.047360 
1.791640 -0.877764 0.157668 -0.723163 -0.219656 0.046748 -0.020194 0.087429 -0.215782 0.063617 0.338362 0.022841 -0.122790 0.127031 -0.092771 
1.805072 -0.883111 0.171032 -0.727283 -0.136525 0.068709 -0.054617 0.076074 -0.187300 0.179276 0.320848 -0.013873 -0.187509 0.020074 -0.040728 
1.778774 -0.846090 0.116872 -0.686106 -0.088380 0.076933 0.015655 0.015968 -0.131261 0.186054 0.318387 -0.039086 -0.246121 -0.000712 -0.038698 
1.751612 -0.888404 0.099396 -0.696782 -0.066682 0.053408 0.030333 0.029473 -0.130109 0.177568 0.294520 -0.038203 -0.249378 -0.005571 -0.005034 
1.622840 -0.898133 0.107615 -0.728737 -0.075139 0.112737 0.012591 0.059889 -0.157032 0.213275 0.278315 -0.066175 -0.233869 -0.036943 -0.026192 
1.640262 -0.925701 0.081815 -0.732648 -0.069979 0.100126 0.007159 0.095532 -0.171387 0.217645 0.269136 -0.066162 -0.257908 -0.020976 -0.015693 
1.637246 -0.934902 0.027707 -0.712262 -0.051306 0.118642 0.045925 0.063639 -0.142684 0.170957 0.285434 -0.089675 -0.257009 -0.031498 -0.010341 
1.669771 -0.939428 0.048745 -0.761172 -0.019794 0.128768 0.064870 0.078738 -0.152499 0.132230 0.273123 -0.089735 -0.235278 -0.008414 -0.034645 
1.764682 -0.982013 0.015203 -0.739343 -0.015984 0.180275 0.031538 0.118482 -0.194202 0.130184 0.248854 -0.107447 -0.222166 0.025144 -0.036434 
1.800591 -0.958699 -0.001034 -0.717221 -0.013737 0.174540 -0.006731 0.138430 -0.213002 0.144226 0.253352 -0.123597 -0.203807 0.023540 -0.023740 
1.974310 -1.031386 -0.014842 -0.666318 -0.065961 0.210698 -0.093566 0.192708 -0.240824 0.138430 0.322228 -0.221013 -0.147564 0.021699 -0.013497 
1.959092 -0.830657 -0.048631 -0.623640 -0.054332 0.166223 -0.099601 0.208196 -0.217147 0.182340 0.281992 -0.264371 -0.120985 0.013227 -0.017517 
1.933268 -0.623584 -0.117931 -0.551451 -0.035770 0.123819 -0.113521 0.139075 -0.183923 0.206993 0.328305 -0.289649 -0.095518 -0.036493 -0.004532 
1.809850 -0.530948 -0.178576 -0.446165 0.024888 0.065080 -0.127639 0.054172 -0.277043 0.220017 0.267621 -0.175050 -0.015247 -0.042128 0.012396 
1.753672 -0.599776 -0.190424 -0.427954 0.006651 -0.061110 -0.147549 0.108550 -0.097502 0.210725 0.304393 -0.168142 -0.118511 -0.062081 0.019571 
1.060213 -0.313508 -0.426393 -0.419001 -0.020447 -0.105477 0.094016 0.101087 -0.197748 0.332841 0.305408 -0.214744 -0.201214 -0.098851 -0.009185 
1.574621 -0.445611 -0.528654 -0.394900 -0.104149 0.027864 0.059568 0.028454 -0.106784 0.288962 0.241108 -0.158483 -0.117432 -0.229913 -0.013230 
1.086879 -0.156305 -0.601773 -0.372157 -0.201260 0.103429 0.032242 -0.025893 -0.053767 0.343295 0.325160 -0.220089 -0.183567 -0.176988 -0.156904 
0.549469 -0.062350 -0.557682 -0.438040 -0.243542 0.085419 -0.002612 -0.087123 0.094813 0.264797 0.209949 -0.060839 -0.228899 -0.084594 -0.138207 
0.032255 -0.031671 -0.260993 -0.280480 -0.045234 0.141986 -0.011694 -0.153778 -0.166100 0.100463 0.147846 -0.005879 -0.009167 -0.003121 -0.111628 
-0.244503 -0.240559 -0.265268 -0.167165 -0.110230 0.103922 -0.079950 0.010809 0.013443 -0.035262 0.140804 -0.043846 -0.065849 0.040149 -0.029240 
