city022_056
DENENCHOOFU
114
0.079950 0.531366 0.259711 0.274168 -0.156971 0.196257 -0.034335 0.058574 -0.035089 -0.010063 0.008133 0.029763 -0.065749 0.046107 -0.017357 
0.267789 0.598164 0.054615 0.345834 -0.065162 0.302673 0.004373 -0.133002 -0.010462 0.102612 -0.076783 0.001925 -0.002569 -0.005413 -0.057254 
0.706952 0.537474 0.739288 0.312348 -0.510800 0.416073 -0.103160 -0.265491 -0.067115 -0.049919 -0.228939 -0.120071 -0.019997 -0.083764 -0.121865 
0.905720 0.301369 0.772661 0.184681 -0.541875 0.381964 -0.050324 -0.233836 -0.108416 -0.054100 -0.227760 -0.116284 -0.069867 -0.002332 -0.177251 
0.796576 0.769482 0.658297 0.469706 -0.309548 0.269409 -0.131998 -0.182598 -0.089800 -0.064326 -0.215261 -0.078604 -0.076958 -0.030029 -0.136470 
0.704879 0.759639 0.496388 0.502449 -0.219052 0.232553 -0.101770 -0.225570 -0.064853 -0.045571 -0.161760 -0.161388 -0.043141 0.025668 -0.214365 
0.565540 0.710768 0.425004 0.639429 0.023709 0.072283 -0.173284 0.007810 -0.098163 0.024393 -0.286652 -0.098926 0.020457 -0.087849 -0.147182 
1.086815 -0.565768 0.428343 -0.003055 -0.018469 -0.100403 -0.220652 0.082759 -0.160531 0.066007 -0.234070 0.159089 0.072681 -0.102867 -0.008901 
1.361757 -0.564303 0.796400 0.194663 -0.233297 -0.126369 -0.510866 0.060863 -0.170406 -0.071817 -0.276629 0.094586 0.162829 -0.023310 -0.097929 
1.401354 -0.783461 0.856506 -0.074710 -0.199534 -0.196844 -0.522289 0.040989 -0.172833 -0.003452 -0.255117 0.188155 0.160637 0.056227 -0.114148 
1.487387 -0.888822 0.890732 -0.259537 -0.212735 -0.202321 -0.431919 0.106552 -0.204929 -0.063008 -0.132302 0.168009 0.135188 0.053796 -0.131268 
1.316130 -0.814129 0.953721 -0.186462 -0.212756 -0.255655 -0.407231 0.094067 -0.157183 -0.010650 -0.111213 0.174666 0.138758 0.026906 -0.091282 
1.333232 -0.859945 1.026951 -0.199567 -0.239917 -0.272294 -0.360356 0.088414 -0.186404 -0.001107 -0.078154 0.185847 0.086462 0.058323 -0.079427 
1.260697 -0.822522 1.052742 -0.180332 -0.239944 -0.290574 -0.372262 0.130154 -0.224562 -0.002887 -0.055268 0.176197 0.087601 0.054480 -0.066895 
1.292671 -0.835110 1.018500 -0.246575 -0.245166 -0.286874 -0.330683 0.104377 -0.218360 0.026515 -0.047665 0.175806 0.065766 0.080338 -0.092260 
1.326360 -0.811643 0.975839 -0.264607 -0.232318 -0.297314 -0.292460 0.113706 -0.228173 0.030923 -0.013514 0.148442 0.049545 0.086498 -0.089843 
1.428213 -0.875972 0.921515 -0.415729 -0.188688 -0.314661 -0.244980 0.140520 -0.277798 0.067484 -0.036872 0.177644 0.005793 0.109369 -0.081644 
1.411953 -0.851200 0.880432 -0.305571 -0.261034 -0.257253 -0.286059 0.145932 -0.248934 0.061110 0.035749 0.145216 0.020997 0.063593 -0.016537 
1.328910 -0.722974 0.986724 -0.224335 -0.303880 -0.221477 -0.253429 0.160175 -0.270296 0.058128 0.066446 0.082574 0.001931 0.092259 -0.058999 
1.390964 -0.742007 1.126866 -0.240156 -0.353457 -0.148670 -0.236754 0.211179 -0.387762 0.052378 0.033594 0.056226 -0.089193 0.160283 -0.123041 
1.374875 -0.686112 1.215505 -0.184096 -0.395263 -0.083256 -0.246952 0.191338 -0.370748 0.033770 0.089121 -0.003616 -0.063235 0.149135 -0.106561 
1.377464 -0.653243 1.265654 -0.193224 -0.446202 0.029911 -0.272275 0.172428 -0.399788 0.023009 0.094645 -0.082509 -0.060368 0.176581 -0.122192 
1.388690 -0.576804 1.292946 -0.194557 -0.585634 0.200306 -0.330459 0.189577 -0.404384 -0.036086 0.154958 -0.213759 -0.013930 0.148152 -0.107850 
1.384368 -0.539216 1.365057 -0.319238 -0.482364 0.194538 -0.319837 0.194279 -0.424113 -0.008024 0.082277 -0.192926 -0.059687 0.178373 -0.140855 
1.334088 -0.438645 1.331802 -0.342231 -0.497225 0.255973 -0.295917 0.146986 -0.365162 -0.080402 0.101422 -0.278421 -0.027207 0.155128 -0.154456 
1.291447 -0.373264 1.330121 -0.368781 -0.453514 0.307524 -0.338995 0.155896 -0.404978 -0.019153 0.028417 -0.250298 -0.010688 0.125924 -0.130616 
1.325423 -0.311043 1.279013 -0.332462 -0.509776 0.333351 -0.332099 0.162964 -0.372989 -0.079859 0.058301 -0.289042 -0.027867 0.117841 -0.116281 
1.313771 -0.274729 1.298206 -0.371979 -0.427162 0.248986 -0.287672 0.133961 -0.378310 -0.046488 0.022012 -0.248774 -0.050717 0.131065 -0.128933 
1.309888 -0.275612 1.275112 -0.293241 -0.546537 0.273466 -0.292578 0.133063 -0.345356 -0.106778 0.081241 -0.306918 -0.047200 0.136270 -0.160569 
1.389128 -0.352014 1.345928 -0.262519 -0.581072 0.289265 -0.340143 0.162284 -0.416214 -0.003379 0.034318 -0.248188 -0.033981 0.126956 -0.134443 
1.389589 -0.409877 1.386084 -0.253707 -0.511137 0.175136 -0.284480 0.119042 -0.422294 0.034783 0.041191 -0.190901 -0.035148 0.148052 -0.113655 
1.342544 -0.452532 1.358631 -0.213020 -0.482177 0.084621 -0.252634 0.087880 -0.413793 0.060536 0.072992 -0.163750 0.018884 0.128793 -0.072186 
1.390651 -0.540462 1.330437 -0.225977 -0.451889 0.007762 -0.229376 0.109931 -0.436836 0.122566 0.019883 -0.059815 -0.033586 0.153884 -0.067773 
1.312281 -0.558562 1.205427 -0.238727 -0.400297 -0.060563 -0.203525 0.105571 -0.426028 0.119967 0.010595 -0.032197 -0.021171 0.118190 -0.029340 
1.360174 -0.609143 1.120337 -0.232844 -0.389775 -0.096893 -0.185991 0.095123 -0.406919 0.099144 0.020401 -0.017240 -0.011030 0.089574 0.003324 
1.298266 -0.585252 1.040839 -0.236759 -0.352763 -0.151641 -0.153417 0.077048 -0.369997 0.041846 0.073451 -0.034287 -0.008837 0.102436 -0.015894 
1.340013 -0.614527 1.031484 -0.297493 -0.293136 -0.179822 -0.144564 0.083944 -0.374630 0.041128 0.049968 -0.009936 -0.033892 0.118684 -0.023572 
1.323461 -0.653273 1.019978 -0.329705 -0.237627 -0.175219 -0.147245 0.065090 -0.360240 0.020479 0.026345 0.016891 -0.049401 0.113918 -0.013158 
1.330998 -0.641688 1.053870 -0.311659 -0.214850 -0.163404 -0.180973 0.113559 -0.382284 0.034429 0.013631 0.024355 -0.059085 0.091586 0.009136 
1.337469 -0.626275 1.108810 -0.272853 -0.223680 -0.181042 -0.203358 0.157683 -0.408016 0.058018 -0.011399 0.040601 -0.042204 0.047597 0.026036 
1.406744 -0.624647 1.194246 -0.179711 -0.271724 -0.164886 -0.230310 0.198985 -0.457378 0.109295 -0.071716 0.082479 -0.053805 0.026694 0.021334 
1.407587 -0.514820 1.159539 0.006764 -0.274962 -0.180460 -0.203383 0.164398 -0.442819 0.080053 -0.082342 0.075135 -0.025425 -0.024297 0.044393 
1.438111 -0.429966 1.132146 0.061148 -0.242777 -0.152372 -0.139938 0.096183 -0.420211 0.038624 -0.166448 0.058283 -0.084186 -0.023927 -0.019219 
1.330262 -0.359764 1.093982 0.155643 -0.278796 0.165183 -0.272899 0.005227 -0.311953 0.004804 -0.224597 0.008689 -0.086438 -0.080853 0.058886 
1.155463 -0.184054 1.076894 -0.118489 -0.212489 0.532742 -0.334678 -0.176658 -0.232633 0.014215 -0.312464 -0.037549 -0.080413 -0.137609 -0.022488 
1.110822 -0.185184 1.080171 -0.179603 -0.189571 0.489430 -0.297827 -0.191634 -0.205501 -0.046639 -0.311272 -0.006095 -0.130022 -0.087281 -0.064165 
1.098951 -0.246215 1.034467 -0.014524 -0.230298 0.421608 -0.324566 -0.104269 -0.203590 -0.099958 -0.225552 -0.075639 -0.079815 -0.128428 -0.006014 
1.115674 -0.243109 1.044283 0.019319 -0.255070 0.413705 -0.322178 -0.075880 -0.205501 -0.108939 -0.221675 -0.067348 -0.106247 -0.092599 -0.049456 
1.064483 -0.190855 1.034048 -0.000704 -0.207407 0.350228 -0.302597 -0.089566 -0.145986 -0.175083 -0.205245 -0.060181 -0.106430 -0.108886 -0.042227 
1.114725 -0.133106 1.001656 0.015750 -0.219853 0.334030 -0.278627 -0.087845 -0.105826 -0.221470 -0.202866 -0.058899 -0.093924 -0.153015 -0.007308 
1.050895 0.026155 0.924586 0.166414 -0.286711 0.411138 -0.378305 -0.082543 -0.079844 -0.211252 -0.214438 -0.053979 -0.109813 -0.130800 -0.025150 
1.066244 0.171636 0.826859 0.115061 -0.266250 0.432939 -0.338896 -0.086353 -0.085645 -0.207381 -0.248395 -0.019195 -0.165596 -0.121001 -0.028221 
1.048304 0.370138 0.645878 0.011703 -0.390292 0.541251 -0.093672 -0.155525 -0.078114 -0.181304 -0.322800 -0.038379 -0.103511 -0.157265 0.015106 
0.823708 0.667780 0.542051 0.194992 -0.251961 0.331160 -0.159779 -0.088828 -0.119537 -0.104876 -0.292875 -0.022652 -0.110120 -0.201945 0.040528 
0.527291 0.747643 0.397188 0.268163 -0.058468 0.351837 -0.220973 -0.103511 0.011010 -0.063243 -0.219058 0.037292 -0.129445 -0.055876 -0.050670 
0.346354 0.393465 0.266448 0.494003 -0.002947 0.222648 -0.122290 0.021758 -0.125330 -0.105333 -0.061059 -0.020786 -0.195806 0.020088 -0.122312 
0.180148 0.531465 0.297431 0.317098 -0.077240 0.381781 -0.184499 -0.020322 -0.096049 0.061580 -0.157880 0.026845 -0.070041 -0.058890 -0.006666 
-0.109833 0.410456 0.387655 0.398655 -0.147482 0.153136 -0.073838 0.113244 -0.016518 0.072339 -0.148741 0.152280 -0.015319 -0.057092 0.016293 
-0.069517 0.153546 0.102604 0.383319 -0.141439 0.186892 -0.095199 0.084274 -0.160477 0.087227 -0.056606 0.073042 -0.088326 0.002175 0.036002 
-0.162888 0.215904 0.041361 0.360404 -0.061225 0.024214 -0.109660 -0.016778 -0.074646 0.036121 -0.087284 0.061300 -0.075167 0.015544 0.009998 
-0.271677 -1.060503 0.680784 -0.724819 0.098068 0.170931 -0.312651 0.363032 -0.272421 0.202413 -0.065169 -0.006980 -0.010822 0.008663 0.001099 
-0.882169 -0.574918 0.749584 -0.602241 0.273674 0.055977 -0.240166 0.381049 -0.294362 0.090510 0.008147 -0.006023 0.000327 -0.006575 0.002478 
-1.164398 -0.586184 0.689762 -0.703889 0.517919 -0.034263 -0.173473 0.353429 -0.293321 0.006483 0.106420 -0.009731 -0.055932 0.065402 -0.085962 
-1.289353 -0.793795 0.794714 -0.751456 0.321668 -0.201550 -0.179368 0.469339 -0.252045 0.026120 0.032425 -0.011287 -0.018268 0.036416 -0.103518 
-0.802305 -0.681998 0.840816 -0.665909 0.286513 -0.105168 -0.245340 0.315980 -0.056289 -0.066027 0.033302 -0.013297 0.017144 0.054396 -0.181084 
-0.585365 -0.806331 0.889670 -0.608389 0.263442 0.047035 -0.240325 0.359631 -0.190879 -0.004428 0.022945 0.031069 -0.060265 0.066551 -0.084412 
0.621355 -0.697770 1.101557 -0.065705 -0.012258 -0.041905 -0.522893 0.061562 -0.055836 -0.068178 -0.158878 -0.081681 0.110691 0.138252 -0.192338 
1.495290 -0.830794 0.977093 0.255474 -0.260933 0.118783 -0.645436 0.048848 -0.071437 -0.073972 -0.140667 -0.119187 0.065519 0.238362 -0.206723 
1.617090 -0.895144 0.878289 -0.113875 -0.157001 0.024664 -0.497163 -0.074299 -0.227915 0.099163 0.000068 -0.109551 0.003720 0.283417 -0.080443 
1.693301 -0.854476 0.677858 -0.245923 0.022772 -0.070077 -0.486767 -0.098132 -0.378031 0.187903 0.099175 -0.102860 -0.093138 0.346208 0.005185 
1.807411 -0.788381 0.453153 -0.225280 -0.026757 0.044620 -0.487066 -0.117592 -0.497923 0.180323 0.167339 -0.114931 -0.042496 0.238031 -0.015178 
1.733773 -0.746531 0.481590 -0.339401 -0.075254 0.099516 -0.326862 -0.160584 -0.554173 0.068060 0.138027 0.026959 -0.080805 0.248498 -0.139210 
1.801121 -0.776713 0.459559 -0.328592 -0.155983 0.118887 -0.274255 -0.074579 -0.554243 -0.014343 0.130156 -0.014980 0.029083 0.222065 -0.154457 
1.910326 -0.781801 0.374853 -0.341822 -0.285034 0.192338 -0.308501 0.071008 -0.511007 -0.120876 0.107886 -0.122103 0.202068 0.239865 -0.160576 
1.964609 -0.750012 0.360261 -0.385225 -0.317595 0.133950 -0.239171 0.106564 -0.460913 -0.108571 0.022876 -0.075210 0.166631 0.284237 -0.138829 
1.972578 -0.768122 0.325939 -0.411034 -0.351837 0.136514 -0.249915 0.139458 -0.399271 -0.132462 -0.034049 -0.012357 0.157806 0.295291 -0.110223 
1.930142 -0.761756 0.319852 -0.480576 -0.297363 0.026946 -0.224713 0.141484 -0.363800 -0.090489 -0.089272 0.016488 0.145366 0.336568 -0.126193 
1.859435 -0.673499 0.294466 -0.500994 -0.303277 -0.001308 -0.253566 0.160979 -0.313572 -0.117059 -0.061186 -0.016006 0.188220 0.287603 -0.102626 
1.894415 -0.562033 0.290146 -0.529183 -0.249111 -0.056800 -0.264276 0.175835 -0.311388 -0.075215 -0.105479 0.001164 0.129217 0.269000 -0.070055 
1.883837 -0.411690 0.304869 -0.523393 -0.223431 -0.095924 -0.256392 0.148807 -0.299764 -0.039964 -0.098896 -0.060359 0.108447 0.226639 -0.056340 
1.918737 -0.297338 0.380487 -0.547496 -0.162333 -0.094151 -0.297766 0.133503 -0.320320 -0.013598 -0.093440 0.029893 -0.014380 0.240846 -0.066264 
1.883982 -0.042477 0.355587 -0.552137 -0.290984 0.044792 -0.282981 0.131872 -0.340250 -0.100509 -0.011656 -0.057583 0.081140 0.177707 -0.000036 
2.021991 0.109414 0.432007 -0.545477 -0.466018 0.144167 -0.198173 0.149439 -0.465746 -0.054017 -0.032213 -0.122228 0.097846 0.309868 -0.040719 
2.085996 0.195911 0.249075 -0.519104 -0.424912 0.122622 -0.103516 0.067572 -0.384100 -0.024988 -0.067380 -0.153954 0.128094 0.268787 -0.116862 
1.947500 0.209049 0.234881 -0.341803 -0.096883 0.164112 0.061333 0.247427 -0.378727 0.047534 -0.150804 -0.126069 -0.008526 0.159227 -0.083055 
1.494549 -0.415643 0.343970 0.234722 0.109701 0.248787 0.004395 0.276095 -0.249454 0.030783 -0.036068 0.132758 0.000040 -0.063159 0.001364 
1.032256 -0.324702 0.679414 -0.110804 0.010301 0.329666 -0.146698 0.052570 -0.124922 0.192085 -0.105429 0.022910 0.030824 -0.014177 -0.055893 
0.919394 -0.507176 0.391550 0.118310 0.227679 0.227687 -0.194657 0.120262 -0.122947 0.064441 0.010171 0.016999 -0.054043 0.052282 -0.123170 
0.834656 -0.890590 0.399326 0.039844 0.125141 0.284111 -0.186296 0.254960 -0.240256 0.076469 0.067309 -0.006843 0.065210 -0.090885 -0.027935 
0.833762 -0.974410 0.434260 0.108455 0.069509 0.239643 -0.297000 -0.017800 -0.145933 0.226700 0.009278 -0.119193 -0.058003 0.068299 0.042216 
0.660266 -0.928555 0.296687 0.208325 0.177606 0.277838 -0.158680 0.172907 -0.021860 0.166675 -0.095560 0.060953 0.063895 -0.031919 0.025181 
0.370708 -1.025559 0.351680 0.100760 0.154386 0.343255 -0.209143 0.152165 -0.128275 0.125293 0.026508 0.030767 -0.041218 0.015244 0.005240 
0.468361 -1.036650 0.265351 0.073703 -0.062284 0.105498 -0.077142 -0.002757 -0.133897 0.244501 -0.111429 0.007663 -0.057526 0.088114 -0.037991 
0.619309 -0.760279 0.211137 -0.012048 0.029247 0.097237 -0.329484 0.088122 -0.124966 0.162260 0.014055 -0.081941 -0.022770 0.081539 -0.013145 
0.683293 -0.603111 0.469948 0.067752 -0.070127 0.063072 -0.295378 0.030503 -0.193377 0.022787 0.040896 -0.031723 -0.067220 0.064147 0.002180 
0.756315 -0.476031 0.207339 0.044674 0.101724 0.179186 -0.325039 0.114851 -0.073192 0.195322 -0.141217 0.090823 -0.128871 0.097262 -0.006022 
1.171652 -0.251319 0.111159 0.019244 -0.105743 0.103434 -0.261793 0.089246 -0.255449 -0.019879 0.076592 -0.047565 -0.020052 0.104893 -0.121811 
1.358470 -0.374491 0.256599 -0.205218 -0.271518 0.401539 -0.231281 -0.103764 -0.430949 -0.052207 0.239157 -0.085611 0.023473 0.168076 -0.259822 
1.507526 -0.101797 0.210243 -0.105092 -0.129231 0.400839 -0.291869 -0.107985 -0.476384 -0.020126 0.071822 -0.032505 -0.059523 0.068717 -0.184902 
1.524047 0.004161 0.203425 -0.039122 -0.152986 0.398889 -0.276352 -0.199293 -0.417619 -0.031635 0.171221 -0.085891 -0.054549 0.057001 -0.172214 
1.320485 0.062434 0.187698 0.006640 -0.161218 0.360563 -0.313401 -0.238590 -0.446904 -0.005779 0.114418 -0.121517 -0.043108 0.051467 -0.162496 
1.306732 0.014064 0.278417 0.000272 -0.117969 0.357835 -0.330664 -0.288606 -0.522164 0.053985 0.116947 -0.122825 -0.139640 0.107655 -0.191610 
1.445463 -0.074266 0.349018 0.005209 -0.160664 0.378515 -0.375827 -0.293095 -0.409077 0.061267 0.126519 -0.118530 -0.125934 0.118495 -0.123141 
1.572643 -0.084207 0.179261 0.111036 -0.125686 0.281703 -0.295068 -0.278347 -0.390433 0.114704 0.005663 -0.123932 -0.117735 0.098293 -0.078029 
1.005265 0.389262 -0.045137 0.100326 -0.016796 0.132585 -0.251403 -0.396415 -0.374149 0.218729 0.090461 -0.134741 -0.063299 0.077890 -0.048374 
1.181634 -0.247099 0.246809 -0.032176 -0.113792 0.193404 -0.294154 -0.208908 -0.326110 0.124509 0.024244 -0.012456 -0.121664 0.146819 -0.057885 
0.997166 -0.157608 0.278802 0.027341 -0.002249 0.172518 -0.394087 -0.310561 -0.479347 0.161129 0.051957 -0.195782 -0.142954 0.163649 -0.065404 
1.135142 -0.012666 0.187343 -0.019672 0.036776 0.174993 -0.353667 -0.331808 -0.324782 0.064568 0.072116 -0.169041 -0.088434 0.106316 -0.104192 
0.667323 0.144305 0.141609 -0.037152 0.073827 0.137387 -0.339928 -0.335842 -0.365214 0.216008 -0.122861 -0.086566 -0.035615 0.008423 -0.029109 
1.108666 -0.082557 0.034158 -0.079912 -0.004637 0.041377 -0.311066 -0.098114 -0.459419 0.226323 -0.063077 -0.062028 0.048581 0.081964 -0.070947 
0.865393 0.308521 0.134345 0.115250 0.035970 0.074772 -0.434918 -0.279908 -0.377104 0.198220 0.014527 -0.256457 -0.030604 0.168310 -0.017658 
0.974313 0.030672 0.275217 0.135431 0.012886 0.220308 -0.478027 -0.197618 -0.343199 0.138735 0.058491 -0.312014 -0.068540 0.168189 -0.081588 
-0.041945 0.277103 -0.026225 0.276098 0.008659 -0.052003 -0.440289 -0.305030 -0.256521 0.073952 -0.044501 -0.175437 -0.047422 0.141979 0.125063 
-0.203255 0.232302 -0.107368 0.199809 -0.214626 -0.100514 -0.197989 -0.019527 -0.080495 0.099500 -0.014614 -0.007613 0.030259 0.079382 -0.041832 
