city022_020
TOOKYOO
69
-0.337752 -0.489861 0.331624 -0.139177 -0.044259 0.178427 0.040549 0.115937 -0.019817 -0.156307 0.081580 0.010193 0.044770 -0.096179 0.111765 
0.376240 -0.852948 0.712735 -0.423241 0.158248 -0.072732 -0.060437 0.136913 0.092531 -0.072271 -0.029192 0.025266 0.018323 -0.055939 0.069852 
1.807058 -0.086270 0.565319 -0.222514 0.013695 0.230122 -0.211162 -0.218284 -0.247309 0.061886 0.180303 -0.168994 0.135063 -0.052797 -0.027085 
1.871407 -0.209319 0.538284 -0.487989 -0.167450 0.277624 -0.279734 -0.219764 -0.355900 -0.138536 0.319726 -0.142943 0.213070 0.050728 -0.104868 
1.840614 -0.252170 0.541274 -0.623616 -0.332676 0.351923 -0.194100 -0.113099 -0.355169 -0.164713 0.204685 -0.113234 0.274928 0.135393 -0.107517 
1.884780 -0.175672 0.556157 -0.686747 -0.386342 0.319774 -0.127792 -0.031048 -0.328789 -0.217227 0.114363 -0.189312 0.298717 0.174892 -0.024494 
1.813431 -0.080546 0.518391 -0.665596 -0.368739 0.224173 -0.074044 -0.018009 -0.304293 -0.213569 0.047330 -0.212938 0.246192 0.169672 0.031407 
1.832554 -0.056051 0.448953 -0.649527 -0.333892 0.101069 -0.116636 0.001854 -0.195409 -0.278120 -0.000083 -0.195689 0.155713 0.122032 0.126659 
1.876371 -0.195886 0.330372 -0.565577 -0.246667 0.030531 -0.269004 0.159786 -0.131581 -0.380383 -0.041683 -0.155209 0.138317 0.050574 0.194197 
1.893008 -0.175884 0.263120 -0.547913 -0.167580 -0.014611 -0.309868 0.225897 -0.099518 -0.405801 -0.065409 -0.073705 0.094055 0.061387 0.173047 
1.918719 -0.192405 0.239742 -0.538520 -0.118564 -0.063651 -0.297818 0.190922 -0.038632 -0.392274 -0.069934 -0.053212 0.082707 0.060544 0.147150 
1.933601 -0.232998 0.219473 -0.451994 -0.189994 -0.051060 -0.293295 0.135595 -0.047997 -0.355291 -0.025867 -0.098410 0.126323 0.034755 0.148162 
1.952192 -0.275271 0.280754 -0.458931 -0.199394 -0.057738 -0.290834 0.116533 -0.047631 -0.307014 -0.006558 -0.126559 0.139985 0.007077 0.149343 
1.889840 -0.224739 0.281145 -0.456619 -0.145406 -0.085530 -0.269609 0.099790 -0.077446 -0.261382 0.003025 -0.066086 0.113141 0.011286 0.119576 
1.987187 -0.283851 0.357450 -0.495364 -0.185733 -0.060244 -0.317194 0.161167 -0.097331 -0.266257 0.027058 -0.111992 0.126976 -0.003462 0.135218 
1.950905 -0.221266 0.392607 -0.521199 -0.344841 -0.004673 -0.228849 0.115671 -0.114291 -0.231762 0.020418 -0.175933 0.119344 0.022728 0.141086 
1.948353 0.005144 0.537463 -0.678899 -0.498755 0.039563 -0.088208 0.116112 -0.229527 -0.176187 0.071952 -0.288494 0.101207 0.180519 0.116463 
2.028178 0.043940 0.522713 -0.674262 -0.424195 -0.004832 -0.011580 0.197998 -0.303983 -0.193063 0.083936 -0.293565 0.080971 0.189183 0.199765 
2.032960 0.130944 0.438498 -0.641380 -0.363001 -0.019883 0.016471 0.228075 -0.352000 -0.216857 0.073427 -0.301553 0.096181 0.180611 0.233667 
2.004992 0.129312 0.320527 -0.488186 -0.282009 -0.013113 0.070838 0.187103 -0.348753 -0.285533 0.019213 -0.261026 0.058956 0.123406 0.253861 
2.021951 0.185973 0.262166 -0.307540 -0.145431 0.045830 0.151999 0.162558 -0.333683 -0.282876 0.013536 -0.207970 0.037295 0.056261 0.198605 
1.693794 0.437006 -0.023818 -0.039884 0.062589 0.073349 0.188160 0.056389 -0.276814 -0.139937 0.178001 -0.045921 0.050940 0.013093 0.028171 
0.898494 0.497984 0.006021 -0.005691 -0.007145 0.173973 0.306655 0.006042 -0.159283 -0.246748 0.086676 -0.056371 -0.020617 0.106695 0.029776 
0.461932 0.360945 0.014312 -0.067780 -0.132661 0.227321 0.425914 0.083134 0.009384 -0.086343 0.069030 -0.057486 -0.000113 0.210635 0.025863 
0.297981 0.304429 0.018059 -0.047905 -0.077806 0.151264 0.371520 0.154217 0.021718 -0.076586 0.032992 -0.006556 -0.004339 0.103344 0.096634 
0.019435 0.176771 -0.147125 -0.179937 -0.238794 0.096554 0.284588 0.023262 -0.016006 -0.142735 0.086022 -0.086356 -0.036334 0.114090 0.067999 
-0.083865 0.137149 -0.025372 -0.218777 -0.322464 0.028928 0.203369 -0.050853 -0.065853 -0.113068 0.146206 -0.054600 -0.043499 0.101338 0.043530 
0.086475 0.307485 -0.070464 -0.156336 -0.299320 -0.022457 0.113992 -0.052088 -0.214148 -0.004907 0.099073 -0.027011 -0.009624 0.104075 0.041503 
-0.132779 0.116826 -0.077371 -0.152731 -0.216504 -0.046289 0.012631 -0.030815 -0.046213 -0.037761 0.088603 0.048332 -0.041979 -0.007232 0.078017 
-0.289010 0.126800 0.017195 0.098830 -0.173941 -0.238754 -0.129547 -0.086681 -0.088665 -0.006277 0.116973 -0.001382 -0.002455 0.072650 0.071423 
0.128842 -1.458811 0.716709 -0.459905 -0.144635 0.273468 -0.119350 0.009803 0.026666 0.066740 -0.012949 -0.164168 0.205571 -0.152260 0.084905 
-0.483904 -0.857743 0.536945 -0.256598 -0.134195 0.181332 -0.067917 -0.116884 0.023239 0.149682 -0.053141 -0.138085 0.201639 -0.147010 0.039130 
0.035516 -1.062343 0.680053 -0.266096 -0.175965 0.060886 0.087874 -0.098582 0.017290 0.138006 -0.084038 -0.103280 0.158159 -0.089007 0.008112 
0.584270 -0.626080 1.250259 0.187796 -0.312962 -0.103546 -0.059506 -0.060906 -0.127330 -0.194621 0.056915 -0.049586 -0.050033 -0.016683 0.059334 
0.881774 -0.845940 1.449080 0.290341 -0.332112 -0.074032 -0.200751 0.153200 -0.239193 -0.355932 0.209064 -0.140812 -0.087390 -0.024383 0.066409 
1.127546 -1.040877 1.142228 0.177534 -0.133261 -0.290077 -0.211328 0.114795 -0.214350 -0.301333 0.137577 -0.065302 -0.051999 0.007942 0.073250 
1.187851 -1.046714 1.167984 0.005851 -0.014049 -0.381151 -0.290319 0.067888 -0.140991 -0.311077 0.099658 -0.031493 -0.006722 0.073387 0.024095 
1.518601 -1.110682 0.986011 -0.060787 -0.073284 -0.131779 -0.473948 0.034368 -0.119182 -0.210781 0.211571 -0.159782 0.002026 0.177787 0.042258 
1.574188 -1.031311 0.920155 -0.134529 0.019002 -0.153151 -0.511019 -0.030630 -0.114219 -0.121790 0.282007 -0.262249 0.058433 0.189982 0.142760 
1.600056 -0.919288 0.717505 -0.267391 0.027728 -0.090787 -0.454836 -0.111443 -0.201045 0.034147 0.364718 -0.184009 -0.062789 0.214819 0.188389 
1.802012 -0.889021 0.589427 -0.361809 -0.042360 -0.023247 -0.332945 -0.182345 -0.289551 0.023998 0.422790 -0.104155 -0.005100 0.064114 0.155993 
1.776116 -0.888437 0.443205 -0.431506 -0.118226 0.039898 -0.281886 -0.142980 -0.393855 -0.042507 0.397774 -0.089306 0.149937 0.034440 0.020139 
1.824423 -0.911534 0.457043 -0.421390 -0.172250 0.015412 -0.326646 -0.071286 -0.311377 -0.116062 0.377498 -0.097070 0.204479 0.040481 0.007144 
1.842749 -0.946304 0.413901 -0.408683 -0.205472 -0.016056 -0.323270 -0.036270 -0.243011 -0.243358 0.340810 -0.022588 0.209294 0.073969 0.007167 
1.853763 -0.900504 0.348165 -0.408751 -0.188336 -0.064597 -0.302816 -0.021992 -0.224524 -0.222199 0.208872 0.088862 0.208630 0.067829 0.022659 
1.851091 -0.894473 0.324178 -0.412318 -0.181432 -0.084526 -0.270204 -0.080888 -0.178400 -0.189954 0.213631 0.021407 0.247081 0.076890 0.026262 
1.889475 -0.838555 0.352393 -0.379124 -0.169247 -0.114337 -0.319668 -0.097795 -0.106301 -0.121994 0.189496 -0.010570 0.201866 0.099079 0.013803 
1.788925 -0.736345 0.276242 -0.324170 -0.188353 -0.140512 -0.348408 -0.030191 -0.109838 -0.120160 0.161249 -0.027009 0.221847 0.090115 0.038519 
1.937152 -0.898742 0.372069 -0.430474 -0.148147 -0.159130 -0.311184 -0.003705 -0.111866 -0.158283 0.179451 -0.050723 0.283084 0.040448 0.047732 
1.856522 -0.751644 0.255274 -0.419206 -0.189477 -0.135957 -0.279563 0.033079 -0.110903 -0.160295 0.085675 0.045707 0.234594 0.056783 0.032771 
1.969005 -0.808078 0.307867 -0.525600 -0.160692 -0.129078 -0.290424 0.070868 -0.083406 -0.211662 0.087853 0.007228 0.306157 0.023842 0.042988 
2.023043 -0.781837 0.321622 -0.552180 -0.233033 -0.117494 -0.258227 0.136773 -0.111308 -0.225224 0.102739 -0.115324 0.368510 0.019221 0.048871 
2.013870 -0.722872 0.276513 -0.460362 -0.386499 -0.042161 -0.263904 0.168325 -0.116066 -0.224888 0.100801 -0.147157 0.305709 0.092430 0.008750 
2.073486 -0.732712 0.323426 -0.475739 -0.437363 -0.019610 -0.271089 0.183355 -0.076635 -0.233248 0.078443 -0.159509 0.266341 0.092312 0.038196 
1.995948 -0.648261 0.354721 -0.535289 -0.371184 -0.096587 -0.193237 0.123566 -0.020076 -0.237479 0.076227 -0.149812 0.250309 0.034152 0.083222 
1.955043 -0.574905 0.318842 -0.533226 -0.373681 -0.084639 -0.202907 0.119381 -0.001295 -0.226242 0.059340 -0.122867 0.213504 0.037796 0.093438 
1.980907 -0.569733 0.310142 -0.514747 -0.382321 -0.060198 -0.245365 0.145273 -0.005380 -0.204435 0.044190 -0.116220 0.212371 0.028843 0.070470 
1.765817 -0.382590 0.327584 -0.666427 -0.315881 -0.088585 -0.204882 0.180786 -0.026998 -0.218340 0.066584 -0.021316 0.101784 0.052729 0.120329 
1.792490 -0.258063 0.335963 -0.747552 -0.363043 -0.079566 -0.143723 0.166125 -0.043282 -0.205670 0.063638 -0.038049 0.062250 0.102208 0.147721 
1.795939 0.095009 0.354040 -0.856310 -0.520481 0.030971 -0.034851 0.111176 -0.150741 -0.081134 0.068012 -0.141908 0.144288 0.251606 0.074520 
1.813782 0.250437 0.393976 -0.869932 -0.532051 0.058484 -0.001746 0.100075 -0.172429 -0.096196 0.144012 -0.198794 0.244286 0.309689 0.025175 
1.833947 0.281531 0.302201 -0.777498 -0.614684 0.046813 0.008595 0.053055 -0.119723 -0.168956 0.177089 -0.230269 0.219272 0.339651 0.032466 
1.762792 0.358191 0.183960 -0.747971 -0.579909 0.035844 0.012168 0.069226 -0.208241 -0.095983 0.125032 -0.206187 0.266928 0.305762 0.047200 
1.665532 0.549238 0.226496 -0.761316 -0.475365 -0.019508 -0.072388 0.059559 -0.215054 -0.054049 0.158437 -0.176421 0.315651 0.212278 0.023777 
1.698594 0.325819 -0.060125 -0.669175 -0.476853 -0.126515 0.068208 0.011257 -0.173522 -0.114042 0.123252 -0.080764 0.201821 0.272206 0.087945 
1.076816 0.579185 -0.143925 -0.685873 -0.575485 -0.086717 0.101073 -0.055059 -0.125359 -0.137992 0.094356 -0.059916 0.227953 0.346204 0.104806 
1.118950 0.568191 0.015320 -0.683352 -0.401926 -0.069125 0.008929 0.039388 -0.121931 -0.152962 0.093928 -0.202773 0.210911 0.147517 0.065664 
1.303126 0.706550 -0.106491 -0.518233 -0.505821 -0.128951 0.037172 -0.051908 -0.182326 -0.077831 0.106754 -0.088020 0.164199 0.260810 0.043923 
0.388163 0.368322 -0.125100 -0.425567 -0.521729 -0.110252 -0.016981 -0.079564 -0.175508 0.027742 0.184378 0.057182 0.138181 0.184384 0.026139 
