city022_069
KYUUSHUU
66
-0.184064 -0.940526 0.362869 -0.075646 -0.252169 0.427576 -0.325051 -0.106976 0.181035 0.036675 -0.106704 0.091950 -0.068800 -0.006518 0.073451 
0.067083 -0.836646 0.687201 -0.262168 -0.195464 0.389701 -0.311577 -0.154305 0.119106 0.069089 -0.095838 0.081586 -0.072949 0.036549 -0.018239 
0.002266 -0.704698 0.955292 -0.334647 -0.342562 0.250584 -0.403694 0.056264 -0.082038 0.061280 -0.033870 0.060531 0.010513 0.025643 -0.015628 
0.154072 -0.865142 0.925850 -0.202891 -0.237577 0.281355 -0.072531 0.133873 -0.121604 0.125495 -0.099323 0.037320 0.035847 -0.033770 -0.026557 
0.676058 -0.576749 1.066335 -0.083705 -0.272316 0.166050 -0.092378 0.013849 -0.159446 0.106995 -0.130997 0.025564 0.010016 0.003945 -0.103755 
0.515474 -0.703107 1.273585 0.339331 -0.297530 0.072579 -0.101626 0.062201 -0.374630 -0.008356 -0.086131 -0.141749 -0.127976 0.048045 -0.151274 
0.918231 -0.712606 1.259571 0.380877 -0.403528 -0.018721 -0.224431 0.172168 -0.487415 -0.233431 0.119020 -0.221195 -0.212802 0.134691 -0.130234 
0.951325 -0.833057 1.277320 0.380060 -0.344937 -0.103853 -0.274065 0.241301 -0.511892 -0.288549 0.131423 -0.188612 -0.229873 0.154662 -0.120718 
1.037333 -0.843976 1.186930 0.410305 -0.321650 -0.095521 -0.373356 0.235407 -0.437027 -0.279910 0.054723 -0.160826 -0.158890 0.173607 -0.154909 
1.010702 -0.827523 1.152494 0.305264 -0.178533 -0.109252 -0.399943 0.199056 -0.425917 -0.208056 -0.002436 -0.217681 -0.111608 0.205516 -0.210454 
1.061776 -0.747490 0.996803 0.361392 -0.149068 -0.046194 -0.457292 0.176516 -0.363164 -0.229561 0.022071 -0.295613 -0.071088 0.188319 -0.210340 
1.042078 -0.711507 0.986607 0.310228 -0.056938 -0.062626 -0.464193 0.185941 -0.370725 -0.169604 -0.034473 -0.323926 0.000959 0.132744 -0.235110 
1.114006 -0.788777 1.035071 0.272414 -0.035123 -0.017133 -0.495942 0.192629 -0.395794 -0.080065 -0.116054 -0.297724 -0.017285 0.160206 -0.262961 
1.084014 -0.791167 0.989711 0.278322 -0.005380 0.038694 -0.536732 0.153855 -0.341580 -0.080910 -0.109621 -0.347793 0.008599 0.137214 -0.239406 
1.165517 -0.790573 1.021323 0.220925 0.058537 0.035634 -0.531136 0.138961 -0.318854 -0.052196 -0.138592 -0.349213 -0.012335 0.203336 -0.313160 
1.247460 -0.822015 1.037058 0.239876 0.056364 0.110694 -0.586096 0.153817 -0.310860 -0.001304 -0.158127 -0.391205 0.026576 0.164747 -0.269824 
1.328559 -0.800001 1.048561 0.201758 0.066492 0.126291 -0.602131 0.150848 -0.305594 0.005249 -0.150924 -0.391975 0.021211 0.181312 -0.266936 
1.246329 -0.722479 1.015963 0.224721 0.003690 0.106102 -0.527334 0.132898 -0.277476 -0.063119 -0.099233 -0.370727 0.045924 0.141140 -0.287503 
1.194857 -0.726031 1.139262 0.208901 -0.027652 0.051678 -0.476615 0.136816 -0.275857 -0.059705 -0.159729 -0.271710 0.017835 0.146211 -0.312461 
1.155832 -0.696990 1.222055 0.172048 0.000052 0.048307 -0.556836 0.211256 -0.238341 -0.114331 -0.141247 -0.278738 0.081979 0.131895 -0.355659 
1.158616 -0.761291 1.222218 0.234427 -0.112763 0.090187 -0.534967 0.217187 -0.204346 -0.178674 -0.091018 -0.223450 0.046503 0.122285 -0.334257 
1.100136 -0.814265 1.335987 0.212130 -0.169869 0.166322 -0.523001 0.205355 -0.182911 -0.207460 -0.105704 -0.162707 -0.010624 0.101569 -0.325757 
0.925281 -0.683747 1.313305 0.249357 -0.198654 0.126179 -0.468158 0.206055 -0.135754 -0.236454 -0.105874 -0.085278 0.025317 0.010635 -0.263426 
0.944914 -0.538554 1.291708 0.284564 -0.251076 0.174427 -0.443613 0.155001 -0.096373 -0.303158 -0.080321 -0.082956 0.000302 -0.032126 -0.224392 
0.478535 -0.299208 1.318003 0.191444 -0.029711 0.016780 -0.390208 0.247227 -0.222339 -0.193582 -0.186743 -0.029369 0.001419 -0.125476 -0.126469 
0.096302 -0.195436 1.267453 0.099721 0.121114 -0.005232 -0.334662 0.277210 -0.156849 -0.164918 -0.191286 0.064780 -0.047870 -0.126472 -0.051741 
-0.578602 -0.292384 1.403329 -0.151684 0.149075 0.024314 -0.422858 0.087615 -0.111198 -0.162424 -0.306735 0.095567 -0.146472 -0.019089 -0.070384 
-0.899078 -0.348258 1.016148 -0.604027 0.231072 0.243210 -0.392025 0.231151 -0.059170 -0.025823 0.019851 0.045119 -0.111881 0.120804 -0.038502 
-1.170733 -0.593235 0.894163 -0.597697 0.352963 0.167501 -0.366892 0.234562 -0.098899 0.039776 0.028286 -0.031282 -0.051142 0.106606 -0.062153 
-1.100089 -0.346399 1.102023 -0.544563 0.268028 0.264963 -0.522211 0.259782 0.029890 -0.082065 0.009595 0.006922 -0.035378 0.073590 -0.035109 
-1.137472 -0.721685 1.014564 -0.826531 0.247792 0.221969 -0.469781 0.302482 0.025899 -0.143045 0.034486 0.126390 -0.188130 0.133290 0.022691 
-0.950712 -0.567381 1.121916 -0.736200 0.320933 0.461085 -0.314310 0.160029 0.006068 -0.082135 0.092573 0.119325 -0.211993 0.188951 -0.028468 
-1.058451 -0.642076 1.250064 -0.738232 0.185854 0.384171 -0.267550 0.134903 -0.039314 0.010157 -0.007793 0.096073 -0.145586 0.118096 0.024952 
-1.039757 -0.767143 1.250703 -0.687882 0.247300 0.342741 -0.395630 0.177758 0.070252 -0.108612 0.019580 0.114944 -0.151090 0.077697 0.061132 
-1.049340 -0.734479 1.319543 -0.608749 0.153328 0.086435 -0.232004 0.119189 0.005435 -0.007416 -0.109465 0.165239 -0.105091 -0.001993 0.069188 
-1.029662 -0.925599 1.114190 -0.662713 0.033563 0.114807 -0.303036 0.177085 0.055078 -0.055406 -0.076983 0.169906 -0.113517 0.001339 0.041055 
-1.130252 -0.957289 1.244702 -0.763603 -0.070414 0.167455 -0.193388 0.114743 0.003155 0.005290 -0.024283 0.056237 -0.061240 0.034955 -0.008601 
-1.069887 -0.934249 1.163686 -0.621235 -0.013776 0.026396 -0.301792 0.262448 0.005806 -0.064693 -0.069311 0.200548 -0.101800 -0.019241 0.027146 
-1.045915 -1.088988 1.137115 -0.639791 -0.172678 0.246479 -0.216716 0.066082 0.029081 0.103004 -0.138239 0.043422 0.045242 -0.029679 -0.068450 
-0.672585 -0.852597 1.138507 -0.560538 -0.161965 0.015855 -0.361566 0.217216 -0.039385 0.047223 -0.102342 0.221338 -0.073881 -0.031271 0.048271 
-0.101671 -0.531574 1.425543 -0.063892 -0.137564 0.254341 -0.404346 0.035983 -0.129205 -0.087512 -0.178699 -0.041493 -0.047303 -0.027009 -0.044715 
0.425136 -0.633985 1.208671 0.309297 -0.332640 0.065812 -0.339097 0.051458 -0.195630 -0.159557 -0.218527 0.043763 -0.064058 -0.051601 -0.043673 
0.670062 -0.891152 1.253485 0.446954 -0.420141 0.047034 -0.311622 0.033413 -0.174752 -0.210288 -0.217544 0.055406 -0.086293 -0.023438 -0.083686 
0.755322 -0.803826 1.185662 0.442979 -0.395731 0.046257 -0.265147 -0.005596 -0.177571 -0.199683 -0.186716 0.022614 -0.115454 -0.008022 -0.047040 
0.984710 -0.880739 1.324239 0.401989 -0.418605 0.058387 -0.340035 0.046407 -0.152371 -0.208851 -0.222364 0.135970 -0.168951 0.048595 -0.044142 
0.879908 -0.844967 1.241261 0.401192 -0.383329 0.067395 -0.360768 0.050268 -0.150952 -0.230726 -0.168333 0.049625 -0.148181 0.076713 -0.078399 
0.956714 -0.827705 1.222138 0.408070 -0.431057 0.084358 -0.365054 0.006466 -0.066668 -0.318909 -0.076208 0.024677 -0.146111 0.122130 -0.105663 
1.028160 -0.847185 1.229212 0.358588 -0.418018 0.129222 -0.437648 0.018535 -0.057295 -0.305223 -0.069351 -0.020712 -0.106055 0.154145 -0.150364 
0.998587 -0.750790 1.163512 0.320369 -0.330193 0.054273 -0.465101 0.055743 -0.088382 -0.211625 -0.161889 0.015763 -0.036390 0.130068 -0.170207 
1.064486 -0.749967 1.123469 0.297845 -0.316111 0.101332 -0.520121 0.034295 -0.081284 -0.254140 -0.098885 -0.057010 -0.084381 0.224489 -0.216903 
1.046553 -0.611896 1.060659 0.325251 -0.301568 0.095227 -0.534865 0.014986 -0.053551 -0.262806 -0.082889 -0.115192 -0.022151 0.224923 -0.257822 
0.917547 -0.497306 0.972604 0.393298 -0.294706 0.079171 -0.574193 0.057309 -0.127670 -0.254285 -0.104133 -0.162476 -0.002947 0.210368 -0.259953 
0.892713 -0.501101 1.042078 0.309006 -0.210363 0.036993 -0.551160 0.038261 -0.143146 -0.226222 -0.128736 -0.178696 -0.016604 0.252946 -0.317015 
0.920890 -0.503781 1.046871 0.246605 -0.153622 -0.002438 -0.529052 0.029864 -0.162035 -0.174909 -0.156830 -0.143987 -0.045388 0.283502 -0.323084 
1.003977 -0.490893 0.968335 0.291043 -0.171338 0.009344 -0.523899 0.036010 -0.158917 -0.183875 -0.104521 -0.188694 -0.022499 0.277954 -0.316508 
1.031419 -0.401174 0.834896 0.286231 -0.155239 -0.032552 -0.456300 0.049192 -0.232827 -0.060639 -0.205514 -0.106615 0.023221 0.123292 -0.203591 
0.658934 -0.187118 0.699216 0.339162 -0.168799 -0.140711 -0.430102 -0.024332 -0.242269 -0.103426 -0.212347 -0.139717 0.078393 0.127581 -0.231889 
0.756163 -0.364649 0.885372 0.289087 -0.109257 -0.086994 -0.525491 0.096469 -0.272965 -0.136700 -0.177645 -0.197049 0.063424 0.151472 -0.285422 
0.920381 -0.435790 0.895715 0.312339 -0.180700 0.001455 -0.494649 0.076607 -0.229635 -0.186082 -0.097826 -0.205056 0.012384 0.166384 -0.288781 
0.615540 -0.033419 0.695543 0.224548 -0.108024 -0.090121 -0.427993 -0.023955 -0.264537 -0.072542 -0.205452 -0.139961 0.057042 0.091228 -0.191965 
0.651932 -0.068974 0.695082 0.376691 -0.086964 -0.142681 -0.426778 0.019459 -0.233853 -0.109801 -0.185513 -0.215875 0.077567 0.156299 -0.305917 
0.862055 -0.264600 0.666815 0.294128 -0.119418 0.036767 -0.477601 0.032476 -0.130916 -0.112542 -0.103169 -0.218308 0.104822 0.091280 -0.220263 
0.250089 0.076514 0.450851 0.436927 -0.121842 -0.208636 -0.390962 -0.077724 -0.189626 -0.088567 -0.225576 -0.206070 0.167259 0.110996 -0.267647 
-0.438232 -0.165240 0.535493 0.210884 0.078771 -0.270353 -0.385194 0.062348 -0.113200 0.027056 -0.276275 -0.024608 0.140302 0.079543 -0.188077 
-0.104243 -0.066482 0.563927 0.376107 0.012929 -0.179648 -0.293206 -0.009164 -0.141383 0.037213 -0.325979 -0.116074 0.162983 0.006565 -0.238744 
0.666992 0.230074 0.302486 0.532500 -0.037881 -0.235236 -0.234381 -0.012906 -0.176827 0.090433 -0.189681 -0.209585 0.151033 0.183240 -0.288964 
