city022_026
HARAJUKU
71
-0.115896 -0.073135 -0.200205 0.048736 -0.079456 0.028119 -0.192817 -0.065439 0.092887 0.038077 0.061585 -0.104263 0.020189 0.047877 0.007235 
0.542379 0.154032 0.238506 0.191778 0.181026 0.161261 -0.049006 -0.167702 -0.039867 -0.071540 0.077259 -0.102154 -0.095076 0.000891 -0.009978 
0.762226 -0.181177 0.235588 0.329257 0.219449 0.114169 0.016704 -0.064703 0.008298 0.091567 0.117292 -0.120825 0.004778 0.004929 0.080799 
1.170005 -0.341417 0.085879 0.139983 0.006530 -0.126258 -0.011490 -0.043779 -0.053643 0.113870 -0.116182 -0.086636 0.186465 -0.111543 0.008434 
0.909064 -0.563753 0.067629 0.153486 0.180679 -0.032365 0.062781 0.006614 0.062521 0.161125 -0.120374 -0.062177 0.179825 -0.133980 0.098056 
0.916706 -0.725941 -0.068096 -0.096786 -0.035735 -0.012716 0.161041 0.051563 0.185351 0.149478 -0.120296 -0.361662 0.186573 0.007238 -0.001930 
1.254745 -0.405524 -0.197021 -0.021982 0.010846 -0.008028 0.162755 -0.056411 0.036473 0.134411 -0.114833 -0.124961 0.175855 -0.085961 -0.002639 
1.629212 -1.055871 0.228637 -0.605928 -0.113556 0.044030 0.003789 0.041907 -0.062265 0.218221 0.213725 -0.198752 -0.023536 -0.135371 0.033942 
1.432973 -1.130166 0.182403 -0.696277 -0.096861 0.087894 -0.010656 0.054124 -0.145458 0.266815 0.266181 -0.199308 -0.064063 -0.155463 0.035938 
1.625481 -1.045274 0.177151 -0.732358 -0.038344 -0.045627 -0.051132 -0.007496 -0.035686 0.171924 0.383071 -0.093051 -0.095590 -0.212759 0.046252 
1.535342 -0.837494 0.136901 -0.648052 -0.043779 -0.053605 -0.061262 -0.008953 -0.023361 0.195359 0.396895 -0.072074 -0.149592 -0.213005 0.047770 
1.556009 -0.909963 0.228477 -0.678361 -0.034978 -0.060891 -0.121090 0.005925 -0.065289 0.245272 0.394226 -0.068279 -0.145224 -0.170868 0.041584 
1.488170 -0.766798 0.260678 -0.559858 -0.066928 -0.049638 -0.186745 -0.000461 -0.077140 0.281806 0.404335 -0.074448 -0.135125 -0.117069 0.068995 
1.594926 -0.808122 0.283205 -0.532070 -0.019347 -0.195033 -0.110443 -0.104625 -0.104766 0.263550 0.405645 -0.053502 -0.067109 -0.092276 0.110930 
1.745211 -0.930757 0.217036 -0.139782 -0.159030 -0.260509 -0.062289 -0.214588 -0.251834 0.325138 0.299416 -0.098641 0.117494 -0.062051 0.084093 
1.987169 -0.967636 0.105636 0.125696 -0.340510 -0.107634 -0.113917 -0.316334 -0.197535 0.278748 0.212308 -0.033707 0.101515 -0.048927 0.078440 
1.628925 -0.814886 0.249757 -0.311882 -0.110016 -0.240352 -0.105729 -0.220077 -0.167628 0.336405 0.323011 -0.067649 0.064816 -0.043110 0.100007 
1.647846 -0.800238 0.309487 -0.468078 -0.052114 -0.192848 -0.098927 -0.119078 -0.052326 0.319793 0.315221 -0.003026 -0.110461 -0.049486 0.060919 
1.621475 -0.763097 0.338173 -0.489935 -0.036769 -0.145796 -0.122641 -0.086135 -0.010828 0.285097 0.370318 -0.047845 -0.121654 -0.080278 0.095101 
1.621940 -0.792080 0.351076 -0.562419 -0.050558 -0.126996 -0.166719 -0.047496 -0.006384 0.253490 0.373261 -0.055364 -0.099565 -0.072455 0.058350 
1.615267 -0.749056 0.423164 -0.493388 -0.019027 -0.147875 -0.184538 -0.055656 -0.001997 0.305392 0.365812 -0.076167 -0.088234 -0.044206 0.106345 
1.552876 -0.670184 0.440592 -0.448832 0.012773 -0.202552 -0.249247 -0.068216 -0.039793 0.322055 0.352542 -0.137447 0.010992 0.031626 0.092857 
1.602598 -0.732616 0.500857 -0.390110 0.073265 -0.315282 -0.295583 -0.112091 0.010666 0.256624 0.320516 -0.142895 0.078331 0.093032 0.111023 
1.460987 -0.834322 0.550570 -0.346320 0.066317 -0.378400 -0.388085 -0.140662 0.083084 0.191033 0.111433 -0.034633 0.141339 0.135390 0.105707 
1.581976 -0.955614 0.733428 -0.322899 -0.053665 -0.238785 -0.413073 -0.124650 0.060627 0.095586 0.001848 -0.063096 0.292300 0.017703 0.033387 
1.567978 -0.929375 0.888203 -0.146027 -0.027778 -0.128623 -0.420549 -0.131012 -0.002003 -0.079240 -0.071472 -0.139254 0.305358 -0.092248 0.053915 
1.232681 -0.622767 0.815088 0.069269 0.086184 -0.132128 -0.321664 -0.196712 0.053277 -0.048466 -0.218975 -0.150683 0.218429 -0.102418 0.047429 
0.971238 -0.262899 0.562159 -0.092541 0.068795 -0.081565 -0.201648 0.007215 -0.039270 0.118673 -0.091154 -0.086021 0.218132 -0.153647 0.063521 
0.278035 0.157951 0.829963 -0.294483 0.383670 -0.266544 -0.324275 0.000241 -0.003583 0.092631 -0.201944 -0.031926 0.238149 -0.115221 0.085058 
0.046663 -0.126538 0.995890 -0.365456 0.446596 -0.160202 -0.375413 0.120459 -0.026080 -0.055707 -0.091112 -0.140772 0.200781 -0.110020 -0.013945 
-0.242974 -0.234345 1.226684 -0.359162 0.471675 -0.119447 -0.397916 0.069144 0.031164 -0.191363 -0.116654 -0.140595 0.134605 -0.119846 -0.033026 
0.057716 -0.351353 1.131411 -0.458567 0.226281 0.047070 -0.455366 0.007375 0.016156 -0.094225 -0.058820 -0.099601 0.136189 -0.101154 0.094328 
0.129018 -0.601599 1.257038 -0.196859 0.037788 -0.030152 -0.281037 -0.170329 -0.004660 -0.108171 -0.136565 -0.111233 0.093083 -0.024275 -0.037569 
0.491863 -0.647469 1.219293 -0.050672 0.000071 -0.228250 -0.233505 -0.093231 0.013796 -0.177118 -0.116230 -0.042306 0.101151 0.053782 -0.152402 
1.109500 -0.980772 1.147163 0.191617 -0.225273 -0.131600 -0.327250 -0.011522 -0.046073 -0.134897 -0.069363 -0.091584 0.168424 -0.000467 -0.008903 
1.301117 -1.024193 1.172118 0.213186 -0.214274 -0.097093 -0.369019 -0.046248 0.030615 -0.269850 0.021148 -0.117198 0.088149 0.056726 0.015466 
1.409738 -1.095598 1.147206 0.211528 -0.191851 -0.057982 -0.454622 0.013692 -0.013084 -0.269491 0.088063 -0.207127 0.092395 0.101749 0.001674 
1.388969 -0.985781 1.032351 0.211437 -0.170140 0.030956 -0.537363 0.074121 -0.123330 -0.219476 0.129111 -0.310252 0.071611 0.161436 -0.054774 
1.383334 -0.809633 0.930133 0.241774 -0.060456 -0.023311 -0.473827 0.049121 -0.134204 -0.150990 0.093126 -0.360098 0.096712 0.154419 -0.093263 
1.307858 -0.390839 0.408338 0.335268 0.131097 -0.087088 -0.284412 -0.072236 -0.115719 -0.008368 0.017787 -0.322149 -0.006623 0.169744 -0.038932 
0.607906 0.049047 0.420215 0.496118 0.266158 -0.002136 -0.043070 -0.213584 -0.037017 0.046667 -0.049711 -0.314925 -0.097370 0.071862 0.007477 
0.312589 0.278949 0.473111 0.355655 0.051825 -0.040837 -0.078685 -0.134928 -0.104593 -0.105749 -0.013976 -0.223462 -0.062964 0.047482 -0.057900 
-0.065140 0.162453 0.267041 0.330327 0.102312 -0.067764 -0.059183 -0.023486 0.005396 -0.079079 0.072496 -0.099869 -0.068033 0.104080 -0.017686 
-0.146379 0.181622 0.160548 0.120635 -0.090796 0.121971 0.029414 -0.168168 -0.083003 -0.026678 0.121081 -0.094777 -0.065567 0.094255 -0.028104 
-0.169429 0.066951 0.211143 0.123362 -0.083531 0.080797 0.038332 -0.223941 -0.017684 -0.081755 0.144084 -0.060248 -0.126987 0.111212 0.021043 
-0.277968 -0.022174 0.155646 0.316288 -0.121166 -0.223660 -0.156488 -0.097969 -0.044436 -0.064274 0.041511 -0.044098 -0.029151 0.112491 0.049303 
-0.264639 -0.098263 -0.064708 0.067493 -0.132932 -0.104000 -0.044143 -0.168061 -0.055837 0.000932 0.203350 -0.053749 -0.064896 0.031696 0.134331 
-0.342819 0.079472 0.213721 0.270010 0.031865 0.067379 0.000150 -0.116899 0.022328 -0.065787 0.109631 -0.033160 -0.134126 0.073974 0.085153 
1.225706 -0.911281 -0.074631 -0.084311 0.165259 -0.178235 -0.326038 -0.076025 0.051841 0.240416 -0.014220 -0.084087 0.062227 -0.018436 0.133868 
0.876189 -0.816720 -0.463693 -0.141996 0.254650 -0.013611 -0.249255 -0.106947 0.020370 0.289930 -0.060862 -0.137073 0.128639 -0.084062 0.072361 
1.186448 -0.521737 0.298593 0.220114 0.216046 -0.073749 -0.235383 -0.166053 -0.201264 0.094249 -0.025532 -0.243322 0.022919 -0.023723 0.096130 
1.523203 -0.546466 0.608486 0.198835 0.054917 0.020485 -0.233591 -0.155307 -0.229888 0.067572 -0.024212 -0.309983 0.023485 0.039763 0.047448 
1.621620 -0.594548 0.715988 0.104077 0.019490 0.032952 -0.289379 -0.110985 -0.268159 -0.002593 0.063930 -0.319728 0.012428 0.065411 0.065210 
1.597947 -0.660234 0.847428 -0.006446 0.052930 0.052899 -0.342244 -0.190811 -0.268011 0.028861 0.109336 -0.334021 -0.007198 0.090287 0.121577 
1.534991 -0.652873 0.812216 -0.008414 0.059724 0.029595 -0.381251 -0.197786 -0.283996 0.048339 0.087490 -0.370944 0.033168 0.096357 0.114746 
1.575259 -0.720679 0.836271 0.022598 0.017434 0.013163 -0.457763 -0.156739 -0.241994 0.028300 0.065662 -0.365433 0.075336 0.134057 0.073154 
1.632176 -0.742916 0.891289 0.011821 -0.006085 0.012545 -0.462763 -0.169738 -0.234016 0.049114 0.055912 -0.358917 0.116772 0.116489 0.073521 
1.558894 -0.684259 0.763216 0.056698 -0.020662 -0.006101 -0.460671 -0.168661 -0.213548 0.015475 0.039873 -0.311840 0.065650 0.147398 0.074694 
1.665758 -0.683321 0.830324 0.084434 -0.029083 -0.013362 -0.464251 -0.207850 -0.164223 -0.002638 0.044911 -0.332407 0.082649 0.181624 0.034927 
1.635035 -0.649243 0.802047 0.069249 -0.001674 -0.061150 -0.414181 -0.254331 -0.167118 -0.004461 0.058804 -0.383691 0.116025 0.171299 0.037746 
1.692140 -0.558488 0.670123 0.123945 0.002979 -0.073959 -0.394771 -0.244070 -0.218143 0.032993 0.019007 -0.388910 0.111274 0.159625 0.027535 
1.610514 -0.381444 0.635211 0.153175 0.067972 -0.153440 -0.382188 -0.168899 -0.271813 0.085193 -0.066272 -0.427470 0.201843 0.108462 -0.022995 
1.622618 -0.117011 0.420026 0.165546 -0.123654 -0.126498 -0.280162 -0.083517 -0.263090 -0.052686 -0.077480 -0.351634 0.171642 0.040564 -0.120107 
1.587608 0.110791 0.330754 0.195659 0.135104 -0.079524 -0.440177 -0.269316 -0.117673 0.044486 -0.030732 -0.365931 0.096260 0.158730 0.017607 
1.393321 0.004292 0.637042 0.211851 0.155523 -0.175784 -0.420585 -0.128461 -0.214764 0.050883 0.062474 -0.384283 0.172097 0.221217 0.005549 
1.379670 0.007293 0.541997 0.059636 -0.109643 -0.136030 -0.213997 -0.274968 -0.332624 0.068953 0.011788 -0.275578 0.165222 0.095747 -0.017442 
1.114793 -0.299397 0.524303 0.158050 0.012834 -0.204468 -0.336993 -0.167534 -0.183935 0.069982 0.014355 -0.376142 0.231382 0.153524 -0.073888 
1.163376 0.211357 0.478389 0.260905 0.087025 -0.294612 -0.329534 -0.185878 -0.198020 0.151965 -0.089140 -0.332661 0.327796 0.146509 -0.079619 
0.471871 0.071797 0.218286 0.223082 -0.058731 -0.276761 -0.272330 -0.295900 -0.229440 -0.002942 -0.027213 -0.209683 0.118419 0.137684 0.049587 
-0.051475 0.196830 0.182131 0.140919 -0.157526 -0.203729 -0.240127 -0.274714 -0.244986 -0.038054 0.091196 -0.122596 0.025077 0.171160 0.104611 
-0.122975 0.262755 0.037017 0.081758 -0.060303 -0.124163 -0.040264 -0.228059 -0.275066 -0.083245 0.217879 -0.115103 -0.080117 0.106076 0.059348 
