city022_032
MIKAWASHIMA
86
-0.450505 -0.119450 -0.030030 0.109862 -0.148853 0.132921 -0.092214 0.029499 -0.008869 0.108911 -0.135579 0.073902 -0.059602 0.085908 -0.069275 
-0.079161 0.310661 0.014821 0.143517 -0.040152 0.077225 -0.260358 0.006012 -0.024640 0.015114 -0.093396 0.101712 -0.102761 0.060349 0.017751 
0.387432 0.436314 0.310207 0.459500 -0.057539 0.206769 -0.160793 -0.014503 -0.227564 -0.076834 -0.046198 -0.096835 -0.227828 0.039912 -0.019236 
0.665036 0.437114 0.453454 0.285153 -0.124557 0.210236 -0.084652 0.054488 -0.263455 -0.142306 -0.038581 -0.026276 -0.291035 0.062828 0.009291 
0.770735 0.417360 0.538654 0.191674 -0.082805 0.162765 -0.148568 0.116411 -0.188008 -0.184724 -0.070871 0.005186 -0.252473 0.029260 -0.026179 
0.905200 -0.034088 0.717281 0.343172 -0.179135 0.253243 -0.300463 0.112588 -0.137007 -0.300919 0.000287 -0.007003 -0.263094 -0.017672 0.006212 
1.011108 -0.092262 0.759695 0.453234 -0.133081 0.130235 -0.318152 0.111323 -0.195964 -0.245129 0.074562 -0.128999 -0.254396 0.123638 -0.033814 
1.126528 -0.112559 0.743532 0.399667 -0.107705 0.141427 -0.321594 0.084856 -0.210076 -0.250471 0.082215 -0.127398 -0.271744 0.101888 -0.008088 
0.969005 -0.402750 1.172364 0.297430 -0.393277 0.260755 -0.277794 0.061522 -0.262031 -0.189594 0.062033 -0.200016 -0.165884 0.128610 -0.126583 
0.726647 -0.483037 1.680084 -0.095790 -0.404092 0.168086 -0.378165 0.159244 -0.314504 -0.182056 0.151088 -0.101481 -0.079628 0.096919 -0.055124 
0.658620 -0.378557 1.681046 -0.179678 -0.365914 0.211481 -0.412884 0.208037 -0.385809 -0.069919 0.062140 -0.039995 -0.124817 0.082196 0.035421 
0.522018 -0.235957 1.720858 -0.183114 -0.282252 0.122907 -0.277700 0.111367 -0.386373 -0.008585 0.001013 -0.016992 -0.172413 0.162348 0.012986 
0.301924 -0.050743 1.708837 -0.093437 -0.274595 0.116307 -0.243979 0.121038 -0.523365 0.072731 -0.065205 -0.123114 -0.128951 0.145361 -0.052624 
0.286894 0.292046 1.233675 0.279689 -0.413165 0.132428 -0.176907 0.082257 -0.473556 0.002069 0.056220 -0.266074 -0.075106 0.179199 -0.147149 
0.388817 0.560894 0.523699 0.513297 -0.281146 0.135969 0.038900 -0.018793 -0.262935 0.056883 -0.060887 -0.101064 -0.170650 0.155658 -0.129484 
-0.236214 0.129722 0.314126 0.306399 -0.025826 0.098118 0.069472 0.183124 -0.169675 0.190868 0.011635 -0.017935 0.009570 0.093868 -0.056041 
-0.847697 -0.643697 0.289823 -0.017566 -0.058395 -0.112063 0.341898 0.159147 -0.510653 0.272842 -0.016409 -0.024524 -0.032628 0.097722 -0.064399 
-0.405491 -0.563612 0.165207 0.268941 -0.315787 0.165703 0.086563 0.088856 -0.111781 0.006610 -0.025315 0.080766 -0.052023 0.025758 -0.029970 
0.995870 -1.532874 -0.142379 0.133989 -0.097292 -0.029276 -0.171779 0.272070 -0.077585 0.114870 -0.139361 0.050245 -0.010448 0.020287 -0.096916 
0.329282 -1.331142 -0.426165 0.040533 0.163606 -0.144730 -0.043724 0.242290 0.014542 0.009182 -0.183377 0.029834 -0.083439 0.244908 -0.157639 
0.847683 -1.224944 -0.448233 -0.079897 0.207266 -0.020391 -0.236104 0.118992 0.044790 0.179740 -0.263053 0.148701 -0.033679 -0.007435 -0.084816 
1.284371 -0.533479 0.186734 0.107658 -0.017237 -0.164116 -0.370932 -0.104750 -0.162265 0.214580 -0.134441 0.040524 -0.036166 0.194435 0.007690 
1.677391 -0.695601 0.399258 -0.129031 -0.121073 -0.107149 -0.440627 -0.081230 -0.331451 0.334729 0.020258 -0.036957 0.000962 0.295387 -0.009175 
1.583672 -0.873406 0.443179 -0.366689 -0.097416 -0.146524 -0.369409 -0.128525 -0.291541 0.315465 0.178745 0.012478 -0.033912 0.301274 -0.024607 
1.457374 -0.850505 0.451070 -0.501159 -0.103158 -0.218985 -0.277044 -0.087729 -0.172414 0.237024 0.201023 0.086662 -0.034452 0.229142 -0.063263 
1.525620 -0.899779 0.283636 -0.617460 -0.096846 -0.114316 -0.115326 -0.147635 -0.184947 0.202647 0.272438 0.206597 -0.166632 0.127070 -0.066696 
1.537790 -1.036377 0.313833 -0.625379 -0.130322 -0.137671 -0.134609 -0.034519 -0.155123 0.149058 0.217926 0.256434 -0.170399 0.120055 -0.083981 
1.523363 -1.072799 0.336285 -0.683951 -0.169640 -0.201354 -0.081880 0.083333 -0.195559 0.150399 0.123155 0.272501 -0.073608 0.082085 -0.074277 
1.648354 -1.056403 0.307808 -0.612972 -0.165879 -0.175948 -0.079742 0.069696 -0.296060 0.098250 0.170301 0.240477 -0.056606 0.165888 -0.091562 
1.745368 -0.974184 0.322523 -0.511308 -0.230297 -0.189525 -0.164520 0.159305 -0.330020 0.051257 0.119706 0.200554 -0.007702 0.196251 -0.038274 
1.737618 -0.993616 0.296465 -0.485963 -0.244505 -0.192160 -0.152034 0.155668 -0.349107 0.032203 0.095304 0.192262 0.089611 0.155942 -0.030319 
1.777697 -1.057810 0.338794 -0.551480 -0.213426 -0.204892 -0.114500 0.115700 -0.330674 0.034107 0.092313 0.240804 0.054669 0.172994 -0.046953 
1.718103 -1.051854 0.338653 -0.568914 -0.182834 -0.228552 -0.096182 0.100918 -0.312683 0.081653 0.129514 0.237516 -0.023205 0.176384 -0.049822 
1.591635 -1.055732 0.301184 -0.580967 -0.171997 -0.193021 -0.032299 0.012492 -0.282030 0.130143 0.161707 0.225641 -0.042874 0.131784 -0.074568 
1.552177 -1.107133 0.285947 -0.646158 -0.176748 -0.095007 -0.051954 -0.025470 -0.231264 0.156086 0.166628 0.285039 -0.108447 0.091134 -0.105674 
1.496904 -1.014369 0.309463 -0.661800 -0.172471 -0.071745 -0.080973 -0.069391 -0.177096 0.194885 0.274435 0.153321 -0.120155 0.078418 -0.105961 
1.498700 -0.921999 0.344211 -0.645956 -0.110964 -0.070968 -0.129850 -0.136415 -0.160313 0.293250 0.287765 0.058920 -0.110938 0.078237 -0.056313 
1.548427 -0.864609 0.437252 -0.640880 -0.067722 -0.076936 -0.179572 -0.190896 -0.185295 0.371814 0.224624 0.029517 -0.053449 0.120426 -0.095813 
1.608075 -0.910313 0.440819 -0.436115 -0.061281 -0.129981 -0.289299 -0.157708 -0.278231 0.451605 0.017091 0.017884 0.107899 0.071318 0.003995 
1.507463 -0.737298 0.478047 -0.377896 0.076639 -0.110384 -0.314880 -0.309332 -0.089552 0.290418 -0.099235 0.021317 0.060411 0.142999 -0.049881 
0.376591 -0.037429 0.533002 -0.442159 0.269931 -0.164633 -0.121478 -0.332522 -0.003097 0.190887 -0.178442 0.043610 0.013415 0.085104 -0.073778 
-0.273364 0.250052 0.592367 -0.517615 0.477519 -0.278157 -0.015953 0.087975 0.028325 0.039630 -0.065777 0.067954 -0.025883 0.044434 -0.068621 
-0.452003 0.108446 0.485673 -0.519748 0.573337 -0.293784 0.078205 0.128434 -0.027408 0.021309 -0.043959 0.069930 -0.049640 0.050875 -0.052849 
-0.782019 -0.177682 0.371516 -0.475555 0.591340 -0.267148 0.061454 0.079061 -0.074642 0.102865 -0.106532 0.040672 0.030136 -0.009790 -0.025874 
-0.987675 -0.101486 0.480070 -0.684918 0.440398 -0.345196 0.012134 0.036278 0.020330 0.092025 -0.170432 0.150077 -0.047658 -0.025494 0.026124 
-1.116993 -0.093072 0.382540 -0.806498 0.407092 -0.203504 0.215195 0.053437 -0.135571 0.116633 -0.144073 0.058366 0.024547 -0.039303 0.069787 
-1.201536 -0.430794 0.499414 -0.797728 0.349264 -0.252591 0.165827 0.167532 -0.127469 0.041498 -0.103096 0.106367 -0.099506 0.045530 0.024615 
-0.987428 -0.130028 0.770715 -0.576656 0.489641 -0.324719 0.074527 0.164951 -0.101077 0.027056 -0.049932 0.092799 -0.046310 -0.017874 0.033646 
-0.861306 0.133520 1.136394 -0.586061 0.625476 -0.255230 0.020933 0.011185 -0.070370 0.104002 -0.194416 0.129155 -0.099645 0.043204 -0.010838 
-0.940500 -0.161824 0.883495 -0.694670 0.529572 -0.026538 0.045527 0.089006 -0.139736 0.151331 -0.028630 -0.029699 0.056641 0.028493 -0.103065 
-1.022446 -0.066365 0.811175 -0.668033 0.571037 0.041990 0.192991 0.138947 -0.227616 0.264452 -0.111190 0.107823 0.046839 0.006764 -0.001996 
-1.205053 -0.256200 0.920899 -0.753522 0.554096 0.017019 -0.002613 0.148331 -0.228652 0.198213 -0.028716 -0.056651 0.117182 -0.084330 0.013195 
-1.169633 -0.306816 1.007763 -0.803950 0.482455 -0.086234 -0.076669 0.231270 -0.299481 0.239832 -0.077697 -0.050410 0.065012 0.018932 -0.104118 
-0.515572 -0.165906 1.260159 -0.433829 0.353206 -0.104031 -0.211429 0.219457 -0.338066 0.156738 -0.119076 -0.083698 0.025939 0.031793 -0.143684 
0.501507 -0.357484 1.190456 -0.070416 0.116019 -0.227896 -0.288381 0.186176 -0.357833 -0.034782 -0.225384 0.034834 -0.036561 -0.025535 -0.114646 
0.918601 -0.611787 1.285694 0.171100 -0.178835 -0.067929 -0.373372 0.246040 -0.370514 -0.116838 -0.110077 -0.051399 0.016718 -0.031819 -0.147112 
1.211392 -0.807654 1.197807 0.403037 -0.350298 -0.037149 -0.343848 0.186587 -0.231107 -0.241962 0.003625 -0.029621 -0.063344 0.089976 -0.143970 
1.607609 -0.887383 0.890746 0.524057 -0.394367 0.025474 -0.427151 0.082426 -0.102685 -0.247382 -0.001465 -0.012827 -0.105525 0.153274 -0.096378 
1.253030 -0.276415 0.721894 0.373115 -0.149803 0.153245 -0.226629 0.004896 -0.231400 -0.230121 0.015650 -0.072518 -0.297718 0.044669 -0.003312 
1.323629 -0.329684 0.832980 0.387462 -0.188207 0.211153 -0.303483 0.071742 -0.279029 -0.187580 0.065572 -0.155971 -0.298761 0.165204 -0.088803 
1.260805 -0.401181 0.811049 0.364840 -0.246801 0.201367 -0.223437 0.101535 -0.368835 -0.134134 0.098714 -0.267541 -0.162575 0.121731 -0.119486 
1.320276 -0.445872 0.776084 0.269670 -0.251362 0.223781 -0.110386 0.080309 -0.489169 -0.030957 0.061781 -0.291891 -0.078887 0.059378 -0.115857 
1.332604 -0.512971 0.740137 0.258216 -0.249090 0.302300 -0.041330 -0.088563 -0.475086 0.048660 -0.018159 -0.213207 -0.103368 0.039623 -0.131733 
1.401745 -0.542596 0.722671 0.281744 -0.297841 0.323091 -0.028317 -0.096179 -0.459676 0.042675 -0.044449 -0.192654 -0.083074 0.010041 -0.122023 
1.445059 -0.559843 0.678686 0.256200 -0.326198 0.345187 -0.025507 -0.125780 -0.404864 -0.003608 -0.002317 -0.159058 -0.089936 0.028348 -0.099679 
1.423790 -0.557495 0.699876 0.173322 -0.341385 0.357164 0.043171 -0.096997 -0.438118 0.014347 -0.063792 -0.113439 -0.064847 0.022135 -0.088380 
1.762924 -0.636645 0.435038 -0.341683 -0.325982 0.320796 -0.055447 0.149195 -0.359587 0.052855 0.111562 -0.022939 -0.035457 0.177365 -0.102457 
1.823289 -0.769315 0.247722 -0.670026 -0.184071 0.175060 -0.209984 0.201450 -0.260457 0.191785 0.435002 -0.021970 -0.243434 0.112980 -0.248193 
1.751647 -0.830135 0.240904 -0.674837 -0.114821 0.197823 -0.212201 0.192717 -0.199471 0.192028 0.436432 -0.045942 -0.300721 0.051051 -0.192153 
1.702866 -0.860420 0.183439 -0.699977 -0.072999 0.172399 -0.175724 0.170226 -0.165497 0.178972 0.382596 -0.009196 -0.366905 0.083891 -0.204994 
1.671865 -0.915830 0.193687 -0.762899 -0.040851 0.151215 -0.140359 0.198516 -0.226014 0.206204 0.324777 0.007911 -0.357154 0.085580 -0.188683 
1.576271 -0.883590 0.143363 -0.721408 -0.088983 0.190684 -0.062847 0.129684 -0.139505 0.141857 0.324511 0.005060 -0.375425 0.066863 -0.166904 
1.590341 -0.889550 0.147604 -0.778827 -0.045192 0.207248 -0.029321 0.168185 -0.181984 0.139467 0.319510 -0.017600 -0.371736 0.072666 -0.189819 
1.581879 -0.855838 0.080731 -0.785308 -0.045349 0.228189 -0.052441 0.214279 -0.198031 0.122081 0.304145 -0.020422 -0.349291 0.053931 -0.183970 
1.654526 -0.891098 0.086369 -0.804971 -0.040992 0.253463 -0.071012 0.249532 -0.243042 0.161104 0.281542 -0.048486 -0.334046 0.072719 -0.213658 
1.682355 -0.871024 0.050018 -0.783354 -0.077884 0.281777 -0.088162 0.298955 -0.303154 0.186884 0.234656 -0.076847 -0.250852 0.056564 -0.191082 
1.904595 -0.946576 -0.062128 -0.661944 -0.192152 0.337042 -0.197682 0.308535 -0.314947 0.197158 0.306853 -0.178639 -0.161327 0.042717 -0.199291 
1.892150 -0.775766 -0.158825 -0.514567 -0.191619 0.373054 -0.199048 0.308932 -0.388352 0.206224 0.282078 -0.163239 -0.147358 0.079103 -0.199617 
1.785319 -0.480280 -0.187241 -0.331715 -0.119318 0.289698 -0.241446 0.088032 -0.409675 0.235546 0.225915 -0.136667 0.000113 0.042837 -0.123910 
1.713374 -0.586855 -0.023679 -0.251239 -0.222787 0.171637 -0.339094 0.101265 -0.342786 0.240049 0.159180 -0.051605 0.013605 0.072861 -0.059444 
1.785081 -0.424573 -0.417519 -0.450361 -0.212554 0.187969 -0.094086 0.200678 -0.321667 0.270287 0.196838 -0.110115 -0.061786 -0.040568 -0.089982 
1.383315 -0.274530 -0.505118 -0.422773 -0.286209 0.235464 -0.053196 0.135813 -0.226478 0.376505 0.242438 -0.075954 -0.170552 -0.213609 -0.164122 
1.490243 -0.084962 -0.489252 -0.383976 -0.203960 0.036200 -0.071644 0.087750 -0.112431 0.387157 0.077399 -0.088002 -0.032211 -0.136307 -0.108045 
1.546361 0.074481 -0.536914 -0.177733 -0.238782 0.134106 -0.114479 0.209096 -0.068004 0.322196 0.165476 0.031558 -0.158579 -0.184989 -0.096459 
0.417593 0.134780 -0.589055 -0.340839 -0.426407 0.078280 0.017790 0.074203 -0.049351 0.353770 0.154717 -0.165525 -0.083676 -0.056457 -0.203694 
0.228643 -0.137969 -0.434507 -0.054550 -0.329198 0.109583 -0.141716 -0.035687 -0.121613 0.191494 0.075516 0.117991 -0.118347 0.058868 -0.104770 
