city022_011
SANGENJAYA
94
0.212533 -0.094577 -0.128862 0.224961 -0.027449 0.041557 -0.030467 0.100766 0.066948 0.032479 0.063151 -0.211124 0.163747 -0.032320 0.033530 
-0.107293 0.182881 0.146269 0.070982 0.008800 -0.026803 0.211242 -0.033315 -0.021475 0.025859 -0.005474 -0.012383 0.079597 -0.114185 0.100646 
-0.075172 0.045919 0.259982 0.365944 0.260918 -0.000551 0.075634 -0.064099 0.172522 0.008334 0.062131 -0.099090 0.127538 -0.052880 0.073485 
-0.216485 -0.088556 0.087747 0.083277 -0.091802 -0.026531 0.039443 -0.063355 0.069401 -0.091073 0.012569 -0.001777 0.126129 -0.201138 0.120105 
-0.357616 -0.082246 0.215181 0.173061 0.067206 -0.017773 0.020171 0.061117 0.127540 -0.191420 0.117700 -0.001161 0.022999 -0.041154 0.022442 
-0.247480 0.173703 0.258505 0.112380 -0.089267 -0.144860 -0.003424 -0.071172 0.121671 -0.162006 0.156637 -0.167783 0.181500 -0.123340 0.053946 
-0.383453 -0.001763 0.189949 0.217996 -0.016098 -0.186811 -0.081268 -0.074587 0.018057 -0.029688 -0.039269 -0.049328 0.163357 -0.195123 0.207232 
-0.072785 0.129889 0.396344 0.193020 -0.068429 0.013190 -0.089594 0.038127 -0.044671 -0.091289 0.003126 0.034598 -0.043777 -0.069989 0.100040 
0.250183 -0.023849 0.270786 -0.101897 -0.122779 0.019952 -0.035302 0.023320 -0.032958 -0.056644 0.037894 0.008274 -0.010921 -0.016665 0.043488 
0.353462 -0.358654 0.612722 -0.222691 0.083021 -0.125643 0.156156 -0.191073 0.091976 -0.136723 0.176447 -0.098417 -0.063407 0.142275 -0.070012 
1.183264 -0.298382 0.445167 -0.192539 0.027918 0.052681 -0.067884 -0.084249 0.018332 -0.117222 -0.013176 0.058958 -0.013992 -0.086483 0.115226 
1.979320 -0.565422 0.095812 -0.231819 0.035234 -0.140001 -0.215332 -0.350844 -0.112656 0.348268 0.052611 -0.131995 0.173307 -0.031096 0.125018 
1.728855 -0.850249 0.462864 -0.462991 -0.119332 -0.035596 -0.215433 -0.237751 -0.082962 0.381096 0.293151 -0.137522 0.095414 -0.050317 0.082234 
1.571318 -0.764849 0.293956 -0.521894 -0.074639 -0.053993 -0.171700 -0.082091 -0.041335 0.389112 0.318910 -0.192950 -0.038396 -0.038058 0.035421 
1.593436 -0.889489 0.342028 -0.654897 0.032251 -0.030008 -0.085156 -0.052962 0.032938 0.313737 0.366927 -0.295648 -0.086982 -0.090037 0.043489 
1.471670 -0.831763 0.270642 -0.699271 0.036006 0.039858 -0.083800 0.034209 -0.040731 0.315969 0.331080 -0.224716 -0.178681 -0.092647 0.006057 
1.582370 -0.901112 0.194343 -0.735286 0.109330 0.030175 -0.110878 0.056859 0.029517 0.171061 0.354737 -0.176085 -0.188666 -0.173813 0.056305 
1.606116 -0.912508 0.151218 -0.772215 0.200377 -0.014567 -0.120968 0.090529 0.023757 0.130430 0.326448 -0.099742 -0.213666 -0.204452 0.071832 
1.612287 -0.887817 0.159285 -0.730002 0.200428 -0.013080 -0.114597 0.083098 0.011843 0.117379 0.371733 -0.133093 -0.212859 -0.181581 0.086677 
1.649249 -0.920718 0.272948 -0.717233 0.195863 -0.032063 -0.101616 0.089257 -0.051475 0.170731 0.414865 -0.193710 -0.182846 -0.160430 0.106825 
1.672316 -0.874428 0.270314 -0.592254 0.120297 -0.014459 -0.138332 0.047704 -0.091530 0.243669 0.386985 -0.212657 -0.124645 -0.108055 0.109151 
1.762720 -0.873448 0.279313 -0.460531 0.044160 -0.025849 -0.159769 -0.031276 -0.131536 0.302683 0.319491 -0.268567 0.027868 -0.057996 0.065073 
1.870427 -0.887259 0.409429 -0.262264 -0.059146 -0.064815 -0.169928 -0.057414 -0.105614 0.350360 0.211988 -0.217660 0.120721 -0.052153 0.036557 
1.782867 -0.770251 0.536209 -0.078771 -0.156257 -0.083930 -0.185108 -0.095263 -0.094412 0.292450 0.179734 -0.182605 0.150146 0.038874 0.007706 
1.746777 -0.661022 0.725994 -0.006697 -0.234517 -0.036220 -0.068421 -0.203413 -0.191335 0.171996 0.148563 -0.182754 0.157380 0.032925 0.017961 
1.479849 -0.433985 0.786249 0.039214 -0.415597 0.206030 0.039628 -0.328124 -0.159654 -0.121254 0.061145 -0.247035 0.089982 -0.004358 -0.025872 
1.437849 -0.441512 0.818248 0.098547 -0.390746 0.255109 -0.025269 -0.350122 -0.197993 -0.104718 0.034672 -0.270263 0.060698 0.006591 -0.077917 
1.502023 -0.462537 0.862432 0.068690 -0.371748 0.266809 -0.040718 -0.385224 -0.160048 -0.120988 0.058598 -0.287117 0.081111 -0.009649 -0.065070 
1.478289 -0.373745 0.845519 0.034009 -0.479487 0.274770 0.018934 -0.319824 -0.201483 -0.147243 0.021042 -0.289542 0.085445 0.003066 -0.072254 
1.393393 -0.236291 0.787914 0.000536 -0.496797 0.228108 0.090616 -0.307365 -0.200468 -0.163769 -0.016995 -0.271658 0.043971 0.045616 -0.077719 
1.427636 -0.168877 0.727826 0.083076 -0.529872 0.228560 0.050322 -0.273356 -0.222285 -0.163065 0.011545 -0.315119 0.057246 0.043878 -0.089851 
1.405009 -0.117047 0.749178 0.081077 -0.464721 0.122160 0.066809 -0.245883 -0.242145 -0.142539 -0.022783 -0.308039 0.032845 0.015351 -0.052286 
1.385053 0.037623 0.729467 0.113330 -0.526517 0.141600 0.024517 -0.179160 -0.261491 -0.159207 0.013555 -0.375202 0.035660 0.016812 -0.077553 
1.406312 0.128148 0.763544 0.085115 -0.440708 0.057801 0.136955 -0.277435 -0.222492 -0.131753 -0.062082 -0.301043 -0.034906 0.029148 -0.072602 
1.244033 0.206697 0.726567 0.162800 -0.435518 0.133504 0.103260 -0.241983 -0.223013 -0.142228 -0.048736 -0.334051 -0.018056 -0.019193 -0.060780 
0.998657 0.306160 0.770164 0.231386 -0.472314 0.065453 0.186289 -0.241906 -0.214567 -0.145114 -0.019002 -0.343943 -0.100670 0.050866 -0.111322 
0.858577 0.357665 0.851378 0.424121 -0.466985 0.013790 0.138127 -0.166104 -0.328954 -0.094169 0.039236 -0.364506 -0.118096 0.100120 -0.128919 
0.628534 -0.469012 0.962760 0.208088 -0.292013 0.065211 0.043745 -0.249313 -0.187630 -0.041868 0.007718 -0.236273 0.021776 -0.010547 0.010520 
0.571616 -0.703617 1.263636 0.096361 -0.291379 -0.072502 0.062072 -0.172579 -0.233842 -0.031536 0.029949 -0.204585 0.030630 -0.000242 0.023860 
0.758599 -0.726074 1.572279 0.044634 -0.321298 -0.039502 -0.045077 -0.116392 -0.253585 -0.171138 0.072776 -0.205294 -0.033653 -0.030526 0.078739 
0.935084 -0.873930 1.546675 -0.089607 -0.264845 -0.101457 -0.092175 -0.116837 -0.256832 -0.168532 0.081998 -0.193328 0.014063 -0.014819 0.045415 
1.075397 -0.972279 1.411768 -0.119894 -0.231821 -0.187162 -0.106312 -0.068811 -0.239045 -0.163651 0.117476 -0.122731 0.010526 0.004480 0.064939 
1.245968 -1.122273 1.301602 -0.227270 -0.159262 -0.262162 -0.114673 -0.147209 -0.218745 -0.123099 0.102467 -0.121684 0.087443 0.026677 0.043569 
1.184710 -1.034631 1.218490 -0.163833 -0.239505 -0.222486 -0.170789 -0.063096 -0.255455 -0.076917 0.094734 -0.070672 0.065390 0.037407 0.044646 
1.140301 -0.989638 1.243051 -0.230974 -0.250131 -0.303810 -0.107048 -0.097052 -0.218716 -0.103694 0.135728 -0.047910 0.068410 0.047352 0.053469 
1.071858 -0.966049 1.233378 -0.279070 -0.216062 -0.327494 -0.087246 -0.082812 -0.271517 -0.045685 0.085195 -0.009690 0.041246 0.062005 0.042146 
1.149087 -0.969632 1.295289 -0.277161 -0.194570 -0.278037 -0.061259 -0.024827 -0.218651 -0.075777 0.109752 -0.044488 0.057387 -0.032986 0.083510 
1.178924 -0.879990 1.270719 -0.222692 -0.255205 -0.253445 -0.087058 -0.005582 -0.167192 -0.072857 0.112115 -0.004587 0.068102 -0.059151 0.087686 
1.348549 -0.878808 1.271531 -0.130426 -0.260016 -0.269201 -0.101947 0.015335 -0.142313 -0.098444 0.137078 -0.011175 0.121387 -0.115931 0.110937 
1.411354 -0.690856 1.129498 0.024338 -0.284790 -0.220214 -0.141651 0.050023 -0.199901 -0.072792 0.065939 0.005657 0.111588 -0.120057 0.084985 
1.453842 -0.620835 1.085085 0.135595 -0.312160 -0.120749 -0.144003 -0.029939 -0.162022 -0.107739 0.032973 -0.041012 0.098638 -0.097334 0.051904 
1.476197 -0.552990 1.027658 0.022516 -0.361581 0.249860 -0.098396 -0.183390 -0.050262 -0.162709 0.023940 -0.159660 0.078891 -0.113956 0.033774 
1.287134 -0.344806 1.147676 -0.177875 -0.287366 0.452483 -0.117597 -0.317582 -0.071815 -0.128176 -0.111913 -0.176386 0.059909 -0.144569 -0.024487 
1.362776 -0.333298 1.165534 -0.225965 -0.323970 0.526357 -0.140466 -0.325705 -0.029575 -0.178555 -0.109503 -0.167837 0.059780 -0.148649 -0.033142 
1.269146 -0.292898 1.157607 -0.127036 -0.296151 0.486099 -0.246839 -0.354881 0.058433 -0.160899 -0.078129 -0.151862 0.067172 -0.121256 -0.035192 
1.268060 -0.222842 1.114881 -0.020625 -0.364781 0.452115 -0.240904 -0.282713 0.050165 -0.204139 -0.053632 -0.176545 0.075836 -0.144170 0.001424 
1.220867 -0.100439 1.100213 -0.165552 -0.285805 0.400887 -0.180216 -0.304236 0.043889 -0.156513 -0.106266 -0.104644 0.053837 -0.129334 0.004699 
1.321990 0.016657 1.066440 -0.167885 -0.379306 0.431059 -0.151337 -0.321194 0.088966 -0.195860 -0.087043 -0.112992 0.060358 -0.122359 -0.004585 
1.341951 0.105403 1.077099 -0.189091 -0.403308 0.404479 -0.068007 -0.372028 0.106217 -0.178514 -0.124517 -0.096673 0.034720 -0.089238 -0.046811 
1.124282 0.255209 1.000222 -0.188849 -0.235611 0.296441 -0.023221 -0.253087 0.042048 -0.115992 -0.205020 -0.103773 0.052035 -0.230749 0.071163 
0.813191 -0.102485 0.830883 -0.114978 0.017544 -0.096235 0.033723 -0.017747 -0.107173 -0.016179 -0.104423 -0.019530 0.107303 -0.227708 0.134146 
0.385195 -0.051057 1.047280 -0.141634 0.208564 -0.367944 -0.108658 0.085104 -0.118842 -0.031145 -0.175215 0.115319 0.140145 -0.246037 0.143838 
0.092970 -0.149886 1.223594 -0.208334 0.269114 -0.316882 -0.134196 0.081977 -0.033321 -0.174695 -0.086312 0.051594 0.085498 -0.141429 -0.002338 
-0.002768 -0.219224 1.182451 -0.368914 0.362115 -0.286555 -0.100246 0.166309 -0.107228 -0.045746 -0.039434 0.009432 0.084839 -0.138503 0.067040 
0.282513 -0.337829 1.163010 -0.302467 0.170070 -0.216473 -0.267100 0.076117 0.006159 -0.125114 -0.048138 -0.011123 0.158570 -0.068750 -0.079320 
0.538222 -0.332008 1.313860 -0.160268 0.024381 -0.234416 -0.315519 0.077351 -0.122174 -0.139953 -0.061468 -0.031449 0.239691 -0.146499 -0.025825 
1.109415 -0.794230 1.227907 -0.011261 -0.228561 -0.199085 -0.363309 -0.018871 -0.084771 -0.184471 -0.015266 -0.017988 0.227552 -0.083050 0.020636 
1.241099 -0.936733 1.052705 -0.094124 -0.221036 -0.235056 -0.350278 -0.102839 -0.009460 -0.206281 0.024592 0.002494 0.194184 0.017234 -0.019181 
1.309723 -0.951707 1.055176 -0.163887 -0.236224 -0.333488 -0.348835 -0.039158 0.066580 -0.132489 0.125075 -0.039593 0.334018 0.003036 -0.079187 
1.403124 -1.006168 0.757844 -0.118117 -0.273154 -0.315038 -0.349679 -0.098763 0.116446 0.005069 0.080001 0.001874 0.265979 0.071592 -0.038310 
1.403306 -0.934413 0.762629 -0.065984 -0.260998 -0.347821 -0.376668 -0.047171 0.098682 0.063356 0.140110 -0.062207 0.284353 0.120067 -0.051525 
1.516194 -1.075711 0.645740 -0.017475 -0.297398 -0.381818 -0.244449 -0.159512 0.177183 0.097775 0.065600 0.010736 0.213010 0.099829 -0.024350 
1.522081 -1.022133 0.519045 0.108934 -0.416700 -0.248752 -0.364925 -0.070734 0.210457 0.045024 0.158441 -0.047158 0.176162 0.157545 -0.068054 
1.494649 -1.065631 0.606705 0.043769 -0.371113 -0.309310 -0.356116 -0.064549 0.201496 0.041420 0.177079 -0.036034 0.184952 0.144574 -0.024672 
1.453245 -1.030344 0.518540 0.149312 -0.482662 -0.282137 -0.383185 -0.038054 0.184534 0.016140 0.134287 0.033953 0.182598 0.152510 -0.059683 
1.446194 -1.026639 0.576954 0.119448 -0.473764 -0.298913 -0.381316 -0.007382 0.157359 0.003244 0.155503 0.007501 0.228434 0.118905 -0.062779 
1.595492 -1.143770 0.634848 0.101263 -0.510374 -0.250440 -0.414931 0.031964 0.160467 -0.046322 0.216511 -0.029936 0.247325 0.086398 -0.062730 
1.437771 -1.059826 0.626720 0.112531 -0.508206 -0.263350 -0.401407 0.018686 0.220792 -0.063099 0.185551 0.043881 0.203315 0.072645 -0.063690 
1.596470 -1.204076 0.608678 0.051458 -0.560768 -0.143648 -0.470970 0.041713 0.175225 -0.039239 0.237022 -0.066094 0.259289 0.058752 -0.062071 
1.565479 -1.126645 0.481966 0.103143 -0.542487 -0.161190 -0.345045 -0.018832 0.233231 0.014269 0.151279 -0.014189 0.165234 0.033201 -0.033198 
1.590468 -1.136184 0.350116 0.133983 -0.537933 -0.213228 -0.238047 -0.130082 0.344973 0.062111 0.138108 0.050625 0.035544 0.061461 -0.001499 
1.430993 -1.022014 0.334907 0.096684 -0.537115 -0.151825 -0.387026 -0.063732 0.317258 0.093589 0.209587 -0.070138 0.128261 0.085024 -0.021742 
1.513185 -1.091259 0.332349 0.018684 -0.458442 -0.160179 -0.347821 -0.118341 0.327073 0.147208 0.226748 -0.090972 0.062081 0.091541 0.054632 
1.553128 -1.080332 0.230119 -0.046597 -0.392789 -0.101646 -0.359306 -0.104973 0.273990 0.155940 0.285203 -0.144555 0.031747 0.044883 0.115749 
1.601854 -1.042691 0.138980 -0.121584 -0.285367 -0.124789 -0.227408 -0.168701 0.210823 0.220164 0.227165 -0.062753 -0.075865 -0.008737 0.194263 
1.655442 -0.992459 0.165776 -0.209223 -0.341870 0.047185 -0.309181 -0.044875 0.114990 0.210426 0.345064 -0.166581 -0.047237 -0.034070 0.065843 
1.451436 -0.716722 -0.004129 -0.148343 -0.302659 -0.082610 -0.177301 -0.197715 0.167852 0.277491 0.352722 -0.102744 -0.153822 0.019565 0.115465 
1.412424 -0.704722 -0.040704 -0.217207 -0.303558 -0.026039 -0.176362 -0.214433 0.112999 0.292634 0.426834 -0.143207 -0.156105 0.000113 0.117793 
1.592894 -0.787827 -0.119259 -0.230728 -0.336826 0.032145 -0.164817 -0.182838 0.095406 0.224523 0.391658 -0.122765 -0.137702 0.020818 0.033190 
1.350386 -0.610158 -0.177461 -0.334685 -0.306868 0.084771 -0.196710 -0.084985 0.033601 0.199861 0.440686 -0.187592 -0.054511 -0.044646 -0.095796 
1.169894 -0.570381 -0.207053 -0.417246 -0.203459 0.009621 -0.171344 -0.097120 0.024652 0.305062 0.499540 -0.275039 -0.080760 -0.077994 -0.091124 
1.288700 -0.701929 -0.178808 -0.380168 -0.221448 0.169275 -0.144588 -0.002424 0.030722 0.104351 0.438499 -0.261400 -0.130516 -0.044189 -0.059926 
0.792316 -0.472470 -0.363753 -0.458565 -0.210976 0.034824 -0.028307 -0.133621 0.031003 0.265592 0.498581 -0.255141 -0.160641 -0.088390 -0.158101 
-0.044686 -0.342677 -0.458074 -0.375798 -0.261978 -0.001560 -0.008635 -0.144921 0.153135 0.206852 0.339773 -0.081590 -0.220987 -0.086175 -0.119624 
