city022_057
DOOTONBORI
76
-0.098265 0.279240 0.031472 0.266687 -0.262394 0.193870 0.070747 0.276361 -0.031462 0.019093 -0.012008 0.128654 -0.110950 0.047449 0.055485 
0.355785 0.774180 0.530524 0.544661 -0.300712 0.267301 -0.031721 -0.206275 -0.090475 -0.025815 -0.226930 -0.138318 -0.035432 -0.107678 -0.120339 
0.506391 0.736768 0.525550 0.414841 -0.270863 0.253852 -0.027492 -0.135651 -0.184774 0.028428 -0.234947 -0.122827 -0.039207 -0.121027 -0.071197 
0.422124 0.582024 0.130080 0.426261 -0.016100 0.190132 -0.162995 -0.033459 -0.134408 -0.156721 -0.083406 -0.029035 -0.172941 -0.051832 -0.015121 
0.261861 0.606955 0.091350 0.483560 0.162567 0.095327 -0.147288 -0.050883 -0.246331 -0.003077 -0.125639 -0.142209 -0.154410 -0.064255 -0.031923 
0.442575 0.057510 0.370458 0.319058 -0.002844 0.195905 -0.183470 0.017240 -0.127867 0.015062 -0.020046 -0.064729 -0.090495 0.045753 -0.024424 
1.302046 -0.351774 0.461679 -0.178884 0.088070 0.078566 -0.270965 -0.212750 -0.304635 0.062424 -0.030744 0.009827 -0.182362 0.174322 -0.090346 
1.696385 -0.164693 0.461708 -0.311335 -0.060382 0.243955 -0.478903 -0.187259 -0.497975 0.225923 -0.007123 -0.070653 0.066282 0.042973 -0.066897 
1.784841 -0.392727 0.492991 -0.404337 -0.169117 0.266859 -0.330272 -0.086515 -0.502088 0.054089 0.003232 -0.062517 0.104853 0.096282 -0.135997 
1.842790 -0.549517 0.432717 -0.344060 -0.278322 0.029553 -0.239173 0.034981 -0.329549 -0.063996 -0.161163 -0.069821 0.141054 0.181359 -0.118105 
1.881724 -0.601959 0.375925 -0.299480 -0.338879 0.033564 -0.268410 0.103067 -0.253542 -0.140057 -0.162208 -0.023279 0.130125 0.187695 -0.116574 
1.963020 -0.622131 0.369466 -0.363663 -0.375653 0.072462 -0.374394 0.213725 -0.212018 -0.198852 -0.101056 -0.046810 0.135078 0.183130 -0.073943 
1.948267 -0.600305 0.320385 -0.406019 -0.329720 0.027076 -0.303457 0.197632 -0.189955 -0.196549 -0.109926 -0.004078 0.108822 0.193232 -0.053092 
1.953514 -0.545588 0.322034 -0.533190 -0.203376 -0.061343 -0.320868 0.253454 -0.169119 -0.140251 -0.149227 0.096891 -0.012902 0.236885 -0.066888 
1.926242 -0.565229 0.347356 -0.521531 -0.202928 -0.077372 -0.305988 0.211841 -0.117795 -0.120962 -0.123370 0.111153 -0.033707 0.225557 -0.088117 
1.874082 -0.494797 0.351046 -0.497685 -0.209403 -0.109487 -0.293741 0.186692 -0.102558 -0.120428 -0.088710 0.063633 -0.001919 0.191639 -0.090513 
1.903329 -0.556554 0.395975 -0.491265 -0.204152 -0.074285 -0.332824 0.207854 -0.137392 -0.076400 -0.123753 0.065177 0.016420 0.171334 -0.086351 
1.848099 -0.514924 0.450415 -0.592662 -0.247818 -0.087362 -0.304909 0.231212 -0.152696 -0.103862 -0.161384 0.132972 -0.060172 0.219889 -0.050142 
1.763372 -0.298336 0.497743 -0.758166 -0.304427 0.081975 -0.225565 0.110928 -0.241811 -0.038444 -0.136467 0.019399 0.019613 0.249889 -0.055223 
1.812588 -0.314094 0.528220 -0.796527 -0.288683 0.214518 -0.224062 0.039608 -0.313154 0.001921 -0.084504 0.018413 0.131566 0.194492 -0.079882 
1.993179 -0.355709 0.631422 -0.775719 -0.384238 0.469040 -0.334335 0.079340 -0.436430 0.051935 -0.024603 0.052740 0.250484 0.116587 -0.120898 
1.875755 -0.277199 0.589646 -0.776817 -0.223009 0.388567 -0.272344 -0.006454 -0.413941 0.007426 -0.038577 0.000850 0.260801 0.050572 -0.108305 
1.745270 -0.078814 0.573900 -0.666463 -0.151342 0.405667 -0.316608 -0.012125 -0.477008 0.058695 -0.091181 0.015193 0.215726 -0.012532 -0.079323 
1.263343 0.155749 0.391693 -0.515145 -0.109437 0.443324 -0.315868 -0.102259 -0.494029 0.032267 -0.094340 0.000626 0.200047 -0.088110 -0.084649 
0.883117 0.820110 0.180287 -0.018617 -0.230876 0.365957 -0.064203 0.072753 -0.123311 -0.076272 -0.090708 -0.032924 -0.082696 0.071889 -0.055274 
0.700698 0.644900 0.138209 0.161124 -0.281814 0.212932 -0.035635 0.041320 -0.087865 -0.022442 0.044251 -0.069884 -0.037812 0.104186 -0.115302 
0.412593 0.611800 0.159467 0.037077 -0.268740 0.171613 -0.087663 -0.026174 -0.014763 0.021579 0.012769 -0.018384 -0.008676 0.069125 -0.087917 
0.312119 0.406197 0.041035 0.135533 -0.244148 0.230691 -0.060022 -0.082591 -0.132516 -0.044972 -0.041203 0.074748 -0.125640 0.078453 -0.002455 
-0.027411 0.340295 -0.020118 0.102970 -0.200174 0.226518 -0.046451 -0.021914 -0.178859 0.018547 0.070961 -0.028585 -0.078514 0.133241 -0.095233 
-0.073106 0.202675 -0.075979 0.208158 -0.214367 0.073102 -0.105322 -0.047152 -0.016692 0.129828 -0.076958 0.012954 -0.037426 0.105624 -0.097834 
-0.090055 0.243274 -0.196792 -0.032380 -0.199080 0.059682 -0.048192 0.062585 -0.165497 0.061793 0.067321 -0.035913 -0.031144 0.110005 -0.118336 
0.033142 0.213288 -0.101730 -0.022735 -0.288652 0.203714 -0.148570 -0.026146 -0.217870 0.117686 -0.072740 0.076707 0.053451 -0.072098 0.044331 
-0.176315 -0.609772 0.104805 -0.175210 -0.113825 0.045460 -0.278217 0.222420 -0.137616 0.202349 -0.063887 0.004815 0.007082 -0.035750 0.042200 
0.067793 -0.505257 0.468094 -0.337208 0.138297 -0.104148 -0.373795 0.030543 0.076546 0.136272 -0.239343 0.214450 -0.112666 0.138315 -0.035200 
0.682739 -0.485876 0.550851 -0.499177 0.249526 -0.108286 -0.250325 -0.052747 0.004319 0.088739 -0.266857 0.326319 -0.220507 0.149911 -0.028706 
1.782620 -0.555491 0.349980 -0.438685 -0.090956 0.016420 -0.278757 0.034808 -0.298535 -0.044217 -0.131174 0.074798 0.071581 0.158147 -0.066762 
1.819859 -0.667145 0.476465 -0.525125 -0.130911 -0.058529 -0.272625 0.121397 -0.231184 -0.084142 -0.179928 0.054312 0.054741 0.234800 -0.126111 
1.929204 -0.886945 0.537796 -0.470182 -0.250385 0.033647 -0.439976 0.211668 -0.220510 -0.051557 -0.068617 0.002403 0.093170 0.257625 -0.208339 
1.980446 -0.936021 0.415313 -0.506242 -0.324957 0.066193 -0.463718 0.284688 -0.179773 0.014607 0.034086 -0.098957 0.198703 0.182776 -0.207321 
2.021183 -0.932974 0.385483 -0.486574 -0.368705 0.066188 -0.444395 0.294471 -0.174358 0.084501 0.017524 -0.070090 0.167331 0.142661 -0.180520 
1.915440 -0.794338 0.450195 -0.474876 -0.371145 0.051546 -0.348598 0.210606 -0.120522 0.089075 -0.038687 -0.002112 0.112028 0.068982 -0.120173 
1.876637 -0.705328 0.554299 -0.432930 -0.361460 0.142087 -0.280412 0.089207 -0.061369 0.078303 -0.075633 0.076098 0.015712 0.052623 -0.077032 
1.654072 -0.510467 0.732759 -0.395940 -0.542220 0.338046 -0.117007 0.085844 -0.210376 0.129528 -0.127045 0.007130 0.038813 0.014168 0.026376 
1.422581 -0.554485 0.947097 -0.341863 -0.376760 0.402771 -0.076907 0.127245 -0.220204 0.088973 -0.157359 0.017261 -0.021768 0.027550 0.004524 
1.456693 -0.488974 1.031240 -0.417089 -0.399066 0.436041 -0.067892 0.132957 -0.253891 0.075971 -0.174972 -0.016656 -0.033262 0.053947 0.019489 
1.316632 -0.425196 0.965385 -0.339654 -0.387275 0.406996 -0.016569 0.089528 -0.250094 0.035866 -0.153503 -0.052781 -0.003020 0.029190 0.029752 
1.366131 -0.398995 0.935518 -0.313585 -0.406973 0.433792 -0.026614 0.080741 -0.217030 0.061838 -0.171526 0.004423 -0.048622 0.061817 0.007923 
1.352240 -0.418889 0.990806 -0.262056 -0.451179 0.447497 -0.046482 0.108815 -0.208668 0.017947 -0.128666 -0.077010 -0.009246 0.020642 0.005017 
1.407786 -0.419787 0.925659 -0.207795 -0.451733 0.467280 -0.065037 0.064621 -0.219538 0.087397 -0.169536 -0.015627 -0.007355 0.023598 -0.015970 
1.422243 -0.396593 0.872165 -0.235448 -0.459663 0.480067 0.000499 0.076294 -0.271319 0.117972 -0.241972 -0.000169 0.008399 0.005904 0.050471 
1.391465 -0.256773 0.802399 -0.145085 -0.568685 0.473141 0.122256 0.008211 -0.158565 -0.059285 -0.210984 -0.153534 -0.002979 0.066416 -0.042503 
1.352536 -0.103860 0.787131 -0.165631 -0.539374 0.437093 0.195737 -0.011345 -0.222554 0.039692 -0.330384 -0.118741 -0.052559 0.092062 -0.024159 
1.240777 0.050151 0.751668 -0.055822 -0.576347 0.420536 0.217463 -0.035511 -0.178496 0.014713 -0.302477 -0.197701 -0.048709 0.041552 -0.064568 
1.233117 0.157262 0.612793 0.061129 -0.529603 0.450703 0.271485 0.013318 -0.240357 0.027583 -0.293703 -0.164117 -0.092190 0.128362 -0.076646 
1.259129 0.443935 0.344851 0.139698 -0.570473 0.409480 0.301484 -0.137675 -0.115224 -0.038608 -0.246118 -0.245255 0.058094 0.014788 -0.110709 
0.936206 0.691648 0.165168 0.163290 -0.258555 0.382077 0.225064 0.071767 -0.220916 0.090026 -0.187285 -0.101636 0.075044 -0.009462 -0.039935 
1.493910 0.282467 0.074281 -0.325174 -0.432186 0.314688 -0.093924 -0.025533 -0.279887 -0.063581 0.057259 0.026505 0.075186 0.213860 -0.121987 
1.787201 -0.231947 0.271774 -0.360615 -0.214160 0.120219 -0.303684 0.113735 -0.192336 -0.150469 -0.172765 0.069848 -0.011254 0.102684 0.048507 
1.787884 -0.172439 0.330006 -0.533307 -0.337208 0.141259 -0.200519 0.084592 -0.302184 -0.114007 -0.024237 0.031597 0.039750 0.195790 0.040661 
1.780329 -0.434300 0.369567 -0.484148 -0.348159 0.014811 -0.295063 0.096078 -0.341266 0.027782 0.002541 0.081461 0.048606 0.221668 -0.020333 
1.781099 -0.568644 0.258301 -0.433440 -0.468798 0.147123 -0.315840 0.027584 -0.313937 -0.097251 0.138194 0.011792 0.191519 0.235583 -0.026122 
1.727511 -0.484226 0.333172 -0.586002 -0.491270 0.244090 -0.277638 0.030455 -0.417705 -0.032767 0.157273 0.070678 0.182251 0.278201 -0.071039 
1.639269 -0.307075 0.372554 -0.607994 -0.408168 0.289324 -0.258621 -0.087359 -0.439508 -0.039000 0.255451 0.119938 0.141262 0.268674 -0.109761 
1.799591 -0.551763 0.482641 -0.430828 -0.544375 0.545255 -0.415466 -0.116949 -0.313162 -0.141058 0.356459 0.171896 -0.087918 0.303231 -0.158887 
1.863093 -0.864423 0.418777 -0.070925 -0.631888 0.537890 -0.362341 -0.354379 -0.230143 -0.067873 0.258895 0.200024 -0.124792 0.084578 -0.000203 
1.837985 -0.660609 -0.240272 0.548990 -0.259597 0.099944 -0.311207 -0.247368 -0.182083 0.077067 0.113126 -0.030623 -0.151482 0.097896 0.089590 
0.935927 0.045118 -0.316267 0.517331 0.197435 0.157203 -0.332220 -0.185762 -0.063261 0.094856 -0.041329 -0.069516 -0.181460 0.038187 0.075139 
0.689805 0.032759 0.071830 0.736080 0.249905 0.209522 -0.290765 -0.035443 -0.028998 0.109333 -0.095785 -0.188516 -0.140626 0.047256 0.027935 
0.635434 -0.554788 0.684321 0.534546 -0.505742 0.286948 -0.158116 -0.093072 0.046023 -0.022930 -0.099736 0.012350 -0.018236 0.050623 -0.094831 
1.031468 -1.079372 1.149282 0.408525 -0.656252 0.193716 -0.345486 -0.013871 -0.030515 -0.087149 -0.141653 0.052681 0.077579 0.019028 -0.140144 
0.638123 -0.688996 1.534269 0.166308 -0.505772 0.227967 -0.379403 0.145410 -0.348620 -0.228400 0.090358 -0.174598 -0.126327 0.102357 -0.156501 
0.235272 -0.291883 1.452691 0.093201 -0.384309 0.245696 -0.314559 0.105650 -0.289332 -0.198463 0.049671 -0.140985 -0.151258 0.047389 -0.064573 
0.085874 -0.088272 1.554617 0.130562 -0.409968 0.384072 -0.348574 0.136719 -0.287713 -0.260227 0.087776 -0.181804 -0.264251 0.084968 -0.077180 
0.124864 -0.060659 1.483691 0.000208 -0.263381 0.429315 -0.443398 0.256591 -0.295749 -0.267844 0.161641 -0.238203 -0.238489 0.136272 -0.128772 
-0.044608 0.190534 0.859212 0.245795 -0.186441 0.250280 -0.278408 0.163113 -0.286895 -0.179950 0.140221 -0.219776 -0.215321 0.194377 -0.155535 
-0.304858 0.080108 0.428964 -0.054673 -0.098250 0.304934 -0.341002 0.060891 -0.139282 -0.063672 0.108708 -0.043685 -0.148578 0.194861 -0.123946 
