city022_079
NYORAI
51
-0.535327 -0.047907 -0.153453 0.229489 0.056823 -0.131516 -0.012018 0.027394 -0.148454 0.117781 0.009917 -0.002725 -0.097635 0.101876 -0.027734 
-0.191503 0.446863 0.173286 0.450731 0.126858 0.066283 -0.151834 0.029594 -0.036315 -0.024813 -0.110880 0.013635 -0.056219 -0.073381 0.050361 
0.373345 0.822438 0.491333 0.157587 -0.057467 0.108139 -0.197850 0.020674 -0.087361 -0.088662 -0.134546 0.018568 -0.069558 -0.086058 0.049710 
0.778294 0.478099 0.412520 0.165939 -0.156498 0.182117 -0.054898 -0.022936 -0.161001 -0.245910 -0.176149 0.017054 -0.236008 -0.061593 0.003367 
0.972852 0.455739 0.534638 0.221579 -0.248848 0.175044 -0.182914 0.092449 -0.119075 -0.261955 -0.187197 0.007312 -0.189039 -0.176472 0.071206 
0.997697 0.394711 0.728682 0.171763 -0.269047 0.130043 -0.195171 0.037887 -0.034690 -0.313944 -0.157478 0.085586 -0.266268 -0.112619 0.022287 
0.983513 0.405858 0.687981 0.197172 -0.240853 0.097440 -0.188560 -0.019781 -0.029526 -0.251567 -0.206465 0.097503 -0.199981 -0.110615 0.007098 
0.832825 -0.167388 1.320974 -0.096233 -0.307528 0.314935 -0.432224 0.160482 -0.236856 -0.255508 0.030533 -0.109615 -0.153736 0.015683 -0.081619 
0.880227 -0.427731 1.509951 0.056015 -0.480041 0.226806 -0.426833 0.105249 -0.193924 -0.278194 0.105160 -0.015256 -0.135808 0.090891 -0.043263 
1.073125 -0.653157 1.333700 0.188317 -0.441455 0.009304 -0.378238 0.202151 -0.262553 -0.222454 0.127206 0.026515 -0.130579 0.189829 -0.119783 
1.321237 -0.758162 0.979266 0.175649 -0.246478 -0.114095 -0.478793 0.252249 -0.246007 -0.057540 0.037256 -0.049274 0.018177 0.261948 -0.212522 
1.491346 -0.622588 0.688211 0.040613 -0.073726 -0.056609 -0.576650 0.094480 -0.201297 0.142117 0.085756 -0.239225 0.054756 0.401832 -0.162103 
1.617182 -0.530393 0.516178 -0.106621 -0.020859 0.022196 -0.540005 -0.043634 -0.297360 0.244712 0.202022 -0.266672 -0.004360 0.351365 -0.038106 
1.775150 -0.488114 0.414265 -0.192961 -0.121759 0.145921 -0.421480 -0.118318 -0.390604 0.105053 0.310902 -0.117260 -0.108525 0.267708 -0.066933 
1.860893 -0.441024 0.444887 -0.211311 -0.302928 0.380357 -0.426230 -0.153929 -0.331855 -0.096783 0.370337 0.002165 -0.145200 0.260100 -0.143011 
1.816719 -0.526802 0.409319 -0.109734 -0.483365 0.461113 -0.267907 -0.218989 -0.260654 -0.252119 0.188023 0.120574 -0.112961 0.133373 -0.035169 
1.997821 -0.480794 -0.103366 0.229540 -0.284095 0.134850 -0.041030 -0.179241 -0.387196 -0.147474 -0.021567 0.063076 0.007195 0.047113 -0.040605 
2.096392 -0.521375 -0.363223 0.279249 -0.063870 0.102795 -0.107371 -0.224357 -0.421205 -0.082844 -0.079117 -0.061672 0.030718 0.152560 -0.058621 
2.037957 -0.396880 -0.496985 0.204481 0.020137 0.185500 -0.163727 -0.376272 -0.352931 -0.018961 -0.086498 -0.093659 0.049724 0.149284 -0.071666 
2.246127 -0.501587 -0.522472 0.347887 -0.021074 0.141448 -0.210681 -0.464421 -0.278199 0.134362 -0.125029 -0.087989 0.100991 0.039302 -0.088368 
2.208871 -0.783800 -0.230584 0.261779 -0.067499 0.139239 -0.288053 -0.373919 -0.308827 0.111789 0.016744 -0.063045 0.023504 0.101648 -0.180252 
1.745273 -0.925416 0.228911 -0.207541 -0.021140 -0.010306 -0.236931 -0.288078 -0.422454 0.216534 0.067200 0.105238 0.008191 0.027861 -0.018951 
1.499067 -1.025112 0.377101 -0.530215 -0.133653 -0.059504 -0.275568 -0.117191 -0.335808 0.357669 0.212459 0.125562 0.013812 0.023580 0.036009 
1.368314 -0.954948 0.485727 -0.729619 -0.011882 -0.050162 -0.345123 -0.094448 -0.157402 0.234779 0.371800 0.052776 -0.135780 0.170404 -0.068169 
1.471857 -0.994940 0.389146 -0.711934 -0.033120 -0.011350 -0.269553 -0.039148 -0.138098 0.272647 0.316555 0.043901 -0.200405 0.115090 -0.054926 
1.434355 -1.062321 0.222801 -0.645915 -0.154021 -0.072415 -0.148075 0.070152 -0.026254 0.179489 0.221493 0.092083 -0.208270 0.042919 -0.057586 
1.503448 -1.154884 0.176452 -0.601602 -0.232197 -0.136412 -0.010839 0.060458 0.070061 0.144479 0.110091 0.119645 -0.176131 -0.014318 -0.065055 
1.469374 -1.128058 0.142618 -0.550830 -0.281652 -0.140820 0.014836 0.058035 0.054762 0.199839 0.090397 0.105283 -0.171480 -0.053948 -0.034181 
1.481312 -1.112777 0.168077 -0.575406 -0.167479 -0.122244 -0.067131 0.019232 0.062253 0.258988 0.135500 0.033696 -0.202783 -0.015068 -0.025011 
1.479040 -1.059774 0.269504 -0.576526 -0.053034 -0.182144 -0.133789 -0.006296 0.095678 0.310566 0.171071 -0.043444 -0.228892 0.087050 -0.059675 
1.345913 -1.000026 0.382028 -0.460233 -0.017474 -0.312683 -0.225470 0.008520 0.159435 0.340447 0.111855 -0.063530 -0.165819 0.215387 -0.074156 
1.266385 -1.051709 0.443859 -0.324397 -0.083083 -0.406589 -0.277620 0.058882 0.083551 0.293737 0.092166 -0.043623 -0.001798 0.222259 -0.113298 
1.180855 -0.998502 0.668848 -0.253703 -0.124915 -0.475138 -0.324601 0.136775 -0.020162 0.151499 0.075455 0.038970 0.123323 0.198299 -0.195429 
1.106490 -0.900629 0.807273 -0.177877 -0.285583 -0.373118 -0.339633 0.064853 -0.067056 -0.052611 0.141744 0.123727 0.097402 0.166200 -0.122765 
1.102754 -1.031389 0.902865 -0.527224 -0.114242 -0.281796 -0.214983 -0.050013 -0.315588 0.048479 0.063428 0.176723 0.056076 0.082900 0.034814 
0.999942 -0.983853 1.305725 -0.443566 -0.342409 -0.135514 -0.283005 0.042414 -0.376070 0.048377 0.018427 0.123735 -0.032012 0.127031 0.048347 
0.852221 -0.783315 1.564271 -0.355588 -0.346365 0.040437 -0.316411 0.052973 -0.418673 -0.006764 -0.045011 0.037259 -0.143033 0.137153 0.053483 
0.716947 -0.546069 1.685692 -0.314296 -0.313353 0.077990 -0.356581 0.067556 -0.420997 -0.068064 -0.039417 0.004360 -0.195028 0.133548 0.075094 
0.725439 -0.449908 1.642214 -0.277973 -0.324979 0.191365 -0.420834 0.103848 -0.380243 -0.153248 0.049033 -0.099995 -0.188553 0.168577 -0.000160 
0.674648 -0.233775 1.525540 -0.183929 -0.255678 0.132306 -0.321283 0.071117 -0.375562 -0.149191 0.062480 -0.165756 -0.185755 0.193516 -0.059550 
0.661808 -0.026576 1.458202 -0.084813 -0.249449 0.165973 -0.296052 0.075163 -0.385020 -0.088946 -0.004940 -0.143786 -0.195713 0.179336 -0.067905 
0.542710 -0.019536 1.439019 -0.183701 -0.124615 0.142085 -0.317617 0.153751 -0.423489 -0.060639 -0.028384 -0.126091 -0.210263 0.159609 -0.053501 
0.495902 0.166297 1.451317 -0.109679 -0.216381 0.166301 -0.308968 0.125666 -0.407169 -0.114908 0.082215 -0.226730 -0.161247 0.204133 -0.112822 
0.442837 0.278893 1.347344 -0.103090 -0.162663 0.150768 -0.317492 0.176008 -0.439380 -0.106846 0.084744 -0.270566 -0.114472 0.123459 -0.091225 
0.363414 0.210697 1.144395 -0.019478 -0.144143 0.140429 -0.272764 0.166597 -0.465815 -0.107044 0.076454 -0.340540 -0.078872 0.056277 -0.101083 
0.278305 0.468320 1.116068 -0.157717 -0.005113 0.168140 -0.373184 0.158920 -0.364374 -0.152337 -0.003200 -0.263859 -0.077965 0.002664 -0.122161 
0.205316 0.360718 1.020491 -0.045223 -0.174092 0.083832 -0.174447 0.007427 -0.396742 -0.013341 -0.060930 -0.214874 -0.063658 0.041080 -0.044048 
0.072419 0.264032 0.770010 0.179756 -0.152261 0.087714 -0.131519 -0.044258 -0.404317 -0.019274 -0.056920 -0.268959 -0.064936 0.009946 -0.037745 
0.139117 0.338429 0.941934 -0.002805 -0.217133 0.139028 -0.120207 -0.081922 -0.342553 -0.001507 -0.076808 -0.217970 -0.067977 0.078447 -0.095846 
0.187771 0.098000 0.182319 0.374901 -0.205508 0.100287 -0.151118 -0.140804 -0.264555 0.048666 -0.037582 -0.108971 -0.058975 0.067219 -0.033756 
-0.249408 0.094089 -0.226049 -0.125313 -0.220721 -0.055675 -0.259648 -0.049235 -0.079058 0.184847 0.115806 0.040081 0.001179 0.054793 -0.008972 
