city022_059
BIZEN
49
-0.317718 0.259628 -0.136821 0.175640 0.072076 0.221285 -0.086665 -0.066758 -0.033902 0.038646 -0.004378 0.051548 -0.037753 -0.054705 0.028338 
-0.096543 0.410110 0.433347 0.462962 0.204200 0.052275 -0.079787 0.077639 -0.106333 -0.005404 -0.079364 -0.048288 -0.149717 0.044348 -0.065090 
0.180679 0.429761 0.306778 0.530864 0.159418 0.093987 -0.108971 0.005843 -0.183900 -0.067032 -0.110451 -0.103520 -0.200437 -0.057491 -0.047173 
0.207152 0.469138 0.387770 0.506386 0.067847 -0.049057 -0.110675 -0.120774 -0.126394 -0.078415 -0.222956 -0.161397 -0.098283 0.029294 -0.227731 
0.242746 0.478203 0.306204 0.376891 0.133898 0.093346 -0.101585 -0.139945 -0.129991 -0.098038 -0.199277 -0.044612 -0.198301 -0.082638 -0.043447 
1.101744 -0.132835 1.352916 0.172997 -0.398465 0.192597 -0.281714 0.062626 -0.239242 -0.235462 0.062082 -0.108620 -0.179265 0.105282 -0.123085 
0.639691 -0.351896 1.596952 0.050393 -0.296169 0.295756 -0.369143 0.156511 -0.231225 -0.348562 0.081870 -0.116170 -0.256656 -0.020398 -0.008217 
0.604075 -0.509959 1.783344 -0.178833 -0.131280 0.285056 -0.456242 0.296947 -0.387714 -0.235307 0.017690 -0.103738 -0.301573 0.022547 -0.020913 
0.292309 -0.343622 1.761166 -0.182220 -0.101753 0.203721 -0.363384 0.195448 -0.348875 -0.257163 0.040593 -0.145129 -0.291382 0.045928 -0.004924 
0.375985 -0.373943 1.929453 -0.264062 -0.122349 0.205222 -0.382369 0.221106 -0.437018 -0.144058 -0.034023 -0.097486 -0.283100 0.053896 0.037679 
0.377347 -0.354744 1.854032 -0.275721 -0.093920 0.154527 -0.336167 0.173098 -0.398536 -0.146115 -0.034666 -0.078916 -0.283529 0.064432 0.050115 
0.428430 -0.409426 1.872283 -0.219738 -0.151040 0.199025 -0.376672 0.225848 -0.447101 -0.135546 -0.023214 -0.099427 -0.288249 0.081019 0.014953 
0.408770 -0.411282 1.752153 -0.202146 -0.153262 0.143200 -0.265084 0.118001 -0.386793 -0.092987 -0.085028 -0.046509 -0.256451 0.014542 0.073193 
0.495476 -0.489069 1.551057 -0.076805 -0.161523 0.117128 -0.167780 0.019815 -0.328377 -0.105280 -0.125783 -0.024201 -0.270502 -0.004560 0.047581 
0.420971 -0.422675 1.307397 0.115861 -0.078394 -0.097801 0.010703 -0.060228 -0.245415 -0.138440 -0.145321 0.014999 -0.239465 -0.035191 -0.034684 
0.500152 -0.410938 1.038449 0.135830 -0.013945 -0.227834 0.039152 -0.088233 -0.127164 -0.139395 -0.135494 0.047691 -0.096418 -0.035293 -0.096871 
0.432255 -0.275595 0.903815 0.351897 -0.057334 -0.273386 0.053453 -0.095997 -0.085232 -0.157710 -0.206362 0.079236 -0.086095 -0.024293 -0.176888 
0.276388 -0.171395 0.830150 0.275592 0.112279 -0.333078 -0.003686 -0.036614 -0.152450 -0.021155 -0.244987 -0.017065 0.019447 -0.020015 -0.153315 
0.356128 -0.223004 0.703981 0.410845 0.201442 -0.352744 0.070593 -0.145794 -0.012959 -0.110683 -0.247318 -0.061208 0.024519 -0.045843 -0.219867 
0.282202 -0.051725 0.614677 0.323443 0.221365 -0.384502 -0.021738 -0.044033 -0.036678 -0.108669 -0.201967 -0.043519 0.069998 -0.052160 -0.151127 
0.416027 -0.183504 0.720881 0.262002 0.197565 -0.334967 -0.068145 -0.105152 -0.070359 -0.010193 -0.293966 -0.085370 0.111376 -0.045741 -0.162306 
0.678510 -0.329701 0.746308 0.172813 0.058122 -0.316768 -0.117868 -0.145302 0.039057 -0.045194 -0.230951 -0.028398 0.148858 0.007792 -0.169794 
0.908524 -0.513902 0.807703 0.144022 0.023048 -0.256172 -0.226375 -0.076754 -0.091857 -0.055217 -0.272563 -0.026304 0.123114 -0.002290 -0.185241 
1.348619 -0.884975 1.124235 0.147598 -0.154979 -0.206937 -0.368825 0.089695 -0.248782 -0.001883 -0.273962 0.052829 0.098623 0.033509 -0.164726 
1.356678 -1.008522 1.059012 -0.180604 -0.106998 -0.212748 -0.333727 0.101641 -0.345813 0.001693 -0.208980 0.106906 0.049989 0.059666 -0.130315 
1.326672 -1.064826 0.953640 -0.275421 -0.053415 -0.242647 -0.288802 0.067124 -0.359280 -0.026399 -0.139722 0.121191 0.063557 0.059753 -0.107276 
1.272420 -1.102802 0.993152 -0.253323 -0.153812 -0.290520 -0.328416 0.111088 -0.279828 -0.018539 -0.073462 0.150363 0.091552 0.064635 -0.102640 
1.211028 -1.085678 0.899974 -0.301749 -0.187256 -0.334260 -0.260650 0.063155 -0.278076 0.011426 -0.020705 0.176298 0.087884 0.091747 -0.096792 
1.136564 -0.931703 0.816451 -0.134435 -0.319352 -0.392312 -0.239174 0.029065 -0.072136 -0.055421 0.048132 0.182783 0.102461 0.096812 -0.130540 
1.098058 -1.030831 0.890116 -0.251582 -0.279567 -0.343425 -0.207840 0.181571 -0.070062 0.036006 0.044135 0.120384 0.065541 0.056447 -0.184048 
1.125703 -0.900814 0.860399 -0.131399 -0.398442 -0.326222 -0.273132 0.207098 -0.038551 -0.008423 0.114246 0.139318 0.095910 0.015490 -0.139113 
1.239675 -0.919891 0.939714 -0.154093 -0.409455 -0.253480 -0.352792 0.259021 -0.082028 -0.005500 0.115480 0.109707 0.104091 0.057415 -0.189198 
1.327209 -0.960381 0.931366 -0.034835 -0.433326 -0.159841 -0.342206 0.252112 -0.044611 -0.063125 0.067649 0.128787 0.030199 0.104576 -0.223115 
1.343153 -0.919974 0.921021 0.019928 -0.407789 -0.126308 -0.411548 0.301015 -0.054126 -0.008472 0.057379 0.085353 0.082127 0.112708 -0.226679 
1.390279 -0.787879 0.835451 0.077980 -0.367113 -0.096088 -0.404179 0.209553 -0.029059 -0.034030 0.053765 0.003022 0.089150 0.202518 -0.300650 
1.285931 -0.580184 0.696975 0.222038 -0.224213 -0.037303 -0.393441 0.125769 -0.061647 0.031555 0.033050 -0.124940 0.080748 0.252333 -0.221739 
0.743492 -0.415966 0.781474 0.535218 -0.247017 0.230469 -0.190145 -0.158001 -0.112153 -0.018444 -0.171696 -0.181078 -0.068827 0.023942 -0.110563 
0.781954 -0.331673 0.850829 0.417861 -0.297348 0.262151 -0.158676 -0.230987 -0.130228 0.008047 -0.212666 -0.164542 -0.045282 -0.005464 -0.124103 
0.668309 -0.392846 0.777533 0.549322 -0.207175 0.243357 -0.252466 -0.208291 -0.069254 0.051305 -0.333418 -0.151557 -0.052436 -0.006102 -0.101404 
0.618624 -0.322294 0.694536 0.551440 -0.114834 0.162350 -0.242830 -0.246739 -0.048811 0.029996 -0.326274 -0.178983 -0.095823 0.068147 -0.144743 
0.704189 -0.232911 0.734190 0.544862 -0.303580 0.274082 -0.115693 -0.248109 -0.143388 0.019555 -0.253044 -0.143988 -0.104786 -0.037865 -0.060053 
0.775836 -0.270959 0.728996 0.535865 -0.286124 0.230430 -0.135333 -0.238963 -0.089705 0.004413 -0.256867 -0.098360 -0.112559 0.017216 -0.098586 
0.307807 -0.098492 0.424946 0.621507 -0.051640 0.140245 -0.271502 -0.164748 -0.053815 -0.008232 -0.232055 -0.175109 -0.071035 -0.026032 0.019339 
0.486699 -0.179068 0.480716 0.612812 -0.058758 0.157939 -0.193115 -0.283095 -0.051062 0.018523 -0.223996 -0.188812 -0.209656 0.151097 -0.111332 
0.234610 -0.051265 0.413449 0.542928 -0.072121 0.159662 -0.280855 -0.213516 -0.006818 0.040965 -0.317952 -0.095369 -0.029612 -0.039128 -0.003656 
0.314898 -0.249497 0.381586 0.452328 -0.314660 0.095509 -0.225943 -0.280707 -0.105527 0.111684 -0.232412 -0.056583 0.024272 0.001089 0.075409 
0.135110 -0.119446 0.343427 0.552842 -0.015471 0.075389 -0.264022 -0.324108 -0.034035 0.095811 -0.244642 -0.234881 -0.064957 0.100426 -0.009378 
-0.112556 0.041168 0.208271 0.277726 -0.107358 0.057216 -0.159120 -0.095705 -0.061144 0.022641 -0.088826 0.004412 -0.001025 -0.024714 0.014559 
0.083745 -0.121308 0.363927 0.536599 -0.080604 0.085475 -0.202027 -0.340958 -0.023920 0.109666 -0.275054 -0.111177 -0.133436 0.134261 -0.024103 
