city022_080
HYAKKATEN
77
-0.367910 -0.073508 -0.149816 -0.127994 -0.057722 0.084749 0.047424 0.109589 0.039574 -0.140688 0.014583 0.002710 -0.008559 0.025835 0.010252 
-0.327347 -0.138840 -0.037002 -0.196694 -0.087621 -0.018224 -0.114281 -0.037547 -0.034225 0.065899 0.121882 -0.056361 -0.006649 0.006435 0.022632 
0.259099 0.300034 0.592518 -0.144583 -0.047508 0.224812 -0.009327 0.067478 -0.063979 -0.048793 0.131501 -0.111256 0.002654 0.054349 -0.007813 
0.343147 0.116253 0.967195 -0.031573 -0.109218 0.118810 -0.049781 0.153707 0.016104 0.097875 0.068657 0.073037 0.032152 0.015104 0.088620 
0.042948 -0.071966 1.086393 -0.203989 0.009755 0.226991 -0.201039 0.114928 -0.048020 -0.048702 0.009792 0.011106 -0.045744 -0.039391 0.112774 
0.126607 -0.185979 1.011801 -0.507106 -0.063450 0.138224 -0.039686 0.175091 -0.117677 0.107406 -0.013745 -0.014112 0.023922 -0.088575 0.143792 
0.658967 -0.260548 0.935934 -0.359931 -0.082019 0.052178 -0.078014 0.107183 -0.144570 0.059682 -0.071622 0.058693 -0.005267 -0.145382 0.215025 
0.477498 -0.287242 0.866775 -0.269571 -0.151897 0.008874 -0.104604 -0.130978 -0.253215 0.061828 -0.130172 0.029702 0.022716 -0.096543 0.163905 
0.472508 -0.557498 0.917480 0.176190 -0.052580 -0.220563 -0.057973 0.055028 -0.244869 -0.028043 -0.046234 -0.095984 0.083966 -0.097656 -0.025556 
1.413201 -0.859188 0.943178 -0.193347 -0.317588 -0.240346 -0.281481 0.130417 -0.193772 0.030044 0.010634 0.055079 0.197931 -0.096991 0.021824 
1.530565 -0.901335 0.688709 -0.369939 -0.269371 -0.329272 -0.291903 0.130756 -0.144839 0.111587 0.002320 0.084317 0.241387 -0.048154 -0.019328 
1.583317 -0.911267 0.415408 -0.358810 -0.147329 -0.361930 -0.297356 0.028257 0.024651 0.222599 0.080266 -0.053008 0.158366 0.154106 -0.124394 
1.638192 -0.873331 0.294898 -0.556254 0.028148 -0.295504 -0.372254 0.080052 0.095564 0.264213 0.059802 -0.012843 0.050380 0.048363 -0.005137 
1.537794 -1.066105 0.147653 -0.463051 0.011898 -0.221239 -0.321297 0.127436 0.125153 0.129648 0.149474 0.010617 -0.041155 -0.059520 0.034592 
1.555380 -1.122681 0.172361 -0.633245 -0.007725 -0.113840 -0.308829 0.172893 0.027369 0.171963 0.143894 0.060409 -0.089580 -0.083985 0.026426 
1.573454 -1.010355 0.135343 -0.697766 0.019684 -0.071146 -0.277928 0.127990 -0.039642 0.205037 0.182003 0.038493 -0.078225 -0.093584 0.024138 
1.659522 -0.898916 0.071930 -0.618690 0.116248 -0.127519 -0.310997 0.122270 -0.132568 0.201243 0.177883 0.092069 -0.059881 -0.102638 0.090045 
1.874316 -0.796558 -0.035704 -0.385118 0.180896 -0.247526 -0.244218 0.054952 -0.242733 0.179018 0.137639 0.171455 -0.086196 -0.078563 0.143142 
1.813637 -0.434508 -0.222388 -0.205808 0.267405 -0.257814 -0.217095 0.002857 -0.345588 0.121087 0.166148 0.170464 -0.082581 -0.119368 0.135377 
1.524615 -0.060609 -0.393742 -0.218571 0.215792 -0.219161 -0.017980 -0.008637 -0.338226 0.059039 0.203357 0.159829 -0.070350 -0.099888 0.015009 
0.854608 0.205571 -0.192770 -0.072894 -0.182104 -0.126589 -0.167600 -0.050352 -0.001773 0.096492 0.157302 0.021175 -0.029156 0.054710 -0.008923 
0.499013 0.070705 -0.069022 -0.045922 -0.308651 -0.193179 -0.159683 0.066714 0.077953 0.100497 0.071015 -0.007466 0.064171 -0.020640 -0.087724 
0.407350 -0.002003 -0.172763 -0.101814 -0.191974 0.006859 -0.043181 -0.081991 0.130338 0.187174 -0.053532 -0.039187 -0.040906 0.041949 -0.064066 
0.188099 0.076734 -0.132961 -0.163011 -0.182369 -0.227298 -0.190169 0.159426 0.211628 -0.033011 0.008251 0.083082 -0.001261 -0.082587 -0.040725 
0.205171 0.042471 -0.120558 -0.239522 -0.162236 -0.048832 -0.148671 -0.084724 0.008895 0.152758 0.088990 -0.032023 0.011376 0.054043 -0.083280 
-0.059843 -0.113920 -0.269652 -0.174127 -0.236455 0.006327 -0.108066 -0.084654 -0.033083 0.164319 0.112707 0.031478 -0.050110 0.002760 -0.033737 
-0.097706 -0.016714 0.023387 -0.090500 -0.149654 0.074777 0.083733 0.024299 -0.062732 -0.012376 0.057087 -0.069808 0.029660 0.014770 -0.025649 
0.058087 0.142077 -0.150906 -0.139143 -0.120630 -0.085306 -0.156941 -0.063957 -0.062299 0.015556 0.132689 0.010010 0.006275 0.043543 -0.018018 
-0.027135 0.164878 -0.207808 0.037627 -0.072712 -0.095486 -0.189034 0.003801 -0.157982 -0.044522 0.118179 0.065052 -0.046175 0.011993 0.032835 
0.040778 0.092438 -0.062966 -0.053223 -0.091692 0.000050 -0.183562 -0.125741 -0.011030 0.079673 0.024143 -0.028137 0.031522 0.033126 -0.030478 
-0.204799 -0.069969 -0.130621 0.027780 -0.199018 -0.167940 -0.155224 0.056504 -0.048985 0.110696 0.053709 0.032563 -0.068618 0.098815 -0.028477 
-0.083124 0.233252 -0.089166 -0.178474 -0.226076 -0.038464 -0.019290 -0.012515 -0.098652 0.102998 0.058416 -0.033416 0.000125 0.074071 -0.087292 
-0.133766 0.137412 -0.119997 -0.011900 -0.133051 0.050828 -0.116882 -0.032340 -0.095510 0.021134 0.017769 0.064162 -0.034058 -0.009588 0.018797 
-0.220764 0.356646 0.035344 -0.204565 -0.085499 0.025082 -0.060949 -0.058765 -0.018369 0.053993 0.022302 -0.057676 0.060153 -0.001972 -0.044765 
-0.245436 -0.050484 -0.030475 -0.067041 0.003371 0.019738 -0.078579 -0.114743 -0.004642 0.093303 -0.012633 0.004560 -0.045540 0.037479 0.009435 
0.813635 -1.280155 -0.701042 -0.126328 0.376730 0.197257 -0.132648 -0.110031 0.017637 0.019403 0.023644 0.093693 -0.150093 0.029550 0.008447 
0.873630 -1.508848 -0.559453 -0.490745 0.500345 0.163446 -0.033695 -0.146101 -0.025680 0.202549 -0.089977 0.051339 -0.153561 0.013159 0.016382 
1.197990 -0.788912 -0.038456 -0.184464 0.175041 -0.189501 -0.200712 -0.245886 -0.082499 0.187960 0.040274 0.079134 -0.072601 0.075722 0.068333 
1.712554 -0.957946 0.291441 -0.418517 -0.071644 -0.123315 -0.316569 -0.004438 -0.287728 0.201047 0.252025 0.098977 -0.066566 0.042956 0.176567 
1.523066 -1.065173 0.254707 -0.589840 0.010489 -0.150674 -0.250713 0.001296 -0.165105 0.143178 0.315712 0.098583 -0.062665 -0.039693 0.109669 
1.390719 -1.174546 0.207014 -0.631663 -0.106550 -0.131458 -0.116297 -0.023584 -0.053644 0.111050 0.282831 0.124158 -0.035370 -0.081551 0.003105 
1.332638 -1.181618 0.218426 -0.620370 -0.174003 -0.207466 -0.019480 0.041767 -0.027307 0.074723 0.284375 0.107954 -0.058166 -0.085266 -0.008360 
1.372697 -1.097679 0.212348 -0.584162 -0.140666 -0.210618 -0.103499 0.041388 0.014408 0.061836 0.313826 0.056756 -0.065512 -0.030215 -0.038276 
1.395375 -1.018573 0.283019 -0.562826 -0.126605 -0.232818 -0.138889 0.006830 -0.076368 0.213823 0.250044 0.002885 0.008397 0.017110 -0.017755 
1.590484 -0.940417 0.322445 -0.563266 -0.120041 -0.154217 -0.144915 -0.090625 -0.233818 0.303692 0.153166 0.028118 0.075007 0.053892 0.051148 
1.600935 -0.517091 0.361131 -0.410431 -0.060475 0.007338 -0.186501 -0.223773 -0.327094 0.285753 0.074124 -0.018647 0.080005 0.009626 0.061367 
1.130274 0.025525 -0.085908 0.111093 0.055581 0.113509 -0.035993 -0.225029 -0.165615 0.194507 0.112166 -0.109509 -0.038074 0.004997 -0.005810 
0.800520 0.012513 -0.269846 0.011441 -0.035621 0.010214 -0.123775 -0.006620 -0.039335 0.038078 0.175961 0.008108 -0.151478 0.036320 0.069636 
0.721225 0.060329 -0.192208 -0.161848 -0.227460 -0.056696 0.045350 0.001567 -0.146874 0.183935 0.145703 -0.078600 -0.057801 0.088583 -0.065351 
0.680607 0.020077 -0.179085 0.008432 -0.174021 -0.064238 -0.097554 -0.134628 -0.066806 0.156554 0.188966 -0.080870 -0.072570 0.125564 0.004151 
0.464788 -0.035006 -0.205121 0.100050 -0.237406 -0.187996 -0.106219 -0.145531 -0.056650 0.163485 0.207023 -0.176568 0.055378 0.187741 -0.103109 
0.131604 -0.205034 -0.084570 0.002317 -0.046055 0.111429 -0.052678 -0.270984 -0.093103 0.137022 0.146297 -0.099811 -0.057484 0.053107 -0.020453 
-0.078213 -0.371352 -0.281953 -0.260456 -0.172604 0.007944 -0.130490 -0.180510 0.030871 0.283730 0.246646 -0.090335 -0.129034 0.009336 -0.010555 
0.841129 -0.438014 0.031457 -0.584353 -0.042826 -0.061232 -0.067238 -0.027415 0.004744 0.055267 -0.038073 0.136191 0.056581 -0.079709 0.042906 
1.090813 -0.559697 0.415190 -0.244375 0.070003 -0.084289 -0.043274 -0.056742 0.042312 -0.004120 -0.228664 0.182197 -0.003288 -0.064404 0.065030 
1.583916 -0.938733 0.784813 0.067554 -0.239416 -0.179544 -0.435410 0.017876 -0.144851 0.015074 -0.171439 0.027234 0.204876 0.025664 -0.028968 
1.489213 -1.065172 1.006789 -0.107391 -0.242205 -0.205470 -0.396389 0.039314 -0.159369 0.018526 -0.139737 0.085084 0.182314 0.002094 -0.001433 
1.289216 -1.048618 0.937359 -0.159191 -0.264573 -0.297244 -0.318872 0.045696 -0.161126 -0.021936 -0.052817 0.129987 0.174410 0.000400 0.007131 
1.326585 -1.105461 0.890411 -0.288307 -0.200344 -0.280703 -0.317015 -0.002410 -0.191533 0.029923 -0.067392 0.146023 0.156769 0.054465 0.002654 
1.402235 -1.173743 0.818294 -0.336250 -0.124089 -0.314570 -0.287954 0.020499 -0.278044 -0.007008 -0.038093 0.170333 0.157723 0.030159 0.065017 
1.307317 -1.036818 0.784303 -0.240070 -0.213678 -0.390803 -0.265422 0.038033 -0.109739 -0.001551 0.038374 0.100354 0.183268 0.055764 -0.013085 
1.422128 -1.105427 0.888499 -0.240230 -0.346465 -0.325293 -0.295429 0.247767 -0.071299 0.067034 0.065022 0.095862 0.127021 0.005963 -0.089573 
1.512138 -1.107092 0.870174 -0.040145 -0.422135 -0.189566 -0.372348 0.263448 -0.013482 -0.030389 0.122039 0.016648 0.131682 0.063859 -0.155480 
1.539029 -1.042074 0.783848 -0.002352 -0.337285 -0.164125 -0.379823 0.258685 -0.023194 -0.045150 0.114151 -0.087204 0.172754 0.095592 -0.184101 
1.545549 -1.020955 0.754766 0.071602 -0.248284 -0.168917 -0.356878 0.181889 -0.001759 -0.024331 0.089230 -0.120225 0.137165 0.164210 -0.163921 
1.470193 -0.860729 0.639261 0.253637 -0.184404 -0.126702 -0.308218 0.050459 -0.022346 0.028985 0.047823 -0.192452 0.134736 0.169023 -0.101642 
1.162755 -0.684168 0.688707 0.549629 -0.085615 0.012705 -0.092051 -0.264122 -0.065838 0.076249 -0.213278 -0.158647 -0.077422 0.027260 0.075498 
0.961483 -0.544927 0.786288 0.440324 -0.151175 0.053040 -0.109420 -0.235293 -0.086098 -0.035357 -0.166440 -0.123674 -0.102011 -0.000003 0.057487 
0.928058 -0.461410 0.654380 0.498257 -0.160158 0.064841 -0.140341 -0.283756 -0.007741 -0.049351 -0.142477 -0.150791 -0.097415 0.069920 0.015525 
0.785031 -0.306828 0.592788 0.488383 -0.103485 0.019091 -0.176354 -0.270320 -0.044538 -0.047429 -0.172289 -0.176627 -0.085726 0.063093 0.011427 
0.697205 -0.325531 0.614691 0.512130 -0.121095 0.058611 -0.149205 -0.271144 -0.046022 -0.048972 -0.158081 -0.178394 -0.097633 0.028245 0.044786 
0.723409 -0.388048 0.719448 0.411326 -0.167495 0.056043 -0.148120 -0.222395 -0.067931 -0.083547 -0.158305 -0.085323 -0.116392 0.025214 0.010207 
0.459082 -0.191463 0.477011 0.496312 -0.138660 0.043453 -0.155160 -0.256287 -0.046896 -0.062107 -0.129430 -0.141744 -0.071862 0.023845 0.004835 
0.637167 -0.335128 0.549538 0.588234 -0.119412 0.040104 -0.120874 -0.305897 -0.032905 -0.050435 -0.149613 -0.206371 -0.112083 0.056773 0.021466 
0.115455 -0.005020 0.462321 0.284214 0.001221 0.007138 -0.108109 -0.239238 -0.075329 -0.063137 -0.044606 -0.178618 -0.006981 -0.047776 0.043744 
0.365651 -0.400914 0.603091 0.464280 -0.075576 0.034663 -0.200018 -0.167847 -0.116412 0.037459 -0.180263 -0.139550 -0.063390 0.022301 0.024292 
-0.018350 0.148841 0.120700 0.143394 0.007203 -0.087030 -0.279065 -0.137888 -0.127232 -0.060753 0.063315 -0.107966 -0.005618 0.052722 0.061764 
