city022_052
ZUSHI
42
-0.088931 0.311549 -0.025835 0.368581 -0.161110 0.113628 -0.052582 -0.038759 -0.000380 0.026466 -0.073226 0.067016 -0.063789 0.052698 -0.064992 
0.307336 0.640564 0.162260 0.354493 -0.045026 0.364303 0.006575 -0.133549 -0.149693 0.072336 -0.136117 -0.031027 -0.066704 -0.026140 -0.152538 
0.450896 0.452845 0.503012 0.477176 -0.195620 0.258433 -0.114148 -0.188115 -0.079626 -0.024330 -0.252347 -0.092124 -0.099758 0.000523 -0.232080 
0.367041 0.801720 0.477198 0.463585 -0.160717 0.180051 -0.150588 -0.155196 -0.091936 -0.002141 -0.286903 -0.049301 -0.036598 -0.084111 -0.100706 
0.447649 0.621323 0.390948 0.475129 -0.125700 0.255804 -0.145084 -0.139203 -0.152970 0.014583 -0.249562 -0.102097 -0.110692 -0.046863 -0.123361 
0.328928 0.513348 0.248392 0.408046 -0.054002 0.108371 -0.095621 0.008015 -0.134553 -0.060568 -0.065763 -0.028086 -0.112805 0.003027 -0.037024 
0.388576 -0.608039 0.348736 -0.426423 0.235230 -0.096308 -0.017279 0.100889 -0.184202 0.154841 -0.132697 0.159565 -0.142095 0.093820 -0.049765 
0.301939 0.158643 0.457805 0.134640 0.435705 -0.243541 -0.194573 -0.118241 -0.110204 0.084762 -0.259084 -0.121772 -0.074974 0.111679 -0.085157 
0.235805 -0.052567 0.708505 -0.075951 0.545305 -0.329466 -0.214000 -0.044100 -0.245831 0.177645 -0.344587 -0.113242 -0.017297 0.060307 -0.097638 
0.675475 -0.205461 0.553144 -0.288645 0.571437 -0.386373 -0.210082 0.040265 -0.179534 0.249317 -0.252434 -0.017174 0.040755 0.072967 -0.047792 
0.879438 -0.170707 0.738100 -0.126724 0.408265 -0.177657 -0.228399 -0.253045 -0.107972 0.239896 -0.358580 -0.066077 -0.069825 0.157126 -0.078377 
1.050894 -0.418610 0.828498 -0.065907 0.323646 -0.172388 -0.281458 -0.129257 -0.263140 0.239278 -0.333154 -0.140570 -0.041558 0.159963 -0.103279 
1.100953 -0.480526 0.936069 -0.052817 0.280507 -0.112825 -0.438484 -0.043788 -0.252047 0.226078 -0.345059 -0.189151 0.020927 0.187680 -0.150702 
1.281424 -0.562509 0.932503 -0.030674 0.187697 -0.056980 -0.430194 -0.074168 -0.258540 0.220649 -0.273887 -0.225427 0.049050 0.165285 -0.127328 
1.230885 -0.588164 1.054804 -0.105354 0.168455 -0.096323 -0.387985 -0.045588 -0.231568 0.159696 -0.265070 -0.179461 0.083986 0.142881 -0.207293 
1.233006 -0.715065 1.098303 -0.116037 0.176568 -0.091590 -0.475743 0.069014 -0.299811 0.184637 -0.303373 -0.175254 0.101588 0.140796 -0.231454 
1.163319 -0.814423 1.127866 -0.137223 0.124963 -0.090513 -0.546846 0.124262 -0.331706 0.206812 -0.316464 -0.159314 0.194246 0.067126 -0.177644 
0.723762 -0.455732 0.923228 -0.217699 0.266800 -0.378808 -0.360741 0.143484 -0.281898 0.150003 -0.259050 -0.089640 0.298850 -0.056729 -0.164742 
-0.236607 -0.128939 1.010896 -0.368216 0.533045 -0.387533 -0.113696 0.272167 -0.219146 0.110021 -0.154079 0.016790 0.125028 -0.090112 -0.069521 
-0.848914 -0.306638 0.668120 -0.649935 0.648149 -0.262264 -0.021903 0.314467 -0.187022 0.077698 -0.117444 0.120550 0.009490 -0.065215 0.038385 
-1.016231 -0.357928 0.686900 -0.964962 0.345165 -0.138106 -0.017425 0.153359 -0.103649 0.148632 -0.109427 -0.018536 0.067748 -0.040701 -0.053382 
-1.077151 -0.610173 0.954800 -0.821230 0.409047 -0.267725 -0.050028 0.226902 -0.060745 -0.018926 -0.065533 0.106109 -0.012563 -0.063168 -0.022352 
-1.062588 -0.878481 0.691780 -0.813756 0.529962 -0.180005 0.003952 0.221067 -0.184760 0.006720 -0.052500 0.130593 -0.061227 -0.003606 0.005334 
-1.130969 -0.692999 0.751654 -0.773942 0.437351 -0.192885 0.108650 0.168470 -0.223425 0.054337 -0.005131 0.024328 -0.011279 0.009458 -0.022501 
-1.037132 -0.720485 0.754629 -0.861392 0.475354 -0.182802 -0.027584 0.336822 -0.247840 -0.013645 0.042016 0.016549 -0.036594 0.037819 -0.036890 
-1.045601 -0.765510 0.876954 -0.862207 0.198246 -0.317199 -0.004108 0.355857 -0.126918 0.033965 -0.023549 0.100565 -0.135478 -0.024359 0.042630 
-0.949194 -0.647536 0.723182 -0.831297 0.194541 -0.213578 -0.022183 0.275054 -0.115824 0.129126 -0.121480 0.064640 -0.032757 -0.036086 -0.017481 
-0.695104 -0.505137 0.951856 -0.770317 0.348051 -0.103084 0.030048 0.245806 -0.229994 0.103008 -0.010489 -0.037539 0.018626 0.051823 -0.114026 
-0.026537 -0.355613 1.366659 -0.152159 0.053067 -0.233142 -0.183120 0.121868 -0.378524 -0.041962 -0.105121 -0.094420 0.053356 -0.079043 -0.092779 
0.491864 -0.398370 1.488043 -0.081145 -0.064057 -0.168382 -0.119492 0.128922 -0.472118 0.035245 -0.182380 0.023735 -0.133168 -0.033232 -0.039995 
0.527876 -0.371208 1.538246 -0.002228 -0.168882 0.046757 -0.217328 0.135184 -0.395980 -0.058153 -0.140935 -0.002754 -0.198471 -0.027767 -0.000858 
0.466615 -0.295163 1.669534 -0.020851 -0.244197 0.193512 -0.289566 0.170722 -0.412646 -0.091706 -0.068361 -0.093612 -0.194512 -0.016385 -0.023108 
0.453812 -0.290694 1.750475 0.002880 -0.325091 0.262980 -0.232543 0.023476 -0.263773 -0.181203 -0.029859 -0.089891 -0.250160 0.056848 -0.042786 
0.376721 -0.161472 1.805835 -0.043564 -0.281781 0.286012 -0.251443 0.045149 -0.322093 -0.073314 -0.129887 -0.064842 -0.219932 0.021710 -0.014083 
0.333327 -0.132043 1.718816 -0.003587 -0.341199 0.357948 -0.283859 0.035334 -0.276858 -0.123017 -0.084533 -0.091088 -0.250000 0.080996 -0.070494 
0.363580 -0.173970 1.765491 -0.060628 -0.308233 0.330121 -0.278629 0.061039 -0.310889 -0.070379 -0.097790 -0.067112 -0.252625 0.122202 -0.092343 
0.214152 0.205961 1.086010 0.151619 -0.336274 0.232054 -0.168150 -0.078644 -0.316675 -0.066930 -0.117428 -0.200450 -0.098526 -0.027181 -0.034550 
0.196536 0.281836 1.298226 -0.017698 -0.288827 0.195318 -0.232314 -0.062820 -0.329036 0.005970 -0.210245 -0.076334 -0.102816 -0.015379 -0.003269 
0.234332 0.130140 1.218304 0.025939 -0.232764 0.180892 -0.213104 -0.001611 -0.370243 0.095812 -0.309867 0.031958 -0.182182 -0.000299 -0.011008 
0.172311 0.006790 1.535266 0.027766 -0.299188 0.226883 -0.246295 0.044875 -0.367313 -0.026612 -0.141805 -0.089104 -0.179146 0.062389 -0.077423 
0.112919 0.443216 0.284002 0.252106 -0.243304 0.246922 -0.135733 -0.187272 -0.329064 -0.079443 -0.104533 -0.108195 -0.098641 -0.043845 -0.022704 
0.009452 0.468251 0.123310 0.025216 -0.219945 -0.063232 -0.388872 -0.046973 -0.094104 -0.034918 -0.042968 0.118357 -0.016621 0.111681 0.004898 
