city022_065
PURIZUMU
65
-0.049578 0.206256 -0.272954 -0.208295 -0.422923 -0.094884 -0.018403 0.131736 0.029892 0.031348 0.075659 0.059676 -0.097603 0.024629 -0.067883 
0.315501 0.062083 -0.161834 -0.092943 -0.155825 -0.099065 -0.132148 0.081925 0.050535 0.151254 -0.139866 0.076895 0.000298 -0.001875 -0.074990 
1.898668 -0.298917 0.225717 -0.090612 0.074450 0.068367 -0.222366 -0.029902 -0.201472 0.068004 -0.284977 -0.081877 0.027104 0.036820 -0.046200 
1.730201 -0.098849 0.441952 0.018933 0.008441 -0.057754 -0.311400 0.110940 -0.018083 0.028963 -0.074988 0.069002 0.013328 0.062128 -0.082958 
1.024401 -0.512430 0.431522 0.134046 0.418386 -0.086914 -0.367657 0.110023 -0.110349 0.138301 -0.149040 -0.059182 -0.064440 0.073174 0.022229 
0.889992 -0.471296 0.709651 0.295356 0.315193 -0.014754 -0.216261 0.122731 -0.221909 0.117654 -0.199100 -0.114663 -0.018027 -0.039432 -0.094479 
0.764946 -0.526775 0.321829 0.390309 0.304191 -0.057718 -0.229812 0.008764 -0.053380 0.163099 -0.113848 -0.093271 -0.102047 0.154826 -0.002587 
1.515726 -0.362780 0.377565 0.101141 0.076350 -0.024898 -0.354496 -0.010117 -0.244528 0.074753 -0.126457 -0.223295 0.066522 0.097949 -0.097239 
1.500687 -0.464308 0.670418 0.177835 -0.053266 -0.062452 -0.497936 -0.040623 -0.295134 0.091428 -0.129011 -0.197721 0.022227 0.232861 -0.064566 
1.493165 -0.630811 0.595377 0.175985 0.051580 -0.092600 -0.491599 -0.060197 -0.242860 0.078114 -0.079106 -0.266638 0.006584 0.250506 -0.016487 
1.299077 -0.674923 0.933098 0.116670 0.049418 -0.056617 -0.527715 0.061058 -0.243720 0.013863 -0.129252 -0.201265 -0.036699 0.269158 -0.127846 
1.346361 -0.905329 0.914292 0.488303 -0.315731 0.245660 -0.460216 -0.124702 -0.018924 -0.127067 -0.120345 -0.222233 -0.071139 0.223245 -0.187930 
1.082511 -0.749697 0.732922 0.637698 -0.228393 0.100383 -0.313722 -0.083918 -0.151197 -0.003341 -0.191023 -0.270760 -0.008111 0.158021 -0.234500 
0.908466 -0.668377 0.847633 0.608845 -0.275218 0.070141 -0.235822 -0.127730 -0.067054 -0.130823 -0.235502 -0.100858 -0.077937 0.038990 -0.112392 
0.961991 -0.753549 1.038995 0.534560 -0.325077 0.142412 -0.354566 0.054216 -0.073808 -0.287783 -0.073425 -0.101898 -0.098626 0.070281 -0.164875 
0.888798 -0.809936 1.435806 0.289527 -0.238970 -0.066967 -0.218677 0.252145 -0.468863 -0.141848 -0.026844 -0.095361 -0.198875 0.085104 -0.156101 
0.923410 -0.797542 1.646832 0.184212 -0.320013 0.015993 -0.156548 0.193452 -0.577054 -0.017815 -0.029435 -0.184913 -0.189635 0.067434 -0.080557 
0.890442 -0.856661 1.592607 0.108727 -0.323086 0.111841 -0.132548 0.047741 -0.506847 0.009476 -0.078313 -0.225216 -0.161707 0.075795 -0.111708 
0.646196 -0.691740 1.690213 0.074165 -0.359665 0.164331 -0.185320 0.030083 -0.491784 0.000445 -0.108941 -0.240615 -0.111534 0.001626 -0.022826 
0.581766 -0.594661 1.769235 0.018387 -0.430675 0.233108 -0.237687 -0.004347 -0.441791 -0.046854 -0.108306 -0.193260 -0.160514 0.058957 -0.058976 
0.570420 -0.548994 1.801918 -0.061831 -0.390130 0.234663 -0.285797 0.024249 -0.450921 -0.026809 -0.133814 -0.157568 -0.149095 0.039600 -0.019900 
0.535573 -0.549055 1.826783 -0.122510 -0.347464 0.213443 -0.278424 0.024138 -0.438385 -0.035543 -0.123536 -0.140547 -0.160195 0.032745 0.025266 
0.465836 -0.537832 1.853029 -0.082375 -0.392422 0.231222 -0.272217 0.017056 -0.432675 -0.035608 -0.113685 -0.151645 -0.141273 0.015804 0.037920 
0.473934 -0.582895 1.799808 -0.029877 -0.411606 0.223577 -0.245577 -0.005490 -0.426797 -0.021393 -0.141604 -0.141126 -0.141450 0.006665 0.028461 
0.578901 -0.691426 1.749075 0.040054 -0.380402 0.153216 -0.204512 0.016450 -0.447999 -0.019582 -0.160885 -0.104068 -0.178941 -0.012662 0.048471 
0.677596 -0.739605 1.555272 0.184784 -0.352385 0.087833 -0.151345 0.031733 -0.409022 -0.072520 -0.114314 -0.110809 -0.163531 -0.056363 0.034534 
0.559964 -0.573329 1.195760 0.333577 -0.161833 -0.088248 -0.054737 0.078867 -0.384988 -0.097554 -0.117513 -0.082239 -0.161965 -0.064307 -0.098329 
0.748674 -0.358207 0.802648 0.395419 -0.126818 -0.137574 -0.063419 0.029911 -0.236689 -0.103882 -0.175942 -0.004682 -0.071281 -0.053537 -0.119881 
0.529351 -0.163243 0.645292 0.480615 -0.041924 -0.162673 -0.126620 0.012848 -0.157188 -0.087153 -0.166604 -0.095700 0.016129 -0.028023 -0.117656 
0.285756 -0.047081 0.549330 0.465402 0.189432 -0.238851 -0.030781 -0.068686 -0.041365 -0.055373 -0.298157 -0.006485 -0.013790 -0.043629 -0.191070 
-0.005475 0.020465 0.606030 0.339334 0.273065 -0.308521 -0.034411 -0.109681 -0.098754 -0.019607 -0.312390 -0.011439 -0.101439 0.031818 -0.149063 
-0.245232 0.143032 0.643910 0.180556 0.421158 -0.263928 -0.007322 -0.182895 -0.090940 0.064625 -0.291022 -0.088520 -0.111427 0.060072 -0.125739 
-0.248086 0.069882 0.638119 0.198510 0.390030 -0.339874 0.088883 -0.221678 0.015497 -0.005560 -0.191920 -0.105265 -0.046020 0.077920 -0.131932 
-0.073048 -0.160936 0.636345 0.214633 0.422207 -0.418484 0.019691 -0.056953 -0.011905 -0.056956 -0.219472 0.045741 -0.071765 0.020977 -0.109643 
-0.023068 0.001823 0.570184 0.133095 0.447003 -0.435981 0.008157 -0.110931 -0.060628 0.084962 -0.324057 0.018212 -0.024706 0.045966 -0.114227 
0.299308 0.076517 0.587816 -0.012147 0.512815 -0.271985 -0.122495 -0.152234 -0.147495 0.217282 -0.391722 -0.055425 -0.033040 0.038250 -0.085270 
0.741084 -0.047361 0.553085 0.020794 0.390663 -0.119549 -0.255244 -0.166629 -0.096793 0.192859 -0.267092 -0.085192 -0.107295 0.160002 -0.027794 
0.925007 -0.389591 0.710926 0.041188 0.269918 -0.022484 -0.332653 -0.165225 -0.136943 0.191288 -0.357553 -0.043281 -0.131698 0.137074 -0.022162 
1.133921 -0.328065 0.584407 0.024932 0.163734 0.007668 -0.388320 -0.186768 -0.161454 0.188362 -0.277067 -0.117848 -0.065521 0.173004 -0.060013 
1.262551 -0.423090 0.686015 -0.078137 0.117499 0.097523 -0.494529 -0.150594 -0.260855 0.307391 -0.186092 -0.184798 -0.021387 0.194364 -0.017772 
1.296272 -0.444603 0.706122 -0.146572 0.109041 0.109821 -0.544690 -0.091744 -0.384220 0.311653 -0.075506 -0.238979 -0.009317 0.200057 0.001394 
1.306311 -0.347834 0.564899 -0.178826 0.062705 0.144250 -0.491394 -0.188089 -0.362185 0.217476 0.062938 -0.252982 -0.023556 0.204669 -0.068451 
1.249734 -0.360666 0.510837 -0.222542 0.003411 0.209574 -0.332883 -0.136046 -0.423903 0.185790 0.029609 -0.182726 0.004472 0.129911 -0.189546 
0.847086 -0.023057 0.472854 0.176773 -0.052771 0.356939 -0.032454 -0.184188 -0.354391 0.012882 -0.002376 -0.201310 -0.119758 0.066845 -0.246654 
1.011298 0.060738 0.444602 0.299689 -0.271099 0.370429 0.062290 -0.232896 -0.323248 0.022586 -0.176658 -0.137874 -0.092207 -0.010677 -0.124053 
0.895516 0.067832 0.485032 0.331453 -0.326230 0.337527 0.123846 -0.411372 -0.221355 0.100132 -0.257875 -0.102265 -0.037380 -0.078640 -0.101438 
0.723163 0.069443 0.572619 0.231992 -0.315609 0.334642 0.114003 -0.330274 -0.291049 -0.007815 -0.181556 -0.159350 -0.083421 0.000249 -0.141863 
0.909740 0.003010 0.471141 0.276005 -0.285884 0.350723 0.107437 -0.418730 -0.282801 0.027017 -0.233852 -0.064423 -0.144582 -0.021338 -0.109185 
0.943935 -0.073318 0.484649 0.256845 -0.350145 0.455905 0.102763 -0.348854 -0.382703 0.016775 -0.199737 -0.121032 -0.046060 -0.075526 -0.126138 
0.848311 -0.006110 0.558863 0.167445 -0.319535 0.425984 0.052393 -0.296382 -0.348946 -0.029294 -0.176427 -0.149182 -0.060394 -0.019290 -0.163138 
1.146526 -0.145299 0.486615 -0.055728 -0.127691 0.489277 -0.293518 -0.223644 -0.390989 -0.038307 0.122791 -0.222145 -0.056353 0.059262 -0.257260 
1.469311 -0.209311 0.491016 -0.148523 -0.114126 0.357904 -0.544327 -0.156359 -0.319348 0.167953 0.250341 -0.255110 0.019338 0.167362 -0.106176 
1.328361 -0.254206 0.494893 -0.240957 -0.022889 0.248877 -0.470059 -0.126973 -0.234333 0.284558 0.253117 -0.177067 -0.029055 0.207338 -0.083125 
1.374057 -0.288006 0.458399 -0.196206 -0.096658 0.277614 -0.526041 -0.120168 -0.244221 0.213519 0.215168 -0.224759 0.022784 0.195910 -0.116444 
1.258694 -0.243236 0.465429 -0.192900 -0.056163 0.276470 -0.523853 -0.173963 -0.315561 0.230122 0.167935 -0.211357 -0.011232 0.190955 -0.107604 
1.131043 -0.147518 0.453368 -0.239996 -0.039736 0.217889 -0.521435 -0.237140 -0.292509 0.249216 0.210570 -0.214651 0.017818 0.210330 -0.101805 
1.148239 -0.249000 0.493681 -0.216516 -0.026003 0.237588 -0.503284 -0.225214 -0.273047 0.253634 0.159634 -0.219880 -0.000643 0.191837 -0.078440 
1.310183 -0.266710 0.408360 -0.125260 -0.079312 0.247542 -0.456155 -0.190057 -0.226799 0.212224 0.165307 -0.229886 -0.002326 0.204408 -0.124684 
1.030030 -0.131622 0.293417 -0.056113 -0.078740 0.221083 -0.460683 -0.220648 -0.211671 0.282166 0.101788 -0.233578 0.027707 0.177212 -0.076076 
1.062748 -0.131233 0.388520 -0.071574 -0.107750 0.278619 -0.555339 -0.193321 -0.243653 0.243023 0.187865 -0.295525 0.052019 0.201474 -0.075174 
1.065982 -0.079148 0.355013 -0.037391 0.054159 0.118044 -0.460894 -0.117338 -0.333714 0.292630 0.075225 -0.310047 0.072466 0.179799 -0.093188 
0.544457 0.104466 0.100652 -0.000650 0.025754 0.070190 -0.417775 -0.299037 -0.306715 0.283190 0.105448 -0.305251 0.060265 0.174251 -0.048238 
1.058377 -0.166862 0.316915 -0.130400 -0.001302 0.075095 -0.487619 -0.097619 -0.229444 0.281112 0.186404 -0.252972 0.036062 0.270431 -0.119654 
0.400515 0.123266 -0.016695 -0.018696 -0.010126 -0.091920 -0.443070 -0.316488 -0.287773 0.370409 0.059378 -0.245725 0.170375 0.203500 -0.000099 
0.226126 -0.055876 -0.058321 0.115564 -0.047213 -0.034298 -0.328710 -0.147288 -0.257368 0.271717 0.022307 -0.186173 0.125217 0.074980 -0.010077 
