city022_068
KYAKUSHA
63
-0.308066 0.005113 -0.028919 0.078265 -0.133316 0.017191 -0.197429 -0.080160 -0.164733 0.040936 0.092679 0.044782 -0.104089 0.061706 0.028846 
-0.307744 -0.651826 0.580350 -0.820318 0.208319 0.001247 -0.077656 0.256334 -0.176063 0.118560 -0.116078 0.069051 -0.072300 0.062117 -0.029131 
-0.517665 -0.431408 0.644902 -0.847575 0.130508 -0.080128 -0.192013 0.228803 -0.095142 0.115499 -0.014906 0.050600 -0.085261 0.059112 -0.058264 
0.057898 -0.571889 0.658878 -0.623376 0.229577 0.098788 -0.427843 -0.007268 -0.051313 0.065606 -0.044132 0.186373 -0.223396 0.142340 -0.006117 
0.446952 -0.404979 0.773343 -0.333160 0.192629 0.392979 -0.006462 -0.097594 -0.043051 0.129738 -0.146008 0.230277 -0.101252 -0.054750 0.047435 
1.152475 0.024832 0.839364 -0.222297 0.008781 0.074737 -0.129404 0.050821 -0.194640 0.115459 -0.353762 0.158027 -0.064502 -0.136720 0.074195 
1.566539 -1.004320 0.674891 -0.101879 -0.277062 -0.109175 -0.473215 0.224040 -0.259029 0.140818 -0.016637 0.034904 0.169733 -0.001141 -0.020229 
1.594844 -0.937337 0.532450 -0.041988 -0.330161 -0.232374 -0.489999 0.170662 -0.154067 0.175183 0.015614 0.022460 0.240460 0.080090 -0.089692 
1.549507 -0.922114 0.314443 -0.154665 -0.154275 -0.308688 -0.472182 0.237477 -0.104695 0.199873 0.035250 0.023188 0.147648 0.083488 -0.052208 
1.632843 -0.885201 0.071181 -0.241339 0.063834 -0.355179 -0.498622 0.305614 -0.015979 0.151747 0.067465 0.122818 -0.051716 0.080794 -0.037906 
1.625825 -0.858728 0.091605 -0.322927 0.113938 -0.291045 -0.504388 0.253658 -0.028770 0.176595 0.114899 0.081931 -0.020875 -0.009692 0.059818 
1.739462 -0.787562 0.005491 -0.256517 0.135578 -0.280375 -0.489459 0.203483 -0.136487 0.182468 0.097565 0.136185 -0.059979 0.048099 0.053846 
1.913145 -0.548379 -0.277332 -0.053896 0.161912 -0.276749 -0.410548 0.105912 -0.290034 0.150669 0.104213 0.071282 -0.056165 0.061642 0.128860 
1.739705 -0.236384 -0.334224 0.057274 0.256482 -0.205745 -0.262565 -0.024528 -0.425566 0.112533 0.054314 0.075829 -0.116915 -0.009801 0.100969 
1.057153 -0.003259 -0.345532 0.202789 0.174752 -0.065061 -0.112646 -0.151880 -0.350863 0.050338 0.035642 0.097408 -0.152559 -0.021916 -0.005599 
0.286388 0.260035 -0.059381 0.210126 -0.037009 0.085201 -0.194477 -0.077754 -0.023328 -0.035835 -0.113439 0.063684 0.014327 -0.089844 0.059048 
0.452147 0.340058 0.054774 0.328208 -0.184921 0.065165 -0.131310 0.037914 0.101229 0.035579 -0.035975 0.001948 0.057053 0.021811 -0.062081 
0.137031 0.237045 -0.107085 0.197673 -0.007862 -0.088188 -0.144640 -0.038578 0.017985 0.061489 -0.123779 0.049080 0.016041 0.009893 -0.018038 
-0.173210 0.193495 -0.011016 0.291308 0.197907 0.091503 -0.134358 -0.066976 -0.038891 0.080139 -0.043871 0.019972 -0.097146 0.010230 0.032526 
0.080101 -0.564663 -0.475329 -0.030379 0.109925 0.056020 -0.162884 0.066391 -0.056266 0.128741 -0.071715 0.038358 -0.018977 -0.023315 0.008381 
0.702081 -1.487600 -0.245311 -0.263816 0.258223 -0.054058 -0.349525 0.300948 -0.010955 0.250780 -0.208629 -0.009285 0.040963 -0.093010 -0.024183 
0.353460 -0.867821 0.210881 -0.285102 0.172721 -0.399437 -0.228173 0.318124 -0.055812 0.224741 -0.248290 0.121164 0.099306 -0.093000 -0.059033 
-0.345344 -0.818033 0.687365 -0.489482 0.364706 -0.469960 -0.219298 0.363774 -0.166056 0.120117 -0.150997 0.159121 -0.002039 -0.003809 -0.053316 
-0.530131 -0.923713 0.566212 -0.492713 0.370719 -0.313226 -0.138880 0.386478 -0.164442 0.008977 -0.047806 0.066374 0.011637 -0.029092 -0.049018 
-0.729860 -0.614471 0.557116 -0.654193 0.531308 -0.356257 -0.197967 0.412369 -0.079671 -0.045010 -0.089884 0.070919 0.107948 -0.131382 -0.019920 
-1.026618 -0.492326 0.645479 -0.977814 0.626818 -0.334672 -0.120979 0.386139 -0.115511 -0.025166 -0.047910 0.045680 0.008298 -0.033387 -0.029668 
-1.088777 -0.376850 0.894091 -0.886937 0.631561 -0.200708 -0.044212 0.313605 -0.237594 0.005965 0.070876 -0.006434 -0.036341 0.036523 -0.019408 
-1.464478 -0.665920 0.787204 -0.929815 0.447736 -0.243280 -0.169105 0.396625 -0.094527 -0.063161 0.025820 0.010221 -0.030279 0.030219 -0.094551 
-1.390613 -0.444836 1.059274 -0.713720 0.564132 -0.145803 -0.175536 0.237866 -0.085985 0.004118 -0.027683 0.068088 -0.065316 0.047893 -0.020774 
-1.495086 -0.500556 0.987434 -0.872498 0.411188 -0.241214 -0.165555 0.208123 -0.000864 -0.028613 -0.068143 0.137392 -0.066807 -0.014523 0.019719 
-1.567815 -0.467630 0.783753 -0.884550 0.345327 -0.198210 0.022623 0.128482 -0.076218 0.070757 -0.035714 -0.030142 0.033066 0.004439 -0.062419 
-1.179620 -0.500175 0.802932 -0.786314 0.577000 -0.227155 -0.017254 0.143070 -0.141722 0.072541 -0.041936 0.063993 -0.074907 0.038338 0.022787 
-1.357806 -0.362212 0.966617 -0.868462 0.646460 0.038136 -0.244338 0.086703 -0.030953 0.095244 -0.079415 0.070403 -0.088598 0.054557 0.022743 
-1.265975 -0.182707 0.920254 -0.832900 0.614971 -0.016721 -0.018059 0.208946 -0.203286 0.084255 0.039428 -0.012336 0.015367 -0.012763 0.052463 
-1.322972 -0.504917 0.863379 -0.686896 0.507022 -0.227031 -0.111320 0.193200 -0.101118 0.051216 -0.059216 0.029000 0.041603 -0.075071 0.062835 
-1.022950 -0.153043 1.129465 -0.860662 0.402439 -0.041367 -0.145567 0.084746 -0.139773 0.151585 -0.119771 0.037998 0.011076 -0.005757 -0.014885 
-1.133130 -0.556132 0.783334 -0.911482 0.248380 -0.108643 -0.109771 0.146882 -0.065936 0.157700 -0.061057 -0.070969 0.094941 -0.051686 -0.064776 
-0.743091 -0.571742 0.769362 -0.806352 0.287298 -0.103873 0.041371 0.145164 -0.210868 0.207321 -0.131141 -0.015179 0.091813 -0.058980 -0.001535 
0.267996 -0.236139 1.105255 -0.207443 0.119087 -0.322821 -0.348869 0.181733 -0.254813 0.034388 -0.186179 0.048979 0.165118 -0.048127 -0.098406 
1.144683 -0.631356 1.047323 0.044455 -0.200909 -0.087070 -0.527904 0.108956 -0.156620 -0.114256 -0.194243 0.029070 0.208199 -0.069506 -0.090123 
1.314822 -0.976505 0.894780 -0.205226 -0.101265 -0.222053 -0.447998 0.019966 -0.201853 0.012267 -0.195512 0.117591 0.138906 0.111140 -0.129452 
1.233843 -0.961091 0.811907 -0.117389 -0.160421 -0.310573 -0.382130 -0.150386 0.029301 -0.007437 -0.077599 0.075061 0.145992 0.233059 -0.140271 
1.291384 -1.035207 0.733251 -0.240533 -0.202974 -0.276673 -0.420296 0.013443 0.076020 0.099966 0.071098 -0.056573 0.218107 0.199228 -0.207525 
1.334178 -0.913234 0.578138 -0.316414 -0.089096 -0.342601 -0.417581 -0.020883 0.131675 0.223283 0.051977 0.024826 0.087499 0.231646 -0.096053 
1.451013 -0.823746 0.430115 -0.476578 -0.022082 -0.252343 -0.341863 -0.069685 0.033411 0.346674 0.074692 0.080489 -0.013716 0.079377 0.050279 
1.470027 -0.863237 0.312403 -0.441381 0.012733 -0.225373 -0.318044 -0.024973 0.017594 0.344270 0.181142 0.026323 -0.182352 0.137533 0.100764 
1.490247 -0.928721 0.282224 -0.474751 0.006533 -0.210508 -0.266201 -0.034996 0.029871 0.348676 0.199791 0.004940 -0.214787 0.117951 0.085638 
1.511072 -0.966317 0.224736 -0.488059 -0.014700 -0.167596 -0.225589 -0.062625 0.053293 0.310547 0.222306 0.003970 -0.226426 0.067689 0.077244 
1.522399 -0.978895 0.201461 -0.526148 -0.063988 -0.112520 -0.195549 -0.056801 0.008067 0.340857 0.222073 0.015896 -0.253990 0.068493 0.029050 
1.515558 -0.966010 0.168451 -0.514475 -0.060014 -0.114330 -0.217048 -0.012104 0.005217 0.335044 0.234167 -0.008259 -0.251873 0.057515 0.041159 
1.601424 -0.938680 0.156972 -0.603006 -0.061707 -0.097628 -0.211319 0.007257 -0.066183 0.355511 0.266856 0.017784 -0.244153 0.034988 0.001075 
1.734264 -0.957540 0.124002 -0.475504 -0.189252 0.068913 -0.366856 0.061699 -0.169678 0.394381 0.299146 -0.119787 -0.084994 0.045798 -0.018598 
1.794565 -0.868458 0.013504 -0.468096 -0.201619 0.132987 -0.393817 0.103764 -0.259409 0.436428 0.310349 -0.103460 -0.111367 0.022447 -0.022344 
1.732096 -0.801421 -0.147967 -0.478190 -0.171544 0.019200 -0.303429 0.024207 -0.162364 0.454475 0.322225 -0.197450 -0.080786 0.086108 -0.069036 
1.765706 -0.717319 -0.218579 -0.478840 -0.180884 0.085534 -0.335739 0.063806 -0.243562 0.482835 0.305871 -0.183634 -0.057683 0.041573 -0.081176 
1.659429 -0.659620 -0.263147 -0.435267 -0.175253 0.019398 -0.257343 -0.000151 -0.164143 0.499615 0.264683 -0.179723 -0.072549 0.022670 -0.058020 
1.505695 -0.402788 -0.322460 -0.326605 -0.186905 -0.022483 -0.279970 0.013883 -0.078006 0.487515 0.237325 -0.118391 -0.094716 -0.053255 -0.011226 
1.576095 -0.816476 -0.331138 -0.370662 -0.205217 0.054925 -0.264309 0.053398 -0.169482 0.487874 0.170590 -0.142155 -0.039054 0.005767 -0.028346 
0.691438 -0.261974 -0.566886 -0.164430 -0.275450 -0.077286 -0.148111 -0.127772 -0.003868 0.536605 0.223617 -0.071609 -0.208072 0.025884 -0.066282 
0.295334 -0.270798 -0.487203 -0.188347 -0.274223 -0.052633 -0.197005 -0.111042 0.078189 0.374692 0.190077 0.047503 -0.209502 0.007155 -0.042043 
0.522335 -0.171528 -0.341465 -0.033439 -0.093554 0.088732 -0.177833 -0.067059 -0.086221 0.386330 0.086230 -0.186220 -0.109419 0.124697 0.011403 
0.624744 0.385686 -0.112593 -0.032498 0.077236 0.112647 -0.147507 0.028698 -0.082764 0.114028 -0.076634 0.020297 0.000641 -0.006480 -0.003531 
1.147325 -0.369617 -0.437459 -0.170165 -0.174147 0.139005 0.004444 0.050354 -0.116482 0.295685 0.172329 -0.213544 -0.156391 0.001988 -0.011021 
