city022_038
YOTSUYA
59
-0.481922 -0.129669 0.784193 0.046527 -0.250095 0.040212 -0.355554 0.068520 -0.190079 -0.104321 0.014659 0.020916 -0.104282 0.105499 0.022675 
0.050644 -0.163558 1.349269 -0.032283 -0.261508 0.047274 -0.304335 0.166967 -0.425277 -0.082780 -0.004568 -0.074684 -0.122180 0.031758 0.009467 
0.577419 0.045714 1.253383 0.290213 -0.208392 -0.036527 -0.203214 0.206042 -0.505896 -0.039073 -0.091744 -0.126187 -0.070650 -0.081799 -0.038668 
0.926686 -0.415608 1.102096 0.314759 -0.198897 -0.136022 -0.393263 0.255912 -0.451393 -0.095525 -0.150361 -0.079424 0.040884 -0.016738 -0.166515 
1.154676 -0.273456 0.829305 0.317123 -0.062234 -0.142859 -0.507589 0.153552 -0.365119 -0.032772 -0.135509 -0.250153 0.119075 0.156680 -0.229331 
1.391311 -0.325562 0.696618 0.111633 -0.032409 0.078837 -0.593708 0.013115 -0.373689 0.138932 -0.017151 -0.381390 0.107814 0.239659 -0.146923 
1.465040 -0.293131 0.598284 -0.095071 -0.033713 0.170992 -0.542697 -0.105651 -0.417976 0.271409 0.034683 -0.221361 0.028587 0.187146 -0.033709 
1.564847 -0.314952 0.488435 -0.240199 0.004226 0.148735 -0.461658 -0.165708 -0.462899 0.233066 0.119134 -0.111458 -0.074964 0.215011 -0.087138 
1.555904 -0.208169 0.513759 -0.310208 0.020015 0.229971 -0.458535 -0.156904 -0.513614 0.225743 0.152076 -0.127135 -0.015539 0.132778 -0.138356 
1.666342 -0.209479 0.534818 -0.290755 0.008453 0.289512 -0.444039 -0.153652 -0.472378 0.211972 0.156581 -0.122701 -0.014062 0.111355 -0.159463 
1.604361 -0.109095 0.591552 -0.264293 0.091137 0.319450 -0.391668 -0.171291 -0.471166 0.215659 0.050734 -0.124740 -0.005245 -0.017202 -0.072862 
0.946081 0.151056 0.483873 -0.370336 0.346419 0.188146 -0.261470 -0.081842 -0.530687 0.283213 0.001005 -0.120482 -0.001203 -0.089892 -0.066070 
0.416084 0.445381 0.202523 0.250781 0.230855 0.259515 -0.054575 0.040289 -0.314841 0.138535 0.047101 -0.086462 -0.128395 0.014806 -0.037274 
0.180172 0.410777 0.185889 0.431766 0.055946 0.281737 -0.060210 -0.132536 -0.160530 0.105057 -0.045796 -0.094325 -0.143016 0.052070 -0.101924 
0.113789 0.439517 0.323009 0.382515 0.061833 0.241667 -0.026414 -0.026820 -0.137401 0.041608 -0.043902 -0.060618 -0.088566 -0.011909 -0.073083 
-0.139865 -0.125424 0.506158 -0.034597 0.187276 0.113272 0.008976 0.263782 -0.202940 0.120521 -0.023796 0.184049 -0.162974 0.055811 0.101711 
-0.331322 -0.878007 0.453587 -0.526003 0.249015 -0.072164 0.136753 0.221779 -0.286128 0.052258 -0.135199 0.262632 -0.194384 0.074426 0.099621 
-0.459236 -0.152176 0.194370 -0.316836 0.027665 -0.173718 -0.030955 0.028388 -0.215108 0.235901 -0.046319 0.097209 -0.148645 0.152907 -0.030899 
-0.867420 -0.360804 0.191447 -0.408806 0.143848 -0.408539 0.097642 -0.011789 0.005979 0.236171 -0.145239 0.129021 -0.166563 0.146812 -0.062748 
-0.789639 -0.309042 0.358899 -0.361463 0.191225 -0.369502 0.156502 -0.192910 0.042353 0.196977 -0.163130 0.121548 -0.139329 0.206397 -0.155330 
-0.727163 -0.518010 0.225421 -0.322026 0.216848 -0.354978 0.241909 -0.034043 0.029404 0.122150 -0.328134 0.302278 -0.104243 -0.036547 0.032443 
-0.751645 -0.388681 0.301709 -0.341702 0.258539 -0.399443 0.167517 -0.026698 0.009288 0.119963 -0.183412 0.151427 -0.090917 0.076405 -0.083573 
0.293174 -0.160331 0.553374 -0.271351 0.412793 -0.340927 -0.135833 -0.048936 -0.017289 0.148985 -0.300992 0.192013 -0.110660 0.128097 -0.067896 
0.809039 -0.207775 0.679312 0.026589 0.367830 -0.422529 -0.104581 -0.152610 -0.179618 0.117013 -0.215511 -0.072745 -0.099178 0.223610 -0.075109 
1.079494 -0.540736 0.861603 0.227541 0.050108 -0.269261 -0.269319 0.048907 -0.282939 0.024595 -0.293587 -0.081668 0.030928 0.112520 -0.233431 
1.104967 -0.784806 1.222782 0.180239 -0.148909 -0.182753 -0.318721 0.154700 -0.378959 -0.019431 -0.191542 -0.038136 0.023156 0.045954 -0.130960 
0.952284 -0.785454 1.420827 0.158456 -0.252106 -0.166542 -0.247332 0.171823 -0.418960 -0.079111 -0.085125 -0.025465 -0.003464 -0.048270 -0.022041 
1.028929 -0.878071 1.613801 0.071282 -0.305795 -0.067187 -0.259838 0.193200 -0.494634 0.020678 -0.131705 0.012299 -0.077290 -0.006393 -0.026874 
0.884044 -0.816872 1.666162 0.043054 -0.329531 -0.021797 -0.253412 0.179789 -0.499450 -0.015550 -0.092205 -0.017287 -0.119285 -0.000295 -0.018886 
0.846214 -0.770580 1.707724 0.017597 -0.356916 0.018888 -0.284340 0.159837 -0.470934 -0.056033 -0.043864 -0.053840 -0.094801 -0.004376 0.010758 
0.946068 -0.845114 1.668346 0.008038 -0.374882 -0.009120 -0.262717 0.123949 -0.456119 -0.029753 -0.055631 -0.024032 -0.099429 0.032404 0.005966 
1.030258 -0.999237 1.602497 -0.099518 -0.313696 -0.049271 -0.295059 0.090521 -0.420113 -0.028700 -0.092706 0.018147 -0.092532 0.059124 -0.012140 
0.999166 -1.025516 1.428539 -0.122094 -0.227975 -0.184219 -0.259996 0.039974 -0.412249 -0.018255 -0.117812 0.047803 -0.055793 0.058265 -0.014319 
0.968319 -1.026371 1.183135 -0.164205 -0.137889 -0.290664 -0.240913 0.006755 -0.368702 -0.028112 -0.097949 0.114894 -0.051949 0.094296 -0.025672 
1.106220 -1.139696 1.072487 -0.201548 -0.198572 -0.339558 -0.270902 0.093652 -0.232402 0.007608 -0.000915 0.124699 0.039809 0.131941 -0.105870 
1.144513 -1.095702 0.847434 -0.184112 -0.250245 -0.350358 -0.351930 0.049034 -0.081567 0.055338 0.047546 0.118044 0.100605 0.196773 -0.149865 
1.111426 -0.936581 0.792858 -0.186988 -0.180149 -0.444069 -0.323696 -0.083801 0.115949 0.110498 0.010043 0.102896 0.125268 0.304023 -0.234513 
1.209028 -0.983777 0.592537 -0.213922 -0.148973 -0.392587 -0.317130 0.001538 0.090559 0.231761 0.015381 0.003106 0.083522 0.294871 -0.221132 
1.349666 -0.972867 0.432168 -0.338195 -0.128067 -0.292799 -0.253493 -0.018772 0.092822 0.361217 0.075013 -0.025200 -0.094667 0.260310 -0.097709 
1.431048 -0.966322 0.350307 -0.531535 -0.030524 -0.223963 -0.232827 0.010913 0.038061 0.448178 0.073131 -0.033352 -0.165846 0.160708 -0.051137 
1.488064 -0.960025 0.290572 -0.582408 -0.043911 -0.137510 -0.206918 -0.020655 0.093949 0.374277 0.113777 -0.017596 -0.203730 0.083847 -0.052015 
1.576468 -1.079280 0.274341 -0.574565 -0.044248 -0.167448 -0.177635 -0.015879 0.085717 0.354623 0.108447 0.018559 -0.243142 0.100998 -0.039084 
1.511941 -1.048188 0.247959 -0.561107 -0.021721 -0.176196 -0.198940 0.035107 0.045876 0.335067 0.166505 0.022052 -0.258995 0.033487 0.016749 
1.568307 -1.087065 0.222056 -0.592360 -0.035736 -0.162011 -0.196560 0.049686 0.001318 0.344656 0.163464 0.068564 -0.296330 0.054026 0.006307 
1.578476 -1.055233 0.195697 -0.576744 -0.039312 -0.145861 -0.168841 0.008448 0.005231 0.316932 0.216731 0.072276 -0.326593 0.056791 -0.006251 
1.607249 -0.984798 0.113730 -0.561587 -0.065636 -0.081194 -0.153198 -0.000078 -0.043378 0.332915 0.231576 0.059168 -0.331536 0.047263 -0.018349 
1.713429 -0.912385 0.045952 -0.556058 -0.093677 0.001985 -0.121405 -0.015443 -0.014980 0.273267 0.247108 0.044950 -0.354027 0.063661 -0.070220 
1.880384 -0.982688 -0.019029 -0.635277 -0.092823 0.056771 -0.232318 0.108224 -0.052128 0.318117 0.169401 0.000215 -0.279426 0.064441 -0.117849 
1.911999 -0.879190 -0.018745 -0.474674 -0.197800 0.149646 -0.373171 0.162488 -0.161583 0.384647 0.251741 -0.075210 -0.183039 0.014404 -0.079750 
1.779678 -0.706070 -0.096135 -0.393291 -0.289171 0.101055 -0.343324 0.218722 -0.246627 0.460327 0.256291 -0.106364 -0.120330 -0.017730 -0.056004 
1.531939 -0.493843 -0.335895 -0.357673 -0.252636 0.033867 -0.248421 0.191238 -0.204656 0.449804 0.326808 -0.160849 -0.174405 -0.065639 -0.037074 
1.957636 -0.670330 -0.688858 -0.248361 -0.243627 0.009193 -0.203356 0.108289 -0.179214 0.431078 0.303756 -0.121544 -0.204780 -0.016650 -0.049491 
1.080269 -0.098225 -0.541537 -0.184712 -0.321211 0.122356 -0.148957 -0.118270 0.094442 0.450630 0.174430 -0.010146 -0.303905 -0.050508 -0.108754 
0.735081 -0.316543 -0.346208 -0.272705 -0.443777 0.146068 -0.046574 -0.023996 0.028875 0.393113 0.072300 -0.105729 -0.142098 -0.039642 -0.134370 
1.237121 -0.758965 -0.583614 -0.267605 -0.235883 0.171985 -0.111778 0.147223 -0.110851 0.288365 0.219562 -0.219004 -0.203125 -0.022448 -0.061199 
1.159426 -0.556196 -0.510945 -0.173934 -0.310875 0.117294 -0.119035 0.088368 -0.077694 0.307997 0.152190 -0.110655 -0.172541 -0.014362 -0.048370 
1.197176 -0.548752 -0.550278 -0.160436 -0.210060 0.102294 -0.035255 0.136934 -0.228258 0.202638 0.201973 -0.131384 -0.122224 0.072962 -0.112921 
0.800666 0.026328 -0.505416 -0.104528 -0.385955 0.184471 -0.064054 -0.039745 -0.002593 0.327987 0.169741 -0.124910 -0.173707 0.014137 -0.102213 
1.087426 -0.179898 -0.624687 -0.003296 -0.226519 0.129885 0.038397 0.034679 -0.167485 0.255326 0.177289 -0.099847 -0.161294 -0.053280 0.008188 
