city022_076
CHOOFU
63
-0.247546 -0.889451 0.335070 -0.536518 -0.024716 0.155066 -0.310840 0.322541 -0.163368 0.127781 0.054960 -0.090837 -0.015941 0.007887 -0.020087 
-1.047338 -0.427425 0.787118 -0.646004 0.103787 0.223329 -0.322978 0.276740 -0.169103 0.065340 0.013252 -0.048641 0.034985 0.009877 -0.051576 
-1.588539 -0.465462 0.982805 -0.813680 0.201968 -0.016970 -0.367977 0.294711 -0.041958 0.025420 -0.061036 0.067820 0.007801 -0.003920 -0.070898 
-1.169418 -0.233028 0.995829 -0.783890 0.291540 -0.057211 -0.484445 0.410726 -0.214410 0.016490 0.056689 0.000278 -0.040323 0.114456 -0.109402 
-0.815978 -0.546694 0.815203 -0.763796 0.245941 -0.004228 -0.502191 0.328613 -0.016100 -0.050773 0.049985 0.077569 -0.159290 0.203273 -0.102133 
-0.528057 -0.791050 0.948868 -0.652977 0.054404 0.185793 -0.384301 0.195179 -0.096433 0.051382 0.041793 -0.023858 -0.053261 0.107490 -0.059498 
-0.447540 -0.756619 0.856771 -0.498110 -0.070169 0.050496 -0.391027 0.150798 -0.038270 0.109632 -0.036507 0.021813 -0.025910 0.150229 -0.165523 
-0.205550 -0.843712 0.782946 -0.172254 -0.104651 -0.092842 -0.325341 0.233503 -0.050158 0.071389 -0.159884 0.140303 -0.015273 0.116508 -0.190437 
1.272918 -0.442061 0.537035 0.204530 -0.093259 0.115086 -0.385210 -0.084696 -0.112505 -0.023177 -0.003029 -0.161397 -0.084611 0.227755 -0.105869 
1.783037 -0.831815 0.623792 0.056917 -0.180962 0.175975 -0.675227 -0.080135 -0.243671 0.018361 0.154469 -0.228224 -0.103325 0.380094 0.013440 
1.797800 -0.650041 0.357655 0.027640 -0.109150 0.074500 -0.575646 -0.120475 -0.357408 0.062043 0.233546 -0.169346 -0.122245 0.295780 0.075476 
1.815947 -0.593307 0.342061 -0.237475 -0.125490 -0.004926 -0.323063 -0.085813 -0.478235 -0.038565 0.180874 0.007975 -0.108795 0.304202 -0.046263 
1.719636 -0.428786 0.345605 -0.291366 -0.282827 0.010995 -0.184706 -0.051022 -0.430421 -0.162323 0.126713 0.035176 -0.059445 0.314542 -0.021672 
1.763352 -0.536467 0.357350 -0.371739 -0.289269 0.042392 -0.153719 -0.022211 -0.431278 -0.202956 0.096183 0.066626 -0.017257 0.317286 -0.018153 
1.753157 -0.503372 0.337993 -0.379279 -0.355522 0.080953 -0.169282 0.066922 -0.427659 -0.209768 0.086703 -0.001988 0.033703 0.313304 -0.015451 
1.876437 -0.605134 0.390070 -0.433908 -0.335399 -0.046769 -0.157816 0.146683 -0.405846 -0.115709 -0.066205 -0.000696 0.008045 0.363242 -0.044943 
1.836004 -0.668233 0.293047 -0.392514 -0.317738 -0.040453 -0.165353 0.134600 -0.330447 -0.165736 -0.100654 -0.006489 0.101026 0.353643 -0.089072 
1.949541 -0.757049 0.285969 -0.369671 -0.342896 0.012938 -0.234001 0.198022 -0.342606 -0.132051 -0.109058 -0.060504 0.184944 0.276347 -0.036838 
1.918872 -0.744869 0.289646 -0.366241 -0.385884 0.048998 -0.302711 0.224791 -0.284221 -0.137167 -0.108634 -0.079982 0.202428 0.256626 -0.066856 
1.950689 -0.769702 0.283330 -0.463717 -0.253417 -0.021945 -0.291009 0.216902 -0.259572 -0.117539 -0.146346 -0.040000 0.220291 0.232257 -0.057869 
1.901014 -0.695064 0.279640 -0.521871 -0.274270 -0.003674 -0.295432 0.222729 -0.225328 -0.123073 -0.153332 0.006472 0.172803 0.229972 -0.017083 
1.967505 -0.733972 0.294929 -0.497420 -0.233050 -0.027635 -0.313948 0.206353 -0.220842 -0.125535 -0.180669 0.012996 0.135228 0.283827 -0.062470 
1.912515 -0.666967 0.309665 -0.458442 -0.275150 -0.018601 -0.338875 0.196124 -0.198030 -0.118910 -0.112341 -0.021263 0.130743 0.239169 -0.069004 
1.955751 -0.699440 0.323151 -0.438692 -0.285092 -0.016666 -0.324066 0.172908 -0.184126 -0.105581 -0.138024 -0.004273 0.115277 0.243865 -0.077204 
1.974646 -0.716315 0.348626 -0.428183 -0.262699 -0.007099 -0.361766 0.183794 -0.198470 -0.115004 -0.126100 -0.036641 0.123399 0.257265 -0.113194 
1.910331 -0.654932 0.359704 -0.443305 -0.246922 -0.006180 -0.338339 0.156677 -0.180049 -0.144814 -0.140793 0.001714 0.087035 0.252851 -0.093817 
1.884437 -0.536330 0.258019 -0.351555 -0.224909 -0.021016 -0.354095 0.134793 -0.196227 -0.130456 -0.129122 -0.040750 0.111534 0.232088 -0.105681 
1.942946 -0.522754 0.287384 -0.335341 -0.205609 -0.052149 -0.327804 0.147080 -0.232974 -0.087737 -0.171680 -0.052482 0.094556 0.214987 -0.102731 
1.830799 0.109065 0.336861 -0.636572 -0.398975 0.098520 -0.175168 0.078846 -0.251071 -0.051182 -0.175168 -0.150758 0.065033 0.165339 -0.015137 
1.765144 -0.234623 0.365200 -0.099038 -0.004759 0.153338 -0.006319 0.309296 -0.289931 -0.024492 -0.233910 -0.096401 0.038511 0.029311 -0.036089 
1.174907 -0.676488 0.653960 -0.067150 -0.010987 0.302628 0.021667 0.163454 -0.191487 0.021772 -0.030522 0.123224 -0.063458 0.034122 -0.022472 
1.194956 -0.436998 0.615954 0.191839 0.253622 0.246881 -0.251676 0.047458 -0.104804 0.064266 -0.125275 0.045434 -0.161993 -0.018458 0.032914 
1.448041 -0.328064 0.522422 -0.122050 -0.108493 -0.027641 -0.241479 0.184882 -0.116697 0.100523 -0.099095 0.032503 0.043662 0.008944 -0.092356 
1.297662 -0.267585 0.653349 -0.152646 -0.018591 -0.054201 -0.172742 0.116478 -0.205168 0.157254 -0.084690 0.050330 -0.054089 0.119423 -0.105528 
0.993598 -0.670400 0.603935 -0.038955 0.141277 0.165662 -0.312381 -0.084374 -0.233890 0.068414 -0.125897 0.020096 -0.092108 -0.029553 -0.027765 
0.881216 -0.644935 0.514443 0.029278 0.040230 0.043526 -0.193315 0.058789 -0.195967 0.081290 -0.046387 0.000404 -0.043492 0.036581 -0.040648 
0.979394 -0.392960 0.564481 0.038275 -0.051235 -0.025504 -0.284724 0.042533 -0.113162 0.084540 -0.074275 -0.053545 0.041699 0.123521 -0.167547 
1.064494 -0.420989 0.558120 0.013390 -0.040257 0.090899 -0.273005 0.240992 -0.091879 -0.028540 -0.028411 0.098984 -0.066649 0.001503 0.004388 
1.465821 -0.101778 0.525197 -0.049023 -0.123160 -0.065142 -0.256456 0.168019 -0.095491 -0.053972 -0.067934 0.056566 -0.002367 -0.005611 -0.050094 
1.367209 -0.140941 0.596323 0.046869 0.048991 0.147786 -0.195570 0.093429 -0.107661 -0.068472 -0.065550 0.017678 -0.091070 0.032737 -0.087600 
1.187989 -0.192407 0.407183 -0.049171 0.154251 0.417078 -0.185716 0.115849 -0.141286 -0.124109 0.051620 0.065851 -0.078229 -0.024482 -0.027868 
1.366530 -0.126291 0.378691 -0.083678 0.085974 0.368896 -0.145870 0.024353 -0.319559 -0.087526 -0.014795 0.002300 -0.055248 -0.044493 -0.100381 
1.631703 -0.010495 0.333608 -0.062216 -0.051389 0.234375 -0.128390 -0.031836 -0.390616 -0.059912 0.096723 -0.088271 -0.086389 0.091714 -0.098185 
1.684851 -0.008561 0.299880 -0.097622 -0.074988 0.330652 -0.156180 -0.076557 -0.465673 -0.127785 0.228609 -0.100155 -0.062129 0.083349 -0.141056 
1.748375 -0.339697 0.297574 -0.103700 -0.190044 0.288682 -0.240696 -0.088418 -0.470704 -0.135432 0.205949 -0.114177 -0.053960 0.148768 -0.127483 
1.724104 -0.375174 0.389638 -0.151283 -0.199017 0.336915 -0.295294 -0.137698 -0.485177 -0.120417 0.174454 -0.092501 -0.072535 0.156585 -0.133779 
1.682579 -0.331045 0.359324 -0.156812 -0.198760 0.344227 -0.320977 -0.150320 -0.493896 -0.103027 0.245589 -0.090620 -0.078594 0.163945 -0.145832 
1.656948 -0.378499 0.416769 -0.183357 -0.200324 0.311067 -0.290586 -0.150081 -0.454862 -0.108239 0.200419 -0.072736 -0.099838 0.213257 -0.169076 
1.734250 -0.518195 0.403388 -0.156666 -0.135146 0.301512 -0.353027 -0.157700 -0.463657 -0.057284 0.203702 -0.114850 -0.114192 0.201066 -0.154307 
1.666871 -0.465363 0.488044 -0.208155 -0.069217 0.238210 -0.342465 -0.102831 -0.497614 -0.019196 0.177503 -0.142707 -0.101578 0.199517 -0.147492 
1.690567 -0.389767 0.448740 -0.140715 -0.134419 0.300630 -0.342802 -0.150598 -0.464769 -0.062049 0.209278 -0.177431 -0.081560 0.174945 -0.147995 
1.679218 -0.384836 0.486137 -0.117035 -0.086945 0.277614 -0.417146 -0.162195 -0.470681 0.004519 0.202978 -0.223023 -0.095386 0.185771 -0.125178 
1.682768 -0.337511 0.497888 -0.128771 -0.031631 0.212928 -0.395237 -0.202133 -0.478102 0.035404 0.194406 -0.214672 -0.135575 0.237253 -0.151763 
1.695477 -0.199306 0.396742 -0.040327 -0.100073 0.237367 -0.421488 -0.204182 -0.477937 0.020698 0.219781 -0.242157 -0.093574 0.206677 -0.119669 
1.629743 -0.238361 0.383309 -0.079357 -0.087534 0.277733 -0.489575 -0.197274 -0.471358 0.034955 0.189846 -0.248689 -0.038522 0.137513 -0.101881 
1.494019 -0.176340 0.339122 -0.048893 -0.040587 0.197234 -0.417392 -0.231208 -0.435860 0.030306 0.165026 -0.185475 -0.106471 0.164277 -0.085397 
1.428102 -0.026936 0.228244 0.098888 -0.069754 0.101421 -0.416299 -0.310535 -0.346649 0.103525 0.232362 -0.251040 -0.097395 0.275591 -0.018346 
1.270549 0.026194 0.268070 0.195402 -0.154865 0.049787 -0.409284 -0.214960 -0.359910 0.062136 0.089612 -0.315948 0.043130 0.220288 -0.068821 
1.028684 0.104809 0.130616 0.190323 -0.067013 0.008311 -0.409202 -0.328560 -0.291978 0.180507 0.046154 -0.286615 0.017091 0.249036 -0.005769 
0.677199 0.148798 0.092088 0.178423 -0.005163 -0.033144 -0.462154 -0.300167 -0.356391 0.224992 0.056646 -0.362041 0.053301 0.242867 0.069610 
0.309349 0.204739 0.149457 -0.016568 0.232892 -0.065775 -0.524083 -0.203376 -0.206253 0.195376 -0.107798 -0.217767 0.044146 0.172397 0.020343 
0.825912 0.257329 0.089431 0.325893 0.055174 0.021457 -0.233780 -0.121583 -0.162241 0.167562 -0.038266 -0.211971 -0.002559 0.167096 -0.119657 
-0.030593 0.035467 0.052436 0.271955 -0.083500 -0.088114 -0.445329 -0.284690 -0.223202 0.170966 -0.055627 -0.201619 0.080899 0.192782 0.066583 
