city022_085
MYOOKOOSAN
75
-0.408674 0.028373 -0.092964 0.045155 -0.225153 -0.022999 -0.183840 -0.126044 -0.066359 0.100478 0.072266 0.040103 -0.054144 0.072942 0.034757 
-0.315470 0.146569 -0.094571 -0.067688 -0.285323 -0.021858 -0.210336 -0.060030 -0.003101 0.110644 0.060633 0.005081 0.032080 0.062895 -0.060468 
0.317463 0.647819 0.325268 0.325020 0.016688 0.090709 -0.066048 -0.018835 -0.073301 -0.059150 -0.187122 0.050426 -0.114157 -0.061591 -0.037831 
0.979752 0.512007 0.376765 0.275147 -0.122116 0.029634 -0.258444 0.086210 -0.105922 -0.341616 -0.119797 0.041821 -0.237966 -0.027129 -0.026256 
1.000038 0.465642 0.307566 0.260193 -0.090780 0.038697 -0.165542 0.142612 -0.147220 -0.412319 -0.097718 0.045487 -0.311384 -0.024196 -0.013788 
1.078144 0.182307 0.547865 0.369066 -0.138821 0.020079 -0.176047 0.061828 -0.242451 -0.315686 -0.019149 -0.017059 -0.337908 0.037614 0.000636 
1.134597 -0.383770 1.276948 0.358406 -0.546836 0.229287 -0.331949 0.016505 -0.191613 -0.340088 0.072723 -0.068229 -0.228648 0.083220 0.001109 
1.027083 -0.374277 1.501825 0.181551 -0.457846 0.241154 -0.443083 0.052408 -0.081463 -0.425521 0.043622 0.070890 -0.224110 0.062226 -0.034466 
1.150725 -0.482632 1.516049 0.097508 -0.501067 0.301309 -0.505912 0.079936 -0.098984 -0.418819 0.043563 0.042421 -0.210687 0.075257 -0.075629 
1.119715 -0.550026 1.532918 0.105792 -0.491762 0.247046 -0.438648 0.062196 -0.137932 -0.366549 0.033280 0.023976 -0.195009 0.085156 -0.098325 
1.276492 -0.760046 1.509094 0.128737 -0.525555 0.237185 -0.455406 0.119127 -0.213436 -0.303799 0.018329 0.014506 -0.174881 0.085219 -0.098936 
1.211315 -0.840285 1.431191 0.091704 -0.338302 -0.038782 -0.308789 0.153033 -0.366914 -0.148473 -0.030965 0.013508 -0.146623 0.099010 -0.073928 
1.232922 -0.868218 1.175404 0.066374 -0.142964 -0.185963 -0.336504 0.196164 -0.305170 -0.170794 -0.006543 -0.000202 -0.054351 0.067296 -0.043480 
1.466377 -0.920361 1.011677 0.032450 -0.118247 -0.155167 -0.432363 0.235972 -0.285574 -0.169735 0.086037 -0.025428 -0.096617 0.184965 -0.066863 
1.691695 -0.892518 0.758193 -0.008536 -0.086713 -0.004444 -0.530986 0.122213 -0.240370 -0.052986 0.152393 -0.178998 -0.076827 0.327726 -0.094844 
1.847354 -0.846767 0.554300 -0.077690 -0.048612 0.090955 -0.480153 -0.082554 -0.288349 0.073473 0.185260 -0.127257 -0.207549 0.352110 -0.024196 
1.927623 -0.798979 0.456618 -0.239857 -0.111472 0.170707 -0.369822 -0.016541 -0.454532 -0.002847 0.166712 -0.085987 -0.098476 0.278821 -0.138879 
1.903100 -0.703356 0.416399 -0.251108 -0.249433 0.117650 -0.275567 0.097680 -0.414860 -0.092003 0.039460 -0.145342 0.085168 0.231503 -0.123395 
1.925340 -0.685432 0.415420 -0.312559 -0.327021 0.124376 -0.205622 0.118625 -0.371205 -0.148033 -0.063697 -0.129534 0.113360 0.253890 -0.105277 
1.975619 -0.656101 0.297327 -0.241842 -0.325332 0.103702 -0.181266 0.068989 -0.261648 -0.124376 -0.148671 -0.056880 0.084267 0.244400 -0.116960 
1.971723 -0.510576 0.297421 -0.278097 -0.331129 0.009030 -0.206101 0.063086 -0.160487 -0.055645 -0.183438 -0.074730 0.034217 0.239379 -0.134310 
1.901677 -0.379967 0.268805 -0.350957 -0.346338 -0.063619 -0.218776 0.134754 -0.163256 -0.046394 -0.167340 -0.177769 0.103907 0.172703 -0.097989 
1.958081 -0.046148 0.322040 -0.477829 -0.486728 -0.032186 -0.177586 0.196667 -0.291594 0.021092 -0.104720 -0.297338 0.031253 0.127431 -0.001478 
1.961106 0.367600 0.308656 -0.500869 -0.545838 -0.070828 -0.062031 0.182819 -0.322384 0.011029 -0.084960 -0.329738 -0.043261 0.147941 0.030506 
1.908100 0.693978 0.148407 -0.390180 -0.553116 -0.197367 0.002025 0.192897 -0.315354 0.048585 -0.114684 -0.265493 -0.159048 0.124707 0.053217 
1.476871 0.788931 0.121679 -0.244362 -0.614287 -0.140162 -0.036316 0.153729 -0.134300 0.051827 -0.062651 -0.236052 -0.203515 0.038935 -0.066580 
0.828760 0.640029 0.188251 -0.048057 -0.439574 0.029833 0.089758 0.338003 0.145961 0.055095 0.036292 -0.057491 -0.171120 -0.058413 -0.044254 
0.354797 0.423707 0.163692 0.005199 -0.203682 0.205635 -0.036684 0.016808 -0.096869 0.046038 -0.030276 -0.027021 0.010219 0.036845 -0.053107 
0.297735 0.472152 0.036074 0.058737 -0.247017 0.075599 -0.000498 -0.047698 -0.167217 0.003105 -0.031318 -0.004572 -0.037939 0.090691 -0.082169 
-0.012887 0.258686 -0.149055 0.013606 -0.301550 -0.152757 0.019831 -0.088001 -0.154668 0.078563 -0.010483 0.125824 -0.016027 0.014117 0.042112 
-0.002124 0.256412 -0.189534 -0.086893 -0.095008 -0.011288 -0.303224 -0.106761 -0.150644 0.010578 0.067792 0.116929 -0.010364 0.025272 0.049823 
0.940939 -0.252709 -0.345121 -0.558025 -0.204005 -0.023275 0.037289 0.218519 -0.005098 0.225123 -0.214866 0.052688 -0.106464 -0.021492 -0.007823 
1.474608 -0.307912 -0.409293 -0.705159 -0.215317 -0.107673 0.232049 0.081197 -0.132081 0.380244 -0.169718 0.068772 -0.055632 -0.011966 -0.112175 
1.487387 0.463517 -0.182152 -0.587283 -0.405221 -0.092833 0.106595 0.113637 -0.186659 0.129896 -0.201319 0.041474 0.013442 0.142263 0.072507 
1.830056 0.386455 0.287434 -0.602949 -0.483548 -0.083525 -0.034883 0.132656 -0.360373 0.066579 -0.116091 -0.121179 0.029461 0.242655 0.055532 
1.993401 -0.467562 0.238474 -0.326991 -0.225773 -0.060390 -0.367446 0.109289 -0.246402 -0.030811 -0.006321 -0.067484 0.115665 0.145176 0.003019 
2.010973 -0.507940 0.299601 -0.363591 -0.206060 -0.085003 -0.397924 0.105823 -0.249935 0.003473 -0.011021 -0.032595 0.089221 0.180650 -0.025855 
1.930029 -0.462863 0.279018 -0.383449 -0.136056 -0.139298 -0.376188 0.070244 -0.222773 -0.006786 0.042451 -0.047023 0.068382 0.213552 -0.056202 
1.927399 -0.451270 0.298421 -0.394594 -0.196326 -0.123543 -0.350956 0.104042 -0.241090 0.056880 -0.008060 -0.065895 0.061193 0.223399 -0.078920 
1.906889 -0.468428 0.317046 -0.447903 -0.221520 -0.085467 -0.335719 0.123941 -0.219989 0.051411 -0.033191 -0.076630 0.075607 0.207402 -0.089254 
1.915392 -0.510693 0.329146 -0.534190 -0.231668 -0.111514 -0.244995 0.189168 -0.184497 0.100892 -0.139875 -0.053725 0.020325 0.202901 -0.088476 
1.842651 -0.466412 0.397699 -0.657732 -0.287511 -0.105974 -0.213205 0.216934 -0.110963 0.030297 -0.167272 -0.001201 -0.055852 0.217392 -0.078171 
1.794082 -0.292411 0.461534 -0.696087 -0.386718 0.061081 -0.223393 0.151285 -0.212655 -0.052090 -0.071170 -0.083221 0.027170 0.249661 -0.071220 
1.780269 -0.269210 0.430639 -0.719257 -0.523875 0.188014 -0.167109 0.125328 -0.308714 -0.057803 -0.006191 -0.146263 0.152147 0.321541 -0.076179 
1.909916 -0.449199 0.295790 -0.628322 -0.335354 0.179369 -0.178756 0.079877 -0.432922 -0.000943 0.027494 -0.062937 0.195474 0.257271 -0.100580 
1.705503 -0.291090 0.381837 -0.639895 -0.252461 0.210761 -0.272833 -0.016184 -0.478961 0.049418 0.130595 -0.062501 0.254139 0.142566 -0.152798 
1.585578 -0.342896 0.357409 -0.563114 -0.154913 0.154278 -0.274677 -0.060516 -0.549573 0.167480 0.023027 -0.043899 0.261172 0.057231 -0.108777 
1.232926 -0.109479 0.336019 -0.519906 0.110491 0.078212 -0.101180 -0.208124 -0.547549 0.142205 -0.089893 0.040006 0.114414 -0.005446 -0.116525 
0.467369 0.141647 0.468107 -0.173511 0.329844 -0.375003 -0.100616 -0.120695 -0.299220 0.118087 -0.222157 0.021551 -0.031801 0.016584 0.047148 
-0.467732 -0.317247 0.249667 -0.336677 0.391055 -0.352564 0.123829 0.021996 -0.173040 0.133178 -0.028161 0.053995 -0.091612 0.031988 0.047188 
-0.668298 -0.161805 0.245469 -0.354785 0.290758 -0.616259 0.058708 0.044062 -0.056730 0.139994 -0.103800 0.163256 -0.043323 -0.006943 0.055619 
-0.633167 -0.376271 0.287427 -0.294941 0.409662 -0.458958 0.280757 -0.007098 -0.113989 0.155567 -0.177433 0.130977 -0.036135 -0.038603 0.060902 
-0.733669 -0.109207 0.366614 -0.246827 0.465581 -0.385415 0.281018 -0.058076 -0.026124 0.125334 -0.161505 0.113960 -0.027181 -0.006677 -0.002422 
-0.228814 0.125481 0.297505 -0.163149 0.443058 -0.398930 0.106816 -0.028785 -0.042345 0.125551 -0.157754 0.065729 0.007464 -0.020502 0.023913 
-0.240633 -0.013052 0.238871 -0.148596 0.413508 -0.251189 -0.047016 -0.074925 -0.064623 -0.001918 0.033065 0.004639 -0.114228 0.077234 0.006097 
0.012092 0.143348 0.439031 0.040134 0.311945 -0.351439 0.206253 0.028379 -0.078455 -0.065904 0.080858 -0.003905 -0.075822 0.044559 -0.038032 
0.531462 0.149048 0.320358 -0.244443 0.123570 -0.017924 0.094441 -0.006291 0.009838 0.096956 -0.108065 0.058612 -0.009681 0.028518 -0.069466 
1.040465 -0.036744 0.145955 -0.261680 0.110444 -0.033681 -0.006125 -0.255952 -0.265097 0.248442 -0.082585 0.046292 -0.025155 0.045765 -0.086463 
1.585495 -0.293722 0.138018 -0.244491 -0.077281 0.063807 -0.241248 -0.169101 -0.485847 0.160827 0.152872 0.002171 -0.003865 0.095796 -0.010415 
1.753913 -0.698199 0.151480 -0.410723 -0.159823 0.053736 -0.327786 -0.045715 -0.418314 0.288553 0.238438 0.032000 -0.020206 0.151003 -0.034623 
1.575891 -0.870861 0.179881 -0.631285 -0.135194 -0.017209 -0.210732 0.059687 -0.302934 0.435865 0.247052 -0.027814 -0.077189 0.054815 -0.103907 
1.493923 -0.859419 0.079949 -0.614545 -0.146418 0.076561 -0.116912 0.079817 -0.219331 0.342042 0.281358 -0.061217 -0.216860 0.023151 -0.098332 
1.498843 -0.907491 -0.008939 -0.612266 -0.185563 0.117579 -0.031506 0.107680 -0.211178 0.308026 0.223958 -0.027283 -0.259182 -0.016935 -0.073431 
1.562657 -1.082247 -0.063315 -0.591383 -0.156059 0.120986 -0.058892 0.194421 -0.246387 0.277541 0.224279 -0.097618 -0.197356 -0.047507 -0.055987 
1.704543 -1.123986 -0.120670 -0.543306 -0.180372 0.199576 -0.106693 0.159836 -0.222946 0.265221 0.220551 -0.053045 -0.263063 0.004779 -0.091918 
1.665643 -1.100891 -0.200903 -0.431919 -0.240042 0.258176 -0.157637 0.152708 -0.233926 0.248877 0.263644 -0.130825 -0.127287 -0.086849 -0.031344 
1.688835 -1.067510 -0.230180 -0.370797 -0.238144 0.252253 -0.125712 0.103630 -0.241087 0.222788 0.246248 -0.084936 -0.127808 -0.058462 -0.038458 
1.538948 -0.902830 -0.262573 -0.272880 -0.267761 0.268093 -0.056613 0.059225 -0.181765 0.176141 0.264608 -0.130377 -0.109704 -0.115980 -0.013160 
1.593676 -0.755646 -0.255804 -0.271687 -0.237158 0.207267 -0.064241 0.099099 -0.202173 0.194536 0.218459 -0.084480 -0.080739 -0.147430 -0.000540 
1.636039 -0.611208 -0.199963 -0.245359 -0.236080 0.165906 0.001406 0.080075 -0.143085 0.151002 0.154953 0.000218 -0.113116 -0.109749 -0.018642 
1.470577 -0.313519 -0.172397 -0.029348 -0.331677 0.120509 0.029757 0.069456 -0.091587 0.154854 0.028309 0.033686 -0.089207 -0.035234 0.035733 
1.229752 -0.210601 -0.187476 -0.114980 -0.400276 0.044804 -0.003507 -0.038925 -0.111003 0.130991 0.067339 0.178680 -0.143600 0.026476 -0.005573 
0.762981 -0.167610 0.239494 0.244871 -0.074525 0.309983 -0.152400 -0.111151 -0.265158 -0.104929 -0.028045 0.064262 -0.120168 -0.154863 0.046745 
0.327415 0.216351 0.075298 0.098163 -0.125977 0.212568 -0.105821 -0.160859 -0.307349 -0.034721 -0.029751 0.030188 -0.058467 -0.041488 0.005566 
0.182827 0.274036 0.083728 -0.053312 0.009637 0.229823 -0.179537 -0.212178 -0.146341 0.037609 -0.143280 0.159889 -0.104847 -0.076944 0.069772 
