city022_029
HEIWAJIMA
86
0.319090 0.331207 0.299430 0.156119 0.019399 0.196967 -0.039405 -0.184892 -0.200148 -0.147950 -0.020964 -0.048097 -0.174909 -0.028746 -0.001156 
0.274335 0.493288 0.422318 0.322021 0.135589 -0.048398 -0.012761 -0.123919 -0.037716 -0.187550 -0.002133 -0.128765 -0.142096 0.015213 -0.025372 
0.585613 0.772732 0.438673 0.207366 0.013179 0.056309 0.005557 -0.154133 -0.076751 -0.165203 -0.011578 -0.150813 -0.118369 0.015872 -0.059194 
0.985691 0.843329 0.582604 0.047848 -0.249276 -0.134964 0.067680 0.010717 -0.092296 -0.078511 0.100296 -0.086343 -0.123354 -0.008662 0.084442 
0.907653 0.372111 0.542890 0.032661 -0.407061 -0.092678 0.139332 0.025145 -0.074278 -0.010454 0.045300 -0.074085 -0.011072 -0.143052 0.132525 
0.729676 0.180599 0.756397 0.211804 -0.176344 -0.205816 0.016285 -0.053200 -0.130079 -0.019430 0.041394 -0.032332 0.062701 -0.039129 0.073464 
0.634873 -0.213908 0.643328 0.179824 -0.037803 -0.049232 0.128500 -0.056677 -0.158301 0.022797 -0.035310 -0.026739 0.025364 -0.182923 0.153404 
0.444358 -0.312850 0.938015 0.289080 -0.081512 -0.070270 0.107159 0.058644 -0.089518 0.013081 -0.006251 -0.008567 0.055378 -0.142050 0.111996 
0.872208 -0.387876 0.687784 0.111897 -0.218184 -0.307242 0.017567 -0.005136 -0.126454 -0.009181 0.058335 -0.012033 0.094692 -0.092048 0.074751 
1.315251 -0.750846 0.898408 -0.117134 -0.201760 -0.383116 -0.245337 0.054542 -0.192634 -0.019201 0.114345 0.003777 0.257110 -0.138528 0.143171 
1.238520 -0.762972 0.938878 -0.025398 -0.357866 -0.304554 -0.316430 0.022304 -0.150938 -0.028074 0.081636 0.093295 0.214191 -0.084957 0.140113 
1.209517 -0.919592 1.077887 -0.029929 -0.358541 -0.318076 -0.254055 0.000950 -0.139357 -0.029644 0.102269 0.057201 0.194317 -0.060907 0.126194 
1.266002 -0.954239 1.138120 -0.154750 -0.324878 -0.317892 -0.297724 0.000903 -0.156447 -0.146390 0.203427 0.016186 0.166435 -0.007352 0.125409 
1.239572 -0.904510 1.258681 -0.118636 -0.397776 -0.313230 -0.227527 -0.058787 -0.151913 -0.144224 0.167927 0.064197 0.131436 -0.011638 0.140205 
1.086553 -0.843674 1.444189 -0.041212 -0.436317 -0.252211 -0.207551 -0.036062 -0.174910 -0.152480 0.183873 0.028439 0.136166 -0.044812 0.167848 
1.018397 -0.780877 1.536703 -0.049452 -0.444713 -0.116991 -0.249193 -0.023990 -0.226912 -0.182841 0.170721 -0.056570 0.101089 -0.043777 0.145322 
0.950372 -0.713509 1.627132 -0.105332 -0.390992 -0.052055 -0.255512 -0.038800 -0.259257 -0.209231 0.136384 -0.112804 0.056507 -0.055235 0.155577 
0.912536 -0.701158 1.723204 -0.192610 -0.337168 0.020725 -0.292282 -0.036830 -0.272054 -0.262620 0.138176 -0.161265 -0.025997 -0.010579 0.128881 
0.821199 -0.519371 1.757962 -0.174783 -0.296219 0.044656 -0.309845 -0.002632 -0.280102 -0.262611 0.183492 -0.215608 -0.006873 0.018075 0.117756 
0.719178 -0.477234 1.826829 -0.180206 -0.277486 0.120632 -0.309543 0.032810 -0.246258 -0.281760 0.182532 -0.192559 -0.070539 0.011231 0.112619 
0.782506 -0.551735 1.869786 -0.204697 -0.235577 0.191267 -0.331261 0.078815 -0.245926 -0.281326 0.174876 -0.231173 -0.085025 0.009803 0.055637 
0.617507 -0.439379 1.795425 -0.143619 -0.282906 0.251895 -0.293065 0.041973 -0.215283 -0.281770 0.155964 -0.235609 -0.119864 0.030690 0.009119 
0.745086 -0.574859 1.857407 -0.084095 -0.302803 0.266025 -0.289050 0.057472 -0.232857 -0.275440 0.171141 -0.297210 -0.055529 -0.026504 0.008789 
0.604872 -0.458585 1.758784 -0.015946 -0.334966 0.245232 -0.185331 -0.025382 -0.239668 -0.209884 0.114549 -0.317694 -0.037643 -0.018982 -0.029469 
0.811287 -0.588498 1.751964 0.093640 -0.350630 0.179239 -0.114350 -0.017656 -0.303247 -0.156316 0.113684 -0.374504 0.017594 -0.048407 -0.051773 
0.964814 -0.716130 1.636752 0.177764 -0.355941 0.088707 -0.070301 0.038166 -0.380092 -0.162411 0.202836 -0.431686 -0.006050 0.027667 -0.101538 
1.008274 -0.741233 1.547765 0.237415 -0.279114 -0.043707 -0.100539 0.136449 -0.434673 -0.190337 0.229016 -0.421309 0.017334 -0.006975 -0.063628 
1.206499 -0.819704 1.361602 0.269127 -0.189874 -0.092008 -0.212293 0.222263 -0.405822 -0.244465 0.231457 -0.412653 0.073574 -0.030728 -0.098518 
1.298074 -0.766140 1.180416 0.211181 -0.024618 -0.144700 -0.291270 0.171537 -0.295838 -0.222126 0.138418 -0.416286 0.161002 -0.007446 -0.148253 
1.490066 -0.747875 1.006854 0.073647 0.015218 0.017151 -0.435947 0.071297 -0.253080 -0.092364 0.151456 -0.476178 0.173175 0.085362 -0.112544 
1.582168 -0.539504 0.853988 -0.077034 0.073525 0.143991 -0.404722 -0.133735 -0.317104 0.017819 0.227469 -0.443684 0.059989 0.087924 0.010796 
1.591180 -0.398948 0.630991 -0.193985 0.099561 0.193717 -0.315073 -0.200345 -0.427190 0.037723 0.249959 -0.380115 0.074889 -0.022694 -0.043286 
1.734114 -0.367167 0.665216 -0.366687 -0.011279 0.235801 -0.191643 -0.171826 -0.495139 -0.060617 0.239303 -0.286683 0.172651 -0.049530 -0.090111 
1.785375 -0.303192 0.438306 -0.330665 -0.084655 0.199529 -0.129707 -0.127145 -0.518372 -0.087534 0.169617 -0.213836 0.165784 0.015524 -0.080621 
1.898818 -0.440927 0.352907 -0.329076 -0.116711 0.188006 -0.123410 -0.162399 -0.507946 -0.102939 0.216783 -0.153674 0.152890 0.054988 -0.098018 
2.032550 -0.537856 0.404485 -0.409341 -0.181770 0.240433 -0.192691 -0.127322 -0.495469 -0.116568 0.339500 -0.119396 0.171729 0.065292 -0.103242 
2.061701 -0.777039 0.384436 -0.466715 -0.165596 0.136966 -0.181625 -0.179100 -0.419188 -0.088615 0.435160 -0.101500 0.184055 0.040831 -0.066985 
1.669401 -0.880922 0.341988 -0.484050 -0.188413 -0.005268 -0.116310 -0.217034 -0.359990 0.054288 0.362877 0.059475 0.096508 0.050226 -0.011519 
1.542720 -1.050260 0.360515 -0.460145 -0.071419 -0.265752 -0.109339 -0.242523 -0.161667 0.120358 0.328023 0.071682 -0.031750 0.201004 -0.026564 
1.475228 -0.943189 0.376342 -0.539955 -0.047555 -0.216338 -0.191113 -0.203105 -0.123169 0.213144 0.305050 0.022448 0.020807 0.088496 0.029229 
1.577700 -0.953134 0.406134 -0.675808 0.029940 -0.146738 -0.136455 -0.233820 -0.078920 0.213827 0.378611 0.019420 -0.116094 0.053585 0.050426 
1.522499 -0.888865 0.374016 -0.588289 -0.003148 -0.201684 -0.103441 -0.206544 0.004267 0.238927 0.371357 -0.053937 -0.126499 0.065055 0.072395 
1.507231 -0.889771 0.478065 -0.511575 0.014498 -0.234101 -0.174469 -0.191439 0.052187 0.286632 0.319655 -0.094960 -0.089138 0.101094 0.104964 
1.453146 -0.843162 0.541325 -0.361670 -0.025768 -0.249429 -0.304389 -0.191551 0.083437 0.241106 0.250898 -0.093945 -0.017748 0.233858 0.061213 
1.500157 -0.859292 0.591392 -0.343176 0.032367 -0.287839 -0.442104 -0.169468 0.025393 0.208494 0.114338 -0.110559 0.171720 0.199491 0.071259 
1.663391 -0.972540 0.711603 -0.326052 -0.027277 -0.274242 -0.409505 -0.125736 -0.001921 0.079876 -0.009218 -0.076562 0.292912 0.077098 -0.026177 
1.475658 -0.737316 0.841358 -0.041129 -0.006264 -0.195055 -0.353716 -0.182506 0.116371 0.033110 -0.130742 -0.070524 0.220078 0.066240 -0.057083 
0.852735 -0.255536 0.787435 0.110032 0.291584 -0.278906 -0.115864 -0.283183 0.041445 0.033024 -0.320886 -0.157341 0.150155 -0.053921 -0.053835 
0.932306 -0.131858 0.666206 0.028638 0.235801 -0.309522 -0.146177 -0.171625 0.049369 0.049228 -0.222115 -0.089961 0.200447 -0.013084 -0.092006 
0.706932 -0.134382 0.770059 -0.136449 0.407805 -0.430210 -0.061598 -0.127378 0.041825 0.048096 -0.222757 -0.067503 0.228032 -0.101708 -0.027399 
0.599126 -0.180472 0.906768 -0.225875 0.371438 -0.409156 -0.156761 0.023245 -0.027721 0.085169 -0.197348 0.002298 0.200331 -0.077275 -0.010470 
0.559231 -0.255944 1.025684 -0.241479 0.392141 -0.435837 -0.159568 0.033588 -0.084960 0.037923 -0.137878 -0.134847 0.290868 -0.093330 -0.104172 
0.743317 -0.386571 1.081855 -0.069360 0.149601 -0.296311 -0.225401 -0.015737 -0.032530 -0.088237 -0.081657 -0.162014 0.273044 -0.042080 -0.178031 
0.774447 -0.478292 1.344987 -0.134849 0.164199 -0.248615 -0.356585 0.119268 -0.133147 -0.108274 -0.068277 -0.198259 0.341146 -0.137878 -0.085809 
0.960756 -0.700889 1.287453 0.085036 -0.056437 -0.086968 -0.418006 0.125099 -0.148293 -0.200659 -0.054316 -0.226340 0.256282 -0.116060 -0.147296 
1.129979 -0.816996 1.335669 0.159222 -0.171434 -0.081046 -0.386797 0.045049 -0.070939 -0.265976 -0.010283 -0.188120 0.207858 -0.048528 -0.125173 
1.466251 -0.968708 1.092852 0.264262 -0.297897 -0.102793 -0.344939 -0.013666 0.006797 -0.191611 0.068471 -0.129691 0.170249 0.059348 -0.066768 
1.469995 -0.812971 0.926194 0.351789 -0.300852 0.037534 -0.336756 -0.059986 0.044239 -0.101191 0.055376 -0.129706 0.095852 0.090588 -0.018563 
1.368754 -0.434487 0.827394 0.220259 -0.291844 0.324883 -0.157830 -0.153458 -0.113695 -0.317067 0.102542 -0.145469 -0.152429 -0.071669 0.057482 
1.378948 -0.483042 0.941446 0.123728 -0.153610 0.262231 -0.186042 -0.169162 -0.176867 -0.185072 0.117881 -0.183522 -0.186641 0.029845 0.070646 
1.398918 -0.584351 0.895157 0.129393 -0.133202 0.238490 -0.159896 -0.096360 -0.327167 -0.097878 0.123005 -0.314249 -0.068842 0.010106 -0.010538 
1.355251 -0.621271 0.878862 0.126525 -0.138913 0.230720 -0.052512 -0.146088 -0.364884 -0.054633 0.090620 -0.310582 -0.030081 -0.034776 -0.043019 
1.440884 -0.637270 0.807209 0.114726 -0.181976 0.290799 0.018659 -0.223952 -0.328304 -0.065395 0.067802 -0.219449 -0.035764 -0.072415 -0.016494 
1.520864 -0.662523 0.750589 0.113893 -0.190544 0.274116 0.090030 -0.248384 -0.347457 -0.044842 0.038710 -0.147039 -0.060641 -0.066576 -0.004156 
1.683647 -0.611214 0.553811 -0.060582 -0.301445 0.265503 0.140263 -0.152666 -0.336370 -0.138937 0.124327 -0.143665 0.066206 0.035152 -0.036397 
1.856807 -0.770948 0.250423 -0.533013 -0.277691 0.168346 -0.042085 -0.062457 -0.181098 0.110958 0.435735 -0.063640 -0.015138 -0.035692 -0.103401 
1.795791 -0.816843 0.237421 -0.636214 -0.127534 0.070660 0.008369 -0.071269 -0.032768 0.121425 0.447786 -0.051209 -0.193170 -0.069321 -0.041670 
1.776122 -0.896430 0.288822 -0.700985 -0.045273 0.042602 0.011223 -0.028428 -0.003233 0.131007 0.421362 -0.119737 -0.203845 -0.083126 0.003261 
1.675398 -0.904869 0.255882 -0.701101 -0.036392 0.042972 0.001521 -0.001360 -0.012932 0.133837 0.403421 -0.085222 -0.257347 -0.085134 0.009579 
1.732177 -1.015926 0.310100 -0.835762 0.033008 -0.001851 0.028934 -0.019086 0.011874 0.073442 0.445219 -0.131590 -0.219716 -0.096312 0.026631 
1.581739 -0.923207 0.174730 -0.738410 -0.064898 0.090721 -0.010479 0.042587 -0.048941 0.122735 0.381449 -0.056227 -0.289473 -0.078439 -0.023863 
1.563447 -0.956008 0.149130 -0.731053 -0.071392 0.114922 -0.001476 0.033855 -0.029550 0.096669 0.389360 -0.062946 -0.301027 -0.096095 -0.010806 
1.649653 -1.025824 0.155452 -0.772255 -0.027206 0.088428 0.062198 -0.002442 0.001212 0.054531 0.381886 -0.076825 -0.256346 -0.158561 0.040063 
1.595351 -0.961442 0.089217 -0.731728 -0.044131 0.117522 0.066945 0.019163 -0.008665 0.044513 0.335699 -0.042564 -0.281585 -0.118312 0.008468 
1.584867 -0.887965 0.098328 -0.761819 0.000972 0.144165 0.081524 0.075697 -0.045168 0.027386 0.335816 -0.079580 -0.242014 -0.142265 0.028035 
1.542784 -0.870926 0.071258 -0.752499 0.003182 0.177073 0.068890 0.088114 -0.062071 0.052109 0.299876 -0.077417 -0.254813 -0.112898 0.000909 
1.618651 -0.856269 0.013703 -0.670618 -0.012535 0.204461 0.048728 0.096800 -0.049325 0.026255 0.335126 -0.079586 -0.264251 -0.140457 0.012384 
1.693971 -0.896782 0.034238 -0.714073 0.040750 0.147219 0.071004 0.039787 -0.033830 0.021161 0.349607 -0.067490 -0.250820 -0.141675 -0.009086 
1.923863 -0.961241 -0.088978 -0.586702 -0.096894 0.199289 -0.061297 0.053295 -0.152931 0.111686 0.418600 -0.188667 -0.082230 -0.169137 -0.021158 
1.870834 -0.704848 -0.147529 -0.517458 -0.064295 0.196634 -0.129331 0.095919 -0.247081 0.095059 0.429636 -0.154624 -0.042340 -0.133198 -0.047396 
1.717366 -0.484981 -0.107425 -0.414761 -0.056830 0.127275 -0.125622 0.083879 -0.229253 0.152538 0.481775 -0.197863 -0.051454 -0.129753 -0.041127 
1.784209 -0.318143 -0.187563 -0.452076 -0.069020 0.003611 -0.006223 0.187300 -0.156375 0.290907 0.334616 -0.218571 -0.026377 -0.242140 0.012536 
1.672956 -0.502161 -0.436190 -0.445227 -0.041438 0.091457 -0.080602 0.123476 -0.110513 0.189567 0.233168 -0.167931 -0.031785 -0.225190 0.042623 
1.053140 -0.136251 -0.524787 -0.418513 -0.102213 0.038662 0.040762 -0.036528 -0.004695 0.293765 0.330601 -0.175424 -0.249436 -0.163156 -0.057151 
0.387112 -0.441575 -0.548488 -0.443455 -0.086376 -0.039771 0.086333 -0.005395 -0.057453 0.229858 0.330218 -0.174854 -0.205685 -0.131218 -0.023550 
0.031737 -0.374013 -0.648269 -0.262084 -0.009837 0.062481 0.152286 -0.075471 -0.091142 0.043868 0.322657 -0.165321 -0.166608 -0.034117 0.071506 
