city022_012
SHINAGAWA
64
-0.890219 -0.172598 0.536398 -0.558451 0.384948 -0.065385 0.094161 0.118511 -0.191607 0.143737 -0.066577 -0.039486 0.148387 -0.150561 0.090521 
-1.025945 -0.325778 0.539313 -0.698249 0.427328 0.137934 -0.048644 -0.031457 -0.135596 0.109066 0.024033 -0.035327 0.055421 -0.085068 0.041973 
-0.898747 -0.199841 0.500905 -0.801446 0.430682 -0.127381 -0.035959 0.056132 -0.161058 0.160623 0.002383 -0.103611 0.121027 -0.103509 0.071633 
-0.931010 -0.257825 0.664227 -1.011145 0.248413 -0.198664 -0.015982 0.183349 -0.063217 0.128594 -0.026250 -0.072159 0.073675 -0.127214 0.073168 
-0.847762 -0.408333 0.610298 -0.895390 0.409953 -0.022064 0.004960 0.150782 -0.188174 0.079643 -0.010726 -0.082817 0.145004 -0.101578 0.047935 
-0.855228 -0.584490 0.741365 -0.884142 0.390092 -0.064689 0.124396 0.063624 -0.127462 0.050659 -0.041608 -0.039643 0.122112 -0.089599 0.042669 
-0.738743 -0.637639 0.612278 -0.861384 0.313523 -0.202582 0.163653 0.211058 -0.169230 0.085321 -0.081324 -0.097939 0.167311 -0.124508 0.071246 
-0.703444 -0.713425 0.702100 -0.793152 0.265474 -0.051605 0.078886 0.187330 -0.124909 0.004649 -0.047552 -0.060287 0.153874 -0.114112 0.038341 
-0.638671 -0.577855 0.491334 -0.962984 0.225590 -0.098267 -0.054889 0.090707 0.032019 0.214457 -0.065953 -0.212069 0.247981 -0.253987 0.059763 
0.009657 0.113349 0.971697 -0.364123 0.582611 -0.288858 -0.158517 0.156382 -0.156080 0.044975 -0.088028 -0.127993 0.173679 -0.152918 0.034585 
0.881214 -0.240026 0.898554 0.163466 0.067610 -0.339259 -0.194474 -0.018886 -0.099552 -0.165782 -0.156060 -0.012986 0.108680 -0.084735 -0.036996 
1.243120 -0.133149 0.735740 0.414196 -0.133662 -0.188949 -0.062320 -0.126479 -0.089361 -0.147706 -0.153850 -0.110381 0.102829 -0.139022 -0.044270 
1.198471 -0.062806 0.934501 0.455729 -0.387188 0.106310 -0.041402 -0.326361 -0.030187 -0.173518 -0.153696 -0.172787 0.040978 -0.141364 -0.026715 
1.276498 -0.148588 0.956962 0.325406 -0.536115 0.266907 -0.047341 -0.376294 -0.023869 -0.188961 -0.125579 -0.185819 0.007469 -0.120799 -0.003677 
1.239850 -0.318028 0.976743 0.531436 -0.336256 0.091021 -0.112577 -0.381451 0.073737 -0.165668 -0.242576 -0.155386 0.062898 -0.094361 -0.080102 
1.391231 -0.538880 0.801486 0.434917 -0.148918 0.037758 -0.182341 -0.379381 0.040896 -0.059420 -0.196872 -0.266159 0.085138 -0.002162 -0.070307 
1.619533 -0.752828 0.708819 0.088899 -0.125668 -0.049066 -0.364839 -0.084688 0.043415 0.014070 0.044530 -0.209924 0.184678 0.122906 -0.101720 
1.574222 -0.825593 0.602984 -0.207040 -0.118236 -0.185593 -0.354317 -0.029565 0.175741 0.140356 0.101605 -0.132109 0.131189 0.172141 -0.125436 
1.661598 -0.932515 0.518143 -0.352585 0.010921 -0.293207 -0.203034 -0.017415 0.209769 0.184370 0.215507 -0.220185 0.051709 0.097872 0.003442 
1.534517 -0.896690 0.375768 -0.364822 0.015720 -0.193196 -0.161102 0.036304 0.156122 0.291130 0.206037 -0.221319 -0.112160 0.088500 0.074872 
1.558828 -0.898623 0.312757 -0.490438 0.080859 -0.127330 -0.136480 0.044421 0.091278 0.306500 0.210533 -0.184512 -0.174817 -0.003110 0.116383 
1.597970 -0.962066 0.338680 -0.609143 0.087373 -0.106630 -0.112407 0.031604 0.050322 0.240403 0.269165 -0.119720 -0.224940 -0.039020 0.113931 
1.554387 -0.887277 0.320222 -0.567596 0.014352 -0.005650 -0.143619 0.042365 -0.007590 0.253102 0.348663 -0.132936 -0.246926 -0.029701 0.084237 
1.606391 -0.900382 0.371186 -0.585056 0.039707 -0.034653 -0.165378 0.003826 -0.020164 0.216692 0.415882 -0.134810 -0.199002 -0.054705 0.119034 
1.628688 -0.865298 0.398081 -0.522232 0.001366 0.001764 -0.246815 -0.001115 -0.088563 0.229685 0.450942 -0.160523 -0.140939 -0.004343 0.099490 
1.716034 -0.845666 0.464766 -0.458759 0.011681 -0.046452 -0.277653 -0.056573 -0.150609 0.234258 0.457587 -0.167852 -0.057077 0.013671 0.146517 
1.799739 -0.790755 0.458011 -0.337870 0.003160 -0.113508 -0.243861 -0.157247 -0.184217 0.220347 0.404105 -0.139823 -0.026912 0.068771 0.147620 
1.917002 -0.654179 0.367596 -0.212045 -0.018035 -0.108391 -0.252625 -0.157008 -0.271171 0.226755 0.358627 -0.135587 -0.008183 0.096104 0.126011 
1.830483 -0.639901 0.367203 -0.142347 -0.024917 -0.101097 -0.204001 -0.251102 -0.252297 0.139549 0.339750 -0.091263 -0.086280 0.151232 0.084352 
1.819638 -0.664171 0.397815 -0.187442 -0.025614 -0.086544 -0.232467 -0.243631 -0.266553 0.126152 0.348430 -0.078123 -0.068286 0.112945 0.107603 
1.717492 -0.664975 0.312492 -0.326937 -0.071962 -0.050106 -0.280478 -0.195870 -0.277431 0.158692 0.333874 -0.040507 -0.009218 0.088813 0.086181 
1.801283 -0.890731 0.392651 -0.381105 -0.096634 -0.111609 -0.172533 -0.282803 -0.192446 0.174874 0.368221 0.024149 -0.036975 0.041064 0.095161 
1.551964 -0.966612 0.362427 -0.465648 -0.083402 -0.192725 -0.272840 -0.082220 -0.169030 0.160910 0.378084 -0.020152 0.007525 0.093760 0.061376 
1.594236 -1.017172 0.364598 -0.583796 -0.005795 -0.311732 -0.207098 -0.064589 -0.014052 0.082644 0.288371 0.049182 0.055018 0.027157 0.021327 
1.700977 -1.004911 0.282293 -0.606809 -0.068566 -0.221991 -0.151595 -0.102435 0.023634 0.025013 0.252058 0.141282 0.041275 -0.057040 0.078617 
1.678590 -1.114358 0.306161 -0.663302 -0.064641 -0.130690 -0.166473 -0.052453 -0.062793 0.034603 0.279334 0.199102 -0.006944 -0.109476 0.043395 
1.701470 -1.150412 0.250456 -0.611807 -0.089053 -0.150342 -0.101043 -0.099526 -0.000194 -0.035088 0.264506 0.190025 0.051131 -0.114438 0.016522 
1.727046 -1.021768 0.259494 -0.565570 -0.168553 -0.252540 -0.020256 -0.049849 -0.083580 0.021668 0.180608 0.151471 0.078717 0.005968 0.033027 
1.769928 -0.974864 0.238869 -0.459034 -0.204419 -0.309726 -0.010704 -0.006731 -0.126895 -0.061445 0.263804 0.079039 0.108865 0.034616 0.051391 
1.832995 -1.132193 0.346609 -0.523355 -0.133078 -0.297671 -0.058879 -0.029096 -0.131158 -0.129280 0.256290 0.051979 0.236946 0.018549 0.029303 
1.736544 -1.007619 0.282674 -0.479097 -0.241261 -0.215475 -0.053919 0.019133 -0.229013 -0.111804 0.150600 0.094272 0.262272 0.092320 -0.015814 
1.750817 -1.004328 0.305726 -0.518687 -0.240134 -0.244769 0.000800 0.013479 -0.241105 -0.141245 0.170748 0.049767 0.317339 0.079416 0.017958 
1.783420 -1.089668 0.353505 -0.513768 -0.227839 -0.202351 -0.120499 0.056245 -0.221991 -0.101484 0.238814 0.032402 0.296321 0.013600 0.009726 
1.772883 -1.021944 0.337451 -0.440706 -0.191223 -0.257095 -0.163052 0.000404 -0.093697 0.009366 0.210973 0.059438 0.159250 -0.012458 0.044053 
1.772939 -1.026645 0.232772 -0.478878 -0.281801 -0.164933 -0.077569 0.002543 -0.094925 0.024584 0.209673 0.067298 0.104178 0.024759 0.034858 
1.623971 -1.140830 0.174913 -0.602874 -0.210859 -0.206792 0.087762 -0.028526 -0.150994 0.070101 0.269557 0.043245 0.122065 0.015965 -0.067044 
1.540596 -1.226170 0.283020 -0.784516 -0.220922 -0.148896 0.176032 -0.060338 -0.198453 0.126477 0.307960 0.024546 0.133883 0.005674 -0.153521 
1.481457 -1.181571 0.302095 -0.848229 -0.253330 -0.068139 0.220469 -0.118919 -0.152494 0.156140 0.292421 0.004554 0.139397 -0.090113 -0.134835 
1.487366 -1.165632 0.308816 -0.896518 -0.217889 -0.090292 0.250030 -0.093288 -0.108851 0.166419 0.205461 0.046699 0.078190 -0.126556 -0.089411 
1.489932 -1.173070 0.290471 -0.903165 -0.172421 -0.153288 0.234678 -0.033333 -0.062979 0.107512 0.208320 0.029442 0.081397 -0.152756 -0.048771 
1.458803 -1.092821 0.229768 -0.838340 -0.237154 -0.118789 0.185912 0.045004 -0.090387 0.141195 0.175634 0.022758 0.052812 -0.132652 -0.065115 
1.489281 -1.079212 0.243804 -0.865092 -0.220496 -0.114633 0.201180 0.016986 -0.028637 0.114553 0.208825 -0.052538 0.067694 -0.164460 -0.039018 
1.439223 -1.095332 0.188601 -0.834968 -0.235960 -0.035136 0.147594 0.022098 -0.045923 0.144539 0.210332 -0.037356 0.033926 -0.169050 -0.067488 
1.536462 -1.104398 0.235045 -0.876659 -0.248290 -0.055054 0.179922 0.050869 -0.055241 0.151492 0.151519 -0.000103 -0.017429 -0.097595 -0.076131 
1.601858 -1.028301 0.201193 -0.850240 -0.183563 -0.011244 0.103163 0.014003 -0.035233 0.115206 0.260088 -0.024576 -0.005035 -0.211795 -0.013554 
1.700687 -0.975916 0.172513 -0.787998 -0.192816 0.073845 0.048155 -0.014499 -0.082898 0.153256 0.306459 0.023567 -0.049289 -0.263811 -0.007984 
1.794101 -0.917930 0.099525 -0.726227 -0.212521 0.101177 0.055058 -0.031432 -0.076910 0.121666 0.397983 -0.010256 -0.106795 -0.205110 -0.065828 
1.930441 -0.443677 -0.231045 -0.581486 -0.276846 0.150135 -0.002201 0.020795 -0.153667 0.188111 0.432147 -0.157751 -0.012708 -0.163789 -0.118960 
1.992598 -0.494871 -0.339380 -0.472877 -0.263301 0.058190 0.063891 0.008649 -0.201578 0.220478 0.428890 -0.160680 -0.009685 -0.186591 -0.072847 
1.812986 -0.346657 -0.306193 -0.468552 -0.175212 -0.021109 0.180970 -0.030412 -0.207546 0.284790 0.417868 -0.187135 0.056369 -0.248593 -0.158281 
1.344632 -0.334441 -0.409954 -0.600247 -0.126810 -0.047336 0.080951 0.077169 -0.240951 0.314759 0.379431 -0.126072 -0.017928 -0.273175 -0.133334 
1.244952 -0.377859 -0.385985 -0.544646 -0.120925 0.031372 0.075866 0.077679 -0.221749 0.202972 0.455617 -0.206457 -0.053998 -0.219233 -0.113470 
0.944812 -0.069042 -0.491823 -0.346646 -0.120469 0.052515 0.196056 -0.063274 -0.167769 0.236790 0.301456 -0.276431 0.047984 -0.164992 -0.061479 
0.830240 -0.445088 -0.563442 -0.473684 -0.094997 -0.017420 0.335488 -0.074261 -0.031274 0.171599 0.170723 -0.287137 -0.012291 -0.138283 -0.005592 
