city022_049
GOTANDA
68
0.063700 0.221679 -0.113620 -0.068069 0.509912 0.003096 0.007252 0.126043 -0.290926 0.104657 0.019229 0.140378 -0.108866 -0.016677 -0.041439 
0.829890 0.233770 -0.055893 0.149832 -0.383121 0.179502 0.083915 -0.003497 -0.365141 0.010465 -0.169083 -0.005068 0.058878 0.039909 -0.064681 
1.186446 -0.271668 -0.514608 -0.091019 0.014371 0.224050 -0.101946 0.049696 -0.131363 -0.007027 -0.052199 0.071825 0.039985 0.036233 -0.069613 
1.405146 -0.254195 -0.539825 -0.368652 0.075115 0.191572 -0.064261 0.107067 -0.093462 0.004722 -0.198815 0.132298 -0.002044 0.121567 -0.006773 
1.652056 0.103582 -0.226420 -0.416845 -0.101359 0.040705 -0.040817 0.084724 -0.300793 0.030525 -0.199000 0.130530 0.043703 0.122152 0.031814 
1.668252 0.369838 0.195504 -0.459670 -0.386713 0.073129 -0.059905 0.155365 -0.473787 -0.021273 -0.098428 -0.115245 0.036710 0.277768 0.015057 
1.683271 0.131192 0.446296 -0.600543 -0.354017 0.054526 -0.088599 0.118165 -0.418700 -0.028168 -0.006011 -0.184088 0.080382 0.285694 -0.082338 
1.669771 0.043198 0.544783 -0.745430 -0.435632 0.052508 -0.236214 0.161972 -0.408904 0.023792 -0.010621 -0.194208 0.174308 0.215877 -0.031358 
1.767363 0.011335 0.569875 -0.689377 -0.472913 0.189346 -0.242071 0.081777 -0.406084 -0.048647 0.065925 -0.138368 0.157805 0.341629 -0.129538 
1.906623 0.007366 0.571172 -0.693845 -0.448509 0.300515 -0.224734 0.098113 -0.457053 -0.052539 0.040606 -0.042717 0.149868 0.401316 -0.161840 
1.756328 0.037226 0.472752 -0.630029 -0.349049 0.289134 -0.199286 -0.011926 -0.483082 -0.030405 0.082207 -0.002715 0.174520 0.338423 -0.228045 
1.677381 0.074568 0.383143 -0.568109 -0.186283 0.224895 -0.204532 -0.053102 -0.600066 0.048244 0.072153 -0.080396 0.263438 0.139501 -0.177764 
1.313953 0.374604 0.295400 -0.340833 -0.056672 0.279510 -0.046212 0.104134 -0.419092 0.065080 0.004496 -0.070446 0.081084 0.086524 -0.103005 
0.866504 0.669337 0.101694 0.175998 -0.276606 0.207131 -0.071558 0.069581 -0.034804 0.028210 -0.027626 -0.013699 -0.036549 0.081024 -0.115875 
0.375055 0.506694 0.142014 0.212797 -0.290572 0.207813 -0.002049 0.121647 -0.021967 -0.007198 0.003661 0.070293 -0.124613 0.115427 -0.062785 
0.151406 0.488076 0.190889 0.199291 -0.297670 0.004953 -0.064300 -0.047402 -0.177036 0.026887 -0.085812 0.048467 -0.050516 0.004923 0.043205 
0.139633 0.349512 0.059260 0.192299 -0.248762 0.069068 -0.075003 0.004444 -0.148812 0.044072 -0.020925 0.003511 -0.043887 0.073594 -0.059388 
0.099251 0.257538 -0.035710 0.199885 -0.252515 0.103895 -0.019602 -0.023802 -0.224029 -0.015407 0.009189 0.065415 -0.112104 0.068485 -0.020310 
-0.202139 0.396619 0.077597 0.174355 -0.350971 -0.007174 -0.087924 0.093289 0.029474 0.030143 0.013902 0.039882 -0.050027 0.090348 -0.134487 
-0.154140 0.255549 -0.141018 0.048435 -0.251723 0.047273 -0.219843 -0.083310 -0.185761 0.019129 0.038308 0.142608 -0.097760 0.074949 0.025273 
0.871669 -0.615154 0.288354 -0.343755 -0.309162 0.018181 -0.018048 -0.175530 -0.049458 0.148949 0.011847 0.145195 -0.097899 0.123073 -0.101364 
1.752416 -0.601203 0.449072 -0.122132 0.020899 0.158245 -0.144291 -0.088433 -0.197397 -0.004655 -0.050201 0.048930 -0.111909 0.096805 -0.099421 
1.659568 -0.695222 0.496670 -0.641203 -0.127373 0.066801 -0.285750 -0.136600 -0.165473 0.356315 0.157074 0.031444 -0.023410 0.119872 -0.154262 
1.566234 -0.986290 0.479003 -0.626016 -0.154815 -0.027532 -0.258589 -0.131299 -0.129728 0.349211 0.187585 0.093257 -0.120196 0.177062 -0.099663 
1.496175 -0.991823 0.407741 -0.661002 -0.147752 0.003965 -0.192175 -0.137058 -0.083351 0.295151 0.240356 0.100451 -0.205776 0.169015 -0.132362 
1.482938 -1.070638 0.360634 -0.695193 -0.138974 -0.057130 -0.094357 -0.101285 -0.087097 0.279461 0.189313 0.142398 -0.212798 0.132783 -0.104560 
1.513033 -1.077992 0.261285 -0.725098 -0.174666 -0.014101 0.027487 -0.080547 -0.050355 0.232562 0.179613 0.140801 -0.281736 0.107585 -0.130101 
1.574319 -0.970186 0.183058 -0.745443 -0.202147 0.154982 -0.017695 0.086450 -0.107484 0.182119 0.193427 0.066290 -0.311452 0.070734 -0.129009 
1.704163 -0.944364 0.247536 -0.749653 -0.185241 0.227048 -0.023242 0.114968 -0.124646 0.153379 0.218004 0.039924 -0.312427 0.074647 -0.154137 
1.681439 -0.905655 0.206599 -0.743788 -0.178507 0.186102 -0.061691 0.148234 -0.196487 0.153641 0.235698 0.065961 -0.276364 0.089320 -0.153743 
1.663822 -0.831378 0.225549 -0.763494 -0.127786 0.113331 -0.070846 0.168692 -0.288519 0.191388 0.243640 0.064772 -0.177769 0.040111 -0.131410 
1.717158 -0.824490 0.276469 -0.581377 -0.277206 0.171921 -0.079839 0.107941 -0.344124 0.225036 0.156904 0.081570 -0.001045 -0.073261 -0.020705 
1.496544 -0.845998 0.548064 -0.307224 -0.352298 0.366830 -0.111498 -0.044371 -0.312827 0.036257 0.025057 0.106322 0.006327 -0.021283 0.050702 
1.179937 -0.812588 0.928999 -0.072811 -0.129614 0.487792 -0.188969 -0.165925 -0.372037 -0.087743 0.033553 -0.013544 -0.179560 -0.093296 -0.004374 
1.193149 -0.741061 0.899371 -0.081824 -0.115707 0.477561 -0.211820 -0.140913 -0.422436 -0.013735 -0.039225 0.026375 -0.208730 -0.077410 0.008907 
1.202836 -0.775349 0.941322 -0.056263 -0.170921 0.495870 -0.232171 -0.125732 -0.421853 0.024369 -0.090629 0.044228 -0.225726 -0.039740 -0.002645 
1.149346 -0.685620 0.923166 -0.009082 -0.199851 0.450493 -0.184100 -0.181328 -0.358664 0.022216 -0.107371 0.011662 -0.198215 -0.039035 0.030255 
1.180687 -0.573157 0.977056 -0.021410 -0.280967 0.413816 -0.177406 -0.177838 -0.286479 -0.004706 -0.100933 -0.034942 -0.145970 0.003070 0.037720 
1.260790 -0.599728 0.984872 0.058225 -0.347411 0.444611 -0.248687 -0.150949 -0.274906 0.013392 -0.118566 -0.049632 -0.145407 0.046402 -0.028765 
1.140232 -0.553241 0.973451 0.054316 -0.316728 0.407823 -0.183004 -0.172606 -0.313244 0.056900 -0.168931 -0.069410 -0.096874 -0.015567 -0.007133 
1.158731 -0.484088 0.950067 0.045549 -0.342117 0.407822 -0.173601 -0.179498 -0.318589 0.095246 -0.220302 -0.049876 -0.078578 -0.019021 -0.018500 
1.168847 -0.420830 0.955217 0.050036 -0.391639 0.420470 -0.134856 -0.201354 -0.277356 0.052675 -0.212569 -0.077065 -0.062695 0.001449 -0.083471 
1.154020 -0.357095 0.956704 0.130474 -0.461172 0.427324 -0.073970 -0.236282 -0.251142 0.031834 -0.233554 -0.098294 -0.080289 0.018415 -0.136601 
1.238449 -0.281076 0.820218 0.230599 -0.547684 0.577089 -0.081855 -0.270340 -0.202182 -0.065126 -0.147420 -0.194590 -0.034627 0.007029 -0.213869 
1.114039 -0.143351 0.642358 0.340817 -0.389234 0.571276 -0.039877 -0.362854 -0.195951 0.006640 -0.189210 -0.139647 -0.109514 -0.021815 -0.229458 
1.110123 0.086006 0.381843 0.336812 -0.196378 0.529007 -0.050416 -0.385751 -0.250058 0.068912 -0.130213 -0.160825 -0.098427 -0.089854 -0.199759 
1.168554 0.414129 0.151465 0.432844 -0.103972 0.477097 -0.043483 -0.439845 -0.296121 0.218215 -0.101026 -0.095454 -0.169359 -0.057678 -0.180806 
1.530098 -0.328400 0.399176 -0.525162 -0.168523 0.037320 -0.250027 -0.081155 -0.186881 0.181079 -0.060749 0.168732 -0.000652 0.082856 -0.017730 
1.589826 -0.723051 0.447083 -0.532013 -0.102976 -0.047534 -0.308432 -0.224208 -0.252023 0.398736 0.066635 0.082550 0.026789 0.169329 -0.079268 
1.593274 -0.787136 0.434206 -0.597355 -0.141054 -0.007599 -0.234732 -0.227365 -0.150980 0.401364 0.148583 0.072457 -0.049691 0.142310 -0.115446 
1.495913 -0.821225 0.408244 -0.663871 -0.127243 0.017949 -0.243863 -0.159997 -0.136979 0.411280 0.225424 0.040446 -0.118712 0.140216 -0.143146 
1.408541 -0.875010 0.397946 -0.721970 -0.108816 -0.039221 -0.198343 -0.134536 -0.065871 0.393403 0.229356 0.046611 -0.167208 0.140232 -0.171995 
1.460448 -0.920589 0.343997 -0.676063 -0.148978 -0.093200 -0.215454 0.028703 -0.058222 0.314929 0.211901 0.055923 -0.172434 0.121260 -0.130338 
1.545117 -0.931687 0.270474 -0.671558 -0.144459 -0.061144 -0.207796 0.057204 -0.050668 0.320557 0.183729 0.046513 -0.182579 0.069960 -0.105843 
1.549251 -0.896715 0.237180 -0.683996 -0.142934 -0.055198 -0.185835 0.070159 -0.056726 0.303767 0.162442 0.070493 -0.200218 0.074490 -0.114693 
1.574681 -0.896394 0.199886 -0.705149 -0.108439 -0.038114 -0.172622 0.087876 -0.102672 0.298461 0.193042 0.101548 -0.262241 0.063248 -0.088489 
1.619480 -0.931711 0.210387 -0.679487 -0.145654 -0.011367 -0.115076 -0.027396 -0.034272 0.270510 0.209917 0.085093 -0.240527 0.067703 -0.137899 
1.663782 -0.776295 0.153558 -0.740066 -0.104389 0.068224 -0.150123 0.025082 -0.119638 0.301657 0.246608 0.067678 -0.249550 0.042124 -0.172048 
1.780480 -0.671034 0.073084 -0.663592 -0.146952 0.137968 -0.185002 0.091146 -0.117680 0.282991 0.250012 0.045202 -0.256827 0.019034 -0.172557 
1.969854 -0.636610 -0.094772 -0.602808 -0.302415 0.222338 -0.306508 0.133039 -0.176452 0.302716 0.309623 -0.094236 -0.086532 0.000446 -0.181290 
1.822981 -0.577388 -0.093211 -0.591887 -0.192360 0.163332 -0.356618 0.052489 -0.112147 0.423690 0.151384 -0.074095 -0.052086 -0.031748 -0.097148 
1.763946 -0.441187 -0.148252 -0.440007 -0.137759 0.003217 -0.308698 0.105870 -0.256402 0.381427 0.278329 -0.060939 -0.058788 0.025962 -0.105532 
1.337021 -0.469025 -0.435802 -0.423601 -0.234153 0.086815 -0.258904 0.143091 -0.145816 0.446971 0.258303 -0.161860 -0.104174 -0.087583 -0.125081 
1.310911 -0.702711 -0.338116 -0.517680 -0.134030 0.060758 -0.182698 0.137499 -0.205883 0.461256 0.263131 -0.245331 -0.061033 -0.084970 -0.124156 
1.220185 -0.541317 -0.563756 -0.209709 -0.047151 0.036935 0.005572 0.064843 -0.212577 0.360829 0.065103 -0.172153 -0.084528 -0.028106 0.072166 
1.081056 -0.624360 -0.370279 -0.246296 0.000440 0.116643 -0.163607 0.066001 -0.194977 0.302509 0.034171 -0.049697 -0.049943 -0.076621 0.059671 
0.527227 -0.022921 -0.658914 -0.337320 -0.141015 0.155229 -0.188924 -0.006990 0.027507 0.362668 0.196105 -0.158984 -0.208524 -0.104890 -0.029526 
0.111856 0.011517 -0.535659 -0.226680 -0.409330 0.022550 -0.110182 -0.010485 0.041530 0.305481 0.163240 -0.028196 -0.102855 -0.028368 -0.134711 
