city022_087
RYUUGASAKI
80
-0.528409 -0.011327 -0.026107 0.077734 0.068777 0.078832 0.132273 -0.002737 0.010270 0.035410 -0.077188 0.024030 0.101972 -0.060796 -0.029408 
0.154604 0.370256 0.342026 0.272993 0.073759 0.116026 0.032932 -0.101176 -0.118209 -0.028082 -0.024270 -0.079942 -0.056635 -0.069284 -0.002354 
0.490494 0.640997 0.655613 0.306136 -0.048299 0.181223 0.002540 -0.222825 0.007643 -0.051307 -0.197123 -0.105508 -0.004403 -0.147426 -0.054124 
0.603791 0.576745 0.595908 0.167591 -0.269114 0.267342 0.069248 -0.273556 -0.002365 -0.033523 -0.227427 -0.055322 0.002807 -0.140497 -0.023957 
0.746298 -0.662908 0.954917 0.099341 -0.374684 0.292630 -0.166057 -0.247445 0.054375 -0.136020 -0.051273 0.012436 -0.075492 -0.002585 0.044848 
0.668633 -0.673112 1.517950 0.137502 -0.283576 0.167021 -0.297124 0.050325 -0.154481 -0.341167 -0.024246 -0.051179 -0.169255 -0.099121 0.021959 
0.782457 -0.718857 1.626642 0.042979 -0.295970 0.154438 -0.302006 0.068817 -0.188147 -0.301078 -0.006753 -0.035988 -0.168246 -0.063348 0.026312 
0.922055 -1.043905 1.690169 -0.031262 -0.291006 0.224398 -0.311404 0.033321 -0.187158 -0.335624 0.036817 -0.088489 -0.220870 0.014798 -0.045373 
0.803648 -0.945424 1.728420 0.026653 -0.321759 0.139671 -0.235847 0.011728 -0.208746 -0.292381 0.030865 -0.118224 -0.159472 -0.010446 -0.044725 
0.921760 -1.001553 1.633863 -0.000491 -0.289287 0.077525 -0.179746 -0.032321 -0.205311 -0.290802 0.065045 -0.131080 -0.166193 0.033790 -0.048214 
0.921574 -0.868825 1.430568 0.038150 -0.241581 -0.004839 -0.158376 -0.064463 -0.198263 -0.224419 0.019344 -0.112743 -0.128859 0.075962 -0.082932 
1.007000 -0.959728 1.352342 -0.025659 -0.057300 -0.143406 -0.114503 -0.061491 -0.230208 -0.189012 0.004611 -0.128114 -0.105213 0.078279 -0.099958 
1.031858 -0.934562 1.210539 -0.018584 -0.031378 -0.115054 -0.169312 -0.000324 -0.298859 -0.130103 -0.004121 -0.139106 -0.068122 0.043572 -0.077499 
1.118126 -0.932556 1.239387 -0.068490 -0.018028 -0.103544 -0.188925 -0.035610 -0.294569 -0.102806 -0.022385 -0.176417 -0.033732 0.059549 -0.096086 
1.144166 -0.909978 1.279471 0.044239 -0.085589 -0.116423 -0.283814 0.045850 -0.244689 -0.135072 -0.051532 -0.162175 0.048799 0.020598 -0.110692 
1.196906 -0.907795 1.343774 0.060902 -0.170226 -0.066783 -0.355537 0.086127 -0.249311 -0.108655 -0.068823 -0.132246 0.076511 0.024923 -0.102931 
1.166633 -0.834748 1.276596 0.035946 -0.108225 -0.049410 -0.420276 0.071039 -0.226897 -0.062046 -0.096653 -0.179927 0.120668 0.067185 -0.142397 
1.238031 -0.859295 1.255030 -0.057673 -0.012352 -0.091915 -0.402568 0.035902 -0.208125 -0.029663 -0.100649 -0.211796 0.152739 0.075844 -0.148873 
1.198210 -0.766800 1.157215 -0.109297 0.066185 -0.141459 -0.376280 -0.021377 -0.165667 -0.000237 -0.086044 -0.216661 0.131500 0.156593 -0.191857 
1.324230 -0.778860 1.131896 -0.224089 0.107029 -0.109245 -0.336867 -0.065119 -0.212487 0.040704 -0.071819 -0.215205 0.096286 0.126224 -0.108960 
1.274561 -0.746159 1.089070 -0.235014 0.181340 -0.113691 -0.353475 -0.084058 -0.227962 0.064370 -0.077353 -0.256016 0.096652 0.126835 -0.099666 
1.314714 -0.741693 1.044471 -0.250518 0.245171 -0.095121 -0.381864 -0.056455 -0.268759 0.091060 -0.130247 -0.267118 0.111294 0.069362 -0.079340 
1.326276 -0.727373 1.026334 -0.202096 0.251612 -0.042561 -0.386076 -0.042215 -0.321830 0.109972 -0.151648 -0.281849 0.078171 0.035001 -0.056890 
1.290636 -0.659023 0.970420 -0.088592 0.296438 -0.006439 -0.351595 -0.082837 -0.362333 0.180043 -0.193546 -0.343353 0.038371 0.013932 -0.044737 
1.355935 -0.576101 0.884419 -0.112101 0.321921 -0.046184 -0.298557 -0.077153 -0.363080 0.211822 -0.189859 -0.305241 0.025431 0.039733 -0.051949 
1.306481 -0.423132 0.752365 -0.012237 0.192314 -0.048421 -0.338343 -0.122189 -0.299641 0.219093 -0.171435 -0.293395 0.071955 0.080159 -0.033966 
1.365565 -0.525988 0.750260 -0.048249 0.212887 -0.092765 -0.364729 -0.165841 -0.300503 0.234475 -0.141707 -0.311315 0.045034 0.163249 -0.005986 
1.418304 -0.525039 0.689065 -0.064136 0.013097 -0.018896 -0.381725 -0.162270 -0.352783 0.186111 -0.083926 -0.245669 0.085757 0.102761 0.007380 
1.533230 -0.651310 0.733509 -0.233717 -0.002829 -0.078067 -0.383627 -0.147236 -0.338811 0.205012 -0.052173 -0.142029 0.098687 0.123519 0.027085 
1.617077 -0.832828 0.773409 -0.436528 -0.068660 -0.096117 -0.335007 -0.100494 -0.386861 0.177520 0.055659 -0.077373 0.113687 0.141764 0.026190 
1.448393 -0.921591 0.524755 -0.405845 0.084567 -0.210470 -0.361686 -0.240442 -0.290898 0.262316 0.150904 -0.101918 0.080450 0.229901 0.052175 
1.490842 -0.706110 0.518540 -0.555380 -0.003938 -0.121869 -0.295022 -0.183820 -0.245593 0.274441 0.268100 -0.078940 0.035946 0.185956 -0.004723 
1.415901 -0.855482 0.410419 -0.616177 0.006648 -0.202219 -0.184879 -0.155717 -0.123858 0.281607 0.319211 -0.057737 -0.045629 0.147756 -0.015884 
1.329085 -0.960887 0.323011 -0.563548 -0.066043 -0.298554 -0.141328 -0.059779 -0.071277 0.261999 0.264456 -0.014655 -0.006657 0.091964 -0.040172 
1.433735 -1.030599 0.278195 -0.541021 -0.064067 -0.329394 -0.132491 -0.051898 0.023661 0.176827 0.228576 0.062716 -0.029816 0.066870 -0.064025 
1.514450 -0.885018 0.255457 -0.562386 -0.030991 -0.276801 -0.174593 -0.008862 -0.104727 0.271476 0.318339 -0.146044 0.046394 0.079469 -0.046751 
1.507304 -1.155580 0.377897 -0.440536 0.043219 -0.289393 -0.205911 0.001120 -0.232870 0.420362 0.050636 -0.074735 0.110758 0.024346 0.096569 
1.581446 -0.953378 0.410668 -0.427377 0.058612 -0.258969 -0.116918 -0.127782 -0.239176 0.534761 -0.116760 -0.027681 0.132013 -0.065787 0.160402 
1.368695 -0.375751 0.294331 -0.203235 0.084757 -0.202431 -0.056497 -0.168725 -0.214614 0.328777 -0.094261 -0.141213 0.169353 -0.017860 0.027975 
0.373506 0.019999 0.594285 0.088163 0.097130 0.013625 0.007842 -0.127657 0.079665 0.008100 -0.058439 -0.065117 0.096062 -0.092156 0.053896 
0.235313 0.109824 0.497284 -0.049407 -0.011631 -0.257788 0.118073 -0.044545 -0.013896 0.132626 -0.119834 0.043222 0.105212 -0.109576 0.022595 
-0.067819 -0.096242 0.378912 -0.043575 0.105820 -0.234813 0.188787 -0.179239 -0.017558 0.069107 -0.086395 0.007531 0.054538 -0.055023 -0.000838 
-0.132188 0.018020 0.376113 -0.093238 0.228275 -0.158572 0.029579 -0.308218 0.037659 0.029513 -0.044448 -0.067253 0.015025 0.012535 0.016681 
-0.059988 -0.103188 0.432026 -0.060449 0.073176 0.063508 0.161542 -0.104321 0.116392 0.074923 -0.082555 0.027875 0.066156 -0.048234 0.036866 
0.528219 -0.033602 0.501328 -0.239250 0.011349 0.104042 0.198675 -0.115278 -0.021624 0.068210 -0.045248 -0.032704 0.064852 -0.022565 -0.004367 
0.714295 -0.541957 0.129688 -0.231218 -0.119788 -0.120261 -0.134944 -0.187764 0.148405 0.010750 0.000359 0.098807 0.049614 -0.029737 0.032123 
0.974386 -0.443240 0.205836 -0.141557 -0.075296 -0.056919 -0.063207 0.006058 -0.016933 0.053640 -0.045418 -0.066791 0.112527 -0.016739 -0.051589 
1.711076 -0.897281 0.236534 -0.355357 0.019612 -0.247342 -0.128069 -0.086981 -0.209074 0.409842 -0.022268 -0.037970 0.070151 0.010959 0.134062 
1.529091 -1.009767 0.326885 -0.507293 0.089986 -0.265674 -0.213745 -0.031893 -0.211882 0.466556 0.082715 -0.073147 0.003315 0.073114 0.131040 
1.446400 -0.967400 0.364304 -0.465769 0.115369 -0.341077 -0.280095 0.051220 -0.188703 0.388337 0.141689 -0.081485 -0.001454 0.102998 0.128403 
1.482066 -0.978447 0.317022 -0.329850 0.094100 -0.411365 -0.264355 0.050028 -0.175477 0.297670 0.089067 -0.051630 0.048388 0.139182 0.079864 
1.608068 -1.036663 0.273855 -0.149717 0.125085 -0.474501 -0.284147 0.093876 -0.245813 0.249483 0.013080 -0.028038 0.083895 0.137241 0.075762 
1.587853 -0.956979 0.302490 0.012435 0.144976 -0.510364 -0.265041 0.070572 -0.267465 0.190289 -0.050654 -0.017079 0.061552 0.138064 0.094692 
1.476119 -0.834941 0.378025 0.266090 0.140601 -0.487847 -0.227561 0.033006 -0.245232 0.066852 -0.115125 -0.027853 0.019089 0.072500 0.111556 
1.301109 -0.345298 0.165394 0.443247 0.159713 -0.496074 -0.144461 0.073535 -0.193841 -0.136073 -0.005746 -0.094571 -0.021471 0.043198 0.034948 
0.665780 0.147487 0.146817 0.363950 0.016045 -0.178597 -0.094270 -0.015652 -0.118096 -0.106301 -0.030413 -0.008508 -0.048927 -0.029786 0.032838 
0.350663 0.099085 0.123426 0.309283 0.135294 0.022458 -0.051025 -0.022025 -0.042339 0.088831 0.069054 -0.196996 0.071546 0.057700 -0.064513 
0.198946 0.049306 0.069946 0.221189 0.200493 0.238914 -0.147344 -0.149886 0.092808 0.028065 0.056818 -0.069320 -0.044764 0.015529 0.007150 
0.201719 0.084646 -0.062149 0.008879 0.048795 0.002809 -0.194356 -0.026292 0.059562 0.018525 -0.017116 -0.004099 -0.025603 0.054395 -0.015809 
-0.047700 0.007280 0.004711 0.157182 0.075439 -0.069380 -0.131580 -0.106518 -0.048893 0.111804 0.016082 -0.158140 0.064975 0.051895 -0.038032 
-0.164960 -0.097491 -0.193844 -0.007613 0.024948 -0.142228 -0.061335 -0.180631 -0.042900 0.129780 0.108838 -0.095479 0.017526 0.015325 0.026033 
-0.077103 -0.040424 -0.273703 -0.014425 -0.232536 -0.024667 -0.117061 -0.132629 -0.097758 0.098967 0.157374 0.032203 -0.014747 -0.014236 0.031001 
-0.156096 -0.097640 -0.202879 -0.203321 -0.123738 -0.072135 -0.178650 -0.131653 -0.047656 0.167422 0.173373 0.019002 -0.030353 -0.004188 0.030082 
-0.265948 -0.736299 0.406574 -0.466159 -0.021443 0.123069 -0.151779 0.111306 -0.023977 0.083903 -0.086840 0.046325 -0.026310 -0.032396 0.084271 
-0.073109 -0.931117 0.665420 -0.726926 0.110336 0.027919 -0.141158 0.070884 -0.049292 0.116395 -0.073500 0.121551 -0.100884 -0.029537 0.129392 
-0.097602 -0.738424 0.522434 -0.721351 0.121319 -0.106193 -0.166485 0.062948 0.012442 0.106797 -0.010677 0.132048 -0.156819 0.033127 0.077995 
0.231264 -0.003511 1.131988 -0.165331 -0.082830 0.079932 -0.176662 -0.052626 -0.174236 -0.203404 0.050097 -0.116413 -0.171742 0.100983 0.001449 
0.485396 -0.296467 1.545373 -0.271711 -0.123579 0.120883 -0.224309 0.031272 -0.215742 -0.151921 0.000209 -0.033304 -0.214948 0.082190 0.053378 
0.403953 -0.173134 1.495257 -0.161849 -0.215639 0.146391 -0.249142 -0.006714 -0.187270 -0.194222 0.044305 -0.088437 -0.166217 0.095136 0.016675 
0.303329 -0.123537 1.433478 -0.135182 -0.216717 0.140289 -0.260348 -0.021066 -0.175774 -0.209595 0.028196 -0.076883 -0.177179 0.109445 -0.012874 
0.280188 -0.148853 1.506625 -0.168881 -0.207115 0.147384 -0.225826 -0.073244 -0.195004 -0.219800 0.014819 -0.126581 -0.195683 0.115318 -0.026448 
0.306948 -0.293324 1.624315 -0.248882 -0.220934 0.203221 -0.274829 -0.049762 -0.251083 -0.190670 -0.012167 -0.138742 -0.203757 0.115279 -0.014046 
0.371355 -0.211991 1.651681 -0.225112 -0.283647 0.206270 -0.251002 -0.084991 -0.194547 -0.223246 0.053517 -0.163795 -0.157538 0.113872 -0.008951 
0.502503 -0.305857 1.587295 -0.269314 -0.233519 0.223308 -0.273247 -0.033069 -0.211404 -0.203659 0.053380 -0.182669 -0.121725 0.071919 -0.010097 
0.405948 -0.176707 1.442134 -0.164994 -0.209766 0.284969 -0.287243 -0.018010 -0.194105 -0.196107 0.040994 -0.237258 -0.062832 0.006805 -0.036712 
0.128705 0.170028 1.469196 -0.132958 -0.217083 0.202766 -0.223918 -0.098052 -0.225070 -0.218965 0.028918 -0.277637 -0.099404 0.048543 -0.060933 
0.319841 -0.001289 1.457857 -0.120731 -0.213676 0.264540 -0.267009 -0.017556 -0.230305 -0.190309 0.036576 -0.285725 -0.042635 -0.019351 -0.047945 
0.079746 0.336558 1.048793 -0.091284 -0.100195 0.220671 -0.211691 -0.086647 -0.139656 -0.111099 -0.075279 -0.144692 -0.063467 -0.002883 -0.065232 
0.180574 0.323455 1.329740 -0.082126 -0.164175 0.160613 -0.182374 -0.069854 -0.259492 -0.157052 0.020612 -0.313510 -0.036001 0.001390 -0.066816 
-0.130151 0.299484 0.391714 0.160007 0.047132 0.141686 -0.141157 -0.310470 -0.233726 -0.034395 -0.003803 -0.266822 -0.071241 -0.019952 -0.040411 
