city022_030
HONJO
67
-0.105965 0.354343 0.401212 0.395915 0.141925 0.168181 0.156133 0.075691 -0.023672 -0.015673 0.223141 -0.031909 -0.091690 0.099713 0.051627 
0.064897 0.445940 0.349817 0.254191 0.017495 0.155566 0.110205 0.074031 -0.023643 -0.043707 0.149179 -0.031896 -0.045705 0.049807 0.051174 
0.648038 0.769752 0.329422 0.176693 -0.114521 -0.121740 0.039752 0.009866 -0.123456 -0.113362 0.183188 -0.108239 -0.071416 0.078201 0.043672 
1.065524 0.736040 0.287923 0.202336 0.087972 0.096209 0.017968 -0.054793 0.027336 -0.135329 0.034689 -0.090081 -0.030545 -0.042606 0.006737 
1.327441 0.718449 0.170802 0.139309 0.005784 0.151229 0.136349 0.068455 -0.115931 -0.112797 0.023752 -0.094978 -0.068524 0.008188 0.011322 
1.224418 0.748087 0.155414 0.200821 0.101060 0.034215 -0.000532 -0.104749 -0.186707 -0.114781 0.038017 -0.146432 -0.050201 -0.048688 0.018575 
1.442737 0.424042 0.209738 0.226667 -0.012683 0.051350 0.099584 -0.016775 -0.157672 -0.132040 0.006637 -0.082038 -0.096774 -0.030261 0.037778 
1.321884 0.531004 0.058602 -0.049300 -0.176034 -0.089703 0.023684 0.052311 -0.042243 -0.027174 0.036320 -0.093661 0.008624 -0.024363 0.029409 
1.432426 0.308103 -0.115879 0.111290 0.071546 0.138805 -0.013087 -0.087693 -0.043698 -0.101038 -0.175983 -0.120626 0.046153 -0.040982 -0.009239 
1.002332 0.354043 0.063915 -0.003873 -0.207967 -0.068613 0.036936 0.010876 0.045198 0.064332 0.038783 -0.026445 -0.002429 0.009845 -0.005729 
1.720872 0.772495 0.180387 -0.199850 -0.274721 -0.192811 -0.029429 0.008591 -0.085597 -0.049307 0.082959 -0.113519 0.026987 -0.028456 0.060381 
1.825890 0.404781 0.384878 -0.714123 -0.510623 -0.186541 -0.085409 0.012976 -0.071468 0.033602 0.031271 -0.245301 0.167799 -0.055875 0.068578 
1.878905 0.415381 0.490309 -0.756707 -0.583605 -0.091666 -0.015946 0.003216 -0.109371 0.054755 -0.060903 -0.240723 0.172954 0.009858 0.090158 
2.003498 0.212047 0.390241 -0.666147 -0.610012 0.001873 -0.094319 0.048313 -0.132308 0.010251 0.034402 -0.284891 0.184543 0.055970 0.022703 
2.078103 -0.076608 0.457225 -0.671924 -0.617512 0.045758 -0.008968 0.001079 -0.180785 0.002962 0.026666 -0.220951 0.250963 0.121264 0.050388 
2.045153 -0.249323 0.381699 -0.679382 -0.531633 0.147936 -0.052903 -0.005953 -0.249690 -0.057420 0.057719 -0.185281 0.327249 0.121475 0.067873 
2.050706 -0.303727 0.326489 -0.502241 -0.426396 0.195194 0.031197 -0.143850 -0.316781 -0.083075 0.157382 -0.080850 0.296932 0.144053 -0.069937 
1.975646 -0.449580 0.363248 -0.371451 -0.257262 0.230427 -0.056639 -0.202865 -0.389765 -0.005321 0.229078 -0.083436 0.211481 0.029651 -0.115948 
1.991411 -0.530175 0.395200 -0.183720 -0.169801 0.135782 -0.112614 -0.203875 -0.336905 0.051967 0.218781 -0.124389 0.129181 -0.022349 -0.026876 
1.942957 -0.586735 0.534597 -0.055356 -0.091014 0.051793 -0.239183 -0.182144 -0.249965 0.136194 0.138224 -0.222479 0.174258 -0.045158 0.057156 
1.688248 -0.583457 0.717128 0.105828 -0.062082 0.071374 -0.324710 -0.221354 -0.120579 0.149177 -0.015972 -0.239805 0.170429 -0.014784 0.077537 
1.280193 -0.280979 1.067320 0.031281 -0.294208 0.373245 -0.071897 -0.343644 -0.077408 -0.086186 -0.108928 -0.190673 0.007798 -0.079463 -0.067801 
1.225420 -0.256698 1.083143 0.033253 -0.321964 0.395939 -0.044926 -0.346382 -0.077420 -0.101227 -0.139518 -0.193337 -0.000799 -0.093772 -0.086696 
1.215243 -0.204164 1.113320 -0.090514 -0.317479 0.418571 -0.021203 -0.317909 -0.078390 -0.130766 -0.148680 -0.196659 0.021215 -0.131933 -0.055887 
1.207573 -0.170078 1.128557 -0.077885 -0.324105 0.426181 -0.030559 -0.356756 -0.041756 -0.122155 -0.167120 -0.167250 0.006012 -0.118747 -0.067466 
1.207167 -0.155914 1.124211 -0.065670 -0.329072 0.453195 -0.067557 -0.301617 -0.070040 -0.102026 -0.173407 -0.193267 0.048180 -0.160731 -0.063800 
1.161738 -0.036121 1.059439 -0.047900 -0.375868 0.456872 -0.035604 -0.308880 -0.028291 -0.136556 -0.184542 -0.176061 0.024221 -0.152845 -0.057640 
1.195181 -0.059809 1.100640 -0.023053 -0.316517 0.428019 -0.032778 -0.373721 0.004273 -0.115291 -0.195998 -0.149933 0.011296 -0.144029 -0.071716 
1.221495 -0.035206 1.071080 -0.003859 -0.325565 0.451801 0.023854 -0.454004 0.081858 -0.180320 -0.170809 -0.168324 0.004569 -0.145062 -0.098417 
1.150293 0.105875 0.929007 0.024784 -0.387522 0.435649 0.062737 -0.332730 0.013938 -0.150157 -0.232811 -0.172286 0.031681 -0.228097 0.003262 
1.048137 0.217794 0.791130 0.126931 -0.344090 0.382893 0.017561 -0.228510 0.003878 -0.160826 -0.265743 -0.077338 -0.063277 -0.215395 0.048662 
0.826815 -0.311725 0.910280 -0.410098 0.164920 0.264507 -0.317865 0.020996 -0.092699 -0.093979 0.177241 -0.182601 0.009788 0.027972 0.001886 
0.477837 -0.313372 1.329323 -0.320382 0.247312 0.147318 -0.512257 0.160534 0.037544 -0.225067 0.048570 -0.164284 0.077879 -0.015040 -0.049545 
0.286671 -0.234342 1.279969 -0.188540 0.214971 0.028981 -0.448422 0.145375 0.071264 -0.225473 -0.093037 -0.039387 0.128026 -0.134852 -0.002369 
0.083785 -0.350181 1.453734 -0.217188 0.243756 0.065626 -0.499309 0.140228 0.039591 -0.308188 -0.127922 -0.098123 0.104826 -0.169391 -0.043240 
0.166450 -0.427402 1.383028 -0.204501 0.184457 0.084871 -0.472623 0.015304 0.059700 -0.271965 -0.102481 -0.174792 0.102884 -0.066387 -0.088330 
0.591299 -0.437528 1.243735 -0.037838 0.150097 -0.120501 -0.366377 0.001937 0.000628 -0.153983 -0.173321 -0.153945 0.199631 -0.079603 -0.107205 
0.987207 -0.594534 1.208454 0.078383 -0.024614 -0.042642 -0.390135 -0.080250 0.026033 -0.135157 -0.198562 -0.120217 0.188908 -0.071213 -0.064603 
1.231062 -0.797056 1.206167 0.120579 -0.165317 0.079454 -0.510993 -0.138496 0.075703 -0.148923 -0.104361 -0.195660 0.157508 0.099230 -0.085295 
1.272766 -0.859214 1.185538 0.031191 -0.133132 0.026298 -0.519932 -0.145872 0.069843 -0.113644 -0.034758 -0.206303 0.150905 0.168631 -0.029032 
1.295865 -0.911879 1.092679 -0.137887 -0.044097 -0.070744 -0.474899 -0.160622 0.045091 -0.054054 0.037282 -0.167208 0.062768 0.281226 -0.022901 
1.408173 -0.877862 0.953234 -0.185094 -0.049942 -0.071867 -0.464542 -0.189676 0.014392 0.034967 0.175919 -0.235793 0.090421 0.281774 0.055554 
1.503823 -0.826718 0.812365 -0.245328 -0.037655 -0.071084 -0.463837 -0.190034 -0.092838 0.076775 0.250813 -0.222974 0.057574 0.261363 0.104930 
1.551971 -0.769214 0.722266 -0.306508 -0.018711 -0.041481 -0.450141 -0.231844 -0.168022 0.133855 0.318695 -0.191227 -0.006561 0.265074 0.143184 
1.635506 -0.726402 0.675799 -0.432609 -0.012623 -0.013896 -0.377097 -0.235637 -0.256942 0.100358 0.410974 -0.187115 0.048972 0.150426 0.104837 
1.826817 -0.779713 0.430186 -0.330354 -0.129132 0.011569 -0.343877 -0.176050 -0.327865 0.033251 0.389922 -0.149455 0.121745 0.077825 0.047219 
1.933428 -0.867273 0.289008 -0.270005 -0.119985 -0.081512 -0.256611 -0.167913 -0.293998 -0.070707 0.272360 0.040854 0.051564 0.114930 0.024900 
1.790244 -0.851250 0.326526 -0.349005 -0.121864 -0.113931 -0.207308 -0.117224 -0.336119 -0.120116 0.264845 0.101781 0.072495 0.090763 0.026487 
1.797961 -0.819781 0.336786 -0.356349 -0.158382 -0.108656 -0.269283 -0.093684 -0.224132 -0.147941 0.237682 0.060424 0.140662 0.071068 0.054018 
1.826670 -0.812361 0.365848 -0.476302 -0.177888 -0.143430 -0.160643 -0.039509 -0.271049 -0.188637 0.214578 0.007748 0.195063 0.132374 0.067891 
1.841146 -0.767618 0.313851 -0.489656 -0.213290 -0.149252 -0.080227 -0.034067 -0.278191 -0.198597 0.195688 0.006810 0.202255 0.152686 0.075753 
1.801671 -0.743819 0.297095 -0.455638 -0.260165 -0.098671 -0.099924 0.018271 -0.291286 -0.167004 0.171326 -0.022129 0.201782 0.154022 0.042602 
1.940083 -0.808968 0.301664 -0.421688 -0.317208 -0.085267 -0.090166 0.046498 -0.253249 -0.179396 0.125509 -0.030570 0.201914 0.166301 0.020409 
1.998376 -0.783512 0.244935 -0.385588 -0.337265 -0.104781 -0.084762 0.067281 -0.205501 -0.168257 0.083879 -0.046691 0.192279 0.174812 0.009355 
2.020345 -0.740955 0.201736 -0.355265 -0.385466 -0.080972 -0.115615 0.097513 -0.183639 -0.168677 0.078235 -0.098767 0.241382 0.137538 0.016589 
2.039807 -0.783503 0.257442 -0.452210 -0.419878 -0.026816 -0.124318 0.133127 -0.201638 -0.186789 0.104705 -0.145008 0.290193 0.142817 0.025877 
2.016121 -0.636484 0.183562 -0.487073 -0.422466 -0.027494 -0.070203 0.110000 -0.206463 -0.179288 0.059596 -0.088233 0.298573 0.115574 0.064664 
1.886109 -0.414731 0.186462 -0.638507 -0.369474 -0.105912 0.015263 0.036316 -0.144866 -0.205647 0.069285 -0.056016 0.202849 0.196405 0.104097 
1.876038 0.055981 0.177562 -0.723089 -0.451116 -0.059216 0.050983 0.075518 -0.247478 -0.111314 0.118862 -0.108337 0.231227 0.231617 0.128071 
2.067908 0.255658 0.207505 -0.690433 -0.442500 0.049184 -0.058514 0.076887 -0.257908 -0.176005 0.203883 -0.087269 0.270782 0.288030 0.060038 
1.921672 0.350529 0.256858 -0.694657 -0.424080 -0.063349 0.008754 0.166250 -0.323321 -0.120868 0.214726 -0.167105 0.229729 0.304769 0.110449 
1.894644 0.326897 0.194398 -0.639133 -0.519323 -0.006763 0.037255 0.010029 -0.240706 -0.051342 0.154748 -0.111914 0.277157 0.246391 0.074442 
1.405937 0.338552 -0.078503 -0.606129 -0.548970 -0.092634 0.107436 -0.030059 -0.255321 -0.129528 0.181150 -0.099920 0.258385 0.371461 0.064077 
1.423743 0.119751 0.113553 -0.698924 -0.441889 -0.049314 0.077536 0.043158 -0.314300 -0.109508 0.188813 -0.152546 0.241536 0.332922 0.021708 
1.333913 0.636449 -0.086407 -0.496770 -0.346455 -0.091935 0.118393 -0.033616 -0.263921 -0.042453 0.091423 -0.105595 0.191579 0.200885 0.013878 
0.657287 0.456958 -0.164347 -0.539983 -0.431935 -0.127732 0.037677 -0.075241 -0.169677 -0.158473 0.103645 0.059914 0.168560 0.245159 0.122799 
-0.010275 0.231890 -0.157386 -0.322734 -0.361478 0.020444 -0.066020 -0.063296 -0.131689 -0.014728 0.246256 0.025363 -0.004288 0.136118 -0.031646 
