city022_094
JOOETSU
76
-0.401739 0.342861 0.142799 0.323683 0.163980 0.178320 -0.017837 -0.131277 -0.110611 0.094593 0.034426 -0.012415 -0.184845 0.044510 0.045552 
-0.118793 0.505493 0.245239 0.432284 0.232788 0.185221 -0.079107 -0.028772 -0.078636 0.043493 -0.040547 -0.064759 -0.136534 0.004707 -0.014533 
0.282333 0.726844 0.479560 0.269439 -0.149444 0.278677 0.054812 -0.106264 -0.079205 -0.045794 -0.177833 -0.034026 -0.075778 -0.130046 0.006431 
0.297804 0.792080 0.434178 0.355602 -0.114698 0.196907 -0.065227 -0.195068 -0.024717 -0.132848 -0.255974 -0.045759 -0.084872 -0.176466 -0.031790 
0.143989 0.595217 0.425051 0.212778 0.093392 0.258350 -0.098985 -0.097436 -0.124051 -0.037565 -0.160014 -0.042434 -0.135354 -0.083955 -0.032108 
0.297997 -0.446479 0.586802 -0.407585 -0.085715 0.354626 -0.338310 0.166420 -0.154885 -0.018279 0.061553 0.003518 -0.041561 0.062028 -0.062445 
0.207832 -0.318909 0.804522 -0.503000 0.014764 0.327424 -0.366233 0.192200 -0.252640 -0.006200 0.086213 -0.078773 0.021306 0.009278 -0.025181 
-0.694220 -0.237350 1.504008 -0.079268 0.176951 0.085389 -0.437182 0.300182 -0.169203 -0.245842 -0.135106 -0.010494 -0.094910 -0.119156 -0.059720 
-0.678114 -0.328619 1.612668 -0.256509 0.293863 0.007220 -0.402022 0.262027 -0.174122 -0.150732 -0.276447 0.154633 -0.207268 -0.041919 -0.055726 
-0.251193 -0.238082 1.365898 -0.153770 0.205682 0.007039 -0.425711 0.279640 -0.124261 -0.247093 -0.162533 0.151570 -0.174637 -0.081157 0.004456 
-0.022033 -0.400445 1.288686 -0.076105 0.203506 0.034367 -0.487008 0.173137 -0.091601 -0.243817 -0.187020 -0.011770 -0.084315 -0.060448 -0.065993 
0.712961 -0.504916 1.221629 0.048344 -0.079861 0.133753 -0.570581 0.150947 -0.079080 -0.230091 -0.187904 -0.008069 0.021222 -0.044174 -0.108555 
1.150620 -0.696736 1.123304 0.213196 -0.184737 0.078593 -0.549905 0.039760 -0.061483 -0.198656 -0.222452 -0.062318 0.042268 0.091203 -0.248887 
1.404367 -0.759205 1.030636 0.116345 -0.191662 0.017268 -0.531799 0.014938 -0.162745 -0.017331 -0.205934 -0.106596 0.107726 0.166578 -0.251008 
1.500774 -0.730461 0.863295 -0.145832 -0.033075 0.001217 -0.529674 -0.063982 -0.250579 0.120920 -0.053669 -0.198593 0.082948 0.238978 -0.119876 
1.522448 -0.746060 0.726108 -0.239430 0.053370 0.015123 -0.525059 -0.189029 -0.284132 0.198279 -0.017423 -0.202510 0.028898 0.262541 -0.053294 
1.622567 -0.844602 0.609274 -0.333678 0.028477 0.086736 -0.467883 -0.128862 -0.464689 0.154846 -0.018553 -0.124517 0.057884 0.197335 -0.169487 
1.616422 -0.686329 0.507794 -0.429984 -0.028030 0.115680 -0.314019 -0.163688 -0.524957 0.077049 -0.003105 -0.022030 0.087917 0.162372 -0.205727 
1.613292 -0.659912 0.460563 -0.456908 -0.015807 -0.003981 -0.259862 -0.072635 -0.487895 0.023158 -0.097663 -0.027588 0.203590 0.142335 -0.171359 
1.680627 -0.690754 0.382992 -0.372583 -0.068947 -0.011522 -0.258084 -0.098571 -0.371446 -0.071532 -0.069933 0.009578 0.193517 0.152197 -0.172258 
1.788108 -0.757179 0.376440 -0.396722 -0.061306 -0.015453 -0.335313 0.000988 -0.389090 -0.011665 -0.158194 0.024588 0.213493 0.182704 -0.175849 
1.806832 -0.810531 0.331298 -0.365139 -0.096752 -0.008483 -0.349257 0.046855 -0.345201 -0.125260 -0.116590 0.069395 0.247456 0.158675 -0.169403 
1.815054 -0.799358 0.319752 -0.407167 -0.064112 0.053038 -0.443647 0.023926 -0.277424 -0.148320 -0.049382 0.072460 0.242675 0.105441 -0.109771 
1.774287 -0.757814 0.350239 -0.382461 -0.038112 0.019036 -0.453470 -0.049531 -0.276780 -0.009926 -0.020119 0.027753 0.185748 0.111225 -0.094226 
1.782907 -0.777085 0.375745 -0.415310 -0.007372 -0.025705 -0.440715 -0.030121 -0.272399 0.010569 -0.037832 0.008168 0.210941 0.113303 -0.105794 
1.825254 -0.800536 0.377266 -0.437248 0.004203 -0.038593 -0.441309 -0.003045 -0.277417 0.021536 -0.091294 0.044456 0.186611 0.153396 -0.124797 
1.783998 -0.750752 0.330676 -0.415786 0.002999 -0.049451 -0.426058 -0.015375 -0.270354 0.024345 -0.104027 0.048971 0.192374 0.152571 -0.128217 
1.797377 -0.768164 0.345536 -0.414347 0.021543 -0.050675 -0.421744 -0.039684 -0.289257 0.043163 -0.106596 0.060835 0.181252 0.137997 -0.107938 
1.737103 -0.752560 0.351180 -0.408868 -0.004586 -0.031789 -0.402919 -0.021889 -0.314461 -0.015563 -0.079967 0.072532 0.220845 0.071833 -0.079849 
1.739554 -0.836765 0.329753 -0.368138 -0.074925 -0.074722 -0.262162 0.008969 -0.365873 -0.125348 -0.134530 0.140719 0.266693 0.120935 -0.162385 
1.614446 -0.777439 0.409706 -0.505218 -0.024884 -0.086796 -0.227530 0.038101 -0.429525 -0.123417 -0.146810 0.123164 0.246806 0.168055 -0.146740 
1.509433 -0.690171 0.430636 -0.460197 -0.046825 -0.026666 -0.210763 -0.106449 -0.439107 -0.078650 0.053666 0.020130 0.162135 0.172451 -0.174648 
1.537966 -0.673266 0.544085 -0.496292 0.020151 -0.016612 -0.294024 -0.126980 -0.461195 0.062764 0.103468 -0.043357 0.058945 0.212974 -0.164992 
1.452065 -0.634684 0.657799 -0.431568 0.031382 -0.025035 -0.401433 -0.142179 -0.381433 0.179365 0.160843 -0.141149 0.032025 0.234346 -0.079368 
1.488345 -0.826164 0.843563 -0.321183 0.012099 -0.128932 -0.551803 0.055841 -0.334646 0.211381 0.035991 -0.117317 0.049232 0.313286 -0.067622 
1.353543 -0.843210 0.987586 -0.222682 -0.067289 -0.175913 -0.556833 0.078114 -0.231208 0.147947 0.036804 -0.098999 0.115929 0.288650 -0.067879 
1.309642 -0.886277 1.032478 -0.147384 -0.203538 -0.172448 -0.515276 0.109639 -0.182693 0.021179 0.108718 -0.078930 0.147342 0.213201 -0.078432 
1.223151 -0.915632 1.085941 -0.177660 -0.185729 -0.255573 -0.469954 0.176053 -0.205366 -0.004030 0.128581 -0.050959 0.154153 0.178442 -0.095040 
1.313573 -0.990352 1.126627 -0.220926 -0.201695 -0.250391 -0.462192 0.216628 -0.236729 0.048044 0.038835 0.065024 0.091162 0.158518 -0.085284 
1.256644 -0.937518 1.111217 -0.204444 -0.202600 -0.252924 -0.429419 0.180712 -0.248711 0.029976 0.013066 0.067079 0.099808 0.121802 -0.072564 
1.240829 -0.883949 1.067787 -0.215790 -0.178528 -0.248484 -0.337034 0.086557 -0.276745 0.026425 -0.046912 0.046094 0.118925 0.045245 -0.036309 
1.286936 -0.955224 1.015927 -0.205500 -0.143881 -0.198172 -0.332215 0.051874 -0.351048 0.032140 -0.140258 0.065125 0.092024 0.023279 -0.030158 
1.372097 -0.899130 0.959557 -0.112914 -0.132153 -0.172407 -0.397456 0.055670 -0.319693 0.009425 -0.234937 0.084444 0.090800 0.034715 -0.092913 
1.158854 -0.422650 0.767175 0.204228 -0.194532 -0.157584 -0.417719 0.010598 -0.172124 -0.086379 -0.222328 -0.049762 0.173021 0.041195 -0.226508 
0.540613 0.170334 0.387260 0.496682 -0.125193 -0.094744 -0.259111 -0.006132 0.001741 -0.022099 -0.166480 -0.087193 0.126666 0.109223 -0.275883 
0.262220 0.084043 0.343436 0.469896 -0.111493 -0.054517 -0.150764 0.000709 -0.035493 -0.029986 -0.109908 -0.024420 -0.023258 0.127281 -0.196039 
0.239532 -0.030507 0.265172 0.528988 -0.113101 0.135279 -0.104932 0.074280 -0.066050 0.035158 -0.018321 -0.075791 0.030489 0.042694 -0.095283 
0.335538 0.241911 0.392369 0.652117 0.027054 0.177385 0.036200 0.095937 -0.080483 -0.089407 0.065485 -0.037889 -0.139758 -0.006351 -0.044097 
-0.113645 0.200488 0.360577 0.442882 -0.030926 0.084515 -0.057014 -0.112072 -0.098715 0.057607 -0.092419 -0.094399 -0.070601 0.059241 -0.053158 
-0.100913 -0.679429 -0.078424 -0.062899 -0.017250 -0.048956 0.094126 -0.031040 -0.042257 0.075380 -0.059050 0.050159 -0.041064 0.032574 -0.045819 
-0.208095 -0.476427 0.077723 -0.040252 -0.119462 0.027565 -0.096949 0.023263 -0.097071 0.113128 -0.013536 0.043392 -0.060594 0.017486 0.022990 
-0.309791 -0.558110 0.073068 -0.170577 -0.021412 -0.006468 -0.089785 0.050410 -0.016577 0.051961 -0.042285 0.085704 -0.075760 0.005617 0.010416 
-0.443065 -0.228321 0.205371 -0.108950 0.052520 -0.093740 -0.017278 -0.027284 -0.039126 0.065181 -0.046823 0.039087 -0.008421 -0.015601 0.003399 
-0.793866 -0.519748 0.279864 -0.138300 -0.005916 -0.319056 0.129998 0.001066 0.047555 0.009444 -0.085158 0.166398 -0.101930 -0.049209 0.097329 
-0.779536 -0.699024 0.148412 -0.243222 0.010449 -0.135757 0.402661 -0.208394 -0.010348 0.050247 -0.085721 0.077546 -0.024686 -0.000119 -0.009243 
-0.809934 -0.592118 0.147237 -0.367987 0.111051 -0.403715 0.296796 -0.153937 0.246237 0.092772 -0.223542 0.059600 -0.021292 0.050821 -0.142162 
-0.816752 -0.443443 0.255103 -0.437332 0.138029 -0.476010 0.286706 0.046786 -0.021684 0.147316 -0.164824 0.103203 -0.027036 -0.101815 0.064340 
-0.650496 -0.318169 0.350425 -0.145466 0.347723 -0.528047 0.309049 -0.130565 -0.054392 0.136243 -0.119381 0.075956 -0.081022 0.131564 -0.157252 
0.312920 -0.046270 0.427523 0.050935 0.383505 -0.457928 0.055747 -0.388012 -0.163608 0.173223 -0.282155 -0.066367 -0.118461 0.220173 -0.145895 
0.978244 -0.288092 0.594550 0.101611 0.230128 -0.121901 -0.254450 -0.225534 -0.214090 0.200597 -0.266472 -0.177162 -0.086224 0.205213 -0.095664 
1.157376 -0.507569 0.578720 0.138649 0.171440 -0.121477 -0.325724 -0.161320 -0.246190 0.132740 -0.226998 -0.190968 -0.074938 0.223381 -0.106686 
1.288997 -0.558416 0.704259 0.102625 0.111306 -0.077869 -0.438621 -0.068680 -0.296553 0.182782 -0.209098 -0.244396 0.005287 0.222733 -0.069930 
1.281761 -0.577210 0.777387 0.060742 0.094358 -0.127915 -0.420764 -0.032225 -0.298171 0.149426 -0.229545 -0.206813 0.049446 0.189922 -0.121284 
1.319167 -0.599383 0.767281 0.039673 0.086444 -0.112670 -0.433116 -0.002935 -0.326827 0.205020 -0.279005 -0.168097 0.056885 0.173430 -0.118892 
1.322125 -0.582918 0.769785 0.059093 0.070266 -0.111980 -0.445025 -0.034230 -0.287252 0.174744 -0.250394 -0.196592 0.077844 0.175784 -0.116786 
1.464847 -0.633043 0.827089 0.033157 0.014223 -0.050704 -0.499957 -0.000827 -0.342543 0.202824 -0.247234 -0.185300 0.074666 0.178074 -0.105560 
1.417963 -0.649847 0.867824 0.034450 -0.005954 -0.054543 -0.537906 0.033510 -0.360051 0.211602 -0.236910 -0.220295 0.144701 0.156839 -0.113783 
1.331246 -0.598141 0.803015 0.072429 0.060143 -0.174089 -0.542943 0.054634 -0.335103 0.171607 -0.247829 -0.253386 0.189458 0.191929 -0.168591 
1.397179 -0.471944 0.670256 0.171673 -0.016798 -0.151582 -0.556447 -0.007341 -0.259365 0.103164 -0.204055 -0.276791 0.188950 0.243229 -0.216605 
1.177423 -0.353117 0.598956 0.146743 0.018550 -0.188078 -0.492486 -0.063965 -0.270222 0.130323 -0.276229 -0.228839 0.211011 0.128910 -0.131451 
1.042686 -0.242746 0.526858 0.215706 0.032133 -0.219117 -0.466184 -0.041939 -0.288500 0.119467 -0.283348 -0.260793 0.217568 0.142097 -0.200855 
1.115639 -0.112152 0.413469 0.238367 -0.078878 -0.192526 -0.487512 -0.052611 -0.226694 0.132850 -0.216221 -0.259172 0.313343 0.116366 -0.172781 
0.614633 -0.011190 0.535514 0.253341 -0.047850 -0.192393 -0.457308 -0.161310 -0.145490 0.081154 -0.357353 -0.137219 0.204826 0.152015 -0.245603 
0.707306 0.371924 0.377611 0.410028 -0.020087 -0.281560 -0.340571 -0.223497 -0.164543 0.138723 -0.341367 -0.133475 0.182518 0.211505 -0.231224 
-0.005572 0.240295 0.049210 0.279744 -0.086012 -0.166103 -0.318680 -0.299192 -0.163938 0.015179 -0.126259 -0.037646 0.000516 0.142891 0.025918 
-0.178438 0.271861 -0.005157 0.189592 -0.095456 -0.072449 -0.328313 -0.163273 -0.071175 -0.076234 -0.016580 0.031228 -0.026641 0.073074 0.030451 
