city022_050
ZAIMOKUCHOO
89
-0.196763 0.213371 -0.255415 -0.173671 -0.402980 0.159027 -0.161383 -0.048916 -0.083807 0.226901 0.000656 0.052477 0.004815 0.029926 -0.100943 
-0.273871 0.061528 -0.235383 0.131456 -0.293137 0.041664 -0.217514 -0.022477 0.084922 0.075605 -0.015479 0.005511 -0.003930 0.067111 -0.066740 
0.205512 0.478869 0.266505 0.536864 -0.102314 0.164068 -0.005545 -0.070804 0.091511 0.099775 -0.124744 0.034939 0.015104 0.050243 -0.075252 
0.182677 0.488648 0.245284 0.507455 -0.144809 0.317734 0.045560 -0.033617 -0.095559 0.058957 0.006191 -0.068077 -0.032398 0.022541 -0.059354 
0.228204 0.616529 0.303930 0.467529 -0.080761 0.129322 -0.077524 -0.036103 -0.021549 -0.046438 -0.166814 0.059657 -0.094209 -0.051947 -0.020950 
0.503064 0.490888 0.212457 0.491517 -0.159747 0.112755 -0.128493 -0.199934 -0.001600 -0.003505 -0.192456 -0.005591 -0.059649 0.015291 -0.048873 
0.598104 0.419257 0.393415 0.470547 -0.178335 0.210029 -0.269550 -0.287998 -0.029932 -0.024465 -0.311176 -0.112577 0.009029 -0.101459 -0.038900 
1.008424 0.401824 0.340207 0.365823 -0.277797 0.434743 -0.160136 -0.323510 -0.090494 -0.004169 -0.267306 -0.071895 -0.032344 -0.149676 -0.047679 
0.956292 0.332549 0.313852 0.566454 -0.081935 0.323413 -0.190938 -0.370177 -0.055466 0.132613 -0.336426 -0.147744 -0.060959 -0.133443 0.012259 
0.877807 0.520422 0.253856 0.362821 -0.098036 0.332861 -0.182070 -0.326648 -0.048034 0.029353 -0.220736 -0.080100 -0.048938 -0.109268 -0.014307 
0.819928 0.362113 0.072736 0.312234 0.016851 0.227511 -0.258412 -0.254060 -0.093220 0.153732 -0.106674 -0.114620 -0.053754 0.023622 -0.004655 
0.413442 0.076528 0.235304 0.325850 0.194176 0.065896 -0.208796 -0.160064 -0.135241 0.099733 -0.179310 -0.133486 -0.043488 -0.008952 -0.072654 
0.144162 -0.271732 0.501260 0.249959 0.283777 -0.169290 -0.214189 -0.058182 -0.076078 -0.044207 -0.042945 -0.171674 -0.039407 0.037277 0.003326 
0.113756 -0.088143 0.584340 -0.078156 0.227178 -0.051429 -0.096869 -0.220867 -0.222164 0.094513 -0.079283 -0.109321 -0.102438 0.107590 -0.118608 
0.409126 -0.287643 0.575185 -0.065940 0.229808 0.024623 -0.313160 -0.245994 -0.104173 0.094810 -0.162596 -0.065476 -0.090743 0.037455 0.081352 
1.092206 -0.477574 0.412889 -0.152858 0.074448 0.125274 -0.435884 -0.344086 -0.068581 0.075492 -0.100091 -0.024621 -0.038747 0.075132 0.056442 
1.507253 -0.490237 0.456321 -0.297140 -0.004779 0.179585 -0.506762 -0.366434 -0.111157 0.179242 -0.060324 -0.042843 0.021615 0.107270 0.018701 
1.618032 -0.814724 0.515301 -0.498562 -0.019916 0.031962 -0.559950 -0.210513 -0.138444 0.370102 -0.061545 0.058786 0.084379 0.143918 0.026478 
1.541384 -0.764156 0.560621 -0.627380 -0.067363 -0.042806 -0.408484 -0.203696 -0.122909 0.414438 0.029842 0.082819 0.074230 0.119300 -0.062963 
1.582893 -0.780483 0.538047 -0.628602 -0.147355 -0.021578 -0.334895 -0.159828 -0.041301 0.390266 0.076014 0.039039 0.024750 0.142088 -0.171591 
1.453130 -0.822716 0.525083 -0.684710 -0.158987 0.007615 -0.236680 -0.153693 0.006656 0.443420 0.087349 0.028899 -0.056186 0.068549 -0.155485 
1.382581 -0.806274 0.512508 -0.673443 -0.094495 -0.059606 -0.171898 -0.167832 0.026312 0.485044 0.098338 -0.010575 -0.081725 0.057085 -0.132333 
1.393095 -0.836166 0.566423 -0.595437 -0.100332 -0.063175 -0.254785 -0.124734 0.062668 0.436855 0.116542 -0.048043 -0.087333 0.155572 -0.137998 
1.303862 -0.812014 0.615206 -0.475705 -0.133019 -0.122220 -0.324768 -0.125311 0.103992 0.370749 0.095450 -0.049597 -0.015147 0.236308 -0.170055 
1.308633 -0.769622 0.722623 -0.455089 -0.130241 -0.172143 -0.402819 -0.083439 0.036234 0.322874 0.081766 -0.024005 0.088475 0.241712 -0.186081 
1.262695 -0.950204 0.695672 -0.374990 -0.175056 -0.233789 -0.450136 -0.050083 0.030851 0.164726 0.029363 0.084437 0.147694 0.185399 -0.152712 
1.305713 -1.034001 0.821772 -0.475422 -0.148471 -0.275434 -0.270545 0.020700 -0.227644 0.079357 -0.020542 0.209157 0.063553 0.118943 -0.092874 
1.140336 -0.939688 1.045311 -0.281318 -0.145733 -0.226249 -0.226054 0.006483 -0.320124 -0.038933 -0.065189 0.142162 -0.017472 0.040333 -0.010007 
1.053371 -0.840092 1.301253 -0.229686 -0.230301 -0.151085 -0.316183 0.041822 -0.377244 -0.047336 -0.082125 0.095542 -0.042015 0.019692 0.072492 
1.064331 -0.732520 1.505869 -0.192337 -0.292433 -0.052365 -0.347746 0.076756 -0.380087 -0.058300 -0.045439 0.048668 -0.072683 0.034794 0.087868 
1.009000 -0.740713 1.635257 -0.230637 -0.271175 0.001132 -0.337310 0.140150 -0.399022 -0.085949 -0.014726 0.021387 -0.124070 0.033568 0.043345 
0.941481 -0.729194 1.630510 -0.161791 -0.366091 0.017881 -0.337478 0.103234 -0.352687 -0.131867 0.081029 -0.057758 -0.042295 0.046809 0.003012 
1.108408 -0.919269 1.527001 -0.113927 -0.301285 -0.079469 -0.309319 0.168991 -0.430157 -0.055796 -0.000097 0.005411 -0.113384 0.129371 -0.090300 
1.177177 -0.687057 1.166529 0.293086 -0.255835 -0.178711 -0.346625 0.177459 -0.278418 -0.244701 0.077622 -0.081984 -0.058107 0.216065 -0.184997 
1.199592 -0.201055 0.908189 0.249154 -0.362611 0.131542 -0.148996 0.042355 -0.477703 -0.043769 -0.018810 -0.269831 -0.126954 0.114554 -0.124157 
1.184236 -0.217163 0.907454 0.222224 -0.351050 0.154342 -0.091494 -0.039470 -0.467683 0.009654 -0.070166 -0.293383 -0.068136 0.087567 -0.164824 
1.247645 -0.347038 0.849704 0.188478 -0.371736 0.176586 0.036730 -0.152428 -0.445800 0.037857 -0.165503 -0.217625 -0.056554 0.011487 -0.091004 
1.269757 -0.438664 0.880398 0.116075 -0.393500 0.320843 0.008747 -0.172519 -0.495702 0.123085 -0.270553 -0.133102 -0.046176 -0.046690 -0.029815 
1.266832 -0.398684 0.783767 0.070615 -0.466326 0.375439 0.109957 -0.187344 -0.463732 -0.005115 -0.240360 -0.132842 -0.032282 -0.007667 -0.020405 
1.353199 -0.365945 0.723198 0.019901 -0.547819 0.411244 0.160974 -0.072622 -0.486686 -0.056536 -0.276547 -0.155258 -0.007558 0.052598 0.019444 
1.397223 -0.340781 0.765409 -0.053220 -0.600637 0.375767 0.183544 -0.076352 -0.406400 -0.085028 -0.266881 -0.205900 -0.015006 0.100931 0.005214 
1.881532 -0.501763 0.456539 -0.280843 -0.371234 0.128309 -0.116281 0.129626 -0.315652 0.035462 -0.113524 -0.149782 0.083735 0.120258 -0.053248 
1.987252 -0.679229 0.156833 -0.302762 -0.103221 -0.171399 -0.047274 0.097841 -0.348457 0.095236 -0.196945 -0.087956 0.146886 0.241811 -0.119293 
2.052484 -0.682284 0.187399 -0.316255 -0.123264 -0.159713 -0.150416 0.124590 -0.353262 0.181066 -0.262483 -0.087834 0.155396 0.207193 -0.075177 
2.030628 -0.471214 0.301062 -0.303129 -0.197574 -0.101514 -0.184417 0.114712 -0.282445 0.141832 -0.260698 -0.049325 0.059344 0.129116 -0.050112 
1.943801 -0.020701 0.284355 -0.259234 -0.469292 -0.137099 0.056265 0.167097 -0.394996 0.133157 -0.272906 -0.155508 -0.098876 0.157035 0.008069 
1.577305 0.428135 0.131643 -0.157121 -0.617494 -0.168565 0.215640 0.060079 -0.206917 0.160260 -0.247292 -0.210772 -0.171578 0.094884 -0.038122 
1.163467 0.619747 0.192033 -0.086881 -0.644591 0.124650 0.246342 0.031642 -0.231305 0.046530 -0.318801 -0.281550 -0.112270 0.123273 -0.043387 
0.808778 0.495792 0.023960 0.018032 -0.444660 0.295016 0.225075 0.054846 -0.092360 -0.055841 -0.091920 -0.089469 -0.063458 0.217701 -0.101462 
0.423353 0.434761 0.027549 0.247304 -0.181166 0.225689 -0.053782 0.000601 -0.121240 0.094752 0.053407 -0.065614 -0.038786 0.124318 -0.100450 
0.226988 0.230712 0.011006 0.273545 -0.134938 0.166153 -0.115257 -0.198243 -0.130385 0.100325 -0.049659 0.026021 -0.181633 0.170706 -0.064541 
0.532322 -0.288980 -0.607502 -0.156166 -0.001021 0.238658 -0.032408 0.018615 -0.176485 0.145908 -0.068120 0.078912 -0.033932 -0.011829 -0.023933 
0.980381 -1.163105 -0.435352 -0.582164 0.304266 0.065595 0.033265 0.123230 -0.274456 0.298610 -0.094031 0.084835 -0.217862 0.013999 -0.028772 
1.020676 -1.019242 -0.311642 -0.066435 0.196976 -0.195729 -0.382669 0.074349 -0.052998 0.303240 -0.086317 0.049358 0.056635 -0.028561 -0.056948 
0.150701 -0.900078 0.809702 -0.009040 0.314778 -0.204620 -0.107871 0.293744 -0.161944 0.082586 -0.100964 0.091722 -0.015263 -0.001041 -0.055305 
-0.481946 -0.521423 0.805654 -0.312934 0.478990 -0.121077 -0.061763 0.485716 -0.289844 0.119533 -0.036481 0.116565 0.002768 -0.026074 -0.017941 
-0.506086 0.122116 0.527746 -0.188454 0.258846 0.032683 -0.107642 0.159459 -0.307060 0.337884 -0.185295 -0.007133 0.073525 -0.055868 -0.004833 
-0.365689 0.124329 -0.065644 -0.034082 0.132325 0.121961 -0.147980 0.105967 -0.200284 0.141874 0.016217 -0.037981 -0.024393 0.046638 -0.045632 
-0.272945 -0.009279 -0.132988 -0.041384 -0.128196 0.083479 -0.193492 -0.012303 -0.041675 0.179328 -0.057147 -0.027964 0.036129 0.024235 -0.077604 
-0.281958 0.054165 -0.215575 0.164141 -0.058665 0.159399 -0.161999 0.066829 -0.095538 0.031835 0.017813 0.050398 -0.104614 0.071335 -0.024114 
-0.283202 0.045857 -0.298866 0.095034 -0.028102 0.073540 -0.105796 0.151388 -0.001935 0.097752 -0.167743 -0.004343 0.091687 -0.011206 -0.074105 
-0.587884 0.097706 0.100889 0.042381 -0.100348 0.212928 -0.069211 0.197762 -0.182944 0.130872 -0.055020 -0.025434 0.095752 -0.071918 0.005718 
-0.957488 -0.048513 0.702809 -0.325138 0.030348 0.087389 -0.290503 0.270466 -0.226020 0.095532 0.020122 -0.089202 0.078302 -0.003543 -0.060650 
-1.120587 -0.220764 0.786918 -0.493686 0.025384 0.077575 -0.257838 0.329066 -0.259750 0.113847 0.005186 -0.023963 0.000540 0.023640 -0.027619 
-1.102303 -0.390051 0.506043 -0.546227 0.012974 0.156208 -0.321238 0.303600 -0.038114 -0.029869 -0.040075 0.095736 -0.096116 0.040817 -0.018832 
-1.074980 -0.682866 0.709507 -0.512718 0.108939 0.277703 -0.365112 0.219915 -0.065049 0.013921 -0.029172 0.053274 -0.076866 0.094596 -0.093590 
-1.431467 -0.897789 0.933126 -0.556719 0.125941 0.178287 -0.271850 0.177848 -0.073287 0.007783 0.043429 -0.017658 -0.109947 0.223496 -0.204963 
-1.579189 -0.929929 1.123301 -0.718324 0.125960 0.043345 -0.227013 0.292198 -0.107599 -0.039247 0.025060 0.063374 -0.105431 0.089590 -0.078660 
-1.292480 -1.016677 0.905490 -0.736165 0.310003 0.074481 -0.264524 0.215552 0.062036 -0.167570 -0.014880 0.136564 -0.064648 -0.022366 0.007756 
-0.766278 -1.066318 1.026559 -0.444985 -0.057406 -0.104488 -0.305224 0.287185 0.016318 -0.021459 -0.070582 0.062959 0.094010 0.007604 -0.244346 
-0.446774 -1.070069 1.050003 -0.260609 0.013376 -0.061662 -0.270959 0.231804 0.084170 -0.143840 -0.101014 0.191366 -0.021965 0.004742 -0.087304 
0.999136 -0.635019 0.901449 0.112707 -0.038860 0.073116 -0.530650 0.103227 -0.099061 0.011858 -0.110646 -0.102134 -0.031116 0.248110 -0.120626 
1.546833 -0.671573 0.672321 0.162056 -0.196094 0.084274 -0.641869 -0.043915 -0.088078 -0.029471 0.096067 -0.194307 -0.023276 0.370886 -0.053225 
1.682480 -0.645841 0.650593 -0.033197 -0.068700 0.126444 -0.709415 0.024867 -0.329245 0.076256 0.190799 -0.137836 -0.142443 0.326323 0.078780 
1.669186 -0.477935 0.523477 -0.152068 -0.047005 0.131215 -0.627005 -0.015458 -0.385967 0.136637 0.303015 -0.030362 -0.203368 0.305250 0.066019 
1.619609 -0.355115 0.325193 -0.320796 -0.069242 0.120542 -0.443483 -0.048710 -0.484331 0.053153 0.316950 0.099970 -0.137972 0.163983 -0.009252 
1.679951 -0.316981 0.259579 -0.367796 -0.193014 0.154691 -0.397079 0.008433 -0.528759 -0.026783 0.326031 0.179694 -0.078661 0.174503 -0.030906 
1.657158 -0.246083 0.202713 -0.434105 -0.260742 0.129708 -0.306042 0.046950 -0.547264 -0.089315 0.290020 0.187368 -0.019094 0.253509 -0.056751 
1.724159 -0.174525 0.198592 -0.447194 -0.386334 0.202677 -0.276680 0.084797 -0.426237 -0.181103 0.193173 0.173764 0.013355 0.276417 0.006444 
1.820652 -0.083046 0.141877 -0.455562 -0.472742 0.149424 -0.170671 0.085420 -0.329322 -0.173808 0.158799 0.094988 0.020060 0.334992 -0.015609 
1.792985 0.100413 0.065521 -0.438598 -0.523871 0.078414 -0.097602 0.067615 -0.335456 -0.054208 0.065380 0.075263 0.008419 0.355890 0.002805 
1.739730 0.322897 -0.026368 -0.429617 -0.564083 0.069122 -0.144295 0.154839 -0.376810 0.014274 -0.004469 0.059102 0.028159 0.323885 0.029518 
1.581284 0.407233 -0.130041 -0.476123 -0.599963 -0.007109 -0.032609 0.116122 -0.306464 -0.152202 0.118439 0.025048 0.050029 0.481287 0.001316 
1.668962 0.359127 -0.006428 -0.572971 -0.578539 -0.008516 -0.109168 0.191632 -0.228011 -0.144726 0.158648 -0.073221 0.067230 0.342830 0.037721 
1.073231 0.594546 -0.191932 -0.416143 -0.603672 0.010761 0.001540 0.062151 -0.295557 -0.054224 -0.003591 0.007902 0.070933 0.349478 0.064992 
1.409974 0.481969 -0.182537 -0.470302 -0.613185 -0.013723 0.058602 0.133185 -0.247351 0.034415 0.041776 0.032251 0.029898 0.312501 0.024353 
1.646647 0.411126 -0.077331 -0.447459 -0.650154 0.109708 -0.123953 0.192850 -0.179981 -0.081618 0.142765 0.006367 -0.016953 0.331063 -0.029004 
0.944477 0.444666 -0.278478 -0.412248 -0.719920 0.021938 -0.097054 0.094581 -0.143518 -0.115042 0.002196 0.075193 0.089181 0.302431 0.096559 
0.216088 0.402011 -0.264383 -0.221508 -0.484643 0.079580 -0.200519 -0.015498 -0.130247 0.063790 0.094585 0.106071 0.061574 0.080010 -0.050217 
