city022_062
BOOSOO
69
-0.290087 0.215190 0.013633 0.224714 -0.068145 -0.043452 -0.270837 -0.072034 -0.026857 -0.044935 -0.025547 0.024346 -0.056300 0.097628 -0.041678 
0.185310 0.530413 0.305203 0.333557 0.008081 0.163952 -0.051394 0.022867 -0.127830 -0.041242 -0.133093 0.042700 -0.099183 -0.109634 0.041183 
0.315489 0.479533 0.303176 0.434620 -0.068623 0.185106 0.065786 -0.195219 -0.246180 -0.028585 -0.131908 -0.149457 -0.134550 -0.063138 -0.100117 
0.508398 0.525184 0.303602 0.324982 -0.043436 0.255825 0.106797 -0.095958 -0.196618 -0.070274 -0.109169 -0.048316 -0.167525 0.001571 -0.128976 
0.447503 0.682554 0.211302 0.116475 0.136438 0.318131 0.036046 -0.047285 -0.270780 -0.078229 -0.154390 -0.006724 -0.113723 -0.124146 -0.037242 
0.403739 0.611197 0.236363 0.275033 0.050561 0.225358 0.037536 -0.122484 -0.253988 -0.059825 -0.158108 -0.085616 -0.116278 -0.118398 -0.084639 
0.564219 0.715555 0.135514 0.219684 0.040918 0.151267 -0.055380 0.077957 -0.208404 -0.250651 -0.129559 -0.031645 -0.156939 -0.093760 -0.032247 
0.578734 0.746941 0.172094 0.145085 -0.122679 0.241511 0.114855 -0.017496 -0.239502 -0.184710 -0.156253 -0.105439 -0.087933 -0.055335 -0.023350 
0.603011 0.722105 0.208938 0.186076 -0.136129 0.182742 0.063131 0.010766 -0.191665 -0.188791 -0.188800 -0.057959 -0.117767 -0.102294 -0.001183 
0.786876 0.666284 0.125722 0.047250 -0.230456 0.096158 0.104124 0.049879 -0.206192 -0.123856 -0.168072 -0.107722 -0.045410 -0.033956 0.032257 
1.628610 0.088258 0.227008 -0.264939 -0.453475 0.089259 -0.253889 0.052909 -0.101785 -0.090284 -0.046704 -0.075394 0.018940 0.090137 -0.030177 
1.942790 -0.338713 0.277325 -0.392137 -0.162219 -0.120330 -0.316941 0.130033 -0.151716 -0.040424 -0.105575 -0.022943 0.030560 0.142390 -0.038908 
1.963475 -0.414932 0.297409 -0.427130 -0.108298 -0.187259 -0.273882 0.152407 -0.146002 -0.000129 -0.096783 0.046559 -0.007419 0.134963 -0.031678 
2.062318 -0.534809 0.277692 -0.408625 -0.166151 -0.042540 -0.402619 0.133871 -0.113687 0.019879 -0.124166 -0.044802 0.094355 0.170750 -0.122097 
1.994796 -0.426354 0.211878 -0.402204 -0.194349 -0.069603 -0.394786 0.189491 -0.127677 0.027313 -0.101501 -0.097892 0.132839 0.112183 -0.069727 
1.916953 -0.391627 0.246753 -0.537539 -0.093905 -0.069580 -0.382017 0.153877 -0.075200 0.055349 -0.119994 -0.059328 0.083155 0.104711 -0.040008 
1.929557 -0.401062 0.269651 -0.604599 -0.082735 -0.086408 -0.351860 0.122453 -0.057494 0.094695 -0.119821 -0.074927 0.031892 0.152308 -0.063427 
1.878867 -0.354796 0.254835 -0.624522 -0.076723 -0.006075 -0.405633 0.106167 -0.062308 0.074060 -0.117234 -0.075252 0.053075 0.141286 -0.046609 
1.906781 -0.383532 0.265066 -0.636709 -0.051554 -0.017732 -0.377811 0.060174 -0.042665 0.055448 -0.157819 -0.043916 0.041094 0.159231 -0.040267 
1.950538 -0.498174 0.269933 -0.594785 -0.079608 0.034366 -0.405929 0.057896 -0.067357 0.046619 -0.214468 -0.040525 0.100417 0.139840 0.013436 
1.947527 -0.583150 0.290929 -0.561608 -0.099317 0.007370 -0.383760 0.146703 -0.094730 0.000152 -0.200815 -0.042940 0.143348 0.142352 -0.064645 
1.954952 -0.650347 0.315133 -0.494373 -0.152197 0.016264 -0.383377 0.177973 -0.138762 -0.072969 -0.145627 -0.090765 0.181913 0.166181 -0.103999 
1.898414 -0.596189 0.269928 -0.459363 -0.149768 -0.043204 -0.255727 0.136460 -0.192441 -0.185017 -0.150413 0.015406 0.096606 0.243652 -0.073044 
1.935823 -0.694630 0.325950 -0.469762 -0.199375 0.040603 -0.305573 0.245522 -0.337862 -0.148701 -0.173762 -0.027733 0.205422 0.191255 -0.040796 
1.756805 -0.367140 0.479422 -0.690708 -0.179886 0.161545 -0.249170 0.059160 -0.399434 0.048984 -0.079301 -0.036460 0.141958 0.166734 -0.112635 
1.743723 -0.299014 0.532884 -0.733478 -0.169614 0.318819 -0.256474 0.001151 -0.471975 0.079476 -0.028576 0.001207 0.195098 0.097951 -0.164592 
1.609287 -0.196416 0.529637 -0.621411 -0.028706 0.278789 -0.285111 -0.137822 -0.461708 0.146855 -0.047761 0.010699 0.131916 0.013310 -0.164426 
1.374889 -0.139238 0.491657 -0.536169 0.129806 0.244646 -0.233286 -0.146004 -0.546335 0.158369 -0.143713 -0.014086 0.099803 -0.056048 -0.148163 
0.623365 -0.045879 0.438052 -0.471712 0.496669 -0.095571 0.048427 -0.082021 -0.475206 0.252534 -0.207678 0.088143 0.001234 -0.138647 0.021252 
0.089308 -0.033021 0.372412 -0.537404 0.495613 -0.332032 0.079198 -0.085377 -0.334455 0.298841 -0.186836 0.124501 -0.054549 -0.025531 0.068537 
-0.183487 -0.161791 0.419551 -0.511683 0.372591 -0.276523 0.177674 -0.064431 -0.254602 0.227810 -0.137679 0.113041 -0.052409 -0.024771 0.057095 
-0.355585 -0.103793 0.365705 -0.354887 0.417263 -0.372094 0.099384 0.016532 -0.180109 0.220800 -0.157461 0.087650 -0.061843 0.038409 0.010745 
-0.392993 -0.127644 0.383507 -0.327007 0.494897 -0.409359 0.083288 -0.013171 -0.197682 0.294115 -0.272973 0.157475 -0.046425 -0.045079 0.108207 
-0.663140 -0.316503 0.316187 -0.435461 0.580790 -0.245578 0.009762 -0.094831 -0.066536 0.218621 -0.116146 0.038938 -0.094531 0.071669 0.015677 
-0.638635 -0.354075 0.177166 -0.519248 0.380925 -0.341384 0.182333 0.030231 -0.224569 0.303838 -0.198900 0.112140 -0.065435 -0.013411 0.100966 
-0.733796 -0.406709 0.294348 -0.421511 0.411498 -0.557491 0.139374 0.027974 -0.219681 0.357523 -0.143875 0.002415 -0.019493 0.066757 0.000447 
-0.644974 -0.238554 0.376338 -0.520428 0.366143 -0.261845 -0.088369 0.136348 -0.213841 0.268025 -0.140977 0.009306 0.068953 -0.065142 0.042297 
-0.217409 -0.167101 0.392470 -0.473066 0.393518 -0.232556 0.018511 0.121424 -0.199674 0.083219 -0.054981 0.104352 -0.082748 0.003216 0.030241 
0.925890 0.067102 0.322473 -0.775288 0.204996 -0.016609 0.120384 -0.051048 -0.431774 0.169875 -0.294028 0.180335 0.106497 -0.011718 0.036026 
1.398117 -0.019404 0.460609 -0.705492 0.029328 0.108838 -0.022075 -0.049774 -0.544607 0.132792 -0.268379 0.075350 0.169649 0.025521 -0.029944 
1.602339 -0.096425 0.393280 -0.569728 -0.125437 0.198829 -0.195783 -0.047385 -0.498002 -0.015980 -0.043980 -0.101019 0.244689 0.055597 -0.110938 
1.699076 -0.460233 0.348416 -0.512353 -0.063807 0.132342 -0.235991 0.027320 -0.447997 -0.078328 -0.056395 -0.084374 0.182542 0.158587 -0.142504 
1.796897 -0.714987 0.356740 -0.386083 -0.145207 0.022152 -0.250401 0.076817 -0.344827 -0.111695 -0.097748 -0.043141 0.192412 0.178189 -0.103291 
1.838092 -0.786832 0.350144 -0.394955 -0.273366 0.032386 -0.279502 0.151929 -0.304229 -0.113710 -0.060558 -0.107224 0.240882 0.223165 -0.124631 
1.897486 -0.817345 0.331019 -0.456298 -0.342268 -0.009154 -0.316900 0.218770 -0.262304 -0.028782 -0.041233 -0.071618 0.189058 0.264249 -0.135236 
1.993012 -0.878542 0.287512 -0.474741 -0.367466 -0.017125 -0.382171 0.267787 -0.227898 0.006716 -0.042100 -0.064577 0.218773 0.249942 -0.123834 
1.949580 -0.881256 0.260161 -0.495925 -0.289268 -0.105415 -0.349164 0.228227 -0.189533 0.007071 -0.024754 -0.016434 0.182658 0.276536 -0.140783 
1.876863 -0.824533 0.216589 -0.462309 -0.249962 -0.163561 -0.322826 0.184926 -0.153317 -0.025091 0.013566 0.038076 0.158185 0.254910 -0.151255 
1.885755 -0.775908 0.175362 -0.452306 -0.216626 -0.161801 -0.364054 0.213024 -0.192013 0.000908 -0.001742 0.075724 0.165590 0.202179 -0.105024 
1.911901 -0.745671 0.201839 -0.417841 -0.239524 -0.113217 -0.417367 0.196724 -0.163881 -0.024004 0.039442 0.063904 0.204550 0.108461 -0.056874 
1.873879 -0.845822 0.273251 -0.478299 -0.275705 -0.157841 -0.339729 0.249282 -0.187616 -0.014507 0.008666 0.061092 0.168459 0.180104 -0.101689 
1.898519 -0.794011 0.242182 -0.495183 -0.210250 -0.178634 -0.350606 0.216108 -0.151028 -0.047947 0.003628 0.089444 0.154667 0.182349 -0.095144 
1.889000 -0.788192 0.252723 -0.532680 -0.228600 -0.175553 -0.314365 0.199531 -0.116206 -0.054093 -0.039325 0.101816 0.130513 0.214502 -0.099630 
1.919909 -0.786731 0.235996 -0.476647 -0.291169 -0.121749 -0.342525 0.216808 -0.144346 -0.031411 -0.022434 0.054814 0.156252 0.195049 -0.083743 
1.900923 -0.761631 0.185793 -0.439360 -0.274261 -0.125902 -0.348688 0.229106 -0.144193 -0.065488 0.028044 0.045374 0.145814 0.184103 -0.069136 
1.937493 -0.783298 0.209648 -0.465396 -0.266539 -0.102047 -0.371565 0.252198 -0.178631 -0.061459 0.023596 0.047178 0.157196 0.180486 -0.064984 
1.912978 -0.755632 0.123236 -0.405747 -0.375799 -0.070964 -0.292909 0.184223 -0.143500 -0.123828 0.017900 0.021061 0.211372 0.218756 -0.049260 
1.973987 -0.726216 0.156970 -0.426465 -0.505216 0.043433 -0.346285 0.251787 -0.221481 -0.100809 -0.039798 0.007819 0.216033 0.270771 -0.045593 
1.922198 -0.362878 0.118024 -0.586959 -0.516319 0.117620 -0.265794 0.177998 -0.268712 -0.064733 -0.012624 -0.115648 0.204516 0.313696 -0.046881 
1.884158 0.153878 0.236489 -0.752316 -0.548349 0.241273 -0.220676 0.121740 -0.261541 -0.112741 0.019034 -0.028627 0.163678 0.356040 -0.071775 
1.918372 0.150009 0.245357 -0.702094 -0.484567 0.193798 -0.142910 0.050877 -0.258073 -0.091526 0.065189 0.048500 0.109132 0.411403 -0.165827 
1.802549 0.223990 0.038041 -0.656858 -0.606560 0.070416 -0.093472 0.107999 -0.305570 0.041622 0.095676 -0.074355 0.209051 0.341553 -0.091942 
1.805513 0.064364 -0.116651 -0.560080 -0.585381 0.092816 -0.088237 0.039173 -0.257753 0.009312 0.126541 -0.037866 0.228985 0.277949 -0.088429 
1.332175 0.497300 -0.316296 -0.526100 -0.657171 0.071443 0.091068 -0.082094 -0.252471 -0.015868 0.106147 0.043666 0.272013 0.422181 -0.136271 
1.187609 0.260519 -0.133973 -0.520410 -0.449393 0.042604 0.009715 0.096679 -0.348050 -0.003096 0.086944 -0.027374 0.145046 0.297388 -0.066492 
0.674418 0.332776 -0.298139 -0.535130 -0.546418 0.033437 0.081844 -0.040240 -0.321413 0.028873 0.106367 0.066126 0.265768 0.338549 -0.119836 
1.064566 0.380603 -0.263783 -0.608021 -0.393437 0.064969 0.050223 0.044190 -0.276513 0.119480 0.122950 0.075312 0.126624 0.193094 -0.182437 
1.031433 0.586136 -0.248676 -0.699439 -0.361500 0.073588 -0.037220 -0.019453 -0.316307 0.052063 0.039529 0.155710 0.257505 0.236896 -0.127967 
0.403265 0.303906 -0.475226 -0.410621 -0.320450 -0.041417 -0.038398 -0.023398 -0.146814 -0.010926 0.053507 0.253541 0.124369 0.043115 0.007118 
