city022_036
YAESU
66
-0.417489 0.056702 -0.276176 0.029207 -0.411387 -0.104008 -0.109393 0.077927 -0.026892 0.105093 0.070971 0.132435 -0.140291 0.030496 0.021734 
-0.118394 0.317975 0.071128 0.224558 -0.299351 0.033928 -0.084083 0.055448 -0.190039 0.185264 -0.096989 -0.003367 0.042158 0.013258 -0.060224 
0.263243 0.612540 0.355225 0.461396 -0.056538 0.229062 -0.173477 0.016586 -0.183681 -0.076386 -0.097704 -0.130820 -0.131543 -0.019209 -0.122761 
0.358530 0.469540 0.827376 0.229642 -0.298162 0.187013 -0.233880 0.106417 -0.290978 -0.080178 0.009902 -0.095331 -0.166926 0.117481 -0.068392 
0.251502 0.304790 1.171601 0.050380 -0.183660 0.199873 -0.310041 0.165126 -0.371281 -0.187086 0.022307 -0.155424 -0.275837 0.105865 -0.049064 
0.627415 0.341037 1.115752 0.161040 -0.295722 0.257087 -0.350427 0.209645 -0.337964 -0.223426 0.024689 -0.074230 -0.330003 0.079409 -0.004921 
0.756872 0.051872 1.244757 0.052999 -0.300459 0.176616 -0.292620 0.101625 -0.333365 -0.166684 -0.007963 -0.080090 -0.228162 0.046613 0.025170 
0.925729 -0.170079 1.313704 0.028528 -0.335107 0.028873 -0.359107 0.114219 -0.415231 -0.101412 -0.063711 -0.005100 -0.098461 -0.017611 0.086934 
1.144084 -0.557408 1.338185 0.035783 -0.417994 -0.038877 -0.399462 0.074530 -0.386305 -0.091877 -0.033724 0.010877 0.003331 0.049887 0.008418 
1.256252 -0.805096 1.256912 -0.045725 -0.371682 -0.180047 -0.390337 0.138511 -0.270181 -0.037177 -0.032611 0.188965 0.022481 0.059275 -0.011497 
1.357751 -0.884658 0.894198 -0.254212 -0.293085 -0.328106 -0.425462 0.151286 -0.178436 -0.025372 0.040654 0.186309 0.107699 0.162924 -0.176614 
1.456803 -0.851170 0.726762 -0.182134 -0.234848 -0.378305 -0.426319 0.062178 0.011849 0.040935 0.055736 0.130499 0.154814 0.207391 -0.210277 
1.520312 -0.939439 0.545168 -0.130186 -0.207280 -0.337190 -0.379696 0.031080 0.127550 0.172986 0.037452 0.061732 0.059549 0.251636 -0.187855 
1.485883 -0.998718 0.504367 -0.324597 -0.070925 -0.355441 -0.347545 0.044230 0.110572 0.280050 0.067115 0.019338 -0.054608 0.291926 -0.157503 
1.380160 -0.929568 0.447478 -0.299965 -0.067294 -0.357880 -0.298173 0.007080 0.116143 0.359579 0.044855 0.030271 -0.095880 0.239298 -0.042844 
1.387233 -0.970677 0.447834 -0.282557 -0.042621 -0.423244 -0.258617 -0.006599 0.110564 0.393174 0.000909 0.019059 -0.027948 0.192658 -0.058576 
1.324094 -0.936639 0.493373 -0.254397 -0.084107 -0.401843 -0.332933 0.038850 0.132017 0.303954 0.026538 0.024442 -0.004397 0.244736 -0.115639 
1.442218 -0.918098 0.544044 -0.170128 -0.117559 -0.420253 -0.365813 0.088458 0.090224 0.203510 0.052842 0.027995 0.036944 0.302766 -0.212585 
1.346023 -0.846801 0.620325 -0.085718 -0.173649 -0.419894 -0.372061 0.024059 0.104658 0.067832 0.037839 0.114426 0.071020 0.281895 -0.213226 
1.337803 -0.861865 0.654222 -0.063104 -0.259840 -0.383646 -0.352973 -0.077576 0.130357 -0.026037 0.040113 0.191673 0.048934 0.280032 -0.188990 
1.305737 -0.977358 0.645087 -0.223001 -0.264300 -0.232597 -0.432016 -0.035798 -0.017321 -0.027454 0.071810 0.224393 0.026020 0.200529 -0.069050 
1.269712 -1.076503 0.774347 -0.371385 -0.170662 -0.278436 -0.346482 -0.010888 -0.173725 0.061392 0.040542 0.205261 0.050664 0.151882 -0.053771 
1.230047 -1.038785 0.961583 -0.366651 -0.230747 -0.281769 -0.268809 0.034379 -0.227403 0.043384 -0.016429 0.226434 0.001056 0.119591 -0.035075 
1.131032 -1.018464 1.024705 -0.285000 -0.211399 -0.222321 -0.230238 -0.015921 -0.244638 -0.002452 -0.040205 0.180951 -0.036571 0.094165 -0.009960 
1.049164 -1.009727 1.079979 -0.243806 -0.184412 -0.222241 -0.244402 -0.028054 -0.302226 -0.029113 -0.060302 0.165268 -0.050067 0.076026 0.016900 
1.045572 -0.985448 1.011226 -0.273170 -0.107859 -0.184225 -0.234690 -0.092865 -0.327886 -0.052222 -0.060330 0.153891 -0.075748 0.077660 0.021546 
1.074221 -1.010339 1.019858 -0.298176 -0.071587 -0.183746 -0.215115 -0.119329 -0.372425 -0.030224 -0.091762 0.167594 -0.087654 0.070904 0.016019 
1.104468 -0.951784 1.025181 -0.285564 -0.079109 -0.214348 -0.233915 -0.082766 -0.384426 -0.046481 -0.119730 0.182819 -0.084585 0.063869 0.024494 
1.051674 -0.872599 1.110835 -0.203279 -0.162401 -0.191708 -0.311399 -0.027703 -0.343622 -0.053200 -0.142816 0.148998 -0.041285 0.041568 0.035579 
1.260789 -0.987564 1.293626 -0.218200 -0.166162 -0.189015 -0.381400 0.070283 -0.357453 -0.030270 -0.213007 0.174396 -0.030506 0.068661 -0.063866 
1.135436 -0.783256 1.082061 0.147063 -0.196498 -0.229069 -0.369559 0.006165 -0.222623 -0.063356 -0.279176 0.118150 0.089612 -0.007680 -0.080823 
0.761554 -0.642743 0.731245 0.226961 -0.064001 -0.268579 -0.241201 -0.131680 -0.039508 -0.106150 -0.294508 0.119557 0.072016 -0.036611 -0.069862 
0.465059 0.122399 0.574739 0.144430 0.002695 -0.290180 0.018970 -0.115018 -0.060806 -0.007167 -0.170244 0.102745 -0.005735 -0.050325 0.028364 
-0.086807 0.034478 0.462939 0.154980 0.209277 -0.088952 0.154458 -0.054106 -0.103280 0.084138 0.005928 -0.022343 -0.069990 0.055016 -0.013492 
-0.564902 -0.416678 0.056583 -0.241856 -0.062154 -0.330755 0.090603 0.063821 0.141520 0.037655 -0.065150 0.035137 -0.000094 -0.055270 -0.070675 
-0.542005 -0.399288 0.051304 -0.229064 0.040195 -0.137221 0.167364 -0.132698 0.157308 0.025930 -0.154872 0.080104 -0.003823 -0.011849 -0.014105 
-0.610801 -0.482928 0.149197 -0.287630 0.028511 -0.219016 0.192946 -0.081662 0.199749 -0.057368 -0.107739 0.110741 -0.107857 0.079529 -0.055329 
-0.706518 -0.529754 0.168062 -0.207133 -0.019306 -0.395184 0.143109 -0.134880 0.234538 0.105354 -0.120791 0.032330 -0.028113 0.122619 -0.236330 
-0.509465 -0.457223 0.240474 -0.339773 0.007581 -0.223388 0.289374 -0.080167 0.110006 0.063222 -0.200714 0.069934 0.000007 0.036271 -0.156528 
-0.502570 -0.553503 0.014081 -0.197498 0.111951 -0.143835 0.265516 -0.107069 0.076314 0.017361 -0.176924 0.064452 0.026610 0.113214 -0.234684 
-0.517711 -0.414925 0.204740 -0.153471 -0.018105 -0.332442 0.191066 -0.103142 0.131529 0.014793 -0.039478 0.025990 -0.038966 0.099933 -0.145912 
-0.618607 -0.527649 0.038735 -0.061401 -0.008003 -0.313391 0.279959 -0.126540 0.060713 0.077718 -0.067084 -0.044441 0.078641 -0.005914 -0.138838 
-0.576979 -0.404257 -0.031326 -0.164355 0.113964 -0.269559 0.239647 -0.033369 0.044643 -0.118859 0.105934 -0.010038 -0.106873 0.139413 -0.113855 
-0.657153 -0.584913 -0.063107 -0.297599 0.056862 -0.245423 0.299903 0.074357 -0.075992 0.051622 -0.065969 -0.035797 -0.005487 0.037868 -0.026078 
-0.460083 -0.314920 0.028642 -0.150723 0.163149 -0.346087 0.291202 -0.173068 0.180521 -0.149507 0.058774 0.069878 -0.173300 0.202333 -0.175134 
0.432245 -0.108459 0.533921 0.029383 0.396966 -0.449335 -0.061267 -0.115132 0.017580 -0.005938 -0.142546 -0.024760 -0.073999 0.263719 -0.246899 
1.097026 -0.142128 0.474157 0.163839 0.164621 -0.037527 -0.220998 -0.255544 -0.194521 0.244129 -0.271586 -0.116611 -0.140162 0.213942 -0.094201 
1.516582 -0.439019 0.541585 0.116793 0.083685 0.067137 -0.422135 -0.111954 -0.269366 0.220318 -0.263892 -0.197315 -0.034318 0.184109 -0.133227 
1.472366 -0.564205 0.653246 0.115097 0.061537 0.046065 -0.480038 -0.105587 -0.244965 0.223295 -0.272544 -0.188023 -0.023431 0.216560 -0.105915 
1.505303 -0.668085 0.851895 0.043263 0.061751 -0.003329 -0.523725 -0.048684 -0.278712 0.252407 -0.288593 -0.192970 0.055979 0.202077 -0.109759 
1.495178 -0.684106 0.853637 0.059079 0.020176 0.013931 -0.563732 -0.002805 -0.301774 0.247702 -0.256130 -0.207219 0.094074 0.178897 -0.079509 
1.505298 -0.657247 0.820520 0.031943 0.086067 -0.039563 -0.544858 -0.034393 -0.270176 0.202519 -0.229641 -0.252994 0.106751 0.192585 -0.090530 
1.502870 -0.701807 0.866333 0.036076 0.064984 -0.013861 -0.564574 -0.050433 -0.251284 0.187209 -0.224769 -0.251790 0.087166 0.217948 -0.103087 
1.483319 -0.705488 0.835871 0.043770 0.057733 -0.016208 -0.570244 -0.048397 -0.265716 0.205051 -0.259117 -0.240639 0.080467 0.233815 -0.133718 
1.516371 -0.684273 0.861216 0.057465 0.059075 -0.025412 -0.549064 -0.080799 -0.242879 0.215828 -0.265764 -0.230303 0.080163 0.226707 -0.102394 
1.556586 -0.644619 0.759382 0.080702 0.045965 -0.002954 -0.581167 -0.062510 -0.268167 0.209437 -0.260537 -0.259431 0.095314 0.216915 -0.111332 
1.506559 -0.523909 0.757593 0.086083 0.062700 -0.052958 -0.544621 -0.079319 -0.285303 0.253763 -0.324299 -0.204835 0.076871 0.221253 -0.117000 
1.539145 -0.385729 0.660277 0.094925 0.041347 -0.055651 -0.541966 -0.085044 -0.294578 0.239661 -0.295932 -0.241110 0.139334 0.174051 -0.108073 
1.464353 -0.195905 0.605293 0.161349 0.018480 -0.046825 -0.545437 -0.119541 -0.280362 0.239943 -0.290119 -0.225892 0.101694 0.225094 -0.120506 
1.438724 -0.173982 0.522977 0.252121 -0.030758 -0.067882 -0.559028 -0.139533 -0.184562 0.161060 -0.339416 -0.183447 0.138131 0.191588 -0.125068 
1.258692 -0.050893 0.544744 0.240610 -0.029488 -0.082221 -0.574620 -0.093794 -0.197411 0.137102 -0.349583 -0.139088 0.164801 0.128662 -0.088841 
1.266506 -0.002406 0.431314 0.273431 0.022633 -0.147183 -0.509832 -0.030868 -0.271431 0.185383 -0.325443 -0.124309 0.126192 0.128572 -0.067523 
1.144218 0.268301 0.366987 0.455429 -0.102730 -0.112524 -0.377790 -0.278225 -0.192150 0.244978 -0.315175 -0.170541 0.236129 0.094867 0.000313 
1.036016 0.120644 0.313916 0.099554 -0.011311 -0.097113 -0.483098 -0.183238 -0.215747 0.206680 -0.316998 -0.117531 0.193849 0.061616 -0.032075 
0.509772 0.462468 0.131126 0.510052 -0.193755 -0.079561 -0.447040 -0.307108 -0.094295 0.125776 -0.306494 -0.161009 0.159378 0.191770 -0.108655 
-0.069459 0.143160 -0.066175 0.254933 -0.156416 0.005715 -0.320322 -0.184471 -0.070831 0.240754 -0.198670 -0.012213 0.074232 0.070205 -0.014010 
