city022_028
FUCHUU
63
-0.071233 0.219135 0.062064 -0.189076 -0.334172 -0.149759 -0.034204 -0.083196 -0.045492 0.020246 0.246645 -0.118849 0.070150 0.084854 -0.034378 
0.106431 0.329541 0.199445 0.087601 -0.174785 -0.127090 -0.067943 0.107261 0.022939 -0.106825 0.166403 -0.025087 -0.050605 0.055817 -0.011110 
0.234458 0.461656 0.213919 0.110752 -0.114486 0.006263 -0.015341 -0.027736 -0.078500 -0.051680 0.093480 -0.059309 -0.082901 0.118118 -0.022650 
0.334911 0.560122 0.196961 0.064707 -0.215365 -0.003057 0.072064 0.067909 -0.131274 -0.032216 0.124912 -0.068611 -0.111443 0.137244 0.000312 
0.612400 0.271550 0.118611 0.311473 0.154551 0.080857 0.036573 -0.008373 0.002276 0.061414 0.161590 -0.123231 -0.013008 0.100603 0.009805 
0.642730 -0.066331 0.028983 0.242629 -0.019130 -0.061790 -0.099860 -0.029382 -0.009083 -0.091987 -0.004645 0.007381 -0.016010 0.012409 -0.006291 
0.803808 -0.256667 0.201743 0.179400 0.033139 -0.036512 -0.146634 0.078236 0.061833 -0.119816 -0.029657 0.024182 0.048343 -0.074826 0.038587 
0.954270 -0.433250 0.309710 0.233825 -0.176969 -0.043787 -0.158242 0.048026 0.063656 -0.047765 0.022925 -0.066230 0.089744 -0.017017 -0.002648 
1.073223 -0.443268 0.457033 0.125737 0.066326 -0.030827 -0.203447 0.146726 -0.013187 -0.066880 0.094717 -0.072798 0.043598 -0.054360 0.098102 
1.353550 -0.312137 0.484776 0.002166 -0.067526 -0.165073 -0.418080 0.014159 0.018308 -0.115301 0.008360 -0.015813 0.213903 -0.124455 0.103396 
1.343918 -0.275205 0.527808 0.006513 -0.048901 -0.328968 -0.310412 -0.051276 0.096770 -0.016905 -0.033353 0.088255 0.235110 -0.096026 0.088571 
1.399201 -0.521552 0.586438 0.088265 0.108135 -0.215541 -0.391303 0.033928 -0.022009 -0.094488 -0.064477 -0.140278 0.283396 -0.153154 0.033981 
1.524435 -0.277499 0.590538 0.228409 0.070361 -0.168978 -0.203403 -0.027454 -0.024140 -0.143888 -0.155426 -0.052012 0.123197 -0.138909 -0.022921 
1.576787 -0.396872 0.406751 0.148885 0.147515 -0.145536 -0.299064 -0.109375 0.042412 0.066139 -0.071117 -0.123239 0.166630 -0.020846 0.044511 
1.768102 -0.388926 0.417490 0.255777 0.120896 -0.011935 -0.274441 -0.007373 -0.072588 -0.044667 0.022637 -0.207275 0.059331 -0.005466 0.015143 
1.849318 -0.369235 0.710297 0.245765 0.122261 -0.019393 -0.413057 -0.131427 -0.028049 -0.014721 0.004253 -0.293933 0.120105 0.084931 0.062501 
1.654995 -0.438621 0.756931 0.271483 0.004577 -0.005424 -0.358631 -0.141076 -0.057340 -0.017275 0.073742 -0.286935 0.054122 0.178881 0.028675 
1.553399 -0.590854 0.904528 0.272955 -0.068761 -0.005171 -0.392400 -0.017368 -0.068212 -0.099349 0.014925 -0.286096 0.142719 0.073160 -0.050889 
1.508014 -0.679123 1.016310 0.197430 -0.089250 0.016012 -0.330824 0.084346 -0.081385 -0.110646 -0.011932 -0.206985 0.195443 -0.074068 -0.081625 
1.047703 -0.605339 1.340813 0.154224 -0.022935 0.014358 -0.320537 0.192849 -0.138602 -0.122176 -0.044031 -0.191445 0.251481 -0.214930 -0.047654 
0.352786 -0.075453 1.164413 0.067578 0.021939 -0.246240 -0.217813 0.113553 -0.206622 -0.050539 -0.159806 -0.035356 0.270267 -0.272129 0.038231 
0.214456 0.421145 0.495941 0.347322 0.040816 0.139416 -0.034191 -0.010619 -0.186849 -0.106400 0.026507 -0.163196 -0.166161 0.001976 -0.013254 
0.004448 0.280100 0.484492 0.478148 0.199276 0.038339 0.022083 -0.037566 0.018854 -0.011625 0.015221 -0.153228 -0.045492 0.051351 -0.021648 
-0.090717 0.170836 0.285191 0.229292 0.153366 -0.009764 0.016964 0.018630 -0.042788 0.043768 -0.005470 -0.030518 0.027550 -0.062198 0.074651 
-0.010563 0.352336 0.399725 0.462741 0.221193 0.217964 0.074799 -0.066244 -0.030910 0.023849 0.100007 -0.112121 -0.111714 -0.002127 0.045375 
-0.284030 -0.029459 0.167429 0.288760 -0.036534 0.101647 -0.009881 -0.098424 0.087695 -0.093855 0.126710 -0.074571 -0.036744 0.036267 0.043392 
-0.411640 -0.516767 0.058067 -0.128225 -0.058274 0.087963 -0.141952 0.058452 -0.029526 0.004353 0.098473 -0.082710 0.029628 -0.055522 0.074647 
-0.024324 -1.064116 0.524471 -0.546724 0.094175 0.096960 -0.206488 0.222738 -0.055552 0.004791 0.069747 -0.174840 0.154384 -0.110890 0.085764 
-1.285731 -0.461230 1.022353 -0.586025 0.389388 0.320250 -0.100735 0.127696 -0.045228 -0.040481 0.197050 -0.049878 0.011279 0.012857 -0.015166 
-1.501545 -0.792501 1.014610 -0.678990 0.448242 0.130522 -0.251855 0.188634 -0.138889 -0.015038 0.225113 -0.211618 0.078597 -0.013822 0.026962 
-1.320770 -0.575515 0.972212 -0.723686 0.392744 0.050670 -0.151450 0.189342 -0.048532 -0.161363 0.188260 -0.023909 -0.096720 0.076859 0.004994 
-1.387151 -0.630842 1.039752 -0.757161 0.391361 0.016920 -0.237478 0.146203 0.004047 -0.082141 0.110192 -0.079548 -0.018540 0.100171 -0.078772 
-1.362722 -0.868445 0.915014 -0.835916 0.126921 0.027468 -0.046492 0.086493 0.043595 -0.061568 0.069483 -0.110706 0.050358 0.041791 -0.083598 
-1.142574 -0.983869 0.910575 -0.934382 0.154617 0.206297 -0.070542 0.008261 0.054939 -0.047240 0.006021 -0.053118 0.069711 -0.014729 0.001022 
-0.910549 -0.945979 1.033143 -0.737233 0.084197 0.097057 -0.096987 -0.023339 0.075669 -0.003844 0.022000 -0.093240 0.090818 -0.017448 -0.028932 
-0.311799 -0.750732 1.038559 -0.576312 0.050744 0.166398 -0.122779 0.018644 0.000468 0.019641 0.023923 -0.083112 0.063461 0.024403 -0.078920 
0.440193 -0.660173 1.353585 -0.074610 -0.015792 -0.124187 -0.295734 0.091526 -0.043860 -0.173705 -0.081695 -0.028119 0.156258 -0.110495 -0.037021 
0.668673 -0.648139 1.330156 -0.007147 -0.053895 -0.109786 -0.211245 0.006323 -0.047982 -0.276996 0.009303 -0.042407 0.005774 -0.107090 0.097569 
0.886738 -0.824947 1.454247 0.218051 -0.233455 -0.079533 -0.233456 -0.014736 -0.069137 -0.270951 -0.044006 -0.091213 0.064124 -0.044526 -0.037877 
1.053547 -0.937816 1.358379 0.379603 -0.385486 -0.000622 -0.292296 -0.028141 0.021104 -0.315452 -0.067325 0.016045 0.008436 -0.014695 0.004511 
1.017724 -0.958254 1.349630 0.355214 -0.384547 0.014824 -0.325009 -0.068535 0.056291 -0.353247 -0.073350 0.009653 -0.020466 0.024844 -0.002273 
1.115972 -0.939305 1.372478 0.285726 -0.341083 -0.028363 -0.356456 -0.064379 0.074437 -0.315170 -0.049930 0.009187 0.031086 0.063437 0.004383 
1.062945 -0.917767 1.271922 0.314516 -0.335616 -0.032463 -0.396292 -0.069308 0.068317 -0.339423 -0.050140 -0.031838 0.013787 0.126325 -0.065438 
1.151276 -0.916722 1.327195 0.243964 -0.278044 -0.027660 -0.435639 -0.066336 0.054383 -0.270052 -0.070834 -0.053717 0.053241 0.129037 -0.028606 
1.182604 -0.866323 1.292612 0.217207 -0.230434 -0.042186 -0.458662 -0.069052 0.050142 -0.257267 -0.051427 -0.103911 0.081664 0.157616 -0.065485 
1.218164 -0.819407 1.185058 0.238881 -0.234105 -0.025514 -0.494444 -0.063782 0.031422 -0.262393 -0.006502 -0.164079 0.088919 0.181673 -0.084800 
1.305766 -0.767434 1.148481 0.213679 -0.170061 -0.030557 -0.528565 -0.031829 0.003543 -0.244571 0.032749 -0.217240 0.111406 0.184780 -0.074415 
1.345255 -0.695812 1.035289 0.211041 -0.111894 -0.047975 -0.507242 -0.078969 -0.013312 -0.167419 -0.004280 -0.236540 0.114219 0.178565 -0.051507 
1.281998 -0.608386 0.972598 0.199788 -0.101611 0.017492 -0.515354 -0.115908 0.054124 -0.173988 0.017310 -0.251287 0.095611 0.201556 -0.067184 
1.214640 -0.543287 0.923592 0.144438 -0.021107 -0.059477 -0.453575 -0.189327 0.069404 -0.142721 0.024314 -0.267723 0.097811 0.213556 -0.028556 
1.178995 -0.424744 0.941406 0.174941 -0.092587 -0.013150 -0.540326 -0.217697 0.037168 -0.138849 0.034342 -0.292776 0.103562 0.323883 -0.074249 
1.131431 -0.461737 0.889781 0.179977 -0.112529 0.039202 -0.585854 -0.203138 0.007118 -0.155298 0.036335 -0.337654 0.083169 0.308230 -0.069069 
1.212216 -0.406134 0.818447 0.181393 -0.083006 0.004317 -0.516799 -0.231509 -0.005938 -0.100252 -0.014022 -0.300282 0.110450 0.222021 -0.036913 
1.244988 -0.374836 0.631901 0.219608 0.007564 -0.084038 -0.321398 -0.256189 -0.027049 -0.040183 -0.069035 -0.253342 0.052016 0.150926 -0.027188 
0.977829 -0.160913 0.635174 0.235910 0.007710 -0.130183 -0.418087 -0.306294 -0.041180 -0.028554 -0.103249 -0.326819 0.103917 0.267399 -0.094542 
1.131557 -0.356898 0.762403 0.116858 0.020169 -0.069048 -0.427354 -0.248236 -0.065949 -0.024562 -0.042937 -0.288609 0.073359 0.214439 -0.037489 
0.868043 -0.184981 0.479781 0.182208 -0.006986 -0.153192 -0.390693 -0.254096 -0.060806 -0.024231 -0.105568 -0.258386 0.165204 0.138798 -0.085641 
0.997464 -0.287643 0.760857 0.078894 0.071393 -0.095519 -0.445047 -0.291346 -0.050021 0.006195 -0.068666 -0.322585 0.095253 0.263438 -0.070303 
0.680107 -0.170593 0.399045 0.068982 -0.011563 -0.123064 -0.346615 -0.221897 -0.033674 -0.006792 0.027800 -0.235734 0.128927 0.178318 -0.109130 
0.866135 -0.162958 0.421002 0.193871 0.009908 -0.134289 -0.428612 -0.301859 -0.081608 0.004038 -0.068942 -0.315788 0.105376 0.245378 -0.070348 
0.757100 -0.105779 0.229183 0.122598 0.043711 -0.173543 -0.273585 -0.235308 -0.028998 0.005347 -0.002177 -0.173695 0.063771 0.155575 -0.036092 
0.786886 -0.094710 0.255965 0.238489 0.030833 -0.159524 -0.429124 -0.273124 -0.135995 0.074235 -0.087308 -0.358207 0.169810 0.216958 -0.076533 
0.213892 0.066259 0.155018 0.272594 -0.001036 -0.263300 -0.303241 -0.247010 -0.192048 -0.087757 0.039561 -0.135915 -0.095990 0.243163 0.092916 
