city022_010
KOGANEI
60
-0.184083 0.336796 0.105496 0.075738 -0.052647 0.205449 0.214405 0.061361 -0.006649 -0.075063 0.092554 0.025845 0.021334 -0.047328 0.141917 
0.814666 -0.214742 -0.517807 -0.446604 -0.158853 -0.015902 0.152352 0.010932 0.101595 -0.040842 -0.036355 0.009508 0.075062 -0.099653 0.062925 
1.277800 -0.104294 -0.386941 -0.618146 -0.217255 -0.157847 0.111174 0.068365 0.057464 0.034645 -0.101949 0.075395 0.133896 -0.102734 0.132426 
1.434981 0.313592 -0.203430 -0.462384 -0.526967 -0.306671 0.026145 0.021472 0.157972 0.003119 -0.024760 0.061810 0.002454 -0.071044 0.169854 
0.973079 0.411867 0.026749 -0.039075 0.057299 0.151018 0.240124 0.109456 -0.066276 -0.244447 -0.130873 -0.042853 0.120451 -0.077539 0.119387 
1.489680 0.326789 -0.057317 -0.024310 0.031129 -0.070985 -0.067738 -0.109566 -0.105125 -0.177842 0.004006 -0.058794 0.026668 -0.042429 0.062909 
1.857077 0.435205 0.193765 -0.436784 -0.424780 -0.012419 0.035576 0.083571 -0.094449 -0.143378 0.035463 -0.262802 0.007136 0.076741 0.068885 
1.912723 0.369338 0.314075 -0.565629 -0.483185 -0.111972 -0.000629 0.067321 -0.200376 -0.046278 0.038521 -0.307256 0.081121 0.092115 0.084046 
1.953690 0.012862 0.409922 -0.468037 -0.464672 -0.226269 -0.003305 -0.011309 -0.106454 0.010896 -0.011866 -0.200283 0.086853 -0.033705 0.090492 
2.067065 -0.287455 0.439257 -0.429906 -0.439886 -0.194863 -0.076125 0.053985 -0.087826 -0.030578 0.000950 -0.200417 0.145023 -0.072232 0.107024 
2.022089 -0.302736 0.340049 -0.390510 -0.370848 -0.150946 -0.116238 0.084366 -0.041005 -0.093576 0.005577 -0.188020 0.130339 -0.029577 0.047340 
1.999678 -0.296700 0.309317 -0.349166 -0.281000 -0.144877 -0.051170 0.032455 -0.061200 -0.130655 -0.030387 -0.118008 0.076027 0.049164 0.001189 
1.906719 0.032438 0.409773 -0.617593 -0.331233 -0.138615 0.122196 0.032428 -0.259451 -0.077317 -0.051738 -0.242610 0.110776 0.111720 0.128621 
1.863111 0.061676 0.366701 -0.653196 -0.358349 -0.048416 0.114840 0.046869 -0.334084 -0.115952 -0.056878 -0.245360 0.154631 0.196649 0.153698 
1.814803 -0.083615 0.342234 -0.670737 -0.322201 -0.011183 0.075541 0.023997 -0.324588 -0.096133 -0.018984 -0.124205 0.161356 0.204725 0.108144 
1.820882 -0.454485 0.328852 -0.535895 -0.122551 -0.026395 -0.089981 -0.059687 -0.299332 -0.102571 0.088334 -0.050963 0.173845 0.076190 0.053578 
1.798962 -0.840530 0.283698 -0.472429 -0.087992 -0.091406 -0.086592 -0.084185 -0.275906 -0.126076 0.129809 -0.073321 0.279552 0.114657 -0.038373 
1.773939 -1.042842 0.431530 -0.599988 -0.129993 -0.119901 -0.063234 -0.039048 -0.310703 -0.009299 0.213676 0.023055 0.224463 0.027686 -0.012763 
1.619400 -1.136086 0.394921 -0.682054 -0.111596 -0.164507 -0.014599 -0.032356 -0.269558 0.046205 0.233170 0.118971 0.106337 0.068503 -0.054217 
1.477823 -1.174348 0.413077 -0.687876 -0.155793 -0.250784 0.073854 -0.079512 -0.198508 0.113145 0.270987 0.078634 0.088436 0.060376 -0.090918 
1.490989 -1.175250 0.357912 -0.568233 -0.175293 -0.384662 0.062748 -0.053874 0.003181 0.087485 0.172058 0.087547 0.096463 0.002599 -0.058616 
1.377101 -1.076962 0.412805 -0.597595 -0.153947 -0.407056 -0.028629 0.082852 0.044418 0.106852 0.134757 0.098325 0.034420 -0.056706 -0.054851 
1.454736 -1.120125 0.383922 -0.705920 -0.051596 -0.354860 -0.048246 0.090283 0.069726 0.046931 0.212883 0.082362 -0.045573 -0.061381 -0.023299 
1.515260 -1.123082 0.286506 -0.692088 -0.009570 -0.148821 -0.092234 -0.049980 0.005952 0.147495 0.318037 -0.026162 -0.097306 -0.039402 -0.015867 
1.545027 -1.044488 0.298109 -0.747223 0.100776 -0.114143 -0.114001 -0.092219 0.010123 0.173465 0.331407 -0.089265 -0.104221 -0.041620 0.014090 
1.613971 -0.815922 0.370352 -0.666797 0.075052 -0.076957 -0.178131 -0.135446 0.007455 0.268398 0.269958 -0.085428 -0.060866 -0.045704 0.059939 
1.747143 -0.877942 0.474453 -0.502481 -0.045571 0.030817 -0.264777 -0.188869 -0.081562 0.279870 0.258601 -0.130107 0.100699 -0.094739 0.096519 
1.488275 -0.633509 0.709795 -0.122805 -0.202969 0.394854 -0.155519 -0.485559 -0.042123 0.033989 0.024799 -0.074668 0.038941 -0.115851 0.034574 
1.339627 -0.570362 0.999711 0.006860 -0.213820 0.456864 -0.269686 -0.549496 0.004523 -0.036288 -0.128095 -0.182808 -0.009557 -0.112370 0.031070 
1.256626 -0.523035 0.966692 0.097252 -0.234191 0.422519 -0.267250 -0.551007 0.046534 -0.044746 -0.155906 -0.189983 -0.017783 -0.067263 0.003432 
1.279484 -0.530010 0.970154 0.200858 -0.304775 0.407484 -0.288176 -0.542523 0.089381 -0.069406 -0.158295 -0.221338 0.019724 -0.041473 -0.014659 
1.283796 -0.528703 1.001521 0.137841 -0.274247 0.334285 -0.191904 -0.517404 0.014919 -0.060622 -0.165882 -0.192565 0.007625 -0.060777 -0.017697 
1.601462 -0.794153 0.741871 0.124424 -0.071743 -0.166184 -0.275707 -0.190270 0.043531 -0.004587 -0.069907 -0.076006 0.153861 0.024332 0.005409 
1.722947 -0.874609 0.764744 -0.149471 -0.105733 -0.169417 -0.321467 0.022262 0.053892 0.000424 -0.022282 -0.043580 0.282705 -0.117749 -0.028496 
1.534470 -0.933698 0.744374 -0.338205 -0.144253 -0.247557 -0.292940 0.076221 0.013760 -0.048529 0.007011 0.089479 0.189568 -0.109504 0.012815 
1.489432 -1.008556 0.789713 -0.421198 -0.142626 -0.282775 -0.262612 0.112059 -0.049574 -0.056561 0.026149 0.159134 0.129376 -0.111458 0.060081 
1.369827 -1.021908 0.857024 -0.494004 -0.127991 -0.300786 -0.174457 -0.010427 -0.062289 -0.046217 0.118208 0.055539 0.155333 -0.069794 0.063982 
1.300894 -0.990666 0.899865 -0.484016 -0.128665 -0.295487 -0.154721 -0.005402 -0.130979 -0.034948 0.100460 0.076747 0.103969 -0.035262 0.064165 
1.218627 -0.974913 0.962057 -0.457540 -0.168207 -0.256094 -0.121216 -0.062595 -0.149166 -0.070102 0.107890 0.059662 0.088570 -0.017187 0.058747 
1.196252 -0.969623 1.085387 -0.527122 -0.168204 -0.245457 -0.072961 -0.077422 -0.188982 -0.104324 0.124101 0.059770 0.023300 0.000336 0.123365 
1.085064 -0.804513 1.191914 -0.357010 -0.321819 -0.093935 -0.141948 -0.096138 -0.167542 -0.110599 0.112028 0.010899 -0.027810 0.066904 0.076337 
1.008508 -0.742707 1.386721 -0.357104 -0.300089 -0.030694 -0.183349 -0.074010 -0.187151 -0.119859 0.125449 -0.064185 0.000146 0.008876 0.152003 
0.903780 -0.674558 1.586135 -0.306280 -0.311193 -0.005596 -0.195495 -0.092074 -0.152561 -0.151622 0.108279 -0.039526 -0.044790 0.033856 0.140407 
0.827443 -0.575591 1.717805 -0.328064 -0.268601 0.027131 -0.206776 -0.080150 -0.140658 -0.184875 0.155472 -0.085664 -0.054572 0.074081 0.117887 
0.700705 -0.444755 1.736994 -0.342871 -0.255975 0.128204 -0.268590 -0.013540 -0.147861 -0.231041 0.203704 -0.139583 -0.089690 0.120214 0.062104 
0.596058 -0.387698 1.857720 -0.299429 -0.242694 0.164280 -0.280026 0.002219 -0.169329 -0.234688 0.204226 -0.173630 -0.080467 0.133150 0.042181 
0.512095 -0.222441 1.758606 -0.279158 -0.260253 0.232091 -0.322242 0.012742 -0.174543 -0.279544 0.229315 -0.240527 -0.095464 0.161400 -0.019702 
0.543910 -0.194824 1.717635 -0.262635 -0.205748 0.183241 -0.279245 0.010697 -0.187754 -0.263916 0.217722 -0.240957 -0.107617 0.160891 -0.009907 
0.449238 -0.104421 1.670061 -0.187149 -0.187480 0.209819 -0.259535 0.015724 -0.203837 -0.286626 0.202317 -0.289162 -0.138016 0.145338 -0.042224 
0.428325 -0.100935 1.802587 -0.134443 -0.197875 0.262892 -0.242538 0.009515 -0.191127 -0.298915 0.176625 -0.284406 -0.173046 0.118661 -0.031342 
0.531120 -0.152235 1.763353 -0.224745 -0.110509 0.265663 -0.299912 0.085919 -0.209588 -0.323896 0.236553 -0.362931 -0.107826 0.064202 -0.026769 
0.365383 -0.047934 1.618586 -0.225754 -0.081507 0.268462 -0.290153 0.097302 -0.219642 -0.276744 0.190272 -0.327550 -0.126870 0.081964 -0.052545 
0.282640 0.007123 1.640291 -0.194995 -0.105638 0.268498 -0.261445 0.070976 -0.205936 -0.277832 0.203366 -0.348574 -0.111437 0.088775 -0.065612 
0.129495 0.057793 1.548426 -0.110327 -0.166346 0.338843 -0.241235 0.018347 -0.191465 -0.277555 0.176937 -0.392935 -0.114822 0.090713 -0.120434 
0.047129 0.233027 1.568969 -0.090382 -0.140392 0.277428 -0.233087 0.059584 -0.231517 -0.300053 0.211201 -0.383976 -0.170540 0.127411 -0.096948 
0.131807 0.238182 1.444850 -0.077631 -0.066913 0.223910 -0.149927 0.041398 -0.173720 -0.295790 0.247952 -0.380941 -0.146810 0.143266 -0.122346 
0.200050 0.441539 1.182047 -0.168617 -0.091785 0.270811 -0.163697 0.028181 -0.184130 -0.244084 0.189046 -0.382986 -0.075522 0.088776 -0.121585 
-0.023546 0.285410 0.767329 0.075611 0.009966 0.317573 -0.241396 -0.085977 -0.224511 -0.203237 0.072441 -0.326858 -0.130886 0.006315 -0.096847 
-0.093772 0.366266 0.925893 -0.095083 -0.105304 0.136803 -0.113853 0.000083 -0.119863 -0.209705 0.211562 -0.249037 -0.055202 0.105925 -0.050339 
-0.155399 0.481509 0.945546 -0.039919 0.016164 0.252502 -0.109009 0.015336 -0.224707 -0.219356 0.181089 -0.377602 -0.107030 0.083697 -0.108684 
