city022_015
SOSHIGAYA
63
-0.547489 0.032508 0.408583 -0.274989 0.465452 -0.271757 -0.026893 0.109250 0.012394 0.026448 -0.090118 0.047328 0.039262 -0.050174 0.048431 
-0.723897 -0.179682 0.404071 -0.167486 0.452511 -0.562341 0.033951 0.112987 -0.092898 0.066300 -0.098841 0.033611 0.032644 0.005128 -0.005716 
-0.671951 -0.569548 0.253806 -0.309550 0.426200 -0.440066 0.020531 0.164350 -0.142939 0.097885 0.002787 -0.047405 0.032012 -0.056645 0.113263 
-0.235448 -0.512720 0.187046 -0.562832 0.250150 -0.287603 -0.042743 -0.001239 0.075525 0.210010 -0.061700 -0.065970 0.021764 -0.035029 0.106896 
0.481774 -0.263197 0.433365 -0.198609 0.287420 0.003806 -0.024513 0.010058 -0.036992 0.142539 -0.016494 -0.119801 0.153426 -0.092535 0.028121 
1.135336 0.201697 0.379961 -0.062178 0.341196 -0.261169 -0.233075 -0.007289 -0.146900 0.119260 -0.014585 -0.180955 0.200693 -0.077656 0.073347 
1.315336 0.295859 0.141302 -0.135951 0.208253 0.018843 -0.276720 0.127866 -0.093112 0.113987 0.146478 -0.217011 0.218067 -0.128416 0.075877 
1.874069 0.257552 0.157483 -0.174104 -0.091590 -0.021130 -0.013352 -0.174562 -0.382275 0.013478 0.145382 -0.208015 0.223238 -0.001814 -0.049295 
1.791571 0.044424 0.284683 -0.402774 -0.088741 0.196379 -0.124830 -0.261200 -0.383339 -0.113357 0.228864 -0.073929 0.221109 -0.014369 -0.094075 
1.796316 -0.036937 0.104301 -0.350497 0.009849 0.135247 -0.155584 -0.245053 -0.456441 -0.025514 0.158311 -0.150684 0.245933 -0.115759 -0.037169 
1.874304 -0.443161 0.239043 -0.416556 0.048538 0.163202 -0.253357 -0.225188 -0.408538 0.125751 0.211566 -0.224076 0.255241 -0.129679 -0.059945 
1.685211 -0.617083 0.461475 -0.378677 0.087377 0.101422 -0.319476 -0.268459 -0.314731 0.192515 0.177781 -0.190630 0.193593 -0.136532 0.055164 
1.480975 -0.414095 0.462756 -0.457251 0.235234 -0.039021 -0.261161 -0.235224 -0.277107 0.195772 0.079463 -0.213240 0.244036 -0.143911 0.077911 
0.755436 -0.131452 0.784298 -0.570047 0.557116 -0.168062 -0.348101 -0.000576 -0.232781 -0.031416 0.099072 -0.275453 0.129518 -0.048928 0.033890 
-0.333491 -0.018242 0.830332 -0.719541 0.647838 -0.439476 -0.156658 0.016710 -0.145657 0.067383 -0.027877 -0.125074 0.163199 -0.050184 -0.002640 
-0.865022 -0.280249 0.723244 -0.994973 0.738394 -0.409368 -0.172975 0.260220 -0.130960 0.053381 0.045775 -0.099806 0.107241 -0.072751 0.050702 
-0.985708 -0.351593 0.675280 -1.112114 0.578661 -0.453858 -0.143072 0.184060 0.034621 0.110411 -0.016024 -0.002087 -0.002933 -0.012047 -0.016553 
-1.147041 -0.493326 0.863486 -0.729788 0.590277 -0.355797 -0.130377 0.219669 -0.008028 -0.064667 -0.052375 0.120343 -0.077512 0.053588 -0.048118 
-1.096343 -0.524962 0.966410 -0.913755 0.649009 -0.179915 -0.169935 0.250207 -0.094477 -0.059859 0.096397 -0.063473 0.020655 0.011045 -0.026904 
-1.098726 -0.602783 0.925619 -0.780401 0.616152 -0.344635 -0.146573 0.288390 -0.095741 -0.046971 0.023781 0.016290 -0.010049 0.026536 -0.064801 
-1.047110 -0.888350 0.961313 -0.725577 0.354918 -0.444402 -0.105003 0.294672 -0.004313 -0.054745 -0.023270 0.033681 0.140789 -0.151221 -0.039903 
-0.732728 -0.708476 1.145553 -0.483187 0.356769 -0.267784 -0.168121 0.318279 -0.090592 -0.106027 0.040837 -0.007369 0.119221 -0.112555 -0.050560 
0.429072 -0.483754 1.226903 -0.252563 0.238182 -0.404604 -0.258302 0.196419 -0.297108 -0.099986 0.046872 -0.171184 0.149602 -0.003019 -0.077316 
0.932062 -0.858560 1.371048 0.043665 -0.136197 -0.250067 -0.233537 0.149900 -0.305702 -0.256718 0.197325 -0.285692 0.174756 -0.056098 -0.050442 
1.070160 -0.953216 1.303971 0.285319 -0.350484 -0.119799 -0.144827 0.093912 -0.372017 -0.209768 0.164704 -0.265284 0.018375 -0.015282 -0.038521 
0.881567 -0.994883 1.476358 0.216797 -0.337294 -0.078443 -0.109084 0.074378 -0.446521 -0.179231 0.208907 -0.401588 0.029691 -0.002972 -0.040469 
0.798673 -0.999232 1.600775 0.250013 -0.360761 -0.105908 -0.065581 0.121234 -0.507551 -0.145917 0.208604 -0.388531 0.000080 -0.010197 0.021068 
0.739857 -0.880451 1.479709 0.312254 -0.307819 -0.192965 0.023108 0.133355 -0.553258 -0.115722 0.218561 -0.389977 -0.035759 0.003252 0.054190 
0.766603 -0.747858 1.214033 0.392295 -0.233452 -0.257756 0.022664 0.152278 -0.541515 -0.127033 0.183699 -0.338178 -0.051386 -0.020102 0.077346 
1.033665 -0.693722 1.018345 0.430249 -0.172781 -0.329845 -0.019884 0.113957 -0.422667 -0.204800 0.131462 -0.260193 -0.024166 -0.031735 0.049471 
1.199204 -0.655014 0.660298 0.433994 -0.124781 -0.331943 -0.119122 0.011145 -0.312726 -0.218717 0.046648 -0.235015 0.058559 0.003131 -0.002074 
1.505936 -0.970904 0.596379 0.210782 0.053909 -0.311120 -0.260440 -0.105432 -0.236170 -0.019641 0.014908 -0.270349 0.141593 0.074601 0.039280 
1.552752 -0.982356 0.773364 -0.111195 -0.078363 -0.212458 -0.317732 -0.192851 -0.136697 0.138696 0.127927 -0.221226 0.176330 0.143882 0.086934 
1.559725 -0.937598 0.633291 -0.392271 -0.032823 -0.165466 -0.325186 -0.261677 -0.153649 0.234280 0.206540 -0.126077 0.089806 0.192309 0.077544 
1.503083 -0.880924 0.613230 -0.541179 0.057550 -0.242352 -0.245364 -0.329042 -0.085833 0.222306 0.255220 -0.083572 0.064340 0.170301 0.088264 
1.513121 -0.972522 0.460354 -0.577492 -0.045438 -0.140511 -0.212835 -0.254493 -0.003649 0.265480 0.328196 -0.049839 -0.051350 0.093614 0.075048 
1.492475 -0.992927 0.408666 -0.625552 0.008469 -0.215751 -0.165430 -0.246816 0.083057 0.235241 0.380359 -0.029129 -0.144532 0.092176 0.084723 
1.455050 -0.957517 0.338474 -0.583471 -0.017964 -0.204276 -0.169650 -0.199265 0.067251 0.275868 0.341509 0.016623 -0.209826 0.083730 0.095969 
1.517919 -1.023857 0.359449 -0.582833 0.007773 -0.213205 -0.188848 -0.168753 0.119319 0.233239 0.385020 -0.052781 -0.193122 0.054299 0.127621 
1.448014 -1.047272 0.280632 -0.458094 -0.026009 -0.257642 -0.223781 -0.115354 0.161700 0.262785 0.312926 -0.090469 -0.160166 0.064610 0.177897 
1.467309 -1.034201 0.303101 -0.347159 -0.062331 -0.298680 -0.283822 -0.057909 0.221104 0.235094 0.254939 -0.096104 -0.107361 0.118460 0.114815 
1.491251 -1.110388 0.381899 -0.334433 -0.079743 -0.354230 -0.300223 -0.049912 0.274006 0.180534 0.234468 -0.115821 0.002975 0.126017 0.038184 
1.500268 -1.148791 0.456732 -0.197298 -0.231026 -0.317806 -0.356646 -0.027950 0.261083 0.166413 0.114139 -0.056893 0.147333 0.108979 -0.063537 
1.468800 -1.141585 0.578784 -0.058523 -0.378961 -0.274301 -0.362392 -0.041114 0.297238 0.061602 0.119009 -0.030496 0.219089 0.082143 -0.139692 
1.410895 -1.119361 0.638292 -0.028533 -0.469082 -0.228181 -0.392912 -0.011318 0.263393 0.040755 0.085844 0.039205 0.249807 0.029957 -0.158637 
1.423581 -1.201567 0.703483 -0.021811 -0.555037 -0.162778 -0.443206 -0.002899 0.250382 -0.015126 0.126775 0.047172 0.269290 0.022887 -0.142106 
1.432323 -1.143615 0.589831 0.045789 -0.504928 -0.287165 -0.324208 -0.056347 0.227797 0.065221 0.033025 0.129753 0.227447 0.004460 -0.088629 
1.621403 -1.345105 0.597698 0.074029 -0.599334 -0.123356 -0.386440 -0.011380 0.285779 -0.012734 0.114088 0.039375 0.210971 -0.012803 -0.100200 
1.586205 -1.243474 0.305554 0.120742 -0.484218 -0.294441 -0.168714 -0.164862 0.374308 0.040719 0.046035 0.102103 0.092442 0.023541 -0.072304 
1.636594 -1.154341 0.144376 0.015298 -0.382659 -0.296227 -0.212852 -0.107859 0.285901 0.138864 0.042132 0.049580 0.137598 -0.031734 -0.008749 
1.411458 -0.983063 0.145091 -0.094977 -0.325317 -0.289424 -0.328743 0.002359 0.350811 0.198413 0.064118 -0.059564 0.164659 -0.020863 -0.109824 
1.521547 -0.711614 -0.083579 -0.271414 -0.076979 -0.231018 -0.439262 0.073898 0.314129 0.230375 0.101158 -0.055028 0.012833 -0.033632 0.049821 
1.260907 -0.866714 0.047679 -0.200886 -0.251869 -0.154431 -0.171068 -0.058951 0.140127 0.390904 0.115435 -0.191675 0.007068 -0.033435 0.101430 
1.071893 -0.648190 -0.322610 -0.335467 -0.205285 -0.074432 -0.118251 0.019795 0.045313 0.366492 0.211444 -0.262704 -0.035610 -0.067088 -0.001877 
1.085241 -0.559771 -0.245117 -0.243868 0.074494 -0.112602 -0.027242 0.025365 -0.021140 0.253204 0.281483 -0.358767 -0.102053 0.003375 0.149103 
1.266492 -0.666210 -0.337691 -0.334284 -0.114635 -0.112784 -0.169035 0.066044 0.072019 0.228487 0.352598 -0.262126 -0.080993 -0.121955 0.087922 
1.575395 -0.610408 -0.385239 -0.232998 -0.353928 0.097311 0.001301 -0.139726 0.175216 0.200016 0.349085 -0.209570 -0.250509 -0.063184 0.056924 
0.944822 -0.353039 -0.528094 -0.340587 -0.252739 0.062420 0.036571 -0.028903 0.084730 0.225500 0.244736 -0.296428 -0.084647 -0.092269 -0.064167 
1.080214 -0.512950 -0.528831 -0.365390 -0.142322 0.077904 0.041849 -0.019262 -0.008637 0.287158 0.233831 -0.336397 -0.106797 -0.065846 -0.032924 
1.077704 -0.322113 -0.506284 -0.337615 -0.178860 0.034101 0.072430 -0.021142 0.054629 0.212264 0.218797 -0.286556 -0.107076 -0.048276 -0.042434 
0.937586 -0.173592 -0.410358 -0.260138 -0.082193 0.125554 0.106078 -0.060687 0.039347 0.115069 0.219367 -0.216867 -0.121091 -0.016570 0.010489 
1.224332 -0.277837 -0.321716 -0.472434 -0.202357 0.248080 0.078998 -0.058913 0.040370 0.129387 0.338921 -0.222689 -0.149282 -0.117884 -0.123098 
0.185923 -0.279851 -0.637605 -0.411002 -0.247613 0.058894 0.066411 -0.156602 0.226400 0.173549 0.208932 -0.065289 -0.175872 -0.227052 -0.054484 
