city022_077
NYAKUSEI
59
-0.416230 0.030368 -0.251648 0.008325 -0.194014 -0.159548 -0.214465 -0.147981 0.002055 0.191934 0.050415 0.096439 -0.009564 0.006815 0.094022 
-0.366915 0.237511 0.089043 0.128780 -0.158963 -0.025642 -0.153507 -0.036380 -0.024356 0.055190 -0.077018 0.011680 0.070257 -0.027194 -0.010332 
0.425738 0.536048 0.299336 0.421428 0.112336 0.086574 -0.086168 0.009890 -0.085073 -0.108954 -0.089883 -0.061577 -0.120843 -0.025108 -0.085624 
0.921801 0.304556 0.486926 0.442511 -0.121130 -0.019795 -0.103318 0.014995 -0.267783 -0.213086 0.027288 -0.093593 -0.297751 0.102413 -0.006534 
1.010112 0.168897 0.588257 0.437743 -0.272144 0.051185 -0.079978 0.016238 -0.287676 -0.223567 0.025499 -0.149759 -0.251477 0.077613 -0.062098 
1.097691 -0.049975 0.878170 0.127658 -0.203932 0.160284 -0.223425 0.028459 -0.268438 -0.220397 -0.022541 -0.073339 -0.304553 0.154359 -0.103806 
0.959668 0.159656 1.274916 -0.143982 -0.444894 0.333833 -0.355211 0.018712 -0.200050 -0.203599 0.020165 -0.115413 -0.216672 0.142642 -0.049236 
0.924736 -0.040975 1.475565 -0.184046 -0.436990 0.283375 -0.414784 0.045617 -0.224570 -0.226680 0.102190 -0.067455 -0.230805 0.220296 -0.027197 
0.993774 -0.334513 1.525416 -0.134090 -0.608678 0.333855 -0.452545 0.018003 -0.138948 -0.277896 0.164618 -0.003163 -0.214262 0.203363 0.032992 
1.116810 -0.621385 1.466314 -0.179730 -0.639090 0.208631 -0.432449 0.060109 -0.183498 -0.107255 0.124020 0.067794 -0.062973 0.099643 0.080820 
1.210630 -0.736490 1.090696 -0.322520 -0.541398 -0.061307 -0.266872 0.034664 -0.212440 0.031299 0.054095 0.115092 0.001294 0.086712 0.015814 
1.374442 -0.814666 0.774820 -0.200857 -0.476542 -0.251646 -0.266254 0.086739 -0.142180 0.051932 0.106418 0.097878 0.118259 0.063992 -0.068548 
1.599725 -0.849517 0.442445 -0.089906 -0.258980 -0.408130 -0.323385 0.093625 -0.011399 0.158393 -0.006944 0.124612 0.100688 0.158115 -0.126253 
1.581735 -0.905721 0.121755 -0.242910 0.152132 -0.389454 -0.544620 0.178703 0.066205 0.130918 0.033176 0.138913 0.029405 0.060884 0.025781 
1.576982 -1.040665 0.073422 -0.352194 0.289126 -0.322914 -0.557918 0.115141 -0.004803 0.249805 -0.032541 0.112323 0.027520 0.058958 0.073193 
1.863710 -0.961559 -0.023749 -0.107545 0.184315 -0.202189 -0.542741 0.040100 -0.065565 0.256803 -0.026974 0.150802 -0.101299 0.077080 0.143103 
1.853013 -0.543063 -0.524200 0.249387 0.235136 -0.330701 -0.262479 -0.098784 -0.223581 0.195438 0.037345 0.106217 -0.160638 0.037178 0.180675 
1.214140 0.143128 -0.368240 0.039990 -0.016918 0.019086 -0.197518 -0.054477 -0.086611 0.088725 0.032100 0.002064 -0.041425 0.052478 0.002965 
0.843214 -0.032370 -0.394643 0.279081 -0.019985 -0.005000 -0.124830 -0.149671 -0.062824 0.040785 -0.061443 0.087133 -0.068746 0.046653 -0.015594 
0.507054 0.109966 0.040172 0.436034 0.129052 0.053929 -0.213761 -0.065860 -0.143484 0.011610 -0.087121 -0.030391 -0.134312 -0.002123 0.018795 
0.032603 -0.218700 -0.194285 0.304396 0.037896 -0.020594 -0.204864 -0.036858 -0.063256 0.065658 -0.022818 0.062626 -0.093153 -0.006994 0.099895 
0.484263 0.164112 0.003820 0.367829 0.340519 0.210906 -0.195924 -0.064375 0.047788 0.027678 -0.104892 0.071168 -0.115196 -0.032870 0.016061 
0.368638 0.191353 0.033721 0.312328 0.214553 0.118254 -0.303505 -0.015729 0.076339 0.106275 -0.169980 -0.044225 0.028065 0.024417 0.012971 
0.677999 -0.264977 -0.638145 -0.273020 -0.236423 -0.002243 -0.017176 0.204099 0.088899 0.018006 -0.218377 0.097514 0.072363 -0.017892 -0.096262 
0.971479 -0.738001 -0.494890 -0.500126 -0.090848 0.034336 0.102485 0.171336 0.011138 0.041878 -0.244332 0.156859 -0.001971 0.006362 -0.069347 
-0.307748 -0.782723 -0.062391 -0.011306 0.028986 -0.243787 0.187897 -0.033071 0.043154 0.063402 -0.090925 -0.008360 -0.001472 0.050329 -0.018092 
-0.276385 -0.156332 0.148143 0.039302 -0.093526 -0.182730 0.059454 -0.283678 0.035606 0.084822 -0.010515 -0.002116 -0.025483 0.107432 -0.062380 
-0.097875 0.044256 0.446282 0.109799 -0.057582 -0.205208 0.019315 -0.198825 0.059984 -0.112241 -0.038916 0.061600 -0.072137 0.067282 -0.032635 
-0.242605 -0.051370 0.317156 0.194972 0.032042 -0.062662 0.025330 -0.099145 0.076173 0.048271 -0.094604 0.023938 -0.018877 0.067029 -0.047460 
-0.138964 0.070459 0.271938 0.352634 -0.020890 -0.174658 0.114148 -0.098504 0.094524 -0.082013 -0.022851 0.037512 -0.044478 0.078445 -0.126546 
-0.361996 -0.145734 0.202674 -0.052772 0.144443 0.130645 0.133537 -0.062765 0.073148 0.043759 -0.092354 0.078072 0.043855 -0.016327 -0.027382 
-0.274632 0.063818 0.344773 0.092452 0.039080 -0.173148 0.100484 -0.149278 0.046912 0.008470 -0.111920 0.088824 -0.026130 -0.026234 0.026586 
-0.247370 -0.049235 0.337143 0.180263 -0.003970 -0.196989 0.181815 -0.007666 0.018450 0.045944 -0.118275 0.123165 -0.015533 -0.033958 0.008714 
-0.368183 -0.073785 0.306444 0.040878 0.005258 -0.244700 0.095673 -0.030963 -0.011520 -0.027448 -0.029766 0.080731 -0.019966 -0.069769 0.112164 
-0.341773 -0.058595 0.472703 0.293095 0.174357 -0.227523 0.070357 -0.140252 0.043929 -0.050723 -0.066039 -0.055489 0.070640 -0.155248 0.153452 
-0.413453 -0.028289 0.526353 0.109368 0.092635 -0.144323 0.240151 -0.152812 0.176497 -0.152034 0.103338 -0.000657 -0.042222 0.048952 -0.049773 
-0.185296 -0.182068 0.423312 0.045019 0.144823 -0.263817 0.229112 0.057394 0.069551 -0.115121 0.025930 0.157993 -0.159212 0.071503 0.001203 
0.172169 -0.150487 0.678961 0.068377 0.160490 -0.241112 -0.141242 0.041290 0.092908 -0.009458 -0.298291 0.240731 -0.005239 -0.051562 0.019108 
1.171183 -0.331210 0.673507 0.122426 -0.090101 -0.258406 -0.223398 -0.102542 -0.131019 0.103855 -0.327920 0.130446 0.053552 0.065494 -0.085166 
1.555873 -0.699301 0.671224 0.295166 -0.331102 -0.076046 -0.345668 -0.031967 -0.121691 -0.088978 -0.238946 0.052690 0.078364 0.047666 -0.142368 
1.552906 -0.842213 0.874144 0.234042 -0.439991 -0.111671 -0.422614 0.034719 -0.211067 -0.070178 -0.205649 0.146572 0.103678 0.019030 -0.077020 
1.353504 -0.797622 0.889665 -0.010454 -0.400828 -0.169984 -0.312275 -0.008423 -0.231602 -0.109319 -0.101852 0.138445 0.092812 -0.003057 -0.008534 
1.279959 -0.818608 0.927826 -0.144636 -0.368373 -0.187358 -0.210553 -0.060032 -0.318570 -0.064860 -0.083437 0.137872 0.027176 0.042513 0.039535 
1.227387 -0.762233 0.976810 -0.153283 -0.435692 -0.146479 -0.198954 -0.080014 -0.300559 -0.102642 -0.044128 0.123268 -0.023800 0.096383 0.007401 
1.224323 -0.740127 1.081026 -0.026963 -0.514691 -0.135771 -0.204404 -0.110313 -0.251124 -0.130466 0.002623 0.100108 -0.041083 0.086062 0.043168 
1.312911 -0.803864 1.198364 0.012285 -0.576395 -0.053847 -0.275085 -0.072839 -0.275585 -0.114186 0.004746 0.095415 -0.071951 0.123972 0.030502 
1.224532 -0.711840 1.261468 0.090329 -0.669592 0.040791 -0.284650 -0.101528 -0.228636 -0.143259 0.050594 0.043473 -0.051755 0.108169 0.047393 
1.307327 -0.743385 1.361205 0.043635 -0.761001 0.205261 -0.347757 -0.052174 -0.249410 -0.182523 0.106733 -0.047094 -0.076288 0.131581 0.015458 
1.076873 -0.576880 1.334489 -0.006189 -0.620547 0.151762 -0.269979 -0.065058 -0.261839 -0.172388 0.080287 -0.066666 -0.104268 0.113582 0.027591 
1.121003 -0.573918 1.419561 -0.048795 -0.606310 0.247384 -0.323267 -0.002063 -0.305757 -0.134558 0.035488 -0.082520 -0.117668 0.100606 0.019804 
0.982356 -0.411869 1.438248 -0.106678 -0.424354 0.175369 -0.268205 0.009421 -0.351298 -0.088151 -0.048561 -0.043403 -0.210537 0.132722 0.002629 
0.870184 -0.239360 1.456520 -0.054025 -0.517052 0.324230 -0.321338 0.002033 -0.299411 -0.166590 0.026508 -0.162970 -0.163004 0.113111 -0.038295 
0.751299 0.075348 1.429738 -0.088172 -0.414000 0.255681 -0.303144 0.006636 -0.325037 -0.144773 0.030452 -0.194887 -0.150273 0.126080 -0.052292 
0.497007 0.255492 1.533339 -0.039276 -0.349220 0.229094 -0.318619 0.040774 -0.389275 -0.109101 0.050066 -0.252330 -0.050875 0.085233 -0.046497 
0.386102 0.414906 1.391280 -0.031739 -0.333004 0.170739 -0.227793 -0.054836 -0.415649 0.005091 -0.090707 -0.235387 -0.016153 0.047223 -0.060186 
0.207620 0.500120 1.063010 0.053259 -0.324719 0.103919 -0.119046 -0.132611 -0.396678 0.001553 -0.166313 -0.220298 -0.045729 -0.041435 -0.004923 
-0.025391 0.403292 1.428528 -0.066232 -0.322342 0.173440 -0.190688 -0.134269 -0.357257 0.040817 -0.198742 -0.159241 0.000016 -0.039531 -0.010007 
0.122781 0.350991 0.430120 0.317770 -0.238832 -0.080994 0.043802 -0.195074 -0.416628 0.025430 -0.122745 -0.138139 -0.123657 0.078929 -0.024187 
-0.223823 -0.038812 0.050539 0.128649 -0.414631 -0.136699 -0.249832 -0.078363 -0.093893 0.017383 0.151057 0.096484 -0.043581 0.145031 0.053384 
