city022_041
RUMOI
53
-0.352649 0.213700 -0.091719 -0.034329 -0.166338 0.118221 -0.222701 -0.035360 -0.061149 0.089296 -0.013190 0.056966 -0.073916 0.093881 -0.052061 
-0.081254 0.281043 0.008454 0.193763 -0.149000 0.106552 -0.239659 -0.012409 -0.035983 0.019930 -0.080154 0.105538 -0.136510 0.134993 -0.067018 
0.264677 0.502672 0.301575 0.615804 0.010270 0.106432 -0.213843 0.006670 0.003593 -0.000750 -0.208902 -0.081049 0.038815 -0.056276 -0.080029 
0.459318 0.515390 0.466573 0.510065 0.027707 0.122769 -0.329963 -0.129895 0.044474 -0.015085 -0.321589 -0.101295 -0.016167 0.057648 -0.195315 
0.671413 0.395020 0.074679 0.520800 -0.000643 0.054840 -0.349859 -0.008141 0.107145 0.046029 -0.220104 -0.006354 0.046805 0.083394 -0.110232 
0.576422 0.337390 0.041451 0.514084 0.084449 -0.015364 -0.356904 -0.033826 0.058489 0.044328 -0.265706 -0.091822 0.089121 0.054155 -0.130968 
0.460403 0.282027 0.230059 0.571081 0.094461 0.017582 -0.427510 0.036493 0.083888 -0.071379 -0.288701 -0.046366 -0.014677 0.108535 -0.191497 
0.650258 0.258385 0.033884 0.661859 0.087542 0.073460 -0.329367 -0.027660 0.085269 -0.101567 -0.304972 0.009834 -0.050430 -0.020482 -0.118227 
0.652970 0.221255 0.080739 0.730688 0.075640 0.013709 -0.298068 -0.054217 0.026137 0.012135 -0.315107 -0.092036 -0.004506 0.002499 -0.078365 
0.746797 0.272401 0.070524 0.717692 0.061078 0.000077 -0.299455 -0.046422 -0.018519 -0.023802 -0.263354 -0.144443 -0.040435 0.087389 -0.187116 
0.855074 -0.307547 0.123306 0.717405 -0.144098 0.054847 -0.110265 -0.120504 -0.072707 -0.078232 -0.115596 0.031034 -0.173340 0.065027 -0.088584 
1.165030 -1.082887 0.576995 0.439042 -0.200929 0.007451 -0.251731 -0.119464 -0.137198 0.096016 -0.216532 -0.027350 0.074031 -0.052960 -0.012013 
1.413101 -0.930844 1.104429 0.159901 -0.256407 0.246089 -0.621106 -0.088664 -0.066057 -0.060436 -0.146380 -0.184880 -0.003927 0.250765 -0.185938 
1.373868 -0.798783 1.131539 -0.046742 0.006124 -0.013826 -0.582527 -0.017807 -0.153313 0.060284 -0.185065 -0.080696 -0.035247 0.301435 -0.090006 
1.423159 -0.743930 1.015933 -0.077995 0.013159 -0.031005 -0.503497 -0.062917 -0.240287 0.100698 -0.109624 -0.163354 -0.030028 0.320978 -0.137445 
1.472607 -0.743464 0.977126 -0.088166 0.032341 -0.014566 -0.521963 -0.050053 -0.240034 0.144095 -0.101351 -0.169393 -0.027438 0.328789 -0.122500 
1.522443 -0.701937 0.937955 -0.058390 -0.011415 0.036188 -0.539679 0.007896 -0.291072 0.164113 -0.082660 -0.160031 -0.029395 0.295968 -0.100707 
1.535912 -0.638872 0.961073 -0.123749 -0.015444 0.072803 -0.440318 -0.049332 -0.347511 0.137049 -0.077330 -0.124091 -0.098322 0.254122 -0.086152 
1.607791 -0.567684 0.813466 -0.226769 -0.011082 0.228592 -0.430317 -0.109887 -0.423840 0.133213 0.055711 -0.181389 -0.064877 0.159782 -0.093636 
1.609761 -0.371914 0.628260 -0.156820 -0.192678 0.349791 -0.387157 -0.067714 -0.435551 0.015422 0.136874 -0.232229 -0.003143 0.162903 -0.185709 
1.220292 -0.275023 0.863900 0.164206 -0.573749 0.597533 0.026575 -0.198682 -0.332825 -0.026618 -0.212641 -0.188572 -0.060086 0.037208 -0.178643 
1.070628 -0.343769 0.954733 0.068655 -0.447969 0.492684 0.069055 -0.244401 -0.361493 0.001897 -0.255677 -0.137871 -0.112655 0.055991 -0.203589 
1.193297 -0.374726 1.010301 0.035750 -0.488748 0.537386 0.005865 -0.189269 -0.354818 0.001675 -0.235658 -0.173783 -0.066577 0.035055 -0.186622 
1.237326 -0.303161 1.002558 -0.144164 -0.470706 0.526287 0.081043 -0.153623 -0.318575 -0.029566 -0.295836 -0.136417 -0.037467 0.038024 -0.107118 
1.347929 -0.317439 1.081255 -0.270443 -0.511454 0.557002 0.058422 -0.040007 -0.339676 0.054270 -0.410224 -0.079420 -0.085532 0.095521 -0.104842 
1.258423 -0.256061 1.042771 -0.275857 -0.532099 0.541437 0.098618 -0.081926 -0.255235 0.017868 -0.401830 -0.072119 -0.074690 0.076898 -0.060967 
1.311568 -0.263909 1.077494 -0.334303 -0.530473 0.510911 0.088067 -0.013035 -0.245964 0.040711 -0.411055 -0.089766 -0.059847 0.026923 0.009036 
1.619884 -0.472055 0.830620 -0.268786 -0.349208 0.293850 -0.221163 -0.096460 -0.099168 0.084006 -0.172180 0.091930 0.022172 -0.031265 0.026177 
1.884097 -0.634485 0.509165 -0.432351 -0.209139 0.071212 -0.449857 0.138270 0.002877 0.131198 -0.110248 0.100891 0.075994 -0.006310 -0.068127 
1.886586 -0.524071 0.514451 -0.582970 -0.246260 0.067517 -0.475770 0.235670 0.078768 0.092410 -0.128713 0.037104 0.042917 0.000212 -0.117111 
1.866181 -0.487934 0.380369 -0.573665 -0.244758 0.080654 -0.457333 0.262873 0.151424 0.069771 -0.134976 0.045392 0.003550 -0.026893 -0.085167 
1.843503 -0.588969 0.391393 -0.611230 -0.293382 0.094366 -0.424333 0.290178 0.150226 0.039274 -0.118213 0.019718 0.018083 -0.037278 -0.088909 
1.904768 -0.626347 0.319273 -0.582961 -0.342765 0.075600 -0.374192 0.319917 0.142370 0.008858 -0.105854 -0.012819 0.049560 -0.059106 -0.074293 
1.877495 -0.609138 0.424629 -0.538228 -0.427879 0.044816 -0.440181 0.282248 0.029447 0.042588 -0.036624 -0.003975 0.111037 -0.011073 -0.113485 
1.888856 -0.671890 0.395427 -0.569891 -0.472233 0.114748 -0.449622 0.274950 -0.104782 -0.027215 -0.012597 -0.034011 0.183233 0.094457 -0.087924 
1.900565 -0.774009 0.292055 -0.492599 -0.414818 0.134790 -0.373433 0.178314 -0.250739 -0.024987 -0.010310 0.039688 0.220914 0.168519 -0.103708 
1.715264 -0.704049 0.327553 -0.493199 -0.237721 0.128480 -0.351464 0.002664 -0.436604 0.108843 0.074638 0.079458 0.174125 0.136919 -0.126161 
1.716332 -0.587685 0.391792 -0.409674 -0.161424 0.240391 -0.406407 -0.191908 -0.492778 0.171674 0.226551 -0.022394 0.049799 0.146064 -0.182058 
1.579573 -0.434249 0.622281 -0.116853 -0.057443 0.129371 -0.534945 -0.211548 -0.320728 0.251406 0.109373 -0.215835 0.012523 0.253144 0.016719 
1.271943 -0.495272 0.930489 0.092723 -0.084491 -0.018355 -0.581115 -0.015520 -0.230515 0.066024 -0.080273 -0.227020 0.070703 0.343830 -0.187851 
1.106088 -0.581399 1.243841 0.245883 -0.281265 -0.085135 -0.433057 0.165884 -0.375914 -0.123657 -0.053832 -0.107854 0.004184 0.175393 -0.191944 
1.006895 -0.590330 1.440949 0.207268 -0.478638 0.062106 -0.318565 0.165717 -0.494731 -0.145211 0.105380 -0.225998 -0.086672 0.144730 -0.163650 
0.719749 -0.370340 1.713508 0.106686 -0.457136 0.169139 -0.193573 0.012308 -0.383822 -0.074546 0.054992 -0.210248 -0.079456 0.122912 -0.088051 
0.479626 -0.205165 1.809310 0.025194 -0.440064 0.288428 -0.250446 -0.004115 -0.333717 -0.052009 -0.032702 -0.132934 -0.124810 0.139495 -0.099023 
0.305264 -0.032856 1.698017 0.019461 -0.427196 0.352385 -0.288229 0.021867 -0.340561 -0.116426 0.015105 -0.234155 -0.148291 0.135506 -0.126577 
0.224628 -0.019514 1.674383 0.035915 -0.448213 0.472446 -0.350649 0.065419 -0.317145 -0.170885 0.053839 -0.301557 -0.148078 0.089489 -0.113306 
0.311857 0.156856 1.619670 0.060249 -0.401987 0.418923 -0.316571 0.056670 -0.283505 -0.180446 0.089658 -0.274048 -0.156081 0.146465 -0.132133 
0.270281 0.366577 1.416340 -0.022050 -0.262705 0.282986 -0.350630 0.170852 -0.431342 -0.076113 0.051324 -0.266517 -0.125451 0.150878 -0.144923 
0.017566 0.391331 1.285531 -0.015632 -0.105341 0.230164 -0.263730 0.185060 -0.418741 -0.057293 -0.001097 -0.234316 -0.199231 0.137538 -0.132886 
-0.040384 0.276905 0.798124 -0.088163 -0.107433 0.335117 -0.225597 0.101007 -0.192512 -0.005536 0.014758 -0.081227 -0.098435 0.145415 -0.146786 
-0.005460 0.328727 0.920841 0.058304 -0.057775 0.375982 -0.254513 0.097219 -0.261456 -0.153444 0.114483 -0.295308 -0.166726 0.169807 -0.229881 
-0.085391 0.320488 1.253175 -0.037568 -0.083676 0.319681 -0.256932 0.263645 -0.354964 -0.031034 0.130637 -0.292017 -0.078892 0.141337 -0.155768 
-0.040239 0.383692 0.463405 0.359817 -0.052040 0.223805 -0.080973 -0.022709 -0.353728 0.037222 0.037319 -0.281332 -0.124170 0.116834 -0.166412 
