city022_054
ZOOSHIGAYA
76
-0.270476 0.212097 0.098459 0.246266 -0.062288 0.238117 -0.010161 -0.019543 -0.118371 0.107381 0.009571 0.055431 -0.184014 0.200145 -0.100894 
0.188796 0.580670 0.196044 0.355175 0.209877 0.239869 -0.137120 -0.054124 -0.082752 0.068852 -0.103944 -0.068952 -0.089551 -0.020193 -0.068611 
0.427655 0.269735 0.545476 0.124510 0.047111 0.105391 -0.138040 -0.054455 -0.244687 0.043391 -0.191052 -0.033832 -0.136129 0.033608 -0.099938 
0.685035 0.364906 0.189757 0.345660 -0.007345 0.067249 -0.325633 -0.188756 -0.083759 0.167397 -0.164639 -0.132148 -0.016498 0.171381 -0.088130 
0.609162 0.292144 0.207948 0.253405 0.204907 0.008058 -0.191104 -0.195379 -0.139425 0.232983 -0.233106 -0.101456 -0.056011 0.072184 -0.035012 
0.318609 0.106775 0.396335 0.066352 0.464458 -0.172526 -0.265603 -0.118180 -0.273218 0.285746 -0.282821 -0.168337 -0.097943 0.137192 -0.019013 
0.216400 0.200760 0.513955 -0.155012 0.559555 -0.128911 -0.174916 -0.137619 -0.279903 0.162645 -0.256192 -0.010623 -0.243333 0.099255 -0.072633 
0.202694 0.139289 0.649453 -0.263074 0.479738 -0.097437 -0.190401 -0.081804 -0.345871 0.168537 -0.244810 -0.034433 -0.138145 0.020746 -0.053763 
0.625249 0.018909 0.432486 -0.127776 0.497055 -0.113956 -0.137271 -0.225818 -0.370353 0.285241 -0.219761 -0.054350 -0.213996 0.072508 -0.002019 
1.031793 -0.218660 0.465076 -0.086801 0.280021 0.065048 -0.255758 -0.220097 -0.418137 0.187265 -0.135787 -0.141506 -0.148005 0.055066 -0.091692 
1.378700 -0.145498 0.623387 -0.281853 0.162295 0.217404 -0.370631 -0.188381 -0.530577 0.267267 -0.077334 -0.106792 -0.090577 0.047509 -0.107235 
1.623116 -0.219199 0.620119 -0.398453 0.055374 0.259659 -0.338129 -0.222009 -0.537243 0.175540 0.011551 -0.088258 0.005390 0.061100 -0.217361 
1.776656 -0.233048 0.548510 -0.500257 -0.058765 0.253246 -0.321522 -0.138450 -0.522576 0.091390 -0.027609 -0.056707 0.097632 0.089913 -0.217756 
1.792610 -0.402474 0.368097 -0.455071 -0.053519 0.027694 -0.290447 -0.002648 -0.337168 -0.067303 -0.209629 -0.031244 0.110173 0.183284 -0.136059 
1.774407 -0.444420 0.379415 -0.397172 -0.165915 0.020098 -0.333085 0.094866 -0.312436 -0.065077 -0.248131 -0.054895 0.147154 0.168329 -0.131767 
1.778121 -0.348002 0.357336 -0.459676 -0.166915 -0.000708 -0.284294 0.162562 -0.250938 -0.169582 -0.226758 -0.077079 0.127320 0.135576 -0.051879 
1.797869 -0.310854 0.351754 -0.493014 -0.089471 -0.067488 -0.198953 0.060574 -0.247496 -0.092630 -0.205779 -0.005042 0.014133 0.222258 -0.114930 
1.881521 -0.168665 0.557272 -0.573851 -0.424785 0.086171 -0.184202 0.093771 -0.261518 -0.054484 -0.144697 -0.176808 0.063685 0.159949 -0.086308 
1.908094 -0.156140 0.540566 -0.577342 -0.516458 0.190327 -0.301085 0.201242 -0.298833 -0.046394 -0.135471 -0.254001 0.084189 0.165396 -0.120164 
1.962750 -0.220914 0.517765 -0.534955 -0.536911 0.227272 -0.331110 0.212232 -0.316211 -0.055158 -0.110810 -0.234870 0.128778 0.139562 -0.072600 
1.886483 -0.174699 0.605671 -0.711894 -0.433976 0.229905 -0.247110 0.105308 -0.311093 -0.072879 -0.128573 -0.144516 0.144029 0.182285 -0.060585 
1.768848 -0.362432 0.504919 -0.682617 -0.261554 0.205864 -0.217387 0.019986 -0.352590 -0.141487 -0.154834 0.010404 0.092116 0.289233 -0.122349 
1.717645 -0.641182 0.409040 -0.532475 -0.020708 -0.023892 -0.237983 0.085646 -0.379271 -0.254253 -0.143327 0.129813 0.120130 0.215377 -0.098106 
1.686616 -0.675503 0.321199 -0.393304 -0.057404 0.040056 -0.273352 -0.084407 -0.399414 -0.081707 -0.101324 0.058309 0.205419 0.141565 -0.168873 
1.633070 -0.775911 0.473631 -0.410357 0.054956 0.019663 -0.332592 -0.149564 -0.448411 0.061913 -0.068265 0.053410 0.089150 0.118820 -0.154394 
1.574799 -0.768730 0.693066 -0.458767 0.106058 -0.024117 -0.407656 -0.102996 -0.404748 0.178376 -0.065394 -0.036877 0.070843 0.118335 -0.086411 
1.473958 -0.778911 0.869132 -0.372794 0.150596 -0.000302 -0.567848 -0.038058 -0.366901 0.290645 -0.165587 -0.119379 0.069605 0.170524 -0.067990 
0.796286 -0.450276 0.813640 -0.252059 0.363391 -0.169473 -0.400363 -0.128589 -0.299440 0.291403 -0.301842 -0.171226 0.072381 0.104380 -0.042190 
0.020932 -0.097818 0.854411 -0.345486 0.680137 -0.215366 -0.322394 0.192792 -0.139937 0.186356 -0.257661 -0.032984 0.041756 0.067366 -0.115191 
-0.685587 -0.094704 0.852258 -0.541043 0.663711 -0.125228 -0.292957 0.350314 -0.172968 0.147016 -0.125145 0.041399 0.015252 0.006177 -0.022657 
-0.656260 -0.075259 0.659161 -0.677172 0.334896 -0.242679 -0.259229 0.178150 -0.165145 0.150138 -0.115888 0.124242 -0.041509 0.025085 0.017276 
-0.892769 -0.203925 0.585578 -0.749853 0.433367 -0.318049 -0.210215 0.203327 -0.181078 0.206113 -0.052918 -0.026789 0.058154 0.023298 -0.070436 
-0.966754 -0.471250 0.684705 -0.841475 0.354277 -0.277689 -0.051895 0.270108 -0.129758 0.085939 -0.022404 -0.049715 0.064449 -0.033053 -0.085535 
-1.000298 -0.651025 0.750874 -0.708744 0.456885 -0.329277 -0.117369 0.335110 -0.142123 0.053517 -0.112330 0.090717 0.037324 -0.051051 -0.065081 
-1.227194 -0.868568 0.722242 -0.975079 0.485505 -0.151767 -0.088136 0.337804 -0.199567 0.061397 -0.054987 -0.005301 0.000966 0.070026 -0.117381 
-1.062970 -0.733945 0.876892 -0.849413 0.461409 -0.192086 -0.112065 0.328448 -0.151036 -0.056760 0.041256 0.035000 -0.046590 0.034135 -0.065021 
-1.051891 -0.696613 1.142603 -0.609543 0.395536 -0.306153 -0.221678 0.439961 -0.170150 -0.122918 0.036664 0.152326 -0.097932 -0.016635 -0.028910 
-0.762319 -0.833107 1.164026 -0.438863 0.250575 -0.163002 -0.076310 0.281763 -0.197988 0.045693 -0.001191 0.003072 0.022493 0.011143 -0.118584 
0.121177 -0.266724 1.168004 -0.219917 0.209873 -0.313706 -0.132330 0.213821 -0.337927 0.024130 -0.101332 0.045467 -0.052651 0.007448 -0.077393 
0.680003 -0.697158 1.417207 0.013823 -0.110318 -0.263482 -0.243013 0.258760 -0.482463 -0.104267 0.031781 -0.079025 -0.054175 0.066054 -0.089757 
0.815189 -0.835510 1.434646 0.111751 -0.316039 -0.118916 -0.265514 0.202554 -0.440665 -0.122947 0.084132 -0.095998 -0.097447 0.127956 -0.059237 
0.888100 -0.902235 1.525893 0.095972 -0.289524 -0.131683 -0.237895 0.262918 -0.542742 -0.013777 0.027243 -0.075417 -0.107607 0.093323 -0.003759 
0.838091 -0.810603 1.477497 0.131260 -0.252003 -0.199159 -0.173231 0.234433 -0.566491 -0.015851 0.029219 -0.108307 -0.106295 0.088456 -0.004456 
0.946024 -0.862430 1.421191 0.201070 -0.223477 -0.230640 -0.206804 0.297467 -0.581695 -0.021444 -0.008464 -0.057914 -0.127734 0.083289 -0.002852 
0.990354 -0.759440 1.234161 0.308965 -0.161618 -0.290263 -0.233732 0.304747 -0.539732 -0.047570 -0.053291 -0.054846 -0.077225 0.048998 -0.007572 
1.146915 -0.695933 0.974522 0.346892 -0.094598 -0.279072 -0.315223 0.235353 -0.473352 -0.041661 -0.125258 -0.089989 -0.040187 0.071382 -0.040261 
1.181602 -0.537709 0.784697 0.286926 0.001410 -0.310849 -0.356529 0.178042 -0.449183 0.028810 -0.162730 -0.137888 0.008574 0.148797 -0.090355 
1.401269 -0.597786 0.626827 0.205186 -0.042329 -0.203211 -0.478111 0.094140 -0.331312 0.136308 -0.087192 -0.115073 -0.005214 0.272029 -0.018963 
1.516617 -0.744873 0.645478 -0.018699 -0.098823 -0.173960 -0.473360 -0.032228 -0.276957 0.190603 0.050670 -0.114550 0.036357 0.305795 0.013287 
1.477833 -0.792356 0.585349 -0.253804 -0.023900 -0.249276 -0.394176 -0.144762 -0.229408 0.213924 0.112341 0.008322 -0.076667 0.388408 0.010800 
1.553227 -0.850264 0.574708 -0.362084 -0.110528 -0.144539 -0.413615 -0.033287 -0.211142 0.274105 0.208883 0.031953 -0.119182 0.330728 0.007196 
1.389679 -0.807881 0.474949 -0.514681 -0.065665 -0.191961 -0.327346 -0.012420 -0.165012 0.292283 0.294886 0.046168 -0.132744 0.189396 0.059164 
1.499716 -0.906206 0.415282 -0.556955 -0.011759 -0.189620 -0.311831 0.015588 -0.094164 0.297763 0.270109 0.078683 -0.228551 0.169709 0.029814 
1.512155 -0.919335 0.298631 -0.491144 -0.022240 -0.168451 -0.364061 0.066418 -0.023453 0.284597 0.293793 0.036862 -0.252938 0.136297 0.053010 
1.516636 -0.953685 0.337097 -0.418054 -0.068614 -0.218874 -0.327609 0.019603 0.033669 0.351743 0.218876 -0.002396 -0.219965 0.204711 0.045208 
1.435730 -0.958274 0.355794 -0.341986 -0.076777 -0.286136 -0.355105 0.025591 0.061348 0.342800 0.136154 -0.000600 -0.145541 0.276528 -0.019389 
1.328277 -0.924409 0.502638 -0.288038 -0.092116 -0.334589 -0.390873 0.058872 0.052951 0.288565 0.117816 0.026045 -0.089135 0.320172 -0.082249 
1.420447 -1.019403 0.584765 -0.165432 -0.224673 -0.310519 -0.438323 0.130679 0.038371 0.233489 0.058635 0.056024 0.034072 0.237525 -0.103240 
1.511445 -1.098474 0.606952 -0.033435 -0.461526 -0.137711 -0.520353 0.208825 -0.013845 0.159141 0.084592 0.026667 0.137813 0.148907 -0.149075 
1.422878 -0.980887 0.638739 -0.054191 -0.455460 -0.168223 -0.456278 0.203177 0.032460 0.163905 0.114723 0.027501 0.093871 0.162255 -0.189903 
1.258680 -0.952107 0.729845 -0.101467 -0.435955 -0.217650 -0.478479 0.266859 -0.039110 0.256611 0.015777 0.129150 0.074403 0.185163 -0.243049 
1.231220 -0.999766 0.710956 -0.067106 -0.455147 -0.242127 -0.488870 0.276742 -0.012731 0.191716 0.080389 0.071884 0.141599 0.153069 -0.234746 
1.392215 -1.071572 0.626195 -0.091448 -0.458560 -0.195195 -0.485298 0.252285 0.012617 0.217195 0.074823 0.058692 0.089877 0.166407 -0.221047 
1.460761 -1.057683 0.535065 -0.118235 -0.428887 -0.105995 -0.493733 0.195397 0.067138 0.196116 0.086936 -0.010986 0.101796 0.125600 -0.170764 
1.339012 -1.011181 0.376740 -0.085040 -0.436873 -0.126181 -0.428878 0.154618 0.084532 0.304925 0.042828 0.009955 0.022226 0.134049 -0.144248 
1.244655 -0.883012 0.253099 -0.076051 -0.469674 -0.049325 -0.491516 0.133891 0.227394 0.249248 0.182184 -0.159788 0.025047 0.203526 -0.204338 
1.461904 -1.015759 0.112821 -0.143475 -0.411650 -0.024629 -0.369361 0.104520 0.075605 0.404997 0.052286 -0.041443 -0.122861 0.130069 -0.012255 
1.433669 -1.007686 -0.002238 -0.234142 -0.353251 0.093923 -0.342772 0.153807 -0.000245 0.330977 0.155961 -0.146680 -0.108123 0.072863 -0.102361 
1.369883 -1.024830 -0.030327 -0.278798 -0.322011 0.125742 -0.322881 0.146282 0.051965 0.342207 0.165043 -0.190612 -0.178285 0.060497 -0.079618 
1.266970 -0.962119 -0.092332 -0.260762 -0.370533 0.164364 -0.349714 0.150827 0.026140 0.368242 0.281918 -0.219205 -0.279686 0.085424 -0.054412 
0.900661 -0.551520 -0.409329 -0.199915 -0.310594 0.048508 -0.158617 0.156936 0.001054 0.252528 0.069169 -0.070187 -0.139868 0.019061 -0.103621 
1.423671 -1.151935 -0.093722 -0.390123 -0.285545 0.160763 -0.261675 0.180865 -0.112030 0.362077 0.244300 -0.152464 -0.267190 0.064741 -0.129160 
1.427419 -1.379525 -0.203862 -0.363610 -0.257946 0.213830 -0.269018 0.218347 -0.104960 0.313383 0.219107 -0.219746 -0.178619 0.058284 -0.187424 
1.133896 0.043968 -0.319805 -0.107873 -0.150299 0.237916 -0.081782 0.177586 -0.054128 0.539294 0.334914 -0.341422 -0.169798 0.036795 -0.147094 
0.223154 -0.251975 -0.523312 -0.164453 -0.313857 0.007782 -0.190909 0.168098 0.100642 0.298310 0.051680 -0.142650 -0.168569 0.038350 -0.103356 
0.032756 -0.243773 -0.603810 -0.225309 -0.293836 0.182301 -0.054046 0.109626 0.001788 0.270040 -0.110097 -0.091814 -0.034412 -0.074354 -0.028884 
