city022_047
GUNMA
56
0.270633 0.463409 0.133969 0.411403 -0.208223 0.208878 -0.010264 0.094324 -0.000218 0.041283 -0.006237 0.039757 -0.004800 0.036543 -0.061617 
0.671670 0.565852 0.552049 0.537570 -0.393534 0.091855 -0.038917 -0.080083 -0.281699 -0.040508 -0.050250 -0.181488 -0.080990 0.044097 -0.078248 
1.089900 0.524335 0.517915 0.354086 -0.534866 0.131166 0.003355 -0.076718 -0.326204 -0.063361 -0.075193 -0.226348 -0.125840 0.050991 -0.086951 
1.207549 0.437934 0.257637 0.407518 -0.417338 0.033585 0.183749 -0.030275 -0.338151 -0.062004 -0.078201 -0.204014 -0.168988 0.107496 -0.116903 
0.679902 0.520717 0.372764 0.489719 -0.244039 0.072763 -0.003494 0.002852 -0.265729 -0.030428 -0.089606 -0.086251 -0.155358 0.050224 -0.104200 
0.675800 0.100206 0.072347 0.494199 0.108398 0.090775 -0.218603 -0.017951 -0.257396 0.004676 -0.100523 -0.015880 -0.205407 -0.027076 0.007053 
1.162214 -0.581109 0.163679 0.157398 0.298659 -0.132436 -0.337972 0.112093 -0.236978 0.188056 -0.224813 0.090698 -0.036559 -0.050342 0.077973 
1.175336 -0.445414 0.674262 0.503884 0.104259 -0.242642 -0.295368 0.200054 -0.352105 -0.006680 -0.222111 -0.104720 -0.144565 0.141291 -0.128597 
1.296649 -0.494095 0.901400 0.359838 0.005478 -0.205529 -0.244321 0.212759 -0.437212 -0.023895 -0.108325 -0.130080 -0.143707 0.141708 -0.113104 
1.402788 -0.565734 1.002640 0.268462 -0.005422 -0.181398 -0.304181 0.174471 -0.406690 0.006681 -0.086184 -0.158492 -0.063474 0.147636 -0.079498 
1.464855 -0.659499 0.991395 0.151820 0.049692 -0.155668 -0.350712 0.129971 -0.410950 0.070385 -0.137706 -0.153684 -0.090609 0.214984 -0.123092 
1.487989 -0.652403 0.978754 0.114880 0.074816 -0.122673 -0.412479 0.121448 -0.418355 0.144307 -0.183528 -0.169069 -0.041846 0.201293 -0.102411 
1.441068 -0.608696 0.955508 0.129785 0.078676 -0.049914 -0.488383 0.111564 -0.406588 0.170832 -0.158219 -0.231605 -0.012702 0.200605 -0.049103 
1.477258 -0.622805 0.943346 0.092441 0.092812 -0.038277 -0.456939 0.052649 -0.387144 0.157773 -0.121286 -0.253404 -0.027862 0.203846 -0.034365 
1.472015 -0.502401 0.840129 0.039365 0.100698 -0.055726 -0.414908 0.024838 -0.395366 0.160319 -0.099281 -0.249386 -0.018541 0.209857 -0.083245 
1.571173 -0.452875 0.750581 0.059235 -0.043155 0.074328 -0.450042 0.010484 -0.451254 0.163448 -0.017985 -0.288180 0.026232 0.161987 -0.036252 
1.609297 -0.433140 0.593347 -0.022137 -0.096550 0.137369 -0.337495 0.039988 -0.539149 0.138998 -0.014024 -0.264068 0.044970 0.102269 -0.111066 
1.478973 -0.434704 0.809051 0.090135 -0.354842 0.352061 -0.164077 -0.134292 -0.405913 0.078000 -0.105491 -0.132684 -0.077431 0.096359 -0.134818 
1.170066 -0.381172 0.918145 0.054321 -0.414510 0.337949 0.019272 -0.244120 -0.384863 0.018178 -0.238486 -0.111122 -0.109811 0.029509 -0.057866 
1.159246 -0.492335 1.063944 0.023646 -0.359324 0.357249 -0.062260 -0.233969 -0.367463 0.047771 -0.229887 -0.119692 -0.104811 0.002278 -0.049480 
1.082166 -0.487814 1.067631 0.086646 -0.292387 0.344844 -0.133263 -0.197134 -0.350584 0.062055 -0.222648 -0.138086 -0.107459 -0.025033 -0.032959 
1.030230 -0.507850 1.053278 0.109897 -0.284677 0.393011 -0.139171 -0.215696 -0.346029 0.081338 -0.236725 -0.113554 -0.161215 0.025536 -0.096025 
1.075200 -0.501086 1.021217 0.036808 -0.238955 0.448725 -0.091689 -0.230056 -0.375228 0.097548 -0.237090 -0.101642 -0.128547 -0.033624 -0.100042 
1.145097 -0.460785 1.037773 0.032386 -0.252733 0.460600 -0.101796 -0.196478 -0.350816 0.100011 -0.230199 -0.093161 -0.118232 -0.040696 -0.058038 
1.177002 -0.414246 1.029643 0.074740 -0.300535 0.427584 -0.115699 -0.231333 -0.220588 0.035063 -0.181014 -0.111557 -0.087736 -0.006989 -0.079445 
1.151603 -0.446789 1.002777 0.032640 -0.246532 0.428775 -0.118696 -0.217741 -0.286057 0.113573 -0.238090 -0.042950 -0.132111 0.000959 -0.061318 
1.059909 -0.436576 1.048384 0.072940 -0.290738 0.448443 -0.100345 -0.215825 -0.253283 0.065226 -0.222920 -0.085466 -0.114639 -0.003726 -0.104931 
1.003595 -0.420675 1.008459 0.051461 -0.236119 0.446240 -0.098130 -0.220892 -0.292610 0.069035 -0.224783 -0.081616 -0.137471 -0.011440 -0.103678 
1.014482 -0.414212 0.883501 0.088177 -0.224723 0.492832 -0.099885 -0.261865 -0.288161 0.038913 -0.203470 -0.056205 -0.160211 -0.025492 -0.117811 
0.979071 -0.272433 0.827598 0.060304 -0.299884 0.523357 -0.015002 -0.246912 -0.292039 -0.032552 -0.212691 -0.060026 -0.111468 -0.038723 -0.127495 
0.939683 -0.292708 0.864068 0.024207 -0.292939 0.545558 -0.016285 -0.266432 -0.286892 -0.026050 -0.212603 -0.043922 -0.126010 -0.020335 -0.139579 
0.971313 -0.371124 0.873557 0.085964 -0.291249 0.577462 -0.127015 -0.233298 -0.287511 0.017664 -0.240098 -0.010689 -0.146939 -0.076664 -0.072135 
0.989560 -0.338533 0.841235 0.065331 -0.312469 0.526298 -0.004617 -0.256908 -0.308706 0.013945 -0.274082 0.035731 -0.180154 -0.003752 -0.116067 
0.907964 -0.340057 0.816852 0.064769 -0.277393 0.526318 -0.009179 -0.307788 -0.271469 -0.037589 -0.240029 0.036719 -0.170781 -0.071554 -0.054941 
0.977151 -0.369830 0.768867 0.070466 -0.317514 0.574612 -0.009124 -0.290717 -0.303973 -0.058595 -0.204792 0.001558 -0.091381 -0.120399 -0.042705 
1.043909 -0.321990 0.732455 0.111081 -0.302238 0.539409 -0.044687 -0.306727 -0.232844 -0.000543 -0.270966 0.070034 -0.158795 -0.081900 -0.037596 
1.013344 -0.275340 0.676327 0.113005 -0.380635 0.620868 0.052271 -0.313236 -0.295518 -0.020450 -0.334168 0.121125 -0.140711 -0.077440 -0.084524 
1.013695 -0.216978 0.629460 0.141867 -0.436491 0.636141 0.046646 -0.292768 -0.266271 -0.072505 -0.259661 0.048259 -0.091533 -0.066704 -0.072938 
1.249754 -0.292043 0.576019 0.056953 -0.490818 0.635222 0.084364 -0.269498 -0.260031 -0.138159 -0.224851 0.016781 0.014268 -0.037501 -0.051552 
1.419215 -0.462406 0.527035 -0.055098 -0.495936 0.688875 0.004681 -0.176333 -0.245403 -0.164880 -0.055195 0.001459 0.058012 0.088262 -0.183234 
1.386360 -0.457328 0.413046 -0.329511 -0.321508 0.555119 -0.034853 -0.081299 -0.355477 -0.052850 -0.063338 0.093590 0.067400 0.107984 -0.136220 
1.792599 -0.725164 0.069775 -0.628410 -0.433986 0.566869 -0.207607 0.147243 -0.165741 0.112090 0.294152 -0.048308 -0.102103 -0.005057 -0.273129 
1.621770 -0.709048 -0.079255 -0.610105 -0.326226 0.453506 -0.143114 0.145831 -0.160016 0.211642 0.208804 -0.081762 -0.155228 -0.062263 -0.175758 
1.420996 -0.696698 -0.181571 -0.628791 -0.341927 0.462936 -0.169023 0.157382 -0.177692 0.269656 0.224775 -0.052075 -0.243579 -0.081180 -0.201813 
1.528117 -0.782137 -0.076579 -0.549173 -0.382315 0.503347 -0.147991 0.084074 -0.046754 0.138078 0.331563 -0.140840 -0.272346 -0.001722 -0.206721 
1.569225 -0.749102 -0.192167 -0.441182 -0.252613 0.438231 -0.179257 0.134872 -0.196337 0.182916 0.213849 -0.119576 -0.166600 0.033745 -0.122148 
1.166458 -0.545443 -0.367252 -0.483842 -0.200527 0.266514 -0.166622 0.168562 -0.203973 0.405281 0.178535 -0.137125 -0.224353 -0.129091 -0.039296 
1.419075 -0.656945 -0.298689 -0.505533 -0.150622 0.258611 -0.168497 0.171800 -0.170916 0.238487 0.276470 -0.201044 -0.187894 -0.015133 -0.110152 
0.986525 -0.108517 -0.514174 -0.410787 0.110562 0.188787 -0.082418 0.235669 -0.138155 0.323241 0.136272 -0.247841 -0.166502 -0.131418 0.067377 
1.351133 -0.750405 -0.300409 -0.514936 -0.125423 0.315994 -0.219593 0.217468 -0.223807 0.187379 0.268019 -0.152248 -0.169916 0.010724 -0.158065 
0.833319 -0.333758 -0.606494 -0.377116 -0.303707 0.327445 -0.153102 0.139302 -0.106408 0.315500 0.289613 -0.223142 -0.284372 -0.067877 -0.181988 
1.079620 -0.799234 -0.471933 -0.281140 -0.107877 0.155455 -0.019998 0.117219 -0.212944 0.191464 0.201481 -0.146405 -0.184953 0.093967 -0.098699 
0.904618 -0.582782 -0.549816 -0.339857 -0.289530 0.256741 -0.120805 0.139451 -0.166842 0.311265 0.333702 -0.253241 -0.217323 -0.083283 -0.121609 
1.117847 -0.766206 -0.444682 -0.359496 -0.121289 0.210138 -0.122348 0.198932 -0.253096 0.241506 0.250845 -0.222872 -0.124017 -0.001101 -0.110771 
0.438119 -0.456179 -0.637410 -0.361797 -0.261708 0.201556 -0.122776 0.099735 -0.154831 0.462920 0.192486 -0.157053 -0.233497 -0.111547 -0.191933 
-0.064420 -0.168101 -0.638514 -0.210264 -0.365608 0.143665 -0.099198 -0.027013 0.039298 0.296381 0.102093 0.069232 -0.248919 -0.103471 -0.015830 
