city022_003
UENO
56
-0.304266 0.054443 -0.178642 -0.161538 -0.283998 -0.156183 -0.178087 -0.206769 -0.032873 0.148197 0.294563 0.008274 0.056355 0.048606 0.040693 
-0.175072 -0.039158 -0.085265 -0.086288 -0.308663 -0.279480 -0.076030 -0.217782 0.027691 0.076845 0.233340 0.057789 0.056445 0.015915 0.076969 
-0.107976 0.106195 -0.083738 -0.060043 -0.435414 -0.170954 -0.064558 -0.178409 -0.115275 0.032312 0.288145 0.031130 0.034289 0.097807 0.076972 
0.685381 -0.040004 0.258701 0.127209 -0.053038 0.062642 -0.083567 -0.283023 -0.314530 0.032202 0.022219 -0.296102 0.165676 -0.090233 -0.071714 
1.121324 0.061006 0.558474 0.004380 0.075846 0.120692 -0.183885 -0.278708 -0.256421 -0.012186 0.100265 -0.398697 0.074949 0.006542 -0.106709 
1.215433 -0.042065 0.571569 -0.013658 0.136112 0.198512 -0.175988 -0.312078 -0.255597 -0.085864 0.203261 -0.421467 -0.017623 0.006843 -0.110803 
1.338704 -0.195934 0.622240 0.007419 0.038418 0.272656 -0.354220 -0.179469 -0.322411 -0.060302 0.200151 -0.466424 0.046353 0.005386 -0.085111 
1.225009 -0.341446 0.699623 -0.002762 0.085256 0.189245 -0.337354 -0.209752 -0.288177 -0.069020 0.187027 -0.486347 0.028168 0.039790 -0.055110 
1.243536 -0.477388 0.848942 -0.057208 0.063893 0.211041 -0.363737 -0.190004 -0.274381 -0.081932 0.163119 -0.468575 0.028893 0.045899 -0.062222 
1.319956 -0.562887 0.846061 -0.053597 0.026760 0.219289 -0.398079 -0.141877 -0.316014 -0.113134 0.208760 -0.488716 0.038909 0.060045 -0.077602 
1.326226 -0.646571 0.928468 -0.066071 -0.004619 0.130102 -0.413601 -0.122821 -0.277462 -0.096266 0.157175 -0.460172 0.099173 0.075582 -0.068859 
1.299339 -0.694600 1.036235 -0.071232 -0.053193 0.088639 -0.470022 -0.071970 -0.239680 -0.136545 0.151989 -0.427730 0.115796 0.125235 -0.084381 
1.256948 -0.770619 1.150848 -0.044339 -0.081119 -0.046153 -0.429330 -0.077542 -0.173675 -0.156765 0.098106 -0.353972 0.156900 0.124177 -0.079924 
1.214448 -0.785574 1.181148 -0.134653 -0.019042 -0.195752 -0.343263 -0.094405 -0.186370 -0.116648 0.042639 -0.224943 0.109948 0.148268 -0.054969 
1.263591 -0.850704 1.243668 -0.261773 -0.036641 -0.248242 -0.284883 -0.082512 -0.219002 -0.086696 0.057800 -0.139994 0.069516 0.175948 -0.037799 
1.164457 -0.810983 1.176836 -0.275919 -0.051649 -0.215007 -0.313317 -0.128945 -0.211569 -0.019932 -0.002230 -0.085353 0.056550 0.178188 0.019962 
1.161226 -0.917437 1.102595 -0.377075 0.057535 -0.237757 -0.274369 -0.250951 -0.167626 -0.033105 0.029544 -0.124360 0.071867 0.173173 0.035344 
1.187292 -0.946030 0.963657 -0.449331 0.088109 -0.171022 -0.259414 -0.276085 -0.260964 0.010593 0.055344 -0.067263 0.021772 0.151286 0.049087 
1.316874 -1.028117 0.869442 -0.454085 0.087374 -0.144280 -0.232085 -0.286174 -0.303310 0.001069 0.107068 -0.054734 0.053376 0.072590 0.092186 
1.351896 -1.005973 0.796472 -0.389361 -0.052251 -0.071964 -0.209760 -0.269848 -0.318418 -0.055352 0.129698 -0.014627 0.085619 0.016098 0.123931 
1.317596 -1.007120 0.808965 -0.299884 -0.143816 -0.136824 -0.150144 -0.292870 -0.213355 -0.112915 0.091508 0.022289 0.088171 0.030716 0.106997 
1.247052 -1.015858 1.065114 -0.251005 -0.150080 -0.362420 -0.159520 -0.160996 -0.069398 -0.123020 0.074448 0.022681 0.090586 0.119942 -0.018823 
1.234321 -1.029014 1.001791 -0.218197 -0.198648 -0.383639 -0.146899 -0.065457 -0.053873 -0.055416 0.069220 0.052958 0.102764 0.095860 -0.036828 
1.365400 -1.083369 0.967953 -0.278664 -0.211198 -0.340286 -0.189770 -0.029967 -0.027796 0.005456 0.068769 0.037246 0.136556 0.072817 -0.047266 
1.392588 -1.068371 0.939773 -0.338046 -0.180296 -0.369681 -0.174999 -0.032195 0.021226 0.016386 0.116161 -0.035349 0.212887 0.019218 -0.035338 
1.475692 -0.981216 0.835442 -0.217477 -0.228324 -0.352379 -0.205456 -0.001611 0.017605 0.061098 0.092852 -0.006423 0.170917 0.063251 -0.059651 
1.502038 -0.831068 0.757329 -0.008171 -0.229562 -0.248442 -0.254265 -0.008127 0.049098 0.071471 0.086326 -0.096408 0.195889 0.114441 -0.116136 
1.220799 -0.584755 1.115387 0.155557 -0.295184 0.233804 -0.114337 -0.311527 -0.060903 -0.121609 -0.022172 -0.246394 -0.001229 0.019330 -0.068416 
1.351279 -0.644095 1.292371 0.186666 -0.289425 0.309132 -0.170640 -0.344366 -0.013089 -0.136315 -0.058641 -0.274377 -0.015915 0.018915 -0.084384 
1.201309 -0.663044 1.206826 0.175541 -0.352695 0.396439 -0.184631 -0.307659 -0.055853 -0.171140 -0.015229 -0.300762 -0.006850 -0.035599 -0.070564 
1.133280 -0.564975 1.210628 0.147554 -0.355015 0.364470 -0.135086 -0.335640 -0.031136 -0.183380 -0.018860 -0.267152 -0.027772 -0.013268 -0.077051 
1.165789 -0.524512 1.240577 0.103943 -0.395400 0.361931 -0.132392 -0.305241 -0.044285 -0.180394 -0.008611 -0.252110 -0.011398 -0.010388 -0.073158 
1.424892 -0.593687 0.902004 -0.101468 -0.258548 0.316251 -0.093866 -0.343095 -0.096756 -0.046845 0.036333 -0.127740 -0.004425 0.034986 -0.056769 
1.809147 -0.838967 0.690067 -0.334272 -0.202297 0.222496 -0.147117 -0.245169 -0.252086 0.239588 0.216218 -0.088239 0.118351 -0.093538 0.040927 
1.797337 -0.809772 0.586354 -0.452654 -0.168311 0.177528 -0.097765 -0.119224 -0.241728 0.233914 0.242657 -0.091241 0.127093 -0.117325 0.008743 
1.757274 -0.695211 0.552320 -0.579888 -0.308387 0.171729 -0.025441 -0.038062 -0.257719 0.021502 0.166360 -0.116561 0.218061 -0.006069 -0.013817 
1.776460 -0.621959 0.537643 -0.602548 -0.421941 0.195025 0.035679 -0.044937 -0.178056 -0.023907 0.113397 -0.086134 0.191808 0.032052 0.010979 
1.826230 -0.675246 0.589108 -0.694149 -0.444066 0.179144 0.060120 0.030415 -0.192032 -0.000876 0.070065 -0.137709 0.246073 -0.001802 0.062502 
1.884835 -0.749739 0.579607 -0.744941 -0.408670 0.182562 0.082780 0.056159 -0.149054 -0.017937 0.052450 -0.145655 0.268874 -0.055474 0.083818 
1.772014 -0.639645 0.546701 -0.774380 -0.423607 0.192132 -0.035576 0.129249 -0.110689 -0.002162 0.029243 -0.154712 0.239802 -0.073005 0.079535 
1.762267 -0.576815 0.596862 -0.818321 -0.451362 0.158819 -0.011899 0.128048 -0.071888 0.043840 0.050143 -0.195444 0.228184 -0.099766 0.068597 
1.769114 -0.513554 0.608993 -0.779585 -0.463183 0.110067 -0.057184 0.159451 -0.033175 0.072235 0.050669 -0.208013 0.205946 -0.147994 0.058731 
1.759408 -0.456377 0.672931 -0.805385 -0.468170 0.045201 -0.020087 0.123472 0.012020 0.088184 0.038526 -0.206486 0.194573 -0.186799 0.089829 
1.689426 -0.353118 0.665759 -0.789904 -0.587600 0.018377 -0.014208 0.110564 -0.014238 0.150019 -0.017604 -0.193955 0.184372 -0.190123 0.113999 
1.605211 -0.253813 0.657113 -0.826568 -0.638351 0.016637 -0.028376 0.083235 0.009268 0.155792 -0.041247 -0.189294 0.185533 -0.184817 0.112407 
1.634902 -0.296039 0.671887 -0.855464 -0.673886 0.020528 -0.011092 0.078605 0.003608 0.160972 -0.033780 -0.195470 0.202846 -0.184466 0.140559 
1.656064 -0.205326 0.477424 -0.796606 -0.693793 0.012141 -0.019806 0.066875 0.050697 0.112648 -0.011470 -0.183049 0.194378 -0.146632 0.108737 
1.726642 -0.017150 0.348411 -0.818866 -0.701156 0.038795 0.005141 0.057518 0.064579 0.110459 -0.051948 -0.166945 0.194947 -0.130815 0.130033 
1.745257 0.244446 0.223633 -0.762972 -0.679620 0.019410 0.069080 0.015386 0.144145 0.026965 0.031721 -0.175646 0.157216 -0.042210 0.026700 
1.683980 0.344453 0.263690 -0.823254 -0.618058 -0.145968 0.022171 -0.030879 0.130835 0.093837 0.055678 -0.108011 0.176702 -0.089073 0.057987 
1.546720 0.254908 0.176475 -0.576984 -0.658271 -0.152621 0.150155 -0.112409 0.077128 0.060862 -0.005178 -0.134184 0.191985 -0.073310 0.066141 
1.271677 0.346442 0.109102 -0.535059 -0.652218 -0.121848 -0.033820 -0.002844 0.064509 0.107945 0.026690 -0.187642 0.228521 -0.160507 0.035079 
0.560325 0.390853 -0.050536 -0.588736 -0.607645 -0.124240 0.078981 -0.029478 -0.041593 0.010707 0.042848 -0.081107 0.246562 0.052978 0.075824 
0.154765 0.310384 -0.068653 -0.432739 -0.487137 -0.059062 0.080589 -0.067897 -0.055991 -0.066833 0.143850 -0.037062 0.185990 -0.040416 0.142607 
-0.104987 0.122458 -0.083211 -0.149509 -0.321736 -0.136673 0.037141 -0.055051 0.161930 -0.106123 0.139535 0.012044 -0.011546 -0.065015 0.063097 
-0.194683 0.029361 -0.085376 -0.002777 -0.303990 -0.101536 -0.209643 -0.168295 0.078810 -0.058378 0.192425 0.065224 -0.010897 0.057807 0.063064 
