city022_034
MEJIRO
53
-0.139421 0.012096 -0.156686 -0.172872 -0.435366 0.081340 -0.247765 -0.012416 -0.026215 0.286674 0.051836 0.028861 -0.044472 0.119105 -0.177879 
0.376395 0.484723 0.194868 0.214784 -0.118654 0.217340 -0.083398 -0.023679 -0.118754 0.030294 -0.087714 0.029933 -0.082683 0.037149 -0.050789 
0.920393 0.041619 0.489830 0.556997 -0.237936 0.187746 -0.103128 -0.097121 -0.292307 0.001373 -0.077550 -0.260564 -0.089617 0.069233 -0.184721 
1.138637 0.076299 0.528231 0.546008 -0.324555 0.169690 -0.093002 -0.192229 -0.274597 0.058660 -0.190734 -0.195105 -0.057415 0.026963 -0.131678 
1.262436 -0.048349 0.480838 0.563285 -0.332894 0.148263 -0.129522 -0.048122 -0.347070 -0.057882 -0.045985 -0.265087 -0.116500 0.112355 -0.167624 
1.286158 -0.134559 0.560198 0.552869 -0.256383 0.089765 -0.161404 -0.017459 -0.370469 -0.055703 -0.038364 -0.287485 -0.134845 0.141186 -0.165094 
1.453733 -0.775910 0.975002 0.275225 -0.246276 0.066617 -0.444048 0.160460 -0.313392 -0.133553 0.003198 -0.234855 0.014410 0.148116 -0.233110 
1.268004 -0.869147 1.132578 -0.113367 -0.184157 -0.141857 -0.318820 0.223265 -0.375298 0.037078 -0.002155 -0.040284 0.026288 0.106377 -0.119803 
1.223522 -0.995124 1.183360 -0.275353 -0.160893 -0.181312 -0.249797 0.197521 -0.449905 0.068045 -0.068739 0.080742 -0.061027 0.084757 -0.044630 
1.095665 -0.943166 1.207999 -0.248981 -0.129871 -0.233567 -0.179161 0.111015 -0.396968 0.044880 -0.069653 0.086832 -0.087011 0.098599 -0.046439 
0.990139 -0.970411 1.264739 -0.241285 -0.103486 -0.249901 -0.164468 0.041284 -0.350846 0.027111 -0.092083 0.094226 -0.088468 0.094716 -0.030586 
0.988208 -0.982626 1.362169 -0.241061 -0.106654 -0.258464 -0.162314 0.028711 -0.345403 0.011307 -0.110497 0.105438 -0.091657 0.073151 -0.013422 
0.972694 -0.887236 1.427519 -0.178302 -0.210251 -0.180185 -0.219810 0.063943 -0.349297 -0.008212 -0.089186 0.087416 -0.071225 0.041126 0.013829 
1.156744 -0.970007 1.399228 -0.186977 -0.196857 -0.109303 -0.256379 0.092270 -0.396715 0.030420 -0.148353 0.081815 -0.066592 0.007989 0.010504 
1.136309 -0.877961 1.456327 -0.117959 -0.177055 -0.083897 -0.253150 0.140284 -0.431258 0.022336 -0.197836 0.088882 -0.096541 -0.048504 0.017370 
0.914797 -0.718696 1.367903 -0.104727 0.014240 -0.205059 -0.125244 0.067080 -0.352522 -0.062038 -0.267804 0.152309 -0.187549 -0.048309 -0.054649 
0.699341 -0.377132 1.304863 0.008921 0.001716 -0.290143 -0.056883 0.025715 -0.311723 -0.039450 -0.269219 0.163001 -0.176046 -0.016186 -0.064790 
0.509546 -0.351723 1.225373 -0.034948 0.069814 -0.325350 -0.063326 0.072879 -0.318889 -0.013758 -0.283074 0.211387 -0.186145 -0.026422 -0.034823 
0.215083 -0.209401 1.238171 -0.052372 0.177428 -0.359003 -0.012880 0.056925 -0.272516 0.038620 -0.290546 0.137174 -0.075487 -0.033807 -0.102301 
0.167219 -0.120086 1.210247 -0.109603 0.222455 -0.349923 -0.023861 0.018998 -0.276666 0.103623 -0.339122 0.087902 0.016771 -0.097813 -0.071318 
0.227693 -0.211605 1.157124 -0.271481 0.296147 -0.419353 -0.049658 0.168185 -0.355099 0.147117 -0.258434 0.155448 -0.042815 -0.047698 -0.006949 
0.329122 -0.334554 1.257735 -0.173937 0.109403 -0.317104 -0.137840 0.216473 -0.311058 0.053290 -0.141401 0.105882 0.031631 -0.099972 0.021049 
0.347790 -0.406833 1.237368 -0.135892 0.102471 -0.311029 -0.135268 0.220417 -0.414588 0.091337 -0.182740 0.070241 -0.015888 -0.046319 -0.069274 
0.506081 -0.509884 1.365393 -0.022325 -0.040471 -0.238198 -0.177571 0.163199 -0.310511 -0.038215 -0.139916 0.083226 -0.023733 -0.049880 -0.029093 
0.557730 -0.664974 1.485476 0.022301 -0.117379 -0.096336 -0.266409 0.239868 -0.391702 -0.113060 -0.041053 -0.065850 -0.036235 -0.047879 -0.078637 
0.800466 -0.749337 1.546317 0.042124 -0.200906 -0.071425 -0.284638 0.256183 -0.428775 -0.094624 -0.032115 -0.060077 -0.029120 -0.040147 -0.103166 
0.712605 -0.688446 1.480695 0.136571 -0.222794 -0.105835 -0.195609 0.146237 -0.361164 -0.140353 -0.060773 -0.039929 -0.060569 -0.077009 -0.040756 
0.838174 -0.732800 1.552937 0.123655 -0.224981 -0.069200 -0.263162 0.242387 -0.468375 -0.079443 -0.100343 -0.027731 -0.123508 0.029093 -0.178748 
0.872364 -0.747640 1.467769 0.140084 -0.195231 -0.094176 -0.251311 0.197230 -0.409702 -0.123315 -0.069603 -0.079156 -0.080510 0.034894 -0.203673 
1.086428 -0.845967 1.439676 0.240010 -0.354860 0.072575 -0.411422 0.212973 -0.306186 -0.234541 -0.022860 -0.078273 -0.071230 0.075220 -0.247866 
0.945709 -0.807253 1.418573 0.233001 -0.283913 0.040308 -0.428083 0.142742 -0.178104 -0.317703 -0.015247 -0.107802 -0.030255 0.088895 -0.239336 
1.026576 -0.900103 1.177159 0.526518 -0.424656 0.063274 -0.322374 -0.009609 -0.145524 -0.115700 -0.242019 -0.073403 0.036644 0.051415 -0.217481 
1.252798 -0.854299 0.411716 0.615313 -0.311864 -0.006499 -0.197423 0.023080 -0.117944 -0.047561 -0.050194 -0.037685 -0.020394 0.075139 -0.088381 
1.317041 -0.958899 0.347577 0.727364 -0.376724 0.038118 -0.196445 -0.089745 -0.115271 0.052495 -0.066750 -0.082368 -0.031509 0.093560 -0.048956 
1.717883 -0.657235 0.565276 0.399501 -0.449106 0.357169 -0.396385 -0.431024 -0.176110 0.064532 0.033099 -0.131157 -0.159751 0.190186 0.060887 
1.931750 -0.581075 0.559651 0.065915 -0.519989 0.524408 -0.424163 -0.404954 -0.246016 -0.113808 0.237200 0.027085 -0.182215 0.170190 -0.006523 
1.978734 -0.484778 0.510349 -0.132236 -0.535867 0.532763 -0.325542 -0.259585 -0.260605 -0.182372 0.243155 0.118609 -0.152449 0.253651 -0.110626 
1.981894 -0.406618 0.457336 -0.359876 -0.576647 0.549047 -0.387997 -0.124061 -0.289992 -0.218559 0.278636 0.089375 -0.025268 0.330122 -0.174729 
1.879879 -0.314743 0.357259 -0.496565 -0.467397 0.411852 -0.335878 -0.050831 -0.340392 -0.135084 0.204186 0.110590 0.057824 0.288453 -0.166610 
1.780297 -0.071552 0.253788 -0.521704 -0.480638 0.285698 -0.217908 -0.002906 -0.387907 -0.135358 0.215703 0.112222 0.105306 0.345564 -0.088652 
1.787215 -0.067119 0.292467 -0.577469 -0.497556 0.269182 -0.162255 0.032899 -0.416654 -0.132222 0.180701 0.145137 0.089126 0.418589 -0.062322 
1.786742 -0.084406 0.310651 -0.606958 -0.547644 0.271480 -0.184158 0.117688 -0.403638 -0.191305 0.147784 0.089068 0.067083 0.462975 -0.007268 
1.763569 -0.009622 0.314875 -0.630289 -0.612822 0.152666 -0.121108 0.097627 -0.287142 -0.098909 0.070879 0.045047 0.038714 0.398992 0.062555 
1.805999 -0.000263 0.319128 -0.582401 -0.697916 0.202599 -0.131988 0.122557 -0.226501 -0.065392 0.013169 0.044010 -0.034648 0.392410 0.025215 
1.655526 0.217687 0.206815 -0.635637 -0.697270 0.142067 -0.111251 0.097687 -0.217364 0.017060 -0.045818 0.044284 0.015768 0.375665 0.002808 
1.566501 0.225845 0.214378 -0.602948 -0.847594 0.250157 -0.185693 0.121141 -0.183168 -0.182064 0.116985 -0.104349 0.085638 0.465460 0.041555 
1.731980 0.238720 0.131115 -0.576317 -0.666254 0.030054 -0.045846 0.085261 -0.226150 0.027384 -0.046514 -0.002357 -0.021434 0.370146 0.016254 
1.681698 0.281066 0.007920 -0.459363 -0.708491 0.205334 -0.107224 0.094401 -0.166356 -0.074775 0.040812 -0.063431 0.059419 0.311362 -0.050668 
1.365180 0.421609 -0.016432 -0.555160 -0.805274 0.128521 -0.089165 0.102981 -0.232231 -0.080086 0.056960 -0.108066 0.122655 0.462911 -0.018361 
1.591761 0.579812 -0.175860 -0.365024 -0.614543 0.151682 0.008366 0.099452 -0.153511 -0.049183 -0.021614 0.023449 -0.021263 0.305800 -0.033590 
1.321958 0.595672 -0.168020 -0.486558 -0.760173 0.086471 -0.018808 -0.000802 -0.153878 -0.087345 -0.000460 -0.002486 0.091062 0.415685 0.015718 
0.611417 0.496080 -0.276423 -0.401808 -0.699429 -0.014831 0.025917 -0.020968 -0.185297 -0.007808 -0.090910 0.123458 0.160440 0.251048 0.093541 
0.617489 0.379553 -0.201241 -0.342768 -0.530020 -0.017193 -0.076336 -0.015558 -0.186081 0.030458 0.053578 0.074149 0.141229 0.136496 -0.011598 
