city022_070
KYOOBASHI
69
-0.284588 -0.521354 0.345535 -0.208604 -0.099332 0.318947 -0.141885 -0.079227 0.085588 -0.056500 0.026426 0.050130 -0.090933 0.044829 0.021638 
0.000413 -0.797610 0.639805 -0.625572 0.059712 0.083176 -0.236737 0.044860 -0.067291 0.039890 0.086871 0.038542 -0.098941 0.044679 0.023589 
-0.247541 -0.631935 0.770219 -0.593671 -0.210658 0.064047 -0.158422 0.118979 0.077237 -0.056205 0.043787 0.088699 -0.125502 -0.000433 0.051004 
-0.182000 -0.805047 0.884474 -0.451962 -0.204457 0.251109 -0.242102 0.155849 0.063295 -0.097919 0.022127 0.049999 -0.064649 0.022696 -0.008076 
0.008927 -1.054346 0.974137 -0.416258 -0.252539 0.085293 -0.139103 0.008828 -0.000359 0.108496 -0.109106 0.093565 0.010157 -0.062841 0.044946 
0.640759 -0.815040 1.142387 -0.102957 -0.013184 -0.113393 -0.146461 0.051785 -0.325762 -0.003727 -0.071740 -0.030204 -0.019286 -0.075198 0.044581 
1.221493 -0.385499 0.779684 0.273926 -0.200951 -0.148060 0.134134 0.227351 -0.073408 -0.031627 0.093097 0.011011 0.030192 -0.020228 -0.103329 
1.680086 -0.783804 0.959692 0.125230 -0.028167 -0.241421 -0.534349 0.196686 -0.285775 -0.188847 0.063542 -0.219021 0.073268 0.205918 -0.126007 
1.706252 -0.650952 0.651312 -0.024108 0.036439 -0.158404 -0.525842 -0.022565 -0.252975 -0.093077 0.097429 -0.224961 0.002535 0.275696 -0.044018 
1.828061 -0.544415 0.463121 -0.182595 0.071241 -0.038025 -0.392225 -0.196225 -0.397582 -0.005908 0.220665 -0.126326 -0.102015 0.171813 0.054929 
1.973370 -0.443556 0.317197 -0.292726 -0.046658 -0.012397 -0.250932 -0.122178 -0.472066 -0.117264 0.256044 -0.131956 -0.014541 0.196264 -0.033675 
1.926279 -0.175238 0.355128 -0.438907 -0.097920 0.023678 -0.176561 -0.065018 -0.467702 -0.161346 0.241399 -0.111438 0.060456 0.202659 -0.073994 
1.970077 -0.369356 0.363364 -0.432244 -0.238731 -0.038692 -0.122635 -0.008891 -0.326719 -0.198934 0.074875 -0.175552 0.055948 0.269409 -0.039162 
1.906249 -0.479732 0.373373 -0.403050 -0.277759 -0.142592 -0.084914 0.042564 -0.266210 -0.199478 -0.046293 -0.197825 0.101944 0.250068 -0.025811 
2.013525 -0.692210 0.370454 -0.357266 -0.317582 -0.035849 -0.185640 0.123861 -0.282614 -0.235041 -0.083053 -0.155862 0.180096 0.225581 -0.013948 
2.004747 -0.748010 0.324779 -0.367085 -0.246146 -0.007551 -0.243235 0.111810 -0.214746 -0.286279 -0.063779 -0.134484 0.206474 0.240370 -0.065077 
1.984316 -0.711271 0.347438 -0.471283 -0.103964 -0.065699 -0.271635 0.126799 -0.237335 -0.214387 -0.118693 -0.102442 0.189607 0.220478 -0.047676 
1.925439 -0.571882 0.308207 -0.392855 -0.092793 -0.136239 -0.291086 0.047710 -0.200560 -0.146125 -0.084860 -0.107707 0.157657 0.196877 -0.061444 
2.001191 -0.637345 0.390346 -0.455473 -0.057144 -0.133398 -0.367309 0.108389 -0.210056 -0.117625 -0.101211 -0.111285 0.151883 0.185155 -0.054224 
2.072388 -0.690636 0.379051 -0.436565 -0.056757 -0.166021 -0.340165 0.086405 -0.209331 -0.098464 -0.104088 -0.104771 0.137809 0.210756 -0.048526 
2.023417 -0.627012 0.426910 -0.497904 -0.046369 -0.165510 -0.343969 0.098706 -0.203051 -0.070269 -0.120714 -0.135574 0.130396 0.195350 -0.050220 
1.983229 -0.404808 0.460314 -0.589078 -0.079717 -0.169361 -0.315866 0.142495 -0.131204 -0.124352 -0.164212 -0.098974 0.051918 0.109828 0.029487 
1.900381 0.098543 0.617654 -0.728354 -0.493170 0.070263 -0.111090 0.058862 -0.181480 -0.152944 -0.020719 -0.281905 -0.001486 0.254750 -0.066112 
1.910581 0.066966 0.489472 -0.626669 -0.434537 0.184474 -0.054995 0.035717 -0.229043 -0.159393 -0.020555 -0.237632 0.075704 0.244223 -0.051086 
1.760273 0.004717 0.182469 -0.416048 -0.305784 0.174469 0.055651 0.016444 -0.067102 -0.123795 0.032323 -0.185415 0.027718 0.155385 -0.081069 
1.608478 0.114345 0.076174 -0.290730 -0.293045 0.191178 0.029588 -0.053666 -0.086935 -0.192204 0.020424 -0.092434 0.002060 0.172904 -0.068533 
1.538767 0.083146 0.191919 -0.364480 -0.289920 0.160132 0.047821 -0.027851 -0.142308 -0.142459 0.063451 -0.113645 0.024264 0.182938 -0.085927 
1.499136 0.436461 0.313886 -0.519338 -0.432757 0.135858 0.069412 -0.005224 -0.149322 -0.174973 0.012468 -0.159539 -0.004370 0.315596 -0.062571 
1.734697 0.029697 0.324839 -0.608665 -0.379439 0.194157 0.066585 0.032597 -0.173826 -0.115983 0.070521 -0.132300 0.077958 0.256026 -0.080684 
1.927222 -0.212047 0.384784 -0.466669 -0.222189 0.279577 -0.001486 0.052079 -0.225715 -0.127997 0.071632 -0.112231 0.037385 0.187274 -0.094885 
1.692407 -0.428090 0.261283 -0.455151 0.045840 0.220906 -0.094777 -0.050080 -0.218935 0.035623 0.072575 -0.056360 0.041274 0.035881 -0.090022 
1.904831 -0.918145 0.274657 -0.531913 -0.167137 -0.113620 -0.182456 0.040254 -0.269172 -0.020856 0.064684 0.089497 0.124877 0.199043 0.023259 
1.516982 -0.840230 0.294901 -0.598269 -0.180955 -0.195180 -0.132103 0.003076 -0.208007 0.009891 0.199041 0.208640 0.047637 0.093403 0.050336 
1.607902 -1.009080 0.349829 -0.512149 -0.168918 -0.291784 -0.105612 -0.073382 -0.155580 0.184639 0.126959 0.148138 0.035301 0.121881 0.053312 
1.493708 -0.962355 0.334053 -0.617169 -0.154540 -0.104412 -0.121801 -0.113024 -0.160037 0.156571 0.239258 0.147742 -0.059540 0.097362 0.023714 
1.475530 -0.947705 0.261502 -0.582939 -0.079736 -0.114706 -0.175445 -0.116936 -0.114302 0.215169 0.334569 0.084731 -0.153249 0.053570 0.086695 
1.545810 -0.894888 0.334548 -0.553655 -0.025882 -0.179222 -0.223696 -0.113654 -0.096151 0.271610 0.344227 0.005651 -0.144715 0.103938 0.116317 
1.581365 -0.926838 0.336553 -0.428008 0.002367 -0.211030 -0.334267 -0.114278 -0.072685 0.269597 0.220499 -0.031971 -0.040097 0.165633 0.115666 
1.420259 -1.190541 0.537062 -0.439898 0.146061 -0.238782 -0.419491 -0.068595 -0.189936 0.342189 -0.151982 0.037020 0.244159 -0.017073 0.077975 
1.033187 -0.582344 0.298440 -0.347677 0.215632 -0.381805 -0.247670 -0.183930 -0.068234 0.260565 -0.203268 -0.006619 0.244475 0.068380 -0.079859 
0.206968 0.064358 0.465628 -0.308545 0.496080 -0.403856 -0.064945 0.027890 -0.067199 0.018982 -0.061481 -0.029330 0.065765 -0.014030 -0.014009 
-0.481025 0.074520 0.476998 -0.395314 0.396623 -0.452336 0.026854 0.017169 -0.027035 -0.084107 0.052877 0.017355 -0.004814 -0.018282 0.050050 
-0.622751 0.023506 0.367962 -0.538347 0.463803 -0.431416 0.021616 -0.045507 0.130583 -0.048453 -0.043737 0.065514 0.000318 -0.015360 0.018932 
-0.900065 -0.339755 0.433705 -0.694927 0.364746 -0.350438 -0.031202 0.074952 0.007295 0.087778 0.022489 -0.091141 0.064043 0.005933 -0.056225 
-0.966571 -0.432823 0.460458 -0.691111 0.437613 -0.262480 0.049595 0.028798 -0.076616 0.032922 0.110316 -0.094562 -0.012876 0.039050 0.015462 
-1.032813 -0.407953 0.432944 -0.705571 0.485723 -0.307599 -0.022668 -0.051150 0.059315 0.142759 -0.095892 0.019865 -0.061679 0.110334 -0.047440 
-1.321677 -0.521564 0.608724 -0.693876 0.620806 -0.424083 0.131670 -0.013580 0.071929 -0.035255 -0.108889 0.177633 -0.125692 0.039890 0.022077 
-1.029264 -0.113080 0.773323 -0.587853 0.583848 -0.280691 0.071175 0.042117 -0.009213 0.008663 -0.051372 0.107273 -0.110004 0.068181 0.003356 
-1.163851 -0.364265 0.919262 -0.475302 0.528694 -0.369863 0.131224 0.124428 -0.106897 0.035558 -0.021442 0.044708 -0.001601 -0.042345 0.020160 
-1.065916 -0.452105 0.646799 -0.900716 0.295067 -0.068013 0.136706 -0.060392 -0.132971 0.238154 -0.138413 -0.018052 0.071237 -0.032445 -0.030119 
-1.144105 -0.405985 0.813172 -0.746254 0.281928 -0.157456 0.026963 -0.040352 -0.069442 0.226470 -0.175071 0.013545 0.104773 -0.092534 0.031047 
-0.199216 -0.250036 0.981931 -0.390655 0.247395 -0.339286 -0.074941 0.050147 -0.264640 0.073193 -0.077458 -0.002165 0.035404 -0.048535 0.067255 
0.472594 -0.405807 1.267246 -0.027943 -0.020578 -0.216921 -0.162105 0.019568 -0.233785 -0.118601 -0.134277 -0.023731 0.030050 -0.102995 -0.026412 
0.577592 -0.326117 1.288372 -0.099143 0.050561 -0.292184 -0.100684 0.061667 -0.361072 -0.009546 -0.243900 0.066297 -0.007493 -0.203419 0.119551 
0.914956 -0.558344 1.355505 -0.064635 -0.176704 -0.019209 -0.236957 0.067035 -0.240159 -0.256465 -0.041880 -0.019230 -0.092850 -0.120265 0.029430 
0.880608 -0.557281 1.447389 -0.031554 -0.226257 0.003124 -0.215117 0.075386 -0.267190 -0.199825 -0.034579 -0.019426 -0.102547 -0.108056 0.058085 
0.908779 -0.613663 1.512061 -0.020877 -0.271893 0.088973 -0.223764 0.063006 -0.217805 -0.223101 -0.032447 0.039624 -0.198845 -0.067026 0.096572 
0.889416 -0.670496 1.546144 -0.105064 -0.229433 0.116556 -0.218187 0.092131 -0.243724 -0.207290 0.017290 -0.027042 -0.178329 -0.050866 0.078302 
0.790530 -0.525907 1.510338 -0.166229 -0.168365 0.122304 -0.216212 0.114243 -0.264700 -0.195173 0.024267 -0.036869 -0.206900 -0.039867 0.098770 
0.802942 -0.601922 1.593143 -0.068693 -0.251316 0.235127 -0.274623 0.111952 -0.221128 -0.235043 0.039659 -0.042275 -0.238048 -0.018600 0.088342 
0.694709 -0.460000 1.526546 -0.044246 -0.214600 0.157196 -0.231627 0.073703 -0.276717 -0.250111 0.064215 -0.136253 -0.242674 0.030090 0.026273 
0.640254 -0.345183 1.604673 -0.074218 -0.236626 0.166801 -0.266142 0.048645 -0.262877 -0.276498 0.045669 -0.116705 -0.263419 0.039118 0.027591 
0.631939 -0.251889 1.631713 -0.044119 -0.330975 0.224167 -0.307982 0.024197 -0.213328 -0.352364 0.116584 -0.152600 -0.235898 0.045081 0.010194 
0.491540 -0.210401 1.615752 -0.080466 -0.274397 0.153122 -0.262869 -0.007978 -0.240946 -0.322623 0.080818 -0.152148 -0.241713 0.053905 -0.000923 
0.343770 -0.265759 1.587320 -0.037160 -0.260918 0.134666 -0.248351 0.060003 -0.336328 -0.237059 0.059536 -0.170062 -0.229503 0.046486 0.015428 
0.258606 -0.486291 1.568408 -0.164520 -0.205025 0.122761 -0.280313 0.042957 -0.296607 -0.238118 0.078909 -0.169666 -0.170624 0.055869 -0.001564 
-0.021952 0.095815 1.042030 0.129621 -0.211740 -0.000550 -0.104385 -0.105708 -0.254368 -0.323941 0.103852 -0.205744 -0.251455 0.080440 -0.002145 
0.032731 0.085380 0.221505 0.161022 -0.143289 0.012064 -0.021922 -0.010951 -0.260870 -0.046870 0.155634 -0.056074 -0.172039 0.149983 0.000800 
-0.175425 0.005509 0.000745 0.009485 -0.059672 0.094465 -0.062319 -0.188042 -0.115246 -0.000304 0.170558 -0.079658 -0.036931 0.041784 -0.039030 
