city022_002
IKEBUKURO
76
-0.335830 -0.053260 -0.156397 -0.167776 -0.273950 -0.067906 -0.030867 -0.053751 0.029356 0.001155 0.177738 0.006205 -0.030459 -0.021045 0.025009 
-0.188250 0.118890 0.114039 0.102068 0.020533 -0.025459 -0.035771 -0.207517 -0.137943 -0.004795 0.067621 -0.077723 0.013723 -0.086489 0.085329 
0.106780 0.264267 0.690524 0.045366 -0.094451 0.076268 -0.141449 -0.021230 -0.193337 -0.190727 0.063888 -0.171222 -0.000593 -0.161876 0.166305 
0.112355 -0.305219 1.315228 -0.114147 -0.138769 0.009946 -0.316410 0.111816 -0.284910 -0.318067 0.178025 -0.205413 -0.045939 -0.120309 0.166978 
0.610763 -0.364928 1.302638 0.010908 -0.160776 0.189713 -0.269127 0.100255 -0.251088 -0.346101 0.191517 -0.276251 -0.124289 -0.089256 0.081705 
0.652586 -0.421646 1.566741 -0.084638 -0.146580 0.191432 -0.292075 0.114270 -0.229356 -0.339959 0.189311 -0.273899 -0.118305 -0.061773 0.054887 
0.488506 -0.286605 1.754289 -0.155961 -0.153213 0.184717 -0.281681 0.101492 -0.232640 -0.350811 0.218966 -0.278535 -0.147287 -0.006893 0.050739 
0.396344 -0.246709 1.794702 -0.215882 -0.141460 0.154372 -0.282460 0.088150 -0.262317 -0.312560 0.211515 -0.287843 -0.122952 0.030071 0.051090 
0.221125 -0.195131 1.746023 -0.318174 -0.093729 0.140016 -0.256331 0.044767 -0.235868 -0.316695 0.259995 -0.373289 -0.057965 0.055384 0.009997 
0.000994 -0.047310 1.580500 -0.226492 -0.107577 0.236531 -0.263294 0.088832 -0.234647 -0.269056 0.250467 -0.390822 -0.057781 0.080935 -0.054870 
-0.301588 0.245545 0.924790 0.049214 0.016413 0.307216 -0.157619 -0.063006 -0.110960 -0.198111 0.186911 -0.350116 -0.098837 0.129796 -0.156652 
-0.050642 0.444540 0.388599 0.335686 0.065372 0.131135 0.142031 -0.104788 -0.034923 -0.098873 0.110465 -0.098690 -0.095202 0.008292 -0.008050 
-0.199171 0.210572 0.338821 0.238495 -0.002893 0.093739 0.137581 -0.071372 0.015629 -0.074183 0.195614 -0.136578 0.000267 0.059075 -0.017225 
-0.280147 0.299523 0.191384 0.211875 0.151808 0.130134 0.001968 -0.119701 0.030389 -0.115361 0.154507 -0.071468 -0.072459 -0.008171 0.033219 
-0.361185 0.104535 0.048179 -0.067673 -0.079077 0.057615 -0.046704 -0.157780 -0.084373 -0.084852 0.189853 -0.028111 -0.071244 0.028181 0.066534 
-0.469148 0.175085 0.134383 0.007995 0.049113 0.075930 -0.023382 -0.303096 -0.077793 -0.049636 0.177198 -0.086085 -0.104564 0.021395 0.077630 
-0.531509 -0.191213 -0.033339 -0.047575 -0.208966 -0.096840 -0.008044 -0.261104 0.114609 0.040170 0.179053 -0.069844 -0.043058 0.073398 0.049548 
0.054774 -1.423623 0.371826 -0.519377 -0.104714 0.183092 0.243664 -0.160930 0.026801 0.052987 -0.053067 -0.095188 0.082087 -0.006949 0.043109 
0.520727 -0.800147 1.156035 -0.227635 -0.070095 -0.045291 0.041968 -0.190667 -0.087976 0.012833 -0.004963 -0.104615 0.084552 -0.074568 0.086786 
0.913217 -0.855501 1.588682 -0.086776 -0.353414 -0.067259 -0.053540 -0.262501 -0.189994 -0.197572 0.049145 -0.178581 -0.017592 0.049109 0.019116 
1.073170 -0.940085 1.338217 -0.180214 -0.200940 -0.163845 0.009124 -0.273467 -0.173743 -0.174345 0.042097 -0.100616 -0.053270 0.070239 0.029395 
1.152501 -0.995922 1.341760 -0.241519 -0.256703 -0.206226 -0.038643 -0.169971 -0.207202 -0.077893 0.036881 -0.032052 0.000757 0.057694 0.037505 
1.153164 -0.944298 1.148301 -0.249870 -0.239898 -0.199977 -0.168714 -0.138553 -0.184677 -0.023319 0.011179 0.004610 0.055187 0.094522 0.011941 
1.301805 -1.047697 1.232257 -0.287963 -0.168205 -0.267177 -0.205166 -0.157251 -0.136522 -0.063220 0.069462 -0.078414 0.145605 0.096988 -0.002057 
1.350485 -0.927547 1.027929 -0.080793 -0.252676 -0.147140 -0.294846 -0.128432 -0.123574 -0.055034 0.015883 -0.068691 0.114507 0.126085 -0.046067 
1.584644 -0.934813 1.009730 0.005026 -0.129673 -0.099345 -0.345180 -0.110905 -0.109983 -0.017975 0.021820 -0.209712 0.158953 0.109895 -0.011733 
1.495667 -0.721757 0.733905 0.115202 -0.213698 0.148682 -0.415020 -0.118109 -0.078003 -0.115074 0.159490 -0.348425 0.106468 0.166208 -0.079958 
1.131224 -0.501691 0.523373 0.190723 -0.145930 0.212693 -0.176121 -0.207196 -0.068174 -0.114123 0.179096 -0.269159 -0.001087 0.080393 -0.048987 
0.839286 -0.265033 0.509115 0.395907 -0.092782 0.228406 0.057776 -0.297664 -0.166524 -0.058720 0.067606 -0.254569 -0.105551 0.032929 -0.100611 
0.799304 -0.124905 0.503529 0.220235 0.040929 0.329853 -0.032659 -0.293355 -0.168348 -0.109152 0.151182 -0.262632 -0.131895 -0.009931 -0.094428 
0.686275 -0.108536 0.482763 0.188955 -0.000935 0.335809 -0.069076 -0.313812 -0.110800 -0.143166 0.170923 -0.276430 -0.078196 -0.013353 -0.099588 
0.644595 -0.240882 0.573259 0.209226 0.001024 0.427988 -0.094340 -0.318308 -0.122990 -0.084912 0.197112 -0.306509 -0.085264 -0.032696 -0.081672 
0.969836 -0.426460 0.585999 0.094055 -0.009956 0.316023 -0.241695 -0.163231 -0.114025 -0.050433 0.179263 -0.321647 0.036276 0.000545 -0.017994 
1.425392 -0.516111 0.945853 0.028364 0.118390 0.165013 -0.294937 -0.083269 -0.079182 0.016134 0.020972 -0.321887 0.110365 -0.011902 -0.014382 
1.500336 -0.464214 0.893652 0.004871 0.128721 0.254508 -0.336896 -0.220418 -0.059116 0.068411 0.063641 -0.350441 0.034666 0.066455 -0.001175 
1.457575 -0.478256 0.909794 -0.097191 0.111348 0.164332 -0.366398 -0.329877 -0.104414 0.066313 0.066751 -0.345817 0.032045 0.093830 0.040033 
1.540869 -0.699804 0.817177 -0.070969 0.132751 0.176259 -0.387030 -0.232385 -0.190530 0.106101 0.089906 -0.396957 0.051027 0.043873 0.059075 
1.517670 -0.585647 0.726660 -0.050352 0.156142 0.137297 -0.277575 -0.309127 -0.212657 0.088946 0.049859 -0.353489 0.011790 0.000184 0.054280 
1.493656 -0.319173 0.502651 -0.014682 0.116612 0.136445 -0.221971 -0.310899 -0.225632 0.079530 0.041736 -0.310244 -0.004656 0.018096 0.006001 
1.112950 0.055198 0.201229 0.166079 0.057438 0.197906 -0.131154 -0.423328 -0.148211 -0.009037 0.066815 -0.257401 -0.064248 -0.005529 -0.044248 
0.479074 0.313141 0.227902 0.334318 0.122718 0.112757 0.061530 -0.297058 -0.143447 -0.073668 0.008317 -0.212606 -0.083596 -0.071673 -0.065085 
0.234354 0.327948 0.289361 0.356779 0.126034 0.040482 0.060053 -0.289359 -0.173979 -0.058427 0.002210 -0.273550 -0.046125 -0.113477 -0.003397 
0.007486 0.275657 0.297071 0.388505 0.003932 0.136717 0.179322 -0.186334 -0.091768 0.053889 0.053750 -0.159937 0.038074 -0.053689 -0.007425 
-0.117066 0.144422 0.193739 0.251330 0.089358 0.118064 0.022940 -0.314581 -0.082838 0.048343 0.104970 -0.229771 0.012376 -0.045895 0.016008 
-0.166228 0.108909 0.111883 0.207185 0.001195 -0.002417 -0.088498 -0.345042 -0.083525 -0.033252 0.123427 -0.168480 -0.057492 0.037888 0.077517 
-0.467253 0.220033 0.038524 0.070514 -0.049953 0.007760 -0.071011 -0.343383 -0.142319 0.028482 0.150945 -0.114472 -0.056209 0.056923 0.078653 
0.742588 -1.205676 -0.322636 -0.269787 0.324901 -0.068228 0.040212 -0.064876 0.008568 0.124646 -0.036283 -0.073706 0.039583 -0.105571 0.128997 
1.048726 -0.845418 -0.395436 -0.363357 0.313669 -0.107938 -0.075814 -0.120612 0.087302 0.181357 -0.004463 -0.034493 -0.015820 -0.123828 0.121218 
0.732003 -0.873285 -0.274799 -0.118900 0.151842 -0.270079 -0.131755 -0.146196 0.127888 0.242626 0.005990 -0.083787 0.077309 -0.085582 0.087640 
0.928078 -0.319196 0.073832 0.176737 0.359980 -0.126555 -0.145462 -0.081512 0.013423 0.098468 -0.047582 -0.107611 0.038813 -0.040061 0.127929 
1.224000 -0.379353 0.567452 0.199977 0.119359 0.022013 -0.232847 -0.211806 -0.186370 -0.026664 0.078912 -0.377403 -0.062630 0.132085 0.003792 
1.296094 -0.403600 0.620813 0.059422 0.084795 0.218365 -0.324363 -0.236527 -0.296116 -0.017897 0.178170 -0.446399 -0.049448 0.066724 -0.015376 
1.321769 -0.595593 0.841624 -0.094603 0.059382 0.271912 -0.302604 -0.336854 -0.220535 -0.078463 0.189604 -0.336697 -0.122351 0.064501 0.020361 
1.310839 -0.790989 0.914810 0.043497 -0.208061 0.543748 -0.372692 -0.450162 -0.075051 -0.229083 0.224922 -0.267485 -0.249535 0.078268 0.056078 
1.353845 -0.458535 -0.119999 0.548276 0.117187 0.139944 0.019416 -0.291912 -0.135416 -0.016889 0.147419 -0.172520 -0.052193 -0.070326 -0.019147 
1.237776 -0.278636 -0.171808 0.410559 0.143818 0.149838 -0.015077 -0.280092 -0.169766 -0.048856 0.106340 -0.109872 -0.022690 -0.130382 -0.027616 
1.266802 -0.579211 0.018145 0.522506 0.032449 0.089128 0.030817 -0.221144 -0.294409 -0.181695 0.168813 -0.106023 0.003508 -0.219382 -0.093559 
1.552694 -0.406616 0.051525 0.271224 -0.203885 0.187328 0.113667 -0.420637 -0.343625 -0.192680 0.084088 -0.164284 0.115543 -0.092868 -0.126123 
1.795181 -0.541061 0.467344 -0.004319 -0.463319 0.268328 0.130777 -0.557421 -0.223792 -0.253840 0.078827 -0.021399 0.056961 0.034127 -0.058456 
1.710467 -0.400988 0.468707 -0.231539 -0.603525 0.509491 -0.177868 -0.350349 -0.213174 -0.421974 0.194275 0.032222 0.044057 0.182545 0.009807 
1.703113 -0.257711 0.501086 -0.419499 -0.465590 0.388814 -0.190125 -0.238997 -0.217974 -0.499741 0.348472 -0.021449 0.032361 0.309391 -0.015809 
1.727179 -0.160508 0.432175 -0.466844 -0.466101 0.355943 -0.176365 -0.086669 -0.255191 -0.444944 0.379409 -0.103672 0.099944 0.329783 -0.037745 
1.702366 -0.136013 0.443814 -0.645819 -0.394551 0.207254 -0.110157 -0.038781 -0.285717 -0.354470 0.348221 -0.116266 0.195422 0.318466 -0.003344 
1.607991 -0.037095 0.235606 -0.535861 -0.480100 0.148870 -0.046770 -0.075818 -0.264028 -0.265015 0.228450 -0.074404 0.193987 0.285816 0.047472 
1.701123 0.021543 0.278970 -0.548240 -0.512674 0.078819 0.022109 -0.106250 -0.186402 -0.264114 0.192882 -0.042380 0.138418 0.306080 0.080431 
1.608183 0.095851 0.163042 -0.474781 -0.617695 0.074897 -0.001641 -0.055740 -0.163791 -0.188541 0.150050 -0.142635 0.190434 0.217532 0.106500 
1.563417 0.137140 0.118244 -0.519945 -0.672286 0.023912 0.043650 -0.057250 -0.085233 -0.235687 0.200031 -0.159234 0.176930 0.279569 0.076305 
1.419584 0.182302 0.012645 -0.507921 -0.729138 0.013688 0.008272 0.027165 -0.155335 -0.188097 0.142893 -0.146354 0.210889 0.238379 0.230545 
1.501135 0.128965 -0.001852 -0.496562 -0.735789 -0.040192 0.017234 0.024511 -0.072704 -0.213504 0.120543 -0.053332 0.111399 0.224760 0.259219 
1.636632 0.064024 -0.002411 -0.439162 -0.751274 -0.074236 0.045959 -0.027139 0.024778 -0.262977 0.174290 -0.041739 0.036333 0.259556 0.162927 
1.653217 0.289846 -0.071326 -0.473093 -0.687036 -0.089622 0.064292 -0.059080 0.064866 -0.193008 0.100502 -0.046474 0.005677 0.221439 0.155345 
1.072696 0.453459 -0.160120 -0.550409 -0.638096 -0.191592 0.159696 -0.042470 -0.118412 -0.110260 0.113747 -0.120157 0.172333 0.315453 0.130094 
1.389421 0.228985 -0.029121 -0.442595 -0.670449 -0.110722 -0.006550 0.079232 -0.048040 -0.143259 0.138661 -0.106021 0.010637 0.196977 0.130577 
0.892893 0.374010 -0.000646 -0.636374 -0.700176 -0.156908 0.071156 0.048493 -0.085912 -0.134440 0.150163 -0.178025 0.147541 0.274030 0.185984 
0.463568 0.421328 -0.197544 -0.539773 -0.523224 -0.210190 0.162365 0.077360 -0.058183 -0.061219 0.049166 -0.068993 0.161794 0.002743 0.221217 
-0.117041 0.092233 -0.184769 -0.244147 -0.369710 -0.080617 0.091457 -0.138957 0.044029 -0.045953 0.250485 -0.023150 -0.017270 0.055562 -0.019771 
