city022_091
GYOODA
65
-0.529704 -0.168668 -0.061503 -0.086097 0.074307 -0.001400 -0.094333 0.065932 -0.017582 0.048577 -0.005882 -0.060660 0.017376 0.051004 -0.059685 
-0.352163 0.109350 0.060499 -0.040909 -0.095364 0.058990 -0.034769 -0.067372 -0.014084 0.045043 0.009118 -0.035392 0.009217 0.022453 -0.020999 
0.000246 0.390434 0.324807 0.318978 0.198795 0.235516 -0.038411 -0.074077 -0.073318 0.001314 0.028442 -0.047278 -0.163028 0.004471 0.019144 
0.443432 0.447088 0.381763 0.211338 0.067458 0.080364 0.008572 -0.078961 -0.205374 -0.137313 0.038200 -0.204943 -0.073000 -0.039090 -0.061469 
0.497767 0.621243 0.567956 0.359382 -0.033749 0.008470 0.032841 -0.110382 -0.164425 -0.124565 -0.044701 -0.215635 -0.077357 -0.052564 -0.075755 
0.611498 0.760878 0.449110 0.308475 -0.010361 0.011048 0.003246 -0.073968 -0.187507 -0.139940 -0.033970 -0.202519 -0.105467 -0.029770 -0.070007 
0.526850 0.642100 0.331243 0.205280 0.180471 0.053163 -0.029927 -0.112307 -0.108306 -0.128158 -0.038490 -0.183884 -0.051933 -0.081066 -0.063830 
0.265488 0.618741 0.358301 0.361138 0.219233 0.039607 -0.021103 -0.193645 -0.032934 -0.017855 -0.194857 -0.139998 -0.062535 -0.090963 -0.068984 
0.275308 0.648737 0.528927 0.204113 0.067360 0.183666 -0.000176 -0.216082 -0.002341 -0.126972 -0.123143 -0.118665 -0.075037 -0.128318 -0.027261 
-0.475650 -0.116595 1.274886 -0.291367 0.303062 0.215262 -0.414198 0.151829 -0.046240 -0.094927 -0.050830 -0.117784 0.019072 -0.073908 0.014915 
-0.304799 0.104399 1.317591 -0.323274 0.358719 0.275737 -0.420736 0.138213 -0.061853 -0.176316 -0.042692 -0.146014 -0.081488 -0.076560 -0.024914 
0.104482 -0.539950 0.936955 -0.360534 -0.039075 0.151017 -0.160386 0.004083 -0.003872 0.012589 -0.068117 0.076155 -0.040696 -0.028630 0.078237 
0.298639 -0.625402 1.171683 -0.382555 0.049448 0.129833 -0.198546 -0.003536 -0.092933 -0.045561 -0.037838 0.056212 -0.112521 0.010598 0.064432 
0.558314 -0.483037 1.611028 -0.066700 -0.223292 0.161874 -0.241152 0.053050 -0.226143 -0.218261 0.011797 -0.085597 -0.181779 -0.016396 0.029016 
0.869857 -0.720847 1.540478 0.032880 -0.273172 -0.053651 -0.173930 0.084884 -0.371121 -0.185140 0.098315 -0.187448 -0.082107 0.022699 -0.035596 
1.053607 -0.930800 1.217825 -0.004321 -0.113321 -0.248575 -0.215513 0.134746 -0.410373 -0.172680 0.082218 -0.128249 -0.045098 0.061723 -0.044928 
1.258727 -0.958362 1.112369 -0.039252 -0.105912 -0.209597 -0.359247 0.076359 -0.297344 -0.165432 0.065579 -0.150981 0.050677 0.131295 -0.083172 
1.492019 -0.962803 0.957363 -0.186483 -0.008137 -0.177580 -0.351088 0.003080 -0.336040 -0.072880 0.038474 -0.145805 0.004859 0.213015 -0.074476 
1.428522 -0.700602 0.817249 -0.231239 0.141916 -0.153442 -0.427393 -0.088386 -0.353742 0.107690 0.096037 -0.261352 0.012306 0.255154 0.036985 
1.603721 -0.634294 0.745524 -0.327225 0.172565 -0.068124 -0.434164 -0.100531 -0.445198 0.179761 0.155192 -0.279848 0.017594 0.195813 0.057436 
1.748055 -0.619963 0.683400 -0.430747 0.072460 0.028560 -0.349595 -0.060743 -0.512340 0.102463 0.143547 -0.225372 0.064272 0.134671 -0.052040 
1.754990 -0.580212 0.515271 -0.451431 -0.008294 -0.035859 -0.177717 -0.046820 -0.511958 -0.016421 0.005573 -0.172121 0.167942 0.128516 -0.071654 
1.783533 -0.569107 0.527786 -0.478988 -0.085479 -0.042639 -0.142736 0.000760 -0.425271 -0.105497 -0.065707 -0.181544 0.187942 0.155390 -0.080897 
1.814493 -0.574372 0.460766 -0.432415 -0.069642 -0.088809 -0.187237 0.046807 -0.362484 -0.122960 -0.103321 -0.186046 0.220636 0.118913 -0.058645 
1.859339 -0.548429 0.490608 -0.456971 -0.111619 -0.103057 -0.231955 0.119839 -0.331985 -0.097942 -0.127819 -0.193771 0.224128 0.084261 -0.039091 
1.892429 -0.621353 0.434872 -0.500695 -0.056799 -0.158967 -0.191039 0.125173 -0.308919 -0.132163 -0.172142 -0.193239 0.261894 0.126879 -0.040794 
1.960836 -0.663120 0.329298 -0.446327 -0.057768 -0.128610 -0.219264 0.134277 -0.293753 -0.154838 -0.165472 -0.165262 0.252944 0.167662 -0.040225 
1.931999 -0.571203 0.273445 -0.462961 0.000138 -0.197627 -0.206410 0.135902 -0.284732 -0.130668 -0.186088 -0.126233 0.198923 0.168847 0.006667 
1.896467 -0.530444 0.308548 -0.471688 0.012985 -0.200400 -0.232649 0.107816 -0.264561 -0.101402 -0.166074 -0.112847 0.181580 0.140917 0.000240 
1.861633 -0.495950 0.349693 -0.558075 0.052498 -0.204633 -0.234440 0.148086 -0.264190 -0.138810 -0.166162 -0.079898 0.149826 0.132496 0.025719 
1.836387 -0.484122 0.401694 -0.593953 0.006637 -0.192701 -0.227295 0.171961 -0.250432 -0.159651 -0.176675 -0.096521 0.151332 0.128995 0.019675 
1.758364 -0.433959 0.395275 -0.616188 -0.027080 -0.114537 -0.208504 0.159567 -0.260717 -0.251757 -0.157915 -0.049835 0.136932 0.151139 0.043071 
1.646308 -0.461710 0.515960 -0.717775 -0.128730 -0.009163 -0.142099 0.081699 -0.312050 -0.199006 -0.166721 -0.116145 0.246621 0.141341 0.031121 
1.657710 -0.365801 0.654048 -0.774476 -0.121112 0.074844 -0.173363 -0.019082 -0.343852 -0.081363 -0.112509 -0.118292 0.201642 0.124299 -0.055302 
1.590544 -0.515469 0.581096 -0.668547 0.012406 0.091742 -0.240359 -0.082053 -0.395455 -0.082293 -0.103072 -0.070675 0.235383 0.056229 -0.069044 
1.543852 -0.488838 0.603025 -0.580023 0.123820 0.077390 -0.302607 -0.159906 -0.403575 0.021624 -0.089702 -0.114108 0.194681 -0.004354 -0.090535 
1.500963 -0.426536 0.758528 -0.598422 0.154210 0.235198 -0.380603 -0.195433 -0.482870 0.119873 -0.063840 -0.111578 0.144343 -0.140362 -0.017146 
1.102142 -0.047184 0.434483 -0.318082 0.226008 0.208474 -0.233102 -0.124674 -0.239361 0.107068 -0.080478 -0.137384 0.122816 -0.153217 0.011934 
0.582856 0.595889 0.286090 -0.048685 0.252465 0.334654 -0.103109 -0.251857 -0.378556 0.080644 -0.058736 -0.143751 -0.101901 -0.133025 -0.163125 
0.670974 0.416411 0.238599 0.094465 0.138119 0.284677 -0.045912 -0.284920 -0.241166 -0.007978 0.010279 -0.219998 -0.020300 -0.103451 -0.148145 
0.554516 0.335492 0.274156 0.165356 0.236663 0.288391 0.010282 -0.282398 -0.344920 0.072980 -0.044235 -0.167613 -0.124714 -0.172791 -0.122554 
0.436440 -0.623135 0.684669 -0.203023 0.290840 -0.052844 -0.088485 -0.030497 -0.169688 0.085292 -0.049372 0.039440 -0.088346 -0.021483 0.066615 
1.277367 -0.550901 0.514549 -0.428112 0.197768 -0.001782 -0.354996 -0.241722 -0.157493 0.182246 -0.086993 -0.066659 0.065942 0.050783 0.007702 
1.491204 -0.740456 0.586725 -0.506682 0.142095 0.006130 -0.488913 -0.263417 -0.139554 0.219698 -0.012965 -0.126284 0.164428 0.069792 0.037073 
1.338189 -0.812989 0.436342 -0.601530 0.080641 -0.092717 -0.422056 -0.269617 -0.043181 0.286503 0.051509 -0.014403 0.162166 0.085809 0.002774 
1.353253 -0.886836 0.466845 -0.641231 0.051801 -0.208177 -0.316619 -0.247813 -0.037585 0.329054 0.095465 0.020818 0.112093 0.122566 -0.034517 
1.397143 -0.746672 0.443854 -0.617550 -0.058828 -0.108919 -0.314276 -0.233507 -0.049642 0.349200 0.171205 -0.020227 0.064657 0.133159 -0.063930 
1.451620 -0.800437 0.455513 -0.736940 -0.051724 0.034992 -0.339556 -0.126689 -0.100011 0.310137 0.260325 -0.047514 -0.002833 0.090336 -0.113342 
1.397127 -0.871352 0.363149 -0.788026 -0.081573 -0.003844 -0.213537 -0.103137 -0.025074 0.270987 0.253318 -0.017608 -0.046536 0.031937 -0.097226 
1.419173 -0.952762 0.255979 -0.757151 -0.063814 -0.118160 -0.175607 0.029674 0.024371 0.149700 0.302528 0.015353 -0.145287 0.054935 -0.080211 
1.395185 -1.034715 0.237198 -0.737418 -0.110474 -0.136844 -0.153872 0.133750 0.018318 0.118747 0.259690 0.023106 -0.130614 0.007715 -0.060158 
1.470446 -1.095487 0.301973 -0.794116 -0.124964 -0.144778 -0.097767 0.171012 -0.004962 0.158421 0.198605 -0.028615 -0.099167 -0.003464 -0.041372 
1.479839 -1.031955 0.259001 -0.756008 -0.203062 -0.136841 -0.012581 0.141077 0.003139 0.174067 0.171917 -0.055126 -0.095529 -0.000199 -0.043320 
1.596504 -1.043057 0.158724 -0.749507 -0.152507 -0.050041 -0.070432 0.083057 -0.047973 0.209463 0.250091 -0.028763 -0.160288 0.020564 -0.062323 
1.590293 -0.901395 0.132435 -0.723778 -0.150016 -0.013769 -0.069923 0.038546 -0.055393 0.205584 0.355031 -0.104022 -0.166345 0.025234 -0.089880 
1.722571 -0.897766 0.082662 -0.689646 -0.170126 0.062871 -0.158944 0.104661 -0.125553 0.236642 0.380341 -0.174747 -0.126221 0.018898 -0.102134 
1.793494 -0.894794 0.020808 -0.680089 -0.121920 0.074672 -0.166014 0.106776 -0.183975 0.259503 0.338063 -0.149717 -0.085043 -0.036065 -0.054767 
1.753052 -0.917937 -0.003004 -0.605010 -0.110040 0.073475 -0.204600 0.120340 -0.233130 0.253300 0.343665 -0.131865 -0.062908 -0.037251 -0.050391 
1.603251 -0.899794 -0.065647 -0.653285 -0.031176 0.065607 -0.113199 0.066799 -0.251409 0.249724 0.315384 -0.167357 -0.015740 -0.037315 -0.070843 
1.454988 -0.743020 -0.070821 -0.558641 -0.000059 0.070591 -0.044923 0.037641 -0.248943 0.240760 0.205658 -0.194446 0.033829 -0.010559 -0.048637 
1.388637 -0.580509 -0.197635 -0.469898 0.014645 0.125514 -0.028774 0.009373 -0.160011 0.251587 0.217005 -0.201564 -0.057064 -0.103365 0.034525 
0.907761 -0.407023 -0.313733 -0.478391 -0.130308 0.117403 -0.031282 -0.018499 -0.085967 0.316429 0.345179 -0.265305 -0.153319 -0.106242 -0.078423 
1.166548 -0.558996 -0.250954 -0.321610 -0.008845 0.185631 0.082335 0.099189 -0.303355 0.284411 0.140998 -0.181622 -0.059163 -0.082062 0.070505 
0.341874 -0.429240 -0.521960 -0.395431 -0.280994 0.164941 -0.041248 -0.055074 0.038236 0.311167 0.171040 -0.050360 -0.223568 -0.183143 -0.027777 
-0.011973 -0.210614 -0.439326 -0.348610 -0.207868 -0.017113 -0.013208 0.039544 -0.067562 0.241868 0.179609 -0.069535 -0.114711 -0.049260 -0.064555 
