city022_024
NERIMA
53
-0.500869 0.102004 0.118758 0.033242 -0.094253 0.023412 0.256754 0.052730 -0.104570 -0.047137 0.160576 -0.088915 -0.053464 0.109047 0.026125 
0.383688 0.632931 0.474593 0.286704 0.016870 -0.019413 -0.013018 -0.037359 -0.087492 -0.246805 0.056034 -0.137704 -0.127075 -0.032719 -0.006645 
0.756992 0.518951 0.764107 0.003241 -0.243732 0.168140 0.072270 -0.296753 -0.082530 -0.090351 -0.197705 -0.169936 -0.027831 -0.085643 -0.089636 
0.763858 0.428223 0.802675 0.235574 -0.437563 0.136009 0.005310 -0.308148 -0.076824 -0.119180 -0.147229 -0.127589 -0.032867 -0.077897 -0.008658 
0.916424 0.482009 0.842139 0.073646 -0.450234 0.222491 0.164177 -0.379355 0.032519 -0.109783 -0.213374 -0.162766 -0.056456 -0.105800 -0.062586 
1.073389 0.322121 0.843702 0.179064 -0.344330 0.191996 0.009065 -0.263022 -0.058915 -0.076289 -0.171362 -0.138935 -0.019473 -0.101168 -0.038593 
1.125064 0.094657 0.862782 0.207604 -0.133875 0.054019 -0.026035 -0.191110 -0.114986 -0.058586 -0.091227 -0.219208 0.063304 -0.086939 -0.068552 
1.411338 -0.431424 0.834110 0.197654 -0.128255 -0.220276 -0.162260 -0.045686 -0.034379 -0.122446 -0.047735 -0.070708 0.178324 -0.083268 -0.034989 
1.412043 -0.702158 0.923925 0.159736 -0.292074 -0.253806 -0.238141 -0.037732 -0.009812 -0.141777 -0.002491 0.055398 0.180140 -0.056102 -0.017021 
1.413046 -0.860176 1.043378 0.144765 -0.337717 -0.259039 -0.255743 0.014206 -0.048468 -0.117200 0.047615 0.079283 0.171382 -0.067333 0.040448 
1.356552 -0.897960 1.025187 -0.017282 -0.316518 -0.271167 -0.259614 -0.009909 -0.066407 -0.183164 0.100730 0.057469 0.147915 -0.069374 0.083364 
1.290204 -0.891072 1.028228 -0.095655 -0.231305 -0.343675 -0.196783 -0.030818 -0.137332 -0.178747 0.086239 0.049257 0.108114 -0.041178 0.088634 
1.256842 -0.948633 0.978745 -0.147829 -0.179521 -0.317707 -0.196784 -0.066525 -0.207943 -0.200476 0.099979 -0.000815 0.116716 -0.049551 0.114892 
1.298008 -0.930736 1.093200 -0.122597 -0.215660 -0.316144 -0.188604 -0.074663 -0.203736 -0.217708 0.086214 0.004688 0.083040 -0.036967 0.105881 
1.219898 -0.867961 1.352937 0.223836 -0.396017 -0.245779 -0.200503 -0.001690 -0.224403 -0.214951 0.072133 -0.007473 0.093997 -0.071406 0.095224 
0.898854 -0.638159 1.212745 0.355414 -0.238502 -0.073879 -0.205154 0.122937 -0.145316 -0.298543 0.071565 -0.127339 0.038274 -0.082038 -0.054238 
0.894152 -0.384627 1.035193 0.342690 -0.154874 -0.111393 -0.121496 0.128261 -0.159162 -0.176509 0.041067 -0.173127 0.161725 -0.161654 -0.038508 
0.809851 -0.413028 1.252541 0.283837 -0.172661 -0.152034 -0.077775 0.081859 -0.277510 -0.175880 0.013323 -0.162435 0.052478 -0.159634 -0.017404 
0.964114 -0.608438 1.502307 0.203566 -0.293837 -0.074602 -0.110848 0.033612 -0.265552 -0.184585 0.044552 -0.105554 -0.003577 -0.139636 0.096865 
0.959382 -0.648960 1.624125 0.168311 -0.370876 -0.046729 -0.139371 -0.001829 -0.327392 -0.174325 0.067206 -0.147482 -0.017102 -0.087940 0.132850 
0.968291 -0.657856 1.759876 0.070112 -0.364291 0.016383 -0.172258 -0.018362 -0.270873 -0.206147 0.107380 -0.144684 -0.021989 -0.048482 0.126989 
0.938721 -0.654944 1.770204 0.006533 -0.306558 0.041437 -0.203911 0.014786 -0.256870 -0.205665 0.098220 -0.124394 -0.051972 -0.055038 0.163808 
0.915177 -0.652681 1.853467 -0.121865 -0.257542 0.041196 -0.175496 -0.031557 -0.208035 -0.274008 0.180615 -0.197004 -0.046342 -0.056975 0.177447 
0.818464 -0.470479 1.807800 -0.022125 -0.286113 0.074786 -0.213547 0.012156 -0.270441 -0.211092 0.102944 -0.126669 -0.095506 -0.022189 0.172012 
0.943862 -0.539808 1.759310 -0.130661 -0.260129 0.057815 -0.202398 -0.046939 -0.217860 -0.239533 0.141104 -0.174676 -0.067537 0.006300 0.135138 
0.943956 -0.503124 1.771661 -0.085266 -0.308318 0.071753 -0.209018 -0.042263 -0.257120 -0.209199 0.131651 -0.190459 -0.035150 0.004551 0.117620 
0.995449 -0.599961 1.759988 0.001699 -0.378441 0.060904 -0.182712 -0.032727 -0.297398 -0.169024 0.151156 -0.243958 0.035054 -0.002559 0.072062 
1.188226 -0.664968 1.352304 0.197114 -0.306520 -0.142720 -0.087230 0.044408 -0.346165 -0.181769 0.196531 -0.250800 0.000471 0.000651 0.039288 
1.358048 -0.395521 1.106657 0.329523 -0.234637 -0.136331 -0.006203 0.029446 -0.372068 -0.191872 0.162124 -0.333997 -0.064067 0.018078 -0.010687 
1.277149 -0.235707 0.916326 0.246385 -0.353568 0.061767 0.193087 -0.141397 -0.393288 -0.063085 -0.000093 -0.364120 -0.057604 0.005641 -0.072509 
1.266989 -0.316041 0.905994 0.292088 -0.319438 0.115435 0.161875 -0.215847 -0.332492 -0.060427 -0.014118 -0.358655 -0.011880 -0.055592 -0.035794 
1.322721 -0.430195 0.939904 0.248465 -0.308523 0.198752 0.117312 -0.239510 -0.311393 -0.039656 -0.044489 -0.300458 -0.036186 -0.044233 -0.038993 
1.354308 -0.500883 0.920861 0.206266 -0.300684 0.259969 0.151305 -0.297413 -0.300967 -0.047990 -0.045780 -0.261636 -0.067886 -0.015856 -0.073116 
1.237898 -0.486192 0.938737 0.168676 -0.334120 0.314325 0.143059 -0.284770 -0.296715 -0.060298 -0.044378 -0.277399 -0.012230 -0.063921 -0.045825 
1.475800 -0.528040 0.937632 -0.072366 -0.280685 0.341388 0.161670 -0.264157 -0.334327 -0.074414 -0.053120 -0.229444 0.045274 -0.053842 -0.034533 
1.802008 -0.661399 0.515789 -0.475071 -0.185334 0.015531 -0.038322 -0.111297 -0.263423 0.056167 0.277202 -0.039055 0.021828 0.103903 -0.013722 
1.710410 -0.788668 0.370559 -0.608826 -0.142282 -0.055563 -0.030972 -0.020509 -0.072784 0.136923 0.410773 -0.130212 -0.072333 0.013824 -0.022470 
1.676494 -0.781987 0.341851 -0.632175 -0.111458 0.020707 -0.050089 -0.010463 -0.012851 0.155528 0.433667 -0.096314 -0.191254 -0.014063 -0.035447 
1.625011 -0.797865 0.276608 -0.663459 -0.066354 0.027457 -0.074837 0.040535 -0.043803 0.198799 0.434677 -0.177832 -0.172714 -0.052002 -0.021880 
1.637480 -0.856462 0.265519 -0.733364 -0.003610 0.017816 -0.009685 0.032567 -0.035913 0.178044 0.418045 -0.174177 -0.196275 -0.096557 0.003777 
1.611768 -0.862829 0.208273 -0.723581 -0.014389 0.057873 -0.006149 0.061304 -0.060223 0.170423 0.392936 -0.152356 -0.210618 -0.133250 0.020643 
1.665907 -0.888088 0.166077 -0.751268 -0.011752 0.090524 0.031178 0.044455 -0.050959 0.120469 0.337422 -0.070666 -0.242560 -0.111036 -0.021777 
1.588114 -0.830970 0.145439 -0.758836 -0.016140 0.105860 0.091936 0.067229 -0.097523 0.112923 0.349861 -0.121225 -0.192003 -0.140204 -0.007397 
1.624010 -0.824007 0.123783 -0.794430 -0.007669 0.132391 0.107200 0.127821 -0.123856 0.080209 0.340331 -0.114133 -0.184787 -0.151362 -0.029761 
1.684767 -0.858977 0.104912 -0.809756 0.020199 0.135195 0.140289 0.102406 -0.088811 0.039514 0.378164 -0.210925 -0.121618 -0.187556 0.004942 
1.685988 -0.814712 0.049951 -0.742006 0.027265 0.147924 0.053473 0.132375 -0.137825 0.132311 0.381133 -0.214922 -0.134892 -0.213566 -0.004931 
1.784479 -0.753847 -0.051757 -0.645235 -0.036855 0.190446 -0.000297 0.147474 -0.217869 0.207988 0.389101 -0.263858 -0.057486 -0.221566 -0.060239 
1.764467 -0.499505 -0.125665 -0.523603 0.005404 0.133528 -0.059350 0.166297 -0.247527 0.190222 0.420992 -0.232460 0.004444 -0.241878 -0.033310 
1.645073 -0.405907 -0.183246 -0.496873 -0.010539 0.122285 0.004709 0.044937 -0.194585 0.354673 0.298775 -0.257065 0.037263 -0.294102 -0.027294 
1.391635 -0.108134 -0.356025 -0.437619 -0.005339 0.000002 0.167237 0.100406 -0.093492 0.303690 0.326256 -0.267574 -0.074690 -0.248735 -0.061983 
1.441738 -0.814886 -0.319615 -0.398024 0.051906 0.095004 0.044616 0.035131 -0.262103 0.270996 0.193068 -0.231602 0.062606 -0.224624 0.074538 
0.897237 -0.307289 -0.584051 -0.452912 -0.065975 -0.002195 0.139097 -0.045117 -0.062269 0.292001 0.334399 -0.270382 -0.145499 -0.268391 0.035778 
0.354615 -0.146653 -0.659692 -0.278610 -0.118637 -0.067404 0.040037 -0.058251 -0.010765 0.245387 0.281816 -0.155418 -0.164928 -0.087729 0.007456 
