city022_031
MARUNOUCHI
88
-0.407149 -0.015438 -0.225322 0.078997 -0.279089 0.163166 -0.044819 0.154965 -0.107800 -0.042363 0.068363 -0.013011 -0.047475 0.071331 -0.059154 
-0.237915 0.150919 -0.061504 0.304153 -0.102379 0.253645 -0.106117 0.007249 0.070868 0.106572 -0.040252 -0.067830 0.053258 0.070688 -0.094581 
0.124430 0.422399 0.181540 0.628060 0.082212 0.221768 -0.140598 0.256388 0.003758 0.044344 0.019861 0.016296 0.045379 0.021444 -0.050918 
0.025593 0.466360 0.409553 0.576149 0.175770 0.262037 -0.106931 0.131776 0.072626 0.129800 -0.118548 0.050076 -0.026481 0.108992 -0.137942 
0.910795 -0.107829 0.468342 0.399282 -0.261200 0.316513 -0.066893 -0.279671 -0.228413 0.058877 -0.215925 -0.060709 -0.097507 -0.104175 0.014402 
0.656444 0.162111 0.122838 0.383966 -0.131912 0.364742 0.093791 -0.374753 -0.349689 -0.023178 -0.182761 0.094571 -0.184888 -0.201362 -0.065693 
0.691083 0.186744 0.231605 0.388664 -0.172845 0.187433 0.009545 -0.264089 -0.247742 0.057506 -0.119316 -0.098851 -0.081292 -0.025028 -0.035855 
1.267052 -0.422983 0.517931 0.344781 -0.371250 0.309286 0.020820 -0.306995 -0.345059 0.036637 -0.188149 -0.076355 -0.064249 -0.072707 -0.039647 
1.389482 -0.471485 0.571901 0.280287 -0.440144 0.352392 0.036891 -0.205537 -0.403990 0.054760 -0.202593 -0.053472 -0.052521 -0.035477 -0.045013 
1.429276 -0.546663 0.587607 0.340430 -0.424952 0.465368 0.072849 -0.231864 -0.389351 -0.002965 -0.173234 -0.047657 -0.075383 -0.077576 -0.069765 
1.587592 -0.554953 0.526375 -0.081925 -0.432761 0.244386 0.031603 -0.037734 -0.412413 0.068362 -0.123018 -0.051513 0.072397 0.042377 0.004373 
1.686002 -0.889658 0.212419 -0.630894 -0.269637 0.014334 -0.051943 0.079869 -0.363176 0.181160 0.148941 0.112998 0.015592 0.155763 -0.119200 
1.529604 -0.973405 0.142818 -0.744420 -0.151029 0.017707 0.023514 0.048748 -0.183756 0.182383 0.246681 0.100304 -0.148677 -0.069633 -0.117459 
1.532965 -1.027648 0.171167 -0.721117 -0.158983 0.015601 0.011791 0.068024 -0.104908 0.157413 0.259869 0.029931 -0.148248 -0.121768 -0.068620 
1.458839 -1.096139 0.266835 -0.765888 -0.179497 0.068884 -0.035461 0.031201 -0.074249 0.189531 0.245870 0.032331 -0.193785 -0.033660 -0.127355 
1.463355 -1.214054 0.266424 -0.711149 -0.189856 0.023798 -0.036042 0.056114 -0.066405 0.193514 0.261103 -0.036482 -0.154937 -0.034189 -0.132245 
1.488631 -1.242639 0.256723 -0.617688 -0.218057 -0.010387 -0.045969 0.015888 -0.046541 0.197193 0.252124 -0.018928 -0.129552 -0.015549 -0.150124 
1.525819 -1.245967 0.296000 -0.581345 -0.153831 -0.163591 -0.029167 0.048535 -0.055114 0.179103 0.240173 0.046958 -0.169935 0.014966 -0.135651 
1.469612 -1.190804 0.345254 -0.575795 -0.096603 -0.205154 -0.138113 0.049953 -0.068068 0.183908 0.209960 0.166483 -0.254760 0.113677 -0.043641 
1.590474 -1.076720 0.335910 -0.477239 0.004637 -0.235882 -0.189208 -0.059721 -0.196364 0.305157 0.218959 0.092209 -0.137997 0.086606 0.010679 
1.837190 -0.968222 0.083514 -0.180116 -0.024210 -0.055997 -0.329004 -0.078749 -0.203197 0.339834 0.070918 0.021569 0.012837 0.001905 0.009660 
1.932803 -0.771531 -0.297234 0.348077 -0.161351 0.288019 -0.249047 -0.292422 0.011559 0.228482 -0.105523 -0.074255 -0.001893 0.104743 -0.069752 
1.872006 -0.807862 -0.006271 0.419939 -0.264132 0.287205 -0.303617 -0.257113 -0.058927 0.133311 -0.004525 -0.087719 -0.004984 0.058592 -0.097967 
1.689856 -1.134501 0.574742 -0.186183 -0.054291 0.100946 -0.443313 -0.227572 -0.235087 0.209327 -0.044433 0.025025 -0.044835 0.139363 -0.000658 
1.517526 -0.961705 0.700088 -0.399432 0.013061 0.030811 -0.417499 -0.202946 -0.343429 0.171464 0.021307 0.020332 -0.053660 0.209512 -0.021736 
1.609046 -0.947389 0.723662 -0.418802 0.078365 -0.054481 -0.451169 -0.107327 -0.347061 0.178026 -0.016517 -0.036641 0.027224 0.211727 -0.093218 
1.584567 -0.797937 0.764707 -0.329796 -0.040236 -0.044498 -0.421113 -0.054108 -0.350098 0.182871 -0.084711 -0.008597 0.052868 0.153448 -0.058862 
1.590414 -0.759726 0.790784 -0.361392 0.059903 -0.091480 -0.387597 -0.029042 -0.387871 0.222950 -0.133197 -0.059042 0.083105 0.134407 -0.092355 
1.489672 -0.745525 0.818712 -0.254391 0.099633 -0.013009 -0.472650 -0.056536 -0.323837 0.243946 -0.144155 -0.126277 0.036058 0.194931 -0.114517 
1.492805 -0.774450 0.837492 -0.217726 0.129419 0.025505 -0.488106 -0.043007 -0.316152 0.262943 -0.180989 -0.174753 0.050134 0.195416 -0.165148 
1.435068 -0.647865 0.860499 -0.185165 0.135702 -0.003655 -0.460647 -0.027101 -0.332385 0.263343 -0.191565 -0.203175 0.106380 0.121590 -0.120857 
1.563736 -0.605154 0.831667 -0.174064 0.161455 0.011691 -0.458719 0.004837 -0.384380 0.298703 -0.297907 -0.157054 0.068806 0.100974 -0.138294 
1.454933 -0.447576 0.937203 0.127146 -0.112949 0.257486 -0.375974 -0.273933 -0.283820 0.327621 -0.299947 -0.150763 0.028467 0.046667 -0.007537 
1.307144 -0.187567 1.111501 -0.107547 -0.638031 0.459246 -0.212853 -0.149745 -0.296231 0.056718 -0.296835 -0.135260 0.021603 -0.026789 -0.112718 
1.353467 -0.320775 1.129390 -0.066547 -0.682824 0.509391 -0.329354 -0.117763 -0.304930 0.052578 -0.234933 -0.135181 0.073499 -0.041834 -0.070356 
1.369894 -0.316985 1.216530 -0.109609 -0.766754 0.509696 -0.317415 -0.121198 -0.236550 -0.006987 -0.224092 -0.120963 -0.001315 0.017325 -0.124963 
1.291654 -0.266648 1.160300 -0.104600 -0.667046 0.521653 -0.320720 -0.163208 -0.253245 0.026076 -0.232326 -0.123321 0.053068 -0.021281 -0.092232 
1.254287 -0.504572 0.909518 -0.146826 -0.263437 0.406074 -0.292460 -0.226749 -0.356952 0.124204 -0.271337 -0.000649 -0.031683 -0.042361 -0.046472 
1.595077 -0.663169 0.620716 -0.303863 0.071184 0.175804 -0.271571 -0.207712 -0.417116 0.253581 -0.167365 0.024645 -0.016806 -0.021826 -0.055385 
1.839042 -0.793391 0.520335 -0.386744 0.097906 0.127834 -0.331728 -0.064152 -0.385767 0.187278 -0.105965 0.006849 0.075784 0.000426 -0.092266 
1.852328 -0.846910 0.445568 -0.371885 0.022655 0.122943 -0.269276 -0.056548 -0.381783 0.043679 -0.025053 0.011049 0.132250 0.015331 -0.151335 
1.787209 -0.840622 0.424630 -0.367547 -0.071978 0.205695 -0.246333 -0.068886 -0.416148 -0.010229 -0.030555 0.050225 0.150915 0.023985 -0.169821 
1.787065 -0.817315 0.460411 -0.460827 -0.038320 0.197090 -0.240396 -0.057291 -0.359695 -0.017100 -0.097372 0.061848 0.149718 0.063919 -0.177157 
1.810624 -0.681676 0.422305 -0.445368 -0.088856 0.207011 -0.256358 -0.007090 -0.282566 -0.051771 -0.150006 0.013920 0.139396 0.111999 -0.163901 
1.862096 -0.578063 0.407890 -0.466694 -0.098847 0.202423 -0.243446 0.017324 -0.301258 -0.069694 -0.139869 -0.075112 0.205197 0.069374 -0.109542 
1.880406 -0.570096 0.469412 -0.486726 -0.113860 0.219742 -0.251175 0.090651 -0.424328 0.013215 -0.193019 -0.095499 0.185681 0.105645 -0.147728 
1.887934 -0.541297 0.432124 -0.468070 -0.064795 0.207413 -0.259340 0.047120 -0.436703 0.016971 -0.168342 -0.142625 0.182852 0.126246 -0.186603 
1.879440 -0.477640 0.497050 -0.493101 -0.072725 0.242433 -0.211511 0.012144 -0.535706 0.028940 -0.072326 -0.147204 0.180187 0.108927 -0.216144 
1.770040 -0.391958 0.552444 -0.455088 -0.091480 0.235475 -0.208558 -0.035755 -0.568132 0.106487 -0.021611 -0.125281 0.144136 0.090421 -0.203638 
1.684121 -0.427308 0.618115 -0.340493 0.028308 0.210750 -0.353222 -0.075481 -0.511224 0.238191 0.065918 -0.179171 0.058815 0.081361 -0.165364 
1.548387 -0.528117 0.750105 -0.230564 0.098925 0.114326 -0.450756 -0.046167 -0.356791 0.211699 0.052042 -0.279740 0.037928 0.198195 -0.160223 
1.424786 -0.709676 0.923715 -0.089390 0.167856 0.058778 -0.584634 0.064446 -0.315619 0.268161 -0.140750 -0.321205 0.074596 0.260554 -0.184512 
1.248292 -0.679086 1.076196 0.079418 0.080118 0.075650 -0.557518 0.189558 -0.279238 0.080782 -0.158300 -0.310178 0.136073 0.130508 -0.290681 
0.806123 -0.455021 1.259213 0.150923 0.089975 0.110279 -0.520301 0.288463 -0.208430 0.000287 -0.226426 -0.174516 0.107157 0.046407 -0.313029 
0.519667 0.293415 0.600568 0.405855 0.054135 0.181050 -0.149282 0.039128 -0.182091 0.115653 -0.102897 -0.238592 0.043183 0.024158 -0.194040 
0.488996 0.537599 0.340035 0.500200 0.065951 0.202624 -0.148648 -0.027645 -0.038171 0.026434 -0.147726 -0.089699 -0.055487 -0.002054 -0.112198 
0.233584 0.284366 0.579232 0.312476 0.128104 0.246541 -0.055900 0.003147 -0.110661 0.114367 -0.084041 -0.105374 -0.020838 -0.000719 -0.112747 
-0.444684 -0.792060 0.770776 -0.413219 0.484934 0.180108 -0.134944 0.283358 -0.240445 0.144743 -0.031644 0.138939 -0.028299 -0.039733 0.003635 
-0.571984 -0.170302 0.709682 -0.777817 0.449500 -0.081559 -0.381442 0.146042 -0.223776 0.218500 -0.097048 0.043567 -0.047148 0.085269 -0.038809 
-0.384940 0.119969 0.508788 -0.235873 0.191893 0.071777 -0.199539 0.070772 -0.256087 0.228604 -0.133221 0.002005 -0.020715 0.028292 -0.017549 
-0.880949 -0.080472 0.804611 -0.469958 0.220942 -0.084979 -0.137721 0.240113 -0.158711 0.134775 -0.164344 0.139718 -0.015181 -0.065547 0.048754 
-1.341621 -0.436005 0.777107 -0.492934 0.334053 -0.075768 -0.064353 0.124379 -0.163952 0.184625 -0.133627 0.052117 -0.015016 0.035531 -0.054685 
-1.095524 -0.439684 0.747530 -0.392445 0.623325 -0.228095 -0.085180 0.240080 -0.151815 0.160839 -0.151354 0.127126 -0.067820 0.046073 -0.015622 
-1.343300 -0.207442 0.677948 -0.623974 0.504318 -0.162282 -0.060465 0.226813 -0.236738 0.149869 -0.097317 0.117972 -0.129037 0.086063 -0.023907 
-1.334803 -0.324044 0.683106 -0.798201 0.347448 -0.056760 -0.142482 0.222517 -0.145086 0.078515 -0.037337 -0.005928 0.038460 -0.033924 -0.000768 
-1.455496 -0.415226 0.798187 -0.693736 0.375278 -0.245473 -0.023250 0.199816 -0.129281 0.052069 -0.077132 0.115195 -0.075008 0.017678 -0.014292 
-1.426248 -0.500285 0.799367 -0.782698 0.240138 -0.235388 0.081522 0.151824 -0.155977 0.172147 -0.157676 0.110814 -0.053325 -0.013167 0.009474 
-1.286231 -0.393258 0.625232 -0.739376 0.264838 -0.239945 -0.006075 0.202953 -0.173817 0.166765 -0.069157 0.016370 -0.051789 0.080510 -0.103517 
-1.262668 -0.373831 0.781041 -0.836208 0.391746 -0.194102 -0.065928 0.163720 -0.190124 0.237197 -0.153632 0.015571 0.060336 -0.029428 -0.047386 
-1.310141 -0.167360 0.969693 -0.739396 0.389287 -0.188552 -0.041375 0.129351 -0.137239 0.103162 -0.071963 0.041726 -0.007243 -0.013843 -0.001119 
-1.380944 -0.167579 0.928169 -0.850608 0.460438 -0.294225 -0.100748 0.266782 -0.192504 0.081111 -0.051486 0.091706 -0.068632 0.005241 0.031668 
-1.032503 -0.464797 0.681428 -0.897491 0.398354 -0.206422 0.054502 0.310940 -0.370932 0.242856 -0.074611 -0.109524 0.141506 -0.062412 -0.037328 
-0.878221 -0.401091 0.921826 -0.730612 0.183309 -0.101375 -0.061170 0.262141 -0.240022 0.169540 -0.051600 -0.052475 0.087844 -0.049102 -0.039442 
-0.515495 0.037758 1.400698 -0.425347 0.111718 -0.219584 -0.086691 0.043970 -0.366124 0.136159 -0.207831 0.041792 0.014319 -0.100432 0.055371 
0.162382 -0.255877 1.607305 -0.177660 -0.099114 0.014853 -0.211895 0.102822 -0.388587 -0.046708 -0.118650 -0.021864 -0.183620 0.010697 -0.019623 
0.417868 -0.427522 1.650423 -0.178046 -0.323234 0.170084 -0.304488 0.095439 -0.373415 -0.021062 -0.110447 0.045721 -0.227527 0.119601 -0.042226 
0.415594 -0.447885 1.693738 -0.054116 -0.405092 0.266241 -0.242597 0.001975 -0.217225 -0.114922 -0.057030 0.045100 -0.277877 0.141329 -0.013929 
0.373226 -0.424719 1.737468 -0.033783 -0.394409 0.299550 -0.241001 -0.016616 -0.249089 -0.119428 -0.114496 0.046414 -0.369617 0.181114 -0.050608 
0.154512 -0.250769 1.762497 -0.064366 -0.373374 0.289044 -0.201831 -0.095589 -0.205381 -0.185158 -0.075198 -0.021419 -0.362797 0.180447 -0.043889 
0.247855 -0.269067 1.793799 -0.071625 -0.348358 0.294946 -0.207340 -0.066578 -0.199175 -0.168053 -0.079715 0.007123 -0.377036 0.201470 -0.058503 
0.355342 -0.355551 1.755309 -0.141459 -0.333682 0.401159 -0.332235 0.046232 -0.210030 -0.189037 0.020201 -0.118198 -0.233738 0.124874 -0.052686 
0.322844 -0.186556 1.627762 -0.107289 -0.353533 0.411089 -0.357859 0.086854 -0.232462 -0.154855 0.039308 -0.138982 -0.173989 0.104471 -0.040823 
0.114798 0.031587 1.462517 0.064328 -0.333345 0.368766 -0.264115 0.036695 -0.265247 -0.158088 -0.019571 -0.146104 -0.286561 0.142426 -0.071766 
0.109682 -0.264473 1.712952 -0.130946 -0.392882 0.499180 -0.425257 0.107948 -0.246349 -0.179909 0.058079 -0.187812 -0.172409 0.108282 -0.056089 
0.091399 -0.036630 1.238559 0.127877 -0.263987 0.253431 -0.193362 0.015043 -0.301826 -0.035099 -0.085394 -0.158997 -0.150679 0.074504 -0.094625 
0.163235 0.228212 1.388047 0.156317 -0.418797 0.397106 -0.300166 0.003338 -0.215319 -0.241001 0.022183 -0.143668 -0.317998 0.183760 -0.093655 
0.076657 0.268500 0.407889 0.432289 -0.119102 0.239497 -0.252618 -0.119199 -0.235872 -0.100736 -0.057955 -0.156455 -0.257374 0.093840 -0.054279 
-0.559735 -0.125417 0.953812 0.133953 -0.143188 0.239973 -0.265106 0.073407 -0.180837 0.101901 -0.125713 -0.108499 0.044852 0.021295 -0.127094 
