city022_027
HIBIYA
55
0.320045 0.278278 0.605927 0.003977 0.135017 0.253061 -0.043382 -0.025040 0.027841 -0.050725 0.038355 -0.034629 0.009110 -0.102660 0.121460 
0.121814 0.298349 0.632424 -0.247767 -0.101465 0.083258 -0.059368 0.049281 -0.003241 0.007928 0.014787 -0.017308 0.071020 -0.154263 0.165818 
0.107649 -0.076776 0.825883 -0.211268 0.031455 -0.167953 -0.245222 0.081473 -0.162302 -0.046918 0.017861 -0.032975 0.063549 -0.064577 0.141458 
0.040371 -0.070694 0.843074 -0.383018 0.056928 0.127158 -0.241819 -0.085742 -0.106451 -0.025665 0.004983 -0.103183 0.072061 -0.077869 0.105501 
0.082240 -0.145414 0.742896 -0.524479 0.035072 0.113414 -0.164786 0.014042 -0.033089 0.096610 -0.027676 -0.081910 0.160551 -0.147601 0.089756 
0.241462 -0.404233 0.728176 -0.579587 0.029066 0.046998 -0.105498 0.026784 0.064163 -0.046257 0.048588 -0.057323 0.103088 -0.166504 0.167997 
0.125925 -0.300954 0.763417 -0.517802 0.125302 0.062539 -0.091698 -0.062910 -0.048684 0.049065 0.030885 -0.093666 0.097251 -0.088537 0.091446 
0.029962 -0.219863 0.715576 -0.480341 0.055444 0.077578 -0.170647 0.021220 0.127160 -0.023873 0.027378 -0.040025 0.045422 -0.040441 0.027534 
0.187571 -0.047926 0.799761 -0.272706 0.212183 0.321639 -0.247108 -0.021214 0.013955 0.035903 -0.030828 -0.046270 0.066368 -0.154158 0.142977 
0.830797 0.016716 1.226699 -0.090845 -0.059660 0.129141 -0.249155 0.123482 -0.205086 -0.272019 0.101761 -0.183598 -0.098774 -0.111193 0.110220 
0.820504 -0.212615 1.529156 0.008320 -0.216149 0.236258 -0.266153 0.048372 -0.167481 -0.264611 0.074224 -0.141910 -0.154211 -0.051542 0.105852 
0.906162 -0.344855 1.619094 0.019296 -0.280463 0.276291 -0.297699 0.059891 -0.155273 -0.304114 0.117712 -0.156131 -0.145115 -0.054252 0.097989 
0.855184 -0.412556 1.589846 0.078518 -0.363998 0.274454 -0.221596 -0.017835 -0.127377 -0.288241 0.107771 -0.170317 -0.117604 -0.054859 0.078106 
0.951781 -0.482444 1.452522 0.254877 -0.403957 0.164086 -0.131038 -0.018393 -0.188879 -0.241515 0.124652 -0.223494 -0.063127 -0.045236 0.023877 
1.116802 -0.353727 0.949057 0.460480 -0.382136 -0.056125 -0.069451 0.032991 -0.198890 -0.267362 0.221121 -0.168046 -0.114860 0.065500 0.019217 
1.117379 -0.232790 0.735774 0.448523 -0.236373 -0.106484 0.009276 0.012118 -0.217404 -0.254555 0.148158 -0.145536 -0.194618 0.064890 0.029658 
0.977738 -0.047312 0.740634 0.497314 -0.198027 -0.167556 -0.019650 -0.022550 -0.137713 -0.294534 0.152766 -0.136411 -0.164257 0.098023 -0.010290 
0.853119 0.102431 0.693018 0.445405 -0.157463 -0.162375 -0.005007 -0.022455 -0.148375 -0.216003 0.109031 -0.084591 -0.179618 0.111921 0.027337 
0.728072 0.041832 0.650323 0.528231 -0.085197 -0.044999 0.025200 -0.031560 -0.125990 -0.239759 0.054884 -0.129016 -0.217713 0.034228 -0.013844 
0.691229 -0.231379 0.748997 0.542835 -0.145412 -0.149732 -0.006602 0.005587 -0.191649 -0.269528 0.101317 -0.156248 -0.202139 0.062407 0.011045 
0.736043 -0.402803 1.089329 0.489968 -0.323509 -0.181603 -0.024162 0.071628 -0.245372 -0.296331 0.226976 -0.158970 -0.149570 0.094492 0.033336 
0.873440 -0.562524 1.285169 0.498751 -0.366232 -0.098821 0.044603 0.019607 -0.256327 -0.239302 0.177059 -0.194605 -0.145893 0.063280 -0.011573 
0.945805 -0.653960 1.595682 0.217860 -0.506312 0.205111 -0.183764 0.018654 -0.231999 -0.261724 0.226028 -0.292362 -0.042770 0.024606 -0.011624 
0.862645 -0.683621 1.746994 0.005221 -0.374668 0.374396 -0.301050 0.043108 -0.176415 -0.342419 0.180227 -0.289122 -0.123915 -0.020440 0.004928 
0.759269 -0.628585 1.880923 -0.094645 -0.288009 0.346296 -0.338228 0.095812 -0.208749 -0.339064 0.194086 -0.300186 -0.125446 -0.027572 0.024120 
0.744846 -0.599388 1.735577 -0.171525 -0.179787 0.327254 -0.315111 0.057124 -0.171402 -0.370744 0.203121 -0.302104 -0.173503 0.017875 0.006626 
0.752506 -0.626794 1.678646 -0.187377 -0.118538 0.334984 -0.347165 0.084208 -0.195877 -0.358084 0.203884 -0.311339 -0.191031 0.048932 -0.013393 
0.692983 -0.653808 1.667508 -0.232340 0.003397 0.272079 -0.310674 0.050553 -0.184542 -0.348457 0.191822 -0.327326 -0.186341 0.048717 -0.014844 
0.660652 -0.619287 1.673672 -0.198878 -0.048622 0.314999 -0.339867 0.050378 -0.162017 -0.391023 0.222955 -0.362967 -0.171626 0.046500 -0.026946 
0.644236 -0.589219 1.694052 -0.219410 -0.015201 0.254155 -0.306760 0.051148 -0.194394 -0.358465 0.200620 -0.364470 -0.163105 0.047810 -0.026598 
0.717247 -0.647667 1.655327 -0.196978 -0.067118 0.331387 -0.364843 0.074491 -0.206510 -0.343266 0.191835 -0.338861 -0.190010 0.090416 -0.074959 
0.730040 -0.620955 1.655271 -0.230240 -0.071666 0.302194 -0.318239 0.045600 -0.188876 -0.329714 0.185233 -0.321478 -0.158277 0.056840 -0.039296 
0.844871 -0.665590 1.682229 -0.257081 -0.139155 0.330884 -0.330561 0.044828 -0.166946 -0.351123 0.242977 -0.357067 -0.090219 0.025482 -0.010865 
0.883300 -0.736455 1.791011 -0.254959 -0.215475 0.272784 -0.313596 0.040573 -0.185546 -0.305232 0.212112 -0.309951 -0.056755 0.002005 0.020778 
0.851099 -0.714817 1.712625 -0.217868 -0.312543 0.170919 -0.280793 0.000573 -0.237487 -0.249876 0.175276 -0.252103 -0.034412 0.015494 0.038614 
1.027433 -0.898503 1.529598 -0.164886 -0.380774 0.013252 -0.326339 0.002583 -0.277540 -0.202488 0.157941 -0.177001 0.066759 0.005507 0.050075 
1.092508 -1.024284 1.016639 -0.355932 -0.033816 -0.227081 -0.184293 -0.162741 -0.329873 -0.110513 0.089547 0.016344 0.002891 0.036495 0.107653 
1.337290 -1.017163 0.964538 -0.273427 -0.128354 -0.313161 -0.246550 -0.068527 -0.206139 -0.051178 0.095669 -0.000275 0.095626 0.096763 0.048973 
1.340668 -1.047934 0.847171 -0.215065 -0.215279 -0.307470 -0.341243 -0.012314 -0.006855 0.030776 0.129819 0.022478 0.145218 0.086357 0.027153 
1.387147 -1.016800 0.668699 -0.318834 -0.028941 -0.404844 -0.445237 -0.075280 0.154572 0.101427 0.066569 0.061783 0.177071 0.121225 0.051535 
1.409535 -0.939798 0.523002 -0.361848 -0.065308 -0.369468 -0.213245 -0.181236 0.139076 0.254914 0.144571 -0.023643 0.082727 0.076265 0.061353 
1.486048 -0.990233 0.450543 -0.393593 -0.000598 -0.335900 -0.195917 -0.039924 0.129767 0.333034 0.201040 -0.116296 -0.093990 0.120394 0.080425 
1.568168 -1.188510 0.400512 -0.574968 0.043812 -0.338485 -0.175867 -0.077344 0.183502 0.302329 0.160156 -0.081456 -0.004255 -0.042113 0.036798 
1.435062 -1.188198 0.302209 -0.587817 -0.079306 -0.190249 -0.225610 -0.012675 0.106258 0.283506 0.207179 -0.022716 -0.031729 -0.103032 -0.003972 
1.476637 -1.176036 0.267916 -0.559991 -0.121329 -0.151542 -0.188202 -0.091315 0.105583 0.277704 0.261647 -0.012149 -0.066360 -0.087897 -0.026047 
1.531269 -1.063047 0.247133 -0.556949 -0.086172 -0.152683 -0.185399 -0.102438 0.060610 0.301056 0.328512 -0.064638 -0.093899 -0.075932 0.041432 
1.758740 -0.803540 0.084305 -0.359214 -0.138122 -0.110979 -0.202971 -0.034516 -0.028714 0.316446 0.381698 -0.115533 -0.089990 -0.088811 0.096697 
2.044485 -0.754427 -0.032323 -0.244764 -0.267768 -0.045645 -0.193853 0.037587 -0.039434 0.234769 0.413554 -0.171426 -0.098579 -0.039370 0.082549 
2.140617 -0.629967 -0.114184 -0.297274 -0.184211 -0.174657 -0.163575 0.109243 -0.048497 0.320942 0.388639 -0.277739 -0.098753 -0.002878 0.053886 
1.962722 -0.465509 -0.156166 -0.339897 -0.198031 -0.215504 -0.140325 0.136951 -0.066607 0.329725 0.277039 -0.292789 -0.003273 0.008520 -0.010368 
1.817403 -0.414301 -0.364964 -0.385407 -0.274879 -0.063481 -0.073279 0.087916 -0.109800 0.320738 0.305947 -0.247863 -0.012921 -0.107021 0.034122 
1.518291 -0.314409 -0.535122 -0.313990 -0.137730 -0.133534 -0.049769 -0.001304 -0.016578 0.432091 0.300577 -0.258137 -0.134039 -0.138348 0.026542 
0.708534 -0.118278 -0.293809 -0.131954 -0.308832 -0.327963 0.079169 0.166269 0.095325 0.176995 0.227530 -0.162432 -0.164725 -0.023948 -0.034104 
0.189080 -0.452706 -0.414995 -0.137477 -0.239959 -0.266858 0.042689 0.075282 -0.022670 0.337988 0.211561 -0.254365 -0.043121 -0.065836 0.047498 
0.123065 -0.297132 -0.457988 -0.159729 -0.152929 -0.238118 -0.114350 -0.057778 0.056191 0.187034 0.323463 -0.022025 -0.121918 -0.051277 0.051693 
