city022_082
HYOOGO
59
-0.223460 0.015877 0.349645 0.053022 -0.136339 0.107384 -0.166175 -0.025312 0.000047 -0.020150 -0.064223 0.087873 -0.066057 0.011460 0.026769 
-0.146010 -0.077190 0.514128 0.149601 -0.223068 0.261847 -0.143449 -0.072587 -0.013255 0.019932 -0.074570 0.042976 -0.038652 -0.034630 0.065389 
-0.376001 -0.408819 0.700853 -0.097798 -0.340302 0.135259 -0.490292 -0.035859 0.067167 0.002886 -0.121336 0.113065 0.088739 0.004053 -0.002316 
-0.348002 -0.412087 1.010425 0.009075 -0.329431 0.274878 -0.249497 -0.043591 0.008605 -0.015033 -0.116496 0.050812 0.020677 -0.069420 0.028551 
-0.197996 -0.557224 0.893553 -0.223312 -0.135137 0.518214 -0.256729 0.048631 -0.012754 0.056733 -0.050388 0.063714 -0.032771 -0.022689 0.033689 
0.158276 -0.494111 0.892598 -0.219474 -0.417443 0.264280 -0.057550 0.061110 -0.100656 0.163396 -0.095263 -0.000369 0.056105 -0.047982 -0.005182 
0.206270 -0.593722 1.086043 -0.049409 -0.204593 0.382181 -0.208711 0.087998 -0.086272 0.125640 -0.128901 0.056649 0.011926 -0.052811 0.022458 
0.489175 -0.457001 1.114537 -0.077190 -0.263221 0.306284 0.093481 0.028016 -0.129716 0.209891 -0.107234 0.029074 0.019303 0.040207 -0.085203 
0.485902 -0.530504 1.131544 0.076141 -0.112299 0.351699 -0.138417 0.002956 -0.162891 0.086442 -0.069394 -0.086902 -0.035195 0.032305 -0.109798 
0.769458 -0.216597 0.886159 0.018481 -0.391422 0.256096 -0.006311 0.090636 0.025572 0.155302 -0.050312 0.078909 0.030880 -0.017610 -0.018110 
1.165535 -0.226888 0.805982 0.454199 -0.359291 -0.089878 -0.175468 0.158482 -0.237618 -0.131513 0.154618 -0.058750 -0.066773 0.137286 -0.074692 
1.276039 -0.689660 1.003142 0.430543 -0.274083 -0.157900 -0.415106 0.309673 -0.369281 -0.332856 0.139867 -0.135393 -0.076787 0.104499 -0.093064 
1.450902 -0.776003 0.840999 0.308331 -0.108971 -0.157374 -0.526969 0.269376 -0.336754 -0.241181 0.087034 -0.219642 0.002085 0.153216 -0.113507 
1.673809 -0.704447 0.640326 0.106055 -0.096435 0.010221 -0.511864 0.088571 -0.365415 -0.079244 0.181756 -0.245135 -0.089938 0.259234 -0.017185 
1.843020 -0.670062 0.504077 -0.039897 -0.019273 0.107798 -0.549659 -0.013535 -0.444288 0.092843 0.253471 -0.195639 -0.176607 0.274062 0.053622 
1.941941 -0.514574 0.383654 -0.258289 -0.051244 0.198115 -0.410515 -0.050058 -0.576078 0.056893 0.291002 -0.069023 -0.113942 0.177309 -0.099671 
1.977027 -0.363805 0.331259 -0.378280 -0.126635 0.200236 -0.297592 -0.020160 -0.600074 -0.008044 0.230593 -0.054517 0.011213 0.194588 -0.147189 
1.959651 -0.143767 0.277550 -0.465151 -0.281202 0.222837 -0.147326 -0.010893 -0.547518 -0.134836 0.146347 -0.030329 0.110335 0.295724 -0.128526 
1.938495 -0.176421 0.344552 -0.539349 -0.287501 0.229191 -0.168602 -0.012695 -0.474262 -0.143784 0.076089 0.000392 0.115129 0.285709 -0.118415 
1.970203 -0.183819 0.338166 -0.420263 -0.430855 0.223778 -0.208148 -0.024152 -0.338185 -0.145856 0.049637 -0.052453 0.104078 0.246075 -0.085584 
1.983984 -0.327611 0.331409 -0.427872 -0.402775 0.143591 -0.287571 0.077537 -0.278539 -0.148818 -0.016334 -0.113423 0.110745 0.201897 -0.037699 
1.920292 -0.383965 0.349227 -0.425271 -0.330492 0.005514 -0.275319 0.127509 -0.312410 -0.059686 -0.088836 -0.115497 0.119780 0.169686 -0.007479 
1.932942 -0.422899 0.349451 -0.434651 -0.254445 -0.048278 -0.312129 0.171053 -0.302389 -0.040970 -0.132088 -0.066785 0.066332 0.209722 -0.060671 
1.954939 -0.452127 0.359102 -0.416905 -0.294598 -0.079551 -0.256119 0.178882 -0.297306 -0.027860 -0.153369 -0.065625 0.054103 0.206149 -0.045612 
1.922545 -0.366458 0.364801 -0.391395 -0.303579 -0.100647 -0.252968 0.174313 -0.264503 -0.047671 -0.127663 -0.128838 0.056264 0.182049 -0.070271 
1.918424 -0.190541 0.557591 -0.510988 -0.471954 -0.071972 -0.206254 0.166717 -0.273796 -0.003099 -0.114266 -0.195920 -0.062461 0.224694 -0.145018 
1.808070 0.348438 0.571763 -0.640277 -0.471114 -0.037143 -0.154035 0.181169 -0.340916 0.048433 -0.055199 -0.304695 -0.024211 0.187271 -0.119100 
1.809423 0.486183 0.627156 -0.591810 -0.503740 -0.000890 -0.173299 0.266851 -0.325105 0.075723 -0.017835 -0.308995 -0.092821 0.157567 -0.111764 
1.751197 0.452691 0.558394 -0.528097 -0.475400 -0.116092 -0.160624 0.240948 -0.313802 0.119422 0.024476 -0.279663 -0.077558 0.106413 -0.110410 
1.694777 0.637411 0.514415 -0.336028 -0.468949 -0.144350 -0.114828 0.214597 -0.278993 0.103578 0.055148 -0.261750 -0.135179 0.053209 -0.075020 
1.667270 0.843112 0.501535 -0.229820 -0.493292 -0.163165 -0.180949 0.202160 -0.287812 0.092754 0.110906 -0.248347 -0.127037 0.039798 -0.100840 
1.644090 0.959020 0.299175 -0.214154 -0.515554 -0.265902 -0.043993 0.114746 -0.155387 0.094540 0.061327 -0.122915 -0.223855 0.062994 -0.083510 
1.630036 0.954858 0.118096 -0.202445 -0.516947 -0.266555 -0.060321 0.181862 -0.128682 0.162117 0.089928 -0.130574 -0.139723 0.012480 -0.114013 
1.438022 1.115463 0.074770 -0.222519 -0.487901 -0.086979 -0.044109 0.146900 -0.068676 0.058030 -0.034052 -0.219840 -0.141995 -0.015519 -0.123335 
1.179643 0.909112 0.106193 -0.079686 -0.379320 -0.117920 -0.001966 0.184728 -0.097355 -0.065062 -0.079385 -0.161086 -0.186791 -0.060996 0.010104 
1.091802 0.944410 0.078904 -0.049718 -0.352459 -0.178532 -0.053600 0.099187 -0.095409 -0.079010 0.015756 -0.076738 -0.154034 0.056347 -0.066313 
0.767998 0.872765 0.327324 0.043349 -0.374580 -0.115017 -0.026452 -0.026321 -0.066478 -0.069616 -0.023568 0.010780 -0.138468 0.029303 -0.018979 
0.921096 0.866546 0.226607 -0.130859 -0.317050 -0.074803 -0.084732 0.057569 -0.067447 -0.012835 -0.037219 -0.044486 -0.085614 0.034961 -0.077220 
0.965698 0.817614 0.183975 -0.105893 -0.393968 -0.090798 0.013889 0.129757 -0.188942 0.030581 -0.010127 -0.138975 -0.112829 0.082735 -0.065444 
1.108335 0.661909 0.311369 -0.342505 -0.464135 0.020782 -0.116931 0.180348 -0.211868 -0.035864 -0.080741 -0.238251 -0.071026 0.052442 -0.047799 
1.388939 0.533283 0.281799 -0.396381 -0.577148 -0.005445 -0.102534 0.181871 -0.276818 -0.094781 -0.068130 -0.257960 -0.117989 0.173719 0.044079 
1.334572 0.427673 0.418422 -0.534557 -0.511114 -0.021298 -0.102402 0.147126 -0.328320 -0.097990 -0.067895 -0.237501 -0.095307 0.264146 0.016679 
1.516466 0.245986 0.428103 -0.559704 -0.552423 -0.020451 -0.096181 0.170684 -0.357423 -0.059693 -0.095613 -0.207479 -0.075517 0.274501 0.070498 
1.562635 0.177962 0.450451 -0.657919 -0.578754 0.041970 -0.154664 0.221082 -0.350563 -0.038640 -0.056189 -0.217010 -0.005519 0.289471 0.039296 
1.560084 0.085815 0.472862 -0.683635 -0.661722 0.030614 -0.162458 0.191136 -0.249338 -0.070478 0.035733 -0.170133 -0.050170 0.345254 0.022819 
1.585672 0.065693 0.487878 -0.642235 -0.752282 0.088267 -0.257266 0.159377 -0.184261 -0.095820 0.123220 -0.187751 0.014854 0.285406 0.035668 
1.699808 0.075978 0.453463 -0.596317 -0.783873 0.106610 -0.230214 0.117699 -0.126158 -0.106622 0.105996 -0.134160 -0.058037 0.334065 -0.015564 
1.634878 0.000123 0.513011 -0.676211 -0.715723 0.063558 -0.226714 0.169886 -0.213036 0.037678 -0.007199 -0.095403 -0.014495 0.233905 0.054492 
1.726821 0.155216 0.411722 -0.647820 -0.736076 0.090999 -0.197978 0.160242 -0.158288 -0.050743 0.055163 -0.098264 -0.067622 0.335882 -0.007182 
1.466616 0.168445 0.341983 -0.686412 -0.770877 0.113316 -0.150098 0.117559 -0.150216 -0.103341 0.021599 -0.136409 -0.013501 0.413066 -0.017543 
1.486662 0.167472 0.349789 -0.722498 -0.784310 0.084800 -0.179434 0.156356 -0.183387 -0.038542 0.009316 -0.068834 -0.050163 0.444232 -0.003808 
1.558851 0.139140 0.329276 -0.639009 -0.759567 0.097829 -0.120762 0.121838 -0.100420 -0.078463 0.013333 -0.081218 -0.106499 0.390268 -0.037298 
1.423290 0.326688 -0.003656 -0.630475 -0.666968 0.067705 -0.075589 0.130461 -0.190330 -0.051871 0.030717 -0.062935 0.089736 0.341406 0.037156 
1.189222 0.301799 0.206303 -0.686170 -0.737715 0.030271 -0.147786 0.144275 -0.153908 -0.093194 0.080698 -0.130277 0.029216 0.375013 0.026935 
0.705204 0.338084 0.134013 -0.734868 -0.564621 0.101594 -0.118510 0.157112 -0.196526 -0.001635 -0.020738 -0.082437 0.149118 0.194969 0.058337 
0.802136 0.538369 -0.079913 -0.439990 -0.394257 0.036138 -0.085532 0.126344 -0.145790 -0.036021 0.061506 -0.031757 -0.020992 0.183283 -0.042321 
1.041704 0.473546 -0.242185 -0.449122 -0.692725 0.017908 -0.019594 -0.025117 -0.099073 -0.081075 -0.108812 0.056749 0.147386 0.234714 0.145806 
0.517740 0.546161 -0.191547 -0.542580 -0.553552 0.005865 -0.022816 -0.047194 -0.067133 -0.169364 -0.080754 0.134298 0.119917 0.256268 0.095598 
-0.052726 0.136052 -0.243693 -0.156378 -0.192455 0.049988 -0.118244 -0.109863 0.008270 0.039386 0.010163 0.124459 -0.043262 0.028107 -0.056355 
