city022_089
GYANGU
63
-0.136996 0.220467 -0.013871 0.039711 0.037026 0.002858 -0.008520 -0.077632 0.008694 -0.095289 0.023107 0.074943 -0.065358 -0.042765 0.079163 
0.086683 0.424800 0.393571 0.091279 0.248656 0.103356 -0.067402 -0.048257 -0.156568 0.020594 -0.055204 -0.084905 -0.042201 -0.091499 0.034989 
0.322215 0.575572 0.379889 0.217205 0.110953 -0.095047 -0.131421 -0.132363 -0.232970 0.000221 -0.157363 -0.159904 -0.045650 0.006371 -0.066259 
0.455577 0.706803 0.504810 0.155686 -0.064415 0.085782 -0.079034 -0.196666 -0.217145 -0.076922 -0.164336 -0.150808 -0.112744 -0.003086 -0.093690 
0.656589 0.738562 0.294017 0.289425 -0.009961 0.201617 -0.024001 -0.165545 -0.243485 -0.063703 -0.108260 -0.224216 -0.111093 -0.024649 -0.170075 
0.757627 0.651610 0.472817 0.169946 -0.085820 0.067914 0.099127 -0.071445 -0.288763 -0.121481 -0.077815 -0.190225 -0.195645 0.034816 -0.081671 
0.678297 0.662888 0.395445 0.172749 -0.100044 0.107395 -0.055654 -0.066729 -0.100342 -0.102901 -0.140623 -0.034890 -0.084904 -0.071565 -0.026793 
0.311299 0.509391 0.255716 0.278494 0.161850 0.123152 -0.076455 -0.199773 -0.196063 -0.083958 -0.027030 -0.223918 -0.129513 -0.044384 -0.075726 
0.305256 0.564959 0.265404 0.176940 0.271781 0.094258 -0.049933 -0.192522 -0.141319 -0.112874 -0.100111 -0.102556 -0.152907 -0.126125 0.006164 
-0.399187 -0.241248 1.295766 -0.285036 0.295902 0.025000 -0.288352 0.152031 -0.204200 0.040316 -0.144140 -0.084578 0.030470 -0.077846 0.001131 
-0.334764 -0.351404 1.225728 -0.477445 0.334856 0.062373 -0.229354 0.178906 -0.192447 0.098704 -0.041949 -0.072939 0.055633 -0.066686 0.052737 
0.332904 -0.645975 0.828826 -0.627991 0.146011 -0.010766 -0.115518 0.147211 -0.051939 -0.118127 -0.009605 0.164090 -0.121342 -0.034114 0.106618 
0.533620 -0.453040 1.451932 -0.291030 -0.087795 0.097142 -0.307991 0.034973 -0.200734 -0.332640 0.076415 -0.068975 -0.233815 0.041707 0.033548 
0.886859 -0.833800 1.641206 -0.291574 -0.268388 0.006395 -0.354947 0.099081 -0.367382 -0.189926 0.067896 -0.068410 -0.075776 -0.017938 0.127498 
0.991613 -0.988653 1.347672 -0.340086 -0.204972 -0.204009 -0.296045 0.008346 -0.325035 -0.124559 0.051059 0.022215 0.033354 0.008263 0.122317 
1.197413 -1.117211 0.901459 -0.396511 -0.075487 -0.208745 -0.311846 -0.024870 -0.350348 -0.108068 0.149176 0.084578 0.052391 0.045442 0.086749 
1.109726 -0.978004 1.090168 -0.160022 -0.234317 -0.458433 -0.268304 0.070097 -0.096635 -0.193411 0.236481 0.057832 0.084986 0.164660 -0.071917 
1.267863 -1.114825 0.916632 -0.230779 -0.277646 -0.403160 -0.293210 0.154158 0.004879 -0.100133 0.253159 0.049383 0.074773 0.154999 -0.142743 
1.328444 -1.096683 0.693600 -0.295328 -0.172769 -0.440049 -0.303451 0.091518 0.114101 0.008805 0.253849 0.021160 0.017369 0.223197 -0.141264 
1.391529 -1.085507 0.432127 -0.431142 -0.044477 -0.456578 -0.250563 0.131912 0.041564 0.176970 0.195853 -0.004423 -0.009314 0.113084 -0.024964 
1.427705 -1.070346 0.352007 -0.390528 -0.048288 -0.386851 -0.240492 0.179531 0.034721 0.183371 0.245796 -0.110028 -0.079225 0.136778 -0.010420 
1.449387 -1.156655 0.308449 -0.428477 0.020566 -0.328669 -0.228564 0.225007 -0.009303 0.198513 0.230715 -0.160638 -0.119964 0.112225 0.055349 
1.498818 -1.032916 0.268788 -0.400335 0.018651 -0.226641 -0.242856 0.227206 -0.083876 0.217609 0.257984 -0.191550 -0.152285 0.149305 0.039445 
1.597667 -1.052322 0.338316 -0.416723 0.060074 -0.229195 -0.203500 0.146664 -0.139324 0.235920 0.233233 -0.189876 -0.092064 0.144057 0.072249 
1.696475 -1.053555 0.439652 -0.288200 -0.094685 -0.074907 -0.231135 0.111102 -0.187165 0.333244 0.161005 -0.184470 -0.010801 0.078607 0.056641 
1.775068 -1.022314 0.602502 -0.217614 -0.237232 0.036268 -0.158923 -0.061528 -0.126011 0.336118 0.101571 -0.100066 0.018553 0.032561 0.047354 
1.626730 -0.866418 0.701235 -0.222818 -0.233504 0.036423 -0.105920 -0.156007 -0.142785 0.311200 -0.023989 -0.015714 0.057871 -0.020480 0.100408 
1.552886 -0.846846 0.847668 -0.229950 -0.267484 0.080385 -0.112889 -0.156979 -0.184311 0.235494 -0.048130 -0.016468 0.043172 0.029644 0.057817 
1.348373 -0.804985 1.066113 -0.195559 -0.336390 0.155868 -0.117526 -0.131873 -0.222285 0.049512 -0.012917 -0.092746 0.020515 0.061321 0.002325 
1.424534 -0.815464 1.039565 -0.132146 -0.315637 0.214296 -0.171748 -0.134718 -0.269430 0.099073 -0.031473 -0.122051 0.044090 0.026301 0.024416 
1.399171 -0.742801 1.027028 -0.090521 -0.284231 0.229356 -0.208313 -0.126269 -0.279197 0.118585 -0.034836 -0.134527 0.034310 0.035035 0.022272 
1.358662 -0.692116 1.062285 -0.058757 -0.319031 0.227463 -0.186767 -0.081570 -0.312741 0.113266 -0.033847 -0.145086 0.024673 0.042867 0.016228 
1.246283 -0.609092 1.113078 -0.065345 -0.325709 0.175517 -0.115726 -0.118508 -0.283514 0.021930 -0.016432 -0.175328 0.009924 0.048586 -0.010119 
1.282067 -0.537902 1.024196 0.070773 -0.379426 0.196003 -0.163834 -0.121366 -0.217491 -0.014364 0.046538 -0.199662 0.011661 0.101111 -0.054958 
1.340928 -0.494680 0.965131 0.100911 -0.402998 0.182169 -0.115980 -0.158217 -0.195233 -0.030003 0.059652 -0.194773 0.001064 0.107800 -0.054669 
1.385059 -0.352522 0.938067 0.061056 -0.379917 0.138514 -0.104577 -0.103221 -0.257131 -0.020864 0.060285 -0.180515 -0.028671 0.120011 -0.034229 
1.403193 -0.215660 0.975502 0.113551 -0.534974 0.149804 0.001500 -0.229583 -0.166374 -0.057471 0.050211 -0.240487 0.027842 0.104116 -0.113090 
1.296507 -0.005178 0.903034 0.277298 -0.402145 0.129871 -0.082123 -0.166219 -0.213577 -0.085548 0.039483 -0.196216 -0.050323 0.098032 -0.030024 
1.086781 0.214709 0.903485 0.302292 -0.464455 0.046030 0.086230 -0.251669 -0.178969 -0.067660 0.004026 -0.218557 -0.037639 0.076225 -0.074921 
0.965652 0.477231 0.716416 0.333484 -0.451229 -0.001157 0.111365 -0.318347 -0.132225 -0.076626 -0.059284 -0.159092 -0.005830 -0.038742 0.046472 
0.992003 0.464989 0.549219 0.161722 -0.301667 0.104338 0.139665 -0.177628 -0.207132 0.012613 -0.070778 -0.211147 -0.003588 0.011012 -0.062667 
0.696430 0.576402 0.481313 0.303850 -0.088190 0.117604 0.167554 -0.074540 -0.147479 -0.073551 0.031077 -0.197928 -0.078126 0.021057 -0.079834 
0.764138 0.549410 0.272195 0.338674 0.094554 0.110495 -0.047978 -0.110850 0.030176 -0.131185 -0.095262 -0.082484 -0.034032 -0.108299 -0.015657 
0.891262 -0.318805 -0.122476 0.148515 0.190289 0.182855 -0.052541 -0.019983 -0.023189 0.096115 0.059863 -0.037522 -0.029898 0.000329 0.066377 
1.172040 -0.848756 -0.034119 -0.106660 0.354266 -0.031252 -0.185263 -0.046609 -0.122308 0.182074 -0.020952 -0.038194 -0.024664 -0.007041 0.086807 
1.119173 -0.387311 0.473937 0.195482 0.186957 -0.004884 -0.260084 -0.183600 -0.188863 0.087864 -0.028533 -0.298703 -0.074486 0.132197 0.033723 
0.985334 -0.235620 0.827247 0.128518 0.073868 0.028018 -0.393542 -0.066403 -0.260388 0.029924 -0.065677 -0.345993 0.014848 0.138280 -0.067378 
1.145249 -0.342725 0.848241 0.101637 0.105249 -0.039520 -0.401176 -0.094701 -0.272921 0.069440 -0.080241 -0.308774 -0.032411 0.216497 -0.024544 
1.162214 -0.467768 0.931704 0.007043 0.118834 -0.051606 -0.439580 -0.075846 -0.257438 0.053100 -0.068057 -0.296035 -0.017267 0.240123 -0.043384 
1.217516 -0.591843 0.896787 0.049181 -0.016661 0.031728 -0.478009 -0.106281 -0.179724 -0.069371 0.025386 -0.355895 0.038389 0.234724 -0.111640 
1.245896 -0.551892 0.883009 0.066267 -0.010926 0.038589 -0.490512 -0.093249 -0.200978 -0.028291 0.005294 -0.326595 0.015413 0.227836 -0.052922 
1.241417 -0.545758 0.958060 -0.042659 0.095912 -0.030067 -0.465860 -0.116127 -0.233438 0.064839 -0.070917 -0.271166 -0.008558 0.234424 -0.002771 
1.220846 -0.537510 0.842337 0.061762 0.006845 0.028839 -0.430752 -0.154930 -0.160981 -0.060883 0.009579 -0.317101 -0.005993 0.211727 -0.065974 
1.072745 -0.354748 0.817432 0.088626 -0.005928 0.063508 -0.418098 -0.213571 -0.150823 -0.017972 -0.045479 -0.319793 0.005872 0.192121 -0.073776 
0.900663 -0.264200 0.785891 0.061792 0.078246 -0.024862 -0.453945 -0.185835 -0.198154 -0.007706 -0.034260 -0.363272 0.009771 0.248250 -0.069178 
1.047031 -0.382975 0.825022 0.055345 0.025047 0.020185 -0.468824 -0.210260 -0.138093 -0.022833 -0.028431 -0.302443 -0.032437 0.282920 -0.053017 
1.130522 -0.462211 0.863857 0.046016 -0.022925 0.066651 -0.496570 -0.125250 -0.165936 0.007340 -0.025658 -0.271038 0.002629 0.230698 -0.035189 
0.935100 -0.221831 0.638133 0.157572 -0.035890 0.052714 -0.413857 -0.194641 -0.197375 -0.038055 0.022644 -0.353374 0.027097 0.159967 -0.039084 
0.794290 -0.141444 0.626784 0.190741 0.000044 -0.018341 -0.454331 -0.256079 -0.146590 -0.038916 -0.022347 -0.398586 0.029796 0.281302 -0.103747 
0.407054 -0.275519 0.572288 0.178785 0.018767 0.078632 -0.324496 -0.203373 -0.127951 0.051966 -0.029040 -0.364467 0.109072 0.095200 -0.127601 
0.742400 -0.245601 0.606636 0.086645 0.123331 -0.054489 -0.407636 -0.233097 -0.181097 0.056125 -0.040397 -0.387566 0.028344 0.249044 -0.102436 
0.060136 0.262807 0.141640 0.179796 -0.045121 0.043504 -0.243346 -0.376435 -0.280606 0.010434 0.040475 -0.223662 -0.066998 0.115736 -0.007259 
-0.156899 0.008872 0.244460 0.188445 0.023682 0.006086 -0.332006 -0.177743 -0.082689 0.069128 0.013421 -0.280884 0.089950 0.129009 -0.067960 
