city022_055
DATE
48
-0.188532 0.065426 0.106332 0.023790 0.018074 0.244599 0.166587 -0.013413 -0.065714 0.031099 -0.011729 0.116423 -0.034424 -0.013848 0.079765 
0.377003 0.419406 0.385167 0.359854 -0.013134 0.019559 -0.017572 -0.123548 -0.159354 -0.003422 -0.090464 -0.121011 -0.053802 -0.043081 0.034864 
0.297595 0.485393 0.280647 0.290581 0.200279 0.050945 0.061723 -0.111003 -0.133212 -0.124168 -0.078342 0.013684 -0.214943 -0.094876 0.059141 
0.277810 0.538488 0.259755 0.347568 0.110953 0.153958 0.117290 -0.173066 -0.164419 -0.050934 -0.078714 -0.055398 -0.160072 -0.099534 0.017243 
0.304879 0.513748 0.340991 0.312332 0.125495 0.241154 -0.084761 -0.051576 -0.049282 -0.152603 -0.028583 -0.062734 -0.121152 -0.122419 0.046816 
0.575860 -0.364935 0.484627 -0.503780 -0.026523 -0.039602 -0.168109 0.193526 -0.132155 0.101827 -0.095822 0.083350 0.016060 -0.070227 0.064403 
1.271387 -0.567182 0.470883 -0.093978 0.019190 -0.192997 -0.480798 -0.136411 -0.156601 0.212036 -0.130971 -0.145477 0.190214 0.203500 -0.013100 
1.629974 -0.915449 0.516782 -0.301213 -0.136644 -0.113141 -0.551735 -0.050211 -0.074207 0.381128 0.012715 -0.091362 0.149251 0.238221 0.003394 
1.463738 -1.036850 0.331334 -0.333644 -0.139701 -0.107045 -0.462469 -0.158924 0.026933 0.357095 0.087371 -0.062106 0.063557 0.254539 0.025042 
1.433675 -1.006735 0.280123 -0.365508 -0.131709 -0.176900 -0.309716 -0.133426 0.022353 0.372427 0.188014 -0.044188 -0.097149 0.228350 0.054485 
1.449529 -1.005155 0.232203 -0.458352 -0.095267 -0.129201 -0.223168 -0.076573 0.016064 0.391762 0.224685 -0.100152 -0.173502 0.132920 0.050239 
1.560253 -1.048576 0.175285 -0.513169 -0.112489 -0.090642 -0.129650 -0.038944 -0.043346 0.469609 0.147503 -0.121771 -0.146120 0.017315 0.018951 
1.543402 -0.924532 0.053425 -0.489067 -0.099767 -0.099345 -0.103697 -0.045126 -0.052309 0.446566 0.121118 -0.059708 -0.161531 0.000488 0.017497 
1.586022 -0.913315 0.087432 -0.519462 -0.066513 -0.127472 -0.132860 -0.039784 -0.108996 0.407167 0.212440 -0.102777 -0.099698 0.030081 -0.020148 
1.651214 -0.932917 0.254629 -0.525684 -0.082782 -0.056993 -0.238112 -0.130880 -0.141663 0.426095 0.151131 -0.016207 -0.044577 0.043821 0.031005 
1.532792 -0.683024 0.300509 -0.440853 -0.123544 -0.068090 -0.268272 -0.256026 -0.166227 0.344347 0.127674 0.014208 0.056343 0.107014 0.026504 
1.730671 -0.383554 0.235261 -0.347805 -0.042537 -0.013664 -0.306607 -0.235253 -0.173917 0.332298 0.012274 -0.048102 0.047424 0.083062 0.074681 
1.225427 0.224864 -0.007851 0.025290 -0.046921 0.007069 -0.011221 -0.229970 -0.060120 0.272324 0.191800 -0.046110 -0.004033 0.048611 0.019828 
0.816646 0.236141 0.039135 0.198941 -0.043240 0.021353 -0.003143 -0.087209 0.074950 0.202432 0.165571 -0.053885 -0.087240 0.193797 0.015321 
0.417097 -0.039481 0.002773 0.085336 -0.196505 -0.006067 0.042173 -0.162881 -0.033355 0.118394 0.040405 -0.049860 -0.041761 0.090538 -0.001691 
0.073282 -0.180558 -0.130741 -0.175842 -0.272687 -0.131584 -0.145718 -0.071387 0.142671 0.194562 0.081237 -0.025085 -0.020290 0.047148 -0.054515 
0.086224 -0.255687 -0.306170 -0.171883 -0.308935 -0.076930 -0.027989 -0.144129 0.030647 0.282332 0.078269 0.100792 -0.146215 -0.032486 0.073218 
-0.078284 -0.190428 -0.388822 -0.231574 -0.278889 -0.099432 -0.027528 -0.049524 0.022137 0.252773 0.163780 -0.004054 -0.108551 -0.056485 0.008953 
0.055096 -0.047221 -0.115785 -0.016807 -0.111395 -0.024629 -0.019803 -0.110401 -0.020555 0.136772 0.015578 -0.037729 -0.034037 0.057890 0.013004 
-0.110563 -0.138546 -0.281523 -0.186505 -0.160331 0.051542 -0.099037 -0.098759 0.023555 0.199543 0.023262 -0.027337 0.004306 -0.084640 0.088316 
0.003571 0.020092 -0.308351 -0.110374 -0.100385 0.064902 -0.096938 -0.093268 0.012067 0.046947 0.037197 0.077369 -0.082221 -0.015068 0.075015 
0.167126 -0.864375 0.339432 -0.538155 -0.056720 -0.157914 -0.154849 0.100400 -0.039084 0.216801 0.041866 0.064537 -0.069025 -0.057507 0.033889 
1.002252 -0.542481 0.598037 -0.275053 0.081472 -0.248462 -0.263430 0.089587 -0.181783 0.209888 -0.155010 0.060410 0.074337 0.009366 0.035529 
1.608704 -0.977401 0.904018 0.052069 -0.240221 -0.144404 -0.411378 0.005650 -0.123956 0.044517 -0.219160 0.078895 0.136175 0.049480 -0.029961 
1.377127 -1.059815 0.860843 -0.143486 -0.191550 -0.204676 -0.332052 -0.025027 -0.125270 -0.004333 -0.156814 0.139043 0.108160 0.070575 -0.063106 
1.300843 -1.098891 0.936706 -0.192776 -0.187767 -0.239924 -0.288788 -0.007113 -0.161143 -0.021598 -0.138264 0.177929 0.096300 0.013471 0.002249 
1.259571 -1.059041 0.929851 -0.210925 -0.204439 -0.265362 -0.272300 0.011741 -0.156624 -0.028767 -0.107663 0.193712 0.090769 -0.002863 0.025774 
1.254547 -1.081142 0.969320 -0.240695 -0.187671 -0.294147 -0.241499 -0.000756 -0.088775 -0.082462 -0.052807 0.184045 0.077471 0.011052 -0.006014 
1.282921 -1.107887 0.922618 -0.281259 -0.198763 -0.262718 -0.291375 0.097406 -0.230502 0.010079 -0.105447 0.227148 0.073082 -0.006782 0.039562 
1.238569 -1.082176 0.923829 -0.319454 -0.171100 -0.354064 -0.206058 0.012713 -0.159643 -0.032325 -0.029003 0.199155 0.086782 0.003647 0.038714 
1.272055 -0.991834 0.865782 -0.344256 -0.228605 -0.324022 -0.239803 0.032956 -0.186687 0.001161 -0.034591 0.209688 0.097070 0.029928 0.014788 
1.391940 -1.067246 0.864168 -0.423466 -0.222478 -0.304351 -0.284598 0.088967 -0.229341 -0.017624 -0.043944 0.245150 0.118851 0.019997 0.035992 
1.361504 -1.041030 0.774490 -0.434873 -0.192959 -0.297694 -0.308331 0.079652 -0.223649 -0.019888 -0.050811 0.260212 0.150717 0.022866 0.019506 
1.349220 -1.023317 0.706546 -0.383522 -0.199738 -0.300071 -0.327376 0.044181 -0.178720 -0.040437 -0.021625 0.254386 0.162954 0.041134 -0.007796 
1.431660 -0.885367 0.705600 -0.291844 -0.302090 -0.326881 -0.350422 0.103777 -0.202906 -0.042554 0.012402 0.182375 0.168930 0.096635 -0.072793 
1.437078 -0.751513 0.926675 -0.107739 -0.297162 -0.378695 -0.417168 0.170858 -0.206749 0.024701 -0.008955 0.190272 0.177936 0.057919 -0.058600 
1.384193 -0.478242 0.705420 -0.056951 -0.314029 -0.321134 -0.430661 0.091772 -0.080319 -0.047165 -0.035001 0.149372 0.238157 0.029661 -0.130463 
1.275822 -0.521801 0.791715 -0.039723 -0.373663 -0.375091 -0.247931 0.095530 -0.246105 0.170105 -0.052725 0.150355 0.231026 -0.063326 -0.000927 
1.100836 -0.776889 0.728183 -0.047667 -0.299808 -0.376033 -0.352976 0.125264 -0.184006 0.125788 -0.086893 0.186227 0.233169 -0.042455 -0.010284 
0.890877 -0.411817 0.694723 -0.032203 -0.263345 -0.487359 -0.314757 0.162717 -0.166805 0.152803 -0.105279 0.254030 0.274611 -0.094599 -0.024768 
0.857755 0.041561 0.452876 0.190560 -0.323695 -0.580365 -0.149700 -0.029638 -0.041499 0.050111 0.008931 0.243079 0.226965 0.015218 -0.047427 
0.320307 0.145743 0.171344 0.005121 -0.414333 -0.255381 -0.343192 -0.139138 0.063443 0.024810 0.077790 0.187106 0.130059 0.078682 0.067127 
-0.073245 0.040903 0.078508 0.104207 -0.309968 -0.339943 -0.196600 -0.045590 -0.029658 0.053133 0.013402 0.147072 0.106696 -0.029524 0.093912 
