city022_061
BEPPU
70
-0.143616 0.161529 0.155243 0.117423 0.152188 0.294203 0.035777 -0.084375 -0.070786 0.111677 0.093935 -0.041728 -0.007580 0.023477 -0.079291 
0.479743 0.415629 0.316396 0.349177 0.124746 0.234583 0.062368 -0.160506 -0.159618 -0.012318 0.008422 -0.221048 -0.042232 -0.051380 -0.170413 
0.340959 0.331892 0.352039 0.392956 0.082065 0.152623 -0.058854 -0.260710 -0.172793 -0.033021 -0.123225 -0.220179 -0.138041 -0.047917 -0.122460 
0.443707 0.369977 0.554718 0.308278 0.062624 0.063099 -0.029520 -0.202863 -0.167976 -0.082367 -0.105042 -0.287469 -0.059018 -0.037634 -0.178169 
0.540582 0.345352 0.411661 0.332527 0.048523 0.325838 0.007016 -0.262755 -0.217370 -0.006803 -0.012573 -0.324722 -0.059651 -0.080551 -0.200830 
0.343015 0.389809 0.429220 0.318985 0.178862 0.253429 0.022120 -0.226116 -0.149280 0.000710 0.003952 -0.289335 -0.086122 -0.035046 -0.192871 
0.536831 0.393340 0.301103 0.292657 0.158412 0.288987 0.061110 -0.262076 -0.157926 -0.083985 0.010138 -0.190651 -0.138133 -0.062601 -0.197189 
0.480563 0.399223 0.442889 0.253761 0.099839 0.318346 0.061452 -0.182451 -0.180381 -0.070890 0.003857 -0.162144 -0.160878 -0.036069 -0.125973 
0.487642 0.274361 0.553454 0.358281 0.167124 0.107347 -0.009265 -0.063456 -0.122295 -0.109575 -0.000022 -0.198580 -0.149358 0.001622 -0.130576 
0.973432 -0.578995 1.017973 0.113983 -0.150447 -0.099508 -0.426982 0.037552 -0.229677 -0.133565 -0.016222 -0.246913 0.162392 0.087123 -0.156571 
1.448169 -0.900890 1.032924 -0.076589 -0.226726 -0.235361 -0.429888 0.107410 -0.240261 -0.134171 -0.011810 -0.044633 0.175229 0.093432 -0.129713 
1.361616 -1.003514 1.012369 -0.118898 -0.193908 -0.330343 -0.324503 0.091704 -0.199843 -0.085851 -0.019113 0.062842 0.141711 0.050566 -0.036236 
1.337036 -1.051679 1.012611 -0.279098 -0.132668 -0.287399 -0.349052 0.092997 -0.177794 -0.108793 -0.025111 0.096379 0.150362 -0.001324 -0.016696 
1.313729 -1.106753 1.030133 -0.304503 -0.168290 -0.288092 -0.279723 0.039247 -0.213977 -0.053367 -0.034574 0.116724 0.118530 0.022171 0.008813 
1.322675 -1.081200 0.985481 -0.281259 -0.210400 -0.295317 -0.275564 0.042350 -0.226888 -0.059076 -0.021062 0.138159 0.104761 0.032840 0.031996 
1.229535 -1.077510 0.959610 -0.348328 -0.146709 -0.308330 -0.274283 0.019284 -0.245795 -0.037072 -0.025434 0.144083 0.131449 0.015496 0.029835 
1.253314 -1.056645 0.902594 -0.311641 -0.193593 -0.287402 -0.301576 0.012358 -0.207276 -0.094983 0.027178 0.137763 0.124409 0.059281 -0.010117 
1.331290 -1.011940 0.922568 -0.276690 -0.220594 -0.295643 -0.329216 0.058419 -0.199200 -0.101845 0.009641 0.111616 0.144994 0.067405 -0.048802 
1.426675 -0.988386 1.009373 -0.152338 -0.188962 -0.317902 -0.387540 0.120758 -0.173629 -0.120464 0.033258 0.006114 0.186222 0.089065 -0.117726 
1.671893 -0.966570 0.988845 -0.016056 -0.225392 -0.216397 -0.494572 0.175699 -0.164461 -0.113570 0.056887 -0.098552 0.205823 0.143477 -0.160952 
1.260310 -0.388798 0.812378 0.330892 -0.108859 -0.176024 -0.348785 0.036712 0.018390 -0.112982 0.054045 -0.188112 0.196613 0.231023 -0.287029 
0.691847 0.142990 0.629430 0.448638 0.072617 -0.088447 -0.065554 -0.000016 -0.073453 -0.104676 -0.013679 -0.188405 -0.025907 0.096195 -0.208258 
0.432672 0.223253 0.615982 0.342453 0.038118 0.120203 -0.133871 -0.089437 -0.117818 0.009940 -0.117478 -0.187881 -0.067514 0.066010 -0.171908 
0.172321 0.040647 0.602770 0.507038 -0.028469 -0.019483 -0.135842 0.004066 0.018826 -0.123748 -0.106170 -0.066897 -0.027287 0.063435 -0.185699 
0.184711 0.063092 0.446991 0.330357 -0.125217 -0.185040 -0.190664 0.130404 -0.025104 -0.159248 -0.031342 0.088668 -0.003063 0.010410 -0.106344 
0.145624 0.185670 0.340432 0.148360 -0.086256 -0.119017 -0.191830 0.018676 -0.011442 -0.138473 0.033197 -0.026362 0.028434 0.043549 -0.105459 
0.106555 0.048443 0.368960 0.185955 -0.299511 -0.185580 -0.081809 -0.051757 -0.032684 0.070992 -0.013875 -0.036119 0.106558 0.079140 -0.167566 
-0.059152 -0.100853 0.238073 0.225698 -0.240218 -0.373046 -0.244447 -0.046283 -0.034508 -0.011234 -0.032175 0.035124 0.193259 0.076547 -0.136220 
-0.198197 -0.112104 0.153505 0.177872 -0.173444 -0.195111 -0.347026 -0.037366 0.062171 -0.082509 -0.015024 0.074956 0.056344 0.061286 -0.007747 
-0.347141 -0.269291 0.303205 0.147133 -0.229615 -0.354318 -0.212448 0.066234 0.020440 -0.078205 0.042217 0.086990 0.054039 0.086241 -0.104203 
-0.289663 0.015589 0.183464 0.061917 -0.138814 0.015897 -0.108369 -0.051075 -0.005518 0.035614 -0.000420 -0.021587 -0.033939 0.111788 -0.093084 
-0.187852 -0.234283 -0.022817 0.042765 -0.053163 0.066393 -0.114558 -0.110674 -0.028050 -0.004737 0.156000 -0.076632 -0.056958 0.077202 -0.050872 
-0.222096 -0.098863 0.093385 0.090443 -0.073156 -0.233798 -0.236852 -0.044919 0.071067 -0.040449 0.022997 -0.020050 0.100095 0.055256 -0.088457 
-0.188171 0.076040 0.051382 -0.107962 -0.139643 0.019750 -0.170823 -0.137676 -0.169971 0.110215 0.135727 -0.092712 0.010457 0.142553 -0.119245 
-0.260457 0.038033 0.100920 -0.090696 -0.143499 -0.171022 -0.087247 -0.297217 -0.096590 0.112991 0.140770 -0.104370 0.096424 0.112421 -0.056780 
-0.137777 0.021774 0.018183 0.044642 -0.107030 -0.167861 -0.190216 -0.145414 -0.047274 0.115847 0.040443 -0.110706 0.142502 0.054585 -0.059299 
-0.381308 -0.165968 -0.017344 0.002209 -0.297706 -0.102072 -0.161576 -0.079980 0.060035 0.146584 0.041346 -0.044361 0.067323 0.058140 -0.093025 
-0.300384 0.010689 -0.060401 -0.029951 -0.112450 -0.102273 -0.198729 -0.051477 -0.002517 0.056792 0.072114 -0.029242 0.024494 0.057958 -0.041272 
-0.233515 0.029910 -0.005320 0.000454 -0.038319 0.073430 0.062971 -0.167081 -0.193626 0.142892 0.109143 -0.142766 0.018416 0.083467 -0.128881 
-0.405915 -0.112871 -0.117079 -0.022270 -0.086381 -0.002343 0.049839 -0.138977 -0.061919 0.152378 0.055624 -0.141926 0.036100 0.088624 -0.127496 
-0.343642 -0.110357 -0.028241 -0.021171 -0.192154 -0.155700 -0.253058 -0.113925 0.013900 0.089172 0.140238 0.001476 -0.007122 0.106827 0.021402 
-0.290433 0.030633 -0.013514 -0.071383 -0.006727 0.128207 -0.094371 -0.054579 -0.041501 -0.055890 0.110402 -0.010098 -0.040554 0.008108 -0.009681 
-0.150510 0.132002 0.038026 0.046686 -0.059712 0.106642 0.116668 -0.102950 -0.179395 0.031471 0.098311 -0.065142 0.003927 0.009674 -0.029201 
0.032517 0.117094 0.109636 -0.107325 -0.120395 0.148818 0.013982 -0.049446 -0.084681 -0.014646 0.064431 -0.051307 0.007223 0.055679 -0.086851 
-0.046086 0.050641 -0.153317 -0.216302 -0.117595 0.020670 0.076862 -0.073067 -0.136657 0.067969 0.130929 -0.118735 0.061744 0.051065 -0.118945 
0.302637 0.336511 0.274522 0.151493 -0.004340 0.027290 0.056129 0.242235 0.102851 0.112876 0.108754 -0.019078 0.101185 0.057399 -0.082762 
2.005299 -0.560414 0.509989 -0.337371 0.084308 0.088536 -0.172917 -0.004046 -0.104707 0.115743 -0.091907 -0.042532 -0.018878 0.036794 0.011817 
1.891836 -0.338188 0.534953 -0.211407 0.182158 0.009993 -0.026397 0.081830 -0.057476 0.087367 -0.069311 -0.117512 -0.017630 0.084294 -0.071286 
1.837499 -0.781986 0.674402 -0.060045 0.043112 0.025564 -0.227349 -0.048017 -0.141673 0.029504 -0.079455 -0.173551 0.019350 0.099805 -0.066985 
1.681813 -0.756992 0.732084 -0.099195 0.047421 0.022594 -0.372499 -0.132831 -0.270157 0.063328 -0.035784 -0.224671 0.009530 0.123370 0.041618 
1.749219 -0.858007 0.827455 -0.137121 0.063724 0.018306 -0.458653 -0.102718 -0.292340 0.107742 -0.043197 -0.235624 0.024440 0.135196 0.079675 
1.684632 -0.803168 0.796383 -0.140395 0.036444 -0.064420 -0.324418 -0.031153 -0.309279 0.050917 -0.065863 -0.174182 0.021080 0.129911 0.001042 
1.787626 -0.874850 0.841727 -0.174829 0.052484 -0.013876 -0.343926 -0.023381 -0.340833 0.095751 -0.059204 -0.204173 0.038498 0.096825 0.038347 
1.759632 -0.811894 0.828442 -0.147374 0.057981 -0.038528 -0.346427 -0.029046 -0.306072 0.056483 -0.083076 -0.208424 0.018551 0.144995 -0.036909 
1.724501 -0.694023 0.801127 -0.074666 0.038829 0.003606 -0.404081 -0.090764 -0.245264 0.028515 -0.019924 -0.261908 0.008351 0.183269 -0.045959 
1.774904 -0.570616 0.781995 -0.065603 0.024953 -0.016616 -0.422091 -0.049823 -0.297344 0.061270 -0.042425 -0.281106 0.076441 0.120162 -0.023848 
1.820679 -0.360753 0.690625 0.082647 0.022772 0.039942 -0.490470 -0.169183 -0.229989 0.107308 -0.026186 -0.329216 0.054713 0.207481 -0.010276 
1.830491 -0.235265 0.624138 0.071234 0.057794 -0.018614 -0.454486 -0.228630 -0.202654 0.099033 -0.021953 -0.346884 0.058661 0.231073 -0.028976 
1.686062 -0.272841 0.695879 0.010418 0.078843 -0.024510 -0.510102 -0.148032 -0.267723 0.079154 0.021035 -0.407358 0.135843 0.187140 -0.048204 
1.570845 -0.291248 0.774126 0.012164 0.103785 -0.034923 -0.545075 -0.151383 -0.246610 0.068023 -0.000739 -0.451195 0.177766 0.188560 -0.066250 
1.509663 -0.168675 0.572190 0.043611 0.130472 -0.062823 -0.473981 -0.262012 -0.186092 0.049052 -0.034458 -0.402121 0.099110 0.195176 -0.048097 
1.432795 -0.154593 0.484227 0.055344 0.122912 -0.080707 -0.392160 -0.314268 -0.227868 0.106513 -0.008694 -0.372866 0.037598 0.227624 -0.023592 
1.273977 -0.176171 0.649257 0.114518 0.010981 -0.104858 -0.384527 -0.242358 -0.197950 0.097611 -0.064832 -0.351603 0.180563 0.195610 -0.137425 
1.050134 -0.190677 0.595971 0.062173 0.095034 -0.050497 -0.518376 -0.217676 -0.188958 0.088475 -0.007776 -0.449409 0.158648 0.265089 -0.125705 
1.174124 0.219450 0.517998 0.189283 0.080456 -0.164719 -0.301017 -0.328724 -0.231766 0.172950 -0.100496 -0.349486 0.216916 0.160528 -0.107047 
0.688441 -0.091512 0.394337 0.164911 0.119041 -0.102174 -0.373853 -0.306261 -0.110800 0.035221 -0.105500 -0.343751 0.113651 0.131700 -0.074804 
0.658924 0.042521 0.581114 0.091956 0.168852 0.007746 -0.385581 -0.164022 -0.225535 0.173639 -0.163521 -0.388050 0.169474 0.031507 -0.109287 
0.848851 -0.087773 0.238756 0.200856 0.092693 -0.185177 -0.325240 -0.224459 -0.125978 0.148281 -0.141409 -0.301902 0.226328 0.072566 -0.064264 
0.618973 0.360551 0.265107 0.264177 0.047069 -0.204771 -0.412407 -0.276863 -0.192593 0.132787 -0.162948 -0.326598 0.213720 0.193495 -0.111713 
-0.009479 0.329545 0.090397 0.267382 0.040910 -0.203699 -0.339591 -0.236468 -0.181720 0.017100 -0.095084 -0.192376 0.035205 0.190984 -0.070905 
