city022_007
KICHIJOOJI
87
-0.405541 -0.435125 0.260949 -0.303809 -0.112066 0.214226 -0.156877 -0.036018 0.073986 -0.073742 0.128366 -0.077899 0.018096 -0.023284 0.049702 
-0.077662 -0.728858 0.674806 -0.505792 0.079854 0.049090 -0.282632 -0.035929 0.065373 0.046608 0.039931 -0.060188 0.027580 0.016384 0.047861 
-0.405606 -0.558268 0.862885 -0.667072 -0.102496 -0.004445 -0.121525 0.172106 0.023827 -0.033042 0.127470 -0.132614 0.060854 -0.024624 -0.043427 
-0.139505 -0.515672 0.846344 -0.648310 -0.164850 -0.157356 -0.083658 0.134955 0.081519 0.027642 0.123173 -0.099275 0.092120 -0.121197 -0.001311 
-0.001205 -0.186899 1.115762 -0.517942 -0.063968 0.000423 -0.057976 0.043887 0.062070 0.038994 0.000320 0.020478 0.104146 -0.210605 0.177200 
0.437290 0.090526 0.989991 -0.193579 0.117065 0.170011 -0.015759 0.094221 -0.168439 -0.092612 0.099275 -0.154575 0.002238 -0.125869 0.133083 
0.708200 -0.221434 1.365896 -0.013282 -0.101662 0.040348 -0.058623 -0.039078 -0.180301 -0.153292 0.000986 -0.100242 -0.118909 -0.106212 0.177000 
0.498479 -0.040964 1.337086 0.028125 -0.101077 0.029561 -0.035636 -0.103756 -0.150928 -0.157031 -0.082557 -0.066012 -0.132118 -0.135830 0.154548 
0.570600 0.017120 1.072065 0.032888 -0.020806 -0.045483 0.014947 -0.071657 -0.137589 -0.226697 0.022591 -0.068447 -0.203272 -0.041765 0.113397 
0.199653 0.136789 0.832030 0.248132 -0.093678 0.079523 0.034227 -0.117870 -0.085795 -0.192454 -0.039889 -0.038858 -0.178312 -0.121419 0.139786 
0.166477 0.396454 0.423161 0.444011 0.060394 0.176739 0.183982 -0.145937 -0.173514 -0.103549 0.051511 -0.171051 -0.147780 -0.100558 -0.032376 
0.063746 0.381516 0.393439 0.354700 0.196046 0.221665 0.104525 -0.186473 -0.083917 -0.083774 0.072043 -0.099544 -0.198026 -0.079751 0.056548 
-0.078511 0.342040 0.368018 0.328641 0.045605 0.233291 0.104439 -0.128538 -0.096080 -0.062103 0.115169 -0.106230 -0.088296 -0.050099 0.032946 
-0.266545 0.248990 0.226651 0.296155 0.043331 0.056759 0.165538 0.045286 -0.075095 -0.011831 0.130009 -0.020639 -0.017859 -0.020303 0.056170 
-0.013362 -0.036850 0.241616 0.133816 0.154550 0.092474 0.005184 -0.022554 0.005887 -0.061642 0.123695 -0.058731 0.022849 -0.068268 0.072856 
-0.329152 -1.009613 0.199230 -0.367598 0.083338 -0.016259 0.012127 0.066677 0.029713 0.002334 -0.029781 -0.049106 0.007176 0.028549 0.033631 
-1.161700 -0.441740 0.499878 -0.513697 0.373624 -0.168078 0.157630 -0.125654 -0.008237 0.073218 -0.070682 0.089675 -0.104041 0.074267 -0.012252 
-1.366138 -0.274667 0.521006 -0.733363 0.526958 -0.206418 0.208566 -0.149110 -0.003260 0.085065 -0.117454 0.105810 -0.056734 0.043784 -0.065331 
-1.262740 -0.281021 0.484398 -0.763788 0.467435 -0.431357 0.232336 -0.101200 0.069782 0.125149 -0.221296 0.163822 -0.066755 -0.011219 0.031004 
-1.186268 -0.418950 0.598022 -0.833378 0.573685 -0.240469 0.165179 -0.109849 0.006953 0.089637 -0.138341 0.099794 -0.009166 -0.041185 0.062756 
-1.017886 -0.384411 0.637498 -0.869106 0.519423 -0.087053 0.239086 -0.043720 -0.118212 0.080257 -0.143605 0.107675 0.088072 -0.143218 0.123559 
-0.344220 -0.192114 1.153892 -0.557262 0.456761 -0.205879 0.028295 -0.040092 -0.073592 0.102833 -0.137562 -0.008980 0.119155 -0.182339 0.134433 
0.179002 -0.446358 1.450629 -0.249681 0.254425 -0.340486 -0.007576 0.028068 -0.171073 -0.174321 -0.074554 0.010081 -0.002494 -0.226299 0.146516 
0.349437 -0.425917 1.446492 -0.150263 0.151581 -0.331187 -0.013494 -0.005461 -0.213852 -0.133484 -0.155120 0.020583 0.043840 -0.311432 0.191527 
0.517393 -0.553029 1.478035 0.001323 -0.019329 -0.130590 -0.157677 0.072469 -0.232436 -0.259924 -0.055597 -0.050926 -0.050191 -0.237697 0.120219 
0.485426 -0.483167 1.544268 -0.054521 -0.004336 -0.179480 -0.087000 0.031398 -0.227659 -0.215982 -0.077218 -0.022912 -0.035118 -0.249399 0.129923 
0.437160 -0.568788 1.583589 -0.041657 0.029361 -0.161610 -0.101841 0.050322 -0.250503 -0.229373 -0.071946 -0.106838 0.020999 -0.321861 0.151853 
0.393672 -0.502159 1.555314 -0.107330 0.128876 -0.268901 -0.015807 -0.000559 -0.186018 -0.203551 -0.111338 -0.026479 0.017583 -0.300374 0.137053 
0.378545 -0.433732 1.530468 -0.114195 0.034260 -0.171699 -0.157440 0.111920 -0.161651 -0.212231 -0.017820 -0.030947 0.101925 -0.272495 0.114975 
0.342076 -0.408703 1.347901 -0.230437 0.137658 -0.263497 -0.067980 0.090097 -0.153832 -0.047293 -0.093562 0.037044 0.119595 -0.240055 0.118665 
0.144677 -0.302022 1.406163 -0.218781 0.214136 -0.294401 -0.134663 0.199034 -0.257763 -0.067278 -0.069876 -0.051212 0.177902 -0.267527 0.048420 
0.038281 -0.365758 1.482930 -0.264476 0.224208 -0.278882 -0.155502 0.140127 -0.170668 -0.157655 -0.075965 -0.028649 0.152694 -0.276541 0.074036 
0.165409 -0.607198 1.409124 -0.235580 0.069881 -0.067188 -0.295062 0.173311 -0.042158 -0.206230 0.013103 -0.041540 0.145106 -0.164846 0.000185 
0.356810 -0.682310 1.410526 -0.149773 0.030777 -0.083205 -0.302720 0.102823 0.005850 -0.241488 -0.025996 -0.062185 0.182170 -0.151532 -0.077552 
0.566489 -0.808926 1.446200 -0.099800 0.033342 -0.138940 -0.295419 -0.012761 -0.003825 -0.276565 -0.102455 -0.073426 0.138020 -0.122093 -0.076820 
0.998523 -1.003633 1.424906 0.045510 -0.190444 -0.053084 -0.362110 -0.028720 0.015158 -0.304157 -0.031446 -0.099712 0.135832 -0.024954 -0.102196 
1.238411 -1.092741 1.293249 0.060137 -0.194415 -0.051726 -0.482952 -0.031987 -0.003454 -0.220563 -0.012405 -0.190482 0.196821 0.087807 -0.116586 
1.327950 -1.045950 1.192163 -0.119710 -0.047456 -0.167869 -0.457530 -0.067411 -0.022055 -0.128941 0.070831 -0.228508 0.177186 0.200527 -0.075853 
1.423824 -0.902826 0.962456 -0.295222 0.051289 -0.209676 -0.332711 -0.183483 -0.163961 0.039812 0.100365 -0.182298 0.068221 0.235700 -0.005089 
1.602431 -0.922956 0.700443 -0.360022 0.101865 -0.125826 -0.305866 -0.293875 -0.228882 0.023535 0.171185 -0.160755 0.109377 0.045187 0.116673 
1.731880 -1.001897 0.551034 -0.325076 0.079139 -0.075277 -0.280091 -0.277718 -0.344808 -0.061936 0.274682 -0.112976 0.112010 -0.025857 0.056733 
1.761360 -0.926819 0.490089 -0.361485 -0.036250 0.028003 -0.286155 -0.147191 -0.408037 -0.116058 0.242324 -0.107824 0.196374 0.005942 -0.018315 
1.871710 -0.964674 0.488269 -0.385677 -0.096844 -0.036426 -0.135775 -0.139433 -0.291208 -0.316194 0.180241 -0.073857 0.250399 0.069735 -0.036569 
1.932144 -0.844222 0.318202 -0.295880 -0.164558 -0.004706 -0.175254 -0.071469 -0.289061 -0.234147 0.079004 -0.103131 0.274470 0.119524 -0.066667 
2.016385 -0.782195 0.343074 -0.347372 -0.159978 0.017622 -0.320099 0.013093 -0.167984 -0.245612 0.062381 -0.253664 0.332056 0.123836 -0.091059 
1.968247 -0.704554 0.357665 -0.390365 -0.122711 -0.082904 -0.229269 0.017001 -0.149440 -0.202389 0.014658 -0.151435 0.277613 0.061423 -0.025054 
1.970678 -0.683114 0.359778 -0.475853 -0.061702 -0.137363 -0.176285 0.011618 -0.112873 -0.196124 -0.015393 -0.139450 0.257139 0.068085 -0.001437 
1.941242 -0.615571 0.331984 -0.504006 -0.005669 -0.106306 -0.198760 -0.016603 -0.084623 -0.167262 -0.014207 -0.083156 0.198959 0.047460 0.029824 
1.898462 -0.534840 0.327068 -0.521518 -0.033758 -0.086192 -0.224816 0.023153 -0.071520 -0.172368 -0.020699 -0.110944 0.212794 0.020219 0.059312 
1.831265 -0.540202 0.350500 -0.528626 -0.072089 -0.060559 -0.184756 -0.034511 -0.081482 -0.154396 -0.063145 -0.099962 0.207484 0.058901 0.036193 
1.906837 -0.694608 0.405892 -0.479490 -0.044619 -0.076024 -0.207801 -0.018571 -0.131381 -0.230655 -0.021827 -0.085211 0.259276 0.031697 0.015920 
1.853402 -0.669598 0.411202 -0.422650 -0.160404 -0.013456 -0.203076 -0.000534 -0.175487 -0.232908 -0.038178 -0.126836 0.273765 0.052756 0.012008 
1.797616 -0.799475 0.405786 -0.412102 -0.068579 0.030001 -0.184700 -0.104479 -0.271135 -0.258801 0.060205 -0.095644 0.295897 0.047710 -0.044474 
1.792435 -0.854252 0.435422 -0.375248 -0.003162 0.114698 -0.211126 -0.250166 -0.347945 -0.132735 0.170165 -0.118108 0.208657 -0.004969 -0.082316 
1.632074 -0.776778 0.563316 -0.327806 0.076992 0.078727 -0.316069 -0.311747 -0.290258 0.018601 0.163173 -0.181155 0.077884 0.013879 0.022658 
1.458923 -0.803940 0.817838 -0.327472 0.061005 0.023269 -0.290291 -0.298680 -0.210297 0.030791 0.070843 -0.226542 0.113229 0.037057 0.006073 
1.398133 -0.808715 1.019212 -0.131358 0.013055 -0.025497 -0.393172 -0.118047 -0.131321 0.009866 -0.052414 -0.267062 0.235029 -0.023366 -0.029425 
0.824872 -0.488443 1.072757 -0.046985 0.222929 -0.071519 -0.374514 -0.108755 -0.025581 0.012288 -0.226855 -0.260457 0.185165 0.009125 -0.135048 
0.596748 -0.312675 0.991023 -0.012717 0.304200 -0.209214 -0.220968 -0.117305 0.045333 -0.023146 -0.253354 -0.154470 0.156936 0.000937 -0.172844 
0.446482 -0.296681 1.056404 -0.152077 0.367302 -0.316544 -0.189652 0.008848 -0.038360 0.082512 -0.272713 -0.108316 0.303265 -0.141523 -0.090937 
0.314801 -0.328996 1.130412 -0.218658 0.405942 -0.381359 -0.173944 -0.013236 -0.051265 0.007041 -0.277175 -0.069456 0.244315 -0.156528 -0.063513 
0.307847 -0.387638 1.165820 -0.136816 0.329828 -0.305942 -0.185270 0.070969 -0.069786 -0.010295 -0.212684 -0.119394 0.294916 -0.175047 -0.133272 
0.289921 -0.378814 1.220300 -0.152150 0.279360 -0.380824 -0.171008 0.038583 -0.079266 -0.102624 -0.175537 -0.073560 0.229359 -0.120891 -0.160794 
0.296353 -0.498121 1.305939 -0.250550 0.274531 -0.300269 -0.249997 0.137203 -0.092412 -0.107857 -0.099699 -0.116215 0.290524 -0.180543 -0.108805 
0.216756 -0.477493 1.300639 -0.180345 0.186447 -0.259717 -0.192457 0.112039 -0.137589 -0.106175 -0.090906 -0.077104 0.165863 -0.113264 -0.122311 
0.314442 -0.545336 1.435981 -0.159685 0.078327 -0.275103 -0.161953 0.086123 -0.168697 -0.176212 -0.042866 -0.062399 0.142029 -0.153989 -0.061672 
0.374075 -0.548809 1.475216 -0.117105 0.002398 -0.252370 -0.136032 0.102734 -0.203974 -0.155545 -0.011572 -0.063660 0.142993 -0.189835 0.007664 
0.332767 -0.665121 1.639054 -0.143717 0.032166 -0.217870 -0.098217 0.058196 -0.235787 -0.185849 -0.055198 -0.051212 -0.003948 -0.140816 -0.015227 
0.374998 -0.710528 1.657158 -0.065789 -0.091108 -0.110020 -0.091554 0.000076 -0.220323 -0.234267 -0.007364 -0.100010 -0.051390 -0.144036 0.037537 
0.633565 -0.777599 1.679637 -0.047418 -0.223270 -0.050688 -0.060137 -0.101232 -0.135622 -0.265070 0.033601 -0.061739 -0.121651 -0.046140 0.045027 
0.667799 -0.820414 1.832167 -0.057863 -0.311001 0.089376 -0.222188 0.047433 -0.276760 -0.253795 0.120787 -0.231264 0.005299 -0.139806 0.068834 
0.640134 -0.759656 1.792047 -0.033924 -0.370333 0.125647 -0.183232 -0.031743 -0.206721 -0.267661 0.115251 -0.171724 -0.090411 -0.030317 0.044270 
0.719679 -0.782118 1.869607 -0.035209 -0.357698 0.059074 -0.117751 -0.067880 -0.234555 -0.214133 0.081705 -0.159972 -0.070416 -0.055474 0.101901 
0.574497 -0.733207 1.816223 -0.027074 -0.345743 0.127406 -0.127273 -0.047728 -0.240356 -0.198842 0.063222 -0.165546 -0.132012 -0.004967 0.058502 
0.673941 -0.723256 1.805928 -0.082720 -0.345662 0.159045 -0.171913 -0.047087 -0.207450 -0.221047 0.112905 -0.203647 -0.074342 -0.014129 0.071498 
0.555265 -0.630459 1.803249 -0.072038 -0.408860 0.196085 -0.168123 -0.084848 -0.199076 -0.184678 0.056736 -0.142107 -0.114529 0.028335 0.051536 
0.667556 -0.642869 1.895897 -0.072702 -0.402188 0.222817 -0.195720 -0.058915 -0.202808 -0.214325 0.109406 -0.210590 -0.055996 -0.023006 0.079661 
0.464727 -0.438176 1.765374 -0.092568 -0.361436 0.225513 -0.186924 -0.087351 -0.199889 -0.203323 0.059282 -0.196197 -0.102435 0.017248 0.034470 
0.542541 -0.431607 1.829510 -0.083509 -0.314626 0.152002 -0.127732 -0.114317 -0.209896 -0.205232 0.070703 -0.214962 -0.103108 0.017423 0.054970 
0.583084 -0.334021 1.738832 -0.014001 -0.357301 0.198341 -0.165796 -0.090339 -0.198186 -0.253076 0.127951 -0.255223 -0.101536 0.037345 0.024381 
0.586153 -0.166276 1.715387 -0.023415 -0.367718 0.251790 -0.236896 -0.042472 -0.204895 -0.282448 0.175580 -0.294916 -0.058900 0.020354 0.011920 
0.428646 -0.062379 1.803837 -0.074937 -0.303940 0.188461 -0.224442 -0.032302 -0.268777 -0.237448 0.168068 -0.299195 -0.036246 0.039091 0.031894 
0.418331 -0.217289 1.579475 -0.011616 -0.306132 0.080635 -0.148063 -0.109970 -0.257350 -0.252491 0.099677 -0.271632 -0.090808 0.020660 0.032125 
0.287319 -0.153110 1.626371 -0.003570 -0.398386 0.234468 -0.217883 -0.078764 -0.226203 -0.265171 0.140730 -0.320590 -0.032948 -0.008702 0.016319 
-0.020828 0.039065 1.261260 0.115430 -0.322648 0.124565 -0.123945 -0.088894 -0.302295 -0.192454 0.098036 -0.372375 -0.001619 -0.038332 0.017238 
0.050602 -0.121224 1.440152 -0.025446 -0.286871 0.076065 -0.129592 -0.110853 -0.263568 -0.223377 0.110064 -0.326578 0.005635 -0.059458 0.070393 
-0.062062 0.084235 0.409376 0.348815 -0.055868 0.007773 -0.047998 -0.310120 -0.178890 -0.153737 0.062643 -0.203267 -0.177133 0.020534 0.082561 
