city022_025
NOGATA
59
-0.037854 0.155212 -0.086710 -0.119916 -0.236092 -0.123624 -0.076274 -0.134779 -0.078705 -0.016717 0.232016 -0.025441 0.002284 0.089541 0.024935 
0.234156 0.224620 0.377462 0.428509 -0.007215 0.102612 0.066573 -0.217956 -0.098919 -0.059895 -0.047733 -0.106142 -0.112137 -0.086288 0.057026 
0.811714 0.178213 0.601882 0.201493 -0.117769 0.149842 -0.056756 -0.294317 -0.035092 -0.111371 -0.130642 -0.126787 -0.060002 -0.025701 -0.068762 
1.031736 0.225867 0.558434 0.218065 -0.186555 0.227900 -0.101810 -0.374822 0.074071 -0.100592 -0.151148 -0.075556 -0.004230 -0.101991 0.040104 
1.080300 -0.045552 0.615730 0.300669 -0.087913 0.229788 -0.178951 -0.440889 0.132728 -0.058414 -0.220161 -0.143309 0.024319 -0.137148 0.074562 
1.069911 -0.128734 0.715360 0.177255 -0.106951 0.291053 -0.179313 -0.310970 0.005935 -0.121692 -0.152989 -0.149119 -0.013183 -0.133552 0.001032 
1.257099 -0.131175 0.765600 -0.275126 -0.131168 0.173991 -0.098959 -0.168218 -0.157821 0.030440 0.001432 -0.109856 0.118416 -0.064055 0.012243 
1.554408 -0.242431 0.542841 -0.376757 -0.092602 0.163877 -0.092302 -0.203129 -0.184767 0.053060 0.186823 -0.069337 0.133988 -0.048502 -0.013844 
1.841432 -0.381695 0.328511 -0.406979 -0.185930 0.190074 -0.059447 -0.113186 -0.247544 0.073316 0.245112 -0.116136 0.166727 -0.022018 -0.092927 
1.904953 -0.299247 0.316775 -0.400648 -0.342204 0.143574 0.000503 -0.039708 -0.169966 -0.013134 0.231623 -0.178862 0.161340 0.069320 -0.085189 
2.062780 -0.390864 0.360762 -0.452273 -0.493593 0.134136 0.059026 0.017479 -0.167001 -0.054413 0.176324 -0.217093 0.185016 0.110226 -0.050679 
1.957976 -0.292365 0.401606 -0.538310 -0.514064 0.000082 0.060358 0.115198 -0.188119 0.034458 0.085856 -0.260783 0.157656 0.066408 0.021723 
1.917402 -0.293551 0.436504 -0.624226 -0.535826 0.011090 0.058024 0.171188 -0.227295 0.050424 0.053734 -0.268690 0.156313 0.083069 0.060340 
1.842429 -0.126273 0.358008 -0.560531 -0.502616 -0.085268 0.109575 0.141236 -0.245379 0.078628 0.010849 -0.285916 0.130323 0.063627 0.107499 
1.850300 -0.048115 0.349367 -0.454761 -0.459126 -0.122180 0.107277 0.104646 -0.222627 0.036912 0.053096 -0.319884 0.087597 0.072913 0.061530 
1.811056 0.047505 0.219878 -0.371024 -0.384764 -0.112145 0.138946 0.082120 -0.269611 -0.048517 0.026488 -0.302249 0.044237 0.139136 0.083272 
1.847500 0.050229 0.154559 -0.391656 -0.321528 -0.061649 0.150356 0.065460 -0.373613 -0.092552 0.019468 -0.237848 0.088875 0.193123 0.100701 
1.831180 0.052929 0.098711 -0.335955 -0.227476 0.056519 0.091909 -0.044352 -0.462902 -0.210156 0.086447 -0.155579 0.108451 0.214068 0.044065 
1.834959 -0.066543 0.255046 -0.376203 -0.206086 0.032970 0.019970 -0.135736 -0.423469 -0.197360 0.157948 -0.111584 0.110764 0.186190 0.017818 
1.805604 -0.280162 0.399090 -0.434793 -0.130711 -0.011568 -0.114098 -0.136130 -0.479356 -0.048694 0.275821 -0.042026 0.112939 0.110283 0.037152 
1.842857 -0.588738 0.364227 -0.431236 -0.224920 -0.063163 -0.161528 -0.093195 -0.391151 -0.004899 0.301799 -0.030454 0.133978 0.118483 0.056831 
1.673460 -0.820478 0.441904 -0.536547 -0.170673 -0.200589 -0.121813 -0.111143 -0.285855 0.004462 0.335155 -0.009470 0.137489 0.132067 0.053226 
1.577842 -0.852254 0.413293 -0.606370 -0.114118 -0.234389 -0.074162 -0.156053 -0.205732 0.059967 0.353069 0.035662 0.077443 0.095354 0.047362 
1.614508 -0.919700 0.361502 -0.582142 -0.151144 -0.165182 -0.051029 -0.204611 -0.043408 0.068456 0.331880 0.129714 -0.074694 0.027293 0.057157 
1.599826 -1.058997 0.346929 -0.671174 -0.112436 -0.134115 -0.080527 -0.144093 0.063248 -0.007127 0.394232 0.119306 -0.135013 -0.012228 0.004635 
1.519845 -1.131965 0.309963 -0.697831 -0.114485 -0.149439 -0.049642 -0.109324 0.049212 0.047350 0.354555 0.110218 -0.127349 -0.030827 -0.014171 
1.462019 -1.086643 0.313294 -0.727690 -0.099932 -0.138341 -0.040811 -0.157306 0.043827 0.130197 0.305456 0.053546 -0.043800 -0.051391 -0.018085 
1.441501 -0.975867 0.337453 -0.736306 -0.134512 -0.061517 -0.041634 -0.252947 -0.081227 0.257086 0.301116 0.016114 0.058625 -0.056907 -0.060003 
1.655075 -0.848001 0.424671 -0.671854 -0.102141 -0.022514 -0.067555 -0.356170 -0.204647 0.233158 0.245461 0.040669 0.129032 -0.012721 -0.059127 
1.461747 -0.274240 0.183879 -0.274364 -0.172578 0.199799 -0.091721 -0.301024 -0.230232 0.164245 0.255810 -0.091239 0.119075 -0.070206 -0.072775 
1.048469 0.366534 -0.119468 -0.080251 -0.001238 0.188814 0.038848 -0.265335 -0.213917 0.039805 0.229217 -0.039793 0.019590 -0.056328 -0.043217 
0.785227 0.259996 -0.119659 -0.126521 -0.249568 -0.032685 0.009197 -0.174173 0.036525 -0.066033 0.174036 -0.008472 -0.011629 0.030671 0.056834 
0.541219 0.116441 -0.178272 -0.202075 -0.331298 -0.163197 0.031717 -0.175524 -0.031396 0.015305 0.212128 0.083412 -0.048723 0.096415 0.050052 
0.424618 0.021347 -0.154111 -0.352020 -0.274277 -0.028125 -0.042158 -0.284936 -0.003486 0.097682 0.275230 0.003974 0.055083 0.021361 -0.044105 
0.282041 -0.107159 -0.358250 -0.177246 -0.178401 -0.110551 -0.022428 -0.225844 -0.131784 0.131868 0.408972 0.007542 -0.162066 0.111163 -0.003458 
0.178332 -0.139026 -0.332646 -0.164488 -0.175801 -0.041605 -0.095380 -0.238348 -0.041872 0.086075 0.310029 0.066463 -0.126835 0.036020 0.026119 
-0.070238 -0.019187 -0.397717 -0.210636 -0.227188 -0.094273 -0.126559 -0.154796 -0.089298 0.086386 0.449828 0.037728 -0.080673 -0.019644 0.067584 
0.131222 -0.417271 0.016458 -0.196096 -0.023732 0.014752 -0.081163 -0.057382 0.191055 0.030982 -0.059949 -0.083554 0.103768 -0.076749 0.050980 
0.851686 -0.734261 0.379094 -0.395554 0.152505 -0.004377 -0.056189 0.031557 0.196982 0.217224 -0.167139 -0.131410 0.090831 -0.077747 0.097206 
1.716386 -0.729334 0.335221 -0.522868 -0.092539 0.041380 -0.135728 -0.278491 -0.121785 0.230945 0.253037 -0.096293 0.134242 -0.110621 0.054291 
1.484636 -0.897321 0.445418 -0.713479 -0.071327 -0.051723 -0.093827 -0.327982 -0.089108 0.351085 0.285912 -0.035993 0.056703 -0.053296 -0.048428 
1.420056 -0.908638 0.448715 -0.805708 -0.011112 -0.101672 -0.001620 -0.302291 -0.036562 0.374475 0.264642 -0.081043 0.042561 -0.101836 -0.080789 
1.413688 -1.074111 0.373374 -0.795580 -0.020295 -0.202596 0.103571 -0.262112 0.001666 0.349272 0.231973 -0.076168 0.027371 -0.113006 -0.080609 
1.305966 -1.135768 0.269343 -0.721277 -0.081484 -0.233951 0.073874 -0.094246 0.000397 0.241447 0.218012 0.029393 -0.060560 -0.097741 -0.048848 
1.405468 -1.182580 0.228115 -0.721607 -0.050085 -0.299318 0.094431 -0.013328 0.013039 0.185748 0.203703 0.042172 -0.043535 -0.169154 -0.001753 
1.493617 -1.201696 0.227598 -0.717200 -0.105238 -0.246032 0.065488 0.040766 0.056163 0.126529 0.158352 0.090875 -0.091959 -0.137672 -0.015386 
1.545353 -1.174222 0.201842 -0.734528 -0.086497 -0.196522 0.049202 0.034006 0.081420 0.101589 0.180885 0.051631 -0.089697 -0.163786 0.000268 
1.557875 -1.044184 0.115667 -0.724732 -0.074457 -0.153809 -0.033390 0.062135 0.058655 0.068884 0.216881 0.101807 -0.099842 -0.165690 0.007316 
1.564439 -1.038961 0.110928 -0.698300 -0.066786 -0.037560 -0.120391 -0.004085 0.079164 0.068101 0.345738 0.078589 -0.226150 -0.122933 -0.015316 
1.601078 -0.881812 -0.023813 -0.675716 -0.055970 0.005392 -0.071433 -0.029885 0.059259 0.080268 0.357406 0.083511 -0.253450 -0.169728 -0.030474 
1.663479 -0.752122 -0.020069 -0.706898 0.049039 -0.007126 -0.194666 0.053321 -0.001694 0.151551 0.386611 0.014541 -0.169750 -0.240033 -0.011375 
1.748410 -0.653213 -0.052447 -0.650793 0.022000 0.005699 -0.165504 0.065433 -0.058129 0.187666 0.483815 -0.123778 -0.101015 -0.276171 -0.028037 
1.895593 -0.490250 -0.352237 -0.461949 -0.159502 -0.008488 -0.083592 -0.015078 -0.123963 0.321626 0.485174 -0.207437 -0.106301 -0.172680 -0.062196 
2.004662 -0.004730 -0.526218 -0.476638 -0.181753 -0.206981 -0.091531 -0.000804 -0.140692 0.490780 0.258262 -0.250834 0.090091 -0.202720 0.008334 
1.401867 -0.571213 -0.336479 -0.448348 -0.171050 -0.050276 -0.072843 0.064970 -0.105111 0.251599 0.315065 -0.182611 0.080119 -0.243300 0.002090 
1.398137 -0.749791 -0.364672 -0.592905 -0.031016 -0.064444 0.028646 0.104325 -0.236942 0.428245 0.324260 -0.292195 0.002236 -0.329271 -0.000017 
0.801207 -0.127996 -0.622038 -0.425521 -0.225473 0.065908 0.024469 -0.048555 0.086380 0.202575 0.340092 -0.130064 -0.259387 -0.144987 -0.086593 
0.319082 -0.135715 -0.510580 -0.305431 -0.242306 0.006110 0.033383 -0.253693 0.096146 0.180714 0.374227 -0.099813 -0.147469 -0.038961 -0.074101 
0.040875 -0.139026 -0.399231 -0.486860 -0.245494 0.007079 0.049274 -0.223362 0.026016 0.210849 0.367784 0.013414 -0.170277 -0.027687 -0.162428 
