city022_035
MOTOAKASAKA
95
-0.288115 0.056560 -0.194233 0.242665 -0.115601 0.142726 0.063807 0.169816 -0.129458 0.091704 -0.132497 0.116502 -0.015009 0.004063 0.000476 
0.676708 0.451050 0.200206 0.301748 -0.374443 0.294164 0.124813 -0.127424 -0.137911 0.042879 -0.193719 0.064205 -0.114794 0.057992 -0.065344 
1.167196 0.410224 0.435662 0.025314 -0.619094 0.471595 0.158765 -0.075677 0.005319 -0.094654 -0.326491 -0.059429 -0.130372 0.018064 0.015507 
1.195916 0.306212 0.578382 -0.050591 -0.586759 0.430265 0.141442 -0.076513 -0.019164 0.047832 -0.356840 -0.028572 -0.060870 -0.058130 0.022783 
1.194983 0.179253 0.694677 -0.070494 -0.539695 0.431181 -0.001348 -0.046304 -0.038073 0.016322 -0.234698 -0.032756 -0.035412 -0.047652 -0.009805 
1.333590 -0.073578 0.694441 -0.012207 -0.538354 0.496446 -0.064998 -0.051325 -0.112372 -0.014919 -0.229219 -0.000077 -0.039135 -0.021244 -0.014389 
1.531695 -0.048518 0.606511 -0.036048 -0.585172 0.324993 -0.170262 -0.220443 -0.039349 -0.005980 -0.164574 0.049440 0.018716 -0.015248 0.006670 
1.779878 0.031176 0.670201 -0.288521 -0.895165 0.086990 -0.269855 -0.047871 0.009075 0.172055 0.003904 0.056015 0.046505 -0.026789 -0.029779 
1.886778 0.015961 0.457996 -0.464412 -0.794117 0.065985 -0.310138 0.120265 0.083269 0.169154 0.024050 -0.026731 -0.003891 -0.060899 -0.121734 
1.887403 0.018796 0.368147 -0.634333 -0.632736 0.067778 -0.367606 0.214573 0.001762 0.178010 0.041167 -0.116425 0.019760 -0.013962 -0.159863 
1.969898 0.127544 0.389292 -0.726883 -0.547679 0.226265 -0.279276 0.189690 -0.133693 0.073784 0.049812 -0.135466 0.104219 0.112995 -0.153463 
2.052169 0.136716 0.361545 -0.732334 -0.253122 0.257661 -0.321730 0.192081 -0.291168 0.050905 -0.019386 -0.029920 0.091723 0.109554 -0.104995 
1.941970 -0.129529 0.360080 -0.453970 -0.021550 0.099810 -0.311278 0.046841 -0.310942 0.077717 -0.134675 -0.069691 -0.025232 0.147383 -0.145169 
1.501123 0.434264 0.232939 -0.339470 0.043897 0.251924 -0.138798 0.020677 -0.205261 0.076229 -0.064190 0.054103 0.014215 -0.006826 -0.032134 
0.523451 0.719118 0.165326 0.226305 -0.082233 0.165803 0.039089 0.079236 -0.012814 0.183428 -0.024663 0.050774 0.039751 0.041334 -0.025307 
0.225052 0.500567 0.136068 0.198551 -0.248238 0.104545 -0.142173 0.034880 -0.131489 0.142650 -0.144089 0.092282 -0.056185 0.056349 -0.042602 
0.014205 0.360961 -0.147552 0.089941 -0.278443 0.106146 -0.077637 0.075078 -0.004380 0.038508 -0.049020 0.049490 -0.031567 -0.001537 0.005582 
-0.135666 0.239846 -0.008905 -0.162544 -0.300781 0.141348 -0.102487 0.094602 -0.002850 0.171139 -0.169323 0.075825 -0.013105 -0.026477 -0.045047 
-0.158114 0.155931 -0.065802 0.269300 -0.191732 -0.094469 -0.227461 -0.029641 -0.131803 0.109568 -0.068233 0.012226 0.031358 0.069526 -0.060783 
-0.176984 0.121857 -0.073769 -0.047311 -0.358758 -0.035517 -0.354988 -0.048292 0.006245 0.230114 -0.028380 0.110624 0.044573 0.052420 0.010447 
0.036674 0.175740 -0.025924 0.080819 -0.465639 -0.036118 -0.131948 -0.092189 -0.129960 0.203770 -0.042489 0.090705 -0.004323 0.127305 -0.096839 
0.313849 -0.691854 0.847573 -0.235807 -0.009031 -0.158210 -0.311987 0.026084 -0.197975 0.207379 -0.207528 0.062363 0.113736 -0.022438 0.020095 
1.452746 -0.318733 0.495343 -0.513025 0.038849 0.095064 -0.255948 -0.183966 -0.331057 0.159213 -0.126987 0.093640 0.067054 -0.014911 -0.024662 
1.834988 -0.641657 0.334363 -0.417970 -0.134994 0.265982 -0.305416 -0.270738 -0.337978 0.050623 -0.043356 0.120294 0.056666 0.095987 -0.134022 
1.878473 -0.946955 0.418837 -0.424381 -0.213696 0.217209 -0.372515 -0.095140 -0.354606 0.000964 -0.043800 0.100975 0.218393 0.078836 -0.100596 
1.900002 -0.913188 0.329524 -0.376829 -0.328692 0.191330 -0.365530 0.009306 -0.324750 -0.038445 -0.058724 0.095619 0.282719 0.088121 -0.076706 
2.068394 -1.036072 0.321047 -0.369602 -0.402552 0.191894 -0.384591 0.093154 -0.348439 0.019748 -0.042113 0.146186 0.269144 0.076743 -0.060323 
1.758610 -1.004627 0.291572 -0.478173 -0.313933 -0.028991 -0.162960 -0.044711 -0.230177 -0.002265 0.008761 0.234237 0.176763 0.161163 -0.101337 
1.624308 -1.005220 0.327186 -0.532512 -0.211567 -0.179265 -0.140887 0.018579 -0.291307 0.119652 0.126581 0.237553 0.084664 0.072331 -0.061133 
1.572265 -0.996054 0.338302 -0.533087 -0.153691 -0.248894 -0.166896 0.015150 -0.200625 0.185747 0.100403 0.224034 0.012113 0.096210 -0.069572 
1.635831 -1.073589 0.262603 -0.533242 -0.219219 -0.134611 -0.098745 -0.082201 -0.107368 0.122707 0.085500 0.331626 -0.072809 0.088276 -0.095386 
1.588614 -1.167050 0.260942 -0.681650 -0.106288 -0.085890 -0.092065 -0.024079 -0.143952 0.096452 0.177801 0.322181 -0.118147 0.020691 -0.152931 
1.490001 -1.157842 0.198003 -0.725880 -0.089568 -0.037521 -0.089057 0.031599 -0.124483 0.067203 0.205170 0.277043 -0.098137 -0.072724 -0.136446 
1.474385 -1.202278 0.175150 -0.709687 -0.160458 0.020497 -0.055778 0.029402 -0.079289 0.028074 0.239457 0.207698 -0.084704 -0.087427 -0.143376 
1.492311 -1.248263 0.164965 -0.700312 -0.184237 0.030836 -0.066985 0.052451 -0.069447 0.019076 0.230083 0.233425 -0.107821 -0.078871 -0.150921 
1.495789 -1.257154 0.167320 -0.696211 -0.166482 0.001164 -0.080535 0.066345 -0.110260 0.047730 0.233751 0.239358 -0.078256 -0.103961 -0.131291 
1.464050 -1.143155 0.191844 -0.679104 -0.158304 -0.026915 -0.099757 0.046161 -0.183777 0.085981 0.210267 0.281162 -0.029541 -0.121660 -0.057684 
1.585866 -1.062135 0.250015 -0.671227 -0.078165 -0.053047 -0.153527 0.038759 -0.344853 0.134030 0.185403 0.350601 -0.046591 -0.069455 -0.017651 
1.736241 -0.898658 0.192288 -0.559309 -0.045423 -0.060870 -0.147275 -0.004415 -0.400844 0.053236 0.168483 0.374823 -0.092714 0.053600 -0.049007 
1.681439 -0.307535 -0.138540 -0.218781 -0.032393 -0.072047 -0.169475 0.055250 -0.397761 0.069122 0.256233 0.265984 -0.197643 0.009529 0.016001 
1.259630 0.244145 -0.417763 -0.166218 -0.220030 0.193470 -0.070856 -0.049825 -0.177911 0.040481 0.213513 0.153193 -0.084759 0.008761 -0.095503 
0.950946 0.210840 -0.411318 -0.099193 -0.340159 0.125218 0.012705 0.095067 -0.213209 0.044990 0.119304 0.030557 -0.061211 0.070271 -0.017661 
0.589916 0.099648 -0.377258 -0.033426 -0.256572 0.194867 0.069630 0.033938 -0.090021 -0.035215 -0.014213 0.099569 -0.077233 0.048189 0.025132 
0.403901 0.146111 -0.392759 -0.111944 -0.296256 0.102360 -0.031893 -0.071467 -0.167852 0.069000 0.064914 0.125248 -0.053720 0.059889 -0.043357 
0.318581 -0.062171 -0.406258 -0.137316 -0.436818 0.108297 -0.095341 -0.058452 -0.080231 -0.048502 0.277093 0.129028 -0.088365 0.109364 -0.133263 
0.765621 -1.011287 -0.502485 -0.172703 0.201782 0.207248 -0.043794 -0.076585 -0.125772 0.187576 -0.133305 0.169285 -0.133308 0.041104 -0.064841 
1.201692 -1.203421 -0.503498 -0.485498 0.406728 0.021850 -0.050567 -0.139830 -0.117084 0.395270 -0.148661 0.143317 -0.124061 -0.065273 -0.158807 
1.665142 -0.667340 0.101314 -0.349737 -0.025347 -0.078124 -0.250189 -0.052053 -0.348117 0.293525 0.143675 0.228767 -0.223056 0.114671 0.015912 
1.780128 -0.911532 0.273211 -0.483189 -0.086802 -0.074221 -0.280969 0.024435 -0.323335 0.230014 0.220429 0.245232 -0.175215 0.038828 0.078991 
1.597460 -0.982750 0.304827 -0.634489 -0.022857 -0.122665 -0.271503 0.027110 -0.261213 0.196641 0.262821 0.262817 -0.138234 -0.025966 0.062231 
1.641880 -1.024001 0.284451 -0.667466 -0.047891 -0.075465 -0.261342 0.089564 -0.257236 0.184133 0.264376 0.253093 -0.124126 -0.095551 0.029093 
1.574188 -1.048417 0.232117 -0.692451 -0.065256 -0.065816 -0.185163 0.083842 -0.213399 0.139574 0.270745 0.249839 -0.148432 -0.085144 -0.032129 
1.520569 -1.073339 0.247717 -0.742533 -0.023750 -0.064010 -0.137343 0.066986 -0.208296 0.187405 0.259660 0.188408 -0.146221 -0.105983 -0.039466 
1.514839 -1.061614 0.261260 -0.702330 -0.125900 -0.040664 -0.056840 0.014489 -0.257859 0.278166 0.191184 0.135008 -0.069438 -0.055874 -0.061521 
1.609491 -1.133909 0.258457 -0.632100 -0.196185 0.041498 -0.082333 0.037322 -0.293678 0.341873 0.067814 0.136184 -0.034141 -0.031560 -0.078528 
1.717234 -0.705859 0.142664 -0.544437 0.023336 -0.054930 -0.133867 0.018324 -0.327501 0.443544 -0.048951 0.054745 0.029230 -0.039494 -0.046254 
1.226976 0.155306 0.254664 -0.266902 -0.003207 -0.007344 0.044155 -0.114771 -0.228457 0.222273 -0.212433 0.016328 0.084140 -0.048248 -0.026722 
0.268658 0.169344 0.210002 -0.318770 0.245494 -0.254113 0.124738 -0.075572 -0.038471 0.268136 -0.268547 0.182719 -0.063681 -0.020118 0.078061 
0.013724 0.114017 0.340928 -0.169472 0.089641 -0.160452 0.330951 -0.081229 0.033883 0.185363 -0.208807 0.155250 -0.072771 0.044904 -0.035353 
-0.177014 -0.012843 0.013303 -0.094841 0.081641 -0.107417 0.137918 -0.206783 0.020429 0.107494 -0.092499 0.092915 -0.097330 0.043401 0.042191 
-0.125070 -0.207197 0.143025 -0.017513 0.263762 -0.058576 0.161829 -0.076372 0.004704 0.129703 -0.153463 0.141975 -0.067629 0.029450 0.003336 
0.228514 0.078723 0.397680 0.007632 0.341488 0.082518 0.142275 -0.140800 -0.142687 0.133446 0.081393 -0.054918 -0.088238 0.051523 -0.008362 
0.586802 -0.281989 0.265398 0.061651 0.080597 -0.160282 0.014314 -0.111451 -0.102295 0.035886 -0.004767 -0.037301 0.007302 0.009146 -0.019028 
1.229913 -0.408633 0.140969 -0.164469 -0.125149 0.006162 -0.260651 -0.091457 -0.019117 0.249391 -0.063368 0.044555 -0.006761 0.048408 -0.009247 
1.734268 -0.795258 0.306720 -0.376596 -0.235678 0.028585 -0.115784 -0.152810 -0.451015 0.329796 0.081639 0.160642 0.030676 0.025682 -0.025633 
1.715080 -0.810373 0.313825 -0.503460 -0.098226 -0.050240 -0.215297 -0.023490 -0.412693 0.390356 0.177279 0.152073 -0.090620 0.025598 0.027483 
1.676777 -0.826941 0.334672 -0.558442 -0.070272 -0.060492 -0.293980 0.065416 -0.440895 0.321090 0.262700 0.199188 -0.128084 0.003496 0.068857 
1.677132 -0.887989 0.326691 -0.533433 0.002855 -0.123105 -0.345648 0.099253 -0.435420 0.305929 0.236024 0.227568 -0.171193 0.032609 0.085782 
1.880180 -0.795198 0.063206 -0.096588 -0.103896 -0.216364 -0.346416 0.092236 -0.298029 0.175991 0.157814 0.151333 -0.120441 0.140512 0.043158 
1.854743 -0.502466 -0.136173 -0.076861 0.005863 -0.121411 -0.311642 0.045063 -0.438183 0.018931 0.191150 0.193678 -0.159421 0.084123 0.034589 
1.622637 -0.102781 -0.297415 0.020529 -0.119997 0.081389 -0.247946 0.014797 -0.360764 -0.014350 0.234326 0.104813 -0.131522 0.082257 -0.067601 
0.722153 0.425853 -0.228229 0.107244 -0.033209 0.297614 -0.038970 -0.087385 -0.342432 0.202873 0.026664 -0.016947 0.005046 -0.013163 -0.146240 
0.455468 0.382383 -0.026966 0.167175 -0.117845 0.060223 -0.243727 -0.070506 -0.051876 0.100540 -0.042778 0.022684 -0.063015 0.122154 -0.047155 
0.197929 0.019644 -0.350779 0.030192 -0.173671 0.145610 -0.284511 -0.072186 -0.164562 0.141232 0.050908 0.108940 -0.091757 0.043211 -0.028966 
0.013237 0.099592 -0.103485 0.184299 -0.250553 0.039683 -0.267955 0.076118 -0.116624 0.032473 0.057144 0.025348 -0.100942 0.164372 -0.082803 
0.379096 -0.871641 -0.673510 -0.157040 0.061827 0.314318 -0.004611 0.015075 -0.215849 0.136219 -0.052343 0.110016 -0.102236 -0.009273 0.007540 
1.032261 -0.865680 -0.531906 -0.358955 0.124434 0.159163 0.083563 -0.017961 -0.260349 0.266825 -0.080968 0.132409 -0.144925 -0.016831 -0.088846 
0.617287 -0.501098 -0.624995 -0.237796 0.060604 0.200489 -0.018121 -0.060339 -0.264951 0.259651 0.048971 0.072346 -0.095643 -0.086064 -0.089839 
0.806066 -0.616129 -0.475701 -0.350127 0.076154 -0.011701 -0.019818 -0.032196 -0.317014 0.479616 0.018878 0.025347 -0.090481 -0.070819 -0.124886 
1.531358 -0.424435 -0.164522 -0.230362 -0.264850 0.022633 -0.193101 0.051709 -0.266691 0.197012 0.128337 0.189635 -0.117082 0.033409 0.013063 
1.671012 -0.564586 -0.108332 -0.346964 -0.213269 -0.031132 -0.190854 0.038334 -0.315951 0.248872 0.274048 0.208485 -0.144310 -0.051496 0.069154 
1.654390 -0.648486 -0.148011 -0.430153 -0.206939 -0.040687 -0.154441 0.055098 -0.332948 0.253938 0.305466 0.281047 -0.205027 -0.063832 0.013657 
1.808613 -0.609032 -0.142806 -0.429791 -0.184349 -0.055607 -0.041701 0.049621 -0.314052 0.338989 0.162436 0.273498 -0.184770 -0.114049 -0.031052 
1.791821 -0.785508 -0.070262 -0.579291 -0.132586 -0.124569 0.054765 0.068384 -0.278073 0.334705 0.111867 0.257722 -0.247122 -0.055573 -0.025506 
1.941705 -0.779291 -0.180448 -0.471491 -0.300530 0.091803 -0.060027 0.121143 -0.255371 0.209584 0.194354 0.175945 -0.167362 -0.054470 -0.055003 
1.855197 -0.753499 -0.185913 -0.463892 -0.326681 0.106930 -0.078782 0.067709 -0.267599 0.276206 0.168701 0.222398 -0.155920 -0.084629 -0.037032 
1.776659 -0.648042 -0.302918 -0.436632 -0.414240 0.158217 -0.051398 0.086585 -0.277033 0.264619 0.255773 0.179716 -0.168718 -0.107336 -0.066182 
1.878053 -0.766289 -0.235209 -0.457201 -0.434364 0.192715 -0.047964 0.093628 -0.240513 0.246756 0.263304 0.131557 -0.194206 -0.075804 -0.101071 
1.943070 -0.853918 -0.366619 -0.427172 -0.449841 0.213845 -0.035277 0.034977 -0.187245 0.280000 0.208317 0.124293 -0.211872 -0.065838 -0.058143 
1.722917 -0.397712 -0.447844 -0.323119 -0.393393 0.170730 -0.020532 0.071959 -0.128582 0.172732 0.281758 0.044592 -0.175298 -0.098821 -0.109910 
1.591922 -0.458299 -0.430312 -0.327619 -0.461750 0.183079 -0.009822 0.068792 -0.208059 0.268290 0.326101 0.049026 -0.164598 -0.176636 -0.105050 
1.586548 -0.597937 -0.374757 -0.341190 -0.385689 0.209123 -0.121895 0.123891 -0.205156 0.194069 0.241159 0.013131 -0.114096 -0.038456 -0.092406 
1.299400 -0.380430 -0.451880 -0.368962 -0.428095 0.187109 -0.046394 0.082579 -0.265544 0.339015 0.367452 -0.006374 -0.159338 -0.168396 -0.126958 
0.346248 -0.124215 -0.795229 -0.262472 -0.381422 0.104120 -0.020208 -0.020393 -0.087148 0.314817 0.216856 0.085425 -0.151484 -0.150081 -0.234708 
0.466574 -0.212350 -0.516377 -0.251157 -0.380574 0.043707 -0.034272 0.063350 -0.163335 0.358015 0.128382 0.007375 -0.111575 -0.035373 -0.138661 
