city022_099
PYUUMA
49
-0.291152 0.179423 0.007020 -0.025147 -0.112947 0.023493 -0.021425 -0.118572 -0.026589 -0.015160 0.037409 0.037933 -0.059820 0.020382 0.047319 
0.392918 -0.183823 0.430777 0.205832 -0.107638 0.005933 -0.067387 0.235396 -0.057035 -0.001040 0.079147 -0.025311 0.010455 0.025631 -0.025667 
0.918501 -0.318770 1.076477 -0.064957 -0.080904 0.484597 0.042693 -0.116149 -0.015372 0.016979 -0.045629 -0.055161 0.025914 -0.061440 -0.037170 
0.475991 -0.635878 1.138341 -0.141044 0.059460 0.338733 -0.118421 -0.003195 -0.014108 0.085748 -0.054778 -0.013002 0.045129 -0.076682 0.048613 
0.368929 -0.581350 1.140401 -0.237473 -0.155666 0.231224 -0.201506 -0.052977 0.032224 -0.042660 -0.090315 0.041533 0.051069 -0.143098 0.105142 
0.092018 -0.669102 1.045788 -0.303050 -0.210198 0.029448 -0.121690 0.043232 -0.006836 -0.022063 -0.045714 0.107091 0.000092 -0.116609 0.103391 
0.279001 -0.522471 0.889299 -0.212646 -0.181271 0.393281 -0.117800 -0.089540 0.072952 -0.043136 -0.005728 0.016973 0.003596 -0.033847 0.007069 
0.759882 -0.558908 1.555638 0.027145 -0.316780 0.161603 -0.383732 0.092734 -0.177990 -0.337774 0.067095 -0.082868 -0.121879 -0.004701 -0.021110 
0.847386 -0.853625 1.664099 0.125180 -0.440480 0.128577 -0.293540 0.038301 -0.295458 -0.314074 0.060728 -0.154271 -0.158013 0.012296 -0.047607 
0.856493 -0.833219 1.510209 0.231972 -0.420260 0.008921 -0.255236 0.064236 -0.331476 -0.344727 0.131171 -0.193044 -0.162983 0.088239 -0.076191 
0.935955 -0.924695 1.469804 0.281667 -0.385429 -0.028474 -0.313739 0.168373 -0.402489 -0.324625 0.120508 -0.204526 -0.124372 0.060404 -0.065063 
1.021731 -0.917417 1.245543 0.297849 -0.212703 -0.148312 -0.289848 0.140251 -0.331826 -0.318901 0.066225 -0.199040 -0.056468 0.040178 -0.108607 
1.131745 -0.992239 1.179371 0.173006 -0.040180 -0.182574 -0.285278 0.085300 -0.318094 -0.240201 0.007005 -0.202861 -0.060110 0.073546 -0.111461 
1.160390 -0.934684 1.102165 0.165256 0.031068 -0.170535 -0.362039 0.059798 -0.228201 -0.202394 -0.024391 -0.271696 0.034344 0.109546 -0.160205 
1.372856 -0.941207 1.103532 0.185899 0.016243 -0.130046 -0.455785 0.134272 -0.259761 -0.134293 -0.084565 -0.265780 0.071637 0.104670 -0.159432 
1.394390 -0.904338 1.034300 0.112781 0.077755 -0.072167 -0.455934 0.056969 -0.242476 -0.107193 -0.068646 -0.294475 0.023852 0.123537 -0.115225 
1.401008 -0.820011 0.985857 0.002634 0.165920 -0.041603 -0.440374 -0.025642 -0.224434 -0.039477 -0.063361 -0.327454 0.008034 0.156626 -0.094861 
1.509693 -0.823794 0.970245 -0.029541 0.150705 0.025385 -0.454514 -0.034197 -0.286636 0.054692 -0.053873 -0.325047 -0.024592 0.165787 -0.031095 
1.572025 -0.779719 0.969390 -0.165892 0.218874 0.038024 -0.458959 -0.046909 -0.316059 0.099371 -0.045376 -0.312882 -0.025639 0.147788 -0.007272 
1.466929 -0.603813 0.898079 -0.154390 0.127748 0.094161 -0.456871 -0.065882 -0.325166 0.099318 0.036537 -0.326688 0.004209 0.150524 -0.021477 
1.607790 -0.660724 0.970065 -0.214158 0.097492 0.103407 -0.457561 -0.053326 -0.364366 0.109397 0.046015 -0.288007 -0.011637 0.154973 0.004577 
1.470599 -0.516895 0.896493 -0.203741 0.097234 0.088985 -0.431473 -0.097899 -0.359152 0.071344 0.082186 -0.338748 0.021051 0.152568 -0.041611 
1.487457 -0.520012 0.899391 -0.232644 0.107466 0.098198 -0.421630 -0.109268 -0.386446 0.069789 0.082498 -0.310144 -0.019950 0.159449 -0.034733 
1.505050 -0.460223 0.847673 -0.227062 0.081322 0.165604 -0.438714 -0.096205 -0.414379 0.041898 0.136865 -0.324149 -0.029919 0.152469 -0.057076 
1.528871 -0.494606 0.807770 -0.300250 0.143682 0.253043 -0.407193 -0.160558 -0.426874 0.007714 0.181863 -0.351159 -0.055432 0.114353 -0.138217 
1.422653 -0.351987 0.685460 -0.305213 0.074970 0.329729 -0.280347 -0.136660 -0.467866 -0.060362 0.210802 -0.278616 -0.024406 0.064069 -0.200588 
1.147935 -0.074203 0.707810 0.039746 -0.159170 0.253903 0.172233 -0.121615 -0.344471 -0.031048 -0.039457 -0.288266 0.013156 0.040650 -0.198498 
1.098318 -0.050775 0.851808 -0.014007 -0.292568 0.255560 0.132606 -0.235543 -0.250599 -0.016582 -0.196596 -0.155592 -0.077872 0.009359 -0.060564 
1.075774 -0.178425 0.913334 -0.040913 -0.305104 0.339464 0.068203 -0.280614 -0.214822 -0.059751 -0.168656 -0.155596 -0.062378 -0.001787 -0.086316 
0.932154 -0.285172 0.954978 -0.139557 -0.212086 0.328227 0.152126 -0.324740 -0.252775 -0.020659 -0.242918 -0.060491 -0.070903 -0.051425 -0.024070 
0.859302 -0.319002 0.932088 -0.122313 -0.299798 0.450896 0.150807 -0.342201 -0.242249 -0.050387 -0.220410 -0.042403 -0.051259 -0.043151 -0.023570 
0.983870 -0.351544 0.859094 -0.074952 -0.346022 0.449031 0.163747 -0.281504 -0.278982 -0.086330 -0.177826 -0.031457 -0.097452 0.044843 -0.023140 
1.084775 -0.490034 0.885493 -0.070369 -0.337180 0.439927 0.175764 -0.276152 -0.270380 -0.088604 -0.165338 0.002144 -0.093105 0.005287 0.026231 
1.550944 -0.649489 0.518926 -0.323953 -0.352469 0.344677 -0.037665 -0.182012 -0.275648 -0.065365 0.107776 0.013320 0.023408 0.090083 -0.020494 
1.698539 -0.848921 0.245052 -0.616224 -0.329722 0.250679 -0.146561 -0.077024 -0.271940 0.074378 0.380516 0.030633 0.011757 0.097333 -0.155766 
1.690686 -0.995943 0.137241 -0.625752 -0.321296 0.256204 -0.154817 0.021546 -0.197620 0.214796 0.378840 -0.045703 -0.115298 -0.033408 -0.081594 
1.597023 -1.066893 0.073036 -0.633570 -0.333961 0.295518 -0.157288 0.077336 -0.168584 0.191483 0.418202 -0.105870 -0.155352 -0.068177 -0.079163 
1.611579 -1.145505 0.036273 -0.618302 -0.339003 0.315222 -0.145023 0.082333 -0.181639 0.165941 0.414905 -0.099727 -0.128133 -0.106726 -0.048656 
1.592598 -1.206976 0.014334 -0.629418 -0.272808 0.272488 -0.087425 0.057185 -0.154470 0.139045 0.363017 -0.090855 -0.140460 -0.060003 -0.054266 
1.593980 -1.169980 -0.002723 -0.591841 -0.309476 0.328501 -0.099403 0.093847 -0.165305 0.137487 0.343195 -0.099963 -0.164932 -0.070140 -0.026919 
1.603033 -1.192447 0.044723 -0.585611 -0.273102 0.288438 -0.102443 0.095217 -0.167382 0.216653 0.285338 -0.085934 -0.209431 -0.087071 0.011789 
1.606108 -1.150103 -0.036501 -0.601602 -0.192544 0.266913 -0.061912 0.104969 -0.178458 0.146654 0.267241 -0.113990 -0.152354 -0.041361 0.008681 
1.397400 -1.024757 -0.116785 -0.589694 -0.226640 0.246661 -0.023082 0.053260 -0.159927 0.198037 0.317285 -0.129760 -0.189947 -0.077032 -0.035343 
1.393044 -1.032381 -0.106317 -0.673883 -0.219340 0.263636 -0.018789 0.093274 -0.134687 0.162392 0.365922 -0.141615 -0.266371 -0.082337 -0.052613 
1.453827 -0.953126 -0.134601 -0.571317 -0.159458 0.248190 -0.047189 0.092735 -0.138774 0.079288 0.348328 -0.190445 -0.138651 -0.013914 -0.069893 
1.028947 -1.051086 -0.327744 -0.679816 -0.077690 0.141294 0.022517 0.181752 -0.197522 0.206645 0.369838 -0.274229 -0.161868 -0.147086 -0.144287 
1.235859 -0.583578 -0.291776 -0.503709 -0.086772 0.107828 0.049141 0.144534 -0.205078 0.179286 0.247329 -0.189554 -0.124158 -0.040684 -0.046520 
0.700844 -0.133989 -0.507409 -0.482912 -0.152054 0.138173 0.051836 0.068643 -0.142996 0.219372 0.210288 -0.172000 -0.065218 -0.107814 -0.123022 
-0.100720 -0.065676 -0.263086 -0.237261 -0.095121 0.016808 0.008095 -0.042899 -0.062627 0.170342 0.020004 -0.092214 0.074262 -0.058531 -0.028883 
