city022_018
TSUKIJI
58
-0.706565 -0.359642 0.271083 -0.238161 0.243023 -0.013076 0.168981 -0.131351 0.012391 0.009990 0.032798 -0.051128 0.047070 -0.001892 -0.033124 
-0.828591 -0.665088 0.177125 -0.309512 0.296538 -0.281897 0.171191 0.036364 -0.025302 -0.075979 0.057018 0.004613 -0.014734 -0.022815 0.053877 
-0.715418 -0.450232 0.440499 -0.581426 0.161393 -0.328599 0.337050 -0.005269 -0.008830 0.052942 -0.074309 -0.032177 0.060036 -0.067262 0.041192 
-0.439697 -0.336509 0.452409 -0.442177 0.152126 -0.553526 0.148055 0.008705 -0.045821 0.135390 -0.026481 0.078209 -0.039283 0.018430 0.016499 
0.091013 -0.641792 0.484341 -0.464451 0.091898 -0.406971 -0.000827 -0.036907 0.154290 0.020140 0.008947 0.058276 -0.005535 0.015261 -0.032688 
-0.288727 -1.158667 0.628681 -0.420546 -0.154437 -0.315185 0.116845 -0.039337 0.366896 -0.134491 0.067506 -0.042156 0.005776 -0.028355 -0.105316 
0.002674 -1.106696 0.417444 -0.359249 -0.011156 -0.339530 0.093586 0.185963 0.177598 -0.121476 0.006384 -0.009194 -0.080166 0.076628 -0.102547 
-0.226263 -1.527375 0.414977 0.038371 0.111844 -0.103167 -0.091201 0.066048 0.138139 -0.075936 -0.128831 0.046465 0.158990 -0.124706 -0.028151 
0.110286 -0.849881 0.385268 0.485760 0.082884 -0.216396 -0.168303 0.076850 0.215534 -0.167141 -0.109302 0.061390 0.085688 -0.094362 0.032947 
-0.249455 0.033809 0.144766 0.084116 -0.042731 -0.008603 -0.037267 -0.104314 -0.034268 -0.101529 0.172283 -0.070178 -0.088385 0.073390 0.058849 
-0.137817 0.090798 -0.065332 -0.151205 -0.293482 -0.205197 0.061007 -0.083895 0.029276 -0.034286 0.194804 0.036584 -0.100787 0.077724 0.048500 
-0.139514 -0.056183 -0.172479 -0.157706 -0.300947 -0.291629 -0.015790 0.022280 0.123707 0.035122 0.232728 -0.043269 -0.035679 -0.006044 -0.024543 
-0.152911 -0.076396 -0.249603 -0.234416 -0.228985 -0.156453 -0.007882 -0.069352 0.025144 0.044550 0.229192 0.043007 -0.099542 0.024774 0.001618 
-0.024850 -0.011106 -0.291503 -0.153326 -0.280865 -0.025647 0.032961 -0.117589 -0.054792 0.029275 0.224543 0.011992 -0.095369 0.088863 -0.012835 
-0.119983 -0.408263 0.332192 -0.204893 -0.228741 0.087994 -0.053089 -0.129743 0.108571 -0.006971 0.027711 -0.012767 0.029154 -0.050503 0.057717 
0.084555 -1.245068 0.667080 -0.627043 -0.002944 -0.149817 -0.053390 0.054997 0.158223 0.049142 0.005834 -0.021543 -0.064513 -0.012138 0.062536 
0.279761 -0.893425 0.786654 -0.557071 -0.003040 0.079768 -0.117686 -0.066131 0.162910 -0.015482 -0.063743 0.063900 -0.013876 -0.046842 0.072505 
0.187469 -0.384681 1.549773 -0.037143 -0.233068 0.156164 -0.085274 -0.112829 -0.019058 -0.217785 0.024457 -0.064492 -0.095331 -0.049135 0.061728 
0.504272 -0.567663 1.850291 -0.042500 -0.316486 0.251052 -0.196964 -0.038691 -0.228231 -0.238086 0.069794 -0.268447 -0.102469 -0.060128 0.079371 
0.551464 -0.709050 1.912662 -0.043508 -0.295052 0.265931 -0.189213 -0.035288 -0.214760 -0.237417 0.069572 -0.297708 -0.078794 -0.075441 0.042730 
0.621505 -0.710462 1.912869 -0.056721 -0.302134 0.278261 -0.240096 -0.007590 -0.251503 -0.221275 0.053141 -0.297853 -0.083097 -0.050874 0.010675 
0.596590 -0.692185 1.895540 -0.088068 -0.260725 0.231680 -0.203074 -0.050936 -0.210763 -0.229188 0.025510 -0.247593 -0.102353 -0.061198 0.040781 
0.579432 -0.731787 1.837914 -0.179073 -0.150597 0.214129 -0.220413 -0.027094 -0.208689 -0.231265 0.058050 -0.272804 -0.094461 -0.042742 0.033995 
0.567829 -0.701897 1.872806 -0.165451 -0.137605 0.182824 -0.200111 -0.000580 -0.222747 -0.233764 0.052558 -0.234202 -0.139925 -0.045386 0.070869 
0.440195 -0.584895 1.889008 -0.108940 -0.213018 0.209653 -0.181871 0.000709 -0.229961 -0.211417 0.022325 -0.177716 -0.177380 -0.046724 0.080823 
0.477675 -0.551790 1.751580 -0.113152 -0.163178 0.117823 -0.121373 -0.038376 -0.186132 -0.188670 0.009131 -0.115810 -0.171302 -0.036991 0.104205 
0.328815 -0.376822 1.567493 -0.168009 -0.049463 0.017630 -0.024659 -0.100263 -0.151972 -0.208748 0.004552 -0.079373 -0.219848 -0.004989 0.077294 
0.257903 -0.309636 1.502546 -0.083092 -0.049726 -0.060874 0.016087 -0.089240 -0.140612 -0.215998 0.007467 -0.053077 -0.191691 -0.041749 0.078901 
0.348545 -0.170902 1.375336 -0.020099 -0.058311 -0.125258 0.033749 -0.073379 -0.131480 -0.183834 -0.027252 0.032674 -0.185396 -0.064768 0.130321 
0.420788 -0.084977 1.203551 0.017049 -0.117280 -0.157764 0.110633 -0.135716 -0.032041 -0.197364 0.014929 0.075917 -0.179251 -0.002894 0.050397 
0.428297 -0.184232 1.225294 0.004834 -0.006397 -0.159539 0.000497 -0.008044 -0.108438 -0.134501 -0.042514 0.020171 -0.013243 -0.185066 0.152864 
0.346691 -0.111091 1.170262 0.004275 0.069359 -0.270253 0.116931 -0.087996 -0.080226 -0.139436 -0.067032 0.036915 -0.047404 -0.132997 0.069154 
0.234574 -0.126913 1.260540 -0.066712 0.142984 -0.362761 0.121675 -0.032417 -0.139704 -0.114915 -0.054312 0.017593 0.014235 -0.193689 0.115494 
0.231797 -0.133828 1.392035 -0.074647 0.164153 -0.364378 0.084257 -0.022751 -0.182457 -0.113161 -0.076653 -0.039719 0.061633 -0.204045 0.066348 
0.200150 -0.110263 1.373649 -0.080201 0.104816 -0.336285 0.073082 -0.013870 -0.230412 -0.000794 -0.171990 0.065541 0.029699 -0.213792 0.145097 
0.230914 -0.261987 1.503019 -0.149394 0.132323 -0.262425 0.039834 -0.046333 -0.164646 -0.145833 -0.062720 -0.071117 0.028221 -0.193170 0.073270 
0.219655 -0.274787 1.536039 -0.169206 0.098864 -0.223276 -0.040542 0.065285 -0.269375 -0.097595 -0.050666 -0.085592 0.054408 -0.216049 0.084540 
0.336685 -0.359462 1.528207 -0.101379 -0.048266 -0.200350 0.037851 -0.053149 -0.179281 -0.129948 -0.030777 -0.013716 -0.012665 -0.192344 0.169972 
0.552551 -0.515599 1.532859 -0.051703 -0.117889 -0.052231 -0.062568 -0.022206 -0.199705 -0.171358 -0.005144 -0.068839 -0.089778 -0.112547 0.109848 
0.798948 -0.678012 1.752647 -0.071146 -0.252781 0.060324 -0.160927 -0.001805 -0.199369 -0.227836 0.093551 -0.152432 -0.026233 -0.111121 0.114372 
0.676033 -0.662580 1.779290 -0.128640 -0.220408 0.068230 -0.134709 -0.013506 -0.220402 -0.194530 0.077050 -0.171324 -0.036797 -0.110670 0.135869 
0.705983 -0.685787 1.831715 -0.095133 -0.235620 0.095053 -0.107470 -0.057662 -0.189487 -0.201549 0.058076 -0.161141 -0.084292 -0.079486 0.127738 
0.645809 -0.661142 1.911049 -0.126998 -0.230280 0.104897 -0.083650 -0.106008 -0.163775 -0.193527 0.007574 -0.117919 -0.133888 -0.048812 0.103170 
0.558255 -0.532950 1.805293 -0.090967 -0.268407 0.156921 -0.116934 -0.104089 -0.172304 -0.169232 -0.014088 -0.122200 -0.128184 -0.035148 0.079191 
0.643891 -0.595997 1.871385 -0.122041 -0.278675 0.202117 -0.164147 -0.085221 -0.180011 -0.194348 0.037605 -0.202147 -0.082112 -0.027898 0.043051 
0.535325 -0.482319 1.882592 -0.152058 -0.270044 0.183013 -0.140702 -0.089053 -0.232652 -0.140954 0.019219 -0.213422 -0.086312 0.005785 0.032526 
0.588224 -0.500138 1.918069 -0.185769 -0.258059 0.176127 -0.146251 -0.085040 -0.226106 -0.163791 0.071175 -0.254870 -0.054755 0.010849 0.033142 
0.591619 -0.553258 1.914672 -0.226553 -0.241114 0.163838 -0.123265 -0.114621 -0.186467 -0.184169 0.080185 -0.249521 -0.052905 0.001944 0.044740 
0.605034 -0.493387 1.960749 -0.188900 -0.314260 0.220759 -0.158979 -0.126012 -0.183643 -0.166716 0.067207 -0.255172 -0.007392 -0.001366 0.007424 
0.595312 -0.437820 1.864495 -0.140117 -0.321345 0.225935 -0.177013 -0.119638 -0.191754 -0.170281 0.047666 -0.247798 -0.031145 0.014095 -0.021887 
0.570487 -0.275437 1.849972 -0.138188 -0.333997 0.267225 -0.211839 -0.100827 -0.225303 -0.171336 0.073017 -0.306165 -0.001336 0.005397 -0.010825 
0.465845 -0.030077 1.785809 -0.119981 -0.256485 0.156050 -0.142485 -0.141477 -0.247168 -0.148788 0.036540 -0.259497 -0.040475 0.039853 0.018331 
0.478211 -0.017156 1.833123 -0.133586 -0.183143 0.094008 -0.106045 -0.159337 -0.240791 -0.185327 0.065936 -0.305295 -0.012927 0.025492 0.014440 
0.246637 0.191313 1.700242 -0.016192 -0.340504 0.239829 -0.171186 -0.159558 -0.244668 -0.194150 0.084254 -0.392346 0.036553 0.027323 -0.075257 
0.227361 0.115277 1.450219 0.005882 -0.244066 0.116668 -0.071836 -0.165334 -0.289587 -0.098211 -0.059717 -0.309308 -0.014374 -0.053494 -0.026744 
0.133914 0.295147 1.241632 0.080555 -0.272637 0.139289 -0.038333 -0.215165 -0.247556 -0.130773 -0.046911 -0.340165 -0.018011 -0.061191 -0.040817 
0.198314 0.274735 1.070333 0.089674 -0.307583 0.201468 0.011093 -0.261630 -0.160678 -0.097386 -0.079573 -0.233501 -0.056240 -0.036573 -0.007125 
-0.002436 0.308668 0.610888 0.012740 -0.250166 0.172143 -0.036769 -0.283733 -0.209344 -0.140272 0.024866 -0.203136 -0.074416 0.108444 -0.063631 
