city022_075
CHUUBU
54
-0.476430 -0.718326 0.387689 -0.520132 0.146380 -0.018193 -0.120561 0.210782 -0.136429 0.100621 -0.047505 -0.009869 0.033457 -0.073879 0.083110 
-0.747554 -0.517961 0.511823 -0.528471 0.184992 -0.020917 -0.123087 0.225593 -0.192643 0.138873 -0.083564 0.007070 0.067581 -0.116380 0.105197 
-1.313312 -0.309206 0.986031 -0.652695 0.414484 -0.177850 -0.124912 0.163425 -0.198700 0.191738 -0.087668 -0.096589 0.188406 -0.135629 0.031625 
-1.241336 -0.296630 0.960381 -0.877598 0.631284 -0.060834 -0.200147 0.241779 -0.297933 0.257962 -0.049360 -0.140200 0.180954 -0.112489 0.017200 
-1.283091 -0.498709 0.783172 -0.989524 0.467223 -0.099842 -0.138008 0.182714 -0.204902 0.234120 -0.063226 -0.141038 0.192148 -0.091020 -0.053032 
-0.957183 -0.340696 0.759292 -0.922952 0.533633 -0.061892 -0.107683 0.233244 -0.241290 0.091253 0.062355 -0.146044 0.147415 -0.066061 -0.037742 
-0.787667 -0.675172 0.847836 -0.832760 0.301472 -0.038505 -0.175027 0.237900 -0.133055 0.061311 0.026683 -0.138018 0.196466 -0.137982 -0.010215 
-0.786133 -0.894500 0.842489 -0.817377 0.133266 0.114140 -0.188490 0.163421 -0.064839 0.089051 -0.002814 -0.158574 0.180609 -0.051117 -0.109197 
-0.552966 -0.921209 0.822418 -0.887701 -0.068200 0.086919 -0.195076 0.316443 -0.006632 0.021607 0.067416 -0.175679 0.058773 -0.009417 -0.132652 
0.150420 -0.536123 0.981242 -0.435430 0.090796 0.050165 -0.146950 0.327963 -0.060875 -0.053596 0.069529 -0.010195 0.019636 -0.043466 -0.019984 
0.851440 -0.724685 1.377874 -0.041206 -0.097657 -0.062695 -0.413952 0.118316 -0.159417 -0.200787 -0.105982 -0.037261 0.073986 -0.030010 -0.134523 
1.212397 -0.874692 1.224265 0.115654 -0.198950 0.056585 -0.462866 0.111868 -0.083311 -0.349319 0.020872 -0.110876 0.012734 0.031034 -0.146339 
1.172445 -1.067748 1.414307 0.186657 -0.227690 0.046404 -0.457080 0.123896 -0.158464 -0.320990 -0.069757 -0.103491 -0.014297 0.009842 -0.143311 
1.199312 -0.985801 1.387260 0.185695 -0.271025 0.001648 -0.463390 0.149999 -0.180418 -0.345785 0.003148 -0.103838 -0.008811 0.059663 -0.148293 
1.302087 -1.012262 1.455400 0.119049 -0.214124 -0.061866 -0.477431 0.211450 -0.240999 -0.298240 0.007171 -0.078849 -0.002882 0.054400 -0.084861 
1.346036 -0.998246 1.376130 0.087981 -0.180505 -0.070526 -0.479904 0.199884 -0.233076 -0.283900 0.025444 -0.098996 -0.008680 0.095178 -0.110820 
1.426311 -1.025884 1.311753 0.041401 -0.151293 -0.059695 -0.497201 0.191761 -0.262563 -0.214098 0.031755 -0.160516 0.026208 0.125411 -0.121925 
1.362743 -0.917965 1.194782 0.064861 -0.170301 -0.058484 -0.494022 0.132392 -0.189283 -0.240081 0.082833 -0.192668 0.028212 0.219549 -0.189649 
1.385282 -0.929760 1.173211 0.015533 -0.113705 -0.030953 -0.538650 0.100749 -0.209613 -0.148004 0.040594 -0.217127 0.027920 0.240209 -0.139951 
1.399680 -0.916342 1.112945 -0.012437 -0.082488 -0.021176 -0.546660 0.062343 -0.207030 -0.103143 0.026265 -0.240201 0.047723 0.241045 -0.125781 
1.478741 -0.935087 1.101116 -0.078582 -0.013363 -0.059294 -0.526856 0.052142 -0.237395 -0.064005 0.017104 -0.265400 0.070325 0.228146 -0.116601 
1.452921 -0.868863 1.054134 -0.081933 0.032205 -0.055300 -0.549694 0.040444 -0.271458 0.000963 0.001838 -0.303741 0.077246 0.238748 -0.084654 
1.468119 -0.810462 1.020090 -0.114638 0.074880 -0.057469 -0.531134 0.003151 -0.285169 0.053952 -0.009194 -0.309800 0.065414 0.240663 -0.045868 
1.495074 -0.754555 0.910179 -0.085043 0.072943 -0.033192 -0.515266 -0.072141 -0.251324 0.019719 0.017358 -0.342995 0.056437 0.242371 -0.060742 
1.423735 -0.728662 0.958203 -0.148503 0.122896 -0.041372 -0.508525 -0.079863 -0.292315 0.049647 0.012935 -0.332903 0.011302 0.274603 -0.057078 
1.378550 -0.703429 0.934776 -0.183732 0.200115 -0.018852 -0.514224 -0.096501 -0.338477 0.115349 0.007644 -0.365272 0.000453 0.230305 0.013542 
1.421417 -0.663732 0.942104 -0.228945 0.224708 0.052811 -0.528898 -0.117897 -0.309561 0.127099 0.034143 -0.370686 -0.018740 0.228423 -0.001127 
1.494701 -0.695243 0.886139 -0.205205 0.185106 0.158109 -0.509566 -0.145340 -0.319156 0.074207 0.123786 -0.402570 -0.064589 0.218917 -0.039734 
1.515704 -0.560270 0.797575 -0.222028 0.210388 0.228698 -0.464994 -0.117910 -0.377724 0.064536 0.211959 -0.414533 -0.071604 0.155704 -0.081294 
1.393076 -0.369667 0.727332 -0.191384 0.183490 0.294519 -0.357996 -0.153713 -0.394778 0.033581 0.227307 -0.325838 -0.133668 0.103722 -0.103630 
1.319122 -0.265734 0.452161 -0.166782 0.117680 0.357960 -0.190821 -0.054503 -0.275801 0.045954 0.289262 -0.222813 -0.020929 0.041064 -0.113914 
1.124279 0.024014 0.348295 0.081442 -0.041555 0.304211 -0.007224 -0.057787 -0.304737 -0.088033 0.184995 -0.165066 -0.099543 0.137173 -0.191671 
1.052987 0.294353 0.267062 0.007511 0.058768 0.328557 -0.035198 -0.087336 -0.223905 -0.109861 0.184057 -0.109039 -0.108386 0.103693 -0.173027 
0.980956 0.263481 0.267330 -0.009331 0.087655 0.329040 -0.054373 -0.136820 -0.274997 0.046349 0.229775 -0.094077 -0.140772 0.139575 -0.177913 
0.795845 0.190232 0.302297 0.122002 0.137474 0.312831 0.077456 -0.143647 -0.219405 -0.013249 0.200936 -0.112027 -0.150896 0.110560 -0.144967 
0.629462 0.283109 0.367450 0.172165 0.109902 0.399291 0.155509 -0.108243 -0.200334 -0.027719 0.194786 -0.159146 -0.053360 0.086005 -0.223985 
0.674970 0.258609 0.390387 0.147137 -0.003468 0.308630 -0.021061 -0.089040 -0.143017 0.015800 0.070235 -0.159542 -0.027420 0.072633 -0.163885 
0.741736 0.031963 0.580494 -0.070330 0.158185 0.400946 0.026357 -0.086894 -0.195962 -0.064122 0.222749 -0.149470 -0.096634 0.124077 -0.211145 
0.861176 -0.053690 0.498074 0.096796 0.067770 0.441693 -0.017596 -0.140573 -0.131216 0.007227 0.241296 -0.175030 -0.086956 0.115467 -0.149985 
1.043645 -0.063844 0.495243 -0.075793 0.201720 0.396454 -0.093274 -0.079365 -0.257462 0.080026 0.271406 -0.206891 -0.048183 0.058555 -0.159879 
0.938478 -0.260078 0.408931 0.060603 0.162857 0.335759 -0.139347 -0.121466 -0.136384 0.010144 0.213139 -0.179610 -0.084735 0.039260 -0.073423 
1.217640 -0.196794 0.431886 -0.104287 0.028507 0.322980 -0.220066 -0.105259 -0.173388 0.043268 0.344386 -0.216684 -0.074535 0.145024 -0.102895 
1.400962 -0.148871 0.557474 -0.101080 0.044211 0.317257 -0.281847 -0.253833 -0.266545 0.014120 0.250011 -0.207248 -0.136270 0.137688 -0.104047 
1.345161 -0.150830 0.602473 -0.054258 0.008835 0.248296 -0.324458 -0.229333 -0.201232 0.033653 0.201828 -0.241131 -0.066813 0.158618 -0.059232 
1.280426 -0.246007 0.513352 -0.136160 0.043561 0.210327 -0.299434 -0.273772 -0.308336 0.019807 0.144233 -0.172082 -0.127723 0.112374 -0.047830 
1.258989 -0.250276 0.529737 -0.151155 0.060441 0.158489 -0.374027 -0.327812 -0.295556 0.121749 0.118262 -0.183248 -0.118791 0.166661 -0.003613 
1.218655 -0.186894 0.600458 -0.167173 0.042772 0.222731 -0.495732 -0.286582 -0.366944 0.067164 0.228376 -0.270982 -0.122948 0.230966 -0.028450 
1.349921 -0.303075 0.652871 -0.132679 -0.001891 0.215915 -0.496436 -0.292692 -0.301238 0.001082 0.232486 -0.315715 -0.091025 0.247104 -0.041597 
1.401930 -0.278212 0.581321 -0.023534 -0.040444 0.193049 -0.494806 -0.308616 -0.221008 -0.040904 0.223011 -0.304225 -0.090800 0.249521 -0.013199 
1.029537 -0.149253 0.529697 -0.044558 0.079815 0.046798 -0.498119 -0.300755 -0.271428 0.027173 0.162998 -0.406608 -0.004200 0.264930 -0.034244 
0.986976 -0.217702 0.650120 -0.090743 0.111013 0.013843 -0.509202 -0.231590 -0.273949 0.029290 0.129716 -0.415198 0.007927 0.302702 -0.093355 
0.389177 0.053820 0.326919 0.010567 0.111684 -0.051664 -0.458248 -0.296339 -0.279184 0.144704 -0.011047 -0.353602 0.093218 0.172060 0.001266 
0.054395 -0.028926 0.418228 -0.044190 0.132675 -0.130997 -0.402290 -0.289708 -0.295527 0.171633 -0.069699 -0.309440 0.136019 0.147787 -0.006946 
-0.240889 -0.240067 0.160767 0.045087 0.189697 -0.036014 -0.283527 -0.102124 -0.074792 0.288441 -0.001541 -0.331746 0.099251 0.201514 -0.079016 
