city022_083
MYAKUHAKU
79
-0.719115 0.061025 0.075015 0.063994 -0.176652 0.106656 -0.007940 -0.016237 -0.048931 0.060749 -0.066440 0.068088 -0.020580 -0.045747 0.062522 
-0.510865 0.099210 0.033774 0.095363 -0.034907 -0.055738 -0.103643 -0.026731 -0.007521 0.059017 -0.086475 0.074600 -0.060456 0.079065 -0.071385 
-0.031631 0.549654 0.391473 0.267858 0.132841 0.315821 0.068799 -0.002307 -0.089111 0.073975 -0.015406 0.036781 -0.101113 0.019761 -0.031816 
-0.022579 0.564390 0.229423 0.405576 0.140876 0.151336 -0.077291 0.114725 0.068118 -0.011962 -0.037224 0.069046 -0.016610 0.007153 -0.035728 
-0.062482 0.301953 0.128205 0.363573 0.163159 0.299968 -0.058340 0.011696 0.000702 0.116606 -0.006457 0.038456 0.001635 -0.033878 0.011641 
0.709432 0.406510 0.341495 0.405712 -0.030871 -0.055403 -0.064375 0.021086 -0.264513 -0.110182 -0.129141 0.048330 -0.280516 0.023400 0.007659 
1.069662 0.380935 0.391989 0.347492 -0.169740 0.082796 -0.142236 0.076147 -0.204811 -0.290419 -0.029811 -0.058324 -0.252235 0.016711 -0.057019 
1.131826 0.392150 0.426094 0.234253 -0.162190 0.008386 -0.197470 0.165627 -0.248262 -0.273211 -0.030891 -0.027812 -0.231705 -0.019561 0.039108 
1.014659 -0.210069 1.018694 0.360152 -0.476290 0.127469 -0.253673 -0.003333 -0.166724 -0.285065 0.020469 -0.003470 -0.215868 0.085092 -0.049169 
0.966894 -0.416889 1.386204 0.018968 -0.530776 0.336179 -0.554709 0.108016 -0.092819 -0.349525 0.112700 0.002442 -0.114931 0.087692 -0.035171 
0.949699 -0.480730 1.323064 -0.214701 -0.384922 0.236458 -0.607845 0.260677 -0.100045 -0.357950 0.156952 0.083479 -0.129777 0.034014 0.032646 
1.067281 -0.767092 1.205257 -0.184885 -0.488747 0.121738 -0.500535 0.185482 -0.072111 -0.267508 0.137925 0.118111 -0.053295 0.053874 -0.022119 
1.213494 -0.975214 1.120417 -0.147431 -0.520717 0.001372 -0.486659 0.259071 -0.100899 -0.098115 0.146360 0.097218 0.064631 0.035017 -0.079372 
1.347532 -1.142680 0.893590 -0.114754 -0.452176 -0.150295 -0.474219 0.395632 -0.152669 -0.019217 0.184372 0.033663 0.103621 0.068408 -0.148675 
1.454414 -1.143747 0.602700 -0.075749 -0.339374 -0.305719 -0.467272 0.472347 -0.127059 0.046541 0.205709 -0.007999 0.082448 0.101172 -0.172825 
1.527524 -1.088940 0.302390 -0.099700 -0.136723 -0.475477 -0.388010 0.383037 -0.038142 0.073581 0.161737 0.056359 -0.010799 0.117717 -0.145009 
1.616724 -0.973870 0.180108 -0.149315 0.034981 -0.383612 -0.548300 0.344567 -0.031679 0.161814 0.036864 0.083151 0.000296 0.139594 -0.087217 
1.769945 -0.984261 0.130447 -0.130536 0.196109 -0.412978 -0.496250 0.313116 -0.222136 0.230432 -0.046495 0.083846 0.003038 0.103392 0.051582 
1.706690 -0.648305 -0.030556 -0.016186 0.334737 -0.469208 -0.354456 0.168673 -0.305477 0.247745 -0.118620 0.061589 -0.041041 0.127465 0.083953 
1.138733 -0.365419 0.006043 0.159079 0.291230 -0.230764 -0.326256 0.041037 -0.188966 0.166714 -0.121006 0.035888 -0.133894 0.130112 0.072099 
0.214721 0.083119 0.045213 0.348234 0.042364 -0.010411 -0.278244 -0.093795 -0.060983 0.039850 -0.145864 -0.015692 -0.038817 0.040260 0.015872 
0.128631 0.225624 -0.079158 0.225482 0.027474 -0.035301 -0.259731 0.083234 0.083599 0.083612 -0.171067 0.010847 0.090708 0.016527 -0.071353 
0.001763 -0.482936 -0.400639 0.397887 -0.120054 -0.196063 -0.156836 -0.024344 0.030819 0.108880 0.006249 0.001347 -0.037679 0.052691 0.012024 
0.076358 -1.381535 -0.657855 0.550702 0.082772 -0.030150 -0.050498 -0.004558 -0.093294 0.083535 0.082685 -0.014605 -0.148411 0.096018 0.001733 
-0.266482 -0.146585 -0.075833 0.203579 -0.217648 -0.234778 -0.246467 0.066475 -0.014857 0.030126 0.040079 0.070865 -0.028775 0.112867 -0.041677 
-0.240232 0.006383 -0.143445 0.210243 -0.213635 -0.202006 -0.248260 -0.048016 0.071096 -0.002519 -0.007745 0.094157 0.028213 0.066049 -0.053867 
1.011201 -1.283725 -0.613218 -0.324538 0.134919 0.102078 0.153342 0.098602 -0.222123 0.113535 -0.077959 0.095328 -0.123796 0.059418 -0.095399 
1.020798 -1.093542 -0.557927 -0.292082 0.095738 -0.104125 0.053180 0.031812 -0.097167 0.284785 -0.065325 0.144867 -0.190977 -0.078062 -0.115356 
0.951130 -0.669719 -0.213387 -0.234421 0.120525 -0.136221 -0.215732 -0.036442 0.040659 0.239337 -0.175128 0.198072 -0.158675 0.132247 -0.057739 
0.861194 -0.533588 -0.060428 -0.120664 0.240614 -0.156280 -0.342979 -0.043912 -0.127443 0.129998 -0.066694 0.201207 -0.126820 0.044813 0.043772 
0.793121 -0.620830 0.220789 0.269039 0.326665 0.018416 -0.346162 -0.069148 -0.048577 0.120167 -0.132711 0.079404 -0.246110 0.069498 0.112427 
1.081499 -0.605970 0.133902 0.046028 0.251821 0.026320 -0.176765 -0.063154 -0.086205 0.239594 -0.193876 0.067741 -0.067112 0.049521 -0.021230 
1.035950 -0.557573 0.280162 0.125974 0.302616 0.054768 -0.286988 -0.114601 -0.037813 0.238742 -0.222186 -0.000023 -0.094227 0.090691 0.024012 
1.274162 -0.481948 0.190290 -0.080134 0.183832 0.080022 -0.012353 -0.055590 -0.262413 0.194291 -0.129093 0.130467 -0.058601 -0.070496 0.040288 
1.423563 -0.397160 0.110699 -0.317509 0.231294 -0.118744 -0.231113 0.063331 -0.354479 0.305147 -0.241962 -0.077935 0.203728 -0.012040 -0.031332 
1.093714 -0.477487 0.268757 -0.279210 0.073975 -0.164306 -0.260862 -0.064336 -0.214685 0.419176 -0.150687 -0.054645 0.142394 0.040637 -0.057248 
1.210492 -0.517037 0.277805 -0.063397 0.188017 -0.097953 -0.139816 0.008320 -0.133161 0.389072 -0.304923 -0.064341 0.184223 -0.052547 -0.039503 
1.226364 -0.711579 0.190879 -0.232664 0.224807 0.113886 -0.262414 0.077638 -0.071882 0.323463 -0.213534 -0.068817 0.128712 -0.093309 0.101907 
1.347970 -0.414468 -0.101600 -0.297876 0.202661 -0.116224 -0.146598 0.172071 -0.069638 0.270394 -0.103880 -0.071708 -0.025222 0.045029 -0.022137 
1.768811 -0.680711 -0.257430 -0.443965 0.058591 -0.131688 -0.106845 0.175802 -0.194482 0.290767 -0.054373 -0.096172 0.058294 0.028776 -0.036760 
1.513403 -1.293013 0.268149 -0.688442 -0.037163 -0.037976 -0.186056 0.178738 -0.249533 0.297798 0.094307 0.139664 -0.085661 -0.150436 0.054845 
1.317947 -1.236150 0.216548 -0.711031 -0.043449 -0.052527 -0.152021 0.064174 -0.119989 0.181565 0.210599 0.146220 -0.093637 -0.111432 -0.078486 
1.440576 -1.132781 0.206795 -0.704116 -0.099830 0.047922 -0.218718 -0.008501 -0.083448 0.165163 0.236532 0.115809 -0.051881 -0.055618 -0.121208 
1.536222 -0.997341 0.199436 -0.697432 -0.046218 0.080569 -0.310202 -0.069991 -0.073049 0.159859 0.241180 0.105742 -0.029218 -0.020300 -0.105993 
1.594252 -0.940674 0.219180 -0.631697 0.024264 0.032064 -0.376136 -0.052662 -0.197057 0.183184 0.145241 0.163776 0.046712 -0.038475 -0.015721 
1.872777 -0.767426 0.139979 -0.405717 0.083571 -0.033553 -0.378584 0.000050 -0.337072 0.196517 0.064761 0.202685 -0.038483 -0.029413 0.082247 
1.919952 -0.335769 -0.254485 -0.057961 0.150795 -0.125741 -0.226228 -0.028150 -0.433302 0.049090 0.096973 0.151627 -0.132135 0.029498 0.024484 
1.361686 0.302004 -0.463910 0.050526 0.184966 0.195319 -0.085028 -0.075991 -0.324776 0.006399 0.072778 0.096520 -0.035477 -0.101244 -0.060822 
0.802990 0.183861 -0.264537 0.290892 0.094616 0.097681 -0.093626 -0.138836 -0.316641 -0.026301 0.083445 0.025281 -0.151644 -0.036030 -0.039767 
0.653442 0.133428 -0.401846 0.071986 -0.008185 0.053363 -0.147297 -0.123888 -0.238921 0.078876 0.080717 0.000836 0.001154 0.008818 -0.057670 
0.334247 0.120201 -0.323931 -0.125307 -0.061965 0.075807 -0.141882 -0.053575 -0.230132 0.014435 0.004017 0.197404 -0.021626 -0.038526 0.029341 
0.126802 0.048219 -0.394406 0.091834 0.063812 0.026740 -0.266572 -0.245712 -0.138493 -0.015922 0.121422 0.157723 -0.090207 -0.121855 0.074838 
0.121144 -0.131226 -0.417656 0.007267 -0.076343 0.032285 -0.224542 -0.091773 -0.155196 -0.035639 0.234743 0.159193 -0.098859 -0.044213 -0.041636 
0.091227 0.024840 -0.324375 -0.147242 -0.210224 -0.054639 -0.201876 -0.175984 -0.087177 0.150292 0.195689 0.132002 -0.074789 0.082544 -0.037443 
0.075634 0.111356 -0.338456 -0.080999 -0.011996 0.037546 -0.293007 -0.226139 0.045565 0.202902 -0.043888 0.095603 -0.062602 0.007609 0.097577 
0.360431 -0.715490 -0.665470 0.008000 0.008599 0.106420 -0.092986 0.027260 -0.038227 0.141505 -0.075910 0.048736 -0.056511 -0.018520 0.003220 
0.849923 -1.218833 -0.542417 -0.161977 0.213496 0.063915 -0.068099 0.002496 -0.032821 0.219336 -0.188016 0.107552 -0.167171 0.082667 0.023558 
0.890292 -1.006999 -0.463881 -0.247718 0.191389 -0.133870 -0.144701 0.136376 0.106919 0.293432 -0.292009 0.007790 -0.157406 0.170885 -0.021467 
1.232887 -0.201811 0.085300 0.280357 0.103620 -0.154668 -0.340906 -0.052266 -0.176149 -0.004301 0.010545 -0.019499 -0.186888 0.187043 0.045596 
1.601964 -0.363335 0.168988 0.327290 0.027459 -0.094072 -0.402616 -0.023710 -0.300296 -0.034937 0.077610 -0.198939 -0.146551 0.170210 0.152151 
1.738145 -0.459553 0.290030 0.188669 0.008234 -0.075099 -0.368106 -0.019291 -0.389118 -0.024839 0.094252 -0.156449 -0.175333 0.193633 0.075942 
1.815976 -0.542062 0.298709 0.124748 0.010183 -0.085071 -0.417980 0.073123 -0.455023 0.006241 0.067883 -0.176352 -0.129808 0.203439 0.079390 
1.731164 -0.547915 0.376182 0.129672 -0.044685 -0.054414 -0.437516 0.079688 -0.472538 0.013541 0.086283 -0.172869 -0.105953 0.181227 0.091050 
1.756151 -0.576838 0.371103 0.112093 0.033662 -0.090375 -0.463498 0.051392 -0.447685 0.045855 0.051673 -0.203777 -0.109622 0.232146 0.073256 
1.736864 -0.592402 0.371886 0.127782 0.038712 -0.121907 -0.446369 0.021379 -0.410408 0.054551 0.026627 -0.207841 -0.103270 0.261020 0.066835 
1.731482 -0.542370 0.333185 0.167507 0.030216 -0.138682 -0.437950 0.010343 -0.391685 0.067401 -0.007218 -0.236473 -0.064444 0.258645 0.062361 
1.727927 -0.503618 0.330835 0.199384 0.019400 -0.104458 -0.454777 -0.035286 -0.353140 0.064145 0.011963 -0.272480 -0.068291 0.266490 0.087971 
1.685954 -0.368878 0.311519 0.202805 0.011221 -0.111225 -0.479730 -0.001663 -0.369981 0.105140 0.005730 -0.328318 0.010146 0.251439 0.059726 
1.638625 -0.294279 0.270855 0.233517 -0.006852 -0.156114 -0.414140 -0.046194 -0.324820 0.083375 -0.024940 -0.280320 -0.006609 0.253591 0.053243 
1.675435 -0.230602 0.290921 0.225532 -0.027914 -0.146929 -0.447874 -0.011404 -0.338329 0.081640 -0.044350 -0.277686 0.028957 0.224376 0.030319 
1.524775 -0.159763 0.327984 0.194095 0.021474 -0.212884 -0.384957 -0.090018 -0.292208 0.041885 -0.058478 -0.209924 -0.024200 0.277105 -0.063587 
1.469820 -0.264800 0.441586 0.143061 -0.072338 -0.111037 -0.401774 -0.028816 -0.386125 -0.002525 -0.018241 -0.201591 -0.030781 0.235106 -0.083832 
1.294923 -0.307625 0.353571 0.209143 0.020287 -0.093511 -0.431456 -0.062372 -0.395180 0.038703 0.014188 -0.312521 -0.014903 0.233691 -0.058583 
1.293267 -0.128057 0.361950 0.314678 0.059610 -0.167222 -0.452973 -0.083985 -0.305329 0.130263 -0.057312 -0.342092 0.015459 0.349044 -0.098039 
1.261791 -0.116295 0.140901 0.401650 0.034647 -0.189456 -0.394446 -0.105992 -0.334334 0.097199 -0.009779 -0.361277 -0.000812 0.306172 -0.045034 
0.475800 0.149621 -0.032295 0.459266 -0.114043 -0.220989 -0.342230 -0.258821 -0.293366 0.103793 -0.030966 -0.286060 0.075978 0.258509 0.026986 
1.090019 0.068882 0.120166 0.400529 -0.013446 -0.158818 -0.441434 -0.087256 -0.180403 0.131718 -0.154571 -0.290883 0.196729 0.159561 -0.100022 
0.587736 0.438097 0.031187 0.284901 0.062199 -0.216907 -0.577629 -0.190862 -0.083643 0.029011 -0.225567 -0.166984 0.178581 0.188636 -0.040998 
-0.062083 0.259985 0.056666 0.138819 -0.064346 -0.079285 -0.351768 -0.252873 -0.149811 -0.010972 -0.085759 0.037122 -0.031022 0.068688 0.100405 
