city022_067
POPURA
47
-0.387877 0.068604 -0.133589 0.152828 -0.094187 0.016567 -0.064025 0.095874 -0.083943 -0.022201 -0.013923 0.093486 -0.035073 -0.075968 0.092124 
0.707719 -0.336391 -0.052556 0.035497 -0.167184 0.178077 -0.207164 -0.094368 -0.074818 0.065909 0.032501 0.014311 -0.025418 0.045661 -0.074358 
1.457834 0.520214 -0.050929 -0.127557 -0.138403 0.204817 -0.155245 -0.056130 -0.045116 0.027327 0.029738 -0.049415 -0.002749 0.070121 -0.120754 
2.085582 0.326718 0.408647 -0.622846 -0.652970 0.257283 -0.266551 0.226258 -0.046794 -0.042036 0.065157 -0.211715 0.010046 0.114787 -0.088193 
1.973034 -0.287878 0.161785 -0.415964 -0.192711 -0.211988 -0.286601 0.172901 -0.082840 -0.034847 -0.141531 0.037889 -0.013274 0.135982 0.005736 
2.035239 -0.388991 0.104645 -0.351953 -0.093420 -0.229312 -0.340509 0.110230 -0.212368 0.052183 -0.145357 0.019023 0.140175 0.120605 0.006376 
1.955315 -0.385061 0.122732 -0.375327 -0.078313 -0.201475 -0.381646 0.119786 -0.216234 0.003637 -0.111448 -0.005334 0.175330 0.128998 -0.015381 
1.881701 -0.438213 0.220156 -0.448848 -0.023151 -0.071954 -0.461832 0.032916 -0.231063 0.012768 -0.124837 0.010327 0.150207 0.161251 -0.022490 
1.834060 -0.463238 0.298320 -0.469937 -0.125688 -0.065629 -0.364641 0.006943 -0.208031 -0.030934 -0.135487 0.010184 0.127558 0.193638 -0.039835 
2.037107 0.022920 0.309058 -0.516323 -0.475023 0.102834 -0.259724 0.079228 -0.110258 -0.039064 -0.125997 -0.140186 0.000963 0.097871 -0.032867 
1.779476 0.695123 0.283737 -0.175755 -0.237799 0.318194 -0.068472 0.109868 -0.069594 -0.125532 -0.085688 -0.157751 -0.092768 0.047104 -0.077417 
0.720895 0.820909 0.229318 0.065118 -0.103326 0.077753 -0.009631 0.185804 -0.026802 -0.016098 0.020256 0.005663 -0.076701 0.051081 -0.031719 
0.530552 0.499097 0.152179 0.080429 -0.143333 0.002506 -0.175567 0.011832 0.018495 -0.069454 -0.131557 0.100453 -0.022951 -0.022927 -0.012227 
1.275022 0.415927 -0.246869 0.085887 -0.050011 0.074347 -0.127626 -0.012415 -0.041854 -0.055901 -0.204779 0.013144 0.004131 0.016153 -0.033126 
1.887027 -0.237408 -0.240138 -0.147671 -0.260399 0.015714 -0.262158 0.123029 -0.045135 -0.018657 -0.088438 0.050513 0.077815 0.024044 0.013034 
1.750288 -0.747500 -0.055022 -0.273598 -0.347088 0.059308 -0.298447 0.042300 -0.072451 0.120287 -0.053269 0.118200 0.080386 0.074091 0.028202 
1.731328 -0.571488 -0.005804 -0.056631 -0.299273 0.106451 -0.114244 0.173753 -0.092054 -0.079130 -0.207868 -0.004398 0.134063 0.055465 -0.036843 
1.853884 -0.591848 -0.001246 -0.179235 -0.311677 -0.101272 -0.248827 0.133482 -0.052393 -0.007589 -0.039219 0.074581 0.062084 0.075927 -0.028826 
2.047846 -0.405088 0.218280 -0.205095 -0.124074 0.101730 -0.260238 0.110431 -0.170024 0.120178 -0.000535 0.093349 -0.035204 0.041988 -0.051073 
1.837938 -0.277150 0.032680 -0.201489 -0.200374 0.075455 -0.277144 0.054725 -0.077034 0.036943 -0.098154 0.043778 0.054050 0.054032 -0.071561 
1.777819 -0.168241 0.203494 -0.004939 0.009316 0.183309 -0.261324 -0.171103 -0.174491 -0.020153 0.017757 -0.005307 -0.142850 0.091684 -0.041372 
1.917939 0.013654 0.390477 -0.135462 -0.063321 0.126439 -0.145895 0.136553 -0.259524 -0.023337 -0.045375 -0.123522 -0.073991 0.104721 -0.115556 
1.849919 -0.186630 0.442853 0.010561 -0.089597 0.248926 -0.288962 -0.097776 -0.349314 0.033274 0.111613 -0.232399 -0.041239 0.097326 -0.048638 
1.629396 -0.327878 0.410131 -0.141717 -0.070558 0.358448 -0.342517 -0.162974 -0.469141 -0.034168 0.220516 -0.200083 -0.066867 0.102231 -0.172213 
1.691943 -0.363454 0.578452 -0.194969 -0.022735 0.339779 -0.445971 -0.145921 -0.498932 0.061773 0.190629 -0.222685 -0.086738 0.131381 -0.137008 
1.630626 -0.442210 0.542667 -0.154078 0.011064 0.302912 -0.449557 -0.151995 -0.448027 0.080752 0.213266 -0.238540 -0.121603 0.159157 -0.103228 
1.463211 -0.604647 0.623516 -0.087398 -0.109243 0.294442 -0.514808 -0.173520 -0.346870 0.050167 0.146294 -0.193822 -0.131350 0.218495 -0.039143 
1.553479 -0.752607 0.530767 0.216669 -0.230758 0.247930 -0.411903 -0.263477 -0.248853 0.038741 0.100033 -0.182680 -0.195958 0.266879 -0.001276 
1.771051 -0.758144 0.230106 0.496117 -0.326569 0.132565 -0.243990 -0.326110 -0.299432 0.074933 0.058298 -0.148349 -0.140806 0.205271 -0.091826 
1.753099 -0.758520 0.240270 0.426632 -0.381621 0.128858 -0.254254 -0.382081 -0.262752 0.076750 0.004705 -0.120889 -0.037294 0.128511 -0.015379 
1.829261 -0.834676 0.344014 0.305303 -0.416261 0.173548 -0.312205 -0.378276 -0.259643 0.079395 0.063118 -0.041899 -0.071460 0.130830 0.025515 
1.821423 -0.849555 0.419591 0.071418 -0.430877 0.311269 -0.473727 -0.323027 -0.146061 0.039204 0.199705 0.029512 -0.137539 0.182296 0.056453 
1.542447 -0.724147 0.372695 -0.380037 -0.184554 0.080240 -0.424129 -0.165743 -0.187885 0.162909 0.290109 0.140728 -0.160752 0.169776 0.078942 
1.568796 -0.860774 0.360623 -0.452841 -0.251310 0.127992 -0.462054 -0.073671 -0.181877 0.216491 0.383339 0.136027 -0.234533 0.211059 -0.006055 
1.463219 -0.893154 0.194437 -0.534577 -0.204613 0.108095 -0.383755 0.056927 -0.176021 0.282071 0.384463 0.084413 -0.253945 0.036620 0.018727 
1.441306 -0.960416 0.075944 -0.503712 -0.313656 0.148281 -0.252954 -0.018214 -0.098975 0.227474 0.447711 0.095946 -0.326264 0.000442 -0.031847 
1.531064 -1.008964 0.007961 -0.521645 -0.330455 0.102690 -0.080830 -0.056414 -0.120731 0.303262 0.294603 0.173747 -0.318291 -0.084027 -0.010387 
1.556326 -1.169411 0.004890 -0.470883 -0.442041 0.285096 -0.176654 0.031322 -0.112995 0.214865 0.339282 0.046719 -0.252806 -0.040611 -0.100097 
1.563588 -0.964992 -0.099919 -0.500175 -0.428815 0.305842 -0.129104 0.077130 -0.112907 0.233983 0.273026 -0.004055 -0.210686 -0.104428 -0.095143 
1.316824 -0.512075 -0.321796 -0.388688 -0.436272 0.232589 -0.019118 -0.018199 -0.110595 0.296610 0.333248 0.016628 -0.274060 -0.135047 -0.130149 
1.473293 -0.892554 -0.148689 -0.462994 -0.522569 0.357648 -0.147337 0.058592 -0.084293 0.222317 0.314120 -0.054666 -0.156075 -0.108619 -0.130021 
0.879000 -0.705506 -0.314382 -0.546423 -0.345072 0.294599 -0.070621 0.116198 -0.155715 0.319463 0.234736 -0.199406 -0.084941 -0.150858 -0.168783 
0.934050 -0.610895 -0.387186 -0.269011 -0.369878 0.206249 -0.047019 0.031836 -0.121541 0.203939 0.191490 -0.080880 -0.069357 -0.034170 -0.101417 
1.245286 -0.932396 -0.288371 -0.439709 -0.444452 0.265290 -0.053893 0.069796 -0.134030 0.253070 0.324175 -0.095291 -0.169952 -0.103219 -0.144902 
0.737773 -0.036173 -0.682722 -0.414442 -0.353481 0.160507 0.078807 -0.075782 -0.011462 0.301628 0.187779 0.017409 -0.247004 -0.097447 -0.235174 
0.054442 -0.070653 -0.458117 -0.300049 -0.434781 -0.094010 0.026441 0.136783 0.010231 0.210471 0.121225 0.035668 -0.170298 -0.032827 -0.102028 
-0.305440 0.096821 -0.309344 -0.247854 -0.162729 0.152835 -0.172957 -0.131432 -0.187476 0.085874 0.255361 0.062443 -0.062634 0.016370 -0.089853 
