city022_096
BYURETTO
70
0.017098 0.397038 0.137616 0.107275 0.113139 0.175730 -0.077167 -0.122583 -0.164480 0.012984 0.046595 -0.084005 -0.066507 0.010080 -0.051279 
0.276431 0.551450 0.449159 0.336680 0.002226 -0.003420 -0.000208 -0.033323 -0.132365 -0.066045 -0.058983 -0.082760 -0.074792 -0.034202 -0.022351 
0.256895 0.431504 0.404678 0.377056 0.110623 0.145322 -0.171798 -0.168898 -0.029817 -0.022334 -0.186205 -0.145870 -0.071135 -0.047518 -0.047964 
0.162612 0.296560 0.358029 0.391997 0.126266 -0.011757 -0.026252 -0.162288 -0.148796 -0.064948 -0.086296 -0.161847 -0.094244 -0.082939 -0.002642 
0.326872 0.315884 0.294365 0.372972 0.068299 0.143585 -0.168003 -0.130614 -0.116606 -0.116349 -0.099181 -0.129996 -0.088683 -0.101177 -0.041706 
1.069004 -0.267947 0.907425 0.326250 -0.133912 0.026945 -0.198432 0.018237 -0.126332 -0.134624 -0.075442 -0.076780 -0.025324 -0.065600 -0.007003 
0.866283 -0.476418 1.701336 0.056287 -0.365493 0.256961 -0.213994 0.026077 -0.081397 -0.193921 0.050675 -0.022111 -0.084485 0.006887 -0.029140 
0.745885 -0.529565 1.677487 -0.041820 -0.250373 0.205921 -0.302295 0.085768 -0.143697 -0.355594 0.074674 -0.062275 -0.208648 -0.024878 0.002891 
0.817485 -0.724530 1.653709 -0.006225 -0.295771 0.221453 -0.311334 0.078645 -0.202360 -0.349563 0.070885 -0.106057 -0.228631 -0.000120 -0.021502 
0.778460 -0.843120 1.771131 0.027176 -0.303548 0.162812 -0.309940 0.131594 -0.332625 -0.258201 0.029722 -0.160264 -0.162472 -0.038905 -0.027887 
0.924681 -0.935783 1.579179 0.038908 -0.211064 -0.027799 -0.198145 0.080691 -0.351327 -0.220857 0.041485 -0.164409 -0.133766 -0.003265 -0.026341 
1.028893 -0.943207 1.324316 -0.058017 -0.030923 -0.116886 -0.184853 0.043726 -0.367920 -0.098424 0.000916 -0.189239 -0.050946 0.042733 -0.054184 
1.134998 -0.903612 1.310368 -0.093535 -0.008005 -0.190006 -0.195340 0.070774 -0.370385 -0.086712 0.000451 -0.190472 0.009472 0.031026 -0.040916 
1.224724 -0.858495 1.233017 -0.054542 0.018500 -0.199248 -0.312790 0.084298 -0.286943 -0.083103 -0.023397 -0.209921 0.094936 0.072146 -0.096409 
1.375060 -0.901912 1.199686 -0.079844 0.070815 -0.100913 -0.520910 0.127956 -0.288255 0.049588 -0.085683 -0.259369 0.130237 0.154744 -0.082808 
1.420287 -0.999692 1.154938 -0.088251 -0.048038 0.130895 -0.493549 -0.076353 -0.206443 0.015920 -0.028361 -0.213730 -0.040878 0.165657 0.088144 
1.670788 -1.084249 0.702677 0.419125 -0.279923 0.163625 -0.297896 -0.316373 -0.105443 -0.038816 0.026989 -0.240409 -0.100547 0.143464 0.063166 
1.837988 -1.012605 0.486904 0.545245 -0.264287 -0.002658 -0.218976 -0.306501 -0.209169 -0.023878 0.098895 -0.204570 -0.144053 0.143640 0.021309 
1.777638 -1.037919 0.676875 0.338679 -0.251808 0.008711 -0.256174 -0.306935 -0.203440 0.045307 -0.012034 -0.126629 -0.104677 0.140571 0.075328 
1.668679 -1.073485 0.883207 0.047403 -0.166394 0.019598 -0.393958 -0.181206 -0.243702 0.080528 -0.041097 -0.144694 0.017118 0.105691 0.109249 
1.519337 -1.036349 0.966132 -0.207317 -0.085776 -0.047487 -0.448784 -0.162676 -0.199090 0.094984 -0.030847 -0.087002 0.049058 0.136692 0.157951 
1.250575 -0.862281 0.926577 -0.259064 -0.015875 -0.132878 -0.509256 -0.108802 -0.151817 0.026900 0.081657 -0.180662 0.126023 0.226239 0.039234 
1.292859 -0.992796 1.056118 -0.276828 -0.071754 -0.254168 -0.514079 0.089489 -0.108437 0.056494 0.084261 -0.133874 0.233379 0.205101 -0.099883 
1.200966 -0.957423 0.938471 -0.303921 -0.065566 -0.347205 -0.491944 0.063632 -0.072888 0.110776 0.067037 -0.085430 0.274057 0.189018 -0.114294 
1.083623 -0.988661 0.880399 -0.313631 -0.071917 -0.435093 -0.394852 -0.051087 -0.035883 0.038804 0.039007 -0.005174 0.311245 0.130650 -0.121568 
1.105731 -1.051456 0.964931 -0.229673 -0.097447 -0.509344 -0.325124 -0.007543 -0.044899 0.003618 -0.000479 0.055133 0.276743 0.119573 -0.125856 
1.163548 -1.198517 0.940107 -0.216403 -0.106348 -0.382541 -0.384195 0.084633 -0.139412 0.034547 -0.046938 0.046585 0.258285 0.054906 -0.086437 
1.238390 -1.225678 0.900496 -0.222300 -0.104917 -0.370934 -0.347414 0.081351 -0.201055 0.086618 -0.098807 0.099364 0.227630 0.008049 -0.010087 
1.401046 -1.133570 0.927870 -0.075735 -0.184221 -0.276061 -0.399214 0.093089 -0.178073 0.112629 -0.110968 0.007591 0.229546 0.053255 -0.056111 
1.377527 -0.937579 0.863374 0.021132 -0.094795 -0.280157 -0.388693 0.014955 -0.244200 0.132786 -0.200790 -0.046277 0.213265 0.060874 -0.002796 
1.084020 -0.633339 0.715330 0.071160 -0.026294 -0.467161 -0.234666 -0.024687 -0.234542 0.174074 -0.290548 0.049163 0.270607 -0.087801 0.074632 
0.693171 0.022480 0.273763 0.277451 -0.151770 -0.182152 -0.139634 0.040591 0.146150 0.014159 -0.006691 0.044195 0.081173 0.019992 -0.035596 
0.295664 0.070803 0.328121 0.270114 -0.183028 -0.139285 -0.073529 0.051918 0.027168 0.077217 0.052843 -0.120524 0.128883 0.093424 -0.154343 
0.072933 -0.114775 0.168227 0.212996 -0.274777 -0.426846 -0.163398 -0.067948 -0.010507 0.087453 0.025735 -0.032961 0.192981 0.141871 -0.145648 
-0.037812 -0.016877 0.106704 0.228053 -0.221123 -0.317854 -0.083532 0.007698 -0.145407 0.106801 -0.001807 -0.048192 0.142229 0.006992 -0.048689 
-0.194725 -0.186487 0.094132 0.277901 -0.225550 -0.392388 -0.217960 -0.089232 -0.001987 0.028267 0.001474 0.006387 0.169037 0.073910 -0.035843 
-0.173784 -0.123819 0.243458 0.233808 -0.147387 -0.158962 -0.260194 -0.162297 -0.037288 0.008201 0.026386 -0.137087 0.055135 0.194198 -0.059639 
-0.083182 -0.166214 -0.094713 0.110107 -0.178849 -0.307903 -0.299936 0.029551 0.051147 -0.029587 0.136456 0.058696 0.052062 0.033357 0.022656 
-0.348779 -0.170949 -0.029391 0.305432 -0.221000 -0.070421 -0.142318 -0.038661 0.076696 -0.047872 0.082054 -0.104935 0.063796 0.042938 -0.016332 
-0.265083 0.006819 0.064530 0.139266 -0.014785 -0.076298 -0.183372 0.053443 -0.056387 -0.079673 0.104373 -0.026504 -0.057495 0.058207 0.001488 
-0.273430 -0.049474 -0.033651 -0.021880 -0.046374 -0.028815 -0.185821 -0.020183 0.122472 -0.003165 -0.022209 -0.015974 0.041783 0.010076 -0.038406 
-0.355076 0.145488 0.033832 0.090504 -0.028523 -0.061194 -0.312019 -0.138686 -0.014281 0.098470 -0.015493 -0.109735 0.062970 0.123083 -0.050863 
-0.424955 -0.001474 0.161655 0.091206 -0.238063 -0.296180 -0.270848 -0.035906 -0.026984 0.055472 0.028389 0.016137 0.142544 0.097750 -0.086465 
-0.240309 0.121897 0.033512 0.038602 -0.056586 0.068412 -0.222590 -0.105034 -0.054103 0.077012 0.031488 -0.068247 -0.028152 0.116347 -0.075606 
-0.329275 -0.112564 0.125353 0.026984 -0.116013 0.003683 -0.128356 -0.122066 -0.113524 0.156926 0.024305 -0.071020 -0.013088 0.088968 -0.016086 
-0.488865 -0.090531 0.073858 0.166534 -0.087711 0.038233 -0.008102 -0.078910 -0.031734 0.026397 0.043610 -0.026455 -0.038818 0.009173 0.062861 
-0.464182 -0.009418 -0.052588 0.052082 -0.044821 -0.157118 -0.148085 0.004406 0.036610 0.091155 -0.055817 -0.038017 0.086414 0.006532 -0.044041 
-0.343956 0.013455 -0.002786 0.046747 -0.030056 -0.114436 -0.112741 -0.002846 -0.082601 0.013758 0.083646 -0.036848 -0.016610 0.025981 0.029966 
-0.429381 -0.153763 -0.007366 0.126115 -0.013223 -0.027534 -0.076098 0.010227 -0.009526 0.042317 0.029533 -0.075860 -0.024999 0.124243 -0.088930 
-0.351831 0.032653 -0.014167 0.116311 -0.022283 -0.115562 -0.144994 0.009481 0.010880 0.021033 -0.021863 -0.005247 0.010114 0.040166 -0.037039 
-0.279468 0.010014 0.017969 -0.033352 0.002293 0.021934 -0.142915 -0.101442 -0.011223 0.020071 0.064541 -0.035086 -0.037994 0.047170 0.008169 
-0.424128 -0.029548 0.021186 0.019464 0.093491 0.085848 -0.062650 0.068234 -0.069056 -0.030862 0.076773 0.006605 -0.063634 0.035629 -0.013657 
0.326910 -0.755284 0.332909 -0.288480 0.269553 -0.131772 -0.129212 -0.082318 -0.097578 0.281652 -0.162085 0.011356 0.090342 -0.151955 0.173164 
1.403524 -0.461751 0.449495 -0.233868 -0.144064 0.234929 -0.340707 -0.249530 -0.241433 0.010613 0.263598 -0.146464 -0.002959 0.108886 -0.030096 
1.596436 -0.433376 0.555928 -0.430097 -0.156047 0.295368 -0.356872 -0.231035 -0.340351 0.038064 0.297019 -0.057482 0.007723 0.123541 -0.087372 
1.597239 -0.488784 0.539811 -0.605287 -0.221859 0.239855 -0.318948 -0.132450 -0.374571 0.024713 0.303805 0.035422 0.059706 0.150214 -0.073076 
1.501292 -0.444982 0.573565 -0.753393 -0.299647 0.128173 -0.222911 -0.063354 -0.354838 0.032760 0.167729 0.072222 0.118944 0.212232 -0.021130 
1.615200 -0.294389 0.461755 -0.718397 -0.432318 0.203324 -0.180125 -0.054843 -0.315772 -0.089114 0.178009 0.140068 0.083212 0.308777 0.009898 
1.528085 -0.206164 0.402398 -0.731973 -0.537317 0.256520 -0.156404 -0.065878 -0.209635 -0.230678 0.226263 0.052007 0.119129 0.405765 -0.049579 
1.501544 -0.215883 0.460074 -0.803713 -0.561888 0.234495 -0.127152 -0.029112 -0.182469 -0.243110 0.180726 0.000610 0.111535 0.444992 -0.025089 
1.583676 -0.117715 0.456198 -0.731640 -0.701910 0.270889 -0.151868 0.010834 -0.081643 -0.252945 0.173139 -0.019205 0.012475 0.449013 -0.003180 
1.591993 -0.088414 0.445829 -0.743345 -0.691208 0.216975 -0.187459 0.066313 -0.070814 -0.226272 0.180887 -0.095466 0.047292 0.364565 0.016421 
1.513770 0.040487 0.396979 -0.656287 -0.684389 0.168371 -0.141979 0.074862 -0.068683 -0.177688 0.115819 -0.109979 -0.007615 0.309228 0.035283 
1.192910 0.158481 0.182155 -0.697472 -0.678785 0.101119 -0.053202 0.034053 -0.166344 -0.192756 0.125585 -0.089294 0.127889 0.438354 0.063767 
1.411716 0.068640 0.312718 -0.699781 -0.605536 0.132590 -0.049621 0.066085 -0.129206 -0.192363 0.089709 -0.105422 0.015686 0.397398 -0.000572 
1.057094 0.523762 -0.076407 -0.598060 -0.561677 -0.035223 0.114142 -0.067089 -0.176548 -0.124019 0.018507 -0.050792 0.134225 0.383345 0.052336 
0.445976 0.367051 -0.154220 -0.589582 -0.429082 0.103726 -0.017594 -0.001078 -0.123396 -0.099173 0.107348 0.035561 0.111231 0.207770 -0.042049 
0.702738 0.576129 -0.036517 -0.545212 -0.368503 0.061137 0.060964 -0.069860 -0.207986 -0.018456 -0.013753 -0.044435 0.150536 0.189184 -0.059132 
1.093707 0.351598 -0.032608 -0.615452 -0.442475 0.108860 -0.023241 0.053718 -0.211775 -0.154550 0.098159 -0.056498 0.129441 0.316177 -0.061190 
0.512042 0.376836 -0.146196 -0.542509 -0.490309 0.028063 0.042855 -0.035030 -0.233036 -0.138672 0.031816 0.056885 0.215680 0.262661 0.059002 
