city022_008
KUNITACHI
75
0.162151 -0.023186 -0.216324 -0.011555 0.003580 0.016238 0.039165 -0.076556 -0.008991 -0.109867 0.185287 -0.090178 0.021321 -0.017060 0.019712 
1.156010 -0.610866 -0.295808 -0.229818 0.114451 -0.019067 -0.145414 -0.211248 -0.104163 0.098988 0.183052 0.033672 0.036870 -0.145428 0.052796 
0.634084 -0.387794 -0.629735 -0.070816 0.118449 0.029430 -0.077485 -0.153409 0.022669 0.056872 0.134426 -0.040906 -0.013656 -0.083290 0.039952 
0.966617 -0.644739 -0.489568 -0.232784 0.251867 -0.020936 -0.147805 -0.139471 0.121020 0.080925 0.114297 -0.060318 -0.048935 -0.105884 0.109702 
1.000303 -0.322261 0.084866 0.283593 0.418631 0.066207 -0.107253 -0.138577 -0.062761 0.161839 0.108992 -0.256542 0.024853 -0.035730 0.094611 
0.870766 -0.077111 0.246986 0.257152 0.161484 0.115706 -0.191309 -0.295945 -0.081638 0.021315 0.087579 -0.299169 -0.037928 -0.006605 0.066218 
1.455389 -0.279819 0.317226 0.218306 0.141021 0.079710 -0.141257 -0.177699 -0.162651 -0.062736 0.204322 -0.273345 -0.054799 0.008035 0.010624 
1.359744 -0.417309 0.598468 0.053063 0.105758 0.072399 -0.334352 -0.164031 -0.307111 -0.092271 0.243424 -0.396959 -0.061733 0.081212 0.046666 
1.383310 -0.580548 0.686223 0.183011 0.042757 -0.013088 -0.354889 -0.100896 -0.241021 -0.111747 0.159820 -0.416099 -0.004651 0.132089 0.006386 
1.314042 -0.741568 0.929539 0.257259 -0.079689 -0.129614 -0.346631 0.032255 -0.174549 -0.242238 0.147029 -0.343934 0.066847 0.127703 -0.085508 
1.158052 -0.761727 1.301585 0.195942 -0.309144 -0.078365 -0.273606 0.095999 -0.257998 -0.302559 0.225396 -0.284910 0.057495 0.065138 -0.091801 
0.905858 -0.630945 1.571362 0.092257 -0.382057 0.044761 -0.204707 0.057758 -0.302603 -0.217149 0.195112 -0.295063 0.054029 -0.008655 -0.079465 
0.988780 -0.357096 1.354076 0.023421 -0.298475 0.207679 -0.158341 -0.048387 -0.154804 -0.214164 0.097624 -0.280226 0.030265 -0.070133 -0.056676 
1.080156 -0.101858 1.031470 -0.096939 -0.224938 0.345525 -0.116772 -0.157661 -0.141181 -0.205863 -0.071217 -0.267307 0.034592 -0.134931 -0.090125 
0.994766 -0.071793 1.096362 -0.135213 -0.318947 0.287924 -0.092393 -0.039120 -0.257968 -0.168218 -0.062997 -0.321686 0.051045 -0.160041 -0.024852 
1.039718 -0.130589 1.254049 -0.111575 -0.305655 0.211046 -0.137454 -0.050224 -0.241562 -0.183055 0.019410 -0.334042 0.047303 -0.133332 -0.024204 
0.978276 -0.178254 1.438033 -0.123928 -0.250754 0.157242 -0.168153 -0.024679 -0.273729 -0.183470 0.073042 -0.329897 0.019072 -0.097328 0.012015 
0.881259 -0.202582 1.529050 -0.109275 -0.201686 0.112780 -0.169831 -0.035160 -0.259509 -0.224152 0.068003 -0.238700 -0.099714 -0.057709 0.086472 
0.792434 -0.242223 1.714625 -0.094409 -0.217319 0.123154 -0.235631 0.000569 -0.281079 -0.210593 0.056048 -0.168926 -0.124960 -0.026980 0.129217 
0.774689 -0.241430 1.760571 -0.155139 -0.201293 0.124930 -0.241882 -0.025476 -0.240271 -0.257096 0.093615 -0.182993 -0.126150 -0.014036 0.140971 
0.752499 -0.259362 1.790816 -0.151146 -0.167636 0.099032 -0.240586 -0.018496 -0.250713 -0.264381 0.099553 -0.189388 -0.143049 0.016826 0.129780 
0.619684 -0.135917 1.724862 -0.139657 -0.167886 0.107026 -0.208526 -0.032197 -0.239857 -0.274050 0.091840 -0.184182 -0.189777 0.030003 0.111233 
0.568118 -0.176542 1.623577 -0.025063 -0.197072 0.117482 -0.187253 -0.032058 -0.200462 -0.315893 0.067612 -0.137636 -0.251876 -0.004775 0.111205 
0.511653 0.085885 1.206035 0.082712 -0.308033 0.143274 -0.100253 -0.119585 -0.133037 -0.301333 0.031482 -0.106390 -0.234311 -0.041503 0.126085 
0.325776 0.499625 0.765550 0.396308 -0.296731 0.034749 0.051868 -0.160987 -0.070016 -0.217281 -0.048877 -0.046779 -0.144448 -0.104224 0.053757 
0.026184 0.471329 0.465778 0.303864 0.155648 0.255431 -0.030061 -0.193685 0.000151 -0.056162 -0.046563 -0.176781 -0.019292 -0.168675 0.026336 
-0.181696 0.319929 0.402698 0.340968 0.181441 0.198112 -0.044301 -0.215293 -0.027974 -0.056094 0.074069 -0.199373 -0.160918 0.024313 0.014863 
-0.044324 0.387586 0.390963 0.222464 0.061501 0.118601 0.091964 -0.220063 -0.205638 -0.073929 0.047510 -0.184552 -0.102201 -0.053408 0.009109 
-0.133719 0.380916 0.251655 0.234522 0.133902 0.030189 -0.144307 -0.235804 -0.127657 -0.203561 0.077618 -0.198782 -0.149719 -0.002946 0.005995 
0.125577 -0.117448 0.622539 0.275987 0.092459 0.056108 -0.026512 -0.106700 -0.044207 -0.068560 0.073343 -0.189813 -0.005008 -0.063511 0.072455 
0.706162 -0.912360 0.281806 -0.280714 -0.121393 -0.098674 0.008234 0.048334 0.006866 0.050520 0.049792 -0.062402 0.061540 -0.119583 0.076618 
1.259112 -0.540572 0.457693 -0.154445 0.068293 -0.079468 -0.234219 0.095112 -0.024147 -0.107249 0.087372 -0.027444 0.043348 -0.047629 0.038157 
1.862724 -0.965168 0.803180 -0.050545 -0.149813 -0.023975 -0.363297 -0.230803 0.192265 0.085975 0.050038 -0.134283 0.219702 0.045308 0.049732 
1.555474 -1.059276 0.639247 -0.471871 -0.075458 -0.127795 -0.433112 -0.203509 0.127178 0.282919 -0.015082 -0.030758 0.203813 0.063895 0.028104 
1.364042 -0.999716 0.572329 -0.588431 -0.005624 -0.244262 -0.290475 -0.235000 0.084386 0.345614 0.114092 -0.096958 0.193059 0.067922 -0.054771 
1.443570 -0.957852 0.636210 -0.669004 0.024415 -0.234499 -0.263070 -0.235353 0.113327 0.318173 0.161944 -0.105662 0.130985 0.087637 -0.062558 
1.438076 -0.836660 0.612554 -0.628733 -0.005232 -0.121851 -0.254472 -0.297032 0.123278 0.341822 0.227865 -0.143654 0.092494 0.042750 0.010300 
1.473129 -0.830790 0.631401 -0.618708 0.009928 -0.119869 -0.277992 -0.301533 0.104918 0.359163 0.210380 -0.155122 0.117074 0.046035 0.024505 
1.519956 -0.899651 0.637868 -0.566725 0.000149 -0.158195 -0.351205 -0.270315 0.103472 0.319101 0.125374 -0.124649 0.160554 0.102756 0.008716 
1.639951 -0.969721 0.570088 -0.430916 -0.050232 -0.119665 -0.463947 -0.208864 0.065138 0.200330 0.079734 -0.125095 0.272384 0.057012 0.047888 
1.571253 -0.895967 0.766143 -0.211848 -0.117966 -0.058433 -0.427136 -0.252801 0.134467 0.061460 0.007499 -0.112699 0.240186 0.045786 0.039555 
1.091571 -0.139901 0.410414 0.025530 -0.174167 -0.021926 -0.307892 -0.115182 0.351847 0.004608 -0.097325 0.005710 0.227705 -0.071380 -0.039968 
1.095263 0.252659 0.125951 0.059855 -0.127285 0.082177 -0.121700 -0.274130 0.174851 0.103440 0.132144 -0.076931 0.072315 0.030998 0.031915 
0.775019 0.308773 0.010631 0.149497 0.042759 -0.018149 -0.175377 -0.259822 0.211042 0.093182 0.022432 -0.137980 0.086506 0.067584 0.026270 
0.373631 0.127841 0.235305 0.139010 -0.093508 0.137087 -0.009928 -0.219596 0.069804 -0.030682 0.053424 -0.112020 0.035359 0.015070 -0.014561 
0.607206 0.323104 0.105266 0.241362 0.019640 0.138210 -0.001473 -0.238948 0.117862 0.122563 -0.045575 -0.113567 0.090207 0.017136 -0.077810 
0.445323 0.165764 -0.062266 0.136704 -0.098476 -0.094670 -0.115876 -0.168357 0.047262 0.125160 -0.018964 -0.132529 0.144344 0.010556 -0.031095 
0.060441 -0.345906 0.212782 -0.460404 0.060776 -0.087347 -0.084030 -0.068839 0.018449 0.094138 0.050704 -0.038730 0.048681 -0.081143 0.096788 
-0.687511 -0.243361 0.397108 -0.548025 0.308250 -0.223920 0.106784 0.035876 -0.083441 0.079638 -0.012633 -0.045080 0.036440 -0.018931 0.043854 
-0.961824 -0.243138 0.690745 -0.661259 0.272675 -0.484823 0.081406 0.080002 -0.070610 0.112640 -0.060796 0.075201 0.019951 -0.064528 0.022894 
-1.180218 -0.364692 0.764006 -0.747635 0.278320 -0.359860 0.054581 0.167439 -0.089304 0.041987 0.006076 0.003557 0.050652 -0.142597 0.132396 
-1.223034 -0.374037 0.750165 -0.830222 0.431343 0.058217 0.048036 -0.026340 -0.075712 0.049576 -0.045125 0.053315 0.020177 -0.065243 0.071333 
-1.176465 -0.429613 0.810988 -0.906607 0.555615 -0.420526 0.058205 0.236395 -0.135112 0.004971 -0.006373 0.041171 0.010801 -0.122436 0.141101 
-1.344837 -0.467458 0.762032 -0.972557 0.403166 -0.110040 0.029880 0.073455 -0.071614 0.085927 -0.095880 0.032709 0.030693 -0.064786 0.050495 
-1.052994 -0.477286 0.883511 -1.013718 0.393438 -0.054452 -0.012681 0.060180 -0.073898 0.086459 -0.033760 -0.097244 0.197197 -0.187526 0.094716 
-0.909476 -0.357118 0.951733 -0.920596 0.426519 0.027153 0.113683 0.112324 -0.177620 0.131827 -0.094848 -0.018572 0.155184 -0.146695 0.080640 
0.012591 -0.435845 1.413108 -0.238381 0.011113 -0.268404 -0.064397 0.047839 -0.239201 -0.088104 -0.012851 -0.024286 0.070222 -0.195033 0.150505 
0.351790 -0.507233 1.558804 -0.084419 -0.172266 -0.121172 -0.135870 -0.009308 -0.235416 -0.244634 0.047186 -0.098892 -0.008223 -0.166712 0.137285 
0.583787 -0.649395 1.600411 -0.097396 -0.189941 -0.073249 -0.144263 -0.029663 -0.238044 -0.205607 0.018775 -0.118536 0.014808 -0.175854 0.163908 
0.784576 -0.721256 1.618973 -0.011135 -0.336080 0.004037 -0.162234 -0.029300 -0.229185 -0.190917 0.049391 -0.076144 -0.049575 -0.087957 0.168700 
0.869434 -0.857147 1.667631 0.073694 -0.426435 0.130203 -0.205822 -0.025163 -0.201450 -0.209532 0.043564 -0.099719 -0.053906 -0.087828 0.141303 
0.765301 -0.753102 1.682541 0.091204 -0.444979 0.144704 -0.163580 -0.079195 -0.197140 -0.248613 0.059556 -0.132616 -0.103035 -0.075292 0.157028 
0.845390 -0.762246 1.715976 0.071506 -0.415427 0.124606 -0.154928 -0.077218 -0.198864 -0.223818 0.051859 -0.121941 -0.095757 -0.067136 0.166925 
0.860221 -0.749493 1.708684 0.090192 -0.446882 0.149177 -0.158484 -0.077599 -0.196640 -0.225643 0.073722 -0.143303 -0.086083 -0.052832 0.145604 
0.846023 -0.711445 1.764740 0.082630 -0.430014 0.110880 -0.122319 -0.101610 -0.193714 -0.210957 0.052797 -0.110172 -0.096936 -0.049108 0.164112 
0.779253 -0.629259 1.716632 0.057375 -0.409188 0.142282 -0.147498 -0.095080 -0.205732 -0.203518 0.027011 -0.122961 -0.102152 -0.061355 0.159643 
0.665809 -0.505560 1.643713 0.056655 -0.402328 0.208659 -0.169281 -0.087208 -0.203304 -0.217923 0.034489 -0.168155 -0.120322 -0.046226 0.113919 
0.731770 -0.412671 1.656175 0.125908 -0.432388 0.212128 -0.139870 -0.125251 -0.146640 -0.288091 0.103526 -0.201097 -0.137903 0.009277 0.051843 
0.621093 -0.286909 1.603586 0.060563 -0.395935 0.241952 -0.165689 -0.097651 -0.172153 -0.249897 0.074835 -0.202048 -0.128750 -0.016951 0.077613 
0.485530 -0.240903 1.618653 0.004104 -0.363550 0.204384 -0.124912 -0.129027 -0.201224 -0.200978 0.036079 -0.209580 -0.111952 -0.026452 0.090594 
0.244883 -0.439635 1.637599 -0.024348 -0.360080 0.190079 -0.163884 -0.094435 -0.215187 -0.234375 0.098398 -0.257659 -0.090058 0.002260 0.045237 
0.440784 0.211218 1.445706 0.074395 -0.317805 0.142021 -0.139596 -0.083037 -0.212240 -0.250937 0.175953 -0.303721 -0.033113 0.012051 0.051982 
0.147449 0.393161 0.882787 0.202535 -0.292868 -0.007784 -0.011774 -0.176628 -0.252869 -0.301877 0.110706 -0.284916 -0.201566 0.099089 -0.042789 
-0.023660 0.282926 0.232027 0.016684 -0.196682 0.054295 0.008869 -0.218051 -0.152802 -0.191711 0.172952 -0.104811 -0.053701 0.059921 0.072011 
-0.316323 -0.012810 0.149759 0.058117 -0.091396 -0.096338 0.029537 -0.103597 -0.084084 -0.059489 0.163081 -0.079324 -0.016936 -0.008059 0.086467 
