city022_088
RYOOGOKU
75
-0.561063 -0.165491 -0.290628 -0.051942 -0.184487 0.052119 -0.099820 0.034452 -0.056332 0.175645 -0.029309 -0.017689 0.019486 -0.066112 0.047167 
-0.434092 0.026232 -0.090685 0.097102 0.023648 0.101672 -0.125681 0.035854 0.064168 -0.032061 -0.066370 0.067678 0.015038 -0.034482 -0.014224 
0.013568 0.357703 0.392343 0.393577 0.176130 0.145145 -0.221397 -0.037254 -0.018150 0.005088 -0.209040 -0.037888 -0.096962 -0.018728 -0.046488 
0.309681 0.632154 0.488979 0.366908 -0.098566 0.058203 -0.040853 -0.079233 -0.168380 -0.104961 -0.235964 -0.001306 -0.141157 -0.181296 0.065865 
0.463059 0.637944 0.554669 0.289783 -0.089820 0.124419 -0.021182 -0.092166 -0.127505 -0.112660 -0.235697 -0.022831 -0.144904 -0.145799 -0.021765 
-0.028558 0.453505 0.650482 0.495482 -0.149860 0.107504 -0.001522 -0.089642 -0.136349 -0.077886 -0.188594 -0.029518 -0.173296 -0.075478 -0.017133 
0.127220 0.359981 0.449703 0.459537 -0.059786 0.188280 -0.141257 -0.183890 -0.041041 -0.052984 -0.260724 -0.070993 -0.059094 -0.114760 -0.063316 
0.672510 -0.666765 0.565258 0.077184 -0.460875 0.456985 -0.112052 -0.074305 -0.005531 -0.023759 0.005681 0.041295 -0.072830 0.062871 -0.016882 
0.716787 -0.550787 1.366614 0.343865 -0.474411 0.245273 -0.296204 0.069366 -0.208945 -0.290598 0.013732 -0.077428 -0.203099 0.009023 -0.051556 
0.936809 -0.813981 1.467713 0.291691 -0.420446 0.074527 -0.282968 0.160547 -0.319771 -0.275178 0.068098 -0.065181 -0.234575 0.123214 -0.092950 
1.088366 -0.930367 1.390024 0.225844 -0.385304 -0.007768 -0.316090 0.151569 -0.333812 -0.268382 0.081580 -0.099776 -0.144172 0.135899 -0.114690 
1.137613 -0.920456 1.190361 0.132431 -0.211713 -0.182343 -0.337079 0.124718 -0.295101 -0.240636 0.031633 -0.054254 -0.081473 0.168697 -0.135702 
1.310359 -0.861960 1.104495 0.179758 -0.250242 -0.137327 -0.493737 0.128205 -0.209608 -0.240150 0.022520 -0.090525 0.029681 0.228347 -0.208682 
1.559164 -0.899426 0.872846 0.074960 -0.147423 -0.111966 -0.522377 0.035394 -0.240490 -0.037233 -0.019170 -0.125022 -0.000282 0.329898 -0.156710 
1.724606 -0.776662 0.699720 -0.125122 -0.061199 -0.074033 -0.454205 -0.060117 -0.354816 0.069563 0.067657 -0.129014 -0.057112 0.315743 -0.039472 
1.759364 -0.663243 0.426798 -0.148159 0.004865 -0.017838 -0.423928 -0.180991 -0.420702 0.149345 0.113533 -0.134575 -0.076401 0.263656 0.017310 
1.748972 -0.652094 0.429644 -0.236575 -0.056449 0.064331 -0.370723 -0.181673 -0.506634 0.093780 0.147914 -0.043515 -0.070075 0.195129 -0.018362 
1.660819 -0.555051 0.438090 -0.389381 -0.058256 0.067606 -0.278263 -0.131028 -0.588865 0.015540 0.148138 0.045764 -0.041995 0.179861 -0.032311 
1.700552 -0.576047 0.436332 -0.386512 -0.131606 -0.006331 -0.198198 -0.057194 -0.510408 -0.095179 0.074294 0.016009 0.014099 0.243157 -0.046046 
1.743506 -0.700205 0.460006 -0.391236 -0.134642 -0.029684 -0.189398 0.009893 -0.512117 -0.138164 0.036842 0.042075 0.039887 0.224170 -0.018300 
1.746770 -0.717598 0.393345 -0.346746 -0.152077 -0.060032 -0.211144 0.047699 -0.469374 -0.125813 -0.029683 0.084414 0.025760 0.268091 -0.049079 
1.806432 -0.699787 0.400705 -0.355420 -0.156788 -0.073405 -0.212940 0.001568 -0.337878 -0.132654 -0.058913 0.051147 0.039205 0.272077 -0.089141 
1.823501 -0.761637 0.341181 -0.350421 -0.158860 -0.057209 -0.231029 0.068102 -0.358318 -0.155783 -0.079037 0.058193 0.138017 0.210402 -0.070193 
1.906802 -0.716452 0.211410 -0.302932 -0.178852 -0.046472 -0.245679 0.125906 -0.371594 -0.151550 -0.064306 -0.074111 0.279470 0.167029 -0.058993 
2.006129 -0.712680 0.184320 -0.323999 -0.129904 -0.011951 -0.324766 0.099197 -0.308614 -0.132337 -0.073353 -0.107497 0.206687 0.270901 -0.132596 
1.909690 -0.583413 0.169931 -0.314812 -0.086445 -0.137360 -0.305025 0.129620 -0.373190 -0.000177 -0.157625 -0.140892 0.199513 0.267321 -0.094073 
1.921295 -0.402065 0.165188 -0.373514 -0.020793 -0.214474 -0.289467 0.068062 -0.251994 0.038727 -0.276213 -0.083261 0.150190 0.181487 -0.011292 
1.936533 -0.320679 0.313315 -0.460828 -0.080180 -0.091252 -0.343138 0.095107 -0.195459 -0.017481 -0.242082 -0.051755 0.093514 0.108989 -0.007423 
1.868852 -0.002532 0.338086 -0.426902 -0.347440 -0.143784 -0.072642 0.157535 -0.357253 0.030992 -0.229710 -0.152071 -0.052074 0.130892 0.041871 
1.693323 0.420058 0.416784 -0.490177 -0.312851 -0.219576 0.009908 0.180479 -0.441496 0.055666 -0.158068 -0.204513 -0.160786 0.182562 0.017418 
1.678460 0.559537 0.230422 -0.369021 -0.444766 -0.178163 0.034717 0.193087 -0.327148 0.057412 -0.108326 -0.259439 -0.170652 0.132929 0.008234 
1.630967 0.668239 0.269155 -0.390747 -0.397074 -0.249222 0.099748 0.227033 -0.277762 0.096064 -0.077694 -0.244743 -0.265360 0.147200 -0.067532 
1.612150 0.646543 0.145226 -0.280125 -0.376225 -0.137673 0.125894 0.224948 -0.323281 -0.029502 -0.122345 -0.258495 -0.223126 0.181309 0.008863 
1.609474 0.539611 0.064737 -0.292032 -0.399879 -0.087809 0.132619 0.170696 -0.362640 -0.049477 -0.148189 -0.233283 -0.125303 0.208266 0.078178 
1.670940 0.462011 0.084557 -0.290269 -0.345673 -0.072239 0.065582 0.171287 -0.402320 -0.093860 -0.062185 -0.245990 -0.063008 0.201880 0.061077 
1.797443 0.236764 0.238057 -0.383518 -0.312169 -0.097564 0.009328 0.164343 -0.445088 -0.071562 -0.123517 -0.210258 -0.086724 0.237864 0.029807 
1.850714 -0.293792 0.335631 -0.396854 -0.178522 -0.034965 -0.186437 0.142825 -0.361297 -0.094924 -0.242689 0.006126 0.006996 0.163453 0.009547 
1.982977 -0.464462 0.149790 -0.328713 -0.080940 -0.179455 -0.200826 0.211350 -0.416362 -0.057198 -0.179718 -0.167046 0.098647 0.261777 0.000979 
1.810870 -0.546673 0.275413 -0.320308 -0.168631 -0.183118 -0.126471 0.205207 -0.462656 -0.055239 -0.100491 -0.100662 0.148105 0.185674 0.002885 
1.779997 -0.505799 0.268546 -0.314879 -0.230681 -0.225130 -0.086416 0.213727 -0.420261 -0.091905 -0.045385 -0.138164 0.113758 0.225565 -0.006571 
1.745484 -0.370743 0.222651 -0.378938 -0.175345 -0.301920 -0.009786 0.180308 -0.411239 -0.067954 -0.109196 -0.105413 0.047636 0.261207 0.021226 
1.865929 -0.018283 0.352818 -0.597050 -0.240193 -0.116934 0.035422 0.269275 -0.519317 -0.024000 -0.160886 -0.079356 -0.085308 0.280055 0.133156 
1.890437 0.151192 0.281374 -0.520513 -0.216904 -0.124165 0.124692 0.246988 -0.507827 -0.028371 -0.229542 -0.071470 -0.155047 0.294134 0.124158 
1.774341 0.372404 0.003614 -0.326989 -0.365205 -0.166262 0.107339 0.204422 -0.415327 -0.065999 -0.158277 -0.162071 -0.124493 0.237514 0.127281 
1.434860 0.537139 -0.098731 -0.296549 -0.408307 -0.098176 0.176871 0.237203 -0.300030 -0.074518 -0.120972 -0.183201 -0.108874 0.209193 0.125223 
0.854185 0.555477 -0.062579 -0.029545 -0.267471 0.044237 0.231034 0.207676 -0.146514 -0.154426 -0.294516 -0.014083 -0.063551 -0.022194 0.191844 
0.689990 0.611687 -0.012353 -0.031156 -0.134904 0.140779 0.012310 0.190500 -0.102300 -0.132138 -0.153775 0.013796 -0.031844 -0.027383 0.077346 
0.421039 0.598751 0.023279 0.028901 -0.057568 0.104458 -0.010901 0.184895 -0.018921 -0.082606 -0.037139 0.068541 -0.069964 0.023954 0.012451 
0.258613 0.388336 -0.109719 -0.041453 -0.048941 0.211963 0.001502 0.177061 0.072690 0.007230 -0.094521 0.059811 -0.001325 0.007484 0.023067 
0.584269 -0.860963 -0.503001 -0.235889 0.154231 0.121739 0.028089 0.055612 -0.193069 0.121316 -0.105255 0.140125 -0.069362 0.029145 -0.043886 
0.812869 -0.794650 -0.558487 -0.360844 0.161957 0.122080 0.024606 0.036909 -0.172928 0.167191 -0.120243 0.139995 -0.083296 0.010496 -0.045246 
0.760263 -0.770625 -0.783849 -0.341085 0.288874 0.220752 0.031823 -0.129350 -0.255036 0.380280 -0.155492 0.013446 0.060638 -0.078568 -0.042287 
1.044888 -0.331617 -0.601131 -0.378458 0.061529 0.080483 -0.000194 -0.061419 -0.160401 0.246347 -0.070561 0.102221 -0.053005 0.016252 -0.097530 
0.841626 -0.157014 0.122013 0.202653 0.228120 -0.033455 -0.279391 -0.140382 -0.360072 0.122780 -0.037836 -0.077524 -0.205634 0.043677 0.099845 
1.157846 -0.328124 0.153097 0.166812 0.198371 -0.083724 -0.232817 -0.162774 -0.232161 0.022872 -0.183280 0.048203 -0.174773 0.109398 -0.060360 
1.305830 -0.322716 0.405543 0.214432 0.066174 -0.164707 -0.274090 0.004150 -0.380178 0.002994 -0.042224 -0.130420 -0.152446 0.171467 0.001246 
1.460831 -0.461689 0.577139 0.157968 0.018838 -0.120903 -0.336389 0.037673 -0.424798 0.058556 -0.001319 -0.168944 -0.134927 0.212690 0.020700 
1.502119 -0.576262 0.711034 -0.000357 0.083839 -0.140819 -0.368415 0.017092 -0.467623 0.107187 -0.022877 -0.150826 -0.141430 0.241889 0.018383 
1.526571 -0.640408 0.754198 -0.012571 0.031685 -0.119804 -0.436070 0.029898 -0.461682 0.149273 -0.046870 -0.140416 -0.096086 0.258650 0.019082 
1.469731 -0.614022 0.745797 0.000713 0.014038 -0.110165 -0.442243 -0.030183 -0.394481 0.135602 -0.036528 -0.174030 -0.047019 0.258026 0.009196 
1.447064 -0.615434 0.739234 0.018346 0.011999 -0.107495 -0.427676 -0.051802 -0.392956 0.138071 -0.035012 -0.185362 -0.056724 0.260533 0.023252 
1.474471 -0.680632 0.763061 0.013085 0.026584 -0.123362 -0.426294 -0.030287 -0.425442 0.173386 -0.077654 -0.173369 -0.063740 0.269566 0.005942 
1.425755 -0.627537 0.747958 0.056113 -0.014257 -0.113788 -0.425597 -0.051450 -0.367331 0.142586 -0.065603 -0.163469 -0.062572 0.287236 -0.007114 
1.472480 -0.662065 0.818663 -0.012662 -0.002434 -0.102275 -0.469483 0.029196 -0.428501 0.154589 -0.061705 -0.185421 -0.018007 0.266579 -0.038374 
1.502093 -0.676468 0.807074 -0.017757 0.012244 -0.133958 -0.466508 0.008196 -0.396362 0.123133 -0.077511 -0.178498 -0.031431 0.321435 -0.108979 
1.441120 -0.532572 0.695210 0.088649 0.010802 -0.167006 -0.461005 -0.003304 -0.383496 0.120309 -0.087404 -0.208655 -0.005288 0.313045 -0.105342 
1.357634 -0.420372 0.613016 0.166866 -0.041464 -0.155954 -0.470469 0.000659 -0.354569 0.042619 -0.050005 -0.286057 0.103214 0.225978 -0.120585 
1.369420 -0.343405 0.589013 0.189563 -0.029871 -0.243750 -0.407836 0.003208 -0.366302 0.063616 -0.128609 -0.203239 0.087667 0.220569 -0.144937 
1.319745 -0.333370 0.637121 0.112575 -0.027352 -0.191916 -0.410122 0.012006 -0.380955 0.092055 -0.218304 -0.130196 0.077868 0.157020 -0.158857 
1.318351 -0.156684 0.448630 0.110388 -0.099717 -0.288424 -0.243953 -0.005133 -0.368703 0.062282 -0.203766 -0.100115 0.095010 0.137794 -0.190438 
1.352465 0.018363 0.286850 0.259036 -0.133031 -0.220290 -0.407233 -0.015509 -0.353517 0.010855 -0.017696 -0.150595 0.112881 0.142215 -0.045935 
1.336090 0.097716 0.145007 0.302013 0.009355 -0.374311 -0.302074 -0.036198 -0.273402 0.081121 -0.148578 -0.149088 0.163910 0.102437 -0.075808 
0.471052 0.537745 0.152240 0.212996 -0.166233 -0.282718 -0.340196 -0.161053 -0.230755 -0.066854 -0.093324 -0.022338 0.111188 0.120508 -0.022409 
0.158126 -0.060528 0.168894 0.141272 0.023049 -0.098100 -0.534250 -0.166244 -0.041031 0.087137 -0.239536 -0.008711 0.112459 0.080719 0.061615 
0.689921 -0.106930 0.172280 0.400138 0.052829 -0.135924 -0.301713 -0.082351 -0.201232 0.050084 -0.160386 -0.137883 0.003325 0.093079 -0.069059 
