city022_019
TENRYUU
59
-0.698256 -0.112119 0.016924 0.146299 0.087859 0.120136 -0.021362 -0.073773 -0.131319 0.053116 0.221892 -0.126768 -0.127222 0.096690 0.052714 
0.877080 -0.927161 0.050742 -0.298077 -0.071993 -0.123457 0.010026 0.053627 -0.002704 -0.068406 0.054932 0.172211 -0.022324 -0.206629 0.136242 
1.804032 -0.148102 0.414626 0.071298 -0.037947 -0.230009 -0.105980 0.017620 0.020424 -0.142807 -0.047554 0.090534 0.106091 -0.208805 0.145335 
1.490101 -0.109243 0.779401 0.272759 -0.105285 -0.215659 0.023498 0.033010 -0.077751 -0.088342 -0.057862 -0.054472 0.151398 -0.228083 0.058025 
1.332152 -0.675424 1.067108 0.092098 -0.244706 -0.293786 -0.310819 -0.043329 -0.173535 -0.110856 -0.083447 -0.007642 0.275632 -0.118044 0.049623 
1.302549 -0.956939 1.032727 -0.054538 -0.226523 -0.253974 -0.373079 -0.002272 -0.150282 -0.191739 0.016943 -0.023863 0.267516 -0.103428 0.036854 
1.281886 -0.993794 0.948037 -0.208039 -0.120997 -0.315248 -0.274709 -0.102158 -0.202937 -0.137833 -0.008327 0.024477 0.211090 -0.051756 0.072772 
1.312451 -1.025730 0.974101 -0.273679 -0.129863 -0.350299 -0.225852 -0.096607 -0.146703 -0.167773 0.043706 0.011357 0.259405 -0.086492 0.057090 
1.223986 -0.882933 1.025018 -0.119728 -0.293763 -0.261500 -0.290830 0.040765 -0.120918 -0.062449 0.041197 0.031244 0.222250 -0.067836 0.003949 
1.292419 -0.937124 1.123406 -0.187322 -0.240795 -0.291711 -0.269736 0.042373 -0.076743 -0.077644 0.087581 -0.001791 0.252168 -0.089193 0.008363 
1.213470 -0.838666 1.067862 -0.156883 -0.273561 -0.246563 -0.317841 0.109873 -0.102242 -0.087187 0.073972 0.012640 0.259827 -0.131086 0.011131 
1.320328 -0.901179 1.188947 -0.083715 -0.296717 -0.213921 -0.351847 0.122478 -0.084827 -0.078645 0.077920 0.042963 0.261366 -0.134185 0.046683 
1.386264 -0.911975 1.245168 -0.031962 -0.268144 -0.212946 -0.361637 0.131393 -0.096310 -0.089747 0.089680 0.022522 0.282635 -0.145459 0.076292 
1.344720 -0.873007 1.319746 -0.021719 -0.207752 -0.211909 -0.354991 0.125486 -0.111029 -0.152608 0.076156 -0.026113 0.297449 -0.172354 0.063876 
1.179659 -0.712043 1.209399 0.107960 -0.170066 -0.055187 -0.314840 0.109503 -0.056066 -0.255778 0.045307 -0.098670 0.185460 -0.160546 -0.032449 
1.116913 -0.081796 1.035728 0.058787 -0.525312 0.344885 -0.057649 -0.409571 -0.014058 -0.170033 -0.152173 -0.188567 0.063296 -0.147046 0.004423 
1.155871 -0.167543 1.085822 -0.042770 -0.444513 0.345810 -0.096780 -0.387891 -0.053246 -0.118740 -0.197200 -0.135002 0.047288 -0.134833 0.008005 
1.156727 -0.240976 1.095283 -0.066542 -0.457909 0.392307 -0.115226 -0.357952 -0.079209 -0.121774 -0.200336 -0.160484 0.085231 -0.191344 0.039393 
1.154025 -0.243263 1.198213 -0.119933 -0.374955 0.385380 -0.137325 -0.382436 -0.033863 -0.135127 -0.188293 -0.129239 0.029161 -0.143836 0.017879 
1.198405 -0.330147 1.286709 -0.117870 -0.396127 0.442674 -0.185857 -0.371888 -0.018324 -0.152029 -0.159777 -0.167826 0.052374 -0.148662 -0.006583 
1.088089 -0.315268 1.204403 -0.121080 -0.328256 0.435463 -0.161801 -0.349708 -0.046673 -0.145302 -0.175076 -0.155832 0.032054 -0.171897 0.013340 
1.092463 -0.252548 1.113589 -0.121659 -0.354131 0.501775 -0.113056 -0.362155 -0.013935 -0.182874 -0.152928 -0.157688 0.033450 -0.162254 -0.022853 
1.209145 -0.290303 1.217706 -0.176896 -0.272657 0.488834 -0.166252 -0.338074 0.003406 -0.140468 -0.166912 -0.122276 0.031026 -0.183923 0.018469 
1.177154 -0.294469 1.259662 -0.103797 -0.328447 0.474366 -0.213674 -0.330499 0.043995 -0.156694 -0.134982 -0.149252 0.065771 -0.178984 0.016530 
1.239860 -0.267841 1.225117 -0.181264 -0.314054 0.462919 -0.208873 -0.312781 0.035387 -0.119101 -0.145509 -0.094281 0.063985 -0.159451 0.029297 
1.165130 -0.129601 1.155336 -0.102060 -0.318239 0.433109 -0.200461 -0.352181 0.077204 -0.144000 -0.153127 -0.073990 0.035529 -0.134428 0.017642 
1.180746 -0.068200 1.122147 -0.000185 -0.338310 0.480592 -0.206044 -0.314079 0.118209 -0.207754 -0.087437 -0.141611 0.061214 -0.166078 0.006158 
1.131199 -0.031224 1.225463 0.015522 -0.277320 0.330778 -0.186895 -0.283271 0.066330 -0.159653 -0.157184 -0.051014 -0.002337 -0.120554 0.027074 
0.962870 0.222667 1.146352 0.138074 -0.352416 0.296128 -0.149744 -0.241672 0.085180 -0.223557 -0.095178 -0.069253 0.002675 -0.153054 0.064429 
0.962963 0.340283 1.058527 0.119599 -0.260409 0.278193 -0.069866 -0.180183 0.079363 -0.215597 -0.106108 -0.082551 -0.053076 -0.164262 0.022111 
0.967839 0.526464 0.847700 0.087771 -0.313808 0.283051 -0.036395 -0.203162 0.098744 -0.183958 -0.158193 -0.069903 -0.060951 -0.159164 0.001931 
0.670730 0.471172 0.960804 0.313101 -0.310542 0.190386 0.026444 -0.191402 0.001056 -0.153729 -0.134372 -0.035677 -0.102088 -0.141335 0.048053 
0.361260 0.206291 0.901914 0.493032 -0.204215 0.225214 0.115531 -0.132661 0.068864 -0.157690 -0.075593 -0.019798 -0.092423 -0.151844 0.028647 
0.860115 -0.551684 1.137738 -0.132162 -0.387549 0.373827 -0.118736 -0.020188 0.018755 -0.136553 0.087711 -0.077779 0.034280 -0.092413 0.125281 
0.618877 -0.508666 1.866920 0.137268 -0.378183 0.207986 -0.140763 -0.012157 -0.152454 -0.301556 0.125124 -0.144933 -0.156053 -0.037161 0.062024 
0.631824 -0.597965 1.887249 0.165136 -0.465513 0.195150 -0.173568 -0.017653 -0.227137 -0.356469 0.193914 -0.267964 -0.136142 -0.005560 -0.015529 
0.630863 -0.630888 1.855943 0.179862 -0.436901 0.134600 -0.156682 0.016453 -0.276282 -0.343004 0.205199 -0.274381 -0.158725 0.034528 -0.028637 
0.741818 -0.696779 1.841276 0.224365 -0.481985 0.138679 -0.174760 0.032566 -0.294232 -0.356162 0.233106 -0.289806 -0.157088 0.060230 -0.043058 
0.682523 -0.607804 1.796875 0.216666 -0.375873 -0.001488 -0.090996 -0.003715 -0.271355 -0.308780 0.134155 -0.135904 -0.217941 0.077404 0.017586 
0.837154 -0.733240 1.658235 0.303299 -0.475657 0.061544 -0.193051 0.064081 -0.259664 -0.365658 0.218505 -0.203641 -0.135257 0.055259 -0.001009 
0.907934 -0.704320 1.555607 0.344431 -0.475264 0.038532 -0.206512 0.051703 -0.190931 -0.390165 0.220401 -0.166141 -0.096617 0.048421 0.002755 
0.901682 -0.667834 1.477220 0.304538 -0.374052 -0.061741 -0.226418 0.042202 -0.156721 -0.355529 0.126370 -0.076584 -0.063759 0.052384 -0.007033 
0.958544 -0.650344 1.405643 0.331329 -0.341877 -0.054986 -0.264249 -0.008960 -0.091463 -0.355668 0.043734 -0.073232 -0.017431 0.036774 -0.055289 
0.924912 -0.602892 1.303320 0.354795 -0.338376 -0.017518 -0.327925 -0.031296 -0.080651 -0.358605 0.001069 -0.140418 0.029147 0.035508 -0.109646 
0.968654 -0.569405 1.226975 0.345323 -0.281041 -0.023229 -0.407179 -0.061130 -0.000640 -0.425205 0.032243 -0.204680 0.068823 0.082920 -0.141196 
1.116816 -0.579527 1.140736 0.347448 -0.290950 0.076793 -0.545600 -0.020029 -0.003608 -0.379842 0.052050 -0.287641 0.119228 0.144898 -0.178830 
1.174141 -0.574923 1.103884 0.254460 -0.166869 0.037919 -0.468855 -0.133593 0.040186 -0.231930 -0.029768 -0.223901 0.061079 0.183322 -0.097222 
1.136015 -0.470862 0.918975 0.233870 -0.227320 0.066833 -0.447855 -0.148096 0.029061 -0.157245 0.008925 -0.205612 0.084705 0.183510 -0.080993 
1.035720 -0.317993 0.871788 0.232022 -0.201260 0.028914 -0.439916 -0.268218 0.020653 -0.170560 0.008693 -0.296570 0.124664 0.206593 -0.100806 
0.992814 -0.295793 0.871024 0.246661 -0.138062 0.015518 -0.437442 -0.292663 0.003181 -0.156961 -0.037782 -0.317240 0.068174 0.248438 -0.104872 
1.154946 -0.308539 0.832480 0.201187 -0.095556 0.026280 -0.404382 -0.288678 -0.036983 -0.107754 0.007302 -0.312390 0.035859 0.240565 -0.072074 
1.091522 -0.139443 0.612232 0.280595 -0.131782 0.032451 -0.337707 -0.262116 -0.016312 -0.151655 -0.025205 -0.270237 0.068579 0.083634 -0.037023 
0.894048 -0.065587 0.670366 0.213783 0.005761 -0.074110 -0.372794 -0.326503 -0.046530 -0.102608 -0.067797 -0.332555 0.053606 0.199050 -0.057967 
1.050606 -0.147144 0.686328 0.282770 -0.087142 0.049358 -0.398114 -0.342315 0.040526 -0.140432 0.006808 -0.338197 0.034509 0.225930 -0.050135 
0.907782 0.053668 0.447679 0.232640 -0.100218 -0.100166 -0.222125 -0.188834 -0.181818 -0.083302 -0.049659 -0.230835 0.050026 0.095246 -0.116121 
0.843093 0.129852 0.473803 0.375748 -0.086300 -0.078892 -0.315391 -0.355334 -0.068000 -0.064568 -0.105155 -0.305457 0.042581 0.198746 -0.046038 
0.946472 0.069281 0.532290 0.188552 -0.042920 0.042351 -0.262630 -0.299365 0.019610 -0.082173 0.025542 -0.258428 0.043172 0.138328 -0.101106 
0.578277 0.154368 0.463610 0.274756 -0.020393 -0.134526 -0.315660 -0.372828 -0.057391 -0.080428 -0.072787 -0.351057 0.086008 0.213243 -0.116497 
-0.075264 0.311151 0.259880 0.210314 -0.110054 -0.091911 -0.184851 -0.279203 -0.199650 -0.164312 0.047635 -0.161895 -0.066028 0.106752 0.017591 
