city022_086
RYAKUZU
64
-0.293960 0.148174 0.016612 0.255587 -0.130752 0.129533 -0.038396 -0.010941 -0.122738 0.070469 -0.033591 0.039398 -0.027538 -0.049643 0.069839 
0.278300 0.558379 0.494034 0.434940 0.017555 0.165478 -0.057755 -0.063529 -0.078592 0.003668 -0.206648 -0.039218 -0.102851 -0.056183 -0.069598 
0.668761 -0.168348 0.784345 0.233234 -0.184880 0.228517 -0.176857 -0.081739 -0.177674 -0.238018 -0.153333 0.046192 -0.271266 -0.072825 0.028781 
0.861093 -0.101161 1.174249 0.057621 -0.327197 0.080547 -0.355831 0.067433 -0.242451 -0.184323 -0.115026 0.083260 -0.137266 -0.044404 0.054054 
0.914614 -0.358475 1.305127 0.092897 -0.335452 0.043962 -0.410615 0.062564 -0.236833 -0.249310 -0.106334 0.120953 -0.173644 0.007412 0.041000 
1.019681 -0.632955 1.319118 0.026306 -0.365996 0.031852 -0.436411 0.073334 -0.266698 -0.241150 -0.056910 0.072541 -0.107149 -0.002239 0.049474 
1.116169 -0.818697 1.367708 -0.006599 -0.406680 0.001487 -0.469271 0.095667 -0.315320 -0.207098 -0.063411 0.111415 -0.089626 0.011539 0.068788 
1.081145 -0.825404 0.972962 -0.182274 -0.232866 -0.115359 -0.258607 -0.069921 -0.346511 -0.146726 -0.065663 0.157703 -0.089342 0.019539 0.111415 
1.102493 -0.954028 0.936828 -0.177762 -0.185692 -0.231494 -0.211232 -0.046508 -0.372718 -0.020521 -0.047639 0.126035 -0.034293 0.078606 0.031274 
1.114905 -1.090066 0.911999 -0.149205 -0.240170 -0.372434 -0.196180 0.088033 -0.227153 -0.007803 0.098267 0.077013 0.037525 0.127587 -0.073963 
1.179784 -1.081145 0.812617 -0.096042 -0.299497 -0.425534 -0.288012 0.098290 -0.027644 -0.079302 0.196199 0.112075 0.025556 0.229648 -0.158132 
1.256355 -0.953146 0.624934 -0.129787 -0.117069 -0.539208 -0.367350 0.189982 -0.078466 0.106788 0.031092 0.174761 0.086479 0.139156 -0.057117 
1.408850 -0.940569 0.420470 -0.188498 0.074746 -0.553745 -0.384440 0.208718 -0.112216 0.214012 -0.043941 0.147788 0.061965 0.097144 0.026051 
1.565653 -0.969719 0.290947 -0.198560 0.147914 -0.454864 -0.364463 0.064519 -0.198846 0.336075 -0.169444 0.149793 0.056785 0.112104 0.075549 
1.600214 -0.692784 0.137877 -0.019537 0.236770 -0.509958 -0.315942 0.010384 -0.283657 0.345783 -0.127714 0.044692 -0.011153 0.180913 0.141102 
1.418024 -0.336661 -0.017264 0.186408 0.129061 -0.257558 -0.282818 -0.125021 -0.282421 0.296923 -0.055866 -0.073410 -0.109018 0.219220 0.139477 
0.724319 0.116803 0.001596 0.295854 -0.182288 -0.074048 -0.175089 -0.024781 -0.094701 0.121227 0.023533 -0.077422 0.022694 0.097663 -0.001838 
0.381497 0.157109 0.138847 0.310983 -0.238778 -0.136420 -0.167244 -0.005510 0.002152 0.060147 -0.080961 0.022248 0.087533 0.020133 -0.054370 
0.110146 -0.035103 -0.091380 0.223149 -0.161888 -0.023066 -0.326371 -0.079922 0.057822 0.001666 -0.056798 0.015309 0.079407 0.023982 -0.027599 
0.004335 -0.368023 -0.349387 0.290048 0.033062 -0.005399 -0.124082 -0.163289 -0.059904 0.082010 0.098036 0.077540 -0.215244 0.020109 0.065181 
0.110606 -0.238976 -0.086777 0.399794 -0.116596 -0.214255 -0.215838 -0.060862 -0.159678 0.116048 -0.066601 0.029936 0.014535 0.027948 0.054804 
0.548644 -0.733299 -0.574260 -0.165999 0.064114 0.115957 -0.036026 0.011040 -0.049157 0.122391 -0.068773 0.066837 -0.120911 0.069402 -0.050843 
1.129963 -0.820914 -0.481594 -0.370029 0.325058 0.021554 -0.023502 -0.028233 -0.070513 0.184952 -0.165674 0.119245 -0.124692 0.125108 -0.069285 
1.247115 -0.347649 -0.527957 0.046363 0.277770 -0.026058 -0.167934 -0.184868 -0.165295 0.164726 -0.000089 0.100474 -0.155446 0.087788 -0.067112 
1.446534 -0.285667 0.154254 0.188481 0.084522 0.029262 -0.244915 -0.201768 -0.381157 0.101892 -0.007128 -0.071625 -0.241718 0.117685 0.080698 
1.538227 -0.462797 0.401823 0.017209 0.088509 0.018668 -0.227587 -0.107096 -0.487924 0.152636 -0.052565 -0.106980 -0.147150 0.110282 0.037816 
1.463611 -0.480832 0.450190 -0.019807 0.108177 0.030502 -0.274989 -0.101338 -0.456778 0.122876 -0.003807 -0.142508 -0.111619 0.079142 0.046343 
1.547751 -0.594061 0.597231 -0.124708 0.132621 0.007429 -0.300518 -0.055952 -0.530124 0.202990 -0.046342 -0.118500 -0.131826 0.133035 0.039757 
1.613698 -0.674879 0.631024 -0.118135 0.124481 0.032086 -0.386250 -0.053642 -0.500531 0.242375 -0.067860 -0.165020 -0.090573 0.155383 0.031507 
1.458985 -0.690384 0.710527 -0.082141 0.127847 -0.052571 -0.416257 -0.024095 -0.439828 0.239681 -0.102715 -0.187610 -0.050748 0.200298 0.023928 
1.349500 -0.714291 0.750524 -0.028684 0.110375 -0.094434 -0.398596 -0.048800 -0.366487 0.220305 -0.150483 -0.176310 -0.016044 0.183725 0.025322 
1.266524 -0.712563 0.746573 0.042280 0.104433 -0.052105 -0.409862 -0.053878 -0.330817 0.198907 -0.170332 -0.203163 -0.017130 0.175826 0.007923 
1.031166 -0.454854 0.692360 -0.033328 0.309361 -0.142132 -0.231929 -0.198170 -0.279585 0.238663 -0.215482 -0.172910 -0.136095 0.237153 -0.060102 
0.900101 -0.298255 0.555299 0.028127 0.299425 -0.152395 -0.215267 -0.191355 -0.248073 0.265150 -0.218806 -0.146142 -0.122935 0.232345 -0.055629 
0.697711 -0.294522 0.486909 0.123669 0.311451 -0.173372 -0.105345 -0.312093 -0.201978 0.229562 -0.251406 -0.067839 -0.267830 0.277536 -0.068893 
0.504978 -0.047998 0.478270 0.041505 0.359169 -0.211931 -0.043647 -0.278296 -0.247830 0.275458 -0.281960 -0.060208 -0.189471 0.189697 -0.060048 
0.557738 -0.044371 0.435261 0.042512 0.341737 -0.175225 -0.025169 -0.369545 -0.152095 0.286733 -0.272029 -0.076699 -0.156405 0.187063 -0.073360 
0.628197 -0.175733 0.450878 0.074202 0.265722 -0.113294 -0.026195 -0.347417 -0.162299 0.178166 -0.205133 -0.058580 -0.209437 0.223931 -0.155693 
0.619678 -0.026199 0.483477 -0.082027 0.362369 -0.101583 -0.079597 -0.379101 -0.185063 0.237412 -0.188119 -0.090525 -0.197090 0.180449 -0.067394 
0.750221 -0.135222 0.521545 -0.043098 0.247533 -0.061348 -0.126263 -0.355864 -0.192442 0.255498 -0.168899 -0.135089 -0.113368 0.156335 -0.032743 
0.928561 -0.300904 0.579587 -0.052710 0.267417 -0.063662 -0.191421 -0.270544 -0.276257 0.287404 -0.166247 -0.181535 -0.109764 0.207227 -0.107382 
0.949628 -0.438112 0.655301 -0.025005 0.257616 -0.038451 -0.260272 -0.249066 -0.207814 0.276938 -0.248638 -0.154257 -0.092324 0.181351 -0.046926 
1.095804 -0.504269 0.699666 -0.047599 0.246895 -0.004686 -0.322828 -0.226843 -0.211874 0.257094 -0.262071 -0.160778 -0.094610 0.192324 -0.055884 
1.091755 -0.483170 0.766894 -0.078917 0.272824 -0.026757 -0.378286 -0.172754 -0.245567 0.260209 -0.244671 -0.232339 -0.024159 0.171467 -0.045655 
1.254141 -0.586329 0.851402 -0.123587 0.230807 -0.011022 -0.453134 -0.090903 -0.305367 0.308429 -0.283297 -0.213085 0.034034 0.133905 -0.017589 
1.289652 -0.638765 0.883640 -0.127859 0.217561 -0.039506 -0.447289 -0.085634 -0.268147 0.264888 -0.290813 -0.189346 0.043203 0.137356 -0.049009 
1.374188 -0.725459 0.872322 -0.157161 0.244153 -0.069369 -0.461687 -0.057791 -0.267878 0.282548 -0.367898 -0.126713 0.027210 0.157691 -0.092723 
1.323745 -0.684330 0.898230 -0.102652 0.165250 -0.046487 -0.458367 -0.096311 -0.196277 0.216590 -0.270601 -0.178067 0.073459 0.141691 -0.064930 
1.329597 -0.688224 0.910636 -0.171299 0.203162 -0.059103 -0.455117 -0.048944 -0.253972 0.240088 -0.335097 -0.123713 0.060935 0.117815 -0.098675 
1.301886 -0.638427 0.875567 -0.135860 0.196379 -0.063849 -0.440743 -0.075992 -0.251721 0.238957 -0.315618 -0.153764 0.058909 0.133871 -0.102792 
1.332016 -0.710758 0.911902 -0.088275 0.136452 -0.042066 -0.458675 -0.096208 -0.218507 0.215600 -0.291641 -0.172190 0.076805 0.138695 -0.104044 
1.315137 -0.672677 0.888763 -0.104126 0.167263 -0.078210 -0.472135 -0.086426 -0.232440 0.206689 -0.301603 -0.188394 0.116646 0.113881 -0.106806 
1.339671 -0.548919 0.824215 -0.042224 0.109404 -0.100803 -0.475010 -0.085797 -0.261689 0.216696 -0.309935 -0.178844 0.120972 0.142569 -0.133620 
1.422796 -0.389632 0.737249 0.037148 -0.002809 -0.153031 -0.424450 -0.049823 -0.280487 0.171939 -0.333513 -0.100507 0.151190 0.087233 -0.166972 
1.449985 -0.233349 0.682874 0.024380 0.004079 -0.096303 -0.475011 -0.083248 -0.293097 0.201611 -0.293106 -0.135120 0.170886 0.092574 -0.109178 
1.258793 -0.241584 0.594003 0.075768 0.068584 -0.195048 -0.497261 -0.064906 -0.261458 0.150739 -0.381312 -0.092964 0.142034 0.127456 -0.151778 
1.016137 -0.146732 0.552727 0.108453 0.026324 -0.187954 -0.374656 -0.102307 -0.308576 0.106036 -0.363787 -0.125575 0.174496 -0.010465 -0.116884 
1.159286 0.008747 0.546726 0.098190 0.126211 -0.214479 -0.433918 -0.076822 -0.268982 0.222344 -0.389264 -0.155081 0.218865 0.054592 -0.141072 
0.959060 0.177238 0.392709 0.300103 -0.006144 -0.273390 -0.403191 -0.170974 -0.147948 0.128481 -0.371235 -0.143691 0.285870 0.085898 -0.211419 
1.086536 0.441212 0.323252 0.361204 -0.004169 -0.289120 -0.421505 -0.142586 -0.149705 0.066958 -0.339031 -0.139970 0.318545 0.018285 -0.135830 
0.044176 0.084804 0.303912 0.294925 -0.062726 -0.264392 -0.361262 -0.205065 -0.180511 0.024618 -0.302545 -0.029378 0.131639 0.049524 -0.016128 
0.218844 -0.184241 0.548768 0.198769 0.207716 -0.227868 -0.209420 -0.076360 -0.149559 0.264250 -0.432695 -0.093841 0.187096 -0.016471 -0.156809 
0.448110 0.053726 0.302141 0.411672 -0.001147 -0.203310 -0.243510 -0.118975 -0.250664 0.083531 -0.335626 -0.168909 0.194864 -0.095145 -0.103943 
0.178349 -0.253275 0.298142 0.384488 0.134810 -0.386344 -0.266159 -0.105229 -0.202768 0.226487 -0.424336 -0.150321 0.288756 -0.018408 -0.171533 
