city022_039
RAUSU
62
-0.332633 0.164546 0.041876 0.234102 -0.150054 0.052584 -0.114752 -0.015542 -0.113496 0.110143 -0.104804 0.079629 -0.074941 0.046999 -0.009356 
0.576837 0.491775 0.103487 0.214998 -0.080427 0.127844 -0.202615 0.016669 -0.094711 0.023539 -0.101466 0.111711 -0.170109 0.124169 -0.051732 
1.521781 -0.200539 -0.306625 0.432899 0.033838 0.380687 -0.373553 -0.278007 -0.055060 0.059289 -0.292132 0.009747 -0.004463 -0.051367 -0.079262 
1.551429 -0.117020 -0.307058 0.321465 0.107418 0.314752 -0.425399 -0.354590 -0.068056 0.025968 -0.262375 -0.076029 0.009244 -0.045859 -0.031120 
1.717850 -0.328476 -0.307913 0.585347 0.054352 0.142423 -0.512518 -0.260474 -0.089140 0.043541 -0.248153 -0.128590 0.050701 -0.036657 -0.014824 
1.975414 -0.537513 -0.173536 0.699214 -0.184137 0.018981 -0.440532 -0.315232 -0.017717 0.030085 -0.231132 0.005736 0.030513 0.022788 0.022039 
2.033822 -0.818483 0.072820 0.476126 -0.254590 -0.065625 -0.489475 -0.201615 -0.034507 -0.024130 -0.010997 0.098175 0.000680 0.082211 0.067673 
1.875244 -1.003096 0.364214 -0.161678 -0.231829 0.085508 -0.534924 -0.188054 0.002416 0.148534 0.143401 0.154270 -0.125213 0.158296 0.112281 
1.580469 -0.902176 0.378671 -0.507217 -0.149500 -0.041444 -0.379977 -0.146924 -0.051190 0.268003 0.233738 0.138903 -0.131640 0.161670 0.008268 
1.648890 -0.802994 0.269727 -0.514594 -0.126264 -0.048381 -0.366684 -0.028026 -0.074342 0.278203 0.253328 0.128746 -0.155440 0.073764 0.010282 
1.669207 -0.922573 0.325193 -0.628252 -0.080758 -0.062602 -0.245928 0.056976 -0.152327 0.322228 0.258767 0.093095 -0.231987 0.051600 -0.031722 
1.530287 -0.940325 0.271419 -0.646621 -0.098591 -0.063823 -0.208863 0.084425 -0.135228 0.266759 0.279729 0.071212 -0.197127 -0.019958 -0.019979 
1.593782 -1.026503 0.298798 -0.691939 -0.096637 -0.068082 -0.209987 0.133197 -0.209863 0.307224 0.228936 0.111556 -0.217079 0.033417 -0.049415 
1.529807 -1.055792 0.288141 -0.676065 -0.125502 -0.035389 -0.218938 0.065593 -0.154467 0.221244 0.316760 0.092746 -0.206230 0.073998 -0.103217 
1.457532 -0.976897 0.361280 -0.663800 -0.144236 -0.030834 -0.205224 -0.050898 -0.173588 0.274641 0.293618 0.040971 -0.084124 0.097153 -0.129576 
1.495398 -0.979558 0.353377 -0.585634 -0.111090 -0.113749 -0.180385 -0.159221 -0.245867 0.308168 0.264986 0.072940 -0.016794 0.131918 -0.089797 
1.441526 -1.063863 0.361401 -0.511456 -0.063921 -0.159000 -0.212506 -0.184029 -0.314330 0.305930 0.217769 0.148476 -0.026892 0.154211 -0.065013 
1.698660 -0.947977 0.324498 -0.378420 -0.157728 -0.019074 -0.267780 -0.166064 -0.347835 0.195536 0.180065 0.091791 0.070634 0.096938 -0.068306 
1.978286 -0.910944 0.407534 -0.357376 -0.145779 0.156655 -0.319914 -0.127702 -0.511833 0.207864 0.079436 0.046349 0.131605 0.017836 -0.097104 
1.694918 -0.547034 0.306758 -0.353502 -0.033139 0.152644 -0.277679 -0.215883 -0.483125 0.089875 0.019031 0.012584 0.090639 0.046535 -0.107507 
1.743412 -0.574621 0.532423 -0.354295 -0.058139 0.170351 -0.277584 -0.133472 -0.563619 0.117397 -0.052007 0.021941 0.031907 0.050358 -0.086253 
1.694963 -0.447498 0.552873 -0.302218 -0.026760 0.186251 -0.267756 -0.110216 -0.576132 0.166174 -0.086784 -0.054300 0.035484 0.022077 -0.089240 
1.742390 -0.495960 0.586123 -0.122648 0.005755 0.257737 -0.361610 -0.153486 -0.548012 0.253750 0.005683 -0.142627 -0.080723 0.073997 -0.100870 
1.590439 -0.510804 0.564550 -0.055635 0.144018 0.169990 -0.393272 -0.128358 -0.488534 0.279978 -0.081223 -0.237360 -0.081438 0.100095 -0.071513 
1.573596 -0.471228 0.516978 0.138846 0.106104 0.106659 -0.475704 -0.040136 -0.371011 0.244231 -0.119664 -0.330223 0.017179 0.144811 -0.062995 
1.341008 -0.429582 0.548851 0.128354 0.200195 0.027284 -0.408280 -0.054039 -0.374216 0.250004 -0.194527 -0.335232 0.017764 0.134654 -0.107212 
1.221682 -0.173648 0.637596 0.246395 0.147612 -0.063017 -0.382090 0.008949 -0.269461 0.250581 -0.222485 -0.272260 0.067282 0.207754 -0.163173 
0.874364 0.045937 0.638205 0.151770 0.378336 -0.199559 -0.293196 -0.047493 -0.255084 0.317158 -0.351992 -0.142086 -0.052746 0.221931 -0.086364 
0.679661 0.052510 0.530702 0.194754 0.289490 -0.350002 -0.113951 -0.019485 -0.282553 0.232263 -0.384827 -0.054633 0.046555 0.035137 -0.149607 
0.315457 0.309468 0.496855 0.046669 0.433845 -0.243151 -0.060644 -0.061355 -0.353142 0.244606 -0.293230 -0.061179 -0.132812 0.064129 -0.038800 
-0.034745 0.138062 0.512603 -0.031315 0.579993 -0.414883 -0.093858 0.005687 -0.290248 0.173075 -0.280963 -0.008331 -0.119630 0.078156 -0.057182 
-0.536886 -0.291139 0.336058 -0.273875 0.451700 -0.512495 0.082499 0.157775 -0.237898 0.238282 -0.170244 0.092157 -0.057373 0.074170 -0.028223 
-0.687059 -0.516173 -0.012205 -0.335559 0.233369 -0.492894 0.130538 0.225052 -0.020059 0.073116 -0.171208 0.182948 -0.141675 0.001856 -0.009375 
-0.521859 -0.602816 0.026947 -0.311589 0.239895 -0.362040 0.179987 0.085629 -0.153468 0.277384 -0.241319 0.073324 0.013271 -0.038732 0.002079 
-0.506336 -0.381052 0.261957 -0.360287 0.239750 -0.403014 -0.002220 0.030659 -0.110230 0.208347 -0.101208 0.139745 -0.128493 0.061745 0.075343 
-0.487010 -0.616212 0.118133 -0.338728 0.170280 -0.481695 0.113093 0.274412 -0.133032 0.129377 -0.053548 0.036819 -0.100080 0.043066 -0.041860 
-0.608880 -0.387906 0.213949 -0.295330 0.212531 -0.444226 0.034593 0.088010 0.046319 0.108514 -0.187410 0.116068 0.028716 -0.039779 -0.040181 
-0.530749 -0.501164 0.157938 -0.342060 0.125994 -0.435449 0.244970 0.044718 -0.233112 0.335715 -0.105385 0.037373 -0.110713 0.089658 0.005365 
-0.572152 -0.492080 0.139298 -0.396796 0.262081 -0.343533 0.182100 0.042328 -0.284050 0.281195 0.047448 -0.095128 -0.101009 0.173650 -0.048873 
-0.625396 -0.553074 0.206361 -0.385502 0.145821 -0.547033 0.281612 0.137518 -0.156898 0.241334 -0.087262 -0.004143 -0.081533 0.094978 -0.091856 
-0.769397 -0.622019 0.136340 -0.428075 0.163495 -0.379870 0.329330 0.098578 -0.085969 0.110113 -0.192792 0.134271 -0.117443 0.040563 0.031136 
-0.771856 -0.420869 0.251481 -0.323560 0.287987 -0.427800 0.097420 0.050433 -0.170576 0.265494 -0.109100 0.027625 -0.085717 0.140682 -0.064759 
-0.523599 -0.323396 0.203013 -0.398805 0.200235 -0.461963 0.096636 -0.059010 -0.072025 0.312369 -0.134672 0.054047 -0.023242 0.068528 -0.074667 
-0.645191 -0.482818 0.266169 -0.416119 0.333256 -0.202063 0.294321 0.024086 -0.256229 0.166871 -0.114581 0.078774 0.003976 -0.002957 -0.005910 
-0.722286 -0.319937 0.153296 -0.461756 0.335486 -0.513654 0.151041 0.108283 -0.016869 0.197372 -0.309952 0.226257 -0.082370 0.010571 -0.056389 
-0.439262 -0.454727 0.114527 -0.463880 0.132634 -0.379155 0.211854 0.191358 -0.077966 0.204913 -0.315801 0.194171 -0.106546 -0.025701 0.009231 
-0.517713 -0.571550 0.140394 -0.456885 0.311569 -0.229137 0.019430 0.149062 -0.144511 0.233719 -0.237921 0.112121 -0.030611 0.002345 0.003705 
-0.325225 -0.494806 0.149526 -0.226508 0.269203 -0.331564 -0.135701 0.088139 -0.030562 0.321558 -0.319861 0.063886 0.058769 0.056217 -0.108638 
0.773759 -0.239804 0.388177 -0.099570 0.133784 0.074727 -0.339521 -0.112165 -0.342465 0.329616 -0.087349 -0.111679 -0.033715 0.063542 0.064630 
1.182544 -0.245763 0.481424 0.103678 0.123475 0.099135 -0.395480 -0.145978 -0.330571 0.220490 -0.073216 -0.201230 -0.152837 0.180973 0.058175 
1.213617 -0.295688 0.454377 0.108617 0.083793 0.027881 -0.373093 -0.160329 -0.289748 0.190144 -0.058543 -0.198447 -0.105764 0.204157 0.037551 
1.263042 -0.427717 0.546519 0.099213 0.062906 0.109302 -0.454993 -0.086035 -0.372669 0.241090 -0.114768 -0.196095 -0.094021 0.147250 0.069321 
1.127121 -0.313408 0.543882 0.051958 0.103016 0.029946 -0.477016 -0.202366 -0.346525 0.234841 -0.088947 -0.280937 -0.080046 0.259762 0.041400 
1.208071 -0.348588 0.583512 0.078115 0.037179 0.054419 -0.512789 -0.166129 -0.309600 0.183162 -0.065319 -0.286448 -0.041860 0.266193 0.003819 
1.209070 -0.424297 0.619711 0.056403 0.015976 0.071954 -0.526928 -0.152872 -0.284133 0.222804 -0.083344 -0.211847 -0.070270 0.276576 0.044099 
1.293984 -0.378500 0.526003 0.102130 -0.041523 0.078180 -0.478164 -0.130363 -0.282662 0.198430 -0.057085 -0.159965 -0.084044 0.270583 -0.021921 
0.981818 -0.083481 0.371756 0.170629 0.001936 0.015231 -0.516645 -0.220607 -0.296358 0.227455 -0.059685 -0.304498 -0.001195 0.305700 -0.012877 
1.161028 -0.339327 0.525264 0.088571 0.028349 0.054950 -0.569166 -0.126238 -0.375150 0.261577 -0.078300 -0.300210 0.003753 0.248477 0.037441 
0.698689 0.061374 0.241426 0.146818 0.085394 -0.045068 -0.394912 -0.208087 -0.284391 0.249533 -0.173919 -0.241753 0.071130 0.142155 -0.065749 
0.958979 -0.022731 0.364330 0.083644 0.111411 -0.031820 -0.500252 -0.220446 -0.302501 0.200721 -0.079786 -0.261286 -0.031522 0.266866 -0.004592 
0.210366 0.224584 -0.012802 0.339187 -0.086918 -0.043090 -0.451318 -0.380994 -0.184820 0.153100 -0.122166 -0.204613 0.021637 0.210751 0.101352 
0.039302 0.185003 -0.047036 0.212448 -0.185926 0.025610 -0.200333 -0.074459 -0.101338 0.113518 -0.084891 0.026891 -0.019002 0.085882 -0.068819 
