city022_013
SUGAMO
51
-0.689772 -0.276735 0.149545 -0.075471 0.211846 -0.293169 0.260858 -0.014731 -0.022881 -0.127233 0.151886 -0.027909 -0.043190 -0.018963 0.081131 
-0.844321 -0.546998 0.153384 -0.303829 0.369693 -0.323954 0.303668 -0.069555 -0.010900 -0.015935 -0.057239 0.074256 -0.053332 0.093922 -0.091968 
-0.847454 -0.616304 0.258352 -0.354351 0.368994 -0.264191 0.311191 -0.192164 0.130758 -0.144610 0.000580 0.104220 -0.031578 0.007402 -0.079906 
-0.749705 -0.614818 0.238326 -0.177497 0.347284 -0.444944 0.217082 -0.144605 0.249403 -0.209557 0.033852 0.052433 0.001361 -0.018363 -0.063117 
-0.642818 -0.401837 0.321831 -0.109513 0.435713 -0.316208 0.384234 -0.164915 0.046587 0.007310 0.027362 -0.026997 0.044196 0.037034 -0.092782 
-0.413494 -0.360736 0.268763 -0.401603 0.238950 -0.556182 0.220252 0.031765 0.111128 -0.072593 0.048922 -0.036845 0.072096 -0.087482 -0.020746 
-0.308520 -0.289547 0.000166 -0.260104 0.337636 -0.511337 0.233079 0.028322 -0.050118 0.029350 0.040657 -0.011177 -0.086099 0.094242 -0.037644 
-0.339613 -0.260805 0.059590 -0.171498 0.219515 -0.464121 0.120142 -0.047233 0.139842 0.082727 -0.174332 0.060917 0.050140 -0.025023 -0.029542 
0.766457 -0.051907 0.321655 0.116698 0.195123 -0.191284 0.009684 -0.211454 -0.107255 0.005498 -0.004283 -0.102914 -0.021658 -0.039201 0.114995 
1.479281 -0.298203 0.451929 0.020851 0.155348 -0.041028 -0.226709 -0.359130 -0.187576 0.067526 0.153902 -0.298591 -0.004252 0.044289 0.158867 
1.622308 -0.449655 0.282117 0.119420 0.140191 -0.054481 -0.248897 -0.309074 -0.279298 0.137919 0.058168 -0.325080 0.005776 0.039506 0.186759 
1.761966 -0.614533 0.368450 0.105435 0.099536 -0.043085 -0.286023 -0.296730 -0.260791 0.129784 0.049061 -0.314223 0.001162 0.101349 0.136855 
1.701334 -0.635120 0.494322 0.068608 0.153367 -0.074051 -0.296266 -0.251284 -0.280160 0.117207 0.092692 -0.333722 -0.012072 0.090964 0.170377 
1.635183 -0.650578 0.499854 0.101292 0.180912 -0.058604 -0.264375 -0.256960 -0.292186 0.082545 0.099999 -0.367636 -0.049822 0.100116 0.139654 
1.465695 -0.610885 0.567935 0.130530 0.203342 0.003825 -0.265117 -0.216193 -0.328043 0.069050 0.094942 -0.388824 -0.073008 0.044462 0.131509 
1.446684 -0.475073 0.393323 0.240424 0.111501 0.005409 -0.216302 -0.205776 -0.249888 0.001272 0.090000 -0.333819 -0.089105 0.112406 0.044972 
1.453630 -0.469236 0.332238 0.276249 0.108653 -0.060556 -0.198497 -0.310523 -0.177281 -0.010555 0.070481 -0.349805 -0.068816 0.140396 0.048077 
1.540652 -0.530168 0.340356 0.258673 0.044408 -0.101269 -0.280486 -0.230416 -0.204482 0.013935 0.043779 -0.339992 0.003733 0.165367 0.060849 
1.616163 -0.731241 0.581358 0.106165 0.073996 -0.136236 -0.341286 -0.236407 -0.192296 0.063212 0.064870 -0.345623 0.060211 0.160826 0.122329 
1.697498 -0.846825 0.669102 -0.068337 -0.012017 -0.148463 -0.339392 -0.187636 -0.247748 0.107979 0.113169 -0.239029 0.102640 0.141297 0.114437 
1.741034 -0.944938 0.615023 -0.245400 -0.003428 -0.100400 -0.381159 -0.213492 -0.266670 0.149614 0.230549 -0.244686 0.142616 0.114845 0.119114 
1.638623 -0.969197 0.615102 -0.449939 0.025778 -0.149752 -0.296157 -0.257592 -0.151448 0.210671 0.294378 -0.149072 0.048186 0.155080 0.114574 
1.339549 -0.978254 0.433111 -0.450737 -0.031689 -0.260042 -0.284873 -0.161406 -0.045517 0.187491 0.234117 0.015723 0.010888 0.166968 0.030275 
1.487242 -1.130410 0.380862 -0.661380 0.072470 -0.264295 -0.158861 -0.229940 0.033988 0.142818 0.265388 0.091822 -0.028280 0.060450 0.021288 
1.323738 -1.096143 0.220104 -0.652720 -0.104858 -0.052443 -0.117214 -0.192720 -0.030248 0.182012 0.344852 0.104805 -0.108074 -0.022979 -0.029567 
1.349091 -1.365637 0.269266 -0.663281 -0.126314 -0.147750 -0.003008 -0.146723 0.012714 0.083925 0.360985 0.133828 -0.068980 -0.087788 -0.074394 
1.487652 -1.360802 0.243771 -0.706547 -0.097773 -0.187744 0.043666 -0.078311 0.030971 0.024447 0.312895 0.120194 -0.024259 -0.100570 -0.101607 
1.485071 -1.161923 0.243913 -0.773167 -0.150785 -0.147474 0.076786 -0.021975 -0.073589 0.104599 0.221254 0.118235 0.009948 -0.066502 -0.103523 
1.566601 -1.047903 0.264492 -0.801503 -0.149026 -0.218046 0.138924 -0.004923 -0.171330 0.053076 0.281785 0.072717 0.059648 0.052786 -0.090311 
1.804786 -0.854180 0.210496 -0.663844 -0.407728 -0.146330 0.093489 0.152231 -0.198542 0.030650 0.281996 -0.123160 0.149678 0.083299 0.006222 
1.940942 -0.666339 0.295695 -0.420747 -0.602052 0.041547 0.014007 0.075374 -0.169589 -0.032728 0.089514 -0.186069 0.187356 0.113052 0.050908 
1.767959 -0.493353 0.490126 -0.326386 -0.587215 0.172738 0.196682 -0.179881 -0.093403 0.012420 0.019191 -0.112741 0.142428 0.056363 0.006701 
1.418983 -0.448656 0.806384 -0.322450 -0.573490 0.328299 0.301685 -0.026114 -0.027427 0.000206 -0.138754 -0.187363 0.068219 0.022674 0.091248 
1.307986 -0.413125 0.785971 -0.266798 -0.588478 0.394820 0.305004 -0.083019 0.051860 -0.062250 -0.127257 -0.158400 0.071800 0.013949 0.097228 
1.360974 -0.370844 0.806131 -0.258785 -0.597723 0.378271 0.238539 -0.123122 0.036050 -0.069979 -0.116540 -0.133600 0.030569 0.043550 0.043444 
1.410629 -0.405896 0.801585 -0.246397 -0.547116 0.224679 0.085562 -0.151752 -0.000869 -0.007880 -0.028002 -0.104881 0.078971 -0.039937 0.053514 
1.714599 -0.422205 0.640542 -0.358460 -0.579427 0.208961 0.014565 -0.201955 0.048361 0.012442 0.069246 -0.060348 0.128010 -0.012203 -0.016138 
1.672618 -0.126645 0.700642 -0.373436 -0.796781 0.035358 -0.084518 -0.146470 0.072365 0.017065 0.086532 -0.132393 0.132710 -0.055221 -0.000160 
1.766289 -0.050138 0.548691 -0.487401 -0.761210 -0.041926 0.002793 -0.165698 0.146079 0.022738 0.021271 -0.117302 0.097801 -0.076740 0.027191 
1.777752 -0.070605 0.549427 -0.534084 -0.778874 0.044171 -0.035891 -0.070855 0.142304 0.025423 0.024868 -0.157407 0.065563 -0.062991 -0.011331 
1.730871 -0.010316 0.474521 -0.537475 -0.787978 -0.022423 -0.014695 -0.088815 0.152016 0.066522 0.056950 -0.139267 0.071854 -0.058243 -0.021142 
1.727868 -0.020259 0.485272 -0.577159 -0.768094 -0.089125 -0.018228 -0.065224 0.110908 0.100397 0.083708 -0.128714 0.082341 -0.029323 -0.052564 
1.768206 0.082499 0.335394 -0.559054 -0.770223 -0.104201 0.016456 -0.094847 0.113035 0.079427 0.060327 -0.134209 0.076560 0.004077 -0.017056 
1.572527 0.139171 0.317730 -0.553560 -0.760519 -0.137570 0.070252 -0.122339 0.110144 0.095964 0.023674 -0.142827 0.098823 -0.032920 0.014837 
1.452675 0.236868 0.220246 -0.598061 -0.897811 -0.131462 0.067159 -0.130874 0.151615 0.076525 0.057422 -0.134681 0.051376 0.099743 -0.023959 
1.595495 0.237136 0.190878 -0.566077 -0.757812 -0.198648 0.061910 -0.094393 0.080846 0.033572 0.144829 -0.198885 0.086393 0.134451 -0.087659 
1.466983 0.360041 0.178270 -0.516689 -0.709285 -0.228768 0.006992 -0.064636 0.007648 0.088419 0.095610 -0.217861 0.136126 0.030466 -0.025912 
1.131292 0.614798 -0.096289 -0.539066 -0.704306 -0.164602 0.010944 0.000264 -0.009141 0.046891 0.127820 -0.176992 0.134498 0.114883 0.009262 
1.320992 0.553354 0.012760 -0.458277 -0.661179 -0.190972 0.060770 0.013703 0.004393 0.058760 0.150709 -0.233579 0.074222 0.061918 -0.049957 
0.813217 0.482329 -0.004065 -0.551339 -0.732318 -0.273431 0.075139 -0.003313 0.070449 0.084896 0.096502 -0.063343 0.034259 0.035174 0.074759 
0.085189 0.298295 -0.067598 -0.354400 -0.512705 -0.155430 0.051315 -0.151234 -0.077693 0.033493 0.213144 0.051906 0.098931 0.083098 0.059277 
