city022_001
AZABU
59
0.096034 0.120182 -0.049331 -0.088204 -0.126511 -0.028737 -0.059002 -0.102798 -0.021860 -0.062683 0.085992 -0.001586 0.054494 -0.078692 0.100417 
1.172984 -0.268058 -0.450542 -0.204001 -0.084456 0.104784 -0.102641 -0.169338 0.219140 0.077397 0.188737 -0.180652 -0.078852 -0.012860 0.047011 
0.913291 -0.444300 -0.469851 -0.169020 -0.049406 -0.092660 -0.003579 -0.029963 0.041026 0.216675 0.157199 -0.285166 0.031600 -0.060242 0.043341 
1.508126 -1.002140 -0.093812 -0.454555 -0.198992 0.213754 -0.108074 0.035186 0.015865 0.127297 0.384908 -0.307668 -0.180141 -0.005320 0.008433 
1.659121 -0.947313 -0.068134 -0.452478 -0.224897 0.169677 -0.065593 0.012890 -0.038368 0.158513 0.343264 -0.215131 -0.142944 -0.052811 0.038721 
1.676527 -1.030738 0.084218 -0.589906 -0.196865 0.118638 0.011434 -0.077114 0.062915 0.202509 0.340429 -0.206485 -0.187635 -0.119793 0.049307 
1.512403 -0.964368 0.174015 -0.671454 -0.133628 0.049322 0.036770 -0.098713 0.027252 0.259430 0.316925 -0.125442 -0.211862 -0.149347 0.042677 
1.505966 -1.050494 0.210463 -0.690488 -0.073944 -0.067510 -0.018318 -0.069045 -0.020142 0.277863 0.291199 -0.054419 -0.168218 -0.138805 0.051116 
1.510031 -1.106420 0.298207 -0.815495 0.043781 -0.173821 -0.081362 -0.081876 0.018056 0.210728 0.324822 -0.026534 -0.068493 -0.137929 0.059436 
1.405831 -1.098034 0.290135 -0.742212 -0.049567 -0.095418 -0.156142 -0.179494 0.044791 0.248598 0.300845 -0.001643 -0.037689 -0.017015 -0.074961 
1.448953 -0.916167 0.332810 -0.697259 -0.067449 -0.033952 -0.237208 -0.266177 0.002644 0.273579 0.275304 -0.043389 0.115689 -0.049843 -0.054798 
1.573868 -0.747658 0.471029 -0.531765 0.019579 0.014238 -0.278968 -0.390850 -0.109824 0.193604 0.203599 -0.061370 0.160831 -0.077450 0.054812 
1.349440 -0.359353 0.254070 -0.192505 0.155586 0.108512 -0.299395 -0.423341 -0.184072 0.068287 0.030002 -0.170696 0.075198 -0.060077 0.017454 
1.085725 -0.056210 0.275304 -0.055489 0.240074 0.168512 -0.163367 -0.357554 -0.139857 0.049118 -0.025854 -0.180183 0.060485 -0.202081 0.072949 
0.600539 -0.009378 0.261839 -0.023206 0.235472 0.101685 -0.034347 -0.436705 -0.110931 0.063779 -0.013473 -0.114698 -0.042369 -0.089149 -0.000579 
0.574948 -0.045553 0.277113 -0.172165 0.215207 0.008484 -0.088689 -0.426144 -0.065528 0.038168 -0.025506 -0.082802 0.060178 -0.152688 0.119755 
0.416434 0.002076 0.341616 -0.230253 0.344318 0.065809 -0.075650 -0.361315 -0.078750 0.099883 0.010057 -0.105698 0.001339 -0.118107 0.082567 
0.353623 -0.104825 0.254720 -0.092230 0.314646 -0.009005 0.015462 -0.432576 -0.146127 0.002288 0.076323 -0.073194 -0.043923 -0.202222 0.140547 
0.785764 -0.236036 0.306823 -0.125705 0.194067 0.055000 -0.086312 -0.441458 -0.112025 -0.023218 0.101949 -0.167791 0.027841 -0.110435 0.063834 
1.242074 -0.330471 0.372142 -0.350236 0.197262 0.096497 -0.139606 -0.539696 -0.118245 0.044600 0.045513 -0.052238 -0.038491 -0.019675 -0.039279 
1.694659 -0.645348 0.570577 -0.412607 0.014080 0.102638 -0.248172 -0.466684 -0.130699 0.039156 0.121107 -0.030181 0.067401 -0.024375 0.003710 
1.716084 -0.907255 0.479660 -0.393739 -0.006261 -0.004540 -0.264910 -0.360206 -0.139827 0.081308 0.119409 0.042908 0.081008 -0.016147 0.031207 
1.586904 -0.923242 0.447804 -0.614152 0.052120 -0.085778 -0.235394 -0.306031 -0.137320 0.251690 0.185039 -0.016998 0.101354 0.030805 -0.026326 
1.473801 -1.032220 0.491895 -0.685543 0.004867 -0.132721 -0.181317 -0.318888 -0.026235 0.276691 0.224075 -0.031925 0.103299 0.020378 -0.047569 
1.499944 -1.101234 0.368263 -0.560307 -0.079263 -0.165041 -0.165982 -0.275496 0.006597 0.270032 0.177129 0.057730 0.019695 0.084905 -0.053783 
1.462301 -1.079859 0.391672 -0.553748 -0.065869 -0.195259 -0.144487 -0.291421 -0.005130 0.253775 0.206629 0.053890 0.007841 0.093959 -0.033067 
1.526579 -1.081630 0.498379 -0.634595 0.028043 -0.198828 -0.160575 -0.285007 -0.105762 0.215758 0.219926 0.050231 0.050336 0.069635 -0.005771 
1.747247 -1.013413 0.492031 -0.489490 0.028881 -0.059760 -0.195415 -0.236163 -0.241168 0.033973 0.156367 0.007082 0.147704 -0.004805 -0.011423 
1.737560 -0.606450 0.493074 -0.507966 -0.105188 0.339477 -0.300909 -0.208107 -0.319397 -0.045488 0.229773 -0.172012 0.232424 -0.057334 -0.133795 
1.287153 -0.419784 0.375565 -0.251913 -0.165764 0.330566 -0.173683 -0.041833 -0.166863 -0.142740 0.183289 -0.210562 0.168838 -0.015207 -0.071845 
1.231560 0.317381 0.175593 -0.053199 -0.028959 0.332113 -0.023015 -0.264814 -0.218431 -0.106053 0.138978 -0.148389 0.030410 -0.032142 -0.108653 
0.961507 0.325437 0.328662 -0.057996 -0.005733 0.330868 0.193410 -0.242577 -0.292496 -0.191065 0.035007 -0.249521 0.112790 -0.061614 -0.188754 
0.954368 0.338775 0.229363 -0.014867 0.008739 0.353636 0.095655 -0.176498 -0.310514 -0.223384 0.044795 -0.186171 0.051058 -0.078851 -0.113345 
0.933436 0.338290 0.142856 0.109874 0.080899 0.390298 0.006525 -0.350034 -0.251338 -0.036389 0.067317 -0.199209 0.002502 -0.136397 -0.192402 
0.899605 0.345317 0.096152 0.113830 0.006844 0.360521 0.081760 -0.258824 -0.188104 -0.209464 0.050663 -0.134930 -0.015505 -0.022169 -0.209875 
0.838546 0.505940 0.082098 0.034056 0.041519 0.257913 0.060068 -0.156181 -0.224919 -0.203318 -0.031122 -0.161389 0.066963 -0.098045 -0.099638 
0.919892 0.477170 0.162478 -0.018524 -0.012710 0.184305 0.194346 -0.223082 -0.305037 -0.126625 0.007012 -0.268612 0.147740 -0.074180 -0.120824 
0.799935 -0.191953 0.556846 -0.149419 -0.015914 0.258757 0.015456 -0.189953 -0.125487 -0.207562 0.234183 -0.160242 -0.050660 0.082635 -0.107253 
1.278971 -0.315826 0.621929 -0.237749 0.035236 0.271034 -0.162954 -0.210457 -0.252744 -0.030999 0.166224 -0.290053 0.114975 -0.032918 -0.138915 
1.514699 -0.546168 0.729222 -0.197996 -0.018331 0.122257 -0.224993 -0.232554 -0.214129 -0.046898 0.053553 -0.190667 0.053118 0.010899 -0.050172 
1.519602 -0.587530 0.894405 -0.348467 0.023785 0.112249 -0.273112 -0.269878 -0.279629 0.050726 0.084475 -0.237391 0.124709 -0.017807 0.005694 
1.616016 -0.656492 0.901256 -0.228750 -0.061274 0.044203 -0.270290 -0.204062 -0.200140 -0.030169 0.064385 -0.239391 0.157337 -0.007532 -0.025019 
1.656459 -0.596356 0.811579 -0.132404 -0.071319 0.013525 -0.258203 -0.179266 -0.161805 -0.064854 0.020682 -0.177722 0.131005 -0.030446 -0.012706 
1.553689 -0.590429 0.816318 -0.152204 -0.031841 0.048114 -0.280262 -0.227514 -0.144352 -0.029092 0.025243 -0.192675 0.096538 0.010917 -0.012457 
1.555431 -0.590026 0.899724 -0.188767 0.034926 0.005187 -0.262268 -0.265866 -0.136171 0.000134 0.010891 -0.208581 0.103498 0.011667 0.005267 
1.430343 -0.570461 0.854294 -0.163516 0.053918 0.043939 -0.286887 -0.305131 -0.150799 0.055677 0.010266 -0.278098 0.104189 0.048024 -0.030960 
1.368428 -0.575556 0.895641 -0.176754 0.113992 0.046154 -0.295504 -0.324394 -0.141629 0.086441 -0.002674 -0.299050 0.075585 0.073121 -0.021199 
1.366185 -0.555175 0.896862 -0.163754 0.124510 0.094289 -0.354574 -0.271089 -0.209735 0.116192 -0.002221 -0.362685 0.118455 0.023345 -0.007784 
1.351907 -0.527787 0.897663 -0.188783 0.182921 0.113899 -0.351434 -0.282218 -0.202201 0.078242 0.046768 -0.415156 0.120180 -0.008974 0.007163 
1.356920 -0.516379 0.780952 -0.091001 0.070653 0.235644 -0.380927 -0.221175 -0.242430 -0.028622 0.089392 -0.421939 0.107522 -0.043423 -0.073446 
1.345565 -0.299794 0.588910 0.010412 0.099178 0.166959 -0.409562 -0.226212 -0.194940 0.008901 0.035922 -0.474851 0.154084 -0.012167 -0.081896 
1.388237 -0.199300 0.648843 0.001826 0.097454 0.016470 -0.308134 -0.295202 -0.115215 -0.018236 -0.016774 -0.411033 0.174465 0.008972 -0.097066 
1.150375 0.031928 0.589691 -0.012980 0.153850 0.051500 -0.395711 -0.334559 -0.174057 0.100761 0.001256 -0.432702 0.165732 0.045775 -0.024957 
1.241314 -0.275129 0.498752 -0.057334 0.163084 0.036865 -0.379885 -0.316663 -0.185480 0.083055 0.018291 -0.440923 0.185559 0.007335 -0.019030 
0.917827 0.017809 0.477662 0.051993 0.215438 -0.014156 -0.373695 -0.270703 -0.146977 0.149855 -0.014098 -0.457840 0.204956 0.013390 0.043863 
0.720421 0.314068 0.484948 0.021632 0.146396 -0.043485 -0.406984 -0.291308 -0.265550 0.166662 -0.057339 -0.484531 0.329350 -0.054014 0.010480 
-0.146468 -0.097884 0.490609 0.052692 0.143453 0.004178 -0.321532 -0.298003 -0.168846 0.213083 -0.101846 -0.416028 0.242898 -0.058940 0.037992 
0.519751 0.120495 0.304225 0.108358 0.131621 0.006863 -0.182237 -0.300632 -0.165350 0.046196 -0.036488 -0.341298 0.185568 -0.131285 -0.003120 
0.308812 0.322598 0.127507 0.238558 0.117497 0.006913 0.048174 -0.270480 -0.138106 0.092253 -0.086172 -0.197575 0.125299 -0.133469 -0.043624 
