city022_053
ZENTSUUJI
94
-0.155702 0.115355 -0.141619 0.090725 -0.179010 0.116433 -0.077034 0.088784 0.037509 0.038014 -0.036873 -0.037575 0.002426 0.084023 -0.138821 
-0.275620 0.217265 0.154423 0.315390 -0.192602 0.009730 -0.084002 0.055530 -0.069704 0.076760 -0.095087 0.065834 -0.047968 0.056936 -0.039231 
0.128248 0.480847 0.181912 0.494950 -0.107239 0.214500 -0.150613 0.017739 0.026648 -0.048746 -0.042381 -0.030988 0.009788 -0.022378 -0.053301 
0.292490 0.578012 0.290292 0.472266 0.072604 0.405594 -0.053525 0.043003 -0.005481 0.073625 0.006662 -0.007236 -0.064153 0.049949 -0.066315 
0.583319 0.593134 0.617956 0.449978 -0.289104 0.304550 -0.094125 -0.205633 -0.067275 -0.013784 -0.243051 -0.095727 -0.019040 -0.108336 -0.102329 
0.742045 0.723338 0.772490 0.373371 -0.478239 0.385638 -0.177428 -0.270997 -0.074875 -0.003171 -0.267069 -0.044741 0.013843 -0.088540 -0.065896 
0.792744 0.550428 0.617995 0.373978 -0.356876 0.405550 -0.034484 -0.322656 -0.048023 0.019016 -0.367015 0.001467 -0.116930 -0.105344 -0.095245 
0.703104 0.676229 0.413593 0.497942 -0.240871 0.127810 -0.033012 -0.264503 -0.052400 -0.010894 -0.268225 -0.054676 -0.005373 -0.095165 -0.092208 
0.760849 0.408227 0.103819 0.681598 -0.016568 -0.040506 -0.170086 -0.090849 0.038510 0.001711 -0.318545 -0.048636 0.082575 -0.046358 -0.167903 
0.835687 0.117650 0.234832 0.410403 0.092863 0.021008 -0.315167 0.004638 -0.036271 -0.021446 -0.310405 -0.006455 0.011025 -0.030380 -0.125329 
0.544616 -0.057702 0.431705 0.403619 0.223718 -0.236894 -0.135356 -0.018580 -0.163356 -0.028883 -0.181038 -0.054718 -0.159274 0.111927 -0.111116 
0.273398 -0.008282 0.657356 0.254276 0.233704 -0.306210 -0.026440 -0.195645 -0.006674 -0.033783 -0.344550 0.009840 -0.016424 -0.011057 -0.160632 
0.747944 -0.177863 0.831686 0.219538 0.099451 -0.175767 -0.289862 -0.070212 -0.073321 0.077170 -0.464228 0.035321 0.094114 -0.014724 -0.166760 
1.124331 -0.355891 0.763764 0.304593 -0.035250 -0.134363 -0.278640 -0.071639 -0.037104 -0.163811 -0.273141 -0.029203 0.028701 0.028495 -0.247647 
1.412042 -0.694719 0.976100 0.179779 -0.137466 -0.184604 -0.398860 0.014734 -0.172178 -0.030805 -0.296424 0.055010 0.116936 0.026356 -0.161687 
1.478919 -0.842751 1.050832 0.019503 -0.126233 -0.251767 -0.407980 0.055677 -0.211477 0.024724 -0.257279 0.101973 0.134363 0.057042 -0.163037 
1.545863 -0.924350 1.027349 -0.187959 -0.194207 -0.214370 -0.398546 0.089451 -0.338944 0.069026 -0.200126 0.147493 0.068330 0.078308 -0.080385 
1.334152 -0.930862 0.952192 -0.195261 -0.154188 -0.304939 -0.345234 -0.015878 -0.233237 0.034954 -0.164936 0.164841 0.069510 0.166928 -0.155790 
1.337521 -1.047142 0.837364 -0.339468 -0.040920 -0.262173 -0.366406 0.004581 -0.322366 0.056463 -0.146071 0.195791 0.063641 0.145048 -0.110147 
1.323915 -1.073894 0.830261 -0.349904 -0.034565 -0.237463 -0.372338 -0.022535 -0.307393 0.032476 -0.079149 0.159819 0.072431 0.128059 -0.084027 
1.321472 -1.136590 0.847940 -0.287530 -0.085069 -0.259964 -0.392742 0.012038 -0.299852 0.076784 -0.073685 0.140286 0.107227 0.117440 -0.077948 
1.318064 -1.037777 0.898063 -0.246597 -0.118978 -0.248487 -0.314147 0.064841 -0.314086 0.111928 -0.125934 0.105486 0.115530 0.045548 -0.082051 
1.352195 -0.917053 1.084983 -0.146068 -0.133043 -0.253791 -0.264699 0.147919 -0.257885 0.116666 -0.154291 0.106346 0.080668 0.028574 -0.121690 
1.387916 -0.775563 1.008669 0.089754 -0.181604 -0.242362 -0.286324 0.158331 -0.259417 0.055287 -0.143396 0.066774 0.109678 0.025831 -0.144339 
1.448420 -0.717700 1.017481 0.284639 -0.220219 -0.156132 -0.295053 0.089299 -0.245486 0.088426 -0.262259 0.092864 0.091589 0.005661 -0.112297 
1.438697 -0.674137 1.055119 0.185873 -0.350276 0.192793 -0.285853 -0.070240 -0.207704 0.071961 -0.213482 -0.032880 0.024997 -0.010586 -0.053726 
1.219241 -0.389257 1.107576 0.003659 -0.444986 0.379133 -0.239312 -0.190925 -0.247954 0.000022 -0.179349 -0.139164 0.011929 -0.025173 -0.067181 
1.140245 -0.367686 1.150881 0.001054 -0.503357 0.442814 -0.254302 -0.198935 -0.205281 -0.075077 -0.150325 -0.179794 0.001453 0.000243 -0.150343 
1.164669 -0.339821 1.204446 0.059462 -0.467420 0.450267 -0.291291 -0.149599 -0.283394 0.041236 -0.227421 -0.151729 -0.020206 -0.006294 -0.127179 
1.194634 -0.299399 1.116737 0.182247 -0.460778 0.433038 -0.276455 -0.182576 -0.210976 -0.020731 -0.174157 -0.197858 -0.011760 0.010597 -0.182941 
1.166910 -0.238520 1.136221 0.138259 -0.378830 0.421568 -0.217050 -0.231678 -0.163816 -0.042593 -0.175448 -0.204837 -0.036474 0.018903 -0.228587 
1.172736 -0.159896 1.079999 0.219562 -0.471918 0.455926 -0.194971 -0.169474 -0.237306 0.023957 -0.203772 -0.198330 -0.039411 0.018162 -0.232448 
1.185171 -0.042356 0.980181 0.359414 -0.430298 0.480933 -0.196273 -0.203484 -0.174719 0.007082 -0.178937 -0.215539 -0.061192 0.050478 -0.280821 
1.160258 0.240975 0.802314 0.421151 -0.448524 0.341353 -0.105604 -0.255916 -0.124637 -0.039746 -0.132876 -0.215047 -0.010219 0.029732 -0.228019 
0.925893 0.407719 0.518666 0.378585 -0.376760 0.220651 -0.100110 -0.289222 -0.186760 0.059883 -0.271352 -0.097541 -0.012680 -0.018972 -0.133097 
0.566962 0.643666 0.428381 0.398566 -0.321345 0.072702 -0.083587 -0.183836 -0.088914 0.049905 -0.151852 0.011377 -0.021206 0.081317 -0.110626 
0.153648 0.395165 0.237341 0.384364 -0.222825 0.280320 -0.033114 -0.104354 -0.081958 0.147728 -0.134197 -0.029498 0.030958 -0.008064 -0.085135 
-0.393236 -0.449770 0.496159 -0.252782 0.123158 -0.021327 -0.140264 0.120909 -0.140661 0.182169 -0.165625 0.112653 -0.080560 0.072305 -0.043738 
-0.627328 -0.761695 0.452413 -0.445989 0.190393 -0.067454 -0.068680 0.146058 -0.170772 0.212706 -0.193630 0.152036 -0.133091 0.105088 -0.055731 
-0.375443 0.100331 0.532582 0.070834 0.037237 -0.059576 -0.245475 0.077377 -0.197446 0.097671 -0.187100 0.033851 0.004480 -0.012704 -0.008788 
-0.765230 -0.183785 0.449214 -0.033876 0.104459 -0.274752 -0.071279 -0.045695 -0.055143 0.155013 -0.216818 0.117327 -0.035304 0.073452 -0.025090 
-0.786562 -0.517281 0.333712 -0.191723 0.297871 -0.171548 -0.041874 0.029517 -0.024187 0.206888 -0.290299 0.142442 -0.020808 0.053906 -0.097360 
-0.927956 -0.490013 0.349018 -0.494633 0.258436 -0.286412 0.097494 -0.017717 0.009173 0.197558 -0.273115 0.190920 -0.097576 0.053737 -0.064994 
-0.777044 -0.282538 0.361118 -0.307968 0.299929 -0.499516 0.127187 -0.057072 0.012140 0.147470 -0.193357 0.137652 -0.039609 0.061350 -0.067508 
-1.091709 -0.498863 0.504826 -0.387034 0.410028 -0.419983 0.154338 -0.061257 -0.007092 0.189203 -0.269911 0.172599 -0.059822 0.036696 -0.008076 
-1.008993 -0.434171 0.395955 -0.595080 0.312180 -0.471213 0.320851 0.135775 -0.169077 0.127603 -0.169768 0.185640 -0.157469 0.027168 0.051296 
-0.831236 -0.566190 0.447462 -0.522095 0.260781 -0.344430 0.079565 0.080026 -0.063559 0.199249 -0.218659 0.137375 -0.068407 0.058032 -0.087465 
-0.610122 -0.470774 0.516499 -0.396761 0.248843 -0.479758 0.127217 0.155460 -0.158729 0.209327 -0.262216 0.234292 -0.049571 -0.084224 0.068284 
-0.361361 -0.426352 0.457340 -0.208495 0.247838 -0.492599 -0.137959 0.210327 -0.149561 0.175024 -0.262794 0.210707 0.059639 -0.085813 -0.007104 
0.736014 -0.113249 0.714207 -0.075537 0.257182 -0.078338 -0.356840 -0.039907 -0.318080 0.286071 -0.198496 -0.188519 0.015440 0.145046 -0.044179 
1.292539 -0.361950 0.680509 0.076871 0.141781 -0.023775 -0.433572 -0.040079 -0.285009 0.223311 -0.180555 -0.233843 -0.009795 0.228695 -0.104413 
1.262704 -0.490665 0.846118 0.083193 0.113978 0.013730 -0.483920 -0.054373 -0.286552 0.208603 -0.229303 -0.191918 -0.095757 0.279221 -0.073853 
1.280093 -0.480675 0.897063 0.066573 0.057945 0.058198 -0.593289 0.031632 -0.263567 0.182065 -0.157774 -0.226321 0.009823 0.275165 -0.089125 
1.306875 -0.468556 0.919138 0.070761 0.074462 0.043290 -0.579666 0.003745 -0.205856 0.126935 -0.112896 -0.264697 0.040573 0.274549 -0.096225 
1.301331 -0.468998 0.918565 0.041585 0.048153 0.120188 -0.626447 -0.021896 -0.216500 0.131810 -0.083993 -0.292363 0.021372 0.294113 -0.093883 
1.394658 -0.451014 0.840807 0.086572 -0.012022 0.178141 -0.678783 0.027209 -0.235321 0.077942 -0.028409 -0.376715 0.079572 0.266742 -0.166311 
1.259351 -0.441542 0.965442 -0.023205 0.100480 0.072132 -0.601975 0.008816 -0.271586 0.153975 -0.095379 -0.280461 0.021274 0.297768 -0.125157 
1.232831 -0.352143 0.890219 0.130204 -0.012346 0.147388 -0.654219 -0.005013 -0.196369 0.081131 -0.081553 -0.333238 0.086364 0.265806 -0.136177 
1.207854 -0.350665 0.920206 0.062626 0.070269 0.100096 -0.639852 0.001012 -0.263737 0.173419 -0.186014 -0.265275 0.026453 0.285837 -0.140625 
1.186816 -0.357284 0.933971 0.125030 -0.012857 0.136335 -0.658163 0.011229 -0.225041 0.098007 -0.171368 -0.274828 0.060572 0.262574 -0.184762 
1.170137 -0.343806 0.902786 0.154253 -0.039423 0.141056 -0.640821 -0.017197 -0.191352 0.017054 -0.149743 -0.329308 0.082564 0.240859 -0.263704 
1.105427 -0.388259 0.908973 0.217407 -0.060946 0.070892 -0.600771 0.005458 -0.182922 -0.077509 -0.121705 -0.355528 0.090987 0.249165 -0.342666 
1.041502 -0.350207 0.986862 0.270025 -0.135862 0.113559 -0.674353 0.125069 -0.221763 -0.124640 -0.108651 -0.367768 0.167310 0.177004 -0.371132 
0.918751 -0.308198 1.106186 0.258403 -0.131182 0.037437 -0.556361 0.097734 -0.219233 -0.105828 -0.197958 -0.213511 0.124461 0.116898 -0.326213 
1.021059 -0.468067 1.203219 0.261904 -0.231313 0.106368 -0.561156 0.171524 -0.233988 -0.205144 -0.109299 -0.214318 0.104983 0.065520 -0.347566 
0.902761 -0.332765 1.235841 0.310280 -0.295568 0.130637 -0.432089 0.132264 -0.204139 -0.211434 -0.072483 -0.158636 0.076865 -0.018142 -0.239921 
0.660764 -0.177042 1.076254 0.396306 -0.225810 0.004506 -0.297448 0.182860 -0.304504 -0.116532 -0.188619 -0.066606 0.082369 -0.200141 -0.099036 
0.194591 -0.051133 1.273239 0.123525 0.064878 -0.060837 -0.317113 0.367045 -0.385386 -0.102793 -0.108106 -0.084233 0.044600 -0.198083 -0.077871 
0.221038 0.230097 1.116701 0.194396 0.076677 -0.148495 -0.256682 0.275815 -0.359668 -0.058305 -0.201972 -0.013614 0.069168 -0.232103 -0.020034 
0.360674 0.224572 0.954152 -0.069670 0.112392 -0.115584 -0.307156 0.272438 -0.383424 0.103383 -0.176808 -0.004487 0.079419 -0.134519 0.022866 
0.027170 0.300573 1.087519 -0.020272 0.209967 -0.152243 -0.253232 0.234655 -0.359192 0.012234 -0.231036 -0.033781 0.059317 -0.214692 -0.000739 
-0.252888 0.144780 1.187561 -0.242368 0.235457 -0.084980 -0.308616 0.309372 -0.424824 0.063439 -0.133618 -0.050678 -0.044494 -0.021641 -0.061605 
-0.067049 -0.087036 1.095943 -0.131037 0.018746 -0.166183 -0.209121 0.234480 -0.369893 0.082233 -0.112239 0.032202 0.005992 -0.064416 0.041016 
-0.119089 -0.074825 1.295542 -0.128342 0.078988 -0.085231 -0.336404 0.324343 -0.352453 -0.045677 -0.091043 -0.032535 0.060183 -0.117977 -0.101233 
0.091497 -0.116665 1.288594 -0.070218 0.065147 -0.085128 -0.351664 0.356913 -0.377627 -0.099217 -0.060173 -0.015701 -0.022097 -0.102963 -0.055930 
0.104660 -0.092434 1.292974 -0.183574 0.155987 -0.149211 -0.327673 0.358017 -0.468075 0.002150 -0.072716 -0.083023 0.025659 -0.102425 -0.029000 
0.015908 -0.088448 1.285151 -0.059580 0.062304 -0.218090 -0.212088 0.206538 -0.411856 -0.076402 -0.083989 -0.092205 0.016603 -0.088066 -0.125544 
0.218646 -0.263263 1.278821 0.131127 -0.244923 -0.050728 -0.216138 0.104378 -0.288430 -0.142543 -0.084053 0.065895 -0.179603 0.060472 -0.107211 
0.307687 -0.346220 1.535161 0.117135 -0.334409 0.024209 -0.254179 0.084540 -0.390301 -0.161836 -0.094269 -0.024801 -0.170139 -0.015825 -0.048534 
0.362057 -0.502995 1.518871 0.189714 -0.401597 0.075343 -0.152313 -0.037560 -0.291670 -0.161792 -0.130324 0.026043 -0.267737 0.038333 -0.025005 
0.538865 -0.459583 1.541482 0.118288 -0.496616 0.258743 -0.291534 0.046366 -0.342986 -0.124040 -0.054031 -0.073349 -0.178378 0.020820 0.012285 
0.401314 -0.345032 1.580234 0.005189 -0.407075 0.177102 -0.195246 -0.033375 -0.290423 -0.075393 -0.066979 -0.055408 -0.150957 0.056682 -0.002875 
0.232776 -0.156173 1.542182 0.137921 -0.479322 0.268896 -0.233604 -0.012374 -0.331233 -0.125669 -0.058661 -0.120753 -0.195068 0.041673 -0.013111 
0.365866 -0.355742 1.668985 0.040395 -0.523779 0.400312 -0.343802 0.018121 -0.326879 -0.180614 0.021121 -0.233179 -0.146463 0.065914 -0.066093 
0.364619 -0.255249 1.632000 0.051368 -0.456871 0.261183 -0.205279 -0.061694 -0.280794 -0.118556 -0.033737 -0.125050 -0.190317 0.126368 -0.079737 
0.303415 -0.235333 1.525026 0.034534 -0.450379 0.357808 -0.296595 0.073537 -0.383230 -0.026545 -0.015283 -0.236125 -0.068198 0.071911 -0.105180 
0.067208 -0.022308 1.568455 0.065033 -0.444734 0.274174 -0.245807 -0.024426 -0.380347 -0.107184 -0.027198 -0.248790 -0.130247 0.078135 -0.081824 
0.034405 -0.005199 1.594725 -0.114979 -0.269963 0.146717 -0.172150 -0.093228 -0.276177 -0.040188 -0.167129 -0.015746 -0.202094 0.122914 -0.099957 
-0.051101 0.162256 1.135879 0.112549 -0.291450 0.194010 -0.206240 -0.000261 -0.318112 -0.044814 -0.119681 -0.101708 -0.143796 0.027077 -0.050447 
-0.045405 -0.099087 1.486236 -0.120521 -0.274953 0.254840 -0.294593 0.078855 -0.410818 -0.037680 -0.023193 -0.255267 -0.039441 0.017570 -0.079414 
-0.232267 0.365669 0.869586 0.163253 -0.236662 0.128766 -0.201597 -0.013155 -0.388871 -0.048008 -0.066334 -0.220264 -0.110347 0.073796 -0.078286 
-0.490007 -0.022211 1.156887 -0.167315 -0.276016 0.137313 -0.245759 0.046581 -0.241824 0.078912 -0.125662 0.038742 -0.026001 -0.005748 0.030134 
-0.159650 0.285446 1.222060 0.041273 -0.368398 0.129346 -0.142964 -0.155555 -0.339834 0.045763 -0.262177 -0.015563 -0.157004 0.060896 -0.047360 
0.054594 0.419721 0.461640 0.306012 -0.142008 0.170169 -0.227535 -0.124463 -0.243296 -0.091769 -0.176379 -0.106312 -0.127081 -0.047479 -0.043343 
