city012_100
HAPPYOO
83
0.059145 -0.346195 -0.439618 -0.202276 0.042812 0.099271 -0.085885 -0.128309 0.076647 0.074755 0.165145 -0.113813 -0.148199 0.142251 -0.109177 
0.363874 -0.756559 -0.481141 -0.243100 -0.059509 0.019685 0.026228 -0.043513 0.218632 -0.011954 -0.006095 0.003916 -0.117987 0.057766 -0.156796 
0.416910 -0.809601 -0.508383 -0.141519 0.076199 0.118767 0.048217 -0.208757 0.157611 0.123721 -0.105228 -0.037612 -0.044896 0.034149 0.021131 
0.238108 -1.197073 -0.244841 -0.152812 0.045871 -0.087406 0.126179 -0.063515 0.075946 0.209836 -0.172868 -0.100071 -0.029238 0.154690 -0.106422 
0.219675 -1.289055 -0.247870 -0.209775 0.234195 -0.031094 0.067524 -0.179801 0.095746 0.209050 -0.187296 0.016632 -0.051755 0.044468 -0.019527 
0.295429 -1.494787 -0.397842 -0.177699 0.202708 -0.018776 0.192005 -0.000577 0.057357 0.023068 -0.345151 0.047339 0.165335 0.086432 -0.055481 
0.332867 -1.438555 -0.217566 -0.355425 0.240626 0.167122 0.117945 -0.147088 0.020273 0.134500 -0.278523 0.014860 0.124847 0.099290 -0.057045 
0.521339 -1.199790 -0.376936 -0.384615 0.348457 0.126084 0.087307 -0.119206 -0.074625 0.144170 -0.218450 0.027084 0.183649 0.071020 -0.242885 
1.420080 -1.185997 -0.077417 -0.635140 0.094563 0.067279 0.051489 -0.051090 -0.027736 0.252736 -0.133940 -0.079763 0.051660 0.024357 -0.094143 
1.626399 -1.400074 0.029185 -0.774421 0.172768 0.045058 0.042814 -0.015063 -0.052346 0.294879 -0.042264 -0.173349 0.008680 0.015326 -0.159605 
1.654613 -1.360947 -0.005962 -0.819305 0.175218 0.033267 0.083043 -0.027107 -0.043921 0.271151 0.105463 -0.294721 -0.045319 0.028679 -0.131830 
1.644708 -1.339120 0.035318 -0.880746 0.101768 0.155229 0.009611 -0.039390 0.013055 0.263528 0.103014 -0.277738 -0.096754 0.054285 -0.204144 
1.541709 -1.248720 -0.004675 -0.845664 0.097414 0.141005 -0.002788 0.016802 -0.063394 0.316908 0.090866 -0.284266 -0.058057 -0.011912 -0.167751 
1.683618 -1.266757 0.000489 -0.877549 0.071825 0.153586 -0.078585 0.054949 -0.094579 0.351933 0.085923 -0.259616 -0.026125 -0.011124 -0.194033 
1.677291 -1.288853 0.000626 -0.813158 0.088306 0.029713 -0.029633 0.043328 -0.105563 0.340630 0.093975 -0.221744 0.009028 -0.005232 -0.223365 
1.735406 -1.261197 0.014611 -0.758782 0.075573 -0.057308 -0.010445 -0.021644 -0.067102 0.329644 0.090782 -0.171844 0.065141 -0.034768 -0.212705 
1.751795 -1.101117 0.057405 -0.672696 -0.040942 -0.011457 -0.064350 -0.132495 -0.019999 0.267686 0.189569 -0.191515 0.134268 -0.014100 -0.237612 
1.744746 -0.237106 0.289711 -0.151649 0.082414 0.240832 0.045233 -0.154369 -0.086648 0.208733 0.194753 -0.120987 0.050455 0.084022 -0.240646 
0.994277 0.164314 0.061209 0.040521 0.186454 0.228704 0.078669 0.052902 0.139413 0.069880 0.232381 -0.065936 0.026531 0.172967 -0.125534 
0.621389 -0.189474 -0.093908 -0.092198 0.108402 0.242136 0.045874 -0.036565 0.024856 0.133243 0.124152 -0.170236 -0.028681 0.150883 -0.114277 
0.366787 -0.231759 -0.353589 -0.272990 -0.101777 0.092162 0.002965 -0.095178 0.067531 0.114853 0.133607 -0.181307 -0.048512 0.105480 -0.169492 
0.046178 -0.447773 -0.510104 -0.274450 -0.099527 0.125430 0.033712 -0.052976 0.078447 0.131607 0.080930 -0.194160 -0.119309 0.147113 -0.151533 
0.206988 -0.410916 -0.391134 -0.343925 0.005318 0.153412 -0.065213 -0.069388 0.047452 0.166074 0.104661 -0.171481 -0.136019 0.134997 -0.118060 
0.026080 -0.454821 -0.480330 -0.456835 -0.046144 0.091626 0.036291 -0.093921 0.014648 0.300884 0.129343 -0.154172 -0.237234 0.062178 -0.173525 
-0.021612 -0.517575 -0.334752 -0.190051 -0.070793 0.113957 -0.066134 -0.078097 0.122766 -0.011163 0.132196 -0.073228 -0.117172 0.142789 -0.167412 
0.028667 -0.311644 -0.152266 -0.080630 0.090461 0.022490 -0.078209 -0.176283 -0.074175 0.121438 0.183011 -0.086376 -0.157446 0.167017 -0.079931 
0.059803 -0.290539 -0.383463 -0.241772 -0.012833 0.156061 0.034956 -0.089334 -0.085817 0.033875 0.174528 -0.062910 -0.089899 0.125026 -0.188482 
-0.008803 -0.262945 -0.107753 -0.007520 0.154608 0.182823 -0.068570 -0.173075 -0.042212 0.010785 0.234938 -0.117875 -0.101994 0.114229 -0.135896 
0.087986 -0.328591 -0.377490 -0.273305 0.038350 0.059985 -0.041886 -0.103710 0.061314 0.123987 0.117204 -0.133453 -0.139356 0.189527 -0.176742 
-0.116778 -0.322231 -0.368584 -0.226216 -0.128806 0.058500 0.037188 -0.200379 0.070992 0.140119 0.178249 -0.147910 -0.075206 0.099182 -0.187226 
-0.086662 -0.153818 -0.238411 -0.133944 0.045193 0.042529 0.001373 -0.120058 -0.093360 0.009388 0.263547 -0.109108 -0.123616 0.172860 -0.153802 
-0.280381 -0.062306 0.005630 -0.149843 -0.054955 0.085027 -0.037588 -0.201072 -0.003149 0.066603 0.107380 -0.081128 -0.066371 0.205941 -0.248797 
0.004544 -0.114424 -0.169690 -0.127737 0.151450 0.092054 -0.089121 -0.044531 0.015213 -0.023943 0.104287 -0.042509 -0.094810 0.168155 -0.170057 
0.003717 -0.322163 -0.287626 -0.178460 0.105641 0.053327 -0.016082 -0.069963 -0.022599 -0.011952 0.146977 -0.012160 -0.182683 0.223950 -0.209815 
-0.293548 -0.276379 -0.100000 -0.236906 -0.000794 0.061267 -0.025927 0.064144 0.051553 0.001867 -0.022491 -0.059646 -0.041248 0.174675 -0.177015 
-0.114459 -0.220493 -0.166900 -0.139407 0.076406 0.127698 -0.030382 0.031637 -0.025289 -0.060265 0.092689 -0.032406 -0.086286 0.208023 -0.219822 
-0.159887 -0.078800 -0.143656 -0.071809 0.252887 0.116494 -0.096651 -0.094516 -0.025008 0.056520 0.148363 -0.121729 -0.083889 0.166653 -0.160012 
-0.120163 -0.211460 -0.100038 -0.034772 -0.066061 0.072625 -0.095443 -0.033344 0.147661 -0.133694 0.095255 -0.029438 -0.064677 0.162121 -0.187089 
-0.195253 -0.210274 -0.118184 0.000786 -0.083362 0.011817 -0.071821 -0.039015 0.034351 -0.060402 0.174697 -0.105292 -0.051734 0.166098 -0.163122 
-0.103345 -0.122072 -0.122423 -0.228523 -0.143538 0.049122 0.053615 -0.059431 -0.036739 0.070634 0.104501 -0.100639 -0.066201 0.212465 -0.239003 
-0.296530 -0.238036 -0.055420 -0.124316 -0.024635 0.042712 -0.197080 -0.088039 0.134782 0.019237 0.060291 -0.053702 -0.049574 0.133609 -0.103165 
-0.186033 -0.015830 -0.085178 -0.121279 -0.069520 0.017063 0.009508 0.017244 0.032098 -0.055279 0.101538 -0.093597 -0.029589 0.175842 -0.224119 
-0.179030 -0.143408 -0.084048 -0.003621 -0.023993 -0.014862 -0.131552 -0.035440 0.056421 -0.151503 0.176420 -0.003648 -0.096042 0.138732 -0.146695 
-0.140378 -0.061908 -0.192385 -0.131477 0.028987 0.025857 0.095938 0.060076 -0.042341 -0.137378 0.158660 -0.066550 -0.073153 0.206516 -0.200974 
-0.116799 -0.040457 0.052358 -0.021065 0.014099 0.047595 -0.071923 -0.025210 0.007475 -0.086557 0.127709 -0.044899 -0.077905 0.174545 -0.190934 
-0.278493 -0.053679 0.007428 0.065757 0.049477 -0.127619 -0.077167 0.070623 0.133403 -0.045359 -0.055050 0.015097 -0.015996 0.147302 -0.217863 
-0.250754 -0.137612 -0.115324 0.024975 0.072917 -0.007564 -0.125991 0.004987 0.070828 -0.097353 0.143272 -0.096995 -0.044124 0.171047 -0.181427 
-0.238853 -0.205069 -0.091016 -0.044443 0.017542 0.047945 -0.157233 -0.185172 0.019576 0.012633 0.217774 -0.101242 -0.131173 0.200651 -0.128279 
-0.195419 -0.301363 -0.047534 0.200810 0.092635 0.077540 -0.090467 -0.029724 0.124715 -0.151900 0.139130 -0.048433 -0.059565 0.158992 -0.203593 
0.089967 -1.237631 0.319262 -0.233909 -0.002749 -0.071698 -0.037744 -0.000140 0.131468 -0.028499 0.021669 -0.032334 -0.050392 0.097363 -0.093567 
0.756821 -1.182189 0.627186 0.178649 0.109203 -0.199837 -0.132115 0.017083 0.025785 -0.073264 0.023032 -0.065990 0.003689 0.143235 -0.195455 
0.789056 -0.611826 0.997102 0.304643 -0.027503 -0.032399 0.011859 -0.092594 -0.105514 -0.031587 -0.125650 -0.099648 -0.030824 0.018543 -0.188556 
0.959574 -1.221463 1.529152 0.017759 -0.249137 0.048539 -0.300030 -0.036394 -0.186478 -0.321022 0.045640 -0.114335 -0.136256 0.107666 -0.193554 
1.155875 -1.321365 1.427101 -0.025061 -0.234804 0.016528 -0.328951 -0.051396 -0.232118 -0.300863 0.079757 -0.124984 -0.091598 0.083774 -0.118331 
1.241852 -1.377748 1.395904 -0.168413 -0.111219 -0.153371 -0.239353 0.016597 -0.307590 -0.165666 0.064846 -0.078329 -0.022958 0.039468 -0.053569 
1.294624 -1.448843 1.317298 -0.236155 -0.194852 -0.218782 -0.238679 0.061944 -0.269020 -0.158844 0.171426 -0.050864 0.025706 0.101404 -0.084758 
1.511716 -1.553522 1.024913 -0.332198 -0.135584 -0.145570 -0.386822 -0.105105 -0.142828 -0.064917 0.238182 -0.067728 0.059122 0.262783 -0.162920 
1.485251 -1.304534 0.801218 -0.466789 0.035773 -0.239625 -0.401341 -0.199615 -0.125804 0.176679 0.234025 -0.069147 0.022417 0.290809 0.014807 
1.398394 -0.951405 0.619742 -0.719800 0.075836 -0.111637 -0.241943 -0.325931 -0.261924 0.214609 0.311158 0.018140 0.005660 0.189734 -0.112593 
1.660980 -0.996320 0.617926 -0.890116 0.011644 0.057577 -0.061813 -0.310231 -0.237289 0.044978 0.289025 0.091256 0.061397 0.119309 -0.273867 
1.543020 -1.003997 0.488415 -0.868330 -0.087025 0.085142 -0.043454 -0.138363 -0.249984 -0.069663 0.156240 0.103223 0.231195 0.143276 -0.257030 
1.628823 -1.199829 0.493687 -0.879909 0.041700 -0.059046 -0.029082 -0.007691 -0.218317 -0.131775 0.094803 0.139498 0.269740 0.097499 -0.245746 
1.670033 -1.058002 0.413291 -0.893149 0.047009 -0.084054 -0.053473 0.058385 -0.144328 -0.140973 0.009975 0.134248 0.245092 0.100888 -0.138094 
1.543245 -0.891866 0.374425 -0.850919 -0.066799 -0.098456 -0.056464 0.152057 -0.109099 -0.145983 -0.039699 0.096184 0.225130 0.107458 -0.088877 
1.614913 -0.970639 0.448146 -0.935694 -0.009274 -0.200797 0.023144 0.140384 -0.033045 -0.184959 -0.056788 0.083404 0.218030 0.109103 -0.083897 
1.535542 -0.895228 0.364886 -0.863472 -0.105273 -0.140467 -0.014452 0.181780 -0.029841 -0.143333 -0.088598 0.073559 0.198747 0.109208 -0.087154 
1.577635 -0.948556 0.399207 -0.899199 -0.115420 -0.133525 -0.037558 0.199218 -0.002097 -0.131199 -0.060655 0.059694 0.164605 0.100226 -0.085374 
1.580977 -0.926066 0.409699 -0.924533 -0.111557 -0.126785 -0.070574 0.240287 -0.015105 -0.115659 -0.039262 0.048842 0.137785 0.082850 -0.057188 
1.638847 -0.926968 0.393529 -0.941669 -0.127987 -0.131795 -0.083831 0.223356 -0.003360 -0.107440 -0.000360 0.073021 0.106761 0.101862 -0.066814 
1.654726 -0.872261 0.356900 -0.932899 -0.139594 -0.150805 -0.094898 0.190764 0.024649 -0.097744 0.019536 0.088867 0.083858 0.134980 -0.112384 
1.693075 -0.873264 0.422127 -1.001742 -0.138281 -0.157369 -0.095992 0.169194 0.068223 -0.102434 0.026748 0.043602 0.121462 0.091082 -0.058079 
1.739067 -0.836419 0.448963 -1.069835 -0.158878 -0.147732 -0.067440 0.092359 0.124498 -0.090790 0.021848 0.022347 0.122485 0.121093 -0.083394 
1.755186 -0.793720 0.409296 -1.029931 -0.262858 -0.066291 -0.109772 0.141601 0.075576 -0.027052 -0.021982 -0.004824 0.136080 0.116271 -0.062884 
1.843751 -0.676508 0.552039 -1.180506 -0.413073 0.199205 -0.187341 0.093475 0.071405 -0.070626 0.037640 -0.054102 0.126220 0.260083 -0.222574 
1.933252 -0.441356 0.275258 -1.170135 -0.421114 0.236473 -0.177278 0.080390 0.048913 -0.048658 0.003736 -0.074310 0.195216 0.218868 -0.155975 
1.767083 -0.547932 0.345880 -1.217446 -0.437250 0.195711 -0.177021 0.112402 0.061663 -0.043747 0.005733 -0.019124 0.191563 0.269526 -0.182772 
1.514533 -0.404496 0.509836 -1.303281 -0.410076 0.127787 -0.188249 0.138757 0.011768 -0.064233 0.047965 -0.033903 0.234590 0.261148 -0.159545 
1.271893 -0.163737 0.437856 -1.342817 -0.458594 0.160978 -0.147083 0.140965 -0.008856 -0.039387 0.052922 -0.055048 0.289873 0.274442 -0.198971 
1.147852 -0.024196 0.192736 -1.298077 -0.291553 0.059132 -0.048682 0.160004 0.025312 -0.019407 -0.008671 0.016461 0.167081 0.158513 -0.073528 
0.974999 0.066771 -0.044169 -0.868006 -0.447314 -0.112483 0.059236 0.071051 -0.081419 -0.058704 0.127571 0.080048 0.112034 0.358671 -0.118199 
0.667826 0.141532 -0.152468 -0.725040 -0.450436 -0.074823 0.034272 0.059557 -0.030621 -0.125400 0.244445 0.036935 0.085996 0.289745 -0.152437 
0.279360 -0.354072 -0.068679 -0.415527 -0.244946 0.134271 0.077554 0.021516 0.113417 -0.078258 0.106642 -0.152137 -0.037740 0.154876 -0.202835 
0.384709 -0.200898 -0.144628 -0.457616 -0.307846 0.183342 0.167708 0.075584 0.023906 -0.086586 -0.003396 -0.104871 0.016101 0.169987 -0.172402 
