city012_030
HONJO
69
-0.340055 -0.096311 0.024590 -0.151902 -0.025945 -0.049787 0.020173 0.085336 -0.039224 -0.127315 0.154101 -0.028666 -0.067113 0.062411 -0.060592 
0.171808 -0.102641 -0.153534 -0.256478 -0.139372 0.205470 0.028608 0.038613 0.024463 -0.210415 0.116743 -0.017093 -0.006508 0.057233 -0.049326 
0.659755 0.410882 0.169188 -0.039127 -0.058905 0.182778 0.075717 -0.010028 0.240732 -0.084515 0.050618 0.083306 -0.081645 0.065098 -0.005624 
0.924707 0.315833 0.091062 -0.104689 0.079969 0.262576 0.021936 0.241719 0.097315 -0.208015 0.121589 -0.009633 -0.002467 0.107752 -0.074516 
1.254442 0.359301 0.290365 -0.187913 0.265754 0.459317 0.027949 -0.189972 0.021563 -0.153635 0.056910 -0.002043 0.007198 -0.098199 -0.091495 
1.469653 0.400906 0.114584 -0.193996 0.081384 0.249623 -0.018266 0.059214 -0.006405 -0.225640 0.097250 -0.087126 0.025078 0.033148 -0.069306 
1.622455 0.238910 0.239377 -0.170836 -0.000950 0.252769 -0.018915 -0.072580 -0.034311 -0.143821 0.006681 -0.184905 0.063228 0.022545 -0.174720 
1.562272 0.175263 0.347572 -0.259173 0.041047 0.315665 0.002510 -0.053140 0.000932 -0.018928 0.145679 -0.166909 0.133335 0.002672 -0.161896 
1.583733 0.289012 0.302604 -0.291574 0.013550 0.202556 -0.190511 -0.231977 -0.047906 -0.058304 -0.025806 -0.126388 0.054360 -0.020047 -0.119087 
1.393318 0.295568 0.546202 -0.209457 -0.040124 0.051570 -0.019612 0.042312 -0.082824 -0.098358 -0.178431 -0.199165 0.004728 -0.076794 -0.127825 
1.426093 0.180891 0.249073 -0.280085 0.065056 0.189362 0.014244 -0.104756 -0.027346 -0.065177 -0.133576 -0.158144 0.103283 -0.026121 -0.118385 
1.249909 0.185590 0.280649 -0.313092 0.077568 0.363317 0.166950 -0.041421 -0.054935 -0.035953 0.022730 -0.146785 0.232682 -0.015843 -0.172036 
1.770002 -0.299431 0.258562 -0.491872 -0.434920 0.070202 -0.000849 0.027821 0.028981 -0.012680 0.029790 -0.287391 0.177790 0.026188 -0.163193 
1.774518 -0.692096 0.724710 -0.788731 -0.388990 -0.009428 0.076066 0.050137 -0.096954 0.015902 0.010154 -0.229237 0.224581 0.044296 -0.127065 
1.733491 -0.713792 0.604633 -0.776250 -0.367752 0.077952 0.091133 0.085957 -0.079233 0.018732 -0.032549 -0.210410 0.217472 0.016983 -0.083195 
1.812822 -0.819567 0.550590 -0.762171 -0.232189 0.054090 0.158271 0.059043 -0.035367 -0.025399 -0.024063 -0.201576 0.196827 0.032715 -0.114796 
1.854839 -0.856589 0.505084 -0.683572 -0.230267 0.122284 0.135260 0.069224 -0.060952 -0.070180 -0.024934 -0.197534 0.207939 0.063032 -0.109618 
1.960177 -0.921289 0.564972 -0.618458 -0.279336 0.199093 0.149125 -0.016516 -0.095499 -0.039030 -0.030233 -0.145072 0.199933 0.058138 -0.129777 
1.965101 -0.970938 0.526710 -0.514470 -0.241230 0.260172 0.119957 -0.131072 -0.150142 -0.069220 -0.028369 -0.068934 0.226523 0.019977 -0.105048 
1.963597 -1.068180 0.485150 -0.337427 -0.164751 0.233501 0.125416 -0.289713 -0.202561 -0.065675 -0.067471 0.005566 0.233492 -0.064036 -0.086048 
1.869408 -1.045666 0.591667 -0.216901 -0.088714 0.136065 0.062968 -0.322227 -0.211565 0.052425 -0.086265 -0.012455 0.149360 -0.122049 -0.028415 
1.662508 -1.061346 0.755564 -0.142020 -0.000413 0.171581 -0.044082 -0.407908 -0.167521 0.036263 -0.000565 -0.071415 0.011006 -0.085467 -0.044693 
1.299924 -1.067407 1.104166 0.102289 -0.150396 0.230088 -0.218287 -0.359365 -0.072952 -0.113672 -0.048721 -0.262327 0.008761 -0.018196 -0.102586 
1.243698 -1.009392 1.200670 0.039717 -0.266313 0.259509 -0.147523 -0.350372 -0.121005 -0.168058 -0.010237 -0.256673 0.007597 -0.009348 -0.148534 
1.170145 -0.963000 1.233158 0.037963 -0.197992 0.208814 -0.153190 -0.338963 -0.097108 -0.106867 -0.062495 -0.257437 0.029317 -0.012759 -0.134603 
1.210783 -0.900406 1.343804 0.052172 -0.278085 0.173150 -0.112731 -0.307424 -0.061474 -0.151612 -0.083282 -0.211983 0.028142 -0.016220 -0.167713 
1.152354 -0.848004 1.225315 0.113686 -0.246027 0.211281 -0.131002 -0.318213 -0.067751 -0.114349 -0.102799 -0.243179 0.051774 -0.048097 -0.145943 
1.223285 -0.958507 1.248781 0.151283 -0.155366 0.154969 -0.181694 -0.338405 0.025443 -0.137638 -0.149894 -0.259200 0.077989 -0.037650 -0.196544 
1.171378 -0.909581 1.174733 0.215501 -0.140457 0.205874 -0.226828 -0.359017 0.065258 -0.119264 -0.180068 -0.300026 0.106439 -0.058432 -0.189770 
1.101625 -0.797947 1.207743 0.270100 -0.171471 0.189848 -0.219507 -0.313412 0.073462 -0.110483 -0.240072 -0.248398 0.106305 -0.054924 -0.242496 
1.061801 -0.782531 1.233175 0.200493 -0.069638 0.117083 -0.175727 -0.334803 0.065595 -0.060005 -0.273109 -0.244831 0.117245 -0.064488 -0.223033 
1.074484 -0.684759 1.133867 0.253046 -0.092902 0.094769 -0.190306 -0.331596 0.127505 -0.085618 -0.280603 -0.216405 0.165766 -0.093925 -0.201476 
1.193192 -0.701100 1.123697 0.252561 -0.168981 0.136775 -0.221601 -0.305651 0.137903 -0.138584 -0.239393 -0.195829 0.172429 -0.109860 -0.200411 
1.255144 -0.683882 1.031719 0.321846 -0.227631 0.197784 -0.281757 -0.294942 0.148822 -0.147032 -0.238782 -0.226434 0.211577 -0.132435 -0.196192 
1.241954 -0.678482 1.089250 0.259426 -0.169414 0.099596 -0.229542 -0.331845 0.196653 -0.185687 -0.241827 -0.183946 0.215311 -0.149473 -0.167858 
1.119370 -0.482803 0.994617 0.260271 -0.096586 0.055367 -0.218872 -0.304033 0.171924 -0.139967 -0.308752 -0.113788 0.178665 -0.168299 -0.111079 
1.234460 -0.533186 0.974448 0.317291 -0.142245 0.053696 -0.230939 -0.278239 0.164567 -0.165474 -0.282047 -0.130584 0.194678 -0.152135 -0.162067 
1.428475 -0.399067 0.897642 0.303187 -0.096520 0.158073 -0.350220 -0.336013 0.198194 -0.086821 -0.274037 -0.220950 0.199392 -0.054819 -0.165335 
1.366876 -0.397180 0.682254 0.365779 -0.088901 0.116801 -0.280787 -0.374978 0.141765 -0.055122 -0.288362 -0.212942 0.163116 -0.104135 -0.074280 
1.387230 -0.075959 0.624223 0.373455 0.027278 0.108806 -0.291099 -0.389825 0.123749 -0.056465 -0.236416 -0.299271 0.146386 -0.088561 -0.063795 
1.117933 0.095481 0.614428 0.284204 0.044201 0.209439 -0.291858 -0.453312 0.144089 -0.064422 -0.263682 -0.224677 0.035250 -0.109333 0.004410 
0.680811 0.119129 0.814306 0.168299 0.000467 0.042866 -0.032083 -0.263987 -0.104979 -0.087420 -0.173894 -0.215671 -0.010186 -0.089321 -0.125260 
0.279172 0.080628 0.716772 0.236184 0.226304 -0.224824 -0.061443 -0.034183 -0.206192 -0.117711 -0.203664 -0.100330 -0.054982 -0.149674 -0.055603 
-0.128414 -0.013153 0.904274 0.027009 0.371194 -0.281613 -0.096483 0.048545 -0.174776 -0.139621 -0.144834 -0.052238 -0.035401 -0.181182 0.017082 
-0.344447 0.012428 0.740925 -0.415458 0.346405 -0.149538 -0.026067 -0.137199 -0.167131 0.146405 -0.103308 -0.077428 0.074633 -0.062335 0.003604 
-0.736164 -0.335694 0.695162 -0.578343 0.429229 -0.342325 -0.054847 0.044238 -0.154457 0.152676 -0.003133 -0.092425 0.059747 0.028542 -0.014288 
-0.491642 -0.554738 0.687655 -0.706573 0.144991 -0.239059 0.254539 0.127013 -0.051190 0.056200 -0.106318 -0.013330 0.044367 -0.061628 -0.009846 
-0.199033 -0.682023 0.858345 -0.645790 0.124972 -0.379403 0.072524 0.146005 -0.068449 0.137905 -0.078265 -0.018925 0.180234 -0.197238 -0.020855 
0.604335 -0.635241 0.990890 -0.137149 0.087379 -0.346027 -0.107040 -0.050264 -0.148055 -0.086647 -0.061111 -0.107215 0.240097 -0.117607 -0.130230 
0.816569 -0.836438 1.133430 -0.058468 -0.024541 -0.346661 -0.253183 -0.010253 -0.148172 -0.183506 -0.030763 -0.120449 0.255859 -0.044610 -0.200365 
1.158714 -1.062328 1.030346 -0.018572 -0.139272 -0.300965 -0.388751 -0.069470 -0.059770 -0.177987 -0.031855 -0.063553 0.236494 0.113066 -0.248023 
1.310088 -1.081949 0.900780 -0.068083 -0.109194 -0.308416 -0.433739 -0.058835 0.019839 -0.169659 0.023851 -0.072518 0.236966 0.187785 -0.264211 
1.352025 -1.029001 0.788894 -0.239191 -0.187563 -0.178920 -0.387850 -0.141819 -0.030142 -0.078733 0.166676 -0.110136 0.180546 0.234501 -0.179327 
1.579181 -0.976475 0.583901 -0.416800 -0.140724 -0.020061 -0.266093 -0.321773 -0.120964 -0.015082 0.279663 -0.063113 0.068688 0.217703 -0.129698 
1.536817 -0.723061 0.372150 -0.517451 -0.033810 0.080001 -0.297944 -0.305576 -0.152521 0.010933 0.256020 -0.021834 0.058760 0.133325 -0.132846 
1.627716 -0.595365 0.250963 -0.621256 -0.071456 0.085426 -0.111436 -0.170400 -0.205800 -0.086141 0.289404 0.003933 0.061631 0.152972 -0.178936 
1.701237 -0.507832 0.147139 -0.572709 -0.218444 0.129935 -0.072667 -0.180153 -0.167811 -0.096884 0.277180 -0.078175 0.133172 0.194418 -0.202506 
1.529665 -0.405306 0.279698 -0.753378 -0.228509 0.079692 -0.007412 -0.128226 -0.168770 -0.126163 0.210800 -0.020323 0.160300 0.228951 -0.192120 
1.502191 -0.277889 0.186904 -0.752448 -0.279719 0.047184 -0.023201 -0.096601 -0.147058 -0.076865 0.202676 -0.104028 0.228352 0.194215 -0.178950 
1.546135 -0.109920 0.169949 -0.808589 -0.319841 0.084407 -0.028505 -0.065064 -0.215203 -0.084885 0.208121 -0.124325 0.296228 0.222036 -0.198537 
1.484779 -0.037404 0.138660 -0.857264 -0.310503 0.058869 -0.012053 -0.035327 -0.208212 -0.107876 0.184165 -0.126125 0.318910 0.227943 -0.163292 
1.534356 -0.007786 0.095115 -0.801157 -0.366067 0.033146 -0.020379 0.013422 -0.217580 -0.065764 0.155649 -0.171426 0.302172 0.227354 -0.129304 
1.585558 0.190364 0.113756 -0.833583 -0.427337 0.112353 -0.035419 0.085042 -0.136435 -0.116381 0.146489 -0.148437 0.203337 0.272775 -0.170556 
1.627777 0.350256 0.033065 -0.668042 -0.430045 0.087606 -0.005109 -0.050557 -0.102439 -0.115426 0.153728 -0.085310 0.186908 0.254427 -0.182395 
1.693106 0.224289 0.031604 -0.672515 -0.393459 0.030639 0.018201 -0.084066 -0.091061 -0.005556 0.027443 -0.087067 0.164446 0.153366 -0.125779 
1.562904 0.327603 0.088437 -0.636770 -0.373987 0.017300 -0.026538 -0.136673 -0.066901 0.003584 0.148506 -0.074711 0.192066 0.129258 -0.173845 
1.486026 0.018959 0.076666 -0.824869 -0.344231 -0.027356 0.051996 0.044797 -0.146802 -0.019093 0.074989 -0.202693 0.254312 0.175297 -0.106808 
1.141873 0.340682 0.019382 -0.866457 -0.404122 -0.040820 0.085435 -0.021952 -0.193964 -0.080785 0.074207 -0.127636 0.334839 0.289135 -0.069424 
1.433608 0.365733 0.035354 -0.646808 -0.419537 -0.089663 0.046548 0.053022 -0.149103 -0.124360 0.069487 -0.167633 0.131384 0.230118 -0.007333 
