city012_031
MARUNOUCHI
102
-0.262109 -0.191639 0.093768 -0.150152 -0.137462 0.061882 0.034511 -0.010049 0.071866 -0.145504 0.155872 -0.086225 -0.024984 0.071457 -0.071862 
-0.240259 -0.047039 -0.037059 -0.109031 -0.019061 0.023513 -0.031641 0.043931 0.087031 -0.211382 0.108886 0.053052 -0.083822 0.016309 0.014244 
0.966749 -0.228204 0.503925 0.389613 -0.092965 0.046409 -0.134641 -0.323853 -0.111250 0.013736 -0.107803 -0.301029 0.050553 0.038891 -0.166387 
1.248868 -0.636119 0.742141 0.453913 -0.136738 0.164826 -0.111847 -0.424872 -0.073650 0.022088 -0.191356 -0.335544 0.025951 -0.031441 -0.162807 
1.184265 -0.827828 0.980154 0.139233 -0.096362 0.231134 -0.052068 -0.400193 -0.098361 -0.001347 -0.071516 -0.291746 0.061453 -0.068093 -0.170495 
1.762982 -1.059253 0.465890 -0.447491 -0.059586 0.162891 0.015560 -0.161144 -0.191835 -0.014230 0.141104 -0.120339 0.167335 0.066101 -0.285047 
1.637385 -1.338990 0.269928 -0.733795 0.052660 0.125801 0.077205 -0.024030 -0.193421 0.188553 0.162963 -0.200207 0.090706 -0.030719 -0.228175 
1.502502 -1.449310 0.318069 -0.869526 0.160647 0.216188 0.068541 0.004664 -0.215634 0.234170 0.125832 -0.260910 0.057332 -0.035252 -0.127732 
1.306021 -1.405701 0.233488 -0.872049 0.202358 0.190192 0.136530 -0.029727 -0.204433 0.215164 0.119298 -0.256784 0.033529 -0.010571 -0.095336 
1.311775 -1.455171 0.251938 -0.858516 0.226334 0.169636 0.079342 0.016175 -0.234827 0.265883 0.067269 -0.228820 0.019730 0.017170 -0.098454 
1.138999 -1.303580 0.118542 -0.780149 0.155639 0.239476 -0.006814 0.036294 -0.192247 0.234709 0.125305 -0.289579 0.028856 0.008338 -0.094453 
1.341659 -1.460894 0.310116 -0.886402 0.243162 0.129557 0.001428 0.015315 -0.119520 0.267724 0.098540 -0.331607 0.041318 -0.012530 -0.038867 
1.167108 -1.272370 0.165578 -0.735916 0.151960 0.103449 -0.069829 0.025790 -0.040421 0.306260 0.065810 -0.329311 0.008444 0.003092 -0.040620 
1.348340 -1.371592 0.363570 -0.775768 0.133540 0.047984 -0.096280 -0.034468 0.103891 0.253668 0.071334 -0.325472 0.043200 -0.014992 -0.047797 
1.409207 -1.415811 0.466573 -0.721473 0.156566 -0.056375 -0.155995 -0.018298 0.167375 0.247790 -0.022649 -0.251786 0.084520 0.011855 -0.092134 
1.442795 -1.313509 0.536457 -0.546576 0.082352 -0.152434 -0.276952 -0.027458 0.221184 0.220224 -0.072317 -0.153691 0.165881 0.025629 -0.143911 
1.479641 -1.234255 0.644358 -0.445720 0.008202 -0.293786 -0.318675 -0.062002 0.228464 0.176269 -0.045738 -0.092990 0.269792 0.025526 -0.198939 
1.552073 -1.295930 0.820536 -0.395838 0.176378 -0.348592 -0.415228 0.099659 0.114233 0.072745 -0.059411 -0.008428 0.214402 -0.003795 -0.104388 
1.368511 -1.115299 0.872104 -0.255459 0.357801 -0.203685 -0.511912 0.033603 0.083365 -0.115883 -0.162751 -0.063817 0.237394 -0.043734 -0.148175 
1.092952 -0.495766 0.592875 0.279841 0.300916 0.111726 -0.321367 -0.016871 0.008812 -0.146745 -0.190513 -0.189943 0.093434 -0.096370 -0.301205 
1.079359 -0.958305 0.731436 -0.031218 0.314384 0.048326 -0.476398 -0.030473 0.113026 -0.207635 -0.070275 -0.123971 0.104511 0.002081 -0.221823 
1.104008 -1.073907 0.823024 0.042124 0.297628 -0.185214 -0.413886 -0.113733 -0.004656 -0.158961 -0.161528 -0.143522 0.141235 -0.024587 -0.197023 
1.141157 -1.225848 1.064886 0.008117 0.073459 -0.178565 -0.446394 -0.011279 -0.019750 -0.186836 -0.119330 -0.092770 0.169895 -0.001013 -0.160006 
1.468525 -1.370796 1.256178 -0.136679 0.005643 -0.230356 -0.425198 0.040235 -0.002365 -0.154635 -0.034592 -0.063846 0.195735 0.046448 -0.191924 
1.474772 -1.352581 1.225931 -0.165087 -0.020810 -0.193746 -0.456532 0.038764 -0.017992 -0.131820 0.002805 -0.114166 0.227806 0.056197 -0.182149 
1.518928 -1.367909 1.247522 -0.173397 -0.022976 -0.187089 -0.464005 0.039436 -0.018373 -0.116422 0.004110 -0.123591 0.218822 0.101597 -0.231680 
1.563384 -1.373298 1.260962 -0.166238 -0.029620 -0.188110 -0.463489 0.038288 -0.014729 -0.130932 0.039723 -0.153634 0.226917 0.115688 -0.244794 
1.521203 -1.296446 1.122644 -0.140546 -0.041430 -0.131852 -0.476534 0.009822 -0.058202 -0.115594 0.026252 -0.183258 0.215626 0.131103 -0.243965 
1.556247 -1.278461 1.131739 -0.147895 -0.027282 -0.136923 -0.465896 0.015064 -0.078772 -0.093770 0.021010 -0.202429 0.226810 0.127828 -0.255682 
1.645073 -1.304132 1.138947 -0.167926 0.017723 -0.158959 -0.429891 -0.034121 -0.075825 -0.085006 0.058233 -0.240806 0.201648 0.168410 -0.273227 
1.667477 -1.275417 1.064714 -0.169678 0.015561 -0.108410 -0.441428 -0.066216 -0.079628 -0.102805 0.039595 -0.239981 0.192044 0.169349 -0.285560 
1.613892 -1.227564 0.997612 -0.144192 -0.007461 -0.063894 -0.444144 -0.084026 -0.081738 -0.103984 0.034620 -0.249862 0.197220 0.147718 -0.247845 
1.644193 -1.247381 1.003903 -0.164938 0.043968 -0.092566 -0.394474 -0.129296 -0.074896 -0.090073 0.033402 -0.264246 0.193383 0.137303 -0.239464 
1.627220 -1.207827 0.920187 -0.084165 0.017623 -0.066120 -0.400387 -0.098611 -0.146045 -0.035502 -0.020115 -0.239363 0.191670 0.091795 -0.218460 
1.724821 -1.221026 0.953840 -0.068871 0.086737 -0.176968 -0.300494 -0.165135 -0.112177 0.007184 -0.057773 -0.214252 0.181545 0.060596 -0.172215 
1.702740 -1.198929 0.969913 0.014161 0.047580 -0.183088 -0.253559 -0.219214 -0.104653 0.051172 -0.149016 -0.169237 0.172586 0.011437 -0.093493 
1.426754 -1.045188 1.099135 0.099631 -0.212183 0.178039 -0.228485 -0.407561 0.022871 -0.064756 -0.183043 -0.181861 0.083965 -0.004449 -0.153118 
1.337178 -0.959832 1.210883 0.029284 -0.300562 0.221535 -0.205226 -0.419848 0.049298 -0.092717 -0.143114 -0.171012 0.081698 0.030892 -0.197724 
1.328861 -0.997712 1.138706 0.058328 -0.318311 0.280134 -0.279439 -0.391620 0.049109 -0.136730 -0.133388 -0.158788 0.061468 0.022428 -0.184569 
1.291988 -1.002518 1.164075 0.021016 -0.256377 0.245654 -0.270012 -0.423166 0.039637 -0.102070 -0.138158 -0.189926 0.077682 0.016735 -0.158025 
1.328603 -1.111785 1.162398 -0.048296 -0.177944 0.268854 -0.255114 -0.491395 -0.005709 -0.048564 -0.094762 -0.231336 0.047975 0.029001 -0.139080 
1.424239 -1.167140 0.807612 -0.345884 0.137963 0.127925 -0.513175 -0.252644 -0.140085 0.164649 0.045238 -0.214542 0.075360 0.096879 -0.021450 
1.758113 -1.275117 0.752188 -0.558887 0.182425 0.176030 -0.453400 -0.252111 -0.091526 0.060846 0.236303 -0.219499 0.060475 0.114983 -0.172906 
1.764597 -1.191153 0.563976 -0.548841 0.116128 0.128858 -0.297459 -0.170842 -0.227920 0.100004 0.185004 -0.152074 0.170956 0.000230 -0.209301 
1.678833 -1.154073 0.602122 -0.655567 0.048299 0.172220 -0.176086 -0.209167 -0.308923 0.020188 0.227275 -0.055980 0.180365 0.000106 -0.286129 
1.814786 -1.208883 0.631693 -0.791261 0.092969 0.145047 -0.061806 -0.200699 -0.279453 0.043747 0.149996 0.037017 0.182172 -0.049875 -0.268752 
1.682307 -1.040575 0.477830 -0.727561 0.038562 0.099414 -0.126536 -0.058350 -0.197682 -0.043752 -0.016077 0.044103 0.248254 0.032226 -0.175121 
1.846401 -1.132710 0.689197 -0.838944 0.011468 0.018404 -0.035002 0.039474 -0.211219 -0.139010 -0.064872 0.002051 0.295871 0.063317 -0.122545 
1.724325 -0.997141 0.599292 -0.748099 -0.066247 0.083481 -0.060052 0.041750 -0.178448 -0.233007 -0.076973 -0.014683 0.337900 0.067069 -0.105094 
1.746917 -0.941996 0.576370 -0.745666 -0.042998 0.099990 -0.056600 0.066105 -0.174370 -0.205181 -0.162731 0.014958 0.291144 0.095467 -0.088140 
1.779823 -0.947382 0.621357 -0.787436 -0.000305 0.042564 0.038773 0.035328 -0.140099 -0.219496 -0.172274 0.007724 0.269889 0.103961 -0.090556 
1.701604 -0.838093 0.566709 -0.684532 -0.114560 0.116187 -0.036830 0.067393 -0.122097 -0.245040 -0.151137 -0.103096 0.326007 0.083136 -0.097889 
1.888273 -0.888922 0.678843 -0.744388 -0.130998 0.128792 0.003331 0.056065 -0.103941 -0.189054 -0.115849 -0.160597 0.262560 0.116309 -0.152443 
1.815881 -0.665545 0.571256 -0.689895 -0.111819 0.150214 -0.070173 0.038464 -0.167579 -0.101068 -0.107497 -0.225026 0.280265 0.082941 -0.162425 
1.895918 -0.746828 0.648355 -0.707648 -0.133815 0.160474 0.034641 -0.042464 -0.246841 -0.100909 -0.086238 -0.177869 0.294243 0.106147 -0.181282 
1.855602 -0.628492 0.586635 -0.617913 -0.250328 0.223986 0.028784 -0.109672 -0.248014 -0.152165 -0.079520 -0.188588 0.291314 0.140356 -0.181682 
2.052179 -0.737220 0.611930 -0.599767 -0.189782 0.199123 0.032413 -0.206275 -0.303906 -0.163546 0.007718 -0.174562 0.279902 0.172226 -0.274697 
1.872409 -0.757240 0.521474 -0.455984 -0.093945 0.208544 -0.052206 -0.208588 -0.363641 -0.175302 0.074237 -0.205479 0.249516 0.149949 -0.302152 
1.833876 -0.881636 0.590478 -0.404373 0.079034 0.155828 -0.109274 -0.337569 -0.387404 -0.060159 0.181242 -0.205473 0.146983 0.033325 -0.302184 
1.653517 -0.880234 0.634183 -0.231260 0.188616 0.067675 -0.264307 -0.240369 -0.325582 -0.030048 0.159642 -0.330988 0.051622 0.123236 -0.251637 
1.296600 -0.859255 0.816074 -0.115214 0.133637 0.001745 -0.267001 -0.172740 -0.312048 -0.020266 0.101118 -0.365502 0.081541 0.088795 -0.195300 
1.200674 -0.934393 1.131449 -0.025076 0.085688 -0.242306 -0.072810 0.048584 -0.381253 -0.093378 0.042204 -0.262255 0.095863 -0.053989 -0.194098 
0.865825 -0.310985 0.720808 0.166135 0.051663 -0.150065 0.045181 -0.025513 -0.354875 -0.095753 -0.097674 -0.191934 0.070835 -0.182098 -0.136842 
0.766159 0.006240 0.503348 -0.147034 0.099066 0.153361 0.091063 -0.275474 -0.254873 -0.142248 -0.177298 0.023255 -0.099195 -0.038859 -0.159107 
0.532064 -0.087446 0.408140 0.002697 -0.034841 0.206529 0.104072 -0.305560 -0.228905 0.026497 0.000964 -0.109426 0.008093 0.011786 -0.214101 
0.088872 -0.353374 0.202406 -0.007847 -0.089579 0.069248 0.164286 -0.067405 -0.082517 0.027501 0.061665 -0.075397 0.013886 0.088454 -0.146935 
-0.052822 -0.330221 0.162996 -0.198743 -0.240506 0.186217 0.019489 -0.251491 0.027365 0.083087 0.064030 -0.100669 0.064523 0.047200 -0.185487 
-0.030591 -0.418823 0.114228 -0.196682 -0.198219 0.092731 0.117133 -0.088039 0.010998 -0.001339 -0.000954 0.002712 -0.001974 0.028933 -0.080222 
-0.426279 -0.845381 0.304570 -0.583956 0.078447 -0.193247 -0.009285 0.051824 0.132100 0.134522 -0.071278 -0.012928 -0.086833 0.038765 -0.066323 
-0.139218 -0.437288 0.475160 -0.154854 0.004165 -0.194345 -0.031336 -0.206948 -0.052325 0.105008 -0.009062 -0.007899 -0.019662 0.096177 -0.037422 
-0.574984 -0.719605 0.188726 -0.439409 0.178749 -0.070132 0.239512 -0.063879 0.063532 -0.110503 -0.100100 0.129978 -0.019074 0.040962 -0.054032 
-0.733728 -0.608072 0.164408 -0.448943 0.161256 0.021618 0.258460 -0.067269 -0.089221 -0.011263 -0.109946 0.139102 0.020806 -0.014511 -0.021958 
-0.826928 -0.531333 0.195415 -0.445157 0.287131 -0.337541 0.053380 -0.035344 0.035934 0.184295 -0.072742 -0.045309 -0.026893 0.074487 -0.021450 
-0.732947 -0.514180 0.477215 -0.614945 0.329296 -0.077492 0.172621 -0.098527 0.041573 -0.015649 -0.080905 0.068791 0.031268 -0.044874 0.007044 
-0.660583 -0.602832 0.296756 -0.672656 0.529423 -0.020455 0.109177 -0.146444 0.010591 -0.010904 -0.023406 0.053551 0.058985 -0.104325 0.017030 
-0.889353 -0.406174 0.647482 -0.667133 0.286729 -0.123959 0.274914 -0.060608 -0.010176 0.000566 -0.123015 0.153067 -0.053858 -0.059629 0.127324 
-1.059622 -0.808180 0.612223 -0.772637 0.186437 0.032614 0.245427 -0.056836 -0.053446 -0.056385 -0.011202 0.000622 0.079201 -0.030337 0.017133 
-0.951839 -0.858585 0.763078 -0.628941 0.128727 -0.089027 0.245027 -0.053916 -0.008919 -0.090513 0.067121 0.004848 -0.026023 -0.023883 0.106573 
-0.794692 -0.648171 0.815817 -0.743687 0.205836 -0.097576 0.002036 -0.099032 0.236071 -0.075713 -0.115785 0.139507 -0.003156 -0.139997 0.138404 
-0.508884 -0.728363 1.070184 -0.602269 -0.002533 -0.086883 0.038874 -0.159817 0.128398 -0.012538 -0.060042 0.096698 -0.012265 -0.069339 0.069877 
0.081318 -0.489240 1.147262 -0.436286 0.009025 0.207221 0.087696 -0.045317 0.028864 0.046618 -0.058733 0.086835 -0.035224 -0.036800 0.099062 
0.665448 -0.382002 1.413022 -0.280522 -0.035631 -0.022632 -0.012750 -0.163910 -0.205418 -0.148515 -0.050371 -0.090729 -0.163236 0.001055 0.042437 
0.813215 -0.514277 1.427590 -0.084509 -0.225191 0.189776 -0.085609 -0.120526 -0.132109 -0.244616 0.035964 -0.130948 -0.195022 0.038663 -0.032652 
0.546021 -0.506019 1.629375 -0.267875 0.016309 0.088641 -0.096961 -0.056214 -0.152148 -0.228915 0.060894 -0.166407 -0.168304 0.011019 0.002328 
0.454311 -0.572771 1.677937 -0.287240 0.029203 0.132904 -0.171142 -0.023493 -0.150244 -0.236368 0.054479 -0.161204 -0.186271 0.048930 -0.047647 
0.379869 -0.473697 1.595033 -0.275168 -0.035175 0.183127 -0.187531 -0.021648 -0.182500 -0.212819 0.061528 -0.182344 -0.167236 0.051874 -0.034570 
0.324357 -0.416437 1.656240 -0.290448 0.035261 0.112406 -0.167013 -0.012377 -0.170721 -0.263805 0.094064 -0.200772 -0.201768 0.091092 -0.072470 
0.357784 -0.351902 1.486271 -0.279379 0.056141 0.192604 -0.196781 0.008027 -0.208416 -0.251797 0.114811 -0.236716 -0.214594 0.114642 -0.114367 
0.305137 -0.366167 1.552224 -0.279120 0.034000 0.177450 -0.195969 0.004420 -0.199935 -0.254489 0.125578 -0.265071 -0.177003 0.103242 -0.127269 
0.387015 -0.269888 1.469182 -0.271005 -0.056856 0.283507 -0.223400 0.010691 -0.215187 -0.283656 0.159676 -0.301028 -0.190274 0.145712 -0.182547 
0.334694 -0.221672 1.475231 -0.247146 -0.096540 0.253930 -0.251054 0.015839 -0.217416 -0.291950 0.138743 -0.277536 -0.185638 0.112306 -0.146442 
0.455719 -0.305429 1.480605 -0.279486 -0.047349 0.179145 -0.218939 -0.013345 -0.227908 -0.310292 0.154459 -0.296719 -0.186621 0.131348 -0.161260 
0.539117 -0.098092 1.340981 -0.250141 -0.179944 0.231066 -0.253153 0.031384 -0.269110 -0.310199 0.144225 -0.271482 -0.222424 0.166325 -0.143742 
0.375283 -0.204634 1.406830 -0.260500 -0.141343 0.244993 -0.295902 0.007133 -0.252775 -0.322493 0.134090 -0.273381 -0.194707 0.113975 -0.127231 
0.261230 -0.098419 1.421689 -0.311530 -0.043859 0.144926 -0.255348 -0.009153 -0.255629 -0.315673 0.136231 -0.296848 -0.169375 0.098418 -0.110884 
0.383198 0.127821 1.248632 -0.248419 -0.081473 0.141890 -0.297674 0.061794 -0.275916 -0.327120 0.124435 -0.252808 -0.200009 0.104628 -0.103373 
0.024033 0.153051 1.492677 -0.336196 -0.066741 0.119733 -0.268056 -0.037010 -0.263281 -0.261977 0.082845 -0.298556 -0.110570 0.079533 -0.117099 
0.299511 0.343955 0.744085 -0.004826 -0.037654 0.119936 -0.136536 -0.094314 -0.257380 -0.255942 0.057039 -0.277231 -0.127660 0.032166 -0.118955 
0.501490 0.442538 0.350583 0.029128 0.082818 0.046325 -0.129465 -0.095453 -0.189836 -0.281590 -0.017367 -0.096216 -0.159753 0.016826 -0.113083 
0.321899 0.276022 0.633355 -0.003969 0.043031 0.039633 -0.190587 -0.131259 -0.191223 -0.230570 -0.071746 -0.093133 -0.172325 0.012531 -0.066181 
0.012570 0.218795 0.495501 0.189465 -0.045764 0.010594 -0.004208 -0.168421 -0.126838 -0.223723 0.100143 -0.081064 -0.251882 0.135439 -0.038385 
-0.141688 -0.136332 0.077433 0.018843 -0.016469 0.105271 -0.028986 -0.051618 0.017928 -0.030400 0.096857 -0.072980 -0.016607 0.051483 -0.048448 
