city012_022
NIHONBASHI
104
-0.319569 -0.020325 0.005378 -0.027631 0.067220 0.030990 -0.182759 -0.090589 0.198366 -0.141339 0.052560 0.001994 -0.017534 -0.011747 0.026736 
0.159927 0.191839 0.446186 0.192961 0.093392 0.084606 -0.046386 -0.126767 0.093709 -0.229592 0.124020 -0.113764 -0.058168 0.003866 -0.035847 
0.823986 0.089336 0.607529 0.568075 -0.069649 -0.056345 0.026822 -0.150944 0.047984 -0.147068 -0.122995 -0.048645 -0.031013 -0.086361 -0.042370 
1.106364 -0.329049 0.715319 0.553096 -0.106320 0.011897 -0.061422 -0.242520 0.005089 -0.214247 -0.079763 -0.245465 0.017194 -0.141830 -0.056451 
1.236298 -0.387266 0.769634 0.487100 -0.199774 0.072578 -0.078760 -0.199112 -0.053556 -0.182206 -0.121466 -0.152560 -0.025574 -0.113852 -0.094928 
1.355379 -0.362049 0.788506 0.508666 -0.297678 0.079392 -0.060797 -0.247601 -0.035393 -0.182359 -0.063536 -0.203200 0.030752 -0.088890 -0.089608 
1.246097 -0.336844 1.082242 0.062137 -0.195191 0.109117 -0.201234 -0.100154 -0.030712 -0.278074 -0.013827 -0.218219 0.079028 -0.097459 -0.169030 
1.052574 -0.253238 1.093421 -0.282642 0.104525 0.236551 -0.409004 -0.156290 0.051572 -0.313517 -0.040767 -0.141792 -0.051356 -0.039725 -0.067128 
1.009367 -0.230556 1.165359 -0.446736 0.188285 0.285755 -0.490493 -0.103513 0.021636 -0.327824 0.018058 -0.153500 -0.084576 0.005314 -0.076479 
0.979907 -0.227234 1.144720 -0.487751 0.271065 0.266049 -0.551834 -0.100141 0.055780 -0.332030 0.028588 -0.167649 -0.069520 -0.000767 -0.047653 
1.014745 -0.376957 1.188209 -0.480024 0.303049 0.272423 -0.613512 -0.154892 0.078913 -0.266826 0.014456 -0.198598 -0.065658 0.057775 -0.044800 
0.942877 -0.407288 1.242736 -0.544063 0.205024 0.307568 -0.560426 -0.181719 0.031057 -0.290807 0.023099 -0.176009 -0.040363 0.003419 -0.035702 
0.840586 -0.551823 1.398766 -0.576634 0.052881 0.285378 -0.442948 -0.173897 -0.080739 -0.243923 0.008984 -0.177028 0.007318 -0.013220 -0.075329 
0.983977 -0.461770 1.227858 -0.412041 -0.265108 0.267980 -0.140055 -0.210430 -0.156128 -0.267322 0.060006 -0.261894 0.056832 0.021844 -0.107119 
1.217880 -0.170369 0.914182 -0.177034 -0.101186 -0.003662 0.106163 -0.103053 -0.270588 -0.168853 0.081998 -0.322582 -0.015492 0.083882 -0.161936 
1.001630 -0.313106 1.057552 0.069005 -0.177746 0.073472 0.043958 -0.125160 -0.199022 -0.154794 0.104845 -0.376395 0.078623 -0.008219 -0.219330 
1.155655 -0.287485 0.474873 0.178831 0.225553 0.052265 -0.140444 -0.222125 0.011505 -0.039842 -0.077601 -0.234704 0.056690 -0.026165 -0.131972 
1.402029 -0.356109 0.236488 -0.170014 0.107776 0.160561 0.068265 0.109740 0.043749 -0.030086 0.021827 -0.257106 0.219071 0.077694 -0.198390 
1.186886 -0.455474 0.074741 -0.185387 0.367236 0.425973 0.131605 -0.081400 -0.153024 0.063405 0.136252 -0.117763 0.293679 -0.043275 -0.282896 
1.296409 -0.613216 -0.103668 -0.322270 0.330468 0.416445 0.139314 -0.138889 -0.174154 -0.024846 0.184585 -0.085697 0.190283 -0.026409 -0.233052 
1.354412 -0.305180 0.147757 -0.348086 0.103249 0.171386 0.321555 0.050764 -0.067420 -0.030626 -0.095188 -0.226709 0.324619 0.054358 -0.132210 
1.566872 -0.211933 0.519786 -0.298259 -0.131753 0.151457 0.183854 0.015650 -0.104650 -0.145577 -0.137563 -0.224994 0.193237 -0.046824 -0.092467 
1.754498 -0.307584 0.422798 -0.414205 -0.140098 0.109718 0.087912 0.092624 -0.077434 -0.188290 -0.054444 -0.410483 0.244863 0.038301 -0.136374 
1.874292 -0.357256 0.315972 -0.652121 -0.067244 0.026714 0.109316 0.058874 -0.193056 -0.075822 -0.072872 -0.336789 0.277481 0.103833 -0.113672 
1.890951 -0.672693 0.491398 -0.662030 -0.218479 0.019209 0.120342 0.095163 -0.100339 -0.068873 -0.037422 -0.255374 0.250631 0.040928 -0.094813 
1.827761 -0.883587 0.577893 -0.733061 -0.152478 0.003643 0.119472 0.149234 -0.079542 0.026489 -0.016221 -0.242052 0.205157 0.003497 -0.140746 
1.798399 -0.924927 0.614322 -0.783823 -0.124088 -0.008897 0.140832 0.158961 -0.034099 0.068835 0.011595 -0.241028 0.177024 -0.064165 -0.123788 
1.780682 -0.940881 0.575939 -0.769427 -0.096943 -0.009214 0.114678 0.172208 0.026499 0.039218 -0.019193 -0.212870 0.137990 -0.058273 -0.109847 
1.803041 -0.891299 0.510050 -0.695761 -0.130884 -0.003449 0.083543 0.183432 0.025994 0.075995 -0.038210 -0.224233 0.124305 -0.039178 -0.126782 
1.855711 -0.860913 0.511686 -0.667590 -0.086749 -0.050145 0.086920 0.124069 0.099582 0.073189 -0.022896 -0.163735 0.077434 -0.065368 -0.114705 
1.884238 -0.899461 0.571333 -0.610833 -0.104490 -0.038280 0.089822 0.069232 0.108852 0.133221 0.004069 -0.133301 0.045659 -0.081640 -0.100802 
1.803895 -0.850099 0.618855 -0.532695 -0.197923 0.001217 0.094047 -0.009100 0.146209 0.111787 0.015822 -0.104021 0.032055 -0.073391 -0.064532 
1.898904 -0.909811 0.732479 -0.462125 -0.321207 0.054389 -0.000950 -0.001569 0.172018 -0.000455 0.016977 -0.112619 0.064307 -0.064937 -0.063505 
1.926019 -0.934594 0.760327 -0.363814 -0.381782 0.132417 -0.066313 -0.022279 0.194934 -0.057751 0.034303 -0.125411 0.066481 -0.007538 -0.123146 
1.769587 -0.912115 0.827585 -0.342897 -0.279242 0.141670 -0.112601 -0.034168 0.166796 -0.073751 0.077577 -0.118805 0.079386 0.012941 -0.122932 
1.621178 -0.948649 0.841488 -0.247164 -0.200832 0.166398 -0.172800 -0.113031 0.152663 -0.055404 0.081195 -0.139559 0.100420 0.032810 -0.108302 
1.409070 -1.059001 0.972383 -0.117589 -0.079141 0.162961 -0.221831 -0.209874 0.107861 -0.100579 0.036902 -0.144317 0.065367 0.035520 -0.079906 
1.371265 -1.121572 1.115335 -0.044196 -0.039597 0.175918 -0.298258 -0.236959 0.077012 -0.126852 -0.006648 -0.173010 0.007717 0.069578 -0.099137 
1.124605 -1.021644 1.076962 0.069060 -0.018582 0.185360 -0.332920 -0.259218 0.044828 -0.122347 -0.049206 -0.225371 -0.014504 0.062326 -0.075694 
1.073431 -1.088300 1.218543 0.010502 0.044514 0.146953 -0.299064 -0.293706 0.030640 -0.120501 -0.064819 -0.259141 -0.017361 0.045001 -0.072823 
1.013585 -1.031250 1.159089 0.092365 0.011276 0.176600 -0.317511 -0.275300 0.012632 -0.127867 -0.076544 -0.265132 -0.023212 0.022540 -0.067210 
1.157299 -1.133888 1.275303 0.052944 0.010444 0.166195 -0.277920 -0.285735 0.003345 -0.137476 -0.070814 -0.270981 -0.031692 0.026905 -0.102508 
1.055945 -1.077467 1.233741 0.087741 -0.000850 0.153402 -0.258794 -0.285839 -0.017396 -0.118029 -0.087193 -0.270886 -0.021363 0.011663 -0.106851 
1.021346 -1.051056 1.144615 0.172186 -0.061391 0.214953 -0.288698 -0.286174 -0.032267 -0.123300 -0.084194 -0.271400 -0.031887 -0.006398 -0.105294 
1.023306 -1.023250 1.179574 0.118922 -0.004725 0.157816 -0.258470 -0.332751 -0.010455 -0.060660 -0.144087 -0.276074 -0.004854 0.006916 -0.090602 
1.058084 -1.020765 1.128041 0.173496 -0.033002 0.168938 -0.220188 -0.370212 -0.000652 -0.083990 -0.125090 -0.300297 0.022999 -0.051032 -0.080460 
1.062147 -1.052118 1.114378 0.255806 -0.111552 0.219649 -0.241136 -0.368325 -0.010116 -0.080092 -0.135591 -0.302902 0.003145 -0.022126 -0.122192 
1.017815 -0.939048 1.106515 0.240816 -0.089041 0.166651 -0.165462 -0.417564 0.007919 -0.052089 -0.179497 -0.287706 0.013475 -0.024959 -0.120045 
1.064049 -0.877926 1.046588 0.286747 -0.132615 0.180299 -0.130158 -0.459563 0.019139 -0.053691 -0.196433 -0.266551 -0.001643 -0.027627 -0.128642 
1.064768 -0.814566 0.978072 0.335920 -0.153732 0.187296 -0.108855 -0.464346 0.008592 -0.053223 -0.186559 -0.290037 0.022749 -0.057325 -0.128809 
1.180060 -0.795555 0.972193 0.362079 -0.228684 0.226830 -0.102043 -0.473254 -0.006054 -0.039776 -0.203256 -0.279405 0.014562 -0.026081 -0.201217 
1.155452 -0.713706 0.912072 0.395941 -0.205569 0.182385 -0.069116 -0.487511 0.001850 -0.035498 -0.205262 -0.318469 0.072018 -0.081056 -0.164447 
1.145941 -0.702573 0.981661 0.373312 -0.188591 0.131209 0.007990 -0.504157 -0.006805 -0.033105 -0.197729 -0.325951 0.058327 -0.048945 -0.217037 
1.178476 -0.664682 0.896858 0.495874 -0.240455 0.186674 -0.058857 -0.455329 -0.018045 -0.011739 -0.196989 -0.407801 0.143032 -0.102408 -0.209532 
1.190595 -0.501896 0.786332 0.580290 -0.250992 0.226651 -0.052690 -0.522418 0.017332 0.059765 -0.252346 -0.389153 0.094536 -0.045781 -0.216693 
1.259400 -0.455340 0.685776 0.360310 -0.057043 0.174103 -0.067267 -0.407374 -0.089920 0.037367 -0.119847 -0.387295 0.091645 -0.085588 -0.181372 
1.787631 -0.739827 0.422338 -0.404902 0.006334 0.175107 -0.191706 -0.275160 -0.209874 -0.078805 0.168133 -0.268541 0.221942 0.083138 -0.274568 
1.802758 -1.042509 0.342702 -0.686167 -0.033072 0.128466 -0.254487 -0.209016 -0.139109 0.133509 0.321209 -0.179256 0.210169 0.039274 -0.292120 
1.706666 -1.241434 0.386832 -0.812470 -0.032478 0.002504 -0.173702 -0.117183 -0.026950 0.281616 0.246949 -0.170525 0.136216 -0.034125 -0.247516 
1.531416 -1.356383 0.386852 -0.803755 0.095253 0.014892 -0.083076 -0.041486 0.023475 0.314560 0.124754 -0.301263 0.037684 -0.015170 -0.169791 
1.503151 -1.360372 0.301274 -0.819949 0.089798 0.017218 -0.071340 -0.016074 0.033435 0.320987 0.114709 -0.325760 0.029130 -0.019485 -0.159833 
1.509157 -1.397685 0.273188 -0.817336 0.130543 -0.011231 -0.060104 0.032695 -0.003843 0.353893 0.022304 -0.295769 0.043887 -0.019480 -0.137403 
1.444896 -1.358214 0.258407 -0.818226 0.141945 -0.053521 0.007461 -0.013028 0.042128 0.319818 0.061228 -0.338814 0.064457 -0.058715 -0.110008 
1.354150 -1.272082 0.122598 -0.714402 0.067258 0.020936 -0.069502 0.047775 0.000579 0.366080 -0.023576 -0.293602 0.074008 -0.051972 -0.097156 
1.529769 -1.354261 0.211989 -0.745064 0.136241 -0.050082 0.002005 -0.008131 0.067080 0.332363 -0.011587 -0.324356 0.056959 -0.032351 -0.096953 
1.416361 -1.209523 0.028798 -0.585308 0.024746 -0.014888 -0.087879 0.022872 0.048570 0.361256 -0.058147 -0.271939 0.124718 -0.081323 -0.063216 
1.789255 -1.209512 0.055377 -0.499794 0.002811 -0.082564 -0.034837 -0.068801 0.153343 0.289390 -0.115183 -0.243350 0.185359 -0.051203 -0.107115 
1.642281 -1.027361 0.047110 -0.363310 -0.014066 -0.124156 -0.058830 -0.057302 0.173672 0.213611 -0.166426 -0.185580 0.227521 -0.042861 -0.095412 
1.457796 -0.754584 0.178493 -0.303772 -0.018232 -0.241360 0.001171 0.005425 0.145600 0.150933 -0.233899 -0.085203 0.221366 -0.048574 -0.166563 
1.403728 -0.609996 0.141052 -0.001405 -0.089752 -0.176289 0.262057 -0.139925 0.289321 0.162543 -0.267114 0.017233 0.045530 -0.030600 -0.071814 
0.990312 -0.332666 0.242735 -0.022112 0.236612 -0.023971 0.111178 -0.149844 0.235898 0.003537 -0.161750 0.131023 -0.009944 -0.032699 0.052158 
0.448810 -0.409634 0.385609 -0.239579 0.214348 -0.144393 0.122515 0.114320 0.190590 -0.119666 -0.115560 0.093082 0.096695 -0.139909 0.051248 
0.397167 -0.422035 0.307853 -0.259070 0.213451 -0.430238 0.328005 -0.077150 -0.044301 -0.024960 -0.034451 0.098980 -0.014472 -0.101095 0.082647 
-0.113287 -0.427488 0.358673 -0.192194 0.288702 -0.461131 0.251989 0.071149 -0.076631 -0.029229 0.028347 0.038755 -0.038171 -0.019816 0.025005 
-0.469260 -0.734708 0.381526 -0.364843 0.139592 -0.340330 0.205310 0.070515 0.030445 -0.042142 -0.076245 0.110172 -0.052378 -0.022655 -0.014304 
-0.470633 -0.790218 0.314535 -0.531309 0.174763 -0.113577 0.152244 -0.021674 -0.039785 0.050484 0.007520 -0.044380 -0.018128 0.049037 -0.014166 
-0.175768 -0.824975 0.188844 -0.493271 0.153693 -0.341235 0.085369 0.029054 0.010096 0.146647 0.047352 -0.002345 -0.145723 0.008460 0.081803 
-0.127017 -0.842300 0.229304 -0.411865 0.182604 -0.250418 0.129751 -0.082405 -0.029380 0.120159 0.048057 -0.043493 -0.029046 -0.023171 0.036291 
-0.198557 -0.876887 0.263949 -0.566515 0.125296 -0.252116 0.210756 -0.009608 0.132409 0.016181 -0.128710 0.067782 -0.027401 -0.107205 0.094482 
-0.320472 -0.732079 0.355800 -0.607919 0.171972 -0.105793 0.305986 0.015933 -0.163410 0.032228 -0.117337 0.153689 -0.032309 -0.059173 0.100965 
-0.282982 -0.640040 0.442899 -0.574691 0.113794 -0.219769 0.240893 0.019228 -0.105053 0.047333 -0.010812 0.012844 0.037861 -0.138131 0.121157 
-0.365558 -0.626339 0.649445 -0.816061 0.242169 -0.328923 0.030217 -0.079249 0.011354 0.219517 -0.057444 0.002561 0.096435 -0.113371 0.035295 
-0.532444 -0.471559 0.924877 -0.607514 -0.126060 -0.306339 -0.105876 -0.108703 -0.015675 0.183768 -0.047183 0.128341 0.147559 -0.108189 0.100589 
-0.514142 -0.596262 0.961342 -0.593010 0.080673 -0.176795 0.233385 -0.100137 -0.041999 0.104502 -0.089179 0.043797 0.050448 -0.156188 0.173715 
0.334279 -0.420721 1.278560 -0.254196 0.143012 -0.137639 0.041801 -0.165941 -0.078939 -0.159568 -0.072224 0.036517 -0.159272 -0.079352 0.117457 
0.664999 -0.733126 1.643992 -0.160587 -0.029905 -0.064524 -0.093247 -0.076838 -0.160897 -0.222636 -0.034912 -0.046362 -0.166289 -0.054340 0.075969 
0.689460 -0.750636 1.654973 -0.157719 -0.076553 0.129890 -0.206146 -0.014590 -0.171913 -0.258214 0.038131 -0.150718 -0.157099 -0.042548 0.028667 
0.676069 -0.665615 1.686274 -0.227932 -0.032807 0.133620 -0.199275 -0.004907 -0.179635 -0.289720 0.089757 -0.191994 -0.182847 -0.007350 0.012186 
0.672515 -0.604212 1.665932 -0.263783 -0.005469 0.099525 -0.187594 0.021834 -0.198838 -0.270312 0.091798 -0.167918 -0.188893 -0.003136 0.032142 
0.708273 -0.533857 1.733308 -0.292336 -0.033042 0.128307 -0.198914 0.019342 -0.186243 -0.295906 0.141637 -0.219471 -0.182024 0.055547 -0.037986 
0.700348 -0.500740 1.591651 -0.312797 0.026812 0.178337 -0.221301 0.049829 -0.190750 -0.299371 0.152291 -0.224013 -0.196184 0.061943 -0.045260 
0.673011 -0.501876 1.583853 -0.305323 0.018876 0.169776 -0.184287 0.029762 -0.190214 -0.288549 0.160041 -0.233370 -0.191325 0.069352 -0.045290 
0.665972 -0.530454 1.586179 -0.286122 0.061020 0.161533 -0.198659 0.047233 -0.206026 -0.303695 0.181220 -0.269919 -0.196579 0.081107 -0.078391 
0.566037 -0.430431 1.504746 -0.297482 0.037864 0.215786 -0.194639 0.014829 -0.182944 -0.328575 0.197630 -0.291664 -0.177019 0.066530 -0.073537 
0.536245 -0.337529 1.436641 -0.273179 0.015299 0.259841 -0.219087 0.051035 -0.205084 -0.345031 0.203919 -0.292852 -0.194745 0.058652 -0.074365 
0.463912 -0.256783 1.510750 -0.293461 0.059973 0.195725 -0.203603 0.076832 -0.219431 -0.323071 0.200278 -0.305184 -0.197595 0.076781 -0.103114 
0.408975 -0.395002 1.427432 -0.213028 0.068956 0.270649 -0.227198 0.007122 -0.192303 -0.352951 0.226814 -0.358794 -0.181498 0.047003 -0.107071 
0.422893 -0.282660 1.506775 -0.303825 0.052226 0.216886 -0.231207 0.040026 -0.219227 -0.376201 0.217186 -0.349502 -0.199421 0.063156 -0.102882 
0.437035 -0.137665 1.485276 -0.224803 -0.061239 0.243158 -0.227581 0.051313 -0.219227 -0.370670 0.221562 -0.352401 -0.214870 0.111821 -0.132966 
0.332006 -0.143310 1.115486 -0.186957 0.042866 0.320456 -0.194987 -0.030368 -0.317670 -0.222918 0.129393 -0.308360 -0.184472 0.076224 -0.157798 
0.301355 0.011646 1.262411 -0.231076 -0.027681 0.165198 -0.235356 0.040404 -0.276900 -0.354292 0.184114 -0.323225 -0.206028 0.097828 -0.098321 
-0.185557 -0.011482 1.417912 -0.307361 0.038936 0.070522 -0.248206 -0.009156 -0.294856 -0.239530 0.092949 -0.329620 -0.081695 0.037273 -0.080175 
0.068068 0.219841 1.042636 -0.118294 -0.081875 0.027804 -0.173483 -0.040696 -0.270238 -0.246500 0.118817 -0.272812 -0.097762 0.051832 -0.023433 
-0.119460 0.192557 0.821629 -0.164853 0.020569 0.008284 -0.144293 -0.226758 -0.159500 -0.183852 0.010158 -0.198093 -0.019640 -0.017143 -0.008851 
