city012_089
GYANGU
64
-0.213043 -0.506124 0.697671 -0.273027 0.120965 -0.015495 -0.303003 -0.140920 0.074044 -0.003603 -0.043939 0.030766 -0.103412 0.180437 -0.071311 
-0.647826 -0.520352 0.612220 -0.595775 0.110764 -0.056003 -0.262109 0.041451 0.119399 0.000662 0.021435 0.009086 -0.042676 0.117168 -0.122050 
-0.346171 -0.933947 0.482046 -0.735172 0.187443 -0.111475 -0.010463 0.139246 0.073310 0.009983 -0.029357 -0.095642 -0.012114 0.113036 -0.169187 
-0.178912 -0.479701 0.428863 -0.742549 0.070556 0.053177 -0.137194 0.176903 0.106281 -0.047307 -0.016903 -0.025244 -0.059940 0.088430 -0.144364 
0.242731 -0.298504 0.781086 -0.421816 0.135398 0.163076 -0.138632 0.045236 0.155477 -0.005036 -0.031034 0.019297 0.018942 0.021451 -0.057507 
1.169295 -1.026018 1.480604 -0.565820 -0.065473 -0.058504 -0.400053 0.066735 -0.163455 -0.206813 0.136236 0.000410 -0.026322 0.046927 0.025160 
1.139918 -1.109498 1.046560 -0.430632 -0.178821 -0.021949 -0.390868 0.023016 -0.177818 -0.146359 0.131130 0.032649 0.105952 -0.035397 0.044344 
1.395811 -1.328891 0.820290 -0.465175 -0.174450 -0.176848 -0.429235 0.087006 0.100221 0.116028 0.061315 -0.026100 0.253781 -0.036938 -0.144278 
1.199483 -1.279078 0.624488 -0.400777 -0.134924 -0.426477 -0.140511 0.087265 0.252649 0.160989 -0.079605 0.071678 0.113226 -0.093426 -0.159647 
1.181050 -1.402917 0.391078 -0.361567 -0.010320 -0.477035 -0.002092 0.208824 0.178494 0.133599 -0.001610 -0.126774 -0.057445 0.104294 -0.166389 
1.280183 -1.527819 0.281355 -0.520209 0.155906 -0.360586 0.107537 0.071482 0.256351 0.057729 -0.034724 -0.227442 -0.071801 0.211784 -0.095495 
1.204075 -1.409669 0.168237 -0.438863 0.151708 -0.217262 0.053060 0.115835 0.154391 0.071347 -0.105842 -0.187476 -0.039736 0.232368 -0.087768 
1.313777 -1.513762 0.198538 -0.494734 0.252660 -0.231803 0.072706 0.030622 0.153214 0.040640 -0.026962 -0.197059 -0.027066 0.208348 -0.053282 
1.255178 -1.410873 0.213685 -0.450163 0.245350 -0.107799 0.039981 0.024651 0.106546 0.097847 -0.054554 -0.244348 -0.009146 0.256346 -0.052876 
1.423464 -1.538397 0.283082 -0.513856 0.361649 -0.150858 0.046552 -0.055744 0.088238 0.086840 0.006455 -0.253647 0.034087 0.228525 -0.058084 
1.468724 -1.486548 0.245158 -0.412973 0.325302 -0.114951 0.031758 -0.059274 0.017195 0.155561 0.014582 -0.244382 0.021759 0.193921 -0.044916 
1.506609 -1.464511 0.285702 -0.386913 0.314122 -0.097855 0.001157 -0.110145 -0.034425 0.240157 0.035692 -0.232665 -0.005296 0.173322 -0.074202 
1.548047 -1.448325 0.343807 -0.307045 0.300481 -0.105490 -0.042675 -0.164575 -0.066346 0.291619 0.045530 -0.214906 -0.015455 0.146582 -0.056870 
1.829427 -1.521254 0.476069 -0.206059 0.166251 -0.089702 -0.000427 -0.156513 -0.078941 0.385038 -0.028131 -0.179575 0.008774 0.049614 -0.004493 
2.044678 -1.552987 0.466030 0.059462 -0.054304 -0.014724 0.006947 -0.403364 -0.047802 0.267266 -0.130452 -0.100359 0.117953 0.011804 -0.058389 
1.687244 -1.331524 0.590274 0.142827 -0.190048 0.120190 -0.137290 -0.316688 -0.033766 0.107774 -0.085628 -0.100956 0.098689 0.027180 -0.111961 
1.701921 -1.440814 0.883035 0.098014 -0.159949 0.121015 -0.217960 -0.325294 -0.026118 0.012201 -0.097020 -0.098889 0.032304 0.102547 -0.193718 
1.400697 -1.231176 0.899090 0.222963 -0.220800 0.118341 -0.237747 -0.337566 0.000651 -0.003666 -0.107401 -0.183908 0.072841 0.085829 -0.142006 
1.553868 -1.306505 1.084637 0.149467 -0.196419 0.052863 -0.202945 -0.331131 0.028945 -0.030897 -0.138678 -0.167064 0.079239 0.109826 -0.198840 
1.502695 -1.237063 1.090438 0.211133 -0.222379 0.037582 -0.145164 -0.336246 -0.009152 -0.092579 -0.132314 -0.188930 0.085191 0.054577 -0.204429 
1.555811 -1.144404 1.142156 0.199512 -0.296145 0.048433 -0.114117 -0.290629 -0.056733 -0.071078 -0.135659 -0.144700 0.045838 0.091362 -0.247326 
1.553443 -1.110680 1.049328 0.276827 -0.301048 0.073249 -0.127584 -0.276153 -0.077936 -0.074893 -0.141566 -0.151276 0.015669 0.106196 -0.260597 
1.579943 -1.073712 0.984326 0.274075 -0.222326 0.076993 -0.121036 -0.325030 -0.072528 -0.028941 -0.138256 -0.209630 0.029411 0.105560 -0.237833 
1.602751 -1.050109 0.906800 0.311916 -0.236657 0.136348 -0.126997 -0.317820 -0.072982 -0.056699 -0.122310 -0.231712 0.049600 0.047677 -0.209221 
1.613999 -0.961925 0.991932 0.390013 -0.300520 0.073051 -0.087275 -0.300658 -0.041546 -0.056099 -0.150424 -0.212611 0.054514 0.077464 -0.248265 
1.527589 -0.947761 0.996655 0.449150 -0.288651 0.092645 -0.100236 -0.257000 -0.084055 -0.057228 -0.171915 -0.181053 -0.040129 0.125205 -0.291068 
1.457993 -0.907631 0.937140 0.465725 -0.226432 0.035191 -0.033251 -0.328460 -0.047157 -0.030099 -0.173814 -0.207581 -0.006758 0.079635 -0.213346 
1.474978 -0.913580 1.007419 0.435735 -0.204910 0.004142 -0.066385 -0.266984 -0.033317 -0.046978 -0.146783 -0.238299 0.054084 0.089855 -0.250810 
1.393034 -0.788650 0.976432 0.425549 -0.225867 -0.022167 -0.048885 -0.244750 -0.063725 -0.011479 -0.155825 -0.183043 0.031743 0.118958 -0.271376 
1.463851 -0.783019 0.992068 0.408952 -0.298681 0.014683 -0.021205 -0.231489 -0.113902 0.009611 -0.117267 -0.187065 0.027496 0.123762 -0.261892 
1.352010 -0.694875 1.027283 0.434491 -0.240169 -0.073173 -0.001551 -0.257765 -0.036580 -0.034609 -0.106757 -0.173576 0.043392 0.130140 -0.242530 
1.377953 -0.755069 0.982445 0.457093 -0.242618 -0.058034 -0.035049 -0.215778 -0.081583 0.005644 -0.144539 -0.188448 0.067142 0.110573 -0.265122 
1.363075 -0.658587 0.950186 0.442150 -0.226527 -0.094748 0.042182 -0.227256 -0.122791 0.016385 -0.158167 -0.147433 0.027721 0.058133 -0.196039 
1.220506 -0.536839 0.953641 0.437678 -0.191953 -0.120905 -0.024535 -0.196152 -0.092971 -0.060365 -0.103400 -0.182739 0.042349 0.089783 -0.219475 
1.267734 -0.510887 0.843841 0.470140 -0.169988 -0.032648 -0.135132 -0.241365 -0.057386 -0.011159 -0.144705 -0.235042 0.043398 0.167833 -0.275141 
1.291557 -0.368923 0.838018 0.570056 -0.237447 -0.082993 -0.101334 -0.189789 -0.118059 -0.016808 -0.115947 -0.212308 0.067603 0.144944 -0.243053 
1.351263 -0.490126 0.793364 0.490056 -0.085201 -0.107188 -0.137350 -0.182668 -0.135567 -0.011546 -0.126057 -0.274976 0.007118 0.183390 -0.251002 
1.279230 -0.294073 0.753104 0.538740 -0.096552 -0.013447 -0.157726 -0.274217 -0.041399 -0.006016 -0.109547 -0.305189 0.025066 0.192405 -0.214180 
1.218791 -0.475817 0.590916 0.342686 0.045595 -0.084354 -0.025776 -0.291713 -0.153913 0.027475 -0.099528 -0.223070 -0.078546 0.124168 -0.163992 
1.184179 -0.234435 0.521750 0.472887 0.079245 -0.092889 -0.089666 -0.306889 -0.190277 0.143276 -0.141936 -0.351127 -0.027918 0.129025 -0.105072 
1.129872 -0.663074 0.567700 0.195112 0.164663 -0.048588 -0.085791 -0.246190 -0.248100 0.062086 -0.017467 -0.232248 -0.080191 0.073568 -0.108497 
1.136405 -0.658080 0.733300 0.285985 0.020365 -0.096765 -0.038650 -0.124551 -0.395632 0.000787 0.021667 -0.313771 -0.089262 0.119839 -0.178739 
1.204605 -0.793372 0.810627 0.249379 0.016094 -0.104070 -0.075953 -0.027495 -0.396018 -0.087112 0.089953 -0.293035 -0.113610 0.163583 -0.221526 
1.288961 -0.879327 0.872798 0.185607 -0.022099 -0.143983 -0.113286 -0.059528 -0.342619 -0.102890 0.088034 -0.266022 -0.099850 0.218788 -0.220526 
1.361296 -0.869347 0.873004 0.097448 -0.035760 -0.165088 -0.191762 -0.047948 -0.325297 -0.131405 0.097196 -0.252798 -0.063043 0.244920 -0.223274 
1.339064 -0.780748 0.838762 0.115343 -0.073036 -0.170613 -0.265385 -0.020420 -0.318367 -0.161495 0.106279 -0.256456 -0.048092 0.270117 -0.218891 
1.345391 -0.825933 0.847757 0.129365 -0.036981 -0.202792 -0.280401 -0.049593 -0.303016 -0.177365 0.105042 -0.274605 -0.051619 0.283537 -0.204422 
1.397453 -0.804603 0.801819 0.150192 -0.029500 -0.176348 -0.338062 -0.054928 -0.279673 -0.152470 0.056334 -0.270472 -0.047619 0.318032 -0.242355 
1.391934 -0.831415 0.795325 0.165419 -0.036862 -0.168675 -0.356600 -0.088823 -0.236810 -0.183407 0.089000 -0.284006 -0.050076 0.318088 -0.196750 
1.388160 -0.835690 0.752132 0.188842 -0.021418 -0.207793 -0.350210 -0.070686 -0.285026 -0.147312 0.075216 -0.289855 -0.046747 0.342105 -0.223093 
1.331108 -0.829540 0.764973 0.165505 -0.047726 -0.165901 -0.374271 -0.087051 -0.252682 -0.175554 0.092894 -0.287201 -0.034686 0.320223 -0.190613 
1.368024 -0.817515 0.751709 0.150680 -0.026121 -0.176217 -0.403328 -0.067373 -0.255880 -0.154515 0.097924 -0.280776 -0.062802 0.383177 -0.219513 
1.514759 -0.802155 0.731723 0.065613 0.016498 -0.147651 -0.399057 -0.127326 -0.226646 -0.140327 0.117729 -0.308541 -0.048262 0.379566 -0.205643 
1.464595 -0.923554 0.606476 0.211979 -0.006457 -0.128934 -0.414946 -0.132625 -0.209210 -0.159527 0.128466 -0.316322 -0.056055 0.344985 -0.139320 
1.230549 -0.600878 0.646883 0.161813 0.015743 -0.116178 -0.374326 -0.180275 -0.173435 -0.105153 0.088580 -0.306256 -0.060840 0.330731 -0.149678 
1.227133 -0.941537 0.691392 0.179986 -0.036829 -0.131126 -0.425604 -0.095793 -0.181218 -0.122295 0.108484 -0.247682 -0.084687 0.396617 -0.185436 
0.739176 -0.278290 0.404122 0.236443 -0.043211 -0.191239 -0.397867 -0.217735 -0.216499 -0.101105 0.146837 -0.309829 -0.034906 0.381944 -0.099446 
0.100841 -0.204680 0.499219 0.255630 0.214807 -0.044449 -0.154758 -0.073540 -0.097138 -0.000092 0.075303 -0.252834 -0.096608 0.244744 -0.203049 
0.350448 0.278025 0.528820 0.228526 -0.099000 -0.003541 -0.231732 -0.100843 -0.093044 -0.186450 0.035536 -0.135581 -0.110562 0.195295 -0.173306 
