city012_099
PYUUMA
57
-0.230518 -0.111611 -0.046482 -0.077487 0.085217 0.112870 -0.090622 0.060581 0.028862 -0.100489 0.130973 -0.073220 -0.065971 0.191399 -0.198153 
-0.303686 -0.181009 -0.028115 -0.072625 0.098480 0.066292 -0.096676 0.000659 0.219169 -0.122391 -0.034786 0.010838 -0.027391 0.154698 -0.200332 
0.604284 -1.068143 0.715526 0.064677 0.088658 -0.038993 -0.111190 0.011911 0.003918 -0.042297 0.001529 0.012884 -0.045415 0.065109 -0.102172 
0.868637 -0.918302 1.244903 0.039819 -0.158458 -0.118525 -0.120884 -0.107577 -0.089357 -0.146404 -0.065152 -0.033410 0.010042 0.019792 -0.124282 
0.477534 -1.004930 1.429857 -0.060731 -0.184547 -0.177943 0.056274 -0.130152 -0.102133 -0.052184 -0.070427 0.044074 -0.050181 0.032092 -0.080554 
0.405272 -0.968463 1.591918 -0.000105 -0.226715 -0.099895 0.079172 -0.182992 -0.095822 -0.059306 -0.129261 0.012842 -0.025207 -0.025334 -0.112272 
0.559733 -0.965265 1.325402 -0.163767 -0.240571 -0.059648 0.032800 -0.237958 -0.098440 0.027703 -0.078838 -0.022636 0.024210 0.051728 -0.101220 
0.677662 -0.734660 1.364562 0.095083 -0.136391 -0.008912 0.067391 -0.190284 0.028465 -0.044303 -0.138504 0.003342 0.001474 -0.000083 -0.142345 
0.784224 -0.523750 1.418124 -0.069452 -0.300604 -0.023291 0.073166 -0.139619 -0.041516 0.064509 -0.037129 0.048029 0.004788 0.055748 -0.086873 
0.624316 -0.691379 1.344671 0.072672 -0.240576 0.091358 -0.001044 -0.108731 -0.120317 -0.077813 -0.016746 -0.089376 -0.067698 0.054605 -0.127768 
0.880775 -1.163860 1.627804 0.011765 -0.293954 0.101687 -0.103024 -0.141632 -0.243245 -0.173292 0.045465 -0.215163 -0.145142 0.166016 -0.211894 
0.680003 -1.106875 1.577356 0.061593 -0.361863 0.090211 -0.199642 -0.094824 -0.295554 -0.217792 0.100747 -0.282633 -0.075079 0.119687 -0.144810 
0.879735 -1.347317 1.821588 -0.040144 -0.329217 -0.001667 -0.158170 -0.104559 -0.308343 -0.217529 0.091984 -0.258511 -0.111286 0.201214 -0.226509 
0.747416 -1.183779 1.642162 0.084234 -0.409039 0.001537 -0.170288 -0.066547 -0.357761 -0.220663 0.137480 -0.290007 -0.092449 0.181741 -0.171536 
0.934933 -1.313591 1.699321 0.047959 -0.351492 -0.078913 -0.149470 -0.039214 -0.397269 -0.229550 0.161593 -0.287732 -0.126003 0.227322 -0.203514 
1.021778 -1.367317 1.642323 0.058675 -0.317420 -0.129470 -0.144765 -0.018685 -0.427566 -0.232898 0.189259 -0.292044 -0.138705 0.246132 -0.208779 
0.884306 -1.262143 1.530886 0.092179 -0.285534 -0.173639 -0.129864 -0.019334 -0.447498 -0.218121 0.173827 -0.283763 -0.129432 0.209309 -0.171475 
0.866573 -1.234062 1.536401 0.085912 -0.244261 -0.266256 -0.085664 -0.018933 -0.455158 -0.205986 0.135417 -0.229507 -0.144211 0.196336 -0.144218 
0.901027 -1.244241 1.488004 0.084385 -0.169628 -0.335583 -0.069347 -0.040844 -0.430033 -0.169945 0.063802 -0.191399 -0.110946 0.170774 -0.145275 
0.961104 -1.249913 1.416199 0.062087 -0.088027 -0.361628 -0.099191 -0.035182 -0.403971 -0.140421 0.021247 -0.187369 -0.048445 0.129930 -0.123774 
1.053833 -1.237555 1.332021 0.056564 -0.017194 -0.384931 -0.088777 -0.057016 -0.350227 -0.153482 0.024790 -0.199613 -0.021095 0.127285 -0.150187 
1.118820 -1.225950 1.302360 0.080350 -0.010219 -0.389268 -0.106344 -0.038059 -0.314636 -0.152537 -0.003945 -0.183460 0.017261 0.107046 -0.160180 
1.157260 -1.261413 1.297660 0.096376 0.035665 -0.410323 -0.138505 -0.019911 -0.265777 -0.189013 -0.019055 -0.176517 0.037149 0.094545 -0.182031 
1.221838 -1.305922 1.279574 0.106885 0.074884 -0.367769 -0.236812 0.076213 -0.290948 -0.187221 -0.046249 -0.175106 0.055058 0.072949 -0.214112 
1.435747 -1.425569 1.247693 0.140287 0.085471 -0.292803 -0.321066 0.117297 -0.289055 -0.204777 -0.003460 -0.256120 0.074340 0.121320 -0.298305 
1.342337 -1.287347 1.109222 0.208317 0.049138 -0.204844 -0.364634 0.106149 -0.244376 -0.231584 0.023817 -0.283646 0.058312 0.149948 -0.286564 
1.540715 -1.303857 1.124193 0.045304 0.095423 -0.183254 -0.258949 0.046355 -0.298756 -0.190745 0.053429 -0.248913 0.001193 0.161550 -0.317966 
1.441304 -1.136371 1.041645 0.021706 -0.030557 -0.108219 -0.224221 0.081793 -0.354405 -0.197183 0.127317 -0.257929 0.026075 0.115833 -0.235245 
1.569894 -1.167909 1.029318 -0.118563 0.020008 -0.106559 -0.183738 -0.011920 -0.379932 -0.143781 0.115299 -0.253903 0.024467 0.161507 -0.282750 
1.587430 -1.156098 0.961154 -0.155751 0.092786 -0.076772 -0.211747 -0.083504 -0.348420 -0.057902 0.120438 -0.306770 0.064430 0.158979 -0.272812 
1.574540 -1.093355 0.841406 -0.142695 0.062899 -0.040879 -0.193169 -0.128216 -0.334771 -0.009321 0.093217 -0.270723 0.061721 0.175235 -0.282432 
1.614662 -1.023368 0.711094 -0.103400 0.006104 -0.006596 -0.173381 -0.177295 -0.343148 0.029271 0.090018 -0.256100 0.072450 0.151477 -0.227172 
1.667989 -1.040685 0.671316 -0.076766 -0.037528 0.057312 -0.086038 -0.327818 -0.350275 0.074118 0.076166 -0.212059 0.046157 0.110010 -0.255570 
1.633138 -0.946826 0.603393 0.044098 -0.144674 0.126364 0.056738 -0.351258 -0.407698 0.084881 0.070175 -0.204978 0.058327 0.052223 -0.282133 
1.610258 -0.972486 0.613867 0.137775 -0.207046 0.211619 0.079447 -0.295956 -0.349577 0.051383 0.011686 -0.152881 0.039135 0.051897 -0.304277 
1.419509 -0.943121 0.891375 0.350027 -0.178880 0.139166 -0.013752 -0.271711 -0.096272 0.026054 -0.123192 -0.155191 -0.048242 0.103403 -0.257528 
1.226608 -0.794493 0.988172 0.457743 -0.167745 0.022186 -0.040562 -0.274092 -0.005627 -0.024708 -0.152637 -0.238576 0.040480 0.103723 -0.273707 
1.170651 -0.804227 0.927358 0.541874 -0.198553 -0.017756 -0.028952 -0.294901 0.015038 -0.025886 -0.195316 -0.191193 -0.004704 0.149936 -0.283443 
1.179179 -0.900346 1.014254 0.459968 -0.113551 -0.023066 -0.044098 -0.301814 0.027058 -0.048262 -0.189939 -0.211383 -0.029362 0.165416 -0.293679 
1.209384 -0.868174 0.969661 0.471045 -0.178455 0.019782 -0.052329 -0.362435 0.018424 0.006985 -0.201509 -0.249070 0.015915 0.157805 -0.280724 
1.247337 -0.861376 0.870592 0.412657 -0.172137 0.020294 -0.006576 -0.381702 -0.020725 0.064216 -0.173735 -0.233650 0.044239 0.097137 -0.187399 
1.597945 -1.021522 0.447604 -0.123058 -0.042101 0.124043 0.013937 -0.302451 -0.297997 0.136526 0.137444 -0.141813 0.050576 0.071826 -0.267884 
1.669393 -1.122669 0.178501 -0.369956 0.056459 0.029759 -0.038002 -0.173493 -0.187993 0.300475 0.105629 -0.166666 0.047958 0.075177 -0.211835 
1.645635 -1.268189 0.061901 -0.492677 0.114654 -0.032222 0.030829 -0.087981 -0.092151 0.390412 0.022088 -0.269360 0.038445 0.032885 -0.124943 
1.652478 -1.400964 0.049891 -0.544359 0.153450 -0.066119 0.079046 -0.034403 -0.081135 0.400423 -0.041768 -0.274205 0.025760 0.028106 -0.126983 
1.502785 -1.365379 -0.038673 -0.547114 0.132453 0.026754 0.059338 -0.027475 -0.077162 0.317994 -0.021589 -0.277744 0.071737 0.010776 -0.089010 
1.537166 -1.418051 -0.045744 -0.580063 0.183882 0.003660 0.125077 -0.073448 -0.094846 0.363630 -0.075310 -0.222780 0.022659 0.019212 -0.084363 
1.506935 -1.324299 -0.050864 -0.569729 0.191889 0.045114 0.092218 -0.062018 -0.114873 0.322306 -0.048147 -0.228001 0.054482 0.022140 -0.060844 
1.469167 -1.345071 -0.020751 -0.636961 0.156564 0.052474 0.154729 -0.027392 -0.155351 0.328664 -0.052885 -0.221847 0.030992 0.020834 -0.110572 
1.447827 -1.239737 -0.086910 -0.570191 0.156470 0.038477 0.078116 -0.044361 -0.110248 0.286641 -0.033565 -0.199164 0.042644 0.065003 -0.120757 
1.523340 -1.199358 -0.068022 -0.595440 0.146456 0.045209 0.129452 -0.072984 -0.111996 0.279633 -0.031789 -0.161871 0.001153 0.055001 -0.127635 
1.573133 -1.167260 -0.343467 -0.422829 0.069360 0.094444 0.118828 -0.147955 -0.046851 0.298859 -0.045157 -0.161831 -0.013401 0.040559 -0.093777 
1.361774 -1.278216 -0.259501 -0.398379 0.083157 0.076326 0.058970 -0.117144 -0.064988 0.275801 0.004724 -0.150057 -0.015284 0.056077 -0.133755 
1.213619 -0.910580 -0.373079 -0.419481 0.039107 0.115446 0.204614 -0.175178 -0.066901 0.350931 -0.005214 -0.223060 -0.095117 0.035579 -0.087556 
1.192449 -0.789529 -0.340604 -0.311721 -0.022816 0.176942 0.136778 -0.147544 -0.044485 0.307428 0.018279 -0.232961 -0.085875 0.079061 -0.105512 
0.941800 -0.176540 -0.265278 -0.350141 -0.029281 0.269667 0.142609 -0.021701 0.009405 0.232728 0.060342 -0.173748 -0.145006 0.106108 -0.183842 
-0.047821 -0.627222 -0.390373 -0.292833 0.111385 0.213621 0.048236 -0.177121 -0.058470 0.221346 0.057477 -0.221413 0.001687 0.090350 -0.098647 
