city012_051
JIYUUGAOKA
111
-0.482664 -0.656850 0.163055 -0.045631 0.260686 -0.237548 0.087468 -0.120434 0.073531 0.099576 -0.169408 0.064206 0.057784 -0.050059 -0.043239 
-0.920007 -0.782130 0.220514 -0.293340 0.517824 -0.107656 0.148505 -0.259949 -0.029758 0.176557 -0.039671 0.000021 0.019888 -0.076817 -0.022640 
-0.618149 -0.813432 0.321200 -0.731223 0.212682 -0.074046 0.242772 -0.047072 0.022987 0.054390 -0.207525 0.100878 0.000166 -0.045910 0.100842 
-0.821826 -0.592423 0.362421 -0.436893 0.453823 -0.131699 0.174792 -0.208838 0.051835 0.038174 -0.060282 0.081271 -0.010150 -0.075894 0.048975 
-0.748099 -0.604330 0.528906 -0.633996 0.199698 -0.080093 0.155181 -0.071925 0.030089 0.007859 -0.061796 0.027472 0.036266 -0.029163 -0.039015 
-0.798465 -0.595763 0.658995 -0.672058 0.326814 -0.162590 0.117355 0.010396 -0.043737 0.023636 -0.023961 0.000851 0.029381 -0.026239 -0.002379 
-0.810869 -0.476798 0.692984 -0.693127 0.346367 -0.217492 -0.084636 -0.073172 0.059969 0.152450 -0.171496 0.084069 0.039784 -0.088487 0.088908 
-0.895942 -0.449009 0.828563 -0.715780 0.326514 -0.153209 0.177212 -0.022295 -0.003810 0.046142 -0.152668 0.147958 -0.020208 -0.099239 0.089676 
-0.111431 -0.192256 1.138023 -0.369269 0.278592 -0.130211 0.018585 -0.119091 0.007154 -0.008439 -0.143388 0.065583 -0.006007 -0.110163 0.089696 
0.221389 -0.284154 1.446382 -0.329967 0.188868 -0.180494 0.023501 -0.119870 -0.143352 -0.102514 -0.103416 -0.001368 -0.146997 -0.016490 0.016374 
0.489828 -0.500055 1.543682 -0.395199 0.153348 -0.116946 -0.040867 -0.089256 -0.171798 -0.157590 -0.050572 -0.040564 -0.131124 -0.072006 0.093439 
0.561132 -0.620343 1.517222 -0.290330 0.056899 0.040065 -0.153761 -0.033589 -0.244838 -0.139142 -0.061583 -0.064825 -0.188405 -0.019520 0.053790 
0.634978 -0.747307 1.763448 -0.323439 0.019715 -0.016859 -0.158938 -0.019978 -0.192614 -0.217644 0.016427 -0.096103 -0.158172 0.001834 0.022012 
0.598165 -0.716081 1.718582 -0.251903 -0.118623 0.165538 -0.242691 0.007574 -0.186949 -0.252216 0.063120 -0.137880 -0.171674 0.021972 0.003603 
0.651620 -0.820429 1.838386 -0.330026 -0.044845 0.118957 -0.242552 0.026590 -0.207546 -0.235104 0.070441 -0.167738 -0.150170 0.041763 -0.049816 
0.578983 -0.704431 1.726506 -0.312728 -0.073267 0.182456 -0.261852 0.003221 -0.190548 -0.249041 0.069116 -0.174084 -0.155864 0.043448 -0.041449 
0.603570 -0.754284 1.726174 -0.290726 -0.056661 0.183385 -0.272407 -0.003998 -0.192255 -0.270596 0.080603 -0.214904 -0.139070 0.027024 -0.057214 
0.697124 -0.879313 1.806893 -0.284365 -0.039282 0.159775 -0.286707 0.005790 -0.199905 -0.289246 0.086280 -0.232853 -0.151683 0.049453 -0.095716 
0.538211 -0.788690 1.758163 -0.261636 -0.065535 0.185193 -0.293875 -0.009340 -0.213038 -0.256689 0.042728 -0.232575 -0.120125 0.006122 -0.068579 
0.687354 -0.864390 1.821917 -0.294901 -0.091761 0.139231 -0.237745 -0.045636 -0.193842 -0.284483 0.067593 -0.202796 -0.152029 0.044162 -0.071495 
0.740167 -0.896321 1.782662 -0.276247 -0.151491 0.198099 -0.263868 -0.065987 -0.233457 -0.238876 0.048503 -0.238341 -0.120367 0.056030 -0.093293 
0.726579 -0.950669 1.769935 -0.219970 -0.191537 0.174732 -0.260131 -0.060435 -0.259727 -0.205756 0.049481 -0.274932 -0.053254 0.039164 -0.096989 
0.891070 -1.093381 1.868311 -0.223549 -0.177776 0.058486 -0.195757 -0.087391 -0.255056 -0.207354 0.052860 -0.282014 -0.012290 0.040008 -0.144910 
0.802748 -1.050942 1.723968 -0.157220 -0.226653 0.060979 -0.165237 -0.102552 -0.309524 -0.160119 0.044130 -0.281367 -0.023537 0.054828 -0.132873 
0.903291 -1.125570 1.728452 -0.107959 -0.263453 0.015747 -0.169980 -0.073800 -0.323993 -0.157196 0.084802 -0.315689 0.027251 0.062160 -0.145420 
0.972077 -1.135707 1.637240 -0.095643 -0.243707 -0.078533 -0.067827 -0.144090 -0.266781 -0.197968 0.134088 -0.309466 0.024514 0.080517 -0.146251 
0.835213 -1.025200 1.353973 0.048351 -0.242615 -0.155421 -0.050966 -0.071293 -0.309762 -0.128716 0.116297 -0.234909 -0.001277 0.103683 -0.132417 
1.042891 -1.163494 1.367074 -0.044314 -0.100033 -0.314412 0.049271 -0.092183 -0.284116 -0.113824 0.134555 -0.220333 0.020756 0.085399 -0.101849 
0.971599 -1.073624 1.191355 0.081692 -0.131011 -0.303412 -0.038799 0.001111 -0.300100 -0.083085 0.084758 -0.181371 0.054991 0.073568 -0.126747 
1.119278 -1.192841 1.289934 -0.005218 -0.005917 -0.435296 -0.033997 0.060955 -0.264801 -0.163855 0.099090 -0.129323 0.076066 0.013258 -0.122297 
1.228862 -1.281678 1.288647 0.057945 -0.020502 -0.335106 -0.203941 0.121225 -0.322288 -0.222017 0.103258 -0.193420 0.066090 0.050150 -0.175043 
1.431792 -1.375200 1.288790 0.051285 0.026761 -0.303034 -0.326666 0.137630 -0.233844 -0.216053 0.053733 -0.229415 0.146099 0.098970 -0.267741 
1.469053 -1.331853 1.123225 0.083430 0.051638 -0.249260 -0.389309 0.113882 -0.192970 -0.241674 0.062500 -0.279791 0.178929 0.112097 -0.305009 
1.514168 -1.297365 1.057384 0.037786 0.087505 -0.171163 -0.416321 0.046333 -0.191461 -0.154251 0.056441 -0.333382 0.149859 0.175694 -0.296041 
1.615133 -1.279265 1.019030 -0.002626 0.138578 -0.166939 -0.452314 0.002726 -0.147700 -0.085475 0.036809 -0.383617 0.174841 0.236291 -0.319700 
1.551772 -1.146505 0.902735 -0.029904 0.139135 -0.125084 -0.457790 -0.000795 -0.156269 -0.071541 0.044748 -0.390028 0.189136 0.211174 -0.281614 
1.681789 -1.163703 0.946454 -0.130264 0.155957 -0.126356 -0.394293 -0.038124 -0.153683 -0.067688 0.085259 -0.374146 0.171463 0.199145 -0.283367 
1.620098 -1.070128 0.865197 -0.146913 0.088389 -0.048866 -0.373549 -0.012688 -0.231419 -0.085525 0.091329 -0.313462 0.140252 0.149610 -0.249005 
1.789690 -1.199255 0.998918 -0.257878 0.130921 -0.065032 -0.312753 -0.076082 -0.233260 -0.050947 0.146631 -0.324014 0.126467 0.139344 -0.240337 
1.676398 -1.071867 0.841240 -0.214836 0.080643 0.001321 -0.345533 -0.053116 -0.276750 -0.080619 0.110940 -0.301107 0.131925 0.138841 -0.257210 
1.747537 -1.049834 0.845162 -0.284803 0.081560 0.005092 -0.298944 -0.083488 -0.278980 -0.073475 0.131708 -0.309251 0.166690 0.101913 -0.248909 
1.740322 -1.042291 0.844124 -0.344291 0.050944 0.030697 -0.231231 -0.110118 -0.341644 -0.061302 0.130373 -0.251411 0.146461 0.090533 -0.258589 
1.727937 -0.995555 0.767029 -0.339831 0.037731 0.081583 -0.224546 -0.132632 -0.364534 -0.110222 0.137149 -0.251124 0.144783 0.116121 -0.306006 
1.722475 -0.941288 0.779977 -0.401961 0.067255 0.096104 -0.217812 -0.169846 -0.384983 -0.052656 0.151849 -0.265870 0.154457 0.084142 -0.280397 
1.688692 -0.864805 0.733951 -0.368613 0.021417 0.096107 -0.224134 -0.119658 -0.380081 -0.070918 0.123953 -0.268956 0.154313 0.118850 -0.275714 
1.695089 -0.812185 0.735308 -0.407515 0.054657 0.079965 -0.189378 -0.141011 -0.379489 -0.048132 0.119765 -0.282740 0.176310 0.081130 -0.255089 
1.773369 -0.845705 0.779289 -0.448567 0.117895 0.060536 -0.160278 -0.173539 -0.383238 -0.034087 0.133817 -0.297883 0.185044 0.044866 -0.252904 
1.688104 -0.724293 0.655077 -0.379062 0.102204 0.083121 -0.167071 -0.138453 -0.397451 -0.049354 0.065144 -0.278077 0.170043 0.064454 -0.270423 
1.705578 -0.687851 0.629377 -0.381395 0.168719 0.074302 -0.150721 -0.171274 -0.368435 -0.057779 0.047831 -0.285243 0.167319 0.035570 -0.266678 
1.676445 -0.630214 0.567242 -0.286328 0.168647 0.070248 -0.115625 -0.129843 -0.388943 -0.125784 0.038775 -0.275542 0.136138 0.030626 -0.260357 
1.638813 -0.610852 0.523092 -0.216338 0.178176 0.065498 -0.056358 -0.129374 -0.435471 -0.109902 -0.003727 -0.264732 0.107540 0.050439 -0.292203 
1.602100 -0.511565 0.479595 -0.172524 0.132188 0.122326 -0.019831 -0.189201 -0.399923 -0.124813 0.024137 -0.283500 0.114676 0.005127 -0.249172 
1.548291 -0.520451 0.446430 -0.052597 0.103085 0.146266 -0.013373 -0.223064 -0.403186 -0.097060 0.015767 -0.261023 0.077258 -0.019175 -0.260799 
1.498947 -0.408761 0.394693 0.003972 0.099573 0.113096 -0.078584 -0.180073 -0.418723 -0.033613 0.039819 -0.302975 0.017233 0.056214 -0.226868 
1.489357 -0.574978 0.412941 0.005042 0.192091 0.128940 -0.140371 -0.242608 -0.375683 -0.025931 0.083254 -0.290148 -0.043472 0.046432 -0.197954 
1.497130 -0.592016 0.367281 0.030859 0.219239 0.083133 -0.217520 -0.222605 -0.331878 0.020116 0.052998 -0.331801 -0.019155 0.095671 -0.181098 
1.435974 -0.685536 0.395554 -0.042441 0.234062 -0.031086 -0.283534 -0.139119 -0.320909 0.046117 0.084870 -0.363040 0.062615 0.154849 -0.178266 
1.530764 -0.981228 0.601943 -0.239146 0.270049 -0.189835 -0.329548 -0.118456 -0.260495 0.136838 0.120978 -0.339658 0.112389 0.208992 -0.122766 
1.722369 -1.265306 0.681611 -0.389277 0.264426 -0.333044 -0.289358 -0.056679 -0.204369 0.244960 0.187661 -0.336930 0.169543 0.219398 -0.115266 
1.715745 -1.382973 0.481895 -0.406863 0.167085 -0.340876 -0.234306 0.014160 -0.144083 0.375336 0.170663 -0.330406 0.193144 0.130906 -0.129593 
1.613352 -1.383422 0.367954 -0.560686 0.103338 -0.286176 -0.236580 -0.016263 -0.091528 0.416280 0.184258 -0.209529 0.055834 0.169066 -0.141367 
1.545846 -1.293625 0.376140 -0.678083 0.115271 -0.267526 -0.141714 -0.075564 0.012165 0.350482 0.264172 -0.259907 0.002229 0.123475 -0.111002 
1.466832 -1.373579 0.362216 -0.771665 0.169692 -0.224316 -0.056575 -0.101238 0.029970 0.304052 0.270957 -0.302839 0.023950 0.058786 -0.151850 
1.457684 -1.359360 0.307087 -0.775375 0.111842 -0.091765 -0.064297 -0.060375 -0.042844 0.329379 0.223305 -0.249608 -0.017561 0.033283 -0.185130 
1.483771 -1.374118 0.228299 -0.751780 0.074890 0.001470 -0.098527 -0.046914 -0.081222 0.342062 0.184263 -0.211709 -0.004347 0.016437 -0.213872 
1.525892 -1.413632 0.331603 -0.855806 0.140447 0.000673 -0.038687 -0.095756 -0.049539 0.321236 0.191336 -0.233317 -0.003237 -0.032306 -0.205584 
1.455325 -1.317808 0.288753 -0.844691 0.082619 0.107709 -0.066172 -0.088814 -0.064527 0.291666 0.196646 -0.219695 0.024691 -0.094049 -0.187907 
1.569596 -1.396710 0.378550 -0.912589 0.094823 0.135933 -0.059944 -0.052887 -0.128483 0.324947 0.185084 -0.192010 0.004502 -0.123025 -0.209538 
1.365378 -1.197763 0.155659 -0.768632 -0.027188 0.226021 -0.107734 -0.057998 -0.147139 0.307862 0.167365 -0.143749 0.086848 -0.208877 -0.154927 
1.622295 -1.362586 0.302334 -0.853905 0.030218 0.178511 -0.022193 -0.056080 -0.143071 0.226539 0.181927 -0.115510 0.088620 -0.221615 -0.174128 
1.464662 -1.102332 0.082985 -0.751327 -0.047635 0.190365 -0.043330 -0.110453 -0.135174 0.201401 0.161013 -0.043140 0.156714 -0.192498 -0.216154 
1.686240 -1.154631 0.244251 -0.876284 0.020261 0.102398 0.004743 -0.084927 -0.163481 0.139395 0.172397 -0.034004 0.195805 -0.121888 -0.275062 
1.663087 -1.006390 0.205897 -0.897449 0.028377 0.077373 -0.013506 -0.059385 -0.196745 0.135551 0.105014 -0.002818 0.235362 -0.041171 -0.284271 
1.674714 -0.910692 0.240218 -0.947551 -0.040653 0.077031 -0.000751 -0.048320 -0.195058 0.029055 0.170205 -0.045917 0.317570 0.023038 -0.281176 
1.786952 -0.903778 0.327779 -1.004588 -0.039698 0.006923 0.070289 -0.052472 -0.203937 0.005673 0.144773 -0.070861 0.367271 0.054360 -0.245324 
1.753085 -0.700296 0.325028 -0.965177 -0.169628 0.082131 0.016111 -0.004814 -0.237520 -0.006299 0.102266 -0.102387 0.368051 0.151751 -0.263863 
1.730843 -0.591125 0.282101 -0.893057 -0.208892 0.081768 -0.030142 0.024712 -0.253304 -0.037161 0.088061 -0.169582 0.383564 0.199239 -0.232627 
1.817627 -0.585222 0.326258 -0.867395 -0.182646 -0.004803 0.040396 0.026564 -0.264284 -0.036648 0.056524 -0.192101 0.345553 0.225136 -0.211456 
1.879240 -0.580889 0.342398 -0.819369 -0.134038 -0.065531 0.081788 0.002519 -0.291014 -0.090399 0.048243 -0.245785 0.365140 0.240855 -0.180375 
1.739282 -0.410547 0.231927 -0.663783 -0.198330 -0.014858 0.028621 0.076241 -0.381194 -0.080038 0.020543 -0.280912 0.338046 0.268555 -0.157021 
1.868645 -0.308617 0.145395 -0.588063 -0.132435 -0.027844 0.015661 0.087798 -0.398977 -0.084723 -0.034250 -0.368426 0.284239 0.287878 -0.148853 
1.813831 -0.244485 0.210124 -0.562241 -0.232687 -0.032272 0.098237 0.052078 -0.334618 -0.090028 -0.090767 -0.335399 0.276708 0.210769 -0.094430 
1.802132 -0.199734 0.122068 -0.525200 -0.162238 -0.094208 0.149583 0.004959 -0.375251 -0.073109 -0.123012 -0.314666 0.292630 0.213139 -0.080775 
1.746824 0.062424 0.099679 -0.281242 -0.081313 0.148192 0.375888 0.089098 -0.233260 -0.008325 -0.197523 -0.222713 0.174203 0.119334 -0.044504 
1.153214 0.376341 0.174568 -0.107087 -0.043358 0.291153 0.387295 0.125390 -0.013569 -0.259299 -0.088411 -0.028399 -0.007327 0.209469 -0.021472 
0.733592 -0.133735 0.078829 -0.187517 0.119987 0.353105 0.220802 0.117755 0.025316 -0.112236 0.068356 0.016242 0.088694 0.137075 -0.086121 
0.134807 -0.257469 -0.139726 -0.120602 0.067260 0.282690 0.039675 -0.018259 0.068649 -0.127661 0.025917 0.010834 0.009449 0.099469 -0.121081 
0.151790 -0.421901 -0.097819 -0.172953 0.097637 0.209633 0.058397 -0.131668 0.063782 -0.034864 0.091406 -0.155917 0.096502 0.037739 -0.119988 
0.128933 -0.345451 -0.165108 -0.221969 -0.019189 0.209370 0.028285 -0.095151 0.006656 -0.083379 0.061965 0.035473 -0.043121 0.096708 -0.178683 
0.147165 -0.326520 -0.178138 -0.240406 -0.069426 0.083143 0.018859 -0.100504 0.011678 -0.062822 0.129491 0.022570 -0.068001 0.058654 -0.120242 
0.744199 -0.776725 -0.325606 -0.135473 0.216506 0.092041 -0.158970 -0.011224 0.088380 0.049100 0.010245 -0.132746 -0.044099 0.170660 -0.049487 
1.045584 -1.048646 -0.389939 -0.421191 0.551741 -0.116111 -0.196361 -0.107215 0.066414 0.196901 0.088915 -0.142702 -0.075905 0.021131 0.072733 
0.945835 -0.695633 -0.127645 -0.074044 0.258981 -0.330994 -0.366171 0.081225 -0.057862 0.124710 0.150151 -0.151296 0.058081 0.093274 -0.034256 
1.465228 -0.695049 -0.120408 0.065699 0.116572 -0.274896 -0.134049 -0.028815 -0.121338 0.129282 0.120133 -0.177256 0.023409 0.134335 -0.025555 
1.746495 -1.074150 -0.130768 -0.123451 0.161737 -0.441639 -0.051511 -0.101858 -0.073272 0.231709 0.153931 -0.163947 0.026768 0.160033 0.000609 
1.838386 -1.207043 -0.210819 -0.092795 0.010907 -0.308036 0.028566 -0.135240 0.027363 0.250511 0.146345 -0.166709 -0.050676 0.148343 -0.099102 
1.877408 -1.274113 -0.326194 -0.194514 -0.047943 -0.130305 -0.088136 -0.036853 -0.019635 0.220451 0.274785 -0.232478 -0.053462 0.135287 -0.142137 
1.692628 -1.318901 -0.030335 -0.477236 0.064177 -0.184804 -0.056513 0.056945 -0.081678 0.229576 0.257926 -0.246850 -0.023320 0.071409 -0.138827 
1.704184 -1.277887 -0.083671 -0.514753 0.140345 -0.229546 0.032666 0.045493 -0.118777 0.244108 0.252518 -0.310316 0.032511 0.033850 -0.095602 
1.594184 -1.190935 -0.072332 -0.529353 0.072682 -0.136586 0.029742 0.010815 -0.080709 0.287052 0.190075 -0.298884 -0.019561 0.070735 -0.117466 
1.539990 -1.111609 -0.153865 -0.535120 -0.002115 -0.050746 0.001088 0.056084 -0.104897 0.273254 0.225116 -0.322655 -0.024272 0.065198 -0.121131 
1.470738 -1.135571 -0.161618 -0.493811 -0.002490 -0.060267 -0.036755 0.024412 -0.084347 0.317824 0.181869 -0.296253 0.007864 0.051777 -0.135858 
1.506683 -1.108187 -0.210709 -0.542146 -0.017804 -0.024770 -0.023641 0.007670 -0.065086 0.295250 0.218394 -0.336622 0.026299 0.056232 -0.174614 
1.423011 -1.143374 -0.165408 -0.566527 0.018943 -0.075646 0.044162 -0.011976 -0.044281 0.302654 0.195133 -0.313376 -0.004408 0.003993 -0.146790 
1.306526 -1.124768 -0.251021 -0.560233 -0.044014 0.003511 -0.017170 0.036279 -0.080271 0.347100 0.191720 -0.315083 0.004027 0.000658 -0.215881 
1.267780 -1.096669 -0.226337 -0.619861 0.007206 -0.019360 0.015617 0.031932 -0.081237 0.356141 0.182594 -0.353695 0.026817 -0.018178 -0.219619 
1.407415 -0.970177 -0.215929 -0.660841 0.019663 -0.065037 0.085348 0.021585 -0.012351 0.311195 0.095853 -0.369337 0.056128 0.004728 -0.175307 
1.454320 -0.769946 -0.265934 -0.383436 -0.098587 0.091636 0.034238 -0.032901 -0.033032 0.241524 0.075737 -0.302550 0.049101 0.037005 -0.112838 
1.258698 -1.089288 -0.325220 -0.587980 0.027990 0.045232 0.029435 0.001932 -0.036343 0.336793 0.090206 -0.361844 0.046924 -0.010746 -0.164710 
1.244774 -0.530436 -0.219710 -0.254838 0.020674 0.157519 0.134997 -0.169842 0.015420 0.242706 0.041156 -0.258099 -0.013343 0.082590 -0.096981 
1.522478 -0.649635 -0.466278 -0.330132 -0.108522 0.102608 0.156520 -0.090936 -0.044349 0.375883 -0.002349 -0.301330 -0.045216 -0.003724 -0.064041 
