city012_047
GUNMA
62
-0.226044 -0.017871 -0.020542 -0.059780 0.027945 0.031291 -0.107714 -0.067155 0.176082 -0.117749 0.053835 -0.005656 -0.051123 0.080065 -0.075511 
0.942143 -1.128062 -0.209146 -0.172761 0.143352 -0.099422 -0.150924 -0.180894 0.075370 0.069115 0.054077 0.143041 0.015171 -0.107578 -0.176584 
1.112204 -1.121865 -0.118532 -0.024137 -0.091971 -0.210117 -0.098510 0.025101 0.161946 -0.024746 -0.010477 0.052757 0.072676 -0.048312 -0.122937 
1.122306 -0.674280 0.693592 0.249574 0.098614 -0.272325 -0.047928 0.031047 -0.082173 -0.200471 0.041791 -0.117478 0.031534 0.007804 -0.137194 
1.410850 -0.717701 0.856079 0.136639 -0.008224 -0.138349 -0.150532 0.099664 -0.346446 -0.294384 0.180333 -0.343193 -0.045508 0.141196 -0.245596 
1.452302 -0.833870 0.877689 0.009226 0.050443 -0.027239 -0.198598 0.047637 -0.400564 -0.259191 0.145263 -0.349024 -0.013802 0.105839 -0.288504 
1.533252 -1.016795 1.015897 0.012838 0.117307 -0.119127 -0.179123 -0.096784 -0.293938 -0.158034 0.064154 -0.336393 -0.011137 0.126123 -0.244549 
1.528113 -1.034278 1.029645 -0.016610 0.149875 -0.151335 -0.176949 -0.146453 -0.267621 -0.093121 -0.027781 -0.280655 -0.004240 0.099978 -0.186098 
1.375718 -0.907358 1.003919 -0.019887 0.117534 -0.118953 -0.209552 -0.154835 -0.294611 -0.029844 -0.034435 -0.305840 -0.000999 0.141171 -0.177895 
1.391324 -0.974692 1.074538 -0.047807 0.182003 -0.254678 -0.117739 -0.225138 -0.256003 -0.029293 -0.061472 -0.327889 0.069015 0.100941 -0.194142 
1.315254 -0.924441 1.019668 0.013055 0.110808 -0.280697 -0.114993 -0.190646 -0.297619 0.013325 -0.147856 -0.253590 0.113927 0.022257 -0.159889 
1.385028 -0.927377 1.109452 0.004901 0.097379 -0.348384 -0.085971 -0.183693 -0.285061 0.047325 -0.200355 -0.204377 0.134249 0.021522 -0.166023 
1.326098 -0.837461 1.070242 0.077345 0.035839 -0.381237 -0.033823 -0.221454 -0.261472 0.028830 -0.208957 -0.188424 0.159276 -0.017313 -0.145805 
1.423530 -0.837830 0.970678 0.061791 0.059285 -0.348219 -0.017486 -0.247854 -0.277192 0.075107 -0.210956 -0.202764 0.157001 -0.021921 -0.137553 
1.434144 -0.875308 0.978012 -0.012528 0.067125 -0.281904 -0.019435 -0.250024 -0.321345 0.119826 -0.197585 -0.199093 0.131400 -0.016789 -0.131117 
1.488245 -0.847576 0.919867 -0.055172 0.041393 -0.194340 0.012411 -0.271566 -0.384270 0.136219 -0.158072 -0.217264 0.124540 -0.047325 -0.112983 
1.633165 -0.906285 0.957275 -0.168542 0.012515 -0.072707 0.085481 -0.375014 -0.336048 0.068929 -0.062689 -0.247077 0.129562 -0.047200 -0.163801 
1.750325 -0.991687 0.921808 -0.103423 -0.143129 0.081073 0.089382 -0.418098 -0.303105 0.021188 -0.057331 -0.218320 0.120791 -0.040572 -0.198164 
1.782783 -1.013930 0.749680 0.140135 -0.377013 0.221963 0.077230 -0.384986 -0.262729 -0.049140 -0.132107 -0.192772 0.173134 -0.076713 -0.212893 
1.881233 -1.151154 0.806780 0.163430 -0.365141 0.229968 0.071662 -0.403357 -0.172140 -0.099498 -0.118493 -0.180115 0.149370 -0.051865 -0.249992 
1.514100 -0.966956 1.008224 0.241492 -0.405630 0.216305 0.002273 -0.428480 -0.087329 -0.114866 -0.050764 -0.222887 0.006354 0.039448 -0.201299 
1.415220 -1.019518 1.145550 0.283911 -0.394950 0.218050 -0.124515 -0.373723 -0.070801 -0.142729 -0.096966 -0.247806 -0.006599 0.071987 -0.260867 
1.416133 -0.970112 1.148205 0.307183 -0.418564 0.218453 -0.112575 -0.346781 -0.076825 -0.166361 -0.076505 -0.244458 -0.032926 0.086871 -0.264347 
1.454162 -1.009174 1.211494 0.298456 -0.363928 0.171870 -0.090994 -0.360154 -0.026730 -0.201130 -0.067506 -0.275842 0.008704 0.045176 -0.254180 
1.297739 -1.039823 1.139832 0.360109 -0.275754 0.217057 -0.165688 -0.358716 -0.019943 -0.129745 -0.126114 -0.302237 0.004016 0.047122 -0.248411 
1.263454 -1.014495 1.093193 0.376279 -0.228779 0.226579 -0.121423 -0.399728 -0.049452 -0.056358 -0.120022 -0.330342 -0.031201 0.074751 -0.236887 
1.353754 -0.977481 1.247062 0.234420 -0.197104 0.142437 -0.017930 -0.372916 -0.032609 -0.131956 -0.087679 -0.285100 -0.007070 0.019122 -0.239673 
1.332939 -0.900844 1.181722 0.366319 -0.337465 0.199424 -0.071648 -0.273544 -0.051025 -0.143701 -0.106273 -0.245306 0.007581 0.008149 -0.271348 
1.256090 -0.852988 1.087239 0.446962 -0.316432 0.161384 -0.109292 -0.278686 0.006242 -0.103162 -0.120927 -0.280182 0.100855 -0.000984 -0.234708 
1.300967 -0.981106 1.141263 0.364745 -0.250975 0.146548 -0.097412 -0.289068 0.008464 -0.123171 -0.107731 -0.271751 0.071361 0.009097 -0.254486 
1.229751 -0.938749 1.098324 0.368855 -0.201601 0.065497 -0.093549 -0.295930 0.013872 -0.098510 -0.114952 -0.294474 0.111540 0.019852 -0.243495 
1.263477 -0.875277 0.996095 0.416835 -0.236633 0.122243 -0.145037 -0.258353 -0.014887 -0.052973 -0.157744 -0.272104 0.124394 -0.002885 -0.247172 
1.193268 -0.840959 0.939715 0.451421 -0.196892 0.097787 -0.143980 -0.246478 -0.044991 -0.036066 -0.154902 -0.285918 0.087751 0.027709 -0.242585 
1.246232 -0.909915 1.014699 0.370821 -0.098104 0.007572 -0.080801 -0.261067 0.012307 -0.071793 -0.112531 -0.265439 0.065932 0.056148 -0.225311 
1.166918 -0.872522 1.010453 0.411519 -0.151943 0.031277 -0.124802 -0.211811 -0.012068 -0.082886 -0.140379 -0.247417 0.084337 0.029885 -0.250433 
1.059976 -0.800328 0.960195 0.455020 -0.189337 0.067921 -0.092493 -0.240055 -0.036115 -0.030479 -0.136732 -0.271208 0.087149 0.028106 -0.222841 
1.102244 -0.907696 1.031386 0.404869 -0.130836 0.049627 -0.108433 -0.261860 -0.010706 -0.050363 -0.151153 -0.285698 0.082726 0.037256 -0.251237 
1.130712 -0.944031 1.043336 0.420920 -0.134052 0.044863 -0.092271 -0.297776 0.028788 -0.067545 -0.142103 -0.312197 0.106477 0.028330 -0.242367 
1.080927 -0.845343 0.976112 0.465772 -0.216441 0.073739 -0.105376 -0.249905 -0.033468 -0.055436 -0.117196 -0.287719 0.070708 0.064347 -0.245966 
1.105463 -0.869782 0.931816 0.447159 -0.165660 0.105726 -0.092087 -0.280090 -0.050826 -0.004739 -0.124997 -0.283071 0.024758 0.075309 -0.223002 
1.279929 -0.876404 0.978354 0.372731 -0.136400 0.043385 -0.039332 -0.358118 0.018250 -0.052132 -0.087039 -0.289704 0.027372 0.099484 -0.219110 
1.228638 -0.852423 0.942511 0.427640 -0.251846 0.168498 -0.088046 -0.309919 -0.034196 -0.045879 -0.101326 -0.270754 0.029001 0.052221 -0.222987 
1.220934 -0.883282 0.909314 0.397101 -0.213578 0.172259 -0.095296 -0.331957 -0.062454 0.002247 -0.154732 -0.244119 0.026571 0.014277 -0.198377 
1.658951 -0.914465 0.552636 -0.112552 -0.124099 0.188712 -0.001765 -0.352826 -0.180515 0.000911 0.042801 -0.150072 0.143954 -0.042028 -0.186932 
1.658960 -1.013783 0.239639 -0.372772 0.078245 0.063799 -0.029968 -0.259389 -0.184211 0.262575 0.128149 -0.159949 0.102941 -0.041670 -0.176279 
1.557516 -1.136537 0.042149 -0.422024 0.129059 0.002661 -0.016260 -0.157219 -0.150223 0.341627 0.107578 -0.238737 0.084065 -0.017005 -0.120411 
1.552585 -1.205836 0.059437 -0.516367 0.223742 -0.072204 0.075389 -0.092331 -0.143428 0.363500 0.050539 -0.274592 0.080900 -0.022878 -0.081704 
1.519865 -1.220132 0.071166 -0.572769 0.250880 -0.043591 0.109425 -0.058359 -0.150235 0.370142 0.016406 -0.293150 0.082254 -0.035479 -0.071314 
1.443472 -1.131456 -0.109623 -0.566300 0.268943 -0.008193 0.054212 -0.042700 -0.184632 0.370004 0.003210 -0.273868 0.096229 -0.012519 -0.038112 
1.457128 -1.096088 -0.057255 -0.579464 0.265938 -0.028609 0.119976 -0.049698 -0.143243 0.312001 -0.025572 -0.256626 0.104536 0.000625 -0.050691 
1.528039 -1.174443 -0.006398 -0.651890 0.361609 -0.096551 0.206795 -0.044417 -0.170334 0.338920 -0.038755 -0.267789 0.097657 -0.028024 -0.037085 
1.426318 -1.022533 -0.116541 -0.549787 0.285881 -0.053994 0.145859 -0.038732 -0.181316 0.324128 -0.038899 -0.262752 0.115748 0.032850 -0.044999 
1.364838 -0.924059 -0.156597 -0.570611 0.210287 0.060995 0.076637 -0.038395 -0.171963 0.308621 0.002649 -0.269741 0.096069 0.024059 -0.072546 
1.364136 -0.946008 -0.109957 -0.573880 0.224147 0.012212 0.158198 -0.062747 -0.150035 0.307148 -0.022807 -0.250121 0.081464 0.004328 -0.053203 
1.449306 -0.891544 -0.144573 -0.484492 0.266153 -0.000956 0.115958 -0.144226 -0.108771 0.225146 0.004193 -0.216379 0.129947 0.024541 -0.084991 
1.353944 -0.902052 -0.307321 -0.409607 0.092136 0.043008 0.060787 -0.084079 -0.102291 0.227585 0.036921 -0.222301 0.107379 0.036440 -0.097230 
1.436961 -0.952320 -0.288416 -0.513823 0.184811 0.076346 0.084637 -0.117012 -0.096614 0.224430 0.043356 -0.259336 0.110891 0.037753 -0.078207 
1.113045 -0.724941 -0.261636 -0.448793 0.160558 0.187783 0.137418 -0.150748 -0.100001 0.289670 0.065592 -0.294547 -0.002583 0.017422 -0.029442 
1.279996 -0.802324 -0.448462 -0.259345 -0.009180 0.176579 0.072767 -0.090878 -0.056328 0.178490 0.025026 -0.196166 0.028245 0.046605 -0.080005 
1.133311 -0.435331 -0.110390 -0.222129 0.082349 0.248199 0.050705 -0.147733 0.038964 0.226144 0.047513 -0.147559 -0.056854 0.023951 -0.025810 
0.729848 -0.246251 0.102594 0.014433 0.017271 0.229972 -0.042677 -0.052209 0.007838 0.116132 -0.026089 -0.045737 0.020648 0.057983 -0.135266 
0.902127 -0.304523 -0.020597 -0.120995 0.019807 0.222216 0.008128 -0.195401 -0.087929 0.195969 0.133347 -0.130249 -0.060388 0.084124 -0.132431 
