city012_032
MIKAWASHIMA
97
-0.114946 0.026856 0.194912 0.133882 0.051912 -0.057478 -0.089489 0.017733 0.079403 -0.084568 -0.008478 0.051262 -0.059059 0.056555 -0.065857 
0.411130 0.320219 0.486018 0.280100 0.153478 0.173058 0.028902 -0.067493 -0.009045 -0.132164 0.064103 -0.074780 -0.131733 -0.006294 -0.040387 
1.098776 -0.330301 0.719076 0.641393 -0.215183 -0.012456 -0.049032 -0.153438 -0.137255 -0.167635 -0.056957 -0.245210 -0.089666 0.050956 -0.187453 
0.978421 -0.622767 1.098989 0.222199 -0.165776 0.223993 -0.148054 -0.196306 -0.124895 -0.211735 0.025012 -0.317158 -0.097463 0.080947 -0.259342 
0.876622 -0.352834 1.195270 -0.373336 0.119818 0.326577 -0.461719 -0.095605 0.010103 -0.383880 0.024667 -0.164680 -0.102537 0.001521 -0.144436 
0.864089 -0.060444 1.095155 -0.562247 0.257182 0.261449 -0.510131 -0.027543 -0.059405 -0.321343 0.011102 -0.129468 -0.109428 0.008498 -0.093551 
0.959101 -0.073109 1.178149 -0.669752 0.323117 0.219829 -0.487306 -0.116934 -0.026655 -0.265440 0.010640 -0.112368 -0.088569 0.021687 -0.070666 
0.907327 -0.081952 1.041665 -0.536141 0.233231 0.181194 -0.467838 -0.066591 -0.097795 -0.247362 -0.008623 -0.138708 -0.058357 0.026916 -0.115520 
0.841930 -0.194342 1.149755 -0.580000 0.340162 0.129895 -0.588921 -0.042935 -0.056643 -0.285882 0.037947 -0.197832 -0.036217 0.063334 -0.125054 
0.681854 -0.127988 1.111870 -0.477911 0.292102 0.143367 -0.574746 -0.069515 -0.079480 -0.247591 -0.030575 -0.209572 -0.019732 0.041753 -0.152351 
0.620236 -0.060218 0.972838 -0.255726 0.213689 0.046579 -0.499215 -0.054775 -0.098764 -0.242406 -0.051634 -0.224558 0.017234 0.017368 -0.156539 
0.636994 -0.002104 0.767614 0.115899 0.174416 0.132690 -0.369326 -0.208475 0.061229 -0.084324 -0.142754 -0.271030 0.024099 0.035755 -0.121049 
0.535356 -0.077919 0.477509 0.361492 -0.010081 0.078734 -0.129312 -0.290203 0.141402 0.003202 -0.189965 -0.102694 0.010461 0.064464 -0.143915 
0.299685 0.061902 0.286708 0.157564 -0.012618 0.107922 -0.183872 -0.128474 0.078974 0.031540 -0.013079 -0.120788 0.039857 0.090482 -0.132007 
0.122691 -0.315432 -0.059045 -0.090463 -0.042235 0.156838 -0.111176 -0.165054 0.218226 0.053842 -0.043081 -0.077453 -0.010734 0.096904 -0.094628 
-0.257671 -0.189967 0.088460 -0.042196 -0.103250 0.065146 -0.016951 -0.083422 0.064982 -0.087598 0.084222 0.015856 -0.095607 0.095938 -0.071978 
-0.357210 -0.513849 0.380201 0.118515 -0.314953 -0.108008 -0.159086 -0.139703 0.207070 -0.067219 -0.042738 0.094639 0.027585 0.032756 -0.079417 
-0.212779 -0.007920 -0.048636 -0.262430 -0.014562 0.076390 -0.083871 -0.061546 0.013281 -0.106753 0.138767 0.053220 -0.130902 0.111948 -0.076628 
-0.196655 -0.053706 0.094270 -0.258851 -0.056496 0.006550 -0.039905 -0.042760 0.073910 -0.107647 0.089168 0.027337 -0.077890 0.077080 -0.074765 
0.106975 -0.829326 -0.194778 0.040883 -0.031152 -0.133534 -0.140896 0.055450 0.238459 -0.086318 -0.025240 0.022487 -0.024668 0.041938 -0.103034 
0.700427 -1.228468 0.196172 -0.352150 0.084350 -0.275832 -0.329634 0.111770 0.391928 0.036015 -0.143163 0.051634 0.110014 -0.124209 -0.052956 
0.875928 -0.814974 0.235304 -0.308059 0.213159 -0.460230 -0.502216 -0.002764 0.254596 0.007388 0.049216 0.102082 0.091064 0.123399 -0.012879 
1.365929 -1.231492 0.648198 -0.311458 0.215514 -0.454657 -0.347375 -0.004310 -0.201014 0.247491 0.074113 -0.233126 0.284230 0.157543 -0.116074 
1.578172 -1.348703 0.616420 -0.579303 0.162272 -0.341863 -0.297448 -0.039759 -0.087394 0.376671 0.132856 -0.209844 0.188743 0.119893 -0.123805 
1.443469 -1.291218 0.491592 -0.790105 0.110640 -0.234702 -0.136723 -0.045188 -0.031741 0.379630 0.185826 -0.228121 0.101958 0.010620 -0.155088 
1.336618 -1.204119 0.432861 -0.877030 0.090130 -0.194308 -0.046097 -0.138283 0.021479 0.347071 0.265932 -0.206760 0.033664 -0.029870 -0.178580 
1.341823 -1.209023 0.380063 -0.919623 0.104425 -0.109401 -0.046002 -0.154463 0.051141 0.340695 0.219954 -0.175504 -0.009742 -0.066405 -0.164789 
1.306312 -1.252595 0.387767 -0.939995 0.135871 -0.053228 0.000994 -0.239327 0.108834 0.330910 0.197184 -0.188850 -0.041467 -0.095635 -0.135875 
1.357540 -1.209235 0.388899 -0.954788 0.110441 0.010282 -0.003809 -0.249529 0.124102 0.329058 0.154026 -0.162032 -0.032810 -0.148274 -0.095915 
1.441431 -1.136994 0.351611 -1.003672 0.113413 0.013215 0.013089 -0.181260 0.042610 0.339151 0.125881 -0.128421 -0.009836 -0.160228 -0.151601 
1.395895 -1.064734 0.356982 -1.042793 0.077008 0.033092 0.071166 -0.194388 -0.004874 0.302761 0.149794 -0.081274 0.029057 -0.193167 -0.202246 
1.415937 -1.104205 0.390218 -1.042499 0.025249 0.034833 0.080127 -0.204156 -0.042484 0.268652 0.191685 -0.040504 0.063200 -0.181399 -0.226068 
1.460302 -1.265819 0.407333 -0.951803 0.000340 -0.069087 0.095636 -0.178541 -0.105190 0.229387 0.212214 0.040076 0.091141 -0.147856 -0.211676 
1.686187 -1.298626 0.407344 -0.834893 -0.003220 -0.133990 0.051717 -0.081973 -0.145600 0.147363 0.172798 0.081210 0.146347 -0.135596 -0.183146 
1.637189 -1.039063 0.305958 -0.775794 0.018394 -0.050364 -0.044474 -0.034123 -0.189046 0.077121 0.114351 0.010552 0.237858 -0.030031 -0.184338 
1.724606 -1.064806 0.325572 -0.754183 0.055843 -0.059726 -0.000856 -0.088340 -0.179133 0.045829 0.122043 -0.020169 0.255995 -0.027544 -0.187353 
1.683199 -1.121930 0.231608 -0.691962 -0.033527 -0.032761 -0.021301 -0.074864 -0.204184 0.151520 0.117992 0.040329 0.216430 -0.081899 -0.190503 
1.671845 -1.290254 0.324259 -0.807862 -0.037750 -0.063734 0.046286 -0.129209 -0.160828 0.211758 0.199511 0.049082 0.137430 -0.128397 -0.249229 
1.441537 -1.263235 0.310189 -0.873169 -0.042306 -0.054424 0.097437 -0.184925 -0.127324 0.272583 0.254685 0.012084 0.059171 -0.129790 -0.261596 
1.512749 -1.244670 0.334981 -0.992956 0.009482 0.042249 0.093856 -0.202440 -0.056489 0.259954 0.241031 -0.044715 0.005287 -0.166228 -0.200954 
1.569922 -1.225382 0.267384 -0.959651 0.015470 0.119542 0.067112 -0.112217 -0.045405 0.275534 0.172700 -0.134048 -0.065315 -0.087734 -0.224014 
1.513699 -1.240636 0.215984 -0.890337 0.037631 0.099864 0.071121 -0.117304 0.006775 0.281898 0.176856 -0.214776 -0.097321 -0.063876 -0.196003 
1.560310 -1.314951 0.254491 -0.884853 0.062721 0.111465 0.052219 -0.103727 0.008310 0.321985 0.126327 -0.229445 -0.121641 -0.056414 -0.122169 
1.467545 -1.334724 0.266888 -0.895378 0.102543 0.120205 0.034524 -0.099652 0.028621 0.312060 0.103539 -0.230725 -0.150966 -0.013384 -0.114197 
1.353194 -1.278999 0.210737 -0.826081 0.074473 0.152337 -0.022537 -0.081602 0.040896 0.299258 0.113016 -0.276478 -0.091915 -0.025942 -0.098487 
1.336052 -1.351904 0.266414 -0.858296 0.145246 0.067466 -0.008560 -0.098677 0.076561 0.311198 0.070219 -0.280293 -0.051301 -0.033208 -0.079149 
1.236472 -1.318560 0.270007 -0.784407 0.120065 0.016611 -0.069436 -0.020853 0.081834 0.350890 -0.037906 -0.255104 0.009935 -0.042633 -0.049764 
1.350080 -1.374485 0.378335 -0.754416 0.133084 -0.063949 -0.111280 0.052029 0.108252 0.347999 -0.115102 -0.245408 0.070604 -0.031176 -0.079945 
1.351203 -1.266882 0.403316 -0.661762 0.126253 -0.131299 -0.142396 0.068157 0.192158 0.299024 -0.165640 -0.226991 0.137760 -0.052204 -0.092218 
1.525470 -1.320359 0.513098 -0.620837 0.171925 -0.220972 -0.162782 0.060038 0.205117 0.270665 -0.196268 -0.132863 0.142548 -0.044475 -0.107833 
1.608295 -1.104768 0.336760 -0.269015 0.028903 -0.224749 -0.201077 0.017354 0.235980 0.147759 -0.229979 0.048508 0.151315 -0.094950 -0.048869 
1.592698 -0.738258 0.311868 -0.289050 0.238035 -0.245611 -0.198102 -0.099684 0.233400 0.059847 -0.359203 0.170510 0.096305 -0.039097 -0.011270 
0.877830 -0.391508 0.677197 -0.124466 0.249714 -0.220694 0.100406 0.044106 0.134769 -0.053217 -0.199906 0.267749 -0.030011 -0.136855 0.085115 
0.178304 -0.529851 0.511673 -0.155451 0.341050 -0.240105 0.272668 -0.128354 -0.054442 0.056948 -0.030794 0.070294 -0.013440 -0.130030 0.154040 
-0.406779 -0.558604 0.182155 -0.333108 0.276170 -0.299212 0.109765 -0.003897 0.067714 -0.028796 -0.023001 0.013109 -0.011699 0.040145 -0.076593 
-0.468961 -0.637755 0.168812 -0.535618 0.104907 -0.201214 0.226871 -0.104913 0.198808 0.023761 -0.140626 0.043178 -0.053379 -0.006286 0.040963 
-0.655218 -0.472412 0.019732 -0.344320 0.324295 -0.289783 0.301961 -0.079537 -0.029620 -0.030602 0.039956 -0.019580 0.000373 0.020580 0.001435 
-0.650454 -0.599667 0.073843 -0.352823 0.334479 -0.363814 0.236734 -0.168219 0.074160 0.086292 0.001471 -0.102938 0.040243 -0.009482 0.061655 
-0.776253 -0.525254 0.168737 -0.543156 0.377896 -0.295352 0.218604 -0.055136 -0.023485 0.105801 -0.101327 0.012507 0.021300 -0.025642 0.022936 
-0.755216 -0.536500 0.208364 -0.621822 0.132806 -0.172651 0.218401 -0.027688 0.108451 0.015962 -0.139797 0.067484 -0.024817 -0.101557 0.156818 
-0.808184 -0.702302 0.292896 -0.585972 0.147990 -0.181693 0.241044 -0.005636 0.013933 0.055346 -0.118206 0.009532 0.033434 -0.082012 0.107911 
-0.911824 -0.629202 0.375143 -0.689472 0.448381 -0.174415 0.218875 -0.089018 0.069218 -0.112340 -0.035564 0.089490 -0.007888 -0.000176 -0.014546 
-0.784613 -0.519545 0.491240 -0.744149 0.323263 -0.090351 0.107187 -0.086300 0.034161 0.023437 -0.050110 0.021324 0.040535 -0.086366 0.063342 
-0.901637 -0.521942 0.703430 -0.623128 0.380236 -0.243606 0.116024 -0.042314 0.025344 0.045288 -0.100515 0.045640 0.057167 -0.084720 0.030837 
-0.644280 -0.323309 0.879013 -0.845918 0.095885 -0.247770 0.168494 -0.065543 0.134361 0.022289 -0.060132 0.067089 -0.016856 -0.094471 0.056755 
-0.347684 -0.451535 0.817113 -0.884780 0.141616 -0.185908 0.045604 -0.165860 0.084960 0.118488 -0.051023 0.012974 0.104177 -0.108269 0.027961 
-0.327599 -0.527889 0.971562 -0.773898 0.194659 -0.253290 0.067185 -0.047090 -0.025853 0.083698 -0.028202 -0.003066 0.080882 -0.112949 0.074336 
-0.241971 -0.618881 0.868119 -0.607208 0.207953 -0.242046 -0.033253 -0.188657 0.050122 0.136719 -0.170855 0.120773 0.048382 -0.090684 0.087820 
0.682346 -0.589613 1.310080 -0.272943 0.030377 -0.109346 -0.145442 -0.028980 -0.190290 -0.142794 -0.082066 0.051962 -0.101192 -0.116289 0.162687 
0.882598 -0.819769 1.570629 -0.195915 -0.032018 -0.005266 -0.229193 -0.035464 -0.187459 -0.247719 -0.053589 -0.059771 -0.114872 -0.095651 0.041122 
1.021450 -0.865298 1.542367 -0.232937 -0.134996 0.158877 -0.265453 -0.062909 -0.159277 -0.297197 0.049505 -0.144104 -0.099953 -0.038946 -0.007593 
1.149973 -0.947148 1.468816 -0.059151 -0.311285 0.189124 -0.227057 -0.059927 -0.142930 -0.376277 0.134581 -0.171406 -0.146767 0.074822 -0.148848 
1.284411 -0.965425 1.115944 0.403950 -0.270572 -0.046559 -0.186058 0.049115 -0.157039 -0.452006 0.188379 -0.178790 -0.201369 0.155055 -0.180216 
1.371464 -0.793502 0.809998 0.482959 -0.141413 0.112739 -0.087140 -0.172180 -0.158530 -0.274953 0.059814 -0.245806 -0.208796 0.068760 -0.203622 
1.455153 -0.775009 0.866116 0.472935 -0.192342 0.089219 -0.079834 -0.141221 -0.148502 -0.288638 0.050262 -0.257394 -0.163316 0.070923 -0.218267 
1.429298 -0.718901 0.908864 0.466303 -0.192013 0.019421 -0.030322 -0.149231 -0.188710 -0.198419 0.021180 -0.292340 -0.097427 0.070186 -0.239338 
1.420453 -0.799177 0.899729 0.469625 -0.205085 0.098207 -0.066851 -0.196553 -0.174942 -0.153552 0.010493 -0.331863 -0.066268 0.072353 -0.237861 
1.418856 -0.890435 0.917314 0.443663 -0.205152 0.153734 -0.065555 -0.304299 -0.149447 -0.065951 -0.038268 -0.360226 -0.021322 0.062958 -0.250809 
1.834378 -1.006418 0.598999 -0.071179 -0.038323 0.157593 -0.121682 -0.267264 -0.160152 -0.071640 0.099786 -0.232939 0.091064 0.078892 -0.244358 
1.760875 -1.221589 0.437327 -0.436528 0.093500 0.035820 -0.207847 -0.105052 -0.144726 0.202279 0.233059 -0.284131 0.080119 0.119976 -0.161707 
1.535373 -1.317353 0.356205 -0.588106 0.106368 -0.031150 -0.094979 -0.024609 -0.000225 0.278864 0.121969 -0.334434 0.042288 0.111659 -0.158941 
1.564147 -1.385245 0.289724 -0.661259 0.150476 -0.028781 -0.025017 -0.085341 0.055201 0.285159 0.143688 -0.360428 -0.027368 0.097536 -0.093397 
1.502483 -1.302576 0.162908 -0.640616 0.114548 0.050952 -0.026278 -0.071611 0.002276 0.302801 0.133030 -0.335818 -0.058769 0.087465 -0.065674 
1.611907 -1.283117 0.102805 -0.671264 0.158115 0.052959 0.023960 -0.084309 -0.015143 0.288748 0.107136 -0.311013 -0.060068 0.080368 -0.066532 
1.541004 -1.234728 0.064358 -0.678831 0.107858 0.143827 0.029833 -0.037018 -0.023017 0.255556 0.087295 -0.324258 -0.060938 0.080140 -0.065089 
1.646031 -1.299755 0.143707 -0.769167 0.173614 0.090961 0.070928 -0.068546 -0.023059 0.278413 0.097014 -0.339260 -0.031497 0.011037 -0.034457 
1.546076 -1.169178 -0.020334 -0.708047 0.107456 0.158911 0.011340 -0.028829 -0.063783 0.299941 0.085885 -0.333242 -0.036926 0.038917 -0.057992 
1.707399 -1.322142 0.084401 -0.699257 0.160724 0.096462 0.052024 -0.037957 -0.069571 0.282069 0.108942 -0.342819 -0.002564 0.012717 -0.091741 
1.689155 -1.259927 -0.017153 -0.699463 0.157948 0.125920 0.020114 -0.024945 -0.082940 0.287399 0.079595 -0.321217 0.002975 0.020863 -0.060825 
1.688678 -1.212659 -0.156537 -0.580729 0.073605 0.170379 0.011012 -0.078171 -0.048648 0.265995 0.040213 -0.255579 0.010790 0.023499 -0.040086 
1.933977 -1.206158 -0.214115 -0.502988 0.106143 0.086339 0.140886 -0.154810 -0.032381 0.275920 0.018387 -0.225368 -0.014459 -0.025613 0.002563 
1.810722 -1.116182 -0.419642 -0.413870 -0.048827 0.192432 0.073034 -0.154456 -0.023059 0.292024 0.018217 -0.205163 -0.046694 0.002226 0.015057 
1.482923 -1.171108 -0.132638 -0.642298 0.092813 0.065134 0.079803 -0.067907 -0.019523 0.270405 0.038352 -0.265677 0.004708 0.014525 -0.089208 
1.489023 -0.607527 -0.439957 -0.403314 0.043138 0.136505 0.061042 -0.097033 -0.071607 0.336571 0.031043 -0.276085 -0.040956 0.003075 0.012317 
0.836929 -1.017939 -0.218262 -0.462343 0.086866 0.086707 0.000719 -0.076877 -0.018453 0.248287 0.029264 -0.209889 0.021730 0.012805 -0.074604 
0.611202 -0.479632 -0.450983 -0.515435 -0.089256 0.235959 0.116249 -0.086902 0.110219 0.256888 -0.048540 -0.270798 -0.104542 -0.040240 -0.002782 
0.177540 -0.621308 -0.284287 -0.326512 -0.131790 0.163834 -0.058271 -0.169061 0.212100 0.165718 0.006508 -0.070332 -0.146896 0.020702 -0.012796 
