city012_036
YAESU
79
-0.184050 -0.089320 0.115808 -0.044437 -0.135262 0.024577 0.023131 -0.014980 0.079406 -0.115621 0.058928 -0.005513 0.012182 -0.036159 -0.027174 
-0.015235 -0.019269 0.353944 -0.077585 -0.157992 0.080086 -0.066694 0.008924 -0.017928 -0.078225 0.043123 0.039005 -0.061819 -0.001427 -0.006587 
0.492840 0.245655 0.920843 0.135105 -0.004644 0.159107 -0.037503 -0.054413 0.003248 -0.200017 -0.007672 -0.053312 -0.159498 -0.003191 -0.074993 
0.628310 -0.352522 1.291900 -0.272427 -0.138846 0.031904 -0.251403 0.000869 -0.258062 -0.299497 0.068329 -0.102868 -0.149157 -0.015156 0.029430 
0.833088 -0.486114 1.296412 -0.361247 -0.157492 -0.032813 -0.218243 -0.033393 -0.217061 -0.305391 0.109378 -0.087265 -0.096729 -0.003557 0.042331 
0.885992 -0.599893 1.274242 -0.390875 -0.238817 -0.057559 -0.257912 -0.034886 -0.199470 -0.242541 0.113139 -0.026625 -0.034244 0.013284 0.052366 
1.050944 -0.767324 1.049798 -0.428307 -0.220274 -0.122678 -0.302557 -0.015854 -0.154867 -0.166505 0.089306 0.054283 0.082825 -0.004828 0.020048 
1.272669 -1.157586 1.010926 -0.527315 -0.031762 -0.254130 -0.323523 0.017756 0.015691 0.064151 0.072500 0.017586 0.168821 -0.020950 -0.061252 
1.257560 -1.258842 0.658546 -0.526783 0.047251 -0.316166 -0.392341 0.167070 0.094411 0.131829 -0.014220 0.040927 0.212290 -0.100165 -0.105793 
1.448115 -1.475240 0.511758 -0.454369 0.050264 -0.384581 -0.241492 0.236720 0.082461 0.143471 0.080661 -0.190040 0.191082 0.017658 -0.271989 
1.322468 -1.450309 0.208281 -0.453740 0.060502 -0.268838 -0.115655 0.145064 0.173121 0.183673 -0.050846 -0.266040 0.187219 0.044437 -0.311916 
1.322136 -1.348395 0.120883 -0.590192 0.045523 -0.117994 -0.107189 0.101760 0.202225 0.242712 -0.075491 -0.327138 0.098051 0.086486 -0.242316 
1.340707 -1.350230 0.064647 -0.609663 0.096539 -0.157713 -0.029678 0.082927 0.196229 0.234722 -0.059894 -0.359161 0.099593 0.066501 -0.218783 
1.361234 -1.345717 0.063396 -0.592295 0.063876 -0.149635 -0.059509 0.146821 0.097361 0.299950 -0.061405 -0.314605 0.044633 0.066083 -0.169264 
1.533626 -1.305724 -0.010636 -0.613047 0.052366 -0.085748 -0.026388 0.026267 0.202168 0.238522 -0.054073 -0.352245 0.122008 0.020862 -0.173047 
1.424703 -1.307559 0.095168 -0.700419 0.115602 -0.123757 0.004572 0.028373 0.173112 0.251673 -0.080186 -0.280009 0.080871 -0.007854 -0.148254 
1.485683 -1.276871 0.040590 -0.631589 0.075680 -0.112509 -0.050815 0.054089 0.123812 0.291465 -0.064113 -0.283046 0.112018 -0.012899 -0.178204 
1.506228 -1.267234 0.070823 -0.686849 0.152928 -0.158887 -0.027221 0.002931 0.118022 0.326502 -0.042774 -0.312626 0.123575 -0.019724 -0.144937 
1.478540 -1.398270 0.159467 -0.653029 0.120212 -0.127114 -0.168551 0.083845 0.091912 0.371090 -0.032279 -0.314650 0.136490 -0.031865 -0.150475 
1.584699 -1.225600 0.137043 -0.639243 0.059429 -0.153127 -0.113922 0.011714 0.185330 0.349519 -0.029514 -0.318579 0.131376 -0.038480 -0.177446 
1.577655 -1.241883 0.184775 -0.560002 0.023714 -0.250707 -0.078723 0.040206 0.167676 0.350896 -0.065508 -0.255561 0.138051 -0.033395 -0.216296 
1.553722 -1.296580 0.233809 -0.522087 0.010063 -0.313600 -0.079105 0.018295 0.248235 0.310832 -0.123969 -0.156149 0.124834 -0.028048 -0.233043 
1.559412 -1.425791 0.392989 -0.418249 0.014574 -0.418759 -0.081731 0.080397 0.261426 0.266716 -0.119390 -0.136545 0.171151 -0.096025 -0.233026 
1.398347 -1.302857 0.327264 -0.165431 -0.256299 -0.323036 -0.133049 0.141606 0.228803 0.179747 -0.115691 -0.039068 0.190656 -0.146528 -0.195469 
1.504374 -1.499135 0.699491 -0.325284 -0.122700 -0.416500 -0.152262 0.242541 0.143116 0.103925 0.000008 -0.049158 0.164644 -0.098302 -0.223788 
1.183195 -1.288214 0.781189 -0.321802 -0.164279 -0.367663 -0.313268 0.315175 0.108453 0.028791 0.023606 0.119179 0.118416 -0.193090 -0.000591 
1.341942 -1.424555 0.968335 -0.453539 -0.102101 -0.395385 -0.308774 0.252908 0.121537 0.034500 -0.004835 0.186667 0.132593 -0.234331 0.047885 
1.340463 -1.475948 1.094332 -0.503813 -0.032322 -0.394509 -0.237547 0.202323 0.135228 0.012329 -0.025453 0.160609 0.113623 -0.187289 0.013604 
1.280782 -1.398909 1.088341 -0.456193 -0.028950 -0.296958 -0.225554 0.170818 0.055006 0.077554 -0.091171 0.139810 0.100665 -0.149426 0.029781 
1.283685 -1.407424 1.190128 -0.460629 -0.064455 -0.291539 -0.194717 0.139236 0.078429 0.055780 -0.050757 0.131428 0.080833 -0.125245 0.018878 
1.273552 -1.388955 1.202535 -0.441536 -0.097195 -0.282925 -0.184270 0.115459 0.049100 0.046566 0.000127 0.090922 0.096207 -0.122595 0.040051 
1.196123 -1.347296 1.243820 -0.462175 -0.146359 -0.217489 -0.200815 0.079607 -0.011334 0.088766 -0.013678 0.093768 0.080583 -0.091225 0.065876 
1.158720 -1.334469 1.217675 -0.473676 -0.158439 -0.191549 -0.197992 0.049682 -0.051868 0.080903 0.001926 0.080675 0.086346 -0.100370 0.102046 
1.031639 -1.226474 1.119984 -0.358391 -0.261018 -0.117945 -0.236024 0.064247 -0.086275 0.053256 0.012837 0.079372 0.100705 -0.134496 0.145259 
1.145322 -1.328872 1.187914 -0.395457 -0.226498 -0.150922 -0.256697 0.098263 -0.096574 0.057355 0.022290 0.086816 0.081219 -0.098144 0.104751 
0.996059 -1.232264 1.077318 -0.318094 -0.259975 -0.151938 -0.254807 0.067979 -0.096423 0.020186 0.043237 0.087167 0.092616 -0.115248 0.139127 
1.214112 -1.399601 1.235406 -0.432649 -0.188029 -0.210655 -0.229603 0.071173 -0.106989 0.034391 0.043492 0.100469 0.070692 -0.093157 0.122740 
1.099115 -1.255334 1.148000 -0.366659 -0.252431 -0.187889 -0.215950 0.048920 -0.131928 0.030917 0.051813 0.098943 0.075138 -0.099932 0.144617 
1.298466 -1.389337 1.255205 -0.424008 -0.143496 -0.262176 -0.183676 0.000230 -0.073646 0.019085 0.046780 0.072754 0.100431 -0.087491 0.122634 
1.244669 -1.264131 1.137651 -0.322386 -0.176852 -0.232163 -0.231297 -0.007275 -0.098202 0.070931 -0.030720 0.103677 0.116590 -0.079160 0.112046 
1.402933 -1.277220 1.161788 -0.277840 -0.084467 -0.325264 -0.189368 -0.041339 -0.023110 0.036292 -0.057704 0.116205 0.119385 -0.069340 0.081450 
1.403145 -1.027858 1.001612 -0.184984 -0.071725 -0.325179 -0.160842 -0.115452 -0.051238 0.040775 -0.126784 0.158489 0.073544 -0.041766 0.078071 
1.367199 -0.733338 0.800460 -0.075593 -0.092592 -0.294022 -0.053775 -0.190175 -0.079549 -0.067119 -0.212380 0.213930 0.000805 -0.101553 0.113792 
1.242974 -0.504247 0.842179 -0.072784 0.067160 -0.199383 0.003147 -0.145180 0.033578 -0.178144 -0.247839 0.175105 -0.036571 -0.139543 0.018881 
0.528811 -0.342781 0.833067 -0.066249 0.083070 0.019610 0.063203 0.027610 0.000844 -0.028774 -0.045069 0.113068 -0.084799 0.003902 0.013315 
0.339371 -0.576271 0.601141 -0.141442 0.275206 -0.244341 -0.045435 0.088359 0.061685 -0.177352 -0.076654 0.219157 -0.077494 -0.060618 -0.017773 
-0.060479 -0.906939 0.300079 0.006653 0.228926 -0.103877 -0.058800 -0.051595 0.022714 -0.029648 0.056117 0.077092 -0.178730 0.038260 0.067627 
-0.056994 -0.851407 0.548498 -0.092534 -0.090358 -0.054136 0.068479 -0.044176 -0.077318 -0.007374 0.068236 0.021803 -0.051629 -0.028371 0.029607 
0.004424 -0.918448 0.295082 -0.194375 -0.126011 0.015270 0.005279 0.005670 -0.015323 0.035886 -0.011458 0.028120 -0.023179 0.013633 -0.066000 
-0.052030 -1.207461 0.204457 -0.137249 -0.124370 -0.030456 0.004880 -0.072462 0.115412 0.028282 0.073627 -0.065837 -0.099476 0.100274 -0.060051 
-0.252163 -1.264815 0.089646 -0.260522 0.007230 0.127117 -0.005522 0.076703 0.086172 -0.210567 -0.007285 0.117824 -0.041424 0.002511 -0.014527 
-0.074120 -1.250157 0.056417 -0.216523 0.037252 0.119486 0.079000 -0.127004 0.126494 -0.112841 -0.043228 0.103770 0.003856 -0.047655 -0.018298 
-0.006522 -1.205287 0.049137 -0.263028 0.081665 -0.046011 0.032405 0.049683 0.030116 -0.054640 0.015933 0.064445 -0.094786 -0.022814 0.046013 
0.149977 -1.219066 0.246853 -0.408764 0.060265 0.054424 0.051209 0.009759 -0.014177 -0.133189 0.131869 0.062046 -0.103390 -0.005320 -0.012847 
0.159368 -1.134224 0.136434 -0.437014 -0.018426 -0.091750 0.004889 0.141733 0.174625 -0.126640 -0.046388 0.123662 -0.100607 -0.094132 0.045977 
0.056090 -1.056064 0.179067 -0.297255 -0.085653 -0.202072 0.034472 0.119782 0.224260 -0.071626 -0.150308 0.168862 -0.080554 -0.058272 -0.059604 
0.167113 -1.234847 0.305332 -0.297176 0.102788 -0.132069 0.067379 0.064055 0.059491 -0.057890 -0.127535 0.149459 -0.003228 -0.072979 0.024454 
0.062518 -1.061933 0.386681 -0.198997 0.025026 -0.060589 -0.022041 -0.069407 0.098893 0.045500 -0.080647 0.031172 0.002151 -0.007246 0.029824 
0.144544 -1.112015 0.456882 -0.275828 -0.047266 -0.215919 0.021546 -0.019217 0.165862 -0.009053 -0.070499 0.085096 -0.008367 -0.049204 -0.003196 
1.159569 -0.738553 0.601471 0.132688 0.134477 -0.309232 -0.139067 -0.005497 -0.023316 -0.062545 -0.168506 -0.018753 0.132816 -0.009086 -0.147887 
1.375884 -0.990723 0.842756 0.062954 0.151123 -0.288889 -0.241786 -0.078970 -0.096596 -0.042313 -0.154402 -0.196293 0.223942 0.011482 -0.205662 
1.490098 -1.123840 0.939099 0.073534 0.135066 -0.259383 -0.272306 -0.066846 -0.114340 -0.091006 -0.134502 -0.189570 0.174728 0.022305 -0.203044 
1.436662 -1.031057 0.861866 0.066545 0.125217 -0.254127 -0.281376 -0.035676 -0.182300 -0.079325 -0.153979 -0.184817 0.213267 -0.029251 -0.195963 
1.650573 -1.180286 1.012027 0.026293 0.131482 -0.347645 -0.262922 -0.017294 -0.182005 -0.059750 -0.121532 -0.190453 0.224489 0.022137 -0.233102 
1.499780 -1.039378 0.869671 0.020099 0.083761 -0.277782 -0.333786 -0.002516 -0.188504 -0.100355 -0.123408 -0.199884 0.233508 0.056221 -0.282129 
1.601155 -1.075968 1.018814 -0.015766 0.088833 -0.354106 -0.316260 -0.020213 -0.128599 -0.107221 -0.083684 -0.210756 0.253189 0.079779 -0.274443 
1.490337 -1.035145 0.948196 0.014782 0.027253 -0.301872 -0.356460 -0.010850 -0.156969 -0.112964 -0.076686 -0.200485 0.230883 0.103902 -0.269658 
1.492432 -1.065881 0.951884 0.015560 0.028406 -0.315223 -0.330602 -0.007556 -0.170837 -0.134669 -0.029798 -0.221334 0.227738 0.097031 -0.245281 
1.462519 -1.087273 0.961242 0.022222 0.018921 -0.310054 -0.355204 -0.006978 -0.159557 -0.118998 -0.046308 -0.216726 0.248910 0.089994 -0.251620 
1.444782 -1.096753 0.948423 -0.005400 0.028360 -0.300585 -0.363066 0.011730 -0.188627 -0.100333 -0.056957 -0.200727 0.246230 0.078528 -0.251583 
1.417431 -1.095462 0.972103 0.002260 0.042594 -0.343434 -0.334343 0.021032 -0.204363 -0.081189 -0.047927 -0.221707 0.272898 0.057387 -0.238871 
1.417298 -1.101967 0.963394 -0.009373 0.053367 -0.339350 -0.342490 0.021377 -0.198564 -0.090870 -0.043427 -0.210882 0.251317 0.082441 -0.262460 
1.468564 -1.083346 0.991547 -0.010366 0.057821 -0.378497 -0.308544 0.004072 -0.199835 -0.117569 -0.011618 -0.232076 0.246260 0.098874 -0.274534 
1.457969 -0.999602 0.938317 -0.016857 0.056148 -0.380750 -0.310176 0.013954 -0.216163 -0.131287 0.000343 -0.249111 0.251716 0.119231 -0.308394 
1.337984 -0.784559 0.838343 -0.028418 0.011504 -0.330780 -0.361640 0.033124 -0.225852 -0.152456 0.040689 -0.281895 0.255291 0.150562 -0.323803 
1.384308 -0.702290 0.664695 0.065535 -0.048511 -0.360213 -0.327065 0.044494 -0.241879 -0.169254 0.005556 -0.249890 0.268274 0.131702 -0.314931 
1.251243 -0.622739 0.677476 0.123696 -0.101832 -0.318117 -0.380168 0.093200 -0.234399 -0.153909 0.038135 -0.251601 0.254979 0.172309 -0.358267 
1.142135 -0.355611 0.765360 0.172298 -0.060051 -0.371244 -0.338264 0.060034 -0.224539 -0.097155 -0.022315 -0.253568 0.293094 0.142505 -0.380706 
0.652426 -0.099442 0.636773 0.275927 -0.170668 -0.369469 -0.404306 -0.023973 -0.190781 -0.071328 -0.026354 -0.197836 0.319400 0.217589 -0.333519 
