city012_064
PINPON
74
0.156585 0.027325 0.130576 -0.015026 -0.013084 0.007122 -0.097462 0.196016 0.055879 -0.127648 0.140561 -0.039130 -0.074947 0.131975 -0.126989 
-0.206653 0.068286 0.131815 0.119403 -0.004911 -0.168554 -0.009110 -0.062031 0.120250 -0.075519 0.006652 0.011710 -0.037949 0.127533 -0.157660 
0.722172 -1.113827 0.784681 0.115047 0.072165 -0.248284 -0.057475 0.015398 -0.042348 -0.055138 0.011003 -0.032390 -0.017252 0.146804 -0.248230 
1.194404 -0.405390 1.008089 -0.424000 -0.177339 0.121563 0.162128 0.040541 0.134857 0.058793 0.021761 -0.009477 -0.004473 0.022880 -0.075347 
0.577170 0.035723 1.351244 -0.177673 -0.017997 0.191793 -0.056792 0.068465 -0.003120 -0.059126 0.072681 0.018192 -0.107588 0.122081 -0.091149 
0.881133 -0.831836 1.786931 -0.511000 0.024378 0.010548 -0.325842 0.015711 -0.241265 -0.248937 0.098537 -0.155403 -0.139465 0.131928 -0.070085 
0.856137 -0.755826 1.727633 -0.549833 -0.014158 0.116962 -0.357779 -0.010140 -0.273371 -0.272425 0.101065 -0.190106 -0.174290 0.150940 -0.066227 
0.871139 -0.724861 1.678812 -0.584879 -0.032661 0.151112 -0.400240 -0.001686 -0.276908 -0.263671 0.100783 -0.186133 -0.144525 0.146055 -0.048105 
0.998054 -0.733528 1.642023 -0.636380 -0.038091 0.209680 -0.420347 -0.021612 -0.268612 -0.243035 0.063800 -0.154486 -0.151797 0.172004 -0.096498 
0.913890 -0.624366 1.463872 -0.636231 -0.019965 0.281720 -0.445317 -0.057458 -0.247048 -0.254560 0.048283 -0.161602 -0.083888 0.083015 -0.060567 
1.078012 -0.712187 1.559381 -0.749955 0.103966 0.268722 -0.493353 -0.112370 -0.194090 -0.182955 -0.024152 -0.105746 -0.092503 0.102425 -0.120669 
1.030063 -0.636321 1.481291 -0.729396 0.088360 0.328496 -0.549351 -0.136651 -0.137771 -0.193555 -0.023715 -0.108715 -0.039256 0.031871 -0.055053 
1.160756 -0.695002 1.548343 -0.759719 0.174301 0.294229 -0.581229 -0.185614 -0.062658 -0.128106 -0.049379 -0.080839 -0.046888 0.072662 -0.069533 
1.146628 -0.734083 1.512894 -0.720826 0.137732 0.312364 -0.575849 -0.203932 -0.035896 -0.164974 -0.034023 -0.090341 -0.044533 0.067210 -0.079216 
1.188633 -0.858702 1.547350 -0.656116 0.043750 0.323254 -0.512776 -0.199997 -0.053466 -0.202190 -0.006601 -0.129633 -0.019912 0.067973 -0.134339 
1.057303 -0.946688 1.424240 -0.348447 -0.240982 0.296225 -0.289713 -0.197365 -0.233427 -0.201478 0.088477 -0.245186 -0.020745 0.134549 -0.175998 
1.333044 -1.241854 1.308086 0.000863 -0.208425 -0.005693 -0.136460 -0.081792 -0.329990 -0.264725 0.192203 -0.256095 -0.149011 0.235310 -0.274694 
1.164959 -1.050488 1.055935 0.316636 -0.236822 -0.003074 -0.174723 -0.178735 -0.146235 -0.146647 -0.020677 -0.237404 -0.010775 0.128764 -0.228821 
1.333174 -1.185107 1.183158 0.241603 -0.198323 -0.037021 -0.140712 -0.200855 -0.151749 -0.132398 -0.069135 -0.201539 -0.024351 0.135856 -0.272812 
1.252545 -1.063948 1.133575 0.294844 -0.192521 -0.039917 -0.169675 -0.177224 -0.118593 -0.160158 -0.063158 -0.233791 0.002566 0.132827 -0.276613 
1.244615 -1.054504 1.137380 0.313728 -0.175398 -0.029345 -0.140198 -0.175483 -0.167816 -0.133782 -0.068134 -0.249673 -0.035846 0.140119 -0.282474 
1.280816 -1.017901 1.161433 0.303545 -0.195367 -0.003825 -0.112851 -0.169374 -0.175661 -0.153515 -0.047878 -0.248395 -0.044270 0.102163 -0.254817 
1.286989 -0.988750 1.161339 0.345927 -0.186679 -0.014270 -0.097324 -0.178439 -0.162250 -0.128322 -0.110691 -0.235182 -0.027413 0.084181 -0.288071 
1.288410 -1.034488 1.094629 0.423545 -0.109139 -0.000694 -0.105902 -0.213898 -0.121750 -0.089491 -0.120838 -0.290205 -0.055276 0.143937 -0.320280 
1.267232 -0.974359 1.020926 0.490062 -0.134763 0.013978 -0.088418 -0.190220 -0.167255 -0.063739 -0.113237 -0.323754 -0.018530 0.091189 -0.289460 
1.153151 -0.786957 1.029156 0.510609 -0.137744 -0.047962 -0.077566 -0.190279 -0.122626 -0.063436 -0.193580 -0.259323 -0.011155 0.104030 -0.325295 
1.320878 -0.750466 0.891501 0.594571 -0.111067 -0.058650 -0.087888 -0.235902 -0.104178 -0.004950 -0.184610 -0.358475 0.050598 0.116390 -0.290966 
1.366024 -0.602396 0.815242 0.566469 -0.102572 -0.017697 -0.150301 -0.228998 -0.082854 0.001153 -0.188951 -0.298447 -0.005452 0.171843 -0.290931 
1.332301 -0.446329 0.754709 0.582473 -0.087992 -0.016053 -0.130145 -0.312779 -0.011044 -0.028673 -0.142811 -0.339738 0.013586 0.159538 -0.213850 
1.306682 -0.191508 0.793790 0.507214 -0.131585 0.113479 -0.243120 -0.268740 0.043617 -0.126585 -0.093348 -0.236556 -0.060172 0.208214 -0.239839 
1.156247 0.098179 0.741395 0.410055 0.085687 0.080968 -0.232007 -0.309847 0.034453 -0.025195 -0.031704 -0.364524 0.039919 0.187092 -0.145978 
0.879088 0.173431 0.750091 0.264355 0.005923 0.072570 -0.077895 -0.329283 0.074708 -0.087055 -0.099524 -0.164002 -0.047974 0.120985 -0.212584 
0.366755 0.002676 0.660544 0.348943 0.072260 0.212185 -0.145800 -0.290860 0.076445 -0.045342 -0.144714 -0.234723 -0.035764 0.026129 -0.205436 
0.237280 -0.252416 0.283141 0.161452 0.066649 0.097861 -0.232603 -0.253211 0.077196 -0.017930 0.087124 -0.178279 -0.094715 0.223491 -0.125557 
0.313621 -0.233977 0.257032 0.087909 -0.000676 0.007181 -0.269531 -0.309055 0.042151 0.058602 0.044233 -0.181860 -0.041112 0.285955 -0.171813 
0.177954 -0.258358 0.275358 0.066949 -0.117038 -0.008988 -0.242870 -0.226331 0.154563 -0.026965 -0.016330 -0.027929 -0.004098 0.162141 -0.119824 
0.169965 -0.194911 0.238470 0.074771 -0.006475 0.064583 -0.151533 -0.094035 0.138833 -0.049355 0.053954 -0.058613 -0.070731 0.186629 -0.132556 
-0.119593 -0.180141 0.230453 0.087538 -0.105720 -0.031866 -0.212647 -0.026166 0.183537 -0.134898 0.042130 0.006834 -0.058378 0.180625 -0.160220 
-0.015014 -0.294016 0.184822 0.076631 -0.050131 0.077713 -0.113044 -0.050740 0.209814 -0.111761 0.038998 -0.028805 -0.041556 0.136798 -0.120199 
-0.061130 -0.138366 0.321486 0.223872 -0.151846 0.072875 -0.086545 0.022454 0.227331 -0.197680 0.077559 0.016959 -0.048126 0.136482 -0.169495 
-0.020225 -0.101951 0.343139 0.138649 -0.077438 -0.032796 -0.151224 -0.094104 0.005435 -0.110204 0.125136 -0.078998 -0.125176 0.258576 -0.147122 
-0.040634 -0.154793 0.218405 -0.118585 -0.189182 0.019355 -0.091886 -0.010230 0.250155 -0.122232 0.049353 -0.013778 -0.043522 0.111511 -0.164169 
0.513057 -0.698366 0.000824 -0.128887 -0.014999 0.002524 -0.044502 -0.033482 0.079547 -0.013280 0.036252 -0.005961 -0.077905 0.096105 -0.091890 
1.330475 -0.612207 0.525735 -0.033644 0.166637 0.039861 -0.061013 -0.141779 -0.083750 -0.040803 -0.014150 -0.031838 -0.049569 0.032104 -0.111151 
1.995398 0.019335 0.228782 -0.725784 -0.090764 0.157894 0.092328 0.078788 -0.234502 -0.099155 0.050394 -0.181845 0.144306 0.218102 -0.221284 
1.804846 -0.595505 0.338341 -0.951191 -0.220659 0.009477 0.065386 0.095828 -0.235087 0.008910 0.015422 -0.171254 0.255578 0.284749 -0.252237 
1.806461 -0.779353 0.302323 -0.988163 -0.194207 0.054880 0.107675 0.093285 -0.190662 0.044120 0.040065 -0.164140 0.260100 0.196638 -0.281026 
1.656591 -0.834211 0.343919 -0.980241 -0.167094 0.030493 0.144922 0.141249 -0.256475 0.076377 -0.020928 -0.149767 0.294841 0.156645 -0.232658 
1.715292 -0.953092 0.445022 -0.969082 -0.141291 0.061443 0.222728 0.159036 -0.267113 0.042724 -0.056492 -0.155745 0.274334 0.144782 -0.190486 
1.763637 -0.985811 0.489568 -0.923004 -0.175108 0.125338 0.261728 0.151073 -0.211856 0.016486 -0.062677 -0.158778 0.210289 0.145604 -0.180078 
1.754662 -0.922743 0.439906 -0.818883 -0.206910 0.170786 0.242266 0.115521 -0.142662 -0.017988 -0.075708 -0.124238 0.162717 0.116546 -0.120050 
1.817846 -0.913914 0.488256 -0.811616 -0.186933 0.150876 0.266423 0.128652 -0.089649 -0.003736 -0.086755 -0.120612 0.093026 0.102204 -0.106351 
1.793614 -0.914232 0.494944 -0.760706 -0.175060 0.152638 0.219462 0.151449 -0.074931 -0.013572 -0.113600 -0.089018 0.059902 0.098072 -0.077843 
1.671020 -0.752806 0.397067 -0.616799 -0.262527 0.166193 0.184534 0.141568 0.012165 -0.032831 -0.119248 -0.120900 0.035999 0.069336 -0.044733 
1.748206 -0.857121 0.501024 -0.569528 -0.250598 0.124403 0.142676 0.143935 0.089790 -0.030509 -0.107087 -0.128953 0.001419 0.056701 -0.083103 
1.641256 -0.719255 0.412708 -0.378139 -0.259138 0.098513 0.060130 0.134740 0.163242 0.045388 -0.080658 -0.104582 -0.027172 0.011642 -0.117149 
1.710936 -0.703111 0.553299 -0.337051 -0.173908 -0.008890 -0.028506 0.046722 0.155570 0.098769 -0.029347 -0.041539 -0.010464 0.021882 -0.154677 
1.468937 -0.554103 0.663395 -0.129178 -0.076841 -0.112024 -0.114712 -0.109190 0.097698 0.102362 -0.033343 0.008999 0.054453 0.053204 -0.092028 
1.271458 -0.641425 0.777865 0.016918 0.109683 -0.107881 -0.204291 -0.146090 0.058775 0.018180 -0.156016 -0.023472 0.004453 0.104364 -0.111056 
1.052463 -0.705746 0.826382 0.109166 0.168857 0.021117 -0.190765 -0.119199 0.037395 0.016039 -0.145661 -0.061672 -0.050729 0.096454 -0.118499 
1.061060 -0.715769 0.810308 0.174438 0.199479 -0.048664 -0.158186 -0.115397 0.068867 0.020349 -0.148752 -0.094363 -0.005909 0.094264 -0.121902 
0.980747 -0.708073 0.932467 0.133990 0.237132 -0.060665 -0.153906 -0.139152 0.090411 0.005261 -0.177853 -0.106115 0.009974 0.076622 -0.146649 
0.957863 -0.660708 0.850187 0.133553 0.147340 -0.022292 -0.144607 -0.143762 0.066343 0.018986 -0.115888 -0.120809 0.001570 0.125479 -0.165283 
0.856803 -0.673085 0.910463 0.270514 0.138499 -0.014409 -0.167923 -0.122063 0.070101 -0.074433 -0.189355 -0.061037 -0.056720 0.049604 -0.153496 
0.936286 -0.619003 0.834528 0.189889 0.146576 -0.027052 -0.147180 -0.089650 0.108074 -0.060234 -0.137828 -0.027096 -0.021249 0.067247 -0.151043 
0.965723 -0.521426 0.812956 0.271500 0.096034 0.047435 -0.187617 -0.199411 0.129620 -0.027568 -0.169224 -0.145554 0.007169 0.105931 -0.192110 
0.869946 -0.485389 0.770548 0.342124 0.054600 0.062401 -0.203517 -0.146868 0.050732 -0.026547 -0.174970 -0.145551 -0.017010 0.091361 -0.183733 
0.756528 -0.609140 0.883857 0.288500 0.130170 0.010054 -0.200439 -0.116280 0.044458 -0.054894 -0.210135 -0.088873 -0.048283 0.052816 -0.171808 
0.708394 -0.573777 0.829192 0.282156 0.094435 0.046486 -0.203131 -0.101662 0.064928 -0.030018 -0.178219 -0.088184 -0.018519 0.082017 -0.190432 
0.706060 -0.352899 0.738730 0.410070 0.055435 -0.038565 -0.054611 -0.185910 0.086678 -0.022238 -0.140332 -0.132528 -0.003715 0.091004 -0.162707 
0.598878 -0.179076 0.651770 0.330797 0.138914 -0.004608 -0.161786 -0.238800 0.102611 -0.088104 -0.201448 -0.114290 -0.071023 0.064598 -0.146815 
0.651545 -0.195344 0.661371 0.545982 0.005835 -0.043449 -0.169722 -0.209840 0.093849 -0.179511 -0.195522 -0.179738 -0.040090 0.057901 -0.188980 
0.438281 0.098263 0.551735 0.398385 0.142274 0.056015 -0.248292 -0.155974 0.022459 -0.143257 -0.062007 -0.282568 -0.100689 0.155805 -0.206332 
0.214733 -0.817509 0.605238 0.409192 -0.030180 -0.073632 -0.088710 -0.138569 0.112906 0.055419 -0.177504 -0.010216 -0.036176 0.176283 -0.166950 
