city012_029
HEIWAJIMA
100
-0.024111 -0.486415 0.392566 -0.329533 -0.229933 0.133120 0.170880 0.148755 0.046085 -0.212038 0.067770 -0.051079 -0.006241 -0.038476 0.097268 
-0.069144 -0.707153 0.408338 -0.359522 -0.215682 0.066663 0.194071 -0.047591 -0.105167 -0.039692 0.110908 0.000057 -0.054461 -0.008724 0.071780 
0.094012 -0.727220 0.539731 -0.292540 -0.180901 0.079563 0.154608 0.154395 -0.090695 -0.133677 0.121265 -0.067327 -0.008089 0.010248 -0.006648 
-0.163786 -0.687136 0.487205 -0.357987 -0.184456 0.137113 0.178811 -0.009048 0.005422 -0.073800 0.001765 -0.017662 0.039833 -0.041862 0.025141 
0.032406 -0.735616 0.635497 -0.423630 -0.260670 -0.098774 0.029632 -0.019766 0.101091 -0.071825 0.125330 0.033831 -0.089194 0.002692 0.014239 
0.209180 -0.442074 0.611375 -0.096897 -0.032366 0.079565 0.028440 -0.067604 -0.010926 -0.069947 0.057420 -0.004763 -0.004477 -0.043964 -0.000902 
1.076069 -0.453083 0.702438 -0.025579 -0.222720 -0.078811 0.078970 -0.097477 -0.068539 -0.109071 0.056964 -0.009227 -0.015073 -0.074407 0.065286 
1.099424 -0.710187 0.980081 -0.358772 -0.242624 -0.173377 -0.052343 -0.052780 -0.113142 -0.063194 0.097584 0.027255 0.008207 -0.014756 0.063653 
0.921901 -1.007822 1.312863 -0.533213 -0.120209 -0.193378 -0.176915 0.051765 -0.186433 -0.031922 0.122410 0.011852 0.022044 -0.009776 0.074262 
0.944216 -1.137454 1.402020 -0.436976 -0.152631 -0.156137 -0.239808 0.067028 -0.194177 -0.072523 0.130764 -0.012606 0.036041 -0.018922 0.077260 
0.957276 -1.034754 1.396260 -0.444320 -0.192897 -0.145002 -0.222322 0.043179 -0.178052 -0.117882 0.176988 -0.028365 0.028452 -0.015356 0.080009 
0.973132 -1.056389 1.385720 -0.378821 -0.250847 -0.029544 -0.252835 0.005007 -0.154699 -0.151175 0.173835 -0.070161 0.037508 0.000269 0.055529 
1.089126 -1.084084 1.465612 -0.354797 -0.213143 -0.063475 -0.244758 -0.011502 -0.123163 -0.172567 0.167423 -0.058957 0.004418 0.031598 0.027994 
0.961764 -0.952668 1.422541 -0.326939 -0.238425 0.004340 -0.266722 -0.007392 -0.168930 -0.198276 0.137520 -0.068330 -0.003436 -0.006467 0.063788 
1.083053 -0.834101 1.440611 -0.354917 -0.185074 -0.009868 -0.264195 -0.013911 -0.196709 -0.232391 0.150326 -0.102003 -0.041016 0.040482 0.007321 
1.085852 -0.693086 1.368453 -0.367575 -0.229863 0.044848 -0.235441 -0.058014 -0.183366 -0.286417 0.121984 -0.102352 -0.059862 0.003345 0.056500 
0.992355 -0.524344 1.376697 -0.436256 -0.236109 0.096819 -0.247903 -0.021576 -0.225167 -0.310506 0.149040 -0.167403 -0.092089 0.062744 0.005946 
1.152314 -0.449804 1.329291 -0.465239 -0.226514 0.117543 -0.219438 -0.007958 -0.207378 -0.383092 0.162596 -0.226203 -0.117810 0.094314 -0.047165 
1.001180 -0.438954 1.406750 -0.431255 -0.228237 0.185847 -0.207403 -0.078573 -0.174434 -0.370636 0.129797 -0.226393 -0.125407 0.066253 -0.021988 
1.006784 -0.438528 1.310341 -0.410628 -0.138457 0.190536 -0.204275 -0.024322 -0.223321 -0.404606 0.127994 -0.231542 -0.138144 0.026477 -0.019641 
0.927970 -0.482448 1.376431 -0.411884 -0.059762 0.167597 -0.226292 -0.023497 -0.260693 -0.372705 0.156746 -0.264219 -0.152043 0.066412 -0.060351 
0.920081 -0.512905 1.444480 -0.414799 -0.039348 0.191642 -0.245976 -0.030998 -0.289719 -0.306756 0.141224 -0.295866 -0.141994 0.096359 -0.082631 
0.864036 -0.494781 1.446332 -0.429518 0.046590 0.144685 -0.274472 0.015313 -0.303524 -0.324508 0.172212 -0.300730 -0.164944 0.108232 -0.084054 
0.785568 -0.569479 1.518362 -0.396036 -0.016888 0.204270 -0.302724 0.004730 -0.271887 -0.346096 0.180497 -0.303822 -0.168380 0.100191 -0.079918 
0.812926 -0.622310 1.585078 -0.421712 0.031715 0.156306 -0.290874 -0.000759 -0.251899 -0.362315 0.199280 -0.309041 -0.182253 0.121463 -0.101923 
0.695125 -0.558940 1.529563 -0.362366 -0.025516 0.203180 -0.309541 -0.003578 -0.262015 -0.335224 0.166629 -0.302475 -0.169235 0.106362 -0.094210 
0.784052 -0.707835 1.721543 -0.403955 0.019821 0.148158 -0.330685 0.021877 -0.246066 -0.343076 0.194879 -0.336307 -0.144819 0.121858 -0.113569 
0.620501 -0.625450 1.625693 -0.387740 0.017390 0.185927 -0.340134 0.027063 -0.273260 -0.319855 0.168567 -0.321797 -0.151502 0.092258 -0.084365 
0.668349 -0.682944 1.714462 -0.366409 -0.058843 0.209708 -0.345686 0.013262 -0.248850 -0.333035 0.161831 -0.310788 -0.150685 0.092185 -0.081653 
0.749636 -0.777062 1.752765 -0.344372 -0.059971 0.183453 -0.315594 -0.017161 -0.229976 -0.317483 0.134175 -0.296668 -0.141213 0.085117 -0.115183 
0.752398 -0.798016 1.723674 -0.241161 -0.187638 0.215659 -0.258034 -0.069187 -0.230149 -0.276376 0.097380 -0.289297 -0.102212 0.050212 -0.100557 
0.867962 -0.934211 1.689282 -0.136720 -0.249163 0.167373 -0.153512 -0.133102 -0.253454 -0.233289 0.108351 -0.348006 -0.043960 0.051273 -0.135007 
1.050862 -1.047539 1.619942 -0.009592 -0.280387 0.032291 -0.063131 -0.106363 -0.324906 -0.203125 0.177186 -0.403773 -0.032864 0.124249 -0.219044 
1.167731 -1.069674 1.377660 0.155234 -0.287354 -0.065888 -0.063284 -0.006814 -0.364418 -0.291653 0.266852 -0.376547 -0.086946 0.144631 -0.197064 
1.333697 -1.055919 1.184404 0.209612 -0.174640 -0.200655 -0.153018 0.111579 -0.323494 -0.339343 0.236581 -0.288567 -0.028861 0.115251 -0.201792 
1.471099 -0.922686 0.993339 0.121777 -0.197690 -0.170315 -0.188908 0.104023 -0.248724 -0.345872 0.219872 -0.264920 0.044770 0.120084 -0.223379 
1.649261 -1.033090 0.908345 -0.110996 -0.204607 -0.057979 -0.147068 0.004524 -0.314418 -0.310292 0.242400 -0.279634 0.050116 0.204666 -0.250505 
1.721734 -1.029768 0.808209 -0.321371 -0.095054 0.060867 -0.216147 -0.194940 -0.309363 -0.152657 0.250521 -0.263793 0.116153 0.187757 -0.257194 
1.816861 -0.969888 0.659497 -0.426758 -0.024698 0.131141 -0.295606 -0.237879 -0.240247 -0.071962 0.241110 -0.234458 0.150075 0.143527 -0.247048 
1.760437 -0.998418 0.498597 -0.463330 0.065923 0.064056 -0.297235 -0.092172 -0.271418 0.007477 0.358812 -0.282302 0.106538 0.180915 -0.226795 
1.811000 -1.200171 0.462202 -0.582416 0.056313 -0.011407 -0.214463 -0.086601 -0.230594 0.185841 0.385956 -0.301677 0.146050 0.077234 -0.218554 
1.710392 -1.271910 0.500933 -0.731588 0.012124 -0.042804 -0.184148 -0.143492 -0.110172 0.263514 0.352642 -0.220946 0.105072 0.041602 -0.230123 
1.598740 -1.237320 0.495486 -0.754993 -0.027419 -0.041114 -0.222438 -0.116666 -0.054423 0.296922 0.307640 -0.203328 0.100301 0.037458 -0.212710 
1.624841 -1.353923 0.474319 -0.673858 -0.005380 0.008036 -0.221960 -0.063445 0.010557 0.300813 0.206325 -0.274558 0.105748 -0.006928 -0.191787 
1.248714 -1.221769 0.263479 -0.603595 -0.039637 0.095389 -0.263929 -0.034723 0.049348 0.316533 0.139916 -0.287106 0.088771 -0.013017 -0.134765 
1.427151 -1.488780 0.477665 -0.790871 0.153791 -0.066657 -0.098183 -0.073121 0.124679 0.286043 0.100315 -0.333589 0.068281 0.012559 -0.129629 
1.175592 -1.262055 0.267642 -0.621407 0.030321 0.013782 -0.181986 0.049101 0.103375 0.306966 -0.011012 -0.312624 0.090400 0.024284 -0.132041 
1.287604 -1.373759 0.408444 -0.656945 0.097441 -0.119658 -0.125935 0.016767 0.153871 0.345347 -0.057490 -0.313409 0.103431 0.018349 -0.139222 
1.277354 -1.367723 0.430459 -0.595533 0.090068 -0.172170 -0.136448 -0.000876 0.208383 0.329635 -0.100690 -0.279660 0.144250 0.000451 -0.139648 
1.401492 -1.489649 0.527380 -0.465846 0.007993 -0.212624 -0.177094 0.010342 0.214285 0.283108 -0.094818 -0.205637 0.167809 0.009056 -0.185110 
1.419180 -1.448587 0.584456 -0.298574 -0.073526 -0.234425 -0.207872 0.062455 0.185585 0.193086 -0.131269 -0.086754 0.210279 -0.043207 -0.192388 
1.502205 -1.402795 0.694922 -0.200170 0.037989 -0.367358 -0.278470 0.115085 0.165034 0.038333 -0.079440 0.036841 0.161672 -0.050465 -0.079044 
1.346394 -1.034096 0.751118 -0.079541 0.105324 -0.262474 -0.324749 -0.090557 0.085520 -0.083155 -0.197363 0.075961 0.184140 -0.066278 -0.055779 
1.266162 -0.603149 0.663393 0.206576 0.095356 -0.137671 -0.147380 -0.261862 0.048000 -0.122112 -0.287659 -0.069830 0.087516 -0.066810 -0.156461 
1.223171 -0.387736 0.591343 0.352974 -0.023982 0.034665 -0.114126 -0.186810 -0.035411 -0.116456 -0.153982 -0.200007 0.105439 -0.105442 -0.207417 
1.066116 -0.364066 0.412356 0.454719 0.059001 0.021551 -0.004366 -0.272686 -0.035768 -0.058266 -0.165451 -0.105924 0.030047 -0.191857 -0.040663 
0.589165 -0.379379 0.596846 0.344488 0.306097 -0.086993 0.044965 -0.104427 -0.034670 -0.154896 -0.059572 -0.002666 -0.074149 -0.182422 -0.059502 
0.138270 -0.331293 0.650133 0.239235 0.196021 -0.121440 0.191305 0.043916 -0.031839 -0.008079 0.041865 0.037912 -0.000184 -0.066799 0.008844 
-0.011686 -0.172063 0.674060 -0.018828 0.397687 -0.163641 0.037184 -0.073497 0.017630 -0.028086 -0.010095 -0.058727 0.014125 -0.073794 0.051669 
0.120285 -0.085171 0.670175 -0.246733 0.506119 -0.187262 0.025870 -0.120045 0.057676 -0.014589 -0.033956 -0.050402 0.023599 -0.041079 0.009754 
0.250426 -0.179539 0.768997 -0.134198 0.336039 -0.201794 0.005612 -0.084877 -0.072915 0.089689 -0.204798 0.025966 0.018047 -0.034758 -0.050416 
0.407306 -0.424629 0.991664 -0.119418 -0.003831 -0.062909 0.012867 -0.164771 -0.049468 -0.140887 -0.021373 -0.008532 -0.040475 -0.084273 0.072603 
0.462100 -0.374815 1.056509 -0.058880 -0.021543 -0.116412 -0.044220 -0.109896 -0.182936 -0.165576 -0.127268 0.101821 -0.196358 -0.092323 0.137833 
0.599751 -0.528016 1.358255 -0.171616 0.036343 -0.149109 -0.027766 -0.139077 -0.141721 -0.154626 -0.097546 -0.001156 -0.103409 -0.105431 0.107706 
0.736026 -0.586029 1.378575 -0.174051 -0.030597 -0.051977 -0.140533 -0.091705 -0.177124 -0.213601 -0.057111 -0.024924 -0.143325 -0.075349 0.102999 
0.868065 -0.599546 1.432809 -0.222445 -0.071389 0.017350 -0.142169 -0.106348 -0.132411 -0.286408 0.025097 -0.072720 -0.165135 -0.025581 0.043362 
0.884394 -0.676890 1.468640 -0.296443 0.080407 -0.024457 -0.163567 -0.090617 -0.166437 -0.237412 -0.010525 -0.095695 -0.139973 -0.047664 0.054197 
0.865752 -0.713639 1.401035 -0.280004 -0.032850 0.194683 -0.273334 -0.080150 -0.171105 -0.265234 0.035169 -0.154434 -0.106140 -0.051755 -0.001629 
1.040102 -0.917290 1.466638 -0.212888 -0.157238 0.252410 -0.258370 -0.128250 -0.129799 -0.283075 0.085275 -0.208827 -0.080235 0.047951 -0.134782 
1.262238 -1.035464 1.167745 0.220773 -0.358775 0.119376 -0.152279 -0.039229 -0.223140 -0.408864 0.257489 -0.261501 -0.183932 0.172775 -0.208126 
1.411430 -0.844475 0.780298 0.404833 -0.075626 0.032665 -0.166122 -0.095353 -0.123157 -0.304813 0.098109 -0.289641 -0.089093 0.093937 -0.223759 
1.444772 -0.802539 0.850798 0.465626 -0.171994 0.045874 -0.153229 -0.193135 -0.078187 -0.231106 0.021147 -0.332074 -0.023235 0.082294 -0.240151 
1.325498 -0.739937 0.831827 0.505114 -0.183848 0.029952 -0.130971 -0.197222 -0.090577 -0.193082 0.014311 -0.342233 -0.008034 0.082341 -0.228768 
1.417525 -0.862963 0.880354 0.461893 -0.193831 0.052940 -0.137358 -0.211655 -0.069790 -0.233732 0.032340 -0.350345 0.008111 0.065862 -0.245668 
1.329046 -0.892344 0.918939 0.406299 -0.147034 0.044313 -0.138544 -0.238561 -0.093128 -0.168624 -0.007843 -0.340363 -0.012543 0.098342 -0.257523 
1.310090 -0.875596 0.890218 0.433562 -0.159650 0.023036 -0.090750 -0.269262 -0.094801 -0.114055 -0.031362 -0.353607 0.053087 0.037948 -0.208574 
1.512942 -1.146253 0.679918 -0.058937 0.014881 0.025238 -0.140231 -0.175626 -0.261527 -0.144912 0.202827 -0.242894 0.101993 0.061406 -0.273687 
1.598121 -1.285003 0.706473 -0.360791 0.024169 -0.028271 -0.174162 0.004970 -0.156857 0.116961 0.191855 -0.298318 0.203081 0.043887 -0.213731 
1.578174 -1.337339 0.528824 -0.377326 0.169972 -0.057172 -0.176414 0.082621 -0.034126 0.214227 0.076163 -0.352751 0.195844 0.051181 -0.180398 
1.527214 -1.339866 0.309302 -0.329998 0.190317 -0.096789 -0.120211 0.088633 -0.066944 0.230254 0.018645 -0.328729 0.196618 0.056211 -0.137557 
1.655060 -1.471985 0.311031 -0.375126 0.190661 -0.098190 -0.027446 0.079028 -0.020459 0.252531 -0.026483 -0.352439 0.184792 0.046831 -0.121346 
1.539903 -1.393424 0.238927 -0.415932 0.174769 -0.021166 -0.035473 0.065976 -0.052047 0.253750 0.005970 -0.369422 0.169740 0.049503 -0.078336 
1.606167 -1.450500 0.217212 -0.449619 0.214521 -0.004029 -0.016353 0.065835 -0.069967 0.263695 -0.015250 -0.356817 0.161297 0.050851 -0.102756 
1.440235 -1.273793 0.038779 -0.400665 0.126933 0.060160 -0.035389 0.044163 -0.080529 0.245889 -0.031847 -0.310148 0.172614 0.024633 -0.043105 
1.588792 -1.418486 0.156414 -0.463053 0.192697 0.023447 0.020591 0.039654 -0.086381 0.282020 -0.028992 -0.331111 0.141146 0.018082 -0.037049 
1.442549 -1.235524 -0.026977 -0.447217 0.155675 0.062155 -0.039608 0.023462 -0.100684 0.281906 -0.011320 -0.318378 0.147258 0.029647 -0.028654 
1.585832 -1.399827 0.141562 -0.549626 0.217056 0.022093 -0.000225 0.031954 -0.106015 0.294860 0.020085 -0.341567 0.121367 -0.002904 -0.004397 
1.712783 -1.457985 0.184618 -0.545530 0.242185 -0.009295 0.059715 0.044371 -0.073646 0.263473 0.022969 -0.347110 0.093306 0.012243 -0.041879 
1.620755 -1.456872 0.136408 -0.566443 0.237943 -0.013748 0.031210 0.028916 -0.104949 0.274201 0.042806 -0.327318 0.097864 0.002046 -0.040567 
1.662687 -1.405267 0.187897 -0.595515 0.216766 -0.009044 0.062300 0.028313 -0.069430 0.277694 0.025132 -0.361541 0.101158 0.010603 -0.052403 
1.636435 -1.314980 0.045782 -0.536843 0.165985 -0.000224 0.012883 -0.004938 -0.057293 0.290379 0.027870 -0.312388 0.071668 0.020960 -0.059097 
1.617191 -1.174326 -0.061315 -0.520749 0.192995 -0.034805 0.030134 -0.040753 -0.083474 0.274389 0.046512 -0.321175 0.129365 0.030526 -0.049133 
1.648266 -1.174359 -0.144161 -0.473858 0.129296 -0.028409 0.026110 -0.078434 -0.044806 0.285671 0.065418 -0.303240 0.076790 0.046790 -0.065120 
1.593922 -1.106647 -0.125193 -0.470610 0.092866 0.010776 -0.024226 -0.078855 0.009112 0.251654 0.108357 -0.328803 0.041481 0.071787 -0.068170 
1.541779 -0.876495 -0.181506 -0.363789 0.087466 0.062720 -0.027569 -0.157623 0.008672 0.212913 0.092007 -0.278376 0.070894 0.032482 -0.032835 
1.579988 -0.901578 -0.299720 -0.412721 0.032685 0.074080 -0.017860 -0.163116 0.021644 0.230994 0.089224 -0.285277 0.055723 0.085057 -0.044744 
1.083582 -0.671068 -0.168106 -0.371065 0.190098 0.028660 -0.042149 -0.131985 -0.078729 0.294565 0.107718 -0.315655 0.070159 0.042795 -0.035483 
1.021339 -0.431947 -0.178777 -0.077543 0.030209 0.075822 -0.045815 -0.179377 0.063266 0.246781 0.153766 -0.268413 -0.019259 -0.004415 0.084718 
1.120445 -0.326506 -0.270603 -0.105560 0.093638 0.205744 -0.150926 -0.105287 0.055954 0.184697 0.138537 -0.252553 0.023554 -0.020175 -0.013757 
0.666690 -0.568633 -0.351571 -0.290271 -0.025126 0.004333 -0.061070 -0.125652 0.094349 0.193286 0.112733 -0.111079 -0.084850 -0.031180 0.003727 
