city012_074
CHANPION
93
-0.179248 -0.496656 0.261592 -0.758162 0.209584 -0.147766 -0.001837 -0.043314 0.097994 0.083064 -0.019238 0.059158 -0.101404 0.008046 -0.001626 
-0.491973 -0.406161 0.321143 -0.498425 0.303139 -0.242281 -0.011783 -0.135590 0.168464 0.103308 -0.133751 0.023212 0.014710 0.047267 -0.092679 
-0.786716 -0.694144 0.354811 -0.582179 0.410226 -0.131649 0.189182 -0.093405 0.028040 -0.050513 -0.075456 0.129671 -0.019425 -0.038935 0.026215 
-0.717660 -0.840043 0.577982 -0.592409 0.321488 -0.058830 0.176101 -0.196170 0.131965 -0.093617 -0.016151 0.057256 0.041430 -0.073861 0.006272 
-0.038713 -0.776760 0.707108 -0.641710 0.367779 -0.167132 0.141000 0.047904 0.160845 -0.083778 -0.216444 0.172705 0.043332 -0.087288 0.013481 
0.048779 -0.680467 0.637569 -0.568250 0.318372 -0.238946 0.182789 0.071532 0.006259 0.078795 -0.221480 0.097357 0.101124 -0.154821 0.068878 
0.552080 -0.935785 0.564403 -0.376223 0.260172 -0.481888 -0.030712 -0.032918 -0.106302 0.157018 -0.176221 0.247775 0.016332 -0.127273 0.080944 
0.860092 -1.011859 0.441840 -0.077161 0.146838 -0.402014 -0.149682 -0.183764 -0.030591 0.122337 -0.191166 0.198984 0.065086 -0.055049 0.038289 
1.634813 -0.904759 0.405446 -0.446308 0.059024 -0.105795 -0.047769 0.009959 0.160458 0.157395 -0.214727 0.006834 0.062376 -0.018232 -0.107837 
1.731877 -1.398863 0.408072 -0.479496 0.138850 -0.158765 -0.081650 0.153926 0.084555 0.201694 -0.214576 -0.074977 0.138183 -0.079584 -0.103773 
1.438913 -1.470070 0.356769 -0.569448 0.314377 -0.170415 -0.103547 0.210275 0.097290 0.092949 -0.138628 -0.143975 0.056532 0.084858 -0.119372 
1.272521 -1.508720 0.361156 -0.647438 0.365469 -0.102746 0.023984 0.096143 0.079812 0.062860 -0.028576 -0.300482 0.062058 0.194688 -0.047088 
1.303524 -1.447672 0.273158 -0.684166 0.379321 -0.059435 0.079921 0.040439 0.032802 0.105604 0.021858 -0.343215 0.008853 0.240884 -0.020561 
1.416647 -1.463296 0.233749 -0.696833 0.383934 -0.006775 0.058731 0.020080 0.035256 0.095898 0.022407 -0.324517 0.013215 0.207856 0.027449 
1.489369 -1.435752 0.207355 -0.656827 0.364844 0.034006 0.055967 -0.001850 0.051054 0.104882 0.001130 -0.281868 -0.037715 0.230841 0.004999 
1.515339 -1.393526 0.158091 -0.585022 0.327986 0.086570 0.024629 0.019492 -0.008838 0.125062 0.019768 -0.244609 -0.065304 0.215062 0.003334 
1.581340 -1.369118 0.169515 -0.583865 0.341102 0.071438 -0.007209 0.021072 -0.038270 0.128691 0.075530 -0.255594 -0.064362 0.204113 -0.026736 
1.628639 -1.399713 0.248378 -0.595550 0.341263 0.041559 -0.019084 -0.028449 -0.056600 0.166084 0.103028 -0.259946 -0.042710 0.161284 -0.018255 
1.483211 -1.233227 0.169996 -0.485263 0.242127 0.079898 -0.112084 0.003539 -0.100144 0.205573 0.141524 -0.290323 -0.033092 0.174200 -0.066836 
1.697322 -1.352734 0.323843 -0.535780 0.266130 0.001336 -0.118607 0.001715 -0.136762 0.242901 0.123503 -0.263676 -0.008599 0.178080 -0.152779 
1.690220 -1.220039 0.288115 -0.271370 0.008044 0.070914 -0.147483 0.005018 -0.160400 0.147178 0.117629 -0.234152 0.143710 0.076311 -0.169209 
1.848964 -1.437454 0.660955 -0.258636 -0.023113 0.132548 -0.138867 -0.080361 -0.084654 0.044881 0.097785 -0.147084 0.068267 0.127371 -0.253084 
1.572283 -1.408643 0.933397 0.053008 -0.049709 0.162081 -0.207956 -0.225533 0.014203 -0.032742 -0.006323 -0.162921 0.041089 0.086972 -0.181132 
1.287841 -1.316136 1.161113 0.223624 -0.066973 0.071966 -0.311957 -0.244611 0.011422 -0.084511 -0.192761 -0.196209 0.008200 0.119726 -0.240427 
1.222886 -1.229196 1.168847 0.233849 -0.098864 0.072498 -0.291276 -0.275911 0.031587 -0.090892 -0.197165 -0.238822 0.073999 0.072773 -0.219443 
1.207914 -1.169869 1.240291 0.189034 -0.067421 0.015578 -0.234399 -0.304098 0.018913 -0.057656 -0.238846 -0.241465 0.088493 0.080788 -0.260237 
1.202453 -1.012711 1.142400 0.261409 -0.151536 0.071312 -0.223439 -0.314445 0.013062 -0.035786 -0.261317 -0.239193 0.124096 0.042918 -0.274994 
1.382204 -1.026779 1.168098 0.224247 -0.135746 0.080544 -0.173562 -0.364946 0.000487 -0.022313 -0.241517 -0.276391 0.118661 0.046702 -0.295262 
1.369244 -0.786744 0.992155 0.311593 -0.138588 0.130562 -0.169791 -0.376361 -0.053496 0.095662 -0.275354 -0.294813 0.088613 0.082902 -0.310129 
1.482957 -0.675000 1.052135 0.375237 -0.197509 0.062235 -0.157870 -0.317159 -0.038982 0.006335 -0.238157 -0.275767 0.118806 0.088407 -0.350637 
1.398688 -0.429447 0.893005 0.494302 -0.148421 0.095659 -0.158064 -0.376141 -0.025077 0.061634 -0.231767 -0.344572 0.089505 0.148878 -0.364891 
1.322624 -0.205934 0.729194 0.439391 -0.071133 0.085958 -0.127512 -0.409250 -0.009605 0.038725 -0.153897 -0.353824 0.063351 0.111030 -0.247874 
1.230988 -0.121072 0.638822 0.400039 -0.076907 0.058276 -0.088859 -0.337858 0.014029 -0.031514 -0.119575 -0.213185 -0.055947 0.192339 -0.293828 
0.838700 -0.303590 0.470731 0.357619 0.084471 0.155050 -0.058628 -0.332138 0.021346 0.084481 -0.021380 -0.259282 -0.073128 0.193000 -0.232972 
0.731282 -0.203196 0.253092 0.251126 0.017230 0.122840 -0.178318 -0.316774 0.028956 0.064447 -0.045074 -0.143643 0.013475 0.013051 -0.038176 
0.329678 -0.383666 0.129139 0.197621 0.052978 0.111649 -0.201037 -0.164731 0.136474 0.055865 0.106001 -0.219380 -0.077147 0.311227 -0.167931 
0.124120 -0.522690 0.002936 0.069267 0.016617 0.125233 -0.065982 -0.237518 0.166396 0.107802 0.032859 -0.197178 -0.007352 0.205231 -0.140595 
-0.014372 -0.528873 -0.178141 -0.029768 -0.051008 0.245145 0.056604 -0.108365 -0.022242 -0.043838 0.170131 -0.139129 -0.042117 0.230676 -0.244381 
0.153436 -0.528358 0.008243 0.134101 0.135179 0.189059 -0.018744 -0.132646 0.181415 -0.004491 0.040245 -0.078110 -0.054141 0.232068 -0.177437 
0.105963 -0.410886 -0.130746 -0.019145 -0.079429 0.189829 -0.096090 -0.215948 0.199438 -0.006378 0.030365 -0.051210 -0.056496 0.146147 -0.163062 
-0.258247 -0.647845 -0.061211 0.099170 0.099584 0.199101 -0.045146 -0.155651 0.116009 -0.045846 0.109413 -0.094919 -0.067219 0.232729 -0.241151 
0.079799 -0.333850 0.126106 0.104816 0.020213 0.094665 -0.067495 -0.210777 0.011023 0.032237 0.151723 -0.149023 -0.072473 0.166798 -0.128086 
-0.076532 -0.590567 -0.012132 0.016234 -0.080182 0.089860 -0.152414 -0.031959 0.191341 0.018200 -0.027859 -0.156155 0.048906 0.214310 -0.280049 
-0.194060 -0.320598 -0.027316 -0.034029 0.107490 0.193943 -0.099582 -0.140387 0.051908 0.099030 0.061128 -0.162213 0.003269 0.143888 -0.160192 
-0.040710 -0.478986 -0.092254 0.146191 0.148082 0.183990 -0.125540 0.025771 0.102290 -0.068911 0.109651 -0.129094 -0.013521 0.224292 -0.217557 
0.191216 -0.402754 0.287060 -0.179301 -0.049215 0.163137 -0.225208 -0.109911 0.148950 0.036794 0.025283 -0.096475 0.000858 0.131311 -0.153240 
0.737959 -1.136752 0.805561 -0.089419 0.041887 -0.110310 -0.005509 0.023191 -0.104631 -0.049554 0.125960 -0.040379 -0.087169 0.098138 -0.079500 
0.779155 -0.648780 1.148460 0.225139 -0.134762 0.066842 0.048426 -0.023877 -0.175312 -0.142171 0.080478 -0.143622 -0.122402 0.055625 -0.192143 
0.702052 -0.762986 1.554538 -0.053815 -0.185331 0.242204 -0.121622 -0.129014 -0.111053 -0.216368 0.026985 -0.196949 -0.112531 0.038617 -0.146113 
0.710959 -0.862568 1.760504 -0.256320 -0.027748 0.133013 -0.213874 -0.016272 -0.186291 -0.239319 0.049749 -0.180726 -0.172425 0.083386 -0.148650 
0.664704 -0.793735 1.732958 -0.309433 -0.029967 0.187844 -0.240750 -0.013526 -0.189110 -0.246594 0.084386 -0.204775 -0.181027 0.110520 -0.131397 
0.659144 -0.729719 1.704112 -0.295852 -0.018517 0.152138 -0.241442 0.031028 -0.194725 -0.263211 0.107074 -0.180492 -0.207271 0.127942 -0.126220 
0.669672 -0.625006 1.634220 -0.320409 -0.038786 0.170484 -0.249459 0.038618 -0.196822 -0.291766 0.124115 -0.160545 -0.237778 0.135806 -0.107644 
0.772128 -0.513372 1.636612 -0.398039 -0.090301 0.170252 -0.266215 0.037416 -0.211285 -0.294603 0.115157 -0.146609 -0.240799 0.152140 -0.108963 
0.809110 -0.554800 1.583804 -0.398216 -0.063342 0.145771 -0.278579 0.013576 -0.222833 -0.273708 0.094282 -0.162332 -0.195903 0.144236 -0.129973 
0.900661 -0.619829 1.594588 -0.467075 -0.067669 0.138458 -0.248924 -0.043776 -0.201403 -0.287718 0.080977 -0.149735 -0.187281 0.129417 -0.114057 
0.897411 -0.720832 1.530170 -0.434499 -0.120247 0.163442 -0.216160 -0.089699 -0.233124 -0.226719 0.061678 -0.170158 -0.122552 0.123131 -0.134807 
0.968775 -0.867070 1.443061 -0.330883 -0.198247 0.117498 -0.140104 -0.117533 -0.279482 -0.141563 0.077344 -0.200137 -0.056509 0.152469 -0.185486 
1.064441 -0.987313 1.295530 -0.209711 -0.241851 -0.020455 -0.059447 -0.045185 -0.331106 -0.092646 0.159217 -0.220489 -0.026500 0.185143 -0.218549 
1.263065 -1.167339 1.025486 -0.213219 -0.133941 -0.093303 -0.095624 -0.033926 -0.369367 -0.047414 0.216597 -0.212443 0.014503 0.203342 -0.222030 
1.441110 -1.223582 0.784382 -0.273656 -0.013705 -0.148702 -0.110549 0.000379 -0.247545 0.100699 0.151957 -0.192383 0.079415 0.181275 -0.248075 
1.535689 -1.060079 0.415477 -0.362307 0.142772 -0.095607 -0.140564 -0.030199 -0.152541 0.152828 0.145282 -0.268198 0.095408 0.220034 -0.276383 
1.733694 -1.123673 0.324521 -0.436928 0.099309 0.023072 -0.006472 -0.111967 -0.186050 0.173392 0.159414 -0.185420 0.050825 0.139841 -0.288049 
1.719163 -1.039780 0.217976 -0.419108 -0.083535 0.105562 0.158319 -0.099423 -0.218407 0.123561 0.112319 -0.107020 0.088954 0.080792 -0.290871 
1.652913 -0.927807 0.213574 -0.515187 -0.061126 0.109491 0.229344 -0.086064 -0.265121 0.084597 0.044620 -0.054493 0.155285 0.064531 -0.272112 
1.589532 -0.861998 0.172426 -0.556745 -0.042115 0.054783 0.296191 -0.055323 -0.239183 0.060435 -0.057526 -0.002390 0.169553 0.052850 -0.196477 
1.697966 -0.850172 0.207604 -0.570171 -0.108232 0.077268 0.366516 -0.023999 -0.222846 0.036401 -0.113631 0.002698 0.166683 0.075753 -0.141779 
1.650960 -0.795454 0.158195 -0.464310 -0.119203 0.027648 0.390750 -0.049397 -0.145113 0.041894 -0.221495 0.051980 0.117361 0.082432 -0.061286 
1.737543 -0.883355 0.249882 -0.431070 -0.146557 0.032065 0.381657 -0.042324 -0.049573 0.047447 -0.257606 0.030148 0.057943 0.090820 -0.017197 
1.689640 -0.724634 0.205367 -0.350807 -0.235519 -0.003069 0.369085 -0.061984 0.046496 0.013497 -0.343951 0.053312 0.044275 0.052508 0.053461 
1.721427 -0.712492 0.195953 -0.309832 -0.256358 0.020619 0.309557 -0.073615 0.116189 0.032850 -0.358845 0.041076 -0.001014 0.075728 0.016919 
1.651138 -0.727100 0.290552 -0.340003 -0.205133 -0.009722 0.330802 -0.035953 0.157924 0.066712 -0.340599 0.071066 -0.068392 0.063693 -0.018091 
1.584895 -0.701146 0.373316 -0.279295 -0.258172 0.032449 0.224259 0.015210 0.211423 0.052983 -0.262050 0.041023 -0.051657 -0.000218 -0.034925 
1.481342 -0.649885 0.398263 -0.235852 -0.221903 -0.020254 0.248539 0.040198 0.176409 0.089395 -0.240313 0.040257 -0.055126 0.022158 -0.079335 
1.443500 -0.567922 0.341203 -0.147373 -0.200371 -0.102341 0.276423 0.021203 0.167637 0.107975 -0.238415 0.025233 -0.024232 0.003557 -0.069835 
1.320996 -0.545765 0.351969 -0.224650 -0.191862 -0.036747 0.211580 0.054384 0.203504 0.098166 -0.276838 0.078677 -0.081733 0.039067 -0.097692 
1.404595 -0.572550 0.371169 -0.173171 -0.139531 -0.128061 0.186282 0.049417 0.235993 0.095348 -0.208906 0.037964 -0.007806 -0.022258 -0.107997 
1.282694 -0.415157 0.373613 -0.062153 -0.201887 -0.098881 0.075780 0.019508 0.210077 0.189349 -0.099533 0.054801 -0.054261 0.053943 -0.148580 
1.069581 -0.298907 0.460987 0.088123 -0.132893 -0.171419 0.022128 -0.147037 0.158550 0.109260 -0.199655 0.135191 -0.002334 0.072362 -0.144993 
0.930463 -0.264582 0.606925 0.156438 0.072816 -0.151151 -0.085763 -0.249537 0.083117 0.057040 -0.216286 -0.015302 0.027832 0.073634 -0.078672 
0.682015 -0.366645 0.659055 0.302659 0.124094 -0.052809 -0.103507 -0.227088 -0.000907 0.008442 -0.285620 -0.002982 -0.127104 0.086154 -0.159694 
0.724760 -0.429609 0.673135 0.346435 0.112879 -0.046000 -0.078094 -0.266357 0.040785 -0.013658 -0.184505 -0.109567 -0.086519 0.073876 -0.090542 
0.646509 -0.274062 0.578965 0.453876 0.080551 0.033571 -0.188006 -0.162460 0.143727 -0.085589 -0.162246 -0.100464 -0.069292 0.142315 -0.200051 
0.733680 -0.063020 0.607633 0.368079 0.001367 -0.026427 -0.030076 -0.166544 0.045096 -0.075459 -0.127324 -0.015390 -0.117911 0.124746 -0.181263 
0.465136 -0.066200 0.685660 0.486363 0.029128 0.079945 -0.086170 -0.199865 0.086311 -0.077046 -0.197992 -0.122392 -0.071494 0.062265 -0.225841 
0.467204 -0.161128 0.649210 0.528934 0.064531 0.074033 -0.003573 -0.180189 0.122989 -0.070739 -0.105030 -0.079579 -0.145450 0.165275 -0.220642 
0.532401 0.025449 0.550413 0.449014 0.145682 0.035432 -0.132964 -0.094349 0.043365 -0.093487 -0.078187 -0.137585 -0.123157 0.128494 -0.160059 
0.486178 -0.042594 0.344637 0.321351 0.132051 0.132155 -0.108840 -0.019236 0.202106 -0.096071 0.092238 -0.049848 -0.082347 0.238235 -0.209394 
0.464648 -0.115545 0.424790 0.415213 0.186549 0.045424 -0.122239 -0.069765 0.145037 -0.029714 0.009344 -0.163705 -0.009218 0.196144 -0.212059 
0.294257 -0.119771 0.438719 0.440890 -0.018931 -0.080217 -0.197060 -0.116560 -0.005729 -0.078420 -0.042043 -0.192857 -0.059902 0.287669 -0.287583 
0.387852 0.120619 0.197378 0.397180 0.079811 -0.063430 -0.298136 -0.212445 0.208474 -0.125964 -0.175925 -0.090770 0.024132 0.127683 -0.168490 
0.471658 -0.182547 0.190264 0.206945 -0.009554 -0.004324 -0.066380 -0.112678 0.088254 0.001042 -0.018984 -0.021018 -0.063368 0.181592 -0.193377 
0.357218 -0.402655 0.384950 0.291510 0.246886 0.020053 0.000457 -0.031389 0.074899 0.017555 -0.070529 0.135793 -0.114480 0.054686 -0.069723 
