city012_096
BYURETTO
77
-0.344572 -0.075906 0.262245 -0.021358 -0.021344 0.014211 -0.171660 -0.082446 0.104101 -0.045379 0.029168 -0.051230 -0.012614 0.154449 -0.180645 
0.391759 -1.275656 0.310122 -0.120198 -0.069348 -0.166470 -0.203212 0.070631 0.062577 0.106974 -0.007086 0.020134 -0.052105 0.120245 -0.159184 
0.840666 -0.384533 1.005085 0.375613 -0.108457 -0.044584 0.070075 -0.105716 -0.037241 -0.052215 -0.121663 -0.040186 -0.053776 0.065580 -0.209901 
0.831231 -0.599098 1.250821 0.143201 -0.375966 0.020933 0.077664 -0.127848 -0.038319 -0.011380 -0.064732 0.051527 -0.039697 0.035016 -0.129895 
1.026992 -0.727449 1.432703 0.094558 -0.275240 0.089962 -0.067971 -0.004511 -0.161723 -0.179098 0.069839 -0.143994 -0.113479 0.139856 -0.281137 
0.772416 -1.152535 1.572809 0.042171 -0.172885 0.029316 -0.169218 -0.099832 -0.257856 -0.241834 0.048071 -0.244415 -0.148422 0.114567 -0.213514 
0.920636 -1.224571 1.706869 -0.030904 -0.167758 0.030168 -0.162030 -0.062335 -0.280352 -0.236803 0.069727 -0.267174 -0.129557 0.110658 -0.222610 
0.943945 -1.231308 1.685840 -0.010659 -0.220767 0.018112 -0.186509 -0.005876 -0.382080 -0.175454 0.078528 -0.298780 -0.085445 0.092172 -0.163716 
0.958699 -1.207987 1.616578 -0.010015 -0.153443 -0.186578 -0.023701 -0.099668 -0.318800 -0.176185 0.076815 -0.251039 -0.067690 0.099532 -0.140044 
1.005118 -1.156436 1.448419 -0.060034 -0.035975 -0.329799 0.025559 -0.079320 -0.304913 -0.119699 0.060558 -0.151907 -0.079188 0.120028 -0.111013 
1.123094 -1.212323 1.289642 -0.033473 0.056160 -0.378963 -0.027296 -0.025383 -0.384819 -0.064955 0.042945 -0.173351 -0.030532 0.045595 0.000052 
1.186307 -1.178802 1.297525 -0.048012 0.061478 -0.483480 0.010986 -0.005474 -0.283870 -0.146354 0.076224 -0.113011 0.000276 0.041659 -0.052046 
1.268508 -1.218561 1.175455 -0.086855 0.061043 -0.349750 -0.055197 -0.135432 -0.243698 -0.149485 0.119039 -0.217958 0.033150 0.076653 -0.045464 
1.515137 -1.272703 1.113704 -0.209785 0.138614 -0.206951 -0.241599 -0.134522 -0.279215 0.045565 0.048227 -0.248685 0.039493 0.179374 -0.070264 
1.434866 -1.105379 0.856785 -0.167124 0.090176 -0.035942 -0.409948 -0.170657 -0.179940 0.039440 0.081844 -0.252691 0.009895 0.248729 -0.094484 
1.726519 -1.353934 0.894685 -0.177551 0.182512 -0.037876 -0.532853 -0.096079 -0.088469 -0.078432 0.135380 -0.144107 -0.188783 0.333439 0.004263 
1.651679 -1.301588 0.554706 0.423730 -0.183187 -0.008121 -0.275827 -0.302662 -0.014565 -0.013386 0.044762 -0.154556 -0.112659 0.190269 0.055705 
1.817118 -1.512526 0.666257 0.494058 -0.031753 -0.292475 -0.142237 -0.208899 -0.111780 -0.004239 -0.098492 -0.137458 -0.002073 0.101392 -0.065334 
1.533126 -1.423534 0.776350 0.492893 -0.030326 -0.396915 -0.124291 -0.136131 -0.108399 -0.012809 -0.138368 -0.135717 0.052121 0.103018 -0.087287 
1.684450 -1.513058 0.868243 0.509865 -0.176740 -0.353860 0.013678 -0.244867 -0.154877 0.067680 -0.253213 -0.095286 0.118184 0.040374 -0.132569 
1.311330 -1.441183 1.118792 -0.124787 -0.154655 -0.276068 -0.308552 -0.031931 -0.037480 0.007537 -0.121320 0.070631 0.162849 0.043055 -0.055029 
1.360101 -1.370429 0.953195 -0.288918 -0.103974 -0.495490 -0.287837 0.012719 -0.056230 -0.060813 0.165059 0.015263 0.216758 0.161760 -0.189526 
1.347274 -1.458679 0.959767 -0.261569 -0.193866 -0.405742 -0.330912 0.240504 -0.026501 0.017258 0.116397 0.027556 0.200797 0.005846 -0.171933 
1.439173 -1.505286 0.978335 -0.351183 -0.193369 -0.396349 -0.386718 0.243466 0.035901 0.067969 0.083559 0.097198 0.215925 -0.090927 -0.112135 
1.403314 -1.449566 0.896309 -0.405790 -0.183600 -0.449718 -0.309741 0.087352 0.125618 0.062323 0.048251 0.171834 0.233499 -0.067701 -0.167246 
1.356097 -1.260290 0.756411 -0.312935 -0.184765 -0.500377 -0.276720 0.057962 0.099472 0.165210 -0.068242 0.192957 0.283447 -0.076864 -0.173525 
1.380380 -1.424381 0.844007 -0.372419 -0.183594 -0.365847 -0.330152 0.091527 0.104101 0.100438 -0.007817 0.113258 0.235000 -0.039144 -0.183255 
1.426878 -1.512742 0.857330 -0.378526 -0.162428 -0.331192 -0.307965 0.147002 0.130291 0.106932 -0.032769 0.093176 0.172736 -0.067564 -0.152882 
1.406482 -1.471771 0.890357 -0.362477 -0.158476 -0.341839 -0.319105 0.143350 0.116710 0.127139 -0.039437 0.110157 0.174261 -0.112954 -0.044121 
1.332647 -1.416575 0.850652 -0.354827 -0.108616 -0.305959 -0.295000 0.110193 0.060335 0.109108 -0.056155 0.125312 0.153517 -0.130603 0.027900 
1.425894 -1.362090 0.856883 -0.331775 -0.072067 -0.362126 -0.230910 0.036494 0.057396 0.088201 -0.105363 0.209804 0.115310 -0.107090 0.017613 
1.361761 -1.158781 0.711086 -0.196677 -0.117496 -0.329168 -0.224213 -0.092196 0.014452 0.040178 -0.187951 0.276048 0.155409 -0.117357 0.059604 
1.403295 -1.051202 0.684723 -0.130045 -0.028009 -0.380159 -0.229427 -0.158060 -0.035491 0.002349 -0.278067 0.283645 0.178269 -0.085562 0.008123 
1.232576 -0.663873 0.626157 -0.036707 -0.024434 -0.323168 -0.198858 -0.230842 0.045983 -0.107569 -0.324503 0.204736 0.150274 -0.062992 -0.043376 
0.981985 -0.295766 0.480168 0.278577 -0.077212 -0.163138 -0.094609 -0.210365 0.136506 -0.049144 -0.162751 -0.016183 0.115051 0.037055 -0.181850 
0.515552 -0.396761 0.479232 0.295269 -0.154702 -0.085942 -0.021277 -0.029595 -0.018791 -0.077708 0.040328 -0.034811 -0.033218 0.127975 -0.182006 
0.208866 -0.556132 0.192765 0.163419 -0.226461 -0.316923 -0.218157 -0.073638 0.163363 -0.067038 0.035284 0.051116 0.087560 0.158218 -0.242137 
0.032580 -0.630696 0.270489 0.164172 -0.282985 -0.260121 -0.209993 0.008243 0.129283 -0.071167 0.072646 0.018006 0.061174 0.136527 -0.197802 
0.018409 -0.658170 0.121231 0.243626 -0.392777 -0.426842 -0.170938 0.067357 0.145301 -0.085866 0.163512 0.103784 0.040683 0.074052 -0.149986 
0.167079 -0.676691 0.042597 0.157342 -0.140172 -0.369824 -0.274321 0.110085 0.109558 -0.031917 0.049972 0.089004 0.017703 0.118019 -0.182317 
-0.125322 -0.467969 0.360289 0.273837 -0.196029 -0.352997 -0.170476 -0.122943 0.111101 -0.070581 -0.082301 0.055200 0.129792 0.111527 -0.204024 
-0.063307 -0.598849 0.261436 0.221622 -0.222179 -0.335258 -0.192174 -0.139984 0.130932 -0.030639 -0.028486 0.123608 0.015069 0.160577 -0.132942 
-0.247605 -0.668339 0.228923 0.074708 -0.375037 -0.208869 -0.112894 -0.056963 0.129259 0.063080 0.064382 0.013217 -0.002265 0.169160 -0.227210 
-0.411022 -0.596093 0.080711 0.118411 -0.079045 -0.060848 -0.054852 0.075994 0.115230 -0.137730 0.047171 -0.039277 0.022265 0.112843 -0.201562 
-0.344749 -0.589655 0.131380 0.112083 -0.151343 -0.139264 -0.018421 0.046724 0.116000 -0.085013 0.024682 -0.045828 0.050940 0.091949 -0.223705 
-0.174641 -0.567323 0.010929 0.109872 -0.115564 -0.079489 -0.001828 -0.024536 0.011388 0.017851 0.030234 0.002883 -0.076523 0.140182 -0.143463 
-0.174567 -0.502051 0.101205 0.116743 -0.227179 -0.155220 -0.086310 -0.060351 0.047822 -0.016924 0.112922 0.011792 -0.076280 0.126408 -0.087299 
-0.232970 -0.335913 -0.004951 0.134304 -0.087504 -0.051404 -0.141821 -0.045915 0.164934 -0.140289 0.120568 -0.068018 -0.020957 0.156002 -0.190645 
-0.297524 -0.488919 -0.108752 0.076489 0.007654 0.001055 -0.086816 0.100687 0.157067 -0.154592 -0.068342 0.039174 0.070290 0.063332 -0.218781 
-0.209238 -0.405796 0.169874 0.044078 -0.165702 -0.223444 -0.128216 -0.019000 0.049539 0.040111 0.028513 0.001059 -0.012670 0.200283 -0.242872 
-0.285201 -0.398224 -0.042222 -0.034609 -0.125197 -0.108226 -0.095875 0.107504 0.149653 -0.131370 0.044972 0.018365 -0.023638 0.075298 -0.175676 
-0.078326 -0.243982 0.093986 0.026804 -0.064059 -0.143885 -0.064527 -0.026835 0.068101 -0.068662 0.080482 -0.019803 -0.041527 0.143106 -0.163445 
-0.031544 -0.389795 0.071152 0.066824 -0.160512 0.016396 -0.035880 -0.039336 0.123008 -0.051587 0.006870 -0.018524 -0.023316 0.154769 -0.228152 
-0.276920 -0.367499 0.140572 0.051722 -0.185449 -0.175424 -0.097622 0.123535 0.074872 -0.052904 0.017015 0.015101 -0.000352 0.110277 -0.227551 
-0.171245 -0.272132 0.084985 0.180843 -0.067122 0.008158 0.003818 0.019006 0.146830 -0.081318 -0.014943 -0.037106 0.066242 0.089137 -0.220371 
-0.296640 -0.334464 0.058141 0.125808 -0.001783 -0.052957 -0.070109 -0.075436 0.146250 -0.103525 0.075694 -0.053279 -0.029849 0.144572 -0.161977 
-0.474307 -0.398091 0.034741 0.036372 -0.078973 -0.187966 -0.107838 0.031635 0.067876 -0.004767 0.093469 -0.087270 -0.024184 0.194603 -0.197375 
-0.353239 -0.453026 0.048828 0.167600 0.004441 -0.030061 -0.061218 0.027543 0.168894 -0.114152 -0.041991 0.024232 -0.004363 0.154573 -0.255311 
0.308193 -0.794693 0.361931 -0.281025 0.053632 -0.157933 -0.112606 -0.017435 0.101770 0.018727 -0.034092 0.035516 0.006819 0.029787 -0.068980 
0.514411 -0.922252 0.241446 -0.431405 0.127490 -0.219987 -0.085233 0.041996 0.316635 0.053717 -0.214769 -0.013648 0.047195 0.044950 -0.168953 
1.396521 -0.320560 0.408045 -0.231286 0.058531 -0.169602 -0.246489 -0.096955 -0.132849 0.126230 0.017395 -0.090297 0.059704 0.161568 -0.138558 
1.650496 -0.882749 0.350655 -0.503412 0.080380 -0.102435 -0.330649 -0.217688 -0.230709 0.235776 0.164257 -0.085174 0.103841 0.216777 -0.191950 
1.738866 -0.907519 0.231347 -0.561937 0.002364 0.048419 -0.334282 -0.211326 -0.216328 0.188932 0.251301 -0.098831 0.115281 0.191416 -0.231229 
1.668579 -0.750739 0.242422 -0.699109 -0.003630 0.047739 -0.195260 -0.184913 -0.240000 0.135033 0.312265 -0.043871 0.096678 0.105540 -0.252604 
1.650587 -0.612006 0.261239 -0.861073 -0.019011 0.050292 -0.105762 -0.093387 -0.288360 0.055067 0.269761 0.017952 0.126471 0.153237 -0.297791 
1.631231 -0.515439 0.234575 -0.885405 -0.133213 0.137011 -0.057667 -0.044360 -0.301292 0.009710 0.238999 0.008719 0.160958 0.232554 -0.366497 
1.696172 -0.384559 0.200271 -0.938901 -0.188086 0.195262 -0.059633 -0.033513 -0.257071 -0.050112 0.249366 -0.016195 0.216177 0.237773 -0.370165 
1.638384 -0.282380 0.204008 -0.938873 -0.233463 0.152977 0.005379 -0.027942 -0.247309 -0.033857 0.233695 -0.007794 0.221671 0.255934 -0.359612 
1.512628 -0.196262 0.203010 -0.962728 -0.255230 0.081394 0.038707 -0.010399 -0.231378 -0.021339 0.197938 -0.050606 0.247504 0.274948 -0.316427 
1.517079 -0.245314 0.210814 -0.981223 -0.304424 0.063405 -0.005027 0.039726 -0.210932 0.006876 0.151681 -0.080746 0.257133 0.285462 -0.291845 
1.416450 -0.211958 0.193921 -0.998085 -0.347310 0.075277 -0.019599 0.084465 -0.199920 -0.003831 0.148280 -0.057311 0.235023 0.300589 -0.268811 
1.437718 -0.458389 0.280446 -1.053595 -0.307606 0.063254 -0.038756 0.095523 -0.218831 0.014571 0.151833 -0.062078 0.264106 0.318129 -0.323481 
1.468035 -0.042664 0.048739 -0.794509 -0.356841 0.118654 0.069255 -0.066958 -0.094966 -0.053186 0.166034 -0.006600 0.177411 0.225027 -0.262647 
1.313535 -0.169464 0.200028 -0.983609 -0.387344 0.113601 0.044463 0.043993 -0.178097 -0.046454 0.184507 -0.079861 0.232447 0.349045 -0.304320 
0.541597 -0.300190 0.238401 -0.916926 -0.222469 0.062965 0.012413 -0.019077 -0.251760 0.104042 0.124982 0.054073 0.184042 0.182789 -0.298039 
0.248646 0.081139 0.118607 -0.162541 0.042712 -0.119572 -0.072116 0.152684 0.085326 0.101871 0.065978 -0.152543 0.017506 0.162634 -0.258158 
0.331230 0.257746 0.063358 -0.151586 0.050837 0.109969 -0.150766 -0.241804 0.096755 0.037778 0.047011 -0.066470 0.003849 0.082240 -0.121622 
