city012_033
MUSASHINO
90
0.030456 0.033817 0.384598 0.217222 0.102396 0.171040 -0.015414 -0.104694 0.121106 0.027694 0.011115 -0.014954 -0.050408 0.096680 -0.053956 
0.542203 0.017538 0.738217 0.438236 0.061436 0.102417 0.016712 -0.154468 0.070709 -0.059745 -0.146887 -0.114640 -0.020667 -0.025302 -0.197265 
0.968513 -0.532270 0.880823 0.461923 -0.177071 0.118544 -0.063785 -0.322889 0.013990 -0.064755 -0.243407 -0.175039 -0.000698 -0.051226 -0.176308 
1.073404 -0.584969 0.980855 0.406372 -0.247568 0.163736 -0.036115 -0.343607 -0.016649 -0.076712 -0.159513 -0.235037 0.011850 -0.023034 -0.194652 
1.188413 -0.482813 1.003163 0.357389 -0.346178 0.149384 0.000258 -0.323305 -0.035094 -0.058580 -0.162108 -0.171569 0.041603 -0.046090 -0.174752 
1.225857 -0.511442 1.000347 0.219239 -0.358702 0.162284 0.033783 -0.297403 -0.080423 -0.074262 -0.139647 -0.132428 -0.003721 -0.039193 -0.139709 
1.506002 -0.673867 0.766027 0.088645 -0.086321 -0.094845 0.065133 -0.316529 -0.136959 0.003084 -0.102614 -0.162584 0.094734 -0.033558 -0.131491 
1.685946 -0.787246 0.607469 0.332762 -0.275328 -0.027202 -0.029510 -0.241560 -0.207251 0.020475 -0.141324 -0.215343 0.177955 -0.071768 -0.175127 
1.585062 -0.898371 0.687492 0.327232 -0.197286 -0.121179 -0.044970 -0.241994 -0.179349 0.014445 -0.142587 -0.210314 0.184839 -0.059833 -0.170570 
1.476541 -0.886364 0.777977 0.239824 -0.094396 -0.204549 -0.052053 -0.200289 -0.161501 0.016109 -0.176356 -0.154760 0.174520 -0.058750 -0.173030 
1.482218 -0.796602 0.755544 0.189207 -0.021315 -0.266457 -0.007314 -0.218442 -0.142643 0.059372 -0.225581 -0.127937 0.194643 -0.084344 -0.134267 
1.548880 -0.729729 0.603720 0.324650 -0.058277 -0.260106 -0.082489 -0.188120 -0.088733 0.012339 -0.261994 -0.151766 0.249076 -0.080405 -0.207916 
1.202755 -0.510708 0.611780 0.184535 0.192838 -0.302624 -0.120932 -0.209664 -0.042028 0.020318 -0.321058 -0.145823 0.188976 -0.043269 -0.166602 
0.890328 -0.238690 0.625563 0.117594 0.346384 -0.336466 -0.078514 -0.138378 -0.116853 0.087664 -0.329799 -0.138306 0.129468 -0.023079 -0.207120 
0.579988 -0.490777 0.428689 0.013989 0.354129 -0.189528 0.036253 -0.145085 -0.002894 0.189983 -0.123107 -0.103313 0.056449 0.077817 -0.098654 
0.130738 -0.837786 0.283931 0.009690 0.522858 -0.197878 -0.041165 -0.178309 0.106815 0.153991 -0.057370 -0.087261 -0.035835 0.092546 0.003717 
-0.182849 -0.768764 0.365371 -0.074506 0.288982 -0.212107 0.112579 -0.102291 0.068301 -0.001549 -0.066043 0.106207 -0.084577 0.058071 -0.076411 
-0.247074 -0.836264 0.407331 -0.047519 -0.037608 -0.237954 0.076674 -0.092641 0.139385 -0.040293 -0.055979 0.087255 -0.030014 0.017039 -0.060374 
-0.272295 -0.836624 0.239429 -0.273141 -0.017045 -0.185404 0.014453 0.056001 0.236257 -0.073536 -0.133343 0.062076 0.040110 -0.042081 -0.092503 
-0.229065 -0.843386 0.455173 -0.160880 -0.245672 -0.230552 -0.191476 -0.019274 0.199033 0.037545 0.019460 0.060422 0.034311 0.051329 -0.142320 
-0.008468 -0.971530 0.367011 -0.119526 0.049245 -0.228456 0.011216 0.059405 0.061522 -0.084729 -0.024829 0.114633 -0.023546 -0.066041 0.017494 
0.199074 -0.752973 0.514375 -0.132855 0.005012 -0.283069 0.000016 -0.075156 0.189611 -0.062723 -0.151800 0.186629 0.020821 -0.060395 -0.035199 
0.712669 -0.771632 0.292112 -0.096926 0.097102 -0.341620 -0.109031 -0.051986 0.179495 -0.032394 -0.132622 0.171719 -0.026564 0.030745 -0.036619 
1.624177 -1.186754 0.588474 -0.242420 0.001435 -0.267457 -0.233008 -0.170109 0.115242 0.162134 -0.131610 0.055092 0.165087 -0.003306 -0.034786 
1.566879 -1.293522 0.605292 -0.512334 0.046854 -0.295568 -0.305319 -0.115949 0.146126 0.292540 -0.088874 0.020706 0.205741 -0.025613 -0.033996 
1.422288 -1.388700 0.440226 -0.628478 0.154651 -0.275557 -0.240508 -0.022740 0.285755 0.223853 -0.100432 -0.033047 0.111527 -0.061659 -0.075889 
1.385584 -1.386568 0.394938 -0.677686 0.161533 -0.286749 -0.164547 0.070413 0.262640 0.226340 -0.029950 -0.123504 -0.042612 -0.001220 -0.044616 
1.397312 -1.307573 0.285550 -0.675736 0.158756 -0.285082 -0.072271 0.033434 0.185322 0.267169 0.079916 -0.291013 -0.037736 0.100251 -0.097908 
1.425782 -1.322314 0.284261 -0.713545 0.162180 -0.228548 -0.006905 -0.056966 0.165976 0.307724 0.065322 -0.289839 -0.043016 0.082821 -0.103001 
1.440962 -1.260201 0.180449 -0.687432 0.143008 -0.153470 -0.051440 -0.049299 0.107066 0.371328 0.026493 -0.291168 -0.016159 0.065528 -0.076534 
1.444913 -1.289090 0.200944 -0.623852 0.124100 -0.197571 -0.013089 -0.068064 0.147091 0.340592 -0.011102 -0.274234 0.023993 0.054832 -0.109626 
1.446488 -1.341015 0.286503 -0.668592 0.166078 -0.243810 -0.021575 0.022145 0.139251 0.318045 -0.077619 -0.264662 0.063001 0.045559 -0.121617 
1.442203 -1.350117 0.397635 -0.651984 0.185722 -0.279996 -0.065694 0.112590 0.164850 0.277758 -0.139661 -0.206396 0.046996 0.041574 -0.120553 
1.412576 -1.214237 0.382185 -0.559023 0.179757 -0.229195 -0.232444 0.134115 0.255295 0.201004 -0.231392 -0.030737 0.072014 -0.052524 -0.056201 
1.680400 -1.172878 0.437105 -0.420221 0.192030 -0.259221 -0.210776 0.012841 0.349536 0.127521 -0.216706 0.044602 0.080692 -0.100387 0.018173 
1.401930 -0.755483 0.319790 -0.145949 0.086484 -0.155282 -0.126691 -0.088972 0.261408 0.066514 -0.297685 0.149058 0.056429 -0.054361 0.005619 
1.040096 -0.567838 0.632335 -0.089310 0.192634 -0.179123 0.249007 -0.048612 0.235341 0.089859 -0.183577 0.224301 -0.019145 -0.077983 0.093604 
0.387650 -0.651434 0.488619 -0.120028 0.464783 -0.183896 0.076793 0.031641 0.064535 -0.075972 -0.080249 0.196607 -0.013504 -0.141161 0.077992 
-0.054981 -0.696673 0.375897 -0.378155 0.151228 -0.185139 0.255927 0.034173 -0.032856 -0.063820 -0.025285 0.031012 0.043989 -0.062469 0.025799 
-0.054522 -0.688041 0.378367 -0.388066 0.270618 -0.468620 0.050160 -0.005854 -0.005413 -0.016344 0.135960 0.004961 -0.079047 0.039050 0.036104 
-0.312450 -0.540801 0.365089 -0.396758 0.178660 -0.316808 0.213122 -0.013063 0.016114 -0.043420 -0.012783 0.113365 -0.125976 0.018914 0.044496 
-0.398156 -0.801394 0.253705 -0.440268 0.139151 -0.200450 0.287944 -0.059030 -0.010697 -0.048334 0.055310 -0.023067 -0.005982 -0.045476 0.105925 
-0.606208 -0.719943 0.298121 -0.440345 0.395706 -0.232354 0.174831 -0.044260 -0.076251 0.078821 -0.030305 -0.017247 0.033263 -0.006317 -0.017851 
-0.539234 -0.677576 0.252739 -0.526686 0.333077 -0.244047 0.263138 0.004071 -0.027603 -0.046840 -0.061599 0.053576 0.054287 -0.085415 0.072088 
-0.790984 -0.648290 0.293880 -0.584206 0.465813 -0.251347 0.239088 -0.000907 -0.113139 -0.001875 0.020494 -0.035248 0.109022 -0.085225 0.029868 
-0.873126 -0.449270 0.569600 -0.592801 0.230720 -0.238013 0.281240 0.114994 -0.047061 -0.091350 -0.037425 0.063970 0.027454 -0.129848 0.138386 
-0.878045 -0.826007 0.327871 -0.540591 0.274146 -0.149035 0.371737 -0.130088 -0.056885 -0.040492 -0.036526 0.046322 0.130686 -0.166863 0.085985 
-0.977847 -0.687091 0.667422 -0.537559 0.366065 -0.153811 0.163778 -0.115377 -0.045258 0.136505 -0.113949 0.006694 0.140756 -0.200643 0.107885 
-0.993068 -0.682351 0.634558 -0.793103 0.252983 -0.173238 0.217500 -0.036831 0.014090 0.047466 -0.132836 0.072584 0.015238 -0.083077 0.076341 
-0.800467 -0.647061 0.643817 -0.625192 0.318891 -0.064433 0.186381 -0.046492 -0.100768 0.066092 -0.088521 0.094264 0.027662 -0.120885 0.110355 
-0.685000 -0.636935 0.722298 -0.535973 0.319383 -0.022210 0.188489 -0.128908 0.014116 -0.001023 -0.053941 0.108873 0.000396 -0.120447 0.098104 
-0.583117 -0.644326 0.587979 -0.794120 0.269722 -0.118005 0.043123 -0.015247 0.031379 0.098542 -0.133919 0.051675 0.046237 -0.099164 0.049492 
-0.279868 -0.429462 0.991197 -0.195169 0.235272 -0.085933 0.134623 0.060194 -0.109612 0.108416 -0.036932 0.031167 0.035775 -0.093679 0.083046 
0.620361 -0.481611 1.435052 -0.301625 -0.009689 -0.039248 -0.097808 -0.094850 -0.145032 -0.199598 -0.034236 0.000662 -0.168280 -0.033116 0.099150 
0.764205 -0.571910 1.391948 -0.244553 -0.123810 0.155805 -0.250505 -0.100482 -0.185925 -0.334852 0.023886 -0.087653 -0.239925 0.025966 0.032592 
0.978681 -0.722403 1.493909 -0.377984 -0.044734 0.203263 -0.275458 -0.134509 -0.179049 -0.338777 0.041761 -0.141845 -0.215699 0.042876 -0.022694 
0.939161 -0.681906 1.387118 -0.331151 -0.042339 0.226922 -0.297024 -0.141075 -0.164226 -0.346268 0.028261 -0.125384 -0.204631 0.020678 -0.018979 
1.082753 -0.816307 1.380502 -0.321735 0.104223 0.210626 -0.376237 -0.202269 -0.106670 -0.232565 -0.054996 -0.139503 -0.167370 0.018250 -0.031316 
1.165147 -0.867685 1.328102 -0.262906 0.170533 0.190049 -0.375062 -0.286353 -0.060596 -0.129949 -0.125569 -0.167432 -0.137613 0.011850 -0.018585 
1.229676 -0.796233 1.109881 -0.111439 0.150819 0.154732 -0.282493 -0.345227 -0.066440 -0.093028 -0.169606 -0.155326 -0.110207 -0.041097 -0.023352 
1.441704 -0.699814 0.862598 0.048705 0.123411 0.085704 -0.201252 -0.360505 -0.077405 -0.039561 -0.169122 -0.266750 0.002701 -0.018007 -0.138947 
1.457734 -0.711379 0.829935 0.367439 -0.195195 0.155361 -0.104944 -0.436944 -0.015814 0.028596 -0.322196 -0.218578 0.092204 -0.092911 -0.180075 
1.459622 -0.820999 1.118119 0.332462 -0.337221 0.175103 -0.130455 -0.376846 0.028321 -0.141749 -0.178911 -0.263297 0.110829 -0.040306 -0.264266 
1.342729 -0.807177 1.106961 0.378459 -0.382931 0.223173 -0.166142 -0.354730 -0.001298 -0.115009 -0.203383 -0.243220 0.073628 -0.007459 -0.282678 
1.347031 -0.909561 1.135383 0.327705 -0.297317 0.222868 -0.150588 -0.417697 0.009625 -0.089658 -0.189953 -0.302493 0.073460 0.010304 -0.283816 
1.372454 -0.910599 1.005093 0.345096 -0.267820 0.185491 -0.100344 -0.393506 -0.077128 -0.040319 -0.183029 -0.285838 0.069525 -0.032302 -0.228617 
1.522187 -1.087684 1.005929 -0.090851 0.144012 -0.168979 -0.204227 -0.117312 -0.231628 0.036672 -0.043737 -0.287529 0.189978 0.003950 -0.189537 
1.624841 -1.191206 0.899898 -0.272297 0.032144 -0.088703 -0.257616 0.039013 -0.173946 -0.001923 0.072629 -0.218173 0.199887 0.073493 -0.261113 
1.778591 -1.267846 0.760010 -0.437543 0.061488 0.019004 -0.266964 -0.040670 -0.117009 0.082952 0.165144 -0.257411 0.170333 0.095443 -0.238148 
1.825668 -1.208089 0.629517 -0.572260 0.071494 0.102587 -0.244752 -0.072244 -0.191624 0.106048 0.247941 -0.246204 0.123175 0.122384 -0.282459 
1.877059 -1.143914 0.553860 -0.696238 0.004102 0.196855 -0.180239 -0.086883 -0.219768 0.037537 0.262153 -0.205197 0.190519 0.090501 -0.344738 
1.798981 -1.073347 0.478347 -0.693324 -0.129417 0.203752 -0.125334 -0.012980 -0.270248 -0.052839 0.148897 -0.121933 0.292681 0.120267 -0.287630 
1.909343 -1.142637 0.536342 -0.786679 -0.097068 0.136457 0.015105 -0.037641 -0.184430 -0.111324 0.150984 -0.112155 0.264447 0.128314 -0.293236 
1.814556 -0.974765 0.500183 -0.751289 -0.234384 0.111041 -0.075664 0.069698 -0.106268 -0.117229 0.044530 -0.147896 0.256653 0.181787 -0.231402 
1.913433 -1.101226 0.562819 -0.788852 -0.209997 0.040286 0.010221 0.095919 -0.106217 -0.120760 0.014076 -0.128481 0.251913 0.159687 -0.202606 
1.795844 -1.063574 0.501989 -0.780622 -0.210323 0.027329 -0.010298 0.124473 -0.113235 -0.111794 -0.035609 -0.067002 0.255566 0.153159 -0.184011 
1.772269 -1.035527 0.474784 -0.776516 -0.237802 0.041130 -0.049642 0.153219 -0.089838 -0.118667 -0.028934 -0.089013 0.262640 0.148454 -0.176660 
1.841825 -1.061134 0.489956 -0.826424 -0.205027 0.015737 -0.045706 0.146119 -0.044087 -0.153212 -0.001598 -0.122621 0.278974 0.152739 -0.198836 
1.753217 -0.932181 0.396682 -0.808381 -0.225604 0.023578 -0.089201 0.134352 -0.044258 -0.150706 0.002924 -0.127058 0.309300 0.167514 -0.191091 
1.811244 -0.895229 0.434829 -0.901942 -0.204745 -0.002816 -0.054611 0.124762 -0.074314 -0.112017 0.016381 -0.155222 0.312426 0.171453 -0.191059 
1.763430 -0.767665 0.382687 -0.894686 -0.271871 0.047975 -0.085133 0.103396 -0.085538 -0.092135 0.035228 -0.165215 0.307125 0.205962 -0.200166 
1.785554 -0.647851 0.382655 -0.955416 -0.310387 0.043759 -0.017750 0.066982 -0.140691 -0.027532 0.054227 -0.170835 0.338547 0.183950 -0.187959 
1.798842 -0.507887 0.314579 -0.947903 -0.339667 0.004055 -0.018523 0.053015 -0.117709 0.030139 0.066010 -0.184048 0.315522 0.167558 -0.206254 
1.804515 -0.294596 0.170710 -0.922455 -0.337942 -0.054084 0.036440 0.021068 -0.116849 0.073453 0.106051 -0.212013 0.315709 0.143559 -0.216410 
1.787648 -0.244071 0.182325 -0.748571 -0.558561 0.117960 -0.054285 -0.022789 -0.042593 0.023337 0.139816 -0.143839 0.256826 0.154643 -0.236214 
1.366856 -0.241562 0.329178 -0.826103 -0.317722 -0.068665 0.032511 0.036616 -0.044390 -0.028373 0.060796 -0.288537 0.303649 0.058433 -0.142994 
1.110983 -0.121476 0.206711 -0.934649 -0.459916 -0.076469 0.019997 0.112344 -0.094403 0.091202 0.006044 -0.148662 0.302157 0.121962 -0.125434 
0.840160 0.079659 -0.020334 -0.815355 -0.543037 -0.009777 0.068187 0.022759 -0.004216 -0.079780 0.063083 -0.004362 0.221060 0.197344 -0.032976 
0.790887 -0.350370 -0.097469 -0.752018 -0.321333 -0.013408 0.140315 0.151792 -0.085912 0.118181 0.042623 -0.125804 0.132898 0.031338 -0.196206 
0.830063 -0.199933 -0.029263 -0.909858 -0.463716 -0.132316 0.202254 0.142273 -0.114169 0.165228 -0.020734 -0.059571 0.270260 0.091866 -0.122145 
