city012_082
HYOOGO
77
-0.004615 -0.061261 0.347124 0.070253 -0.168679 0.127696 -0.165021 -0.063627 0.302395 -0.069471 -0.038411 -0.011375 0.044650 0.103252 -0.212043 
-0.093708 -0.235833 0.580031 -0.107262 -0.019738 0.099578 -0.249407 -0.183467 0.233012 -0.122245 -0.044945 0.047198 -0.078723 0.157835 -0.139638 
-0.197180 -0.075734 0.886220 -0.318451 -0.024418 0.268712 0.072411 -0.186210 0.229945 -0.083796 -0.042830 0.153732 -0.153266 0.124643 -0.063981 
-0.148999 -0.188777 0.906191 -0.423322 0.028458 0.212321 0.083682 -0.212864 0.108666 0.016178 -0.102402 0.130613 -0.139303 0.158178 -0.159819 
-0.177557 -0.222325 0.996111 -0.343492 -0.031456 0.183911 -0.003403 -0.149003 0.154914 -0.117347 0.034428 0.040253 -0.105645 0.118073 -0.105837 
-0.180717 -0.409390 1.060168 -0.284856 -0.060919 0.010304 -0.210975 -0.326710 0.140222 -0.153202 -0.080934 0.036730 -0.037331 0.100517 -0.092204 
-0.352103 -0.502801 0.933333 -0.406513 0.050304 0.124190 0.062828 -0.119138 0.133352 -0.061349 -0.044914 0.155239 -0.186842 0.144478 -0.087775 
-0.197992 -0.624015 0.936366 -0.248489 -0.034575 0.003071 -0.083565 -0.210045 0.235699 -0.078498 -0.150336 0.176347 -0.086231 0.049597 -0.050033 
-0.004993 -0.750087 0.953606 -0.323914 -0.143674 0.050875 0.089417 -0.189975 0.198607 -0.009049 -0.133515 0.118990 -0.002642 -0.059009 -0.004211 
0.135710 -0.732885 1.019813 -0.195849 -0.257558 -0.045704 0.019172 -0.247646 0.126929 -0.038608 -0.029571 -0.001010 0.089631 -0.009882 -0.091678 
0.323401 -0.787491 0.929233 -0.108262 -0.315345 -0.046165 0.077013 -0.190150 0.046576 -0.018635 0.008781 0.022849 -0.024224 0.066740 -0.079652 
0.425801 -0.992975 0.891057 -0.009828 -0.190705 -0.110986 0.118961 -0.097656 -0.006458 0.013606 -0.015282 0.038276 -0.066778 0.104419 -0.123796 
1.237437 -0.667569 0.893473 0.110671 -0.147534 -0.411301 0.122552 -0.117731 -0.223188 -0.137288 -0.034696 0.042561 -0.080891 0.039508 -0.094863 
1.275112 -0.680014 0.509253 0.096137 -0.071094 -0.311161 0.062672 0.178545 0.080092 -0.143320 -0.030345 0.172565 -0.098728 0.062649 -0.131269 
1.634636 -0.612278 0.670634 -0.012165 -0.122380 0.033342 -0.154908 -0.080306 -0.156145 -0.203887 0.004416 -0.082640 -0.117374 0.211913 -0.242321 
1.765080 -1.060829 0.835394 -0.529838 -0.117953 0.078548 -0.248910 -0.238424 -0.303290 -0.071876 0.233895 -0.065346 0.035206 0.249651 -0.226703 
1.858314 -0.862773 0.706642 -0.787264 -0.168408 0.184462 -0.189392 -0.167591 -0.296403 -0.131160 0.205453 0.031368 0.132749 0.241145 -0.245050 
1.917294 -0.702730 0.716866 -0.999464 -0.150122 0.160828 -0.109273 -0.083378 -0.338650 -0.096683 0.166206 0.012148 0.221471 0.273445 -0.262356 
1.770908 -0.530914 0.657699 -1.074499 -0.192105 0.075272 -0.025655 -0.030157 -0.328102 -0.069393 -0.016674 -0.000001 0.274070 0.284540 -0.115628 
1.755338 -0.631960 0.559534 -1.029903 -0.056414 -0.094439 0.036277 -0.020173 -0.284840 -0.115340 -0.066439 0.107411 0.172763 0.308241 -0.070053 
1.800095 -0.679761 0.562656 -1.008232 -0.118710 0.001642 -0.016342 -0.020349 -0.240888 -0.104582 -0.038723 0.066650 0.179047 0.284280 -0.100761 
1.846290 -0.668228 0.619389 -0.989046 -0.210029 0.087108 -0.085614 -0.058984 -0.184981 -0.127800 0.043625 -0.024288 0.231635 0.265565 -0.167896 
1.875503 -0.672044 0.589439 -0.937580 -0.196590 0.031954 -0.118609 -0.040292 -0.159844 -0.098071 0.019617 -0.037203 0.224706 0.242008 -0.178565 
1.930121 -0.768162 0.660945 -0.947107 -0.154384 -0.029879 -0.133871 -0.022747 -0.168756 -0.038172 -0.021068 -0.002607 0.190200 0.231085 -0.180739 
1.923021 -0.687018 0.603673 -0.909160 -0.156497 -0.055083 -0.113938 -0.065212 -0.123268 -0.039885 -0.004635 -0.010296 0.184498 0.213567 -0.181271 
1.851773 -0.634091 0.560006 -0.894135 -0.143496 -0.072221 -0.133051 -0.065493 -0.100403 -0.046195 0.003987 -0.024445 0.194852 0.189574 -0.148196 
1.842063 -0.621762 0.491390 -0.868209 -0.097845 -0.116082 -0.148547 -0.060161 -0.095357 -0.030582 -0.014789 -0.027450 0.217431 0.169117 -0.124095 
1.779563 -0.574762 0.405062 -0.807066 -0.061593 -0.143324 -0.155329 -0.072317 -0.074693 -0.049375 -0.036396 0.004827 0.209258 0.167727 -0.110985 
1.827742 -0.616904 0.428390 -0.818583 -0.029522 -0.188167 -0.145407 -0.083177 -0.052054 -0.066222 -0.051748 0.008345 0.206382 0.179900 -0.111942 
1.801558 -0.563186 0.332676 -0.749628 -0.056445 -0.159260 -0.187552 -0.062687 -0.062479 -0.042354 -0.116962 0.028388 0.197716 0.194271 -0.090156 
1.947007 -0.655254 0.412529 -0.820449 0.000190 -0.219801 -0.120237 -0.080934 -0.024937 -0.070190 -0.149673 0.046382 0.162095 0.216954 -0.098782 
1.886797 -0.596301 0.382819 -0.821235 -0.035866 -0.214780 -0.085353 -0.051662 -0.016173 -0.096575 -0.153609 0.008100 0.167606 0.218409 -0.090314 
1.878286 -0.595654 0.412923 -0.864543 -0.057723 -0.179208 -0.117875 0.065792 -0.062134 -0.074511 -0.191391 0.020041 0.138021 0.205714 -0.064119 
1.842018 -0.562183 0.440891 -0.885957 -0.064430 -0.166418 -0.120250 0.136053 0.015471 -0.166595 -0.165972 -0.029169 0.096478 0.183716 -0.053121 
1.803928 -0.611030 0.502609 -0.892409 -0.122955 -0.139761 -0.136154 0.186292 0.020502 -0.166969 -0.148275 -0.092100 0.119857 0.146902 -0.046184 
1.823574 -0.512699 0.604349 -1.038662 -0.169587 -0.082426 -0.135825 0.179091 -0.023634 -0.126424 -0.040213 -0.164930 0.121926 0.140946 -0.068693 
1.741422 -0.331234 0.574847 -1.043098 -0.337462 0.103794 -0.150180 0.156312 -0.101815 -0.051240 -0.010592 -0.184506 0.191097 0.141722 -0.088789 
1.835374 -0.410474 0.734032 -1.198817 -0.286043 0.059730 -0.034453 0.086120 -0.096369 -0.052957 -0.037446 -0.121026 0.173305 0.226257 -0.136117 
1.656029 -0.324810 0.596103 -1.080199 -0.378578 0.054624 -0.097301 0.112256 -0.120543 -0.050439 -0.043448 -0.168393 0.216376 0.211392 -0.100781 
1.765948 -0.393249 0.650239 -1.140888 -0.330369 -0.000759 -0.057510 0.101518 -0.109533 -0.046237 -0.043647 -0.152648 0.189702 0.241198 -0.136058 
1.809192 -0.400411 0.693523 -1.112235 -0.340428 -0.046308 -0.064168 0.114576 -0.122202 -0.039284 -0.033595 -0.182088 0.171498 0.223871 -0.121434 
1.754967 -0.381010 0.674221 -1.030885 -0.346224 -0.066591 -0.105690 0.133338 -0.164616 -0.022284 -0.004399 -0.230273 0.203145 0.180109 -0.102673 
1.807405 -0.318215 0.624816 -0.999252 -0.304185 -0.110322 -0.046447 0.095613 -0.180694 0.006021 -0.037517 -0.250087 0.196470 0.198633 -0.160544 
1.781408 -0.301990 0.682384 -0.982850 -0.281517 -0.121378 -0.021745 0.069741 -0.216528 0.027385 -0.056755 -0.239055 0.186376 0.206845 -0.182659 
1.695439 -0.279428 0.578287 -0.853560 -0.259429 -0.124495 -0.040104 0.079860 -0.245513 0.009133 -0.056395 -0.276510 0.197807 0.223481 -0.230203 
1.671176 -0.349984 0.530360 -0.829325 -0.207221 -0.136924 0.040996 0.059570 -0.284821 -0.069930 -0.040775 -0.319839 0.273652 0.237490 -0.168487 
1.613119 -0.218963 0.399817 -0.657094 -0.180362 -0.160829 0.138057 0.033141 -0.316342 -0.021618 -0.163697 -0.235207 0.167493 0.260282 -0.173357 
1.523527 -0.068877 0.329433 -0.531257 -0.102763 -0.152606 0.223466 0.030270 -0.345301 -0.029253 -0.279062 -0.270278 0.171895 0.179820 -0.135267 
1.528455 0.045266 0.355514 -0.460240 -0.173783 -0.082014 0.243171 0.073789 -0.357467 -0.072575 -0.223744 -0.376682 0.132888 0.189928 -0.148449 
1.393611 0.273479 0.341207 -0.299453 -0.168568 0.033127 0.212782 -0.026489 -0.312407 -0.064713 -0.063946 -0.264361 0.057282 0.215152 -0.242787 
1.235901 0.426747 0.278059 -0.308027 -0.227300 0.145815 0.317584 0.014654 -0.251024 -0.136286 -0.107098 -0.329164 0.085251 0.246770 -0.199786 
0.993130 0.441547 0.234730 -0.241640 -0.211115 0.261189 0.175117 -0.001502 -0.115268 -0.156279 -0.026554 -0.105105 -0.056923 0.283584 -0.236610 
0.738552 0.346827 0.172138 -0.240091 -0.137155 0.174733 0.170086 0.044738 0.005456 -0.103299 0.054476 -0.070893 -0.045586 0.192239 -0.165725 
1.063121 0.391949 -0.006984 -0.339692 -0.047443 0.162284 0.127596 0.017676 -0.204295 -0.359339 0.064524 -0.077580 0.016312 0.285124 -0.193439 
1.425728 0.315061 0.146089 -0.295715 -0.158811 0.091521 0.140089 -0.002413 -0.294585 -0.293137 0.005975 -0.110687 -0.005296 0.245818 -0.104000 
1.743777 -0.090340 0.277644 -0.446245 -0.135377 0.072254 0.074185 -0.015365 -0.415145 -0.206875 0.055735 -0.173007 0.065753 0.316384 -0.189356 
1.720956 -0.402719 0.406586 -0.629838 -0.264886 0.044092 -0.064673 0.007329 -0.364305 -0.219252 0.117469 -0.137630 0.123451 0.419794 -0.204307 
1.787775 -0.461562 0.471921 -0.770886 -0.274600 0.045729 -0.052990 0.007679 -0.323857 -0.216953 0.129488 -0.203926 0.207941 0.413121 -0.193561 
1.713278 -0.481731 0.505188 -0.892168 -0.292485 0.014512 -0.016705 0.030063 -0.275981 -0.117761 0.097333 -0.120709 0.177396 0.406052 -0.218592 
1.601954 -0.493136 0.509381 -0.931192 -0.320912 -0.037586 -0.008893 0.046765 -0.254582 -0.090386 0.114102 -0.125037 0.214106 0.366214 -0.170835 
1.707104 -0.505974 0.599116 -1.043595 -0.347915 -0.010826 -0.020930 0.035613 -0.204855 -0.053092 0.074414 -0.082674 0.195989 0.363845 -0.189510 
1.686701 -0.503999 0.605905 -1.068311 -0.345683 -0.027484 -0.032381 0.031390 -0.178052 -0.072538 0.080348 -0.088295 0.218496 0.342212 -0.160903 
1.653962 -0.364546 0.546329 -1.081820 -0.366664 -0.013919 -0.031579 0.034268 -0.161985 -0.027238 0.018165 -0.090423 0.217522 0.327257 -0.175782 
1.640289 -0.281671 0.526409 -1.118773 -0.346879 -0.038299 -0.026768 0.065113 -0.138519 -0.012095 0.002713 -0.122041 0.221070 0.261535 -0.120924 
1.574183 -0.211440 0.451255 -1.091333 -0.332307 -0.072919 0.000543 0.077636 -0.154681 0.012805 -0.032678 -0.112327 0.190535 0.288827 -0.139214 
1.545399 -0.189874 0.432816 -1.084278 -0.353401 -0.042698 -0.020722 0.074983 -0.131558 0.009777 -0.033268 -0.121390 0.208966 0.260702 -0.141122 
1.566263 -0.195618 0.454933 -1.075082 -0.378582 -0.042222 -0.027351 0.075814 -0.118707 0.023687 -0.051786 -0.124942 0.181298 0.276473 -0.177421 
1.527523 -0.189273 0.462617 -1.095524 -0.334556 -0.091448 0.001739 0.074871 -0.128250 0.028527 -0.056790 -0.126620 0.196059 0.246066 -0.127050 
1.460711 -0.125689 0.472243 -1.080420 -0.376818 -0.082290 -0.034042 0.089496 -0.129065 0.042577 -0.067100 -0.113052 0.169101 0.251740 -0.128832 
1.474671 -0.138119 0.492955 -1.088625 -0.389299 -0.082655 -0.018863 0.082862 -0.130156 0.035548 -0.053792 -0.148060 0.195206 0.242341 -0.120503 
1.501325 -0.122987 0.483821 -1.129260 -0.350280 -0.089580 -0.019315 0.070383 -0.125888 0.022645 -0.052400 -0.113665 0.192147 0.269308 -0.134092 
1.676047 0.140765 0.272174 -0.904457 -0.485008 -0.018941 0.005275 -0.010638 -0.101882 0.003825 -0.027238 -0.132391 0.186823 0.281350 -0.167991 
1.565046 0.063015 0.209142 -0.950187 -0.381036 0.044345 0.036068 0.084658 -0.082381 -0.023901 -0.017482 -0.083300 0.082079 0.314452 -0.216826 
1.317999 -0.029967 0.297824 -0.991876 -0.436139 -0.015897 0.027902 0.093574 -0.121676 0.021514 -0.022163 -0.143315 0.178276 0.280814 -0.165445 
0.797573 0.298803 0.108703 -0.846839 -0.303153 0.094595 0.114625 0.108773 -0.157913 -0.004307 0.013560 -0.165361 0.125110 0.269211 -0.241344 
1.269350 0.151013 -0.092862 -0.528906 -0.311060 -0.103852 0.070643 0.053283 0.004906 -0.107289 0.022973 0.001233 -0.057037 0.238581 -0.145794 
1.218097 0.229186 0.034900 -0.339927 -0.471550 -0.132927 0.069221 -0.009221 0.079784 -0.013290 0.068425 -0.119837 0.005671 0.103819 -0.182544 
