city012_007
KICHIJOOJI
102
-0.232563 -0.376950 0.332021 -0.349386 -0.144487 0.050893 -0.145853 0.036697 0.112414 -0.111883 0.151658 -0.091917 0.033464 -0.002795 -0.048274 
0.091766 -0.804676 0.672329 -0.741594 0.101081 0.032611 -0.172145 0.027068 0.026184 -0.032373 0.131297 -0.042494 -0.019797 0.027263 -0.025901 
-0.006146 -0.243460 0.630135 -0.542233 -0.019327 -0.038900 -0.340449 -0.080289 -0.067937 -0.056762 0.223404 -0.120357 0.120938 0.077336 -0.065333 
0.020884 -0.817424 0.532615 -0.646920 0.162627 0.074965 -0.179765 0.051525 -0.058828 -0.016817 0.151866 -0.053238 -0.017235 0.000163 -0.019541 
0.361952 -0.761428 0.597904 -0.776430 0.279315 -0.026038 -0.067940 0.115924 -0.044389 -0.027871 0.102400 -0.098362 0.013096 0.036145 -0.032120 
-0.219757 -0.476424 0.564449 -0.720517 0.358668 -0.021272 -0.030950 -0.002755 -0.020712 -0.018435 0.028801 0.018988 -0.028064 0.002865 0.000500 
-0.240128 -0.595537 0.439132 -0.592016 0.436011 -0.059257 -0.009502 -0.028764 -0.052115 0.020974 0.063150 -0.037895 -0.020879 0.044461 -0.076238 
-0.195168 -0.562237 0.276801 -0.833216 0.068525 -0.066399 0.036985 0.030137 0.096200 0.012885 0.084932 -0.054362 -0.074854 0.004289 -0.047632 
0.025450 -0.161095 0.192978 -0.359877 0.409264 -0.120888 -0.172024 0.019502 -0.042186 -0.167863 0.169565 0.023730 -0.116203 0.060752 -0.046932 
0.094278 -0.018265 0.262519 0.014976 0.214479 0.083872 -0.021686 -0.006945 0.097617 -0.092471 0.105601 -0.015650 -0.042474 0.046200 -0.013549 
-0.238076 0.066407 0.141477 -0.126266 -0.020667 0.036946 -0.046632 0.194430 0.196632 -0.181009 0.021835 0.017305 -0.002832 -0.026766 -0.019124 
-0.398394 -0.081955 0.058398 -0.085960 -0.109821 -0.072769 -0.090580 -0.013498 0.159259 -0.055394 -0.035454 0.074018 -0.019192 -0.029581 0.007347 
-0.348384 -0.341369 -0.020093 0.094064 0.024320 0.042038 -0.121449 -0.047214 0.090802 -0.123427 0.135201 -0.020035 -0.072808 0.005020 0.043495 
-0.261618 -0.128047 0.191739 -0.003096 -0.070824 0.013021 0.033161 0.018176 0.138007 -0.237433 0.130173 0.016710 -0.042229 -0.031194 0.036240 
-0.441338 -0.193161 0.081084 -0.042761 -0.118972 -0.050063 -0.028849 -0.056321 0.049177 -0.042504 0.049389 0.038408 -0.057909 0.004884 -0.003092 
-0.399533 -0.678748 0.079805 -0.181117 0.060391 -0.048031 -0.071639 -0.013514 0.214411 -0.126019 -0.058318 0.118228 -0.077213 0.025228 -0.053035 
-0.059723 -0.990349 0.239338 -0.535171 0.033314 0.004359 0.007319 0.090732 0.138485 -0.108691 0.041136 -0.079678 -0.048808 0.082312 -0.049657 
-0.303285 -0.840908 0.593741 -0.518890 0.173275 -0.186372 -0.049190 -0.143530 0.099922 0.069477 0.026373 0.030467 -0.110592 0.058311 0.090859 
-0.527971 -0.797729 0.421396 -0.558568 0.336879 -0.086201 -0.053544 -0.061443 0.029345 0.101392 -0.077307 0.075182 -0.076174 -0.055283 0.151578 
-0.553941 -1.006864 0.547623 -0.453730 0.334071 -0.091301 -0.056133 -0.113665 0.152715 0.025006 -0.102961 0.098835 -0.106445 0.032372 0.098754 
-0.393442 -0.618609 0.691827 -0.668775 0.214864 0.078295 -0.166323 -0.223379 0.120174 0.084058 -0.065025 0.101484 -0.094736 -0.016544 0.130599 
-0.374813 -0.585328 0.660179 -0.837596 0.198031 0.015625 -0.097414 -0.159100 0.150320 0.085089 -0.098089 0.096833 -0.006149 -0.122892 0.164536 
0.362331 -0.376806 1.287349 -0.397358 0.150274 -0.048656 0.068225 -0.055588 -0.102693 -0.044644 -0.002465 0.004417 -0.100419 -0.019268 0.119506 
0.448240 -0.541489 1.626373 -0.228381 -0.082480 0.066309 -0.172907 -0.060107 -0.226016 -0.255737 0.045814 -0.159953 -0.208092 0.039643 0.047415 
0.450548 -0.577298 1.611918 -0.242497 -0.024786 -0.001087 -0.205467 -0.047423 -0.298448 -0.229916 0.023348 -0.208380 -0.165163 0.030484 0.048109 
0.646879 -0.674798 1.713973 -0.239816 -0.107404 0.036843 -0.218235 -0.080171 -0.245433 -0.301299 0.070285 -0.219193 -0.172961 0.051158 0.016700 
0.609398 -0.749098 1.672488 -0.219104 -0.055591 0.009127 -0.223114 -0.065951 -0.257424 -0.286111 0.042976 -0.201932 -0.182703 0.032701 0.033078 
0.611486 -0.774882 1.710224 -0.245186 -0.046580 0.038876 -0.252729 -0.035060 -0.270614 -0.268559 0.027041 -0.198340 -0.167429 -0.002833 0.056674 
0.656996 -0.778645 1.723817 -0.243123 -0.009480 0.012397 -0.211891 -0.062295 -0.231589 -0.263100 0.007962 -0.195339 -0.149406 -0.012536 0.022864 
0.775443 -0.734232 1.758046 -0.307955 0.042098 -0.059940 -0.124506 -0.082416 -0.225367 -0.218650 0.014408 -0.175592 -0.140058 0.002909 0.045357 
0.621830 -0.606215 1.606989 -0.239127 -0.014416 0.003179 -0.140370 -0.053273 -0.263922 -0.163936 -0.029730 -0.134135 -0.155607 -0.026671 0.081482 
0.601485 -0.492884 1.590822 -0.186231 -0.048884 -0.061293 -0.062557 -0.066933 -0.220763 -0.181227 -0.008908 -0.082480 -0.161558 -0.044438 0.093357 
0.352475 -0.362308 1.442782 -0.144405 0.015057 -0.055810 -0.014379 -0.085760 -0.173484 -0.194219 -0.019494 -0.073719 -0.167849 -0.079465 0.110273 
0.343068 -0.318094 1.218758 -0.041358 0.063708 -0.029613 0.038534 -0.122390 -0.147638 -0.104095 -0.089687 -0.026901 -0.175889 -0.068172 0.091135 
0.166802 -0.184180 1.082385 0.094351 0.083383 -0.177229 0.206865 -0.172623 -0.083615 -0.104861 -0.060570 -0.003388 -0.161387 -0.072198 0.097001 
0.098977 -0.063422 0.954091 0.077866 0.219928 -0.104135 0.139160 -0.103007 -0.100932 -0.056334 -0.106066 0.012732 -0.124727 -0.155380 0.123628 
0.100575 -0.181275 0.948999 0.092578 0.218313 -0.226409 0.204759 -0.132202 -0.099056 -0.024591 -0.106388 0.024162 -0.107776 -0.120760 0.130711 
0.064915 -0.184581 1.043324 -0.057478 0.184603 -0.129740 0.042793 0.035567 -0.134562 -0.092271 -0.018008 0.004323 -0.053561 -0.160165 0.126444 
0.088568 -0.288297 0.833286 -0.088967 0.314994 -0.225700 0.132561 -0.037418 -0.113400 0.005132 -0.060195 0.062688 -0.086534 -0.070975 0.075062 
0.077776 -0.395932 1.080213 -0.008197 0.243346 -0.268560 0.078045 -0.051711 -0.165435 -0.039487 -0.132592 0.005691 -0.024827 -0.206927 0.140936 
0.200104 -0.517231 1.273529 -0.068421 0.133266 -0.318123 0.046039 -0.051439 -0.172370 -0.121681 -0.133105 0.054493 -0.053230 -0.171448 0.091111 
0.590096 -0.771547 1.374287 -0.152371 0.099422 -0.277552 -0.082811 -0.012591 -0.184380 -0.148419 -0.124468 0.046494 -0.017174 -0.144898 0.030695 
1.010095 -1.052354 1.459034 -0.100726 -0.035251 -0.173526 -0.242708 0.038311 -0.158771 -0.277417 0.021901 -0.087815 0.063875 -0.113305 -0.043211 
0.982542 -1.056981 1.368334 -0.089972 -0.138916 -0.080444 -0.372763 0.118094 -0.191898 -0.243280 0.005183 -0.057152 0.125286 -0.139531 -0.026534 
1.385026 -1.310934 1.405043 -0.253066 -0.105192 -0.209044 -0.417861 0.064535 -0.069274 -0.230654 0.071360 -0.083675 0.258101 -0.023632 -0.160071 
1.142613 -0.990795 0.983308 -0.248999 -0.137983 -0.240660 -0.422017 0.037279 -0.134202 -0.108663 -0.004371 0.012482 0.262911 0.005185 -0.142813 
1.463055 -1.178335 0.767190 -0.532046 0.098275 -0.105767 -0.379424 -0.256861 -0.193687 0.003261 0.088700 0.030987 0.158536 0.069579 -0.085689 
1.457331 -0.968858 0.558115 -0.530171 0.039066 0.030577 -0.393514 -0.190819 -0.276112 -0.070992 0.188990 0.110202 0.081211 0.038158 -0.054632 
1.609014 -1.076799 0.622392 -0.693707 0.073718 -0.024411 -0.177502 -0.187236 -0.343557 -0.118592 0.157758 0.046633 0.265357 0.063962 -0.232847 
1.607986 -1.000471 0.550222 -0.742537 0.122350 -0.046464 -0.140442 -0.116888 -0.281897 -0.195561 0.107976 0.120470 0.252758 0.038286 -0.162959 
1.633500 -0.865309 0.531890 -0.761014 0.007650 -0.071592 -0.078111 -0.067937 -0.176753 -0.269816 0.020086 0.048807 0.301983 0.117722 -0.115942 
1.615327 -0.845617 0.512826 -0.724755 -0.048593 -0.090565 -0.069107 0.005006 -0.208471 -0.283715 -0.031739 0.039942 0.327635 0.142961 -0.104620 
1.678869 -0.885098 0.519102 -0.742630 -0.031374 -0.119999 -0.047500 0.037299 -0.233044 -0.280441 -0.049488 0.065366 0.308432 0.156298 -0.082868 
1.674927 -0.878197 0.501225 -0.765343 0.013159 -0.133884 -0.050145 0.055385 -0.214406 -0.300996 -0.021615 0.058915 0.295790 0.146539 -0.065075 
1.679000 -0.802892 0.458432 -0.781685 0.046033 -0.144396 -0.037123 0.001665 -0.155044 -0.315598 -0.006339 0.021746 0.320997 0.127301 -0.060946 
1.679009 -0.768432 0.461845 -0.813357 0.055644 -0.135966 -0.085884 0.073082 -0.204250 -0.236418 -0.076213 0.060297 0.268031 0.155029 -0.059261 
1.693977 -0.722681 0.478223 -0.866217 0.059954 -0.137380 -0.038357 -0.005901 -0.150565 -0.214954 -0.089378 0.015963 0.307559 0.130731 -0.053083 
1.620499 -0.615935 0.446002 -0.834361 -0.013662 -0.105668 -0.051062 -0.001808 -0.131470 -0.207376 -0.075825 -0.026294 0.300257 0.129222 -0.047476 
1.689084 -0.650222 0.494723 -0.889131 -0.003866 -0.103264 -0.060250 0.019006 -0.110927 -0.237109 -0.041898 -0.054264 0.268953 0.163546 -0.061180 
1.675236 -0.590351 0.500495 -0.904720 -0.045681 -0.062399 -0.081745 0.023289 -0.134446 -0.164841 -0.075188 -0.067215 0.272826 0.146176 -0.052016 
1.688745 -0.631958 0.522041 -0.898729 -0.034146 -0.090016 -0.117489 0.077767 -0.122055 -0.185349 -0.093466 -0.053081 0.246288 0.138371 -0.010304 
1.703032 -0.594199 0.533950 -0.944672 -0.048582 -0.062243 -0.078798 0.032039 -0.111476 -0.196669 -0.035394 -0.103436 0.269511 0.151460 -0.050071 
1.707591 -0.605646 0.543818 -0.946716 -0.021672 -0.080371 -0.064117 0.027169 -0.092000 -0.220222 -0.017782 -0.087522 0.247549 0.147607 -0.052777 
1.741133 -0.678387 0.566304 -0.963044 0.020906 -0.104314 -0.082547 0.053897 -0.110113 -0.231512 -0.026056 -0.070842 0.248684 0.146962 -0.022727 
1.674504 -0.639733 0.503968 -0.912762 -0.011645 -0.064128 -0.073760 0.047470 -0.161743 -0.219916 -0.020438 -0.044776 0.255022 0.173709 -0.063154 
1.682874 -0.737041 0.516964 -0.890096 0.032479 -0.082766 -0.081264 0.063291 -0.207884 -0.257525 -0.030220 -0.022317 0.291091 0.169729 -0.042885 
1.692055 -0.790592 0.541752 -0.880708 0.045005 -0.111466 -0.021465 0.038178 -0.204239 -0.316367 0.016661 -0.003186 0.282888 0.169823 -0.048052 
1.660450 -0.699185 0.535482 -0.849318 -0.055402 0.053992 -0.058544 -0.004470 -0.251258 -0.227546 0.036174 -0.061668 0.300494 0.167795 -0.121050 
1.720229 -0.728413 0.638760 -0.879021 -0.018362 0.219931 -0.163290 -0.116229 -0.307317 -0.142998 0.170706 -0.093568 0.308178 0.075825 -0.230846 
1.710567 -0.815595 0.589541 -0.762684 0.033059 0.222374 -0.194059 -0.188307 -0.353989 -0.109850 0.251287 -0.110042 0.256080 0.069437 -0.313864 
1.718543 -0.973340 0.639270 -0.627820 0.115190 0.144997 -0.283541 -0.209342 -0.274669 0.093897 0.316381 -0.217776 0.120604 0.050425 -0.231875 
1.555779 -0.968140 0.761532 -0.523632 0.224035 0.029526 -0.329314 -0.152499 -0.271888 0.145568 0.229476 -0.268370 0.083621 0.095591 -0.132472 
1.325758 -0.969280 0.956791 -0.418278 0.316510 -0.103119 -0.370743 -0.109144 -0.189250 0.087236 -0.032378 -0.220170 0.196315 -0.047590 -0.027341 
1.028913 -0.625174 0.984856 -0.158233 0.376314 -0.209433 -0.188035 -0.103052 -0.172223 0.077277 -0.209708 -0.230762 0.206775 -0.137104 -0.067401 
0.952909 -0.212916 0.678010 0.222121 0.224644 -0.041888 0.008237 -0.014769 -0.227414 -0.078622 -0.177413 -0.159541 0.034336 -0.198443 -0.160750 
1.115949 -0.215816 0.562026 0.148513 0.086958 -0.077768 0.093456 -0.014591 -0.162647 -0.232585 -0.144182 -0.079120 0.061732 -0.203507 -0.114074 
0.545361 -0.259327 0.766449 0.256350 0.208318 -0.186833 0.107454 -0.122697 -0.060519 -0.148499 -0.117134 -0.014433 -0.070402 -0.141326 -0.050491 
0.417740 -0.241325 0.878721 0.169925 0.139353 -0.270284 0.127884 -0.042408 -0.149733 -0.049101 -0.153083 0.035171 -0.011298 -0.183186 0.013285 
0.361233 -0.430252 0.905430 0.037139 0.152100 -0.291548 0.196696 -0.128459 -0.094303 -0.061121 -0.092532 0.054571 -0.028322 -0.152163 0.055326 
0.381340 -0.508403 1.188131 -0.009624 0.086067 -0.240901 0.110517 -0.071797 -0.222803 -0.074675 -0.073380 -0.030237 -0.062360 -0.138580 0.077453 
0.394627 -0.516283 1.459211 -0.150668 0.009408 -0.212853 0.056703 -0.088637 -0.203335 -0.139729 -0.018312 -0.067350 -0.050318 -0.136352 0.117767 
0.494090 -0.680488 1.358189 -0.098405 0.052012 -0.088413 -0.065739 -0.080034 -0.225844 -0.160145 -0.022311 -0.113224 -0.114852 -0.080608 0.059963 
0.625054 -0.645681 1.488891 -0.239101 -0.067656 -0.062615 -0.104601 -0.035741 -0.247653 -0.145874 0.001281 -0.068719 -0.089542 -0.094890 0.143726 
0.591168 -0.714302 1.571171 -0.236454 -0.001020 -0.051515 -0.129061 -0.011756 -0.230104 -0.153048 0.002111 -0.104663 -0.076233 -0.086652 0.099572 
0.521122 -0.662948 1.677370 -0.260837 -0.023021 -0.007584 -0.141641 0.019839 -0.226898 -0.160937 0.030725 -0.116644 -0.095386 -0.047231 0.068111 
0.611637 -0.664026 1.731427 -0.350029 -0.027627 0.005345 -0.141068 0.013614 -0.233135 -0.135049 0.052946 -0.120473 -0.104128 0.008727 0.068538 
0.539427 -0.613589 1.648968 -0.293547 -0.002116 0.052927 -0.174001 0.018794 -0.230291 -0.185544 0.063556 -0.161943 -0.127901 0.001953 0.057432 
0.598659 -0.658843 1.694268 -0.317355 0.033845 0.055567 -0.201267 0.011340 -0.219059 -0.218218 0.082740 -0.212290 -0.111123 0.014859 0.009805 
0.574011 -0.596267 1.698488 -0.335983 -0.005745 0.104993 -0.209106 0.024883 -0.233863 -0.219893 0.103565 -0.220494 -0.127194 0.028824 0.011900 
0.653013 -0.664177 1.706609 -0.375174 0.043718 0.095611 -0.235158 0.037956 -0.238696 -0.210136 0.101317 -0.226426 -0.121657 0.053897 -0.027957 
0.584875 -0.598108 1.723688 -0.350994 0.005119 0.099992 -0.231780 0.031483 -0.244374 -0.225511 0.104567 -0.236061 -0.125713 0.049114 -0.022220 
0.634356 -0.650648 1.803715 -0.342406 0.017264 0.072331 -0.243128 0.047920 -0.233667 -0.247010 0.117071 -0.246039 -0.110565 0.049986 -0.053712 
0.562358 -0.581008 1.730940 -0.350862 0.016434 0.102721 -0.255363 0.048046 -0.234749 -0.238393 0.113478 -0.250607 -0.100823 0.037411 -0.036466 
0.622674 -0.579186 1.783610 -0.386759 0.039742 0.053373 -0.253879 0.058299 -0.253083 -0.227807 0.117657 -0.249166 -0.094940 0.063302 -0.063834 
0.527305 -0.394437 1.674016 -0.393272 0.011979 0.101754 -0.225074 0.014699 -0.230217 -0.259169 0.126229 -0.255275 -0.125736 0.049581 -0.023988 
0.603586 -0.321997 1.492357 -0.368187 -0.030963 0.161836 -0.207663 0.009208 -0.249543 -0.273326 0.122045 -0.248831 -0.167810 0.062289 -0.032923 
0.760829 -0.198313 1.284221 -0.262507 -0.131786 0.145345 -0.110210 -0.038936 -0.230063 -0.290464 0.094105 -0.231003 -0.175013 0.041837 -0.019979 
0.595814 -0.296597 1.347742 -0.280999 -0.116949 0.198935 -0.215082 -0.016101 -0.204740 -0.369787 0.191329 -0.276935 -0.156354 0.049014 -0.032452 
0.581616 -0.169711 1.258469 -0.198677 -0.200053 0.199229 -0.236849 -0.002382 -0.176468 -0.379130 0.219682 -0.272577 -0.145241 0.074718 -0.032585 
0.731184 0.330028 0.740492 -0.152965 -0.061282 0.073555 -0.224185 -0.055542 -0.179107 -0.365174 0.134912 -0.254353 -0.083429 0.028796 -0.038558 
-0.262814 -0.065848 1.166486 -0.154984 0.077927 -0.009228 -0.212262 0.031590 -0.314368 -0.141842 0.056456 -0.245181 -0.085930 0.044442 -0.046249 
0.121971 0.160254 0.834163 0.004777 0.010847 -0.020425 -0.126245 -0.027860 -0.310950 -0.231306 0.096116 -0.225504 -0.175348 0.045252 -0.012224 
