city012_066
PESUTO
61
-0.144348 0.047913 0.045550 0.111156 -0.157084 -0.041480 0.013687 -0.096089 0.044397 -0.086931 0.152541 -0.112683 -0.018938 0.175214 -0.203715 
-0.058841 -0.206251 0.157762 0.100357 0.025473 0.102649 0.061880 -0.005814 0.107894 -0.073789 0.055556 -0.020321 -0.012520 0.135360 -0.177475 
1.132185 -0.985683 0.803117 -0.334247 0.087544 -0.011563 -0.063825 -0.053441 -0.159655 -0.082365 0.056241 0.026471 -0.023470 0.022381 -0.114333 
1.740474 -0.607260 0.698703 -0.178185 -0.111490 -0.223222 -0.158413 -0.017472 -0.198499 -0.165262 -0.073563 0.036288 0.062174 -0.003280 -0.072850 
1.378542 -0.408582 0.894105 0.009218 -0.088686 -0.144733 0.147813 0.071842 -0.032543 -0.041000 -0.017086 0.093668 -0.082895 0.007719 -0.062772 
1.403400 -1.051391 0.995982 -0.299614 -0.247124 -0.254330 -0.112704 -0.051035 -0.156592 -0.004039 -0.000524 0.109473 0.076960 -0.032167 0.014557 
1.343566 -1.191755 1.223402 -0.456135 -0.158949 -0.320432 -0.232994 -0.032891 -0.240511 0.043434 0.005360 0.134632 0.128553 -0.047194 0.118208 
1.214139 -1.326130 1.273237 -0.477465 -0.137247 -0.246127 -0.292126 -0.024305 -0.241733 0.045381 0.017623 0.102767 0.130880 -0.061517 0.157327 
1.164446 -1.334055 1.231939 -0.401504 -0.132831 -0.302646 -0.316847 0.000716 -0.145127 -0.016758 0.070105 0.059231 0.202609 -0.097571 0.134596 
1.310616 -1.424509 1.249395 -0.401129 -0.142754 -0.294504 -0.318524 0.030019 -0.140245 0.013623 0.050344 0.078354 0.184212 -0.091513 0.119966 
1.316836 -1.397581 1.252337 -0.410722 -0.144879 -0.277997 -0.325309 0.037278 -0.166550 0.056005 -0.031815 0.156293 0.136058 -0.075882 0.120773 
1.368941 -1.378465 1.227890 -0.427922 -0.090411 -0.300266 -0.338129 0.009437 -0.181615 0.075943 -0.083281 0.190307 0.122466 -0.055964 0.132386 
1.335604 -1.286613 1.155816 -0.375172 -0.068632 -0.342306 -0.327034 -0.017953 -0.157875 0.073455 -0.109511 0.195129 0.139101 -0.060648 0.146287 
1.383786 -1.115282 1.055277 -0.289780 -0.010520 -0.403575 -0.276000 -0.085391 -0.105072 0.029691 -0.170690 0.247154 0.092642 -0.048086 0.137507 
1.373193 -0.923860 0.913347 -0.199750 0.067024 -0.444847 -0.144488 -0.179507 -0.102497 0.004192 -0.284834 0.304835 0.004444 -0.049568 0.107509 
1.108965 -0.341784 0.836517 -0.125412 0.028022 -0.131345 0.000670 -0.015439 0.036409 -0.093142 -0.249265 0.246752 -0.085392 -0.110911 0.050286 
0.683366 -0.552394 0.634487 -0.115110 0.130457 -0.077213 0.111047 0.102236 0.029345 -0.163249 -0.084956 0.292736 -0.143580 -0.073877 0.080548 
0.263675 -0.758773 0.592685 -0.108475 0.079544 -0.286354 -0.029305 -0.131136 0.025677 0.022206 -0.099638 0.133349 -0.048737 -0.030140 0.110703 
0.105948 -0.533194 0.633625 -0.329665 0.016673 -0.091773 0.014971 0.119348 0.022085 -0.056052 -0.051401 0.137012 -0.092365 -0.021461 0.059634 
-0.040663 -0.743219 0.419390 -0.357446 -0.055978 -0.186064 0.033360 0.007785 0.017940 0.041541 -0.005353 0.075212 -0.051668 -0.017493 -0.005356 
-0.035592 -0.935232 0.376403 -0.286816 -0.063569 -0.119522 -0.013384 0.043156 0.074594 -0.027002 -0.031145 0.140634 -0.113667 -0.044990 0.072982 
-0.074740 -1.050780 0.460324 -0.238522 -0.064948 -0.144789 0.117863 0.081457 -0.019736 -0.081510 0.082977 0.001891 -0.061454 0.024391 -0.010821 
-0.292965 -1.011585 0.286671 -0.219496 0.092445 0.084578 0.193085 -0.137008 -0.060469 0.032468 -0.096280 0.129918 0.033755 -0.065895 -0.046624 
-0.370629 -1.014316 0.378899 -0.285817 0.063096 0.026626 -0.014207 0.006860 0.058547 -0.071897 0.044882 -0.040082 0.003699 0.052783 -0.067360 
-0.262358 -1.146381 0.248150 -0.321156 0.073030 -0.034408 0.139460 -0.021724 0.060271 -0.055981 -0.112893 0.106790 -0.001802 0.005895 -0.053575 
-0.155543 -1.036168 0.329372 -0.115072 0.106970 -0.043235 -0.022138 -0.004743 0.008248 0.000205 0.005006 0.013827 -0.031258 0.029518 -0.045083 
-0.221660 -0.796843 0.180554 -0.077647 0.110597 -0.077161 0.025597 0.007339 0.054056 -0.058573 -0.012926 0.034707 -0.016182 0.020379 -0.036513 
-0.260538 -0.420235 0.393567 -0.211361 -0.119467 -0.068133 -0.036061 0.065678 0.092575 -0.039235 -0.033827 0.048641 -0.018549 0.029379 -0.104249 
-0.416232 -0.512291 0.409266 -0.094536 -0.076793 -0.089541 -0.135277 0.060912 0.058419 -0.120427 0.092776 0.050776 -0.132310 0.160730 -0.118690 
-0.387348 -0.618992 0.236697 0.050729 0.036581 0.093123 -0.046316 -0.049654 0.139542 -0.048353 -0.114759 0.124606 -0.006559 0.032215 -0.146906 
-0.157690 -0.359035 0.256404 0.078525 -0.070559 0.042311 -0.187689 -0.082276 0.173087 -0.088797 -0.045697 0.068773 -0.035837 0.085340 -0.134327 
-0.246698 -0.308513 0.246123 0.028768 -0.156160 -0.000870 0.054307 -0.031170 0.121877 -0.088923 -0.028695 0.057119 0.006764 0.005587 -0.101676 
-0.240941 -0.205289 0.083422 0.057337 0.129849 0.030865 -0.103595 0.060242 0.074919 -0.083067 0.051484 -0.020936 -0.029498 0.122711 -0.151073 
-0.238696 -0.314003 0.109550 0.071699 -0.173330 -0.013465 -0.047120 -0.042287 0.022137 -0.092630 0.138895 -0.018889 -0.077157 0.127983 -0.129227 
-0.159564 -0.111477 0.309409 0.073486 -0.188658 -0.148098 -0.023621 -0.031237 0.006421 -0.082359 0.062994 0.031061 -0.055443 0.120609 -0.150504 
-0.218646 -0.091579 0.275984 0.175750 -0.163765 0.020925 -0.072438 -0.022363 0.082356 -0.150685 0.085969 0.011944 -0.095508 0.172722 -0.204080 
-0.376251 -0.240611 0.072468 0.098256 -0.119378 -0.067628 0.055554 0.071676 -0.013419 -0.120712 0.159961 -0.061043 -0.082079 0.173627 -0.168815 
-0.223934 -0.118281 0.014268 -0.132839 -0.100597 -0.075956 -0.285455 -0.106649 0.116249 0.077030 0.059472 -0.027138 0.017658 0.149924 -0.145220 
-0.285103 -0.277393 -0.066041 -0.028258 -0.036943 0.055422 -0.033807 -0.096740 0.083431 -0.035378 0.062608 -0.042215 -0.023924 0.098164 -0.132747 
-0.161852 -0.035837 0.086151 -0.012138 0.044553 0.022365 0.029062 -0.056978 0.085483 -0.101056 0.119012 -0.075858 -0.033095 0.158387 -0.198727 
-0.149447 -0.053901 0.043768 -0.133654 -0.080253 -0.038232 0.066997 -0.021712 -0.010172 -0.129526 0.148206 0.000767 -0.111663 0.158733 -0.141109 
-0.180969 -0.133279 0.068421 0.030138 0.031301 0.115268 -0.012496 0.056550 0.072495 -0.073907 0.011779 0.024490 -0.037636 0.128553 -0.166566 
-0.159529 -0.214942 0.049419 -0.080296 0.171419 0.031648 -0.111748 0.092622 0.159526 -0.042686 -0.098447 0.013442 0.004133 0.157943 -0.223765 
0.095879 -1.014256 0.355921 -0.572190 0.155987 -0.241038 0.044037 0.019523 0.094144 0.071547 -0.019400 0.018045 -0.116590 0.083546 -0.079187 
0.620337 -0.602727 0.280929 -0.513019 0.070877 -0.315741 0.034556 0.041761 0.038995 0.165978 -0.094531 0.092209 -0.106639 0.086705 -0.119907 
1.473786 -0.314526 0.316222 -0.416564 0.158311 -0.030785 -0.217902 -0.247329 -0.150786 0.119690 -0.066543 -0.043192 0.075122 0.062371 -0.103448 
1.638151 -0.742794 0.353452 -0.744732 0.113284 0.010080 -0.327622 -0.259760 -0.214298 0.237522 0.092653 0.019398 0.203641 -0.000237 -0.114509 
1.636057 -0.646792 0.426786 -0.955767 0.010626 0.067586 -0.249332 -0.185305 -0.193363 0.190701 0.123109 0.136285 0.180860 -0.022616 -0.154378 
1.715375 -0.623690 0.342350 -0.958580 -0.056521 0.051792 -0.168931 -0.122530 -0.249489 0.092433 0.191575 0.116765 0.218521 0.080994 -0.238303 
1.698906 -0.586233 0.352195 -1.033967 -0.123230 0.115499 -0.154481 -0.092381 -0.250859 0.044298 0.137130 0.080190 0.293993 0.143497 -0.259393 
1.676642 -0.552254 0.430017 -1.069438 -0.204321 0.131119 -0.100321 -0.053667 -0.234453 -0.023788 0.125585 0.033111 0.316887 0.212125 -0.258932 
1.542307 -0.396473 0.421668 -1.036589 -0.273540 0.126191 -0.063911 -0.041318 -0.172643 -0.044798 0.093457 -0.025623 0.304239 0.205024 -0.206907 
1.526107 -0.395719 0.396493 -1.105623 -0.238867 0.066346 -0.028713 0.010621 -0.200969 -0.001417 0.001823 0.018275 0.300359 0.217465 -0.160057 
1.470239 -0.355585 0.454411 -1.153572 -0.282182 0.063644 -0.000822 -0.015541 -0.153191 -0.043705 0.006313 -0.018229 0.326594 0.225673 -0.120079 
1.450526 -0.321902 0.385546 -1.142034 -0.340587 0.117470 -0.071793 0.062796 -0.158586 -0.010886 0.000865 -0.007313 0.288253 0.257951 -0.171806 
1.347296 -0.205451 0.392244 -1.174906 -0.344692 0.040963 -0.062365 0.061985 -0.111613 -0.024701 0.065617 -0.052524 0.287875 0.253939 -0.167385 
1.592502 -0.034922 0.171664 -1.054935 -0.388558 0.061493 0.026114 0.031352 -0.093523 -0.012222 0.007680 -0.028826 0.234853 0.289759 -0.194738 
1.256905 -0.268562 0.393269 -1.172400 -0.340548 0.030924 -0.023400 0.085601 -0.108766 0.004928 0.034726 -0.061179 0.267701 0.245872 -0.188144 
1.025434 0.380049 0.079963 -0.996200 -0.386853 0.132031 -0.001964 -0.003691 -0.069680 -0.044566 0.010255 0.017400 0.227474 0.270842 -0.205849 
1.714556 0.337456 -0.112823 -0.845288 -0.369310 0.003019 -0.015861 0.113699 -0.079845 -0.139531 0.079544 0.022346 0.088591 0.365644 -0.134042 
0.880468 0.243657 -0.380267 -0.578305 -0.534281 -0.130197 0.082700 0.056023 0.015856 -0.208709 0.121613 0.123897 0.084113 0.346224 -0.042002 
