city012_040
RISHIRI
63
-0.002147 0.009599 0.119484 -0.231685 -0.110976 0.109592 0.032144 0.045833 0.155585 -0.134055 -0.011782 0.069396 -0.128139 0.106986 -0.073425 
0.080147 0.131956 0.270100 0.004187 -0.185676 0.054675 -0.006171 0.095344 0.242188 -0.033695 0.030145 0.013893 0.000900 -0.018706 -0.028250 
0.551231 0.273695 0.402567 0.250833 0.178963 0.229075 -0.163354 -0.094881 0.111766 -0.041295 0.019760 -0.095169 -0.057946 0.067819 -0.076889 
0.797864 0.355287 0.525708 0.226841 0.023052 0.274969 -0.135721 -0.398697 0.028442 -0.028779 -0.103066 -0.211853 -0.042278 -0.023376 -0.124476 
0.322959 -0.384796 0.930511 0.262926 0.063858 0.091321 -0.001242 -0.294530 -0.044952 -0.037121 -0.181048 -0.082866 -0.179052 -0.049041 0.000951 
0.624699 -0.714997 1.294253 -0.228456 0.077727 0.060539 -0.143432 -0.225260 -0.231100 -0.115817 -0.063142 -0.131099 -0.155794 0.003843 0.006545 
0.659283 -0.552068 1.414182 -0.245910 -0.094755 0.188893 -0.280753 -0.033894 -0.278779 -0.253618 0.050008 -0.204450 -0.148091 -0.008477 0.019862 
0.975953 -0.985582 1.720224 -0.361963 0.032073 0.069342 -0.284576 -0.090388 -0.202035 -0.280420 0.069451 -0.233436 -0.136921 0.053477 -0.027958 
0.687754 -0.830985 1.599013 -0.290010 -0.108713 0.183237 -0.377329 -0.033955 -0.286111 -0.223984 0.040401 -0.218905 -0.124254 0.045173 0.026247 
0.911881 -0.946167 1.761800 -0.423976 -0.083037 0.125186 -0.363381 -0.060146 -0.292491 -0.193409 0.017876 -0.210023 -0.097499 0.081780 -0.006020 
0.890442 -0.922093 1.784310 -0.393570 -0.106475 0.050165 -0.341244 -0.079158 -0.271149 -0.211594 0.010657 -0.184222 -0.077092 0.071588 0.001667 
0.906393 -0.800392 1.662219 -0.376001 -0.161761 0.066091 -0.300781 -0.127298 -0.285764 -0.156609 -0.010946 -0.169558 -0.069179 0.091967 0.006902 
1.119642 -0.779602 1.620617 -0.346385 -0.124289 0.007705 -0.212853 -0.209540 -0.213612 -0.156266 -0.023514 -0.163391 -0.049999 0.084302 -0.023316 
1.021844 -0.250218 1.338667 -0.264588 -0.152554 -0.045075 -0.005325 -0.252943 -0.208456 -0.100752 -0.126785 -0.055845 -0.163372 0.064819 0.060324 
0.642284 -0.231517 1.327776 -0.283251 0.138793 -0.106086 0.103605 -0.154300 -0.225863 0.043943 -0.152458 -0.051265 -0.132874 0.040782 -0.009984 
-0.198464 -0.220494 1.324936 -0.331936 0.268800 -0.004502 0.119415 -0.114561 -0.062638 0.099109 -0.121483 0.014116 -0.050618 -0.032168 0.065904 
-0.596896 -0.485472 0.756568 -0.680232 0.065825 -0.024902 0.200431 -0.153020 -0.000159 0.045757 -0.043196 0.057734 -0.064388 0.012753 0.082343 
-0.760281 -0.508568 0.511523 -0.671815 0.144003 -0.168753 0.175645 -0.097797 0.028368 0.078676 -0.054132 0.051324 -0.068514 0.000753 0.088528 
-0.705086 -0.626175 0.702166 -0.563571 0.238884 -0.206383 0.182238 -0.240228 0.042171 0.090538 -0.020091 -0.012489 0.009963 -0.059285 0.113497 
-0.842079 -0.566368 0.590569 -0.641377 0.286348 -0.031162 0.097718 -0.206915 0.046299 0.083132 -0.047530 -0.000251 0.047486 -0.111315 0.078102 
-1.086880 -0.673473 0.434194 -0.592911 0.365124 -0.087129 0.074358 -0.139950 0.058440 0.070022 -0.093456 0.067686 -0.038857 -0.015835 0.052998 
-1.206014 -0.617782 0.712635 -0.629432 0.327080 -0.111248 0.314017 -0.152221 -0.137439 0.094369 0.033806 -0.052968 0.047042 -0.030127 0.038514 
-1.061175 -0.588145 0.848548 -0.662662 0.288360 -0.265826 0.179019 -0.113883 0.057532 -0.033420 0.054099 -0.024528 -0.033666 0.060752 -0.019186 
-0.825290 -0.546379 0.747396 -0.818349 0.143566 -0.139036 0.259882 -0.127122 0.034293 0.057687 -0.061389 0.004766 -0.000280 -0.019369 0.042657 
-1.066733 -0.789350 0.871330 -0.899234 0.163652 0.056756 0.235898 -0.087840 0.012633 -0.096916 0.021088 0.014666 -0.022382 0.036075 0.065060 
-0.595114 -0.293784 0.908907 -0.908397 0.172242 -0.066680 0.052775 -0.095490 0.015051 0.044746 -0.028680 0.032352 -0.016410 0.004432 0.030617 
-0.585099 -0.560742 0.887514 -0.853938 0.299755 -0.066612 0.138179 -0.095229 -0.102245 0.059550 0.062508 -0.075521 0.049411 -0.039362 0.094560 
-0.352816 -0.578022 1.194729 -0.806057 0.043197 -0.252306 0.084637 -0.146320 0.036148 0.052902 -0.020262 0.112880 -0.080937 0.020490 0.101114 
-0.122359 -0.438221 1.189639 -0.643937 0.117963 0.023279 -0.018784 0.005739 0.110175 -0.029459 -0.085969 0.175961 -0.115460 -0.016579 0.092177 
0.621176 -0.316180 1.435724 -0.352683 0.002261 0.023762 0.027911 -0.141518 -0.117060 -0.075872 -0.024182 -0.071244 -0.110999 0.041889 0.053205 
0.808360 -0.310233 1.421264 -0.314719 -0.088244 0.112109 -0.088543 -0.103556 -0.237980 -0.150179 -0.047125 -0.147968 -0.157614 0.037618 -0.019821 
0.772688 -0.630456 1.593778 -0.267354 0.013658 0.099402 -0.142360 -0.105746 -0.201703 -0.217529 0.017271 -0.210007 -0.165235 0.030941 -0.020146 
0.710423 -0.702740 1.653092 -0.317544 -0.025489 0.227749 -0.229134 -0.052907 -0.206713 -0.206788 0.054465 -0.223747 -0.171691 0.089787 -0.075171 
0.725520 -0.798780 1.771678 -0.324027 -0.007301 0.187956 -0.240602 -0.037080 -0.169996 -0.236484 0.079670 -0.242647 -0.143030 0.084352 -0.092430 
0.633935 -0.719106 1.724810 -0.324111 0.001305 0.197269 -0.243253 -0.022061 -0.203015 -0.196553 0.057392 -0.239696 -0.145146 0.097535 -0.103874 
0.594653 -0.663738 1.693945 -0.323828 0.021587 0.202421 -0.244076 0.001319 -0.223997 -0.206914 0.070877 -0.237804 -0.180215 0.109238 -0.094514 
0.632512 -0.656057 1.703175 -0.312474 0.034439 0.161965 -0.206906 0.008533 -0.208541 -0.214332 0.092746 -0.236290 -0.174791 0.116228 -0.108238 
0.541503 -0.567381 1.599756 -0.273344 0.010550 0.206361 -0.207129 -0.002571 -0.206412 -0.207182 0.085259 -0.232763 -0.176432 0.105700 -0.104156 
0.609284 -0.590360 1.666527 -0.311027 0.060318 0.120223 -0.152125 -0.018254 -0.206089 -0.207375 0.109147 -0.267907 -0.147603 0.110040 -0.099492 
0.544008 -0.484634 1.535460 -0.244179 -0.038203 0.214024 -0.172797 -0.024901 -0.202829 -0.213470 0.078154 -0.196555 -0.217709 0.119894 -0.064211 
0.538919 -0.449691 1.555679 -0.224597 -0.074967 0.213336 -0.117327 -0.081335 -0.150384 -0.249140 0.084769 -0.209710 -0.191854 0.062435 -0.046332 
0.326010 -0.323497 1.410535 -0.056529 -0.112182 0.245055 -0.008957 -0.074491 -0.145678 -0.110203 0.006170 -0.135393 -0.141375 -0.022464 0.006410 
0.184406 0.058153 1.070345 0.393758 -0.097400 0.040617 0.135159 -0.077628 -0.104833 -0.086407 -0.083410 -0.079176 -0.130868 -0.051793 -0.106274 
0.176827 0.082238 0.744886 0.328199 -0.074054 0.243493 -0.067631 -0.082355 0.062802 -0.207578 0.082831 -0.074089 -0.189689 0.108880 -0.080350 
0.222671 -0.243252 0.607892 -0.363507 -0.038508 0.241299 -0.021328 -0.053447 -0.035678 -0.047518 -0.005567 0.027034 0.002069 -0.010057 -0.020966 
0.298218 -0.412423 0.752376 -0.512952 0.072854 0.197781 -0.132845 -0.218828 -0.129507 -0.010780 -0.054541 0.130260 -0.074721 -0.051009 0.066074 
0.492768 -0.212328 1.374143 -0.264628 0.001200 0.161021 -0.086740 -0.072690 -0.136176 -0.244164 0.063926 -0.165039 -0.186302 0.036197 -0.016384 
0.559786 -0.307579 1.373145 -0.191179 -0.131515 0.225096 -0.182424 -0.034954 -0.183109 -0.268692 0.095541 -0.204895 -0.182408 0.079342 -0.080125 
0.699824 -0.502409 1.453358 -0.241965 -0.163648 0.192748 -0.133386 -0.139373 -0.144008 -0.296421 0.135490 -0.269926 -0.110443 0.082089 -0.100541 
0.685361 -0.350696 1.315285 -0.095306 -0.272138 0.224041 -0.162372 -0.095286 -0.253686 -0.224307 0.065277 -0.266952 -0.134429 0.100169 -0.129958 
0.645762 -0.443835 1.448220 -0.249809 -0.134574 0.196751 -0.158450 -0.124263 -0.212878 -0.261455 0.097688 -0.287925 -0.138872 0.120487 -0.160195 
0.585002 -0.426167 1.394007 -0.259360 -0.197877 0.330874 -0.235158 -0.094013 -0.231849 -0.276174 0.109344 -0.285638 -0.154281 0.147393 -0.175156 
0.594182 -0.328411 1.401508 -0.184282 -0.233402 0.280257 -0.245068 -0.082341 -0.196879 -0.297425 0.108070 -0.287811 -0.135276 0.117018 -0.154708 
0.526879 -0.349172 1.469268 -0.229185 -0.192923 0.283491 -0.226759 -0.090658 -0.214314 -0.289651 0.115236 -0.317696 -0.148284 0.136184 -0.173379 
0.700791 -0.297901 1.305793 -0.084546 -0.249224 0.278681 -0.231602 -0.063181 -0.211332 -0.313318 0.117366 -0.288594 -0.187360 0.158677 -0.199732 
0.812446 -0.251925 1.184715 -0.073659 -0.183414 0.194046 -0.171508 -0.083922 -0.197142 -0.331476 0.139847 -0.289461 -0.177437 0.136201 -0.160563 
0.631344 -0.328450 1.256780 -0.077167 -0.211524 0.292665 -0.243490 -0.024220 -0.246040 -0.301928 0.132991 -0.278912 -0.210836 0.170301 -0.193748 
0.382692 -0.396413 1.422418 -0.222984 -0.096978 0.264967 -0.283113 -0.028767 -0.218614 -0.331771 0.183166 -0.329429 -0.166557 0.138604 -0.172105 
0.258825 -0.217276 1.318866 -0.215630 -0.081809 0.242228 -0.269400 0.014963 -0.298600 -0.247109 0.130922 -0.298694 -0.184119 0.154809 -0.176811 
0.329859 0.126930 1.299979 -0.188410 -0.068863 0.107845 -0.191328 0.003975 -0.271839 -0.259035 0.119901 -0.295150 -0.177213 0.141667 -0.163680 
0.152465 0.220367 0.994605 0.002126 -0.105638 0.142827 -0.243098 -0.050476 -0.205771 -0.300618 0.070385 -0.227416 -0.209986 0.140578 -0.153863 
0.467224 -0.066073 1.033607 0.037128 0.021553 0.085814 -0.215467 0.033338 -0.214086 -0.272983 0.093830 -0.255310 -0.147789 0.055268 -0.156453 
0.126254 0.396749 0.700637 0.154459 0.002113 -0.020184 -0.139013 -0.042060 -0.286848 -0.277051 0.050358 -0.249013 -0.210435 0.076591 -0.148515 
