city012_042
REBUN
70
-0.092462 -0.235254 0.065431 -0.061813 -0.001024 -0.055823 -0.086171 0.056935 0.166394 -0.122058 -0.059482 0.120276 -0.079981 0.050847 -0.073478 
-0.032738 -0.032049 0.145083 0.118942 -0.104721 -0.051035 -0.109878 0.033024 0.173152 -0.093619 -0.045883 0.072006 -0.025499 0.063228 -0.142765 
0.655629 0.073688 0.747384 0.359270 -0.043586 0.088136 -0.165116 -0.184982 0.120269 -0.196942 -0.157400 -0.073767 -0.064748 0.033168 -0.194455 
0.823418 -0.710748 1.024409 0.205159 -0.101120 0.116087 -0.511509 -0.123251 0.109240 -0.327465 -0.185646 -0.151768 0.056433 0.071032 -0.328458 
0.907330 -0.835455 1.116467 0.113905 0.024644 0.027058 -0.446656 -0.145267 0.121747 -0.314660 -0.190038 -0.158961 0.068691 0.052297 -0.325147 
0.942840 -0.643223 1.007662 0.080013 0.198668 -0.144113 -0.342628 -0.054503 -0.028621 -0.167237 -0.293560 -0.157182 0.160391 -0.082249 -0.269583 
0.993607 -0.797836 1.209935 -0.099785 0.077490 -0.323720 -0.297626 -0.045905 -0.125692 -0.139431 -0.222334 -0.033976 0.214415 -0.091473 -0.147061 
1.235945 -1.189598 1.333989 -0.171767 -0.128640 -0.407865 -0.315294 0.025881 -0.146518 -0.129182 -0.037659 0.083484 0.242233 -0.070634 -0.031934 
1.193887 -1.228446 1.317358 -0.272479 -0.121369 -0.408626 -0.289498 0.115711 -0.170003 -0.055117 0.006999 0.109878 0.213312 -0.108881 0.028984 
1.177850 -1.330497 1.255341 -0.275469 -0.155567 -0.381947 -0.289901 0.166924 -0.214452 0.003936 0.031147 0.076773 0.204174 -0.095977 0.025601 
1.154081 -1.264847 1.186590 -0.257253 -0.186313 -0.332159 -0.336546 0.165152 -0.144094 -0.073167 0.077334 0.086200 0.199785 -0.129726 0.067111 
1.315498 -1.323530 1.152972 -0.280569 -0.137910 -0.390758 -0.326750 0.104866 -0.062967 -0.094782 0.082464 0.127324 0.174302 -0.089650 0.048184 
1.097400 -1.225892 1.040092 -0.252312 -0.193575 -0.402260 -0.330212 0.122969 -0.089934 -0.089580 0.073524 0.177402 0.179667 -0.106958 0.073277 
1.236054 -1.338679 1.093398 -0.310416 -0.177497 -0.435698 -0.330458 0.104499 -0.052804 -0.075849 0.104324 0.182162 0.178647 -0.096082 0.081541 
1.178815 -1.310132 1.040512 -0.340070 -0.156706 -0.398718 -0.409252 0.104709 0.007473 -0.103365 0.104566 0.168881 0.252133 -0.154536 0.124475 
1.173804 -1.229056 0.968780 -0.340035 -0.176162 -0.394243 -0.418461 0.106918 -0.007826 -0.091762 0.090369 0.197085 0.277372 -0.160212 0.093931 
1.243526 -1.247726 0.918429 -0.396961 -0.128435 -0.396841 -0.419009 0.078856 -0.010909 -0.072984 0.093985 0.201837 0.297103 -0.175786 0.114277 
1.255462 -1.169769 0.847487 -0.516534 -0.067409 -0.348316 -0.398890 0.018270 -0.040843 -0.023761 0.052452 0.233093 0.243019 -0.108938 0.081872 
1.437758 -1.048778 0.858668 -0.496546 -0.096771 -0.336832 -0.352138 -0.064823 -0.070786 0.085198 -0.000298 0.148641 0.248580 0.000477 -0.007076 
1.653123 -1.234093 1.058620 -0.322987 -0.207186 -0.276959 -0.310409 -0.086427 -0.123313 0.064968 0.116356 -0.028269 0.241961 0.065766 -0.095483 
1.586885 -1.254740 1.024302 -0.148054 -0.168354 -0.249462 -0.291461 -0.021759 -0.146073 -0.088432 0.063218 -0.086809 0.221094 0.056084 -0.187465 
1.580205 -0.967577 0.879631 0.054523 -0.015331 -0.124888 -0.232258 0.065362 -0.064948 -0.162031 -0.007229 -0.203816 0.179643 0.070319 -0.328498 
1.518389 -0.840558 0.732631 0.204648 0.032769 -0.087641 -0.262032 0.022100 -0.089323 -0.215366 0.065475 -0.327510 0.104197 0.171150 -0.339871 
1.204640 -0.815934 0.692292 0.224172 0.039623 0.006357 -0.345617 0.031240 -0.160475 -0.158420 0.049691 -0.330976 0.086301 0.160549 -0.355279 
1.276018 -0.863768 0.795371 0.180463 0.066312 -0.002663 -0.283010 0.036995 -0.095614 -0.195586 0.073265 -0.322579 0.101814 0.137809 -0.359017 
1.342607 -0.909570 0.814469 0.218550 0.156837 0.092984 -0.212511 0.052139 -0.151082 -0.169461 0.094818 -0.318623 0.045450 0.098375 -0.381181 
1.422907 -0.910970 0.838777 0.189064 0.232203 0.028875 -0.210777 0.073675 -0.176146 -0.150632 0.049300 -0.328056 0.070339 0.057851 -0.361043 
1.675710 -0.998461 1.134147 -0.030448 0.147434 -0.227172 -0.239585 0.024885 -0.159312 -0.140007 0.018123 -0.317013 0.175454 0.081201 -0.314484 
1.470998 -0.845859 0.927910 -0.133116 0.097608 -0.282313 -0.247891 0.024451 -0.209859 0.015299 -0.087972 -0.195132 0.243958 0.025504 -0.237500 
1.569819 -1.059143 0.929981 -0.160439 0.064615 -0.176690 -0.224438 0.015161 -0.245312 -0.042723 0.043317 -0.241759 0.197890 0.027229 -0.204472 
1.676493 -1.141094 0.911739 -0.212131 0.067828 -0.211057 -0.234200 -0.082733 -0.274424 0.065125 0.078187 -0.267416 0.199299 0.091974 -0.198076 
1.651185 -1.090103 0.738196 -0.235075 0.031957 -0.176296 -0.201546 -0.109236 -0.264030 0.120684 0.094622 -0.243957 0.196467 0.095383 -0.168501 
1.687045 -1.030150 0.575707 -0.260152 -0.034334 -0.178219 -0.160884 -0.207162 -0.236194 0.163421 0.095122 -0.196159 0.230645 0.066209 -0.127311 
1.828487 -0.956414 0.582133 -0.165673 -0.036912 -0.135130 -0.091570 -0.265242 -0.220569 0.159551 0.037715 -0.215045 0.201997 0.037877 -0.110254 
1.758708 -0.895261 0.417759 -0.041643 -0.069176 -0.044809 -0.067696 -0.328131 -0.230403 0.196320 -0.042260 -0.175167 0.174426 0.003939 -0.112195 
1.894370 -0.986754 0.488976 -0.074142 -0.008782 -0.068935 0.101196 -0.341527 -0.220940 0.193325 -0.027544 -0.154017 0.177900 -0.089912 -0.077909 
1.892007 -0.953110 0.391366 0.052704 -0.135597 0.012980 0.159740 -0.364869 -0.251053 0.165170 -0.101556 -0.108991 0.168035 -0.077202 -0.089848 
1.936098 -1.004883 0.349589 0.145139 -0.209666 0.041993 0.123251 -0.337616 -0.201175 0.134482 -0.188090 -0.123338 0.217885 -0.063358 -0.090969 
1.907514 -1.052410 0.451803 0.079443 -0.188821 0.027461 0.175601 -0.416548 -0.192172 0.091245 -0.169924 -0.091322 0.207148 -0.088506 -0.087471 
1.714523 -0.964988 0.471017 0.139406 -0.249753 0.080668 0.136387 -0.351345 -0.195674 0.070966 -0.205652 -0.042853 0.173975 -0.098155 -0.084697 
1.721466 -0.999792 0.508379 0.112563 -0.237123 0.096496 0.133884 -0.327155 -0.174456 0.027671 -0.168510 -0.056617 0.173126 -0.091410 -0.107936 
1.705728 -1.006387 0.590661 0.124255 -0.262256 0.101400 0.110277 -0.304179 -0.103594 0.025267 -0.130280 -0.087950 0.145626 -0.053225 -0.129240 
1.550940 -0.924070 0.710632 0.206055 -0.280564 0.074412 0.031848 -0.258827 -0.059552 0.024695 -0.099813 -0.095810 0.078545 0.005018 -0.143091 
1.297489 -0.920431 0.910616 0.420976 -0.239699 0.045314 -0.054104 -0.265588 0.020964 -0.043513 -0.095158 -0.203664 0.079293 0.046464 -0.180429 
1.173657 -0.963342 0.961537 0.506237 -0.173807 0.061272 -0.085294 -0.244654 0.009045 -0.079265 -0.137632 -0.232865 0.041670 0.013073 -0.190675 
1.147236 -0.905619 0.908246 0.525089 -0.181469 0.068741 -0.132407 -0.201820 -0.031079 -0.069889 -0.143510 -0.228687 0.022503 0.040085 -0.210906 
1.186630 -0.870494 0.921253 0.428014 -0.111888 0.008671 -0.048040 -0.269921 0.009160 -0.086516 -0.099136 -0.234969 0.032327 0.015684 -0.150026 
1.131384 -0.858071 0.879149 0.497108 -0.160597 0.039854 -0.082566 -0.228872 -0.051857 -0.051361 -0.113298 -0.251335 0.038658 0.007922 -0.148020 
1.073714 -0.742064 0.892998 0.446303 -0.128786 0.026304 -0.104767 -0.207358 -0.000485 -0.111463 -0.112804 -0.219449 0.043551 -0.003583 -0.169846 
1.077967 -0.785404 0.907598 0.480767 -0.116512 -0.000978 -0.053834 -0.269629 0.016025 -0.077968 -0.135034 -0.248868 0.055924 -0.002913 -0.156510 
0.937584 -0.676770 0.806279 0.572084 -0.105392 0.012186 -0.065364 -0.221431 -0.067238 -0.060211 -0.168139 -0.202563 -0.069910 0.030010 -0.146219 
0.997405 -0.675971 0.809009 0.542564 -0.085406 0.001039 -0.061260 -0.284395 0.022936 -0.085698 -0.174817 -0.226325 0.007604 -0.017011 -0.135331 
0.940955 -0.651464 0.878068 0.499654 -0.066456 0.023682 -0.106740 -0.245285 0.010161 -0.050589 -0.201176 -0.259182 0.056105 -0.007329 -0.203064 
0.953788 -0.535781 0.804841 0.581424 -0.150759 0.049150 -0.087537 -0.236570 -0.048651 -0.016632 -0.209178 -0.251977 0.038862 -0.008593 -0.195019 
0.840051 -0.682307 0.873013 0.580649 -0.073696 0.000626 -0.083906 -0.215205 -0.022640 -0.087999 -0.160146 -0.278687 0.002191 0.020731 -0.221611 
0.683835 -0.648985 0.852990 0.589192 -0.044015 0.015046 -0.088966 -0.233304 -0.042161 -0.022327 -0.193819 -0.306406 0.000583 0.032852 -0.214267 
0.683303 -0.462271 0.689597 0.641573 0.004477 -0.053054 -0.034531 -0.304681 0.039104 -0.034082 -0.259628 -0.243232 -0.018009 0.018026 -0.173035 
0.726253 -0.424456 0.699954 0.649801 -0.049265 0.002325 -0.098056 -0.175084 -0.038160 -0.053569 -0.193437 -0.250126 -0.010732 0.008956 -0.193152 
0.551381 -0.451537 0.715576 0.646347 -0.000485 -0.000626 -0.115270 -0.222230 -0.002695 -0.000828 -0.294302 -0.241892 0.000220 0.008491 -0.213804 
0.805411 -0.125602 0.584808 0.529254 0.048785 -0.076665 -0.100976 -0.130793 -0.090779 -0.106837 -0.119552 -0.213710 -0.108033 0.077949 -0.172114 
0.236139 -0.475738 0.863798 0.567952 -0.084216 -0.038929 -0.005151 -0.322293 -0.018623 -0.062955 -0.263554 -0.162379 -0.131782 0.056145 -0.162374 
0.242887 -0.073704 0.510763 0.448972 0.114223 0.040604 0.044377 -0.160401 0.107964 0.018536 -0.011705 -0.121466 -0.057360 0.152129 -0.102849 
0.270672 -0.006227 0.705657 0.493574 0.094007 0.088951 -0.040277 -0.055360 0.017362 -0.016172 -0.101278 -0.130859 -0.067295 0.081201 -0.183358 
0.250650 -0.011044 0.555404 0.502752 0.177971 0.012745 -0.094312 -0.154697 0.129338 -0.088182 -0.122598 -0.181279 -0.025846 0.046383 -0.152210 
0.357480 0.156804 0.483088 0.423851 0.142885 -0.014686 -0.109525 -0.103336 0.077769 -0.035414 -0.086317 -0.180715 0.031376 0.080526 -0.172681 
0.357102 0.230996 0.343073 0.109624 0.087676 0.109799 -0.091229 -0.176544 -0.110174 -0.175150 0.113162 -0.156105 -0.119040 0.055681 -0.090122 
0.343353 0.187231 0.525738 0.338135 -0.009157 -0.042212 -0.009409 -0.149590 -0.041573 -0.239783 -0.058027 0.000244 -0.215375 -0.012957 -0.027061 
0.306863 0.173115 0.480275 0.391131 0.085868 0.083020 -0.195602 -0.160788 -0.000230 -0.150970 -0.110033 -0.136653 -0.162155 0.074114 -0.145386 
0.198391 0.177924 0.434507 0.364497 0.043781 0.023785 -0.157348 -0.197395 0.072206 -0.191316 -0.035738 -0.168083 -0.048892 0.043562 -0.121168 
0.203520 -0.024105 0.283749 0.306001 0.025328 -0.046447 -0.075308 -0.078797 0.028789 -0.181058 0.033677 0.060156 -0.215145 0.143290 -0.091781 
