city012_086
RYAKUZU
78
-0.388045 -0.295834 -0.060786 0.000513 0.015750 0.093929 -0.065585 0.146363 -0.012581 -0.216022 0.201117 -0.033854 -0.095482 0.168280 -0.177377 
-0.160133 -0.076369 0.066615 0.006918 0.118417 0.020085 -0.048723 0.113123 0.031412 -0.065279 0.093715 -0.070546 -0.042442 0.190660 -0.222632 
0.280183 -0.455940 0.654354 -0.477999 0.193601 -0.023936 -0.199455 -0.175629 -0.122034 0.110046 -0.093737 0.051972 0.054076 -0.070928 0.024395 
0.201034 -0.036953 1.053500 -0.325440 0.230436 -0.031809 -0.125937 -0.077678 -0.087992 -0.087559 -0.153806 0.081599 -0.171262 0.020223 -0.037529 
0.433757 -0.297832 1.147949 -0.216645 0.227056 -0.227840 -0.226614 0.050732 -0.233781 -0.283038 -0.056024 0.030966 -0.218399 -0.013936 0.016072 
0.549697 -0.004218 1.492584 -0.402737 0.116509 -0.141934 -0.367541 0.105334 -0.166805 -0.294198 0.044312 0.047692 -0.115574 0.033896 -0.017444 
1.080389 -0.543019 1.211824 -0.299458 -0.180156 -0.079170 -0.501553 -0.000936 -0.040830 -0.337892 0.042433 0.098201 -0.001996 0.077222 -0.043538 
1.349223 -0.945216 1.164619 -0.429109 -0.087819 -0.313155 -0.518320 0.058111 0.101447 -0.160673 0.018994 0.217117 0.188679 0.033304 -0.108556 
1.474690 -1.203888 0.833385 -0.381931 0.006382 -0.417669 -0.479947 0.168505 0.031000 -0.019043 0.065687 0.113595 0.219690 0.002288 -0.123853 
1.565761 -1.356009 0.463068 -0.368800 -0.130935 -0.333662 -0.275096 0.180490 0.121898 0.123947 0.066513 -0.052645 0.193398 -0.053914 -0.209778 
1.444816 -1.330984 0.311064 -0.426825 0.006489 -0.466352 -0.124902 0.161820 0.099464 0.245305 0.103433 -0.159656 0.036042 0.106534 -0.258308 
1.424391 -1.341920 0.139290 -0.535952 0.069295 -0.340105 -0.133616 0.201206 0.068126 0.250878 0.075934 -0.293827 0.106762 0.135520 -0.294153 
1.370741 -1.324583 0.211473 -0.529786 0.087702 -0.318486 -0.120938 0.185422 0.098714 0.316406 0.017951 -0.310555 0.002286 0.178993 -0.262024 
1.357394 -1.458977 0.328057 -0.567925 0.162446 -0.318084 -0.068178 0.137373 0.095917 0.263309 0.057718 -0.319894 -0.028234 0.185531 -0.182024 
1.364701 -1.486289 0.353837 -0.502763 0.162183 -0.343586 -0.130803 0.166792 -0.008819 0.301589 0.064871 -0.231231 -0.023043 0.146835 -0.138254 
1.679837 -1.453218 0.325776 -0.361620 0.227708 -0.350710 -0.137693 0.098060 -0.041541 0.310406 0.005118 -0.245463 0.076208 0.182464 -0.193153 
1.751888 -0.980707 0.039263 -0.133631 0.242315 -0.390914 -0.143806 0.000450 -0.176248 0.222573 0.056309 -0.198543 0.056780 0.221812 -0.043157 
1.585655 -0.609380 0.145222 -0.082819 0.252857 -0.448454 -0.061269 -0.187901 -0.133124 0.265413 -0.125960 -0.124470 0.031243 0.281230 -0.103940 
0.574845 -0.757846 0.174614 -0.118583 0.397012 0.041476 -0.237768 -0.200066 0.320423 -0.060375 -0.065486 0.038595 -0.143498 0.216821 -0.068628 
0.283892 -0.613902 -0.240682 0.050843 0.029771 -0.073043 -0.181630 0.016267 0.268214 -0.015927 0.017007 -0.163125 -0.092290 0.332228 -0.207897 
0.211503 -0.558879 -0.118454 -0.075176 -0.159440 -0.130478 -0.181430 -0.105037 0.196294 0.156952 0.171410 -0.225593 -0.007249 0.192056 -0.136160 
0.099667 -0.548194 -0.156366 -0.162484 -0.140995 -0.159434 -0.168808 0.002444 0.277493 0.062818 0.104299 -0.089380 -0.130657 0.201810 -0.202708 
0.231180 -0.569425 -0.205912 -0.114853 -0.106646 -0.232859 -0.098152 0.139919 0.198900 -0.003146 0.137339 -0.138601 -0.110075 0.134982 -0.141044 
0.062577 -0.552273 -0.119309 -0.148205 -0.138149 -0.181048 -0.086690 0.151061 0.173314 0.038378 0.087459 -0.180988 -0.074539 0.184658 -0.208253 
0.004151 -0.614561 -0.152694 0.010092 -0.022608 0.070198 -0.000077 -0.037205 -0.017495 0.030260 0.149780 -0.212955 -0.008241 0.207381 -0.181013 
1.028517 -1.411825 -0.085471 -0.170001 0.111524 -0.015705 -0.219197 -0.142164 0.219610 0.092761 -0.050831 0.074338 -0.101094 0.114766 -0.183709 
0.949144 -1.434850 -0.022412 -0.218711 0.288096 -0.266593 -0.247046 -0.230474 0.391643 0.124590 -0.051460 -0.065544 0.063498 0.070019 -0.099131 
0.622303 -1.028472 0.103978 -0.094512 0.141571 -0.199059 -0.137151 -0.137073 0.167379 0.184299 -0.067193 -0.089517 -0.064802 0.245248 -0.123520 
0.642875 -1.085628 0.178482 0.030814 0.403986 -0.008245 -0.102781 -0.057657 0.132103 -0.068145 0.101176 -0.028057 -0.105779 0.124029 -0.062373 
1.416437 -0.675764 0.550576 0.117003 0.456732 0.123042 -0.259356 -0.107741 -0.009874 0.072194 -0.080716 -0.168976 -0.075831 0.112783 -0.179778 
1.657519 -0.900792 0.833245 -0.149688 0.284726 -0.010342 -0.336569 -0.220254 -0.195013 0.006658 0.013925 -0.341854 -0.028377 0.185202 -0.178666 
1.644948 -1.042056 0.867568 -0.140142 0.265273 0.013226 -0.400127 -0.200478 -0.229710 -0.005147 0.009282 -0.333805 -0.006684 0.132197 -0.147634 
1.738567 -1.063724 0.939703 -0.207449 0.269102 0.031620 -0.368873 -0.195360 -0.296142 0.052244 0.054198 -0.360808 -0.010046 0.136136 -0.168232 
1.687871 -1.015631 0.950624 -0.225311 0.255798 0.049614 -0.338816 -0.230924 -0.254072 0.019230 0.059137 -0.334849 -0.031739 0.138678 -0.165617 
1.670269 -1.028325 0.966969 -0.203870 0.253755 0.035282 -0.356533 -0.218999 -0.246953 0.044416 0.057511 -0.358972 -0.014045 0.147322 -0.151317 
1.726128 -1.069598 1.023827 -0.225922 0.262324 0.021800 -0.358217 -0.210941 -0.244494 0.073795 0.047317 -0.348450 -0.012063 0.156834 -0.152614 
1.660686 -1.041635 0.883620 -0.172469 0.269711 0.027156 -0.378057 -0.201650 -0.254341 0.049211 0.039230 -0.366936 0.009521 0.137760 -0.148629 
1.697975 -1.005255 0.943783 -0.213176 0.221799 0.046807 -0.365627 -0.219401 -0.218304 0.067569 0.047539 -0.338782 0.010729 0.152960 -0.148049 
1.588292 -0.981632 0.885378 -0.169715 0.166741 0.033262 -0.382880 -0.138272 -0.232872 0.023693 -0.010162 -0.297298 0.071388 0.112337 -0.189744 
1.676339 -1.067928 0.997344 -0.191160 0.176253 -0.058099 -0.308818 -0.151215 -0.226968 0.024141 0.003155 -0.290834 0.064087 0.152880 -0.245025 
1.537692 -1.056673 1.016096 -0.133032 0.149617 -0.069867 -0.346914 -0.104669 -0.215304 0.037988 -0.033944 -0.309234 0.112233 0.131568 -0.219194 
1.539148 -1.181193 1.193069 -0.140408 0.148576 -0.109285 -0.321068 -0.108373 -0.214957 0.027335 -0.018044 -0.324949 0.084790 0.181285 -0.243615 
1.374250 -1.140741 1.235035 -0.095807 0.082076 -0.157298 -0.233924 -0.036619 -0.284480 -0.028345 -0.024865 -0.242252 0.051585 0.108886 -0.224764 
1.282151 -1.128396 1.336663 -0.080663 0.084448 -0.257434 -0.191552 0.032482 -0.276583 -0.056196 -0.091477 -0.154283 0.089978 0.009936 -0.203816 
1.079610 -0.998112 1.255001 -0.018845 0.174267 -0.309153 -0.184056 0.037974 -0.252441 -0.039061 -0.192799 -0.105880 0.044191 0.055365 -0.252321 
0.963971 -0.812430 1.139658 0.033740 0.279008 -0.338966 -0.188712 -0.005531 -0.146314 -0.007311 -0.258883 -0.148055 0.113740 0.044950 -0.240083 
0.902684 -0.716119 1.015479 0.122621 0.279281 -0.349085 -0.104423 -0.106210 -0.055455 -0.003902 -0.289639 -0.094370 0.026620 0.133309 -0.292009 
0.760079 -0.665965 0.957464 0.145654 0.284693 -0.394963 0.000449 -0.083373 -0.043472 0.053966 -0.288188 -0.027740 0.022266 0.143113 -0.301098 
0.550166 -0.574483 0.955790 0.151828 0.343976 -0.372144 -0.051077 0.009134 -0.080422 0.022531 -0.281526 -0.031490 0.039522 0.065669 -0.265158 
0.536410 -0.566136 0.859787 0.120109 0.273183 -0.355177 0.003196 -0.037762 0.028098 0.030820 -0.236108 -0.000448 0.099440 0.048522 -0.256700 
0.458739 -0.570767 0.904291 -0.058959 0.266709 -0.343410 -0.087930 0.032267 0.059434 0.003457 -0.244653 0.103005 0.067337 0.059902 -0.249603 
0.613230 -0.631444 0.888464 -0.006574 0.214144 -0.328008 -0.042737 -0.117394 -0.049440 0.061225 -0.176056 -0.080371 0.089670 0.060982 -0.150424 
0.826193 -0.735682 0.929579 0.088781 0.183314 -0.386290 -0.098840 -0.074297 -0.046302 -0.007776 -0.288760 0.056856 0.027016 0.079968 -0.219980 
1.154629 -0.970333 0.873862 0.073585 0.210116 -0.424637 -0.165043 -0.061289 -0.115199 -0.075447 -0.198510 -0.042399 0.085492 0.077126 -0.242079 
1.231340 -1.068964 1.036220 -0.017542 0.163759 -0.408294 -0.171905 -0.086503 -0.111804 -0.040003 -0.212492 -0.056943 0.144018 0.048658 -0.224910 
1.335059 -1.140905 1.146637 -0.057522 0.105623 -0.363138 -0.232392 -0.012739 -0.112874 -0.053452 -0.164973 -0.068428 0.165722 0.073937 -0.277676 
1.383380 -1.172554 1.214640 -0.067210 0.074056 -0.338098 -0.309874 0.039198 -0.126889 -0.053456 -0.165204 -0.086521 0.232067 0.018215 -0.228102 
1.420150 -1.224662 1.301199 -0.081868 0.040938 -0.340355 -0.348248 0.052358 -0.129220 -0.066993 -0.131767 -0.089325 0.234092 0.055830 -0.246946 
1.417224 -1.272587 1.320981 -0.085623 0.041302 -0.355988 -0.332255 0.021292 -0.137596 -0.067065 -0.121426 -0.112152 0.226886 0.081483 -0.253518 
1.453978 -1.290042 1.351467 -0.053392 -0.018925 -0.308384 -0.369132 0.060731 -0.157183 -0.062752 -0.080604 -0.134836 0.228352 0.101633 -0.260747 
1.522263 -1.325030 1.333791 -0.051049 -0.015442 -0.300400 -0.364435 0.036657 -0.130429 -0.099386 -0.047388 -0.166733 0.233798 0.096159 -0.243008 
1.572151 -1.332328 1.386881 -0.041655 -0.006636 -0.319346 -0.354432 0.036907 -0.128269 -0.079660 -0.063894 -0.132587 0.191050 0.162478 -0.309578 
1.515181 -1.339801 1.334347 -0.035782 -0.000268 -0.290346 -0.381684 0.034873 -0.146167 -0.101759 -0.054862 -0.169322 0.178925 0.164458 -0.299240 
1.425986 -1.291557 1.195007 0.006122 -0.022868 -0.248559 -0.405883 0.037534 -0.170696 -0.131394 -0.040862 -0.194820 0.200655 0.101330 -0.238862 
1.476318 -1.337238 1.257926 -0.019301 0.002613 -0.283410 -0.377193 0.026214 -0.188357 -0.109657 -0.046302 -0.202055 0.179055 0.164041 -0.324593 
1.395732 -1.266097 1.140905 0.039327 -0.039725 -0.229159 -0.417865 0.044920 -0.205754 -0.151167 -0.036271 -0.214237 0.204258 0.101570 -0.254438 
1.317290 -1.212963 1.095906 0.045202 -0.004671 -0.271512 -0.355295 0.010516 -0.202736 -0.159847 -0.037071 -0.200190 0.164235 0.134391 -0.301159 
1.366315 -1.231437 1.128405 0.015109 0.034587 -0.294860 -0.344762 0.010403 -0.176701 -0.203575 -0.013097 -0.218415 0.181514 0.106791 -0.274961 
1.291084 -1.159332 1.106039 0.054112 -0.025574 -0.254573 -0.362975 0.055287 -0.225652 -0.175574 -0.024671 -0.205299 0.180098 0.092978 -0.288184 
1.391945 -1.218999 1.128664 0.021009 -0.017083 -0.275496 -0.335645 0.022247 -0.209653 -0.188983 -0.019471 -0.158559 0.112824 0.160831 -0.321784 
1.416083 -1.070878 1.029438 0.037317 -0.045204 -0.279853 -0.308045 0.005623 -0.221859 -0.216092 -0.008985 -0.166480 0.116823 0.152980 -0.307273 
1.220743 -0.972231 1.019986 0.069529 -0.054293 -0.276502 -0.338359 0.052168 -0.277090 -0.226609 0.025401 -0.204862 0.094497 0.199666 -0.348154 
1.086396 -0.653857 1.069052 0.063081 -0.125060 -0.291991 -0.311736 0.078445 -0.335606 -0.186164 0.052130 -0.213795 0.086021 0.229565 -0.369417 
1.016358 -0.511556 0.820481 0.284185 -0.085942 -0.294838 -0.227960 -0.105941 -0.185973 -0.124393 -0.109789 -0.269894 0.211996 0.091517 -0.322036 
0.911219 -0.358052 0.831264 0.116736 -0.001721 -0.271368 -0.251354 -0.050889 -0.256014 -0.041005 -0.081476 -0.239985 0.133346 0.171945 -0.335216 
0.467434 -0.061821 0.693529 0.345419 -0.245518 -0.197585 -0.366874 -0.143199 -0.149368 -0.182845 -0.035152 -0.230999 0.155540 0.237739 -0.294004 
0.071388 -0.313975 0.433319 0.288707 -0.084052 -0.308585 -0.283556 -0.005258 0.008088 -0.190162 0.006278 -0.053192 0.080473 0.189953 -0.278885 
0.018100 -0.347678 0.238062 0.211621 -0.116037 -0.217576 -0.269839 0.207337 0.088029 -0.103702 0.040506 -0.074304 0.112357 0.144992 -0.311816 
