city012_041
RUMOI
59
-0.172117 -0.038930 0.127290 -0.002142 0.005039 0.051824 -0.108138 -0.021862 0.063587 -0.099039 0.072624 0.009985 -0.086427 0.094119 -0.071444 
-0.159189 -0.050388 0.043360 -0.108212 -0.160435 -0.162724 -0.121831 -0.082489 0.175788 -0.103997 0.079656 0.111293 -0.107266 0.115259 -0.083175 
0.289378 -1.515565 0.885234 -0.366906 -0.241462 0.158154 0.049503 0.116082 0.163593 -0.251055 -0.029531 0.074296 -0.009120 0.014635 -0.087395 
0.699716 -0.737786 1.043494 0.062392 0.105482 -0.065011 -0.187043 0.120670 -0.126365 -0.277845 0.080148 -0.060929 -0.069614 -0.059863 -0.096356 
1.121010 -1.018770 1.255396 0.120274 -0.123182 -0.055083 -0.226742 0.011385 -0.243295 -0.349227 0.176288 -0.278030 -0.114563 0.167485 -0.251595 
1.227507 -1.149307 1.419629 0.057437 -0.006999 -0.184867 -0.232398 0.089671 -0.248815 -0.275203 0.099796 -0.251737 -0.022076 0.112517 -0.244841 
1.203627 -1.155592 1.327895 -0.011012 0.123501 -0.243339 -0.189727 0.012396 -0.253373 -0.148782 -0.008138 -0.224408 -0.007453 0.099129 -0.196133 
1.212116 -1.144133 1.310816 -0.022838 0.166529 -0.293752 -0.184171 -0.000423 -0.241515 -0.147859 -0.034827 -0.220710 0.033206 0.051171 -0.168035 
1.289696 -1.200170 1.336511 -0.027549 0.148069 -0.252161 -0.242627 0.036610 -0.306192 -0.101060 -0.088373 -0.194664 -0.000281 0.074888 -0.175483 
1.297230 -1.142247 1.330122 -0.009341 0.118954 -0.267834 -0.247989 0.002061 -0.280668 -0.093851 -0.096829 -0.230547 0.060579 0.071870 -0.182094 
1.272969 -1.057792 1.228036 -0.003114 0.136534 -0.283126 -0.230209 -0.055797 -0.267705 -0.095113 -0.092408 -0.274886 0.097635 0.071262 -0.208372 
1.272907 -0.988765 1.128652 -0.017903 0.150775 -0.242820 -0.239100 -0.146574 -0.230078 -0.086709 -0.075198 -0.317298 0.095816 0.101704 -0.217136 
1.467104 -0.901652 0.990396 -0.064619 0.147958 -0.174993 -0.201767 -0.244456 -0.238044 -0.036129 -0.047726 -0.318894 0.054620 0.136005 -0.205586 
1.673131 -0.823310 0.727174 -0.132348 0.017936 0.056554 -0.106579 -0.334090 -0.348363 -0.112489 0.082515 -0.318704 0.085412 0.060755 -0.255940 
1.839727 -0.845876 0.626616 -0.001654 -0.293713 0.242620 0.011471 -0.329283 -0.356631 -0.151307 -0.039999 -0.241852 0.165888 0.027148 -0.295044 
1.725792 -0.834271 0.795154 0.102199 -0.325173 0.256066 -0.057176 -0.379124 -0.076262 -0.112254 -0.062808 -0.241556 0.118693 -0.008589 -0.231713 
1.450392 -0.802415 1.085312 0.217657 -0.418597 0.216822 -0.206550 -0.324097 -0.012836 -0.142521 -0.091897 -0.227154 0.069048 0.080641 -0.295091 
1.400711 -0.816271 1.137806 0.194426 -0.340407 0.179419 -0.205759 -0.400329 0.058434 -0.126184 -0.106764 -0.262033 0.117910 0.069680 -0.269319 
1.346048 -0.913081 1.078093 0.227204 -0.343218 0.251553 -0.245518 -0.396612 0.039659 -0.110609 -0.127632 -0.261170 0.084096 0.068315 -0.261102 
1.375000 -0.989192 1.112695 0.152461 -0.240428 0.246968 -0.271719 -0.465958 0.104083 -0.104949 -0.148130 -0.277209 0.095404 0.055240 -0.229396 
1.238705 -0.998454 1.064251 0.144876 -0.213841 0.325032 -0.328890 -0.448666 0.062342 -0.100944 -0.138601 -0.266600 0.033148 0.051099 -0.213973 
1.302882 -1.010327 1.135429 0.010239 -0.147812 0.317910 -0.276345 -0.451616 0.022650 -0.076120 -0.114636 -0.243655 0.012291 0.039671 -0.207943 
1.699385 -0.673181 0.933772 -0.426241 -0.466181 0.226823 -0.014829 -0.233377 0.000982 -0.074802 -0.109501 -0.088583 0.134168 -0.005539 -0.094766 
1.952626 -0.639690 0.817336 -0.608228 -0.422280 0.120280 0.142027 -0.095896 -0.014270 0.008959 -0.160281 -0.171690 0.167817 -0.036428 -0.055878 
1.829148 -0.574038 0.721536 -0.698214 -0.314364 0.053716 0.195670 -0.009582 -0.093341 0.031300 -0.152147 -0.180476 0.183431 0.008221 -0.068415 
1.772555 -0.643411 0.590391 -0.732228 -0.206410 0.040329 0.156032 0.131923 -0.102194 0.063935 -0.185995 -0.177659 0.181378 -0.010137 -0.057566 
1.864675 -0.813332 0.554972 -0.817525 -0.054560 -0.048979 0.125320 0.216283 -0.058956 0.067783 -0.158310 -0.241753 0.238252 -0.071466 -0.063443 
1.811233 -0.713396 0.536867 -0.833776 -0.138232 -0.057429 0.058030 0.222854 -0.060882 0.070720 -0.131990 -0.254055 0.227062 -0.046558 -0.101068 
1.810126 -0.612321 0.580913 -0.881581 -0.203149 -0.070510 0.076515 0.127983 -0.085008 0.109840 -0.092984 -0.217375 0.234253 -0.045608 -0.104676 
1.778043 -0.603993 0.570678 -0.871857 -0.216623 -0.091431 0.033645 0.138095 -0.157076 0.160309 -0.099816 -0.183339 0.236290 -0.009436 -0.117763 
1.760948 -0.598735 0.551728 -0.909534 -0.189112 -0.097959 0.070422 0.100827 -0.186913 0.119861 -0.116104 -0.175046 0.293723 -0.002338 -0.069763 
1.818604 -0.717106 0.450384 -0.875248 -0.107559 -0.097709 0.013259 0.156464 -0.165414 0.033629 -0.117018 -0.219997 0.337080 0.049364 -0.112008 
1.834657 -0.772658 0.535499 -0.906809 -0.122827 -0.099958 0.052626 0.181534 -0.120487 -0.023172 -0.114630 -0.241620 0.320255 0.036296 -0.095331 
1.736851 -0.582538 0.637657 -0.932390 -0.286277 -0.056950 0.141136 0.123558 -0.182389 0.063092 -0.108921 -0.277011 0.290116 0.052221 -0.096664 
1.782390 -0.629306 0.607666 -0.929320 -0.241597 -0.018342 0.191480 0.041412 -0.193831 0.035800 -0.085535 -0.234640 0.342587 0.053874 -0.091819 
1.735284 -0.574495 0.424106 -0.866598 -0.179639 0.031294 0.143941 0.032686 -0.266671 0.011920 -0.095399 -0.176524 0.352655 0.136657 -0.146739 
1.804299 -0.634618 0.365571 -0.779324 -0.144923 0.091330 0.096913 -0.055716 -0.288946 -0.003463 -0.006785 -0.141319 0.364584 0.111400 -0.211170 
1.816723 -0.658910 0.330651 -0.742687 -0.082636 0.083329 0.029141 -0.121396 -0.330363 -0.019229 0.078078 -0.133453 0.354759 0.141502 -0.276312 
1.863904 -0.763423 0.255976 -0.619069 0.039894 0.148730 -0.108801 -0.253365 -0.369758 0.042821 0.238004 -0.152122 0.267698 0.062162 -0.335997 
1.807103 -0.866355 0.309246 -0.414938 0.143118 0.040185 -0.225564 -0.293636 -0.314702 0.152562 0.269898 -0.253877 0.123307 0.112793 -0.232013 
1.625877 -0.853650 0.395741 -0.250736 0.182972 -0.031805 -0.404407 -0.195695 -0.177042 0.105293 0.137869 -0.345591 0.149808 0.210205 -0.167367 
1.306591 -1.001580 0.839439 0.002558 -0.104210 -0.146603 -0.047972 -0.128700 -0.418508 -0.122104 0.210445 -0.298690 0.051231 0.131633 -0.190830 
1.000519 -0.801043 1.170453 -0.028460 -0.285856 -0.059832 -0.004857 -0.066286 -0.476730 -0.111191 0.179769 -0.365785 0.007791 0.141751 -0.217138 
0.830827 -0.680029 1.466079 -0.066852 -0.257192 -0.071540 0.036622 -0.279251 -0.267238 -0.057222 -0.063035 -0.248658 0.062801 0.003764 -0.128423 
0.621499 -0.459910 1.429954 -0.204824 -0.253711 0.255048 -0.196418 -0.119732 -0.250663 -0.251498 0.051796 -0.251400 -0.128708 0.057673 -0.093147 
0.555278 -0.393418 1.493178 -0.244891 -0.185541 0.265855 -0.250268 -0.077463 -0.198324 -0.342760 0.111909 -0.261238 -0.189943 0.084921 -0.104086 
0.366659 -0.221332 1.511016 -0.264024 -0.095907 0.215415 -0.263511 0.019343 -0.259727 -0.309576 0.143516 -0.310504 -0.180418 0.099108 -0.137423 
0.459897 -0.100879 1.471626 -0.412155 -0.036518 0.223714 -0.268959 0.055625 -0.233668 -0.343920 0.193322 -0.323119 -0.175771 0.129322 -0.146965 
0.282243 -0.103748 1.410917 -0.292018 0.033007 0.200717 -0.309225 0.113883 -0.284950 -0.327708 0.177812 -0.315304 -0.211539 0.126848 -0.177361 
0.323144 -0.032464 1.389707 -0.322444 0.064937 0.137570 -0.249763 0.106693 -0.291674 -0.337881 0.216766 -0.362668 -0.172577 0.099078 -0.156817 
0.327219 -0.048719 1.343372 -0.270629 -0.001869 0.230066 -0.289997 0.129191 -0.313323 -0.299309 0.186230 -0.338751 -0.199137 0.148808 -0.221854 
0.316586 -0.004326 1.205249 -0.302677 0.109714 0.204354 -0.229029 0.081764 -0.308854 -0.281481 0.172061 -0.347852 -0.153959 0.092936 -0.193150 
0.270523 -0.069723 1.225320 -0.191439 0.007345 0.251958 -0.272111 0.045280 -0.274056 -0.263729 0.124564 -0.314030 -0.170355 0.107287 -0.210487 
0.515373 0.132022 0.856716 -0.093087 0.095193 0.157446 -0.189437 0.040642 -0.331264 -0.196349 0.081237 -0.296458 -0.140303 0.082514 -0.230390 
0.260688 0.206032 1.044112 -0.227424 0.023027 0.173993 -0.169218 0.013111 -0.326600 -0.177420 0.064794 -0.303058 -0.143090 0.134817 -0.239325 
0.283929 0.204675 1.079702 -0.024341 0.070691 0.117789 -0.270658 0.075634 -0.164375 -0.253716 0.065361 -0.252772 -0.086912 0.040851 -0.228702 
0.283528 0.182359 0.597260 0.059539 0.174078 0.097743 -0.307545 -0.077703 -0.180186 -0.309648 0.141789 -0.309571 -0.173589 0.109727 -0.196857 
0.172950 0.137867 0.693271 -0.038451 0.081170 0.165921 -0.157931 0.050116 -0.224759 -0.125167 0.166790 -0.218123 -0.122135 0.168880 -0.203254 
0.363308 0.260141 0.423530 0.128219 0.072254 0.197480 -0.097433 -0.213622 -0.054678 -0.183172 0.078462 -0.151262 -0.187258 0.149336 -0.230920 
