city012_083
MYAKUHAKU
82
0.204783 0.092178 0.336953 0.181971 0.159269 0.129742 -0.046299 -0.033598 0.068493 -0.129717 0.141089 -0.027895 -0.154089 0.198744 -0.184977 
1.049730 -0.265687 0.611957 0.667493 -0.136531 0.008752 -0.105689 -0.083526 -0.081219 -0.125158 -0.007608 -0.219521 -0.090451 0.135179 -0.193673 
1.431701 -0.381178 0.617561 0.656227 -0.141154 -0.055939 -0.052880 -0.225684 -0.141613 -0.112579 0.005289 -0.294933 -0.099947 0.146780 -0.194121 
1.280129 -0.696779 1.020579 0.177759 -0.191133 0.158562 -0.204820 -0.065511 -0.169778 -0.252692 0.036401 -0.179567 -0.179749 0.180587 -0.283234 
1.056398 -0.736792 1.320593 -0.419637 -0.096271 0.223196 -0.283240 -0.113276 -0.178525 -0.248892 0.051565 -0.142873 -0.080788 0.126778 -0.192635 
0.999874 -0.737116 1.171809 -0.489934 -0.089244 0.132921 -0.341596 0.042436 -0.228507 -0.249239 0.114129 -0.054563 -0.041117 0.009351 0.027625 
1.246215 -1.225106 1.291356 -0.552974 0.000474 -0.045816 -0.307837 0.033856 -0.149983 -0.041635 0.103798 -0.002246 -0.035849 0.082110 -0.041097 
1.201845 -1.256510 0.996920 -0.463585 -0.095257 -0.053760 -0.298804 0.110231 -0.063195 0.030239 0.055791 -0.004497 0.093540 -0.057354 -0.010083 
1.326710 -1.561166 0.913730 -0.452114 -0.025283 -0.207901 -0.207482 0.272010 0.096777 0.014585 -0.000930 -0.027369 0.072581 -0.072776 -0.127324 
1.253872 -1.574463 0.536817 -0.420116 0.030364 -0.312715 0.007319 0.155608 0.075286 0.045773 0.043612 -0.179670 0.094090 0.055554 -0.182121 
1.202681 -1.505244 0.258740 -0.416683 0.133400 -0.225672 0.033379 0.145829 0.112215 0.079781 -0.061592 -0.257921 0.080998 0.167588 -0.206054 
1.206600 -1.535068 0.174755 -0.540850 0.308705 -0.275781 0.008587 0.237996 0.118926 0.009949 -0.022220 -0.274710 0.006872 0.168471 -0.070411 
1.186765 -1.503038 0.163846 -0.540880 0.267028 -0.174296 -0.026990 0.265167 0.022216 0.099258 -0.026374 -0.302791 -0.039557 0.228287 -0.027968 
1.243260 -1.532427 0.230600 -0.581642 0.285108 -0.181785 0.009969 0.184182 -0.027443 0.183607 0.008979 -0.321790 -0.037819 0.208589 -0.020067 
1.377947 -1.564226 0.287897 -0.539512 0.313911 -0.282224 -0.012403 0.140566 -0.071866 0.259956 0.019925 -0.295000 0.013028 0.170897 -0.060911 
1.615009 -1.556253 0.316417 -0.350188 0.248386 -0.353379 -0.019742 0.130952 -0.118611 0.367090 -0.076317 -0.210275 0.041250 0.147457 -0.126438 
1.537576 -1.203990 0.235078 -0.286315 0.383418 -0.508924 0.060387 0.019391 -0.152616 0.412087 -0.135990 -0.165345 0.069635 0.143010 -0.049789 
1.265360 -0.708983 0.251068 -0.063026 0.347506 -0.353106 0.021502 -0.069925 -0.075905 0.312752 -0.167927 -0.176412 0.071505 0.234128 -0.176641 
0.845811 -0.215283 0.481386 0.221558 0.062924 -0.203329 -0.125140 -0.060658 -0.035712 -0.018075 0.016932 -0.106063 -0.047150 0.228913 -0.172506 
0.843296 -0.566164 0.235854 0.287030 0.056586 -0.018940 -0.410587 -0.278750 0.145508 -0.099810 -0.045544 -0.090223 -0.079163 0.224884 -0.106345 
0.471073 -0.620239 0.025740 0.050384 -0.023821 0.113125 -0.138695 -0.251828 0.033152 0.139176 0.115951 -0.126099 -0.129148 0.217875 -0.121768 
0.330638 -1.056053 -0.279670 0.017191 -0.028631 0.302273 0.086879 -0.212849 -0.034536 -0.000450 0.168747 -0.146533 -0.023150 0.219854 -0.260789 
0.232818 -0.962821 -0.322063 -0.078828 -0.013703 0.352240 0.145303 -0.133101 -0.148772 -0.107220 0.229457 -0.079598 0.003520 0.186740 -0.236756 
0.049926 -1.180564 -0.316612 0.158583 0.053875 0.117510 0.109269 0.000999 -0.045489 -0.203160 0.107633 -0.003474 0.026356 0.247107 -0.291409 
0.743415 -1.145066 -0.051075 -0.168771 -0.004721 -0.147739 -0.065520 -0.046823 0.038833 0.117962 0.005383 0.073569 -0.043194 0.036757 -0.201881 
0.827276 -1.148173 -0.036913 -0.151014 0.037140 -0.307136 -0.107396 -0.071940 0.120113 0.245103 -0.048078 -0.024359 0.064626 0.010490 -0.151056 
0.654733 -0.850329 0.135247 -0.101318 0.123374 -0.217865 -0.254216 -0.025004 0.263297 -0.014534 -0.048128 -0.071586 0.118461 0.077860 -0.175130 
0.521845 -0.984984 0.210802 0.328473 0.228918 -0.122298 -0.165904 -0.077131 0.183451 0.088917 -0.141809 -0.084584 0.009461 0.227633 -0.197702 
1.370090 -0.930175 0.783217 0.088114 0.164918 -0.103236 -0.277226 -0.107052 -0.152972 -0.026458 -0.092701 -0.246742 0.045241 0.155410 -0.282405 
1.558849 -1.087844 0.934136 -0.048866 0.181004 -0.104993 -0.350403 -0.155119 -0.186646 -0.012791 -0.073853 -0.274520 0.034212 0.193105 -0.250038 
1.632838 -1.029489 0.810547 -0.101813 0.195914 -0.022678 -0.367966 -0.186899 -0.187707 -0.013237 -0.044298 -0.277808 0.042437 0.151052 -0.212007 
1.763459 -1.090415 0.903796 -0.196342 0.233243 -0.060761 -0.352218 -0.166035 -0.197643 0.022970 -0.006313 -0.236715 0.004616 0.178421 -0.206507 
1.748847 -1.034402 0.856651 -0.248270 0.217897 -0.077558 -0.364422 -0.133617 -0.190263 0.043032 0.012831 -0.254110 0.086840 0.133326 -0.164542 
1.680076 -0.910133 0.853763 -0.272349 0.222289 -0.178732 -0.370623 -0.161941 -0.175360 0.116570 -0.014231 -0.223482 0.093230 0.204693 -0.160209 
1.837763 -0.759714 0.574800 -0.255838 0.217457 -0.197091 -0.327653 -0.238218 -0.164969 0.138142 -0.056016 -0.234828 0.152594 0.150684 -0.121767 
1.772367 -0.414875 0.323901 -0.258218 0.231676 -0.200492 -0.198470 -0.230053 -0.152225 0.238472 -0.158614 -0.186218 0.138882 0.114152 -0.140146 
1.633859 -0.372195 0.330154 -0.282217 0.297372 -0.190600 -0.159771 -0.101632 -0.023493 0.252578 -0.137333 -0.216875 0.152369 0.093911 -0.145512 
1.310092 -0.606880 0.235777 -0.224012 0.294800 -0.062934 0.028207 -0.030574 -0.067312 0.262173 -0.144149 -0.123936 0.087846 0.110018 -0.171371 
1.264854 -0.846769 0.128765 -0.252938 0.294628 0.031353 0.212369 -0.137504 0.049108 0.398852 -0.183253 -0.150326 -0.012465 0.133943 0.027477 
1.274817 -0.711203 0.053138 -0.328303 0.355552 -0.030288 0.203417 0.074204 0.172109 0.181030 -0.367099 -0.042312 0.081730 0.151070 -0.050389 
1.345121 -0.935104 0.269097 -0.339691 0.432090 0.019777 0.054593 0.037267 -0.013005 0.186893 -0.226528 -0.159704 0.236970 0.143301 -0.238533 
1.387356 -1.167319 0.171815 -0.427895 0.405753 0.002680 0.153981 -0.013472 -0.076146 0.325851 -0.175189 -0.232397 0.095984 0.197041 -0.135497 
1.390581 -1.117490 0.205995 -0.399627 0.268960 -0.210301 0.378946 0.009600 -0.075386 0.319331 -0.269038 -0.145297 0.086855 0.082384 -0.073323 
1.589772 -1.020963 0.037343 -0.524823 0.217854 -0.028941 0.010947 0.110032 0.022655 0.247738 -0.156150 -0.329173 0.069132 0.207614 -0.121837 
1.800496 -1.461180 0.138073 -0.573984 0.238671 -0.102725 0.104354 0.087621 -0.069731 0.314945 -0.127155 -0.277856 0.056032 0.103905 -0.119741 
1.429515 -1.430921 0.123084 -0.640602 0.134302 -0.045525 0.005891 0.120689 -0.096420 0.344378 -0.058635 -0.276077 0.024747 0.060552 -0.078342 
1.428239 -1.473997 0.253372 -0.788459 0.198794 -0.104507 0.016769 0.036128 -0.030096 0.320601 0.104303 -0.356283 -0.011402 0.061317 -0.106216 
1.414107 -1.414254 0.168910 -0.658132 0.110079 -0.083921 -0.076910 0.043020 -0.038082 0.347828 0.145942 -0.314868 -0.067877 0.132488 -0.187175 
1.626902 -1.508514 0.271540 -0.626663 0.170055 -0.170931 -0.043774 0.010357 -0.046045 0.375860 0.102237 -0.308965 0.009477 0.062386 -0.136842 
1.618605 -1.438484 0.303237 -0.492286 0.188298 -0.191324 -0.030670 0.006248 -0.120760 0.437059 0.012651 -0.236765 0.006198 0.063778 -0.099018 
1.553968 -1.226781 0.301869 -0.371939 0.219096 -0.204582 -0.086942 -0.097815 -0.095876 0.404124 -0.079080 -0.185446 0.115047 0.057314 -0.052269 
1.552361 -0.687869 0.238321 -0.164478 0.230186 -0.309462 -0.072290 -0.235636 -0.060280 0.361717 -0.203366 -0.130222 0.101517 0.183372 -0.130814 
1.239348 -0.199401 0.168637 0.016096 0.272487 -0.139617 -0.119461 -0.199609 -0.061860 0.342765 -0.165872 -0.166494 0.006816 0.204459 -0.112126 
0.693940 -0.093843 -0.026135 0.035583 -0.027243 0.163828 0.029761 -0.027761 0.093770 0.142324 0.134916 -0.152332 -0.090194 0.226790 -0.149838 
0.437909 -0.310193 0.034509 0.049773 0.005220 -0.071055 0.023953 0.012226 0.092885 0.111825 0.081071 -0.214716 -0.040327 0.265589 -0.173865 
0.407882 -0.443214 -0.131835 -0.091498 -0.025968 0.195772 0.190790 0.004528 0.044937 0.015220 -0.004488 -0.172434 0.010117 0.255937 -0.157715 
0.309055 -0.466702 -0.127188 -0.012867 0.014706 0.073670 0.055137 -0.148488 0.107403 0.099676 0.064542 -0.223002 -0.059649 0.310075 -0.226966 
0.877888 -1.110701 -0.123702 -0.176436 0.233849 -0.133751 -0.340082 -0.087383 0.338044 -0.005136 -0.039911 0.062124 -0.071480 0.101524 -0.105789 
1.037616 -1.319144 -0.165629 -0.000276 0.238710 -0.086115 -0.178553 -0.120347 0.199457 0.126075 -0.153066 -0.008773 0.053205 -0.015196 -0.024020 
0.432540 -0.726148 -0.024137 0.026889 0.181835 -0.335684 -0.291920 -0.051322 0.092772 0.158874 -0.086239 -0.015570 0.058935 0.124121 -0.107696 
0.355092 -0.712486 0.355449 0.180584 0.165023 0.046312 -0.193369 -0.058974 0.125475 0.009203 -0.066038 -0.001562 -0.032203 0.112082 -0.158120 
1.234992 -0.583850 0.696858 0.229080 0.072797 -0.081606 -0.318439 -0.069279 -0.056143 -0.067871 -0.103045 -0.208748 0.034942 0.160887 -0.242351 
1.426489 -0.946714 0.910882 -0.069998 0.219046 -0.080050 -0.313387 -0.080255 -0.184043 -0.048349 -0.086865 -0.231023 0.045747 0.104686 -0.264156 
1.492756 -0.957225 0.918089 -0.076573 0.190369 -0.077962 -0.327917 -0.101853 -0.151652 -0.048076 -0.099354 -0.227627 0.066045 0.108882 -0.252882 
1.600853 -1.004385 0.939847 -0.112139 0.174920 -0.085196 -0.354627 -0.111155 -0.139197 -0.048355 -0.066771 -0.241250 0.071214 0.145809 -0.248682 
1.526576 -0.955858 0.840381 -0.093855 0.142507 -0.074622 -0.375449 -0.122817 -0.162441 -0.073361 -0.042189 -0.246027 0.058675 0.180944 -0.253742 
1.615442 -1.024301 0.911053 -0.131786 0.155551 -0.100011 -0.400293 -0.127889 -0.164567 -0.067095 -0.012833 -0.273106 0.057674 0.225948 -0.258486 
1.591518 -1.007647 0.879734 -0.131122 0.141386 -0.080785 -0.408123 -0.154663 -0.174459 -0.056082 -0.014488 -0.267148 0.042618 0.243232 -0.256765 
1.711370 -1.050455 0.887671 -0.144605 0.131437 -0.093844 -0.402728 -0.175232 -0.169983 -0.050010 0.013395 -0.261634 0.029770 0.257588 -0.219175 
1.767586 -1.084271 0.884578 -0.157227 0.168550 -0.131398 -0.414678 -0.163470 -0.187544 -0.037414 0.019508 -0.278124 0.039058 0.280353 -0.238423 
1.648898 -1.003899 0.782882 -0.114977 0.141024 -0.132478 -0.420697 -0.157721 -0.193866 -0.063237 0.033570 -0.301064 0.066930 0.274017 -0.223011 
1.654746 -0.944565 0.742662 -0.090652 0.091407 -0.132309 -0.414371 -0.159759 -0.194275 -0.070317 0.045134 -0.282330 0.043991 0.315260 -0.231847 
1.675468 -0.918419 0.692918 -0.059929 0.078743 -0.135072 -0.434908 -0.152947 -0.188014 -0.061271 0.021736 -0.291352 0.063180 0.326017 -0.239248 
1.613596 -0.698160 0.662867 -0.054744 0.070074 -0.146978 -0.459123 -0.161674 -0.159585 -0.046151 0.045417 -0.339698 0.109176 0.307258 -0.194197 
1.497828 -0.657607 0.810179 -0.127695 0.045436 -0.160333 -0.469297 -0.133351 -0.169203 -0.059245 0.071225 -0.296937 0.092768 0.359253 -0.261481 
1.479838 -0.620358 0.836489 -0.147671 -0.003726 -0.115189 -0.484154 -0.148407 -0.147821 -0.113485 0.095308 -0.264448 0.064488 0.362603 -0.254833 
1.292734 -0.542510 0.669722 0.018543 0.012065 -0.173993 -0.463208 -0.158733 -0.209709 -0.064710 0.082906 -0.314082 0.051001 0.385956 -0.217228 
1.214361 -0.541878 0.698627 -0.078646 0.092464 -0.237150 -0.452368 -0.068480 -0.251045 -0.076682 0.158487 -0.391122 0.131431 0.355750 -0.259641 
0.627594 -0.131182 0.525759 0.094671 0.072423 -0.296245 -0.465291 -0.120249 -0.244659 -0.042907 0.117677 -0.379048 0.086817 0.464817 -0.242520 
0.843347 0.033250 0.363329 0.101849 -0.078534 -0.218648 -0.205064 -0.139327 -0.135124 -0.119413 0.137791 -0.190245 0.057780 0.209447 -0.175758 
0.578630 -0.298663 0.442906 0.191986 -0.098969 -0.216678 -0.348577 -0.250464 -0.115490 0.043168 -0.049851 -0.168213 0.063048 0.304244 -0.097677 
0.176284 -0.150253 0.458982 -0.000714 -0.053446 -0.288049 -0.367051 -0.153521 -0.245970 -0.064857 0.162287 -0.186318 0.038288 0.368485 -0.140738 
