city012_078
NYUUZEN
86
0.625380 0.382384 0.289694 0.287171 0.137529 0.085463 -0.179701 -0.075349 0.092313 -0.285520 0.151861 -0.153915 -0.129189 0.146429 -0.166045 
0.550841 0.542607 0.530638 0.347757 0.139292 0.052705 -0.251323 -0.007552 0.062310 -0.151773 0.011774 -0.124254 -0.055996 0.173068 -0.213131 
0.640091 0.467740 0.382202 0.167528 -0.022384 -0.094474 -0.229614 0.075589 0.051065 -0.105563 0.152769 0.006698 -0.029452 0.209856 -0.170780 
0.494404 0.312283 0.257427 0.158976 0.161169 -0.108832 -0.298556 -0.049715 0.161865 -0.125970 0.013415 -0.074119 -0.002791 0.196343 -0.185615 
1.030814 0.328700 0.231866 0.085579 0.022375 0.147517 -0.239899 -0.092500 0.073374 -0.080742 0.062640 0.004302 -0.148485 0.233905 -0.195343 
0.695701 0.432114 0.409836 0.389537 0.131733 -0.046268 -0.122756 -0.133699 0.056100 -0.099474 0.026441 -0.138824 -0.089144 0.213986 -0.159710 
0.580713 0.365122 0.425506 0.308953 0.053744 0.015147 -0.333132 -0.033852 0.128793 -0.071844 0.022931 -0.094300 0.002798 0.268638 -0.216823 
0.760584 0.339160 0.557196 0.377580 0.125325 0.056368 -0.165151 -0.015894 -0.015264 -0.130385 0.007972 -0.111168 -0.173261 0.210102 -0.222515 
1.402292 -0.228004 0.802571 0.593542 -0.050909 -0.140760 -0.164394 -0.027197 -0.066068 -0.172284 -0.024024 -0.100435 -0.080422 0.166583 -0.172748 
1.445834 -0.454715 0.804162 0.576715 -0.071014 -0.159221 -0.171890 -0.062980 -0.107634 -0.171326 -0.066798 -0.153322 -0.100296 0.140633 -0.164306 
1.587632 -0.738604 0.888626 0.445726 -0.053651 -0.082672 -0.195034 -0.091564 -0.061771 -0.276964 0.023100 -0.237421 -0.113695 0.122778 -0.151648 
1.494331 -0.719214 0.935092 0.405041 -0.053853 -0.062902 -0.229694 -0.050750 -0.115402 -0.219820 -0.048385 -0.168947 -0.170867 0.181303 -0.214243 
1.475967 -0.771991 0.977358 0.366243 -0.092296 -0.056314 -0.221476 -0.007333 -0.147570 -0.276225 0.003648 -0.187792 -0.149687 0.150583 -0.211673 
1.173617 -0.692693 1.252595 -0.036149 0.108785 -0.117776 -0.162837 -0.090345 -0.132896 -0.263220 -0.047339 -0.080303 -0.207030 0.074676 -0.081887 
0.990177 -0.547819 1.565783 -0.495824 0.328405 0.086682 -0.511512 -0.085599 -0.030632 -0.162384 -0.181899 -0.090375 -0.084246 0.073734 -0.095691 
0.940407 -0.527045 1.654251 -0.677615 0.398415 0.155366 -0.603029 -0.029578 -0.075608 -0.180863 -0.135814 -0.147779 -0.040912 0.007339 -0.039239 
0.890674 -0.600018 1.631470 -0.630617 0.248078 0.256852 -0.600176 -0.036279 -0.100968 -0.227868 -0.067756 -0.166392 -0.093091 0.079357 -0.144396 
0.952318 -0.703978 1.747629 -0.647908 0.081644 0.203218 -0.429071 -0.038038 -0.174235 -0.254014 0.018484 -0.187543 -0.075797 0.057321 -0.103968 
0.995300 -0.847282 1.777021 -0.567971 -0.054514 0.219262 -0.397759 -0.098617 -0.195736 -0.186954 -0.002169 -0.191551 -0.059623 0.129121 -0.193936 
1.062658 -0.960824 1.785775 -0.515844 -0.126222 0.170355 -0.302729 -0.136313 -0.216976 -0.160167 0.020894 -0.235504 0.018943 0.081260 -0.153903 
0.842003 -0.868581 1.545719 -0.381501 -0.225607 0.169033 -0.215890 -0.160783 -0.319483 -0.070913 0.010807 -0.255221 0.046628 0.078279 -0.122771 
0.979430 -0.981495 1.537687 -0.359205 -0.176938 -0.004741 -0.081764 -0.187689 -0.343115 -0.029036 0.054983 -0.281454 0.055024 0.130177 -0.145312 
0.925840 -0.971027 1.479836 -0.138229 -0.265900 -0.065848 -0.102119 -0.131856 -0.354871 -0.077093 0.122827 -0.337669 0.075359 0.139912 -0.145329 
0.980837 -1.059602 1.487505 -0.080485 -0.146191 -0.310771 -0.010026 -0.085166 -0.357801 -0.075542 0.077943 -0.220021 0.018366 0.144489 -0.149739 
1.082489 -1.204641 1.389776 -0.092172 0.009975 -0.402317 0.007578 -0.073273 -0.384600 -0.089601 0.077997 -0.232892 0.019587 0.093881 -0.117913 
1.082523 -1.138892 1.327670 -0.050120 0.048649 -0.428487 -0.066788 -0.044982 -0.316559 -0.136499 0.050407 -0.242120 0.104596 0.061222 -0.153211 
1.205442 -1.120054 1.369550 -0.017915 0.011828 -0.401304 -0.147384 0.021482 -0.323002 -0.107701 -0.031512 -0.173250 0.098956 0.100696 -0.240938 
1.434422 -1.250875 1.386993 -0.041310 0.042546 -0.371756 -0.217760 0.055421 -0.327676 -0.145555 -0.002053 -0.217702 0.109093 0.122535 -0.290396 
1.460832 -1.106440 1.165056 -0.014784 -0.002468 -0.240631 -0.265332 0.029822 -0.318498 -0.149756 0.020537 -0.255255 0.110775 0.122972 -0.300133 
1.601772 -1.143802 1.147485 -0.111027 0.069167 -0.225236 -0.228045 -0.029115 -0.329528 -0.097575 0.001985 -0.279281 0.148959 0.060898 -0.261371 
1.565143 -0.964436 0.963779 -0.159377 0.035676 -0.164674 -0.133751 -0.041489 -0.418786 -0.085982 -0.002875 -0.255555 0.144062 0.025809 -0.256770 
1.557651 -0.907870 0.947488 -0.256183 0.077210 -0.163933 -0.034763 -0.086971 -0.468147 -0.060920 -0.010226 -0.250064 0.136366 0.029828 -0.267935 
1.560221 -0.820302 0.827270 -0.287812 0.100598 -0.114901 -0.007666 -0.107559 -0.510085 -0.055597 -0.011523 -0.266651 0.178392 0.010995 -0.258021 
1.673720 -0.856993 0.792313 -0.295540 0.120659 -0.071377 -0.021545 -0.123862 -0.536744 -0.034161 -0.012197 -0.241151 0.151803 0.039477 -0.311368 
1.729936 -0.882300 0.857589 -0.346456 0.109435 -0.032580 0.006040 -0.185055 -0.504180 -0.033055 0.007836 -0.251340 0.150336 0.022835 -0.285481 
1.830196 -0.924957 0.930565 -0.353406 0.080716 0.002588 -0.002292 -0.186904 -0.537949 0.048460 -0.002740 -0.227659 0.125148 0.026489 -0.301206 
1.764289 -0.885466 0.873861 -0.357476 0.112315 -0.002023 0.018223 -0.179389 -0.530554 0.014815 -0.015948 -0.218826 0.138586 0.014755 -0.309426 
1.729063 -0.871873 0.860962 -0.365577 0.124446 0.043947 -0.007361 -0.178542 -0.530344 -0.010935 0.002329 -0.243042 0.151115 0.001258 -0.329562 
1.658713 -0.770012 0.795723 -0.330016 0.060940 0.131147 -0.002741 -0.213920 -0.505419 -0.025290 -0.026597 -0.218956 0.163676 -0.037914 -0.295738 
1.737506 -0.819449 0.857855 -0.381364 0.092609 0.101714 0.052642 -0.226417 -0.507379 -0.036629 -0.020327 -0.222098 0.156632 -0.014032 -0.335365 
1.659554 -0.742936 0.742193 -0.267260 0.049770 0.093678 0.040447 -0.151639 -0.518096 -0.056515 -0.044145 -0.227496 0.148400 0.012664 -0.328067 
1.715717 -0.810550 0.831536 -0.279124 0.084452 0.027656 0.022415 -0.144406 -0.444935 -0.040558 -0.007059 -0.259757 0.149605 -0.000925 -0.288384 
1.641568 -0.763312 0.771129 -0.259008 0.140972 -0.002436 -0.022081 -0.126566 -0.458770 0.014087 -0.018828 -0.240102 0.117319 0.019954 -0.291799 
1.631864 -0.785742 0.870436 -0.252129 0.106496 -0.024524 0.014879 -0.078950 -0.437894 -0.024840 -0.037712 -0.254438 0.136123 -0.001182 -0.292674 
1.544612 -0.621861 0.884603 -0.135635 0.015457 -0.124849 -0.021571 0.084301 -0.359786 -0.061176 -0.060862 -0.253938 0.116302 0.005218 -0.272484 
1.474153 -0.612233 0.904712 -0.052722 0.126217 -0.196149 -0.056011 0.088128 -0.295178 -0.054691 -0.113512 -0.219149 0.137564 -0.025348 -0.332562 
1.433576 -0.458040 0.851007 0.105543 0.217942 -0.265049 -0.109497 0.068474 -0.214934 -0.034458 -0.167888 -0.280862 0.168032 0.025112 -0.411891 
1.160529 -0.259254 0.745118 0.322468 0.160252 -0.178787 -0.161690 -0.056034 -0.138668 0.052163 -0.295050 -0.231454 0.118002 0.052827 -0.377447 
1.124559 -0.224900 0.703113 0.294425 0.091956 -0.187502 -0.115582 -0.140591 -0.160542 0.031886 -0.221437 -0.219923 0.068628 0.064964 -0.263885 
0.815995 -0.003089 0.678102 0.396779 0.118763 -0.274486 -0.062380 -0.182209 -0.099409 0.000566 -0.254479 -0.186175 0.072390 0.045978 -0.225440 
0.738085 -0.057245 0.597450 0.308854 0.047153 -0.304014 -0.058014 -0.292034 -0.057379 -0.070861 -0.287992 -0.028172 -0.034360 0.063627 -0.148377 
0.791636 -0.533372 0.383722 0.100230 0.095735 -0.128594 -0.010049 -0.400463 -0.087514 -0.030377 -0.045599 -0.001465 -0.088372 0.006373 -0.003411 
0.553690 -0.363055 0.557386 0.148784 0.001408 -0.339969 -0.093246 -0.132795 -0.073926 -0.023950 -0.150813 0.056506 0.007201 0.058401 -0.062322 
0.465422 -0.499545 0.620261 0.061277 0.178343 -0.186200 -0.083214 -0.119183 0.067066 -0.072701 -0.160332 0.072282 0.010924 -0.049964 -0.015349 
0.568104 -0.476350 0.834139 0.092717 0.132052 -0.273169 -0.090787 -0.035857 -0.012532 -0.144351 -0.153428 0.146364 -0.148014 0.073378 -0.057852 
1.008452 -0.295081 0.889641 0.130019 0.024011 -0.404252 -0.076861 -0.031168 -0.112110 -0.013149 -0.193098 0.055288 0.075332 0.067022 -0.192607 
1.488356 -0.524604 0.598721 0.003868 -0.050888 -0.471403 -0.002077 -0.028657 -0.219661 -0.118866 -0.143409 -0.023843 0.129898 -0.020756 -0.084800 
1.601416 -0.883464 0.675934 0.041471 -0.133934 -0.591128 0.037341 -0.095315 -0.207845 0.041365 -0.128417 0.130311 0.125917 0.044064 -0.126479 
1.584777 -1.029254 0.681560 -0.054764 -0.234164 -0.531136 0.085675 -0.071671 -0.159832 0.098076 -0.054236 0.117460 0.137257 -0.029694 -0.045067 
1.659010 -1.209357 0.754607 -0.141659 -0.282077 -0.538200 0.036422 -0.024523 -0.141105 0.098128 0.045011 0.098273 0.165177 -0.024910 -0.079692 
1.497974 -1.059826 0.572697 -0.049204 -0.282284 -0.442405 0.113253 -0.035027 -0.167093 0.132572 -0.059002 0.092891 0.109669 0.000287 -0.122338 
1.578694 -1.140069 0.614269 -0.113541 -0.205674 -0.399200 0.141708 -0.020561 -0.154900 0.143504 -0.055972 0.036867 0.114964 -0.035049 -0.091066 
1.575857 -1.117920 0.554013 -0.063900 -0.182971 -0.452614 0.238155 -0.021774 -0.153705 0.182615 -0.095183 0.060407 0.065355 -0.008522 -0.121829 
1.500561 -1.003932 0.446216 0.000482 -0.198356 -0.406811 0.232751 -0.060311 -0.134235 0.158262 -0.146304 0.093141 0.056265 0.013118 -0.124991 
1.577425 -1.062487 0.457878 0.048980 -0.153582 -0.414596 0.283681 -0.112947 -0.117121 0.192624 -0.130502 0.016693 0.103456 -0.028627 -0.081310 
1.585313 -0.987520 0.335993 0.117573 -0.131291 -0.396306 0.234900 -0.110205 -0.095953 0.229014 -0.164703 0.012404 0.104907 0.002035 -0.121841 
1.708122 -1.007010 0.339005 0.153116 -0.161337 -0.307257 0.162894 -0.107650 -0.080851 0.216474 -0.176069 -0.011019 0.094954 0.074991 -0.186230 
1.705391 -1.046010 0.322358 0.249091 -0.034162 -0.388179 0.146144 -0.142673 -0.096417 0.214780 -0.163277 -0.029061 0.119927 0.021092 -0.117837 
1.643471 -0.864037 0.308077 0.310010 -0.141926 -0.302774 0.138121 -0.151496 -0.120554 0.227976 -0.127909 -0.068406 0.117580 0.036994 -0.138173 
1.591640 -0.787878 0.345692 0.377006 -0.116096 -0.188818 0.059416 -0.144046 -0.093712 0.132073 -0.067471 -0.095733 0.064217 0.090863 -0.198522 
1.599723 -0.741934 0.388511 0.577828 -0.195809 -0.135017 0.113130 -0.373454 0.037446 0.069786 -0.171497 -0.099066 0.044093 0.068537 -0.131385 
1.288524 -0.771060 0.629936 0.661715 -0.056702 -0.077917 0.065148 -0.330352 0.015780 0.038947 -0.244090 -0.116814 -0.099777 0.128293 -0.207841 
1.076036 -0.629276 0.789974 0.642366 -0.137005 -0.086255 0.002854 -0.289128 -0.005793 0.032797 -0.293645 -0.178197 0.028283 0.074718 -0.239731 
1.197920 -0.625654 0.811214 0.584301 -0.091141 -0.046577 -0.094707 -0.216817 -0.027188 0.006819 -0.303968 -0.173985 0.012051 0.082996 -0.305584 
1.092168 -0.360317 0.717717 0.718064 -0.184212 -0.024549 -0.037451 -0.271211 0.008527 -0.053192 -0.193867 -0.230766 0.004921 0.102717 -0.258418 
0.871096 -0.062841 0.698353 0.532715 -0.084894 -0.028827 0.009480 -0.302272 -0.022679 -0.033859 -0.235939 -0.192054 0.005161 -0.010164 -0.191986 
0.955087 -0.035972 0.774493 0.443076 -0.103366 0.034894 -0.097866 -0.249154 -0.000269 -0.119991 -0.127598 -0.211289 -0.023269 0.103146 -0.287795 
0.778876 -0.270798 0.833850 0.570851 -0.177346 -0.039468 0.028684 -0.183982 -0.074484 -0.149006 -0.082597 -0.190432 -0.095847 0.104464 -0.268041 
0.697402 -0.214075 0.681327 0.515338 -0.044834 -0.017289 -0.087916 -0.226172 0.027871 -0.136486 -0.133564 -0.212009 -0.057848 0.134330 -0.295783 
0.519505 -0.225891 0.807045 0.500997 -0.022842 -0.006998 -0.000440 -0.218756 0.018960 -0.078538 -0.204718 -0.136888 -0.075607 0.065896 -0.265505 
0.564444 -0.289602 0.638181 0.544399 -0.020547 -0.003852 -0.093346 -0.289829 0.147895 -0.131860 -0.147123 -0.235496 0.018076 0.093706 -0.242739 
0.483880 0.098842 0.610223 0.456102 0.147653 0.065891 -0.185450 -0.230505 0.167919 -0.137850 -0.188655 -0.204640 -0.095344 0.166327 -0.315455 
0.401796 -0.054954 0.490728 0.470115 -0.041123 -0.089751 -0.082975 -0.109615 0.049594 -0.097467 -0.044882 -0.179354 0.045151 0.173883 -0.337988 
0.261124 0.198953 0.592469 0.451013 -0.017140 0.224481 -0.029292 -0.047031 0.060134 -0.035117 0.047848 -0.138503 -0.030591 0.145393 -0.215901 
0.269868 0.153243 0.485105 0.262477 0.043136 0.090293 0.005639 -0.012675 0.026382 0.068478 0.087270 -0.116273 -0.032132 0.263333 -0.228355 
0.162758 0.066799 0.587575 0.368658 0.041828 0.022433 -0.002969 0.018006 0.066489 0.062619 0.009855 -0.124711 0.072443 0.208720 -0.299936 
