city012_002
IKEBUKURO
94
-0.362623 -0.140923 0.072733 -0.023962 -0.085618 -0.071766 0.005293 -0.014628 0.021487 -0.142152 0.147956 0.013411 -0.066502 -0.032865 0.079513 
-0.314179 -0.074718 0.057467 -0.147645 -0.075769 0.062081 -0.098149 0.106135 0.085349 -0.219004 0.171194 -0.043902 -0.032011 0.009036 0.008125 
0.153865 0.130400 1.007350 -0.033906 -0.000664 0.170211 -0.089470 0.012348 -0.147881 -0.172365 0.146747 -0.242555 -0.067818 0.032814 -0.052191 
0.232482 0.154910 1.373736 -0.295224 -0.023822 0.120416 -0.220198 0.062479 -0.270309 -0.284219 0.192615 -0.346506 -0.112360 0.071349 -0.079122 
0.229125 -0.221945 1.348203 -0.396167 0.070202 0.224320 -0.245257 0.000399 -0.215871 -0.226610 0.138971 -0.297399 -0.055413 0.025519 -0.100325 
0.266115 -0.052906 1.399611 -0.361291 -0.053652 0.271324 -0.229605 0.040650 -0.224813 -0.202794 0.153412 -0.327376 -0.062667 0.099399 -0.178848 
0.314650 0.102539 1.225489 -0.463843 0.144125 0.247703 -0.155393 0.009230 -0.188361 -0.190380 0.137040 -0.330533 -0.018036 0.084544 -0.243842 
0.044503 0.314598 0.842768 -0.099148 0.356488 0.121399 -0.180322 0.063665 -0.031101 -0.206572 0.105353 -0.174999 -0.086993 0.032988 -0.132470 
-0.003548 0.219558 0.537703 0.155477 0.100543 0.142487 -0.013402 0.000518 0.044447 -0.103141 0.136932 -0.087872 -0.054696 0.111987 -0.135350 
-0.117269 -0.237061 0.230995 0.213297 -0.084126 0.024062 -0.134957 0.069234 0.162818 -0.163935 0.084297 -0.104718 0.112717 0.017612 -0.168041 
-0.330559 -0.299643 0.030988 0.020359 -0.040563 -0.179777 -0.163284 -0.177755 0.104402 -0.028209 0.181880 -0.072398 -0.031342 0.046937 0.111295 
-0.189714 -0.152378 -0.045809 -0.132804 -0.170480 -0.023794 -0.158490 -0.168668 0.044889 -0.011353 0.221458 -0.003060 -0.070341 0.051240 0.042558 
-0.389374 -0.304651 -0.064015 -0.014452 0.060857 -0.064443 -0.148014 -0.213026 0.093952 0.043458 0.136949 -0.059627 -0.127400 0.112241 0.043939 
-0.372110 -0.376231 -0.010950 -0.080163 0.138481 0.185671 -0.102564 -0.135916 0.073356 -0.040305 0.113416 -0.055825 -0.032609 0.021955 -0.061288 
-0.276807 -0.762430 0.369935 -0.657455 0.071811 0.082889 -0.199556 0.031733 0.111991 -0.000636 0.131042 -0.121438 -0.022797 0.047447 -0.090858 
0.079313 -0.884446 0.667138 -1.163105 0.195503 0.091033 -0.080912 -0.070877 0.126018 -0.007056 0.095778 0.036121 -0.100022 -0.004116 -0.026495 
0.114570 -0.468068 0.926377 -0.678920 0.269101 -0.000739 -0.371317 -0.106777 0.030650 -0.107017 0.081156 -0.011852 -0.048939 0.095655 0.016059 
0.767084 -0.777896 1.485648 -0.394767 -0.034228 0.012754 -0.201238 -0.098181 -0.212017 -0.198534 0.102350 -0.192249 -0.042094 0.037875 0.007932 
1.031849 -1.030804 1.580172 -0.431881 -0.039226 -0.025683 -0.259930 -0.072323 -0.246123 -0.159111 0.076838 -0.143896 -0.038502 0.028907 0.074373 
1.181821 -1.079065 1.483215 -0.414045 -0.160854 -0.063147 -0.237363 -0.093586 -0.227294 -0.143119 0.137691 -0.125590 0.027811 0.025240 0.097047 
1.189825 -1.074401 1.369512 -0.378733 -0.287567 -0.060564 -0.253368 -0.105280 -0.223533 -0.101154 0.148297 -0.077672 0.050080 0.071519 0.071711 
1.178871 -1.231267 1.459702 -0.411270 -0.263449 -0.152566 -0.288866 -0.074565 -0.187794 -0.053741 0.127053 -0.030506 0.102095 0.063801 0.054699 
1.149713 -1.278401 1.313362 -0.439194 -0.253777 -0.179487 -0.290442 -0.061189 -0.225496 -0.041832 0.158235 0.003211 0.118452 0.015621 0.118313 
1.156025 -1.276730 1.238444 -0.463044 -0.241937 -0.197075 -0.278348 -0.062950 -0.248351 0.015793 0.158289 0.028228 0.104420 0.038635 0.115002 
1.120221 -1.267799 1.164293 -0.494522 -0.244292 -0.200380 -0.234027 -0.122971 -0.251392 0.031248 0.162975 0.052506 0.112606 0.039529 0.125107 
1.064533 -1.272930 1.127939 -0.519245 -0.207390 -0.194661 -0.255277 -0.121811 -0.259691 0.064395 0.130445 0.097290 0.092444 0.047425 0.111891 
1.135553 -1.339418 1.162626 -0.543409 -0.150717 -0.270726 -0.205009 -0.144545 -0.247004 0.051229 0.133711 0.073157 0.141094 0.011314 0.110601 
1.062259 -1.299798 1.160798 -0.442841 -0.174471 -0.305429 -0.220854 -0.088885 -0.270999 0.062941 0.094950 0.046728 0.181629 -0.006236 0.069433 
1.252105 -1.287382 1.226465 -0.326697 -0.158452 -0.443444 -0.155117 -0.050324 -0.186785 -0.065828 0.113050 0.016639 0.216896 -0.031458 -0.031857 
1.488887 -1.418808 1.294585 -0.120579 -0.166521 -0.418853 -0.231730 0.073718 -0.202297 -0.099194 0.137628 -0.101628 0.268805 -0.021768 -0.133869 
1.500816 -1.358161 1.178541 -0.018594 -0.047314 -0.326520 -0.309708 0.082881 -0.167954 -0.108006 0.078041 -0.227149 0.280883 0.051809 -0.258589 
1.590924 -1.229482 0.963094 0.000400 0.033076 -0.192911 -0.378702 0.017453 -0.067694 -0.108595 0.034873 -0.314078 0.281891 0.120801 -0.311339 
1.478757 -1.047649 0.847699 0.026499 0.085239 -0.157981 -0.424046 -0.011012 -0.095749 -0.127209 0.049183 -0.390932 0.243258 0.189767 -0.319972 
1.597382 -0.897531 0.764818 -0.017773 0.067233 -0.115089 -0.381909 -0.010340 -0.097865 -0.153065 0.110836 -0.396300 0.189124 0.217737 -0.310747 
1.629029 -0.705374 0.742259 -0.032305 0.011448 -0.017863 -0.269323 0.081063 -0.148535 -0.179662 0.102703 -0.355854 0.149288 0.134717 -0.320854 
1.619127 -0.458873 0.743959 -0.034398 0.175094 -0.044874 -0.088955 0.109279 -0.237977 -0.095098 0.016306 -0.415260 0.188396 0.013896 -0.333851 
1.775134 -0.208081 0.700286 -0.244463 0.181426 0.032108 -0.023213 -0.040819 -0.315400 -0.000292 0.068385 -0.437630 0.156376 0.030218 -0.285586 
1.839845 -0.417238 0.624615 -0.153745 0.174861 0.202948 -0.212339 -0.213085 -0.242890 -0.008115 0.175201 -0.423668 0.048860 0.072611 -0.241795 
1.915933 -0.373459 0.537097 -0.214475 0.283420 0.119967 -0.097626 -0.182866 -0.217055 0.083762 0.098254 -0.398861 0.128629 0.003008 -0.210323 
1.778441 -0.405819 0.661727 -0.390213 0.162802 0.097298 -0.155314 -0.268301 -0.254838 0.021695 0.126627 -0.279643 0.139012 -0.006555 -0.181112 
1.725764 -0.768762 0.574699 -0.347056 0.067508 0.163544 -0.167901 -0.162801 -0.222823 0.004032 0.184542 -0.288680 0.135239 0.074930 -0.227971 
1.777296 -0.808725 0.663333 -0.320769 0.121895 0.133039 -0.197640 -0.280986 -0.310770 0.005349 0.145141 -0.298909 0.134744 0.009700 -0.217386 
1.673622 -0.794660 0.659486 -0.386248 0.104025 0.069916 -0.156882 -0.272529 -0.366647 0.045625 0.145609 -0.253009 0.165924 -0.005428 -0.192272 
1.612630 -0.643405 0.559225 -0.228926 0.153356 0.124925 -0.089107 -0.310256 -0.378112 0.022292 0.114690 -0.273123 0.081831 -0.034338 -0.190748 
1.461848 -0.428542 0.358727 -0.047476 0.080810 0.181278 -0.053110 -0.325540 -0.384353 0.019157 0.037567 -0.225584 0.048443 -0.057791 -0.176572 
1.129627 -0.157920 0.291454 0.219040 0.114653 0.151912 0.088783 -0.243130 -0.235011 -0.017439 0.084095 -0.206936 -0.003241 -0.091404 -0.091763 
0.514989 0.011540 0.524315 0.439040 0.019758 0.127005 0.006942 -0.095221 -0.029364 -0.202751 0.039928 -0.092748 -0.106113 -0.136863 0.011562 
0.161573 -0.269947 0.275360 0.207980 -0.133050 -0.036739 -0.054174 0.001075 0.053863 -0.054020 0.070584 -0.091248 0.043234 0.039182 -0.074687 
-0.033805 -0.579097 -0.058825 0.078619 -0.228354 0.035748 0.054348 0.098203 0.089419 -0.191091 0.037796 0.012783 0.024902 -0.047998 -0.026705 
-0.059952 -0.585076 0.034107 0.118848 -0.179843 0.024565 -0.029999 -0.059675 0.177173 -0.007456 -0.044323 -0.081101 0.059045 0.053067 -0.087183 
0.097377 -0.552249 0.023325 0.057265 -0.339364 -0.101697 -0.141640 -0.165545 0.143764 0.059674 0.120474 -0.025929 0.035794 0.049987 -0.089803 
0.912157 -1.128165 -0.377151 -0.073539 0.093548 -0.057646 -0.021429 -0.242698 0.186393 0.150998 0.074523 -0.194574 -0.050749 0.157430 -0.064254 
1.159960 -1.240567 -0.194547 -0.015280 0.139388 -0.293774 0.010340 -0.101175 0.126419 0.150427 0.022026 -0.148689 -0.029915 0.127811 -0.024112 
1.039525 -1.151410 -0.059468 -0.152410 0.182253 -0.249664 -0.023412 -0.078637 0.142436 0.112702 0.044842 -0.178820 0.035654 0.009567 0.054282 
-0.035402 -1.208285 0.193198 -0.028212 0.183993 -0.321139 -0.015579 0.009753 0.144924 0.030496 -0.070262 -0.069658 0.042236 0.069899 -0.054792 
0.359838 -1.153071 0.385319 0.290465 0.295416 -0.159426 -0.081316 -0.056529 0.183255 -0.006775 -0.035539 -0.044092 -0.039261 0.131143 -0.016904 
1.163787 -0.765435 0.671342 0.183011 0.162643 -0.139509 -0.225596 -0.210454 -0.096115 0.024131 -0.019609 -0.398793 0.117425 0.150153 -0.168816 
1.238774 -0.873589 0.842423 0.027986 0.132575 -0.044915 -0.224950 -0.178344 -0.274025 -0.023237 0.061684 -0.401140 0.081190 0.061059 -0.162961 
1.354515 -0.949235 0.944852 0.012987 0.166484 -0.063864 -0.241047 -0.128580 -0.196529 -0.022667 0.046799 -0.413845 0.113942 0.091584 -0.199295 
1.300562 -0.858828 0.843278 0.041331 0.132068 -0.017376 -0.292200 -0.097668 -0.213136 -0.025387 0.067171 -0.415329 0.101263 0.113126 -0.178575 
1.388732 -0.974491 0.860071 0.005234 0.177885 -0.023385 -0.355098 -0.131483 -0.213646 -0.001254 0.073994 -0.452179 0.094108 0.149827 -0.155739 
1.333163 -0.895093 0.837781 -0.005473 0.163861 -0.032148 -0.360980 -0.163619 -0.228218 -0.007881 0.070912 -0.459109 0.093656 0.156752 -0.155497 
1.354061 -0.931463 0.853420 -0.024990 0.175975 -0.058853 -0.368418 -0.169695 -0.202340 -0.019092 0.058451 -0.448561 0.109661 0.165738 -0.180810 
1.438844 -1.063177 0.932484 -0.052511 0.166400 -0.097678 -0.398294 -0.135529 -0.191909 0.002923 0.043928 -0.427877 0.142536 0.181157 -0.197864 
1.433136 -1.080664 0.891289 -0.065502 0.152680 -0.141822 -0.396410 -0.104142 -0.159082 0.011138 0.022939 -0.379188 0.192587 0.160079 -0.207245 
1.421883 -1.100978 0.920516 -0.115859 0.110306 -0.147953 -0.373950 -0.113751 -0.111310 -0.002284 0.023076 -0.332026 0.225056 0.132507 -0.224902 
1.366889 -1.127764 0.967801 -0.135514 0.114759 -0.205833 -0.377017 -0.091239 -0.112948 -0.022077 0.028110 -0.326639 0.268459 0.096770 -0.195215 
1.308392 -1.189075 1.004023 -0.063780 0.156713 -0.313346 -0.408082 0.084514 -0.153070 -0.102920 0.075825 -0.254365 0.177267 0.117720 -0.152774 
1.179288 -1.126832 0.522369 0.360650 0.270051 -0.380483 -0.471162 0.120596 -0.186536 -0.222663 0.116633 -0.347341 0.092163 0.177834 -0.209338 
1.236548 -1.164680 0.660222 0.108404 0.272683 -0.424977 -0.385156 0.025335 -0.258068 -0.027198 0.077418 -0.339260 0.177234 0.150031 -0.106645 
1.531782 -1.127290 0.640649 -0.111255 0.134106 -0.290901 -0.380618 -0.139628 -0.221236 0.094507 0.158019 -0.288654 0.134203 0.207671 0.015865 
1.650923 -1.088970 0.601032 -0.354152 0.148881 -0.130891 -0.389091 -0.189545 -0.181916 0.084264 0.319207 -0.263711 0.038767 0.235481 -0.050700 
1.751442 -1.017648 0.531598 -0.552861 0.028904 -0.018242 -0.343059 -0.284472 -0.187931 0.127266 0.376539 -0.168178 0.101335 0.153992 -0.141564 
1.835737 -1.020092 0.487679 -0.676414 -0.045919 0.121187 -0.276904 -0.306075 -0.204837 -0.028287 0.440835 -0.103723 0.161834 0.117664 -0.269053 
1.889899 -0.829323 0.392214 -0.732108 -0.128652 0.204058 -0.209083 -0.271853 -0.163735 -0.054013 0.308604 -0.014655 0.169481 0.123043 -0.313695 
1.738227 -0.536184 0.263025 -0.815498 -0.156042 0.231898 -0.123050 -0.219400 -0.226805 -0.050398 0.266589 -0.009461 0.266742 0.076819 -0.294355 
1.712519 -0.484054 0.255150 -0.805175 -0.187486 0.168752 -0.085112 -0.189670 -0.231542 -0.029151 0.206951 -0.037994 0.324863 0.084560 -0.263774 
1.661630 -0.338877 0.367833 -0.979600 -0.181995 0.034136 0.021316 -0.079705 -0.238899 0.002987 0.085546 -0.049565 0.352737 0.139379 -0.196210 
1.625847 -0.301307 0.255192 -1.010468 -0.195889 0.086426 -0.029426 -0.060746 -0.209790 -0.066002 0.114771 -0.100800 0.437431 0.126503 -0.166545 
1.600811 -0.280567 0.287332 -1.044278 -0.223229 0.064962 -0.008890 -0.044434 -0.198482 -0.046132 0.062177 -0.083158 0.429653 0.146016 -0.147582 
1.561243 -0.248497 0.258337 -1.047088 -0.200747 0.011299 0.032706 -0.036755 -0.216763 -0.014949 0.051315 -0.096150 0.437258 0.135033 -0.122406 
1.563412 -0.240239 0.266218 -1.039133 -0.219868 0.004733 0.038902 -0.016663 -0.216348 -0.016465 0.077610 -0.132107 0.420937 0.156743 -0.149893 
1.521841 -0.231523 0.279986 -1.068968 -0.195290 -0.013541 0.055126 0.028880 -0.250371 0.042247 0.041795 -0.088160 0.374170 0.153851 -0.144744 
1.589099 -0.270294 0.238832 -0.996067 -0.238536 0.023777 -0.005713 0.034765 -0.205721 -0.021160 0.104818 -0.179945 0.391045 0.162174 -0.187553 
1.543674 -0.220358 0.217337 -0.956842 -0.239404 -0.027984 0.011262 0.043387 -0.211338 0.033400 0.078235 -0.203895 0.383905 0.127309 -0.158889 
1.575006 -0.264994 0.195505 -0.966739 -0.277749 -0.005761 -0.000576 0.081150 -0.223171 0.011568 0.115986 -0.175296 0.364733 0.173642 -0.174864 
1.589041 -0.334613 0.148069 -0.948926 -0.250016 -0.013301 0.029878 0.028904 -0.180885 0.003468 0.107635 -0.168629 0.382186 0.139746 -0.157993 
1.457401 -0.239394 0.119292 -0.878851 -0.394981 0.052257 0.005084 -0.008612 -0.172865 -0.052076 0.126153 -0.110423 0.400782 0.195569 -0.145101 
1.326397 0.099617 -0.053934 -0.883009 -0.349513 -0.024830 0.090176 -0.006013 -0.255542 0.004703 0.105568 -0.128989 0.460452 0.191958 -0.119186 
1.456037 0.143081 -0.062376 -0.752308 -0.415157 0.036193 0.115971 -0.025937 -0.222872 -0.060056 0.136384 -0.173495 0.393142 0.210243 -0.129127 
1.081074 0.224380 -0.240140 -0.655349 -0.504879 -0.025593 0.057785 -0.034985 -0.081532 -0.161814 0.117623 0.115875 0.211825 0.246985 0.049624 
0.604715 -0.388810 0.233035 -0.917640 -0.293062 -0.035217 0.219211 0.080624 -0.251081 0.094558 0.078376 -0.155069 0.332936 0.061323 -0.116588 
0.422032 0.057984 -0.064872 -0.650531 -0.212061 0.120233 0.263401 0.070389 -0.216975 -0.069100 0.007050 -0.168023 0.239912 0.158587 -0.106003 
0.140821 -0.074937 -0.156888 -0.428454 -0.292907 0.051647 0.118809 -0.039191 0.115839 -0.137255 0.118929 0.004915 -0.056603 0.039790 -0.025053 
