city012_067
POPURA
60
-0.083772 -0.049115 0.058320 -0.167905 -0.008985 0.099433 -0.090319 -0.069892 0.109704 -0.016084 0.099503 -0.123708 -0.025075 0.164589 -0.187509 
0.456284 -1.206062 0.062880 -0.206172 -0.130314 -0.055599 -0.046706 0.022576 0.190126 0.044157 -0.012149 -0.057301 -0.105086 0.157638 -0.203227 
1.569165 -0.749848 0.560725 -0.124101 0.001756 -0.081374 -0.176246 -0.076526 0.037964 -0.045654 -0.014410 -0.067125 0.038496 0.159746 -0.247401 
2.073064 0.205517 0.232624 -0.236903 0.306902 -0.047502 -0.112729 0.075269 -0.114713 -0.077266 0.042245 -0.117289 -0.122437 0.171419 -0.234066 
1.809116 -0.481308 0.255631 -0.677477 -0.285349 0.013189 -0.048793 0.025369 -0.008401 -0.116075 -0.006337 -0.089217 0.118400 0.197267 -0.146016 
1.631290 -0.855395 0.349400 -0.762644 -0.160034 -0.147096 -0.123017 0.230066 -0.122031 -0.163546 0.000213 0.027240 0.246834 0.149739 -0.116440 
1.746292 -1.044228 0.452451 -0.861293 -0.043166 -0.180162 -0.057186 0.260978 -0.150760 -0.143779 -0.058790 0.044448 0.248065 0.120073 -0.110349 
1.656444 -0.944625 0.367399 -0.761711 -0.116436 -0.140234 -0.069855 0.255960 -0.149297 -0.145816 -0.068111 0.043652 0.254263 0.103708 -0.082154 
1.843667 -1.118321 0.464339 -0.815936 -0.012388 -0.200815 -0.000755 0.208024 -0.138069 -0.185755 -0.012863 0.062266 0.207955 0.124514 -0.119949 
1.819525 -1.072500 0.430658 -0.803608 0.031833 -0.219235 -0.049030 0.180803 -0.150094 -0.195936 -0.006542 0.083870 0.235797 0.145217 -0.151016 
1.774987 -0.921785 0.385562 -0.786704 0.027562 -0.255239 -0.045887 0.056331 -0.107341 -0.138583 -0.071143 0.109733 0.228186 0.187530 -0.159788 
1.823860 -0.636571 0.488161 -0.870078 -0.099919 -0.203132 -0.105880 0.085813 -0.110870 -0.074277 -0.087542 0.021240 0.168547 0.174975 -0.078484 
2.129792 0.023761 0.573330 -0.674104 -0.047882 0.130343 -0.155784 -0.021342 -0.063433 0.031079 -0.076364 -0.206730 0.034498 0.045976 -0.258043 
1.878562 0.184877 0.565586 -0.160852 0.196809 0.259190 0.043671 0.038999 -0.124377 -0.069459 -0.013009 -0.125216 -0.082212 0.115480 -0.267802 
1.470806 0.245863 0.534680 0.109625 -0.028219 0.095466 -0.104555 -0.059904 -0.050708 -0.167541 0.097279 -0.083383 -0.090704 0.134727 -0.174811 
1.385824 0.390933 0.417029 -0.086403 0.062794 0.176044 -0.238259 -0.113544 -0.028112 -0.110715 0.114522 -0.043630 -0.069311 0.154626 -0.162435 
0.747418 0.430615 0.528752 -0.178590 -0.180538 0.288278 0.160320 0.020157 0.121009 0.014204 0.103288 -0.082054 0.009678 0.191838 -0.231321 
0.418712 0.006438 0.093587 -0.199275 -0.175267 0.136502 0.056371 0.114396 0.266019 -0.003237 0.050693 -0.190653 0.029738 0.049085 -0.171062 
0.109318 -0.105731 -0.153251 -0.449075 -0.197959 0.102368 0.068582 0.159240 0.166420 -0.025271 -0.005536 -0.232849 -0.048147 0.148188 -0.229804 
0.420661 -0.181845 0.044539 -0.263326 -0.298344 0.153362 0.026951 -0.007572 0.076188 -0.153107 0.132877 -0.056328 -0.050723 0.163063 -0.193859 
1.270880 -0.958564 0.216388 -0.202208 0.194836 -0.222496 -0.103023 -0.051657 -0.087816 0.046859 0.004181 0.071538 -0.039426 0.098272 -0.140716 
1.586932 -0.136674 0.203740 -0.034609 0.037528 -0.127236 -0.249242 -0.002113 0.007418 -0.027281 0.059047 -0.015037 -0.045824 0.179246 -0.168674 
1.653167 -0.775459 0.293177 -0.013952 0.066753 0.073393 -0.177202 -0.120984 -0.052748 -0.076163 0.039391 -0.014409 -0.064711 0.108040 -0.144374 
2.055134 -0.482848 0.333875 -0.445452 -0.168031 -0.109080 -0.117370 -0.140660 -0.013754 -0.009530 -0.118931 0.039257 0.066685 0.106315 -0.093905 
2.064167 -0.359756 0.392397 -0.194376 0.004500 -0.013569 -0.067075 -0.126246 -0.033003 -0.117690 0.008757 0.032924 -0.088569 0.103466 -0.090931 
2.157937 -0.025539 0.301434 0.027789 -0.008374 0.091911 0.125511 -0.112477 -0.170181 -0.120186 0.058002 0.035766 -0.122612 0.109929 -0.118113 
2.202978 -0.168059 0.546307 -0.371266 0.121147 0.102947 -0.088458 0.063582 -0.065955 -0.195823 -0.029946 -0.110054 -0.077366 0.094669 -0.150889 
2.037056 -0.287319 0.512938 -0.458424 0.250619 0.080370 -0.152449 -0.157476 -0.316280 -0.052276 0.133013 -0.207809 0.011163 0.087332 -0.233806 
1.965894 -0.495874 0.604314 -0.619996 0.054954 0.173461 -0.062523 -0.139314 -0.382312 -0.170966 0.156388 -0.123453 0.073826 0.212141 -0.317621 
1.935545 -0.558187 0.515921 -0.501054 -0.038513 0.269001 -0.142674 -0.194420 -0.391902 -0.255702 0.184622 -0.133016 0.051036 0.251334 -0.346211 
1.922577 -0.635006 0.624578 -0.440033 0.027068 0.257458 -0.222466 -0.230896 -0.400090 -0.217040 0.215924 -0.158238 -0.044574 0.237214 -0.354791 
1.821189 -0.803415 0.657796 -0.376352 0.070759 0.194519 -0.269520 -0.249875 -0.372765 -0.195475 0.207778 -0.144802 -0.074966 0.209381 -0.304730 
1.714328 -0.848881 0.613265 -0.287669 0.101008 0.154204 -0.330116 -0.335263 -0.304562 -0.111427 0.196442 -0.175547 -0.083679 0.174726 -0.209075 
1.726967 -1.008831 0.716394 -0.254737 0.106936 0.138427 -0.345632 -0.332909 -0.280849 -0.092517 0.173265 -0.169370 -0.118127 0.190986 -0.200269 
1.694115 -1.058607 0.756060 -0.167123 0.114045 0.063943 -0.319212 -0.359454 -0.198106 0.000010 0.086445 -0.158129 -0.119792 0.160979 -0.079129 
1.593199 -1.174824 0.677608 -0.072284 0.096182 0.008135 -0.320125 -0.343247 -0.147917 0.023559 0.039884 -0.085332 -0.109156 0.111411 -0.003925 
1.691415 -1.342254 0.742697 -0.082455 0.120023 -0.103545 -0.365498 -0.274880 -0.036205 0.004846 0.001898 -0.040574 -0.080178 0.139979 0.037895 
1.654798 -1.407084 0.687727 -0.099828 0.089227 -0.168110 -0.419958 -0.259188 0.004255 0.007247 0.002089 0.017091 -0.058663 0.193729 0.038755 
1.518808 -1.337844 0.623428 -0.098197 0.060922 -0.192392 -0.486543 -0.248378 0.007681 0.034909 -0.014205 -0.008563 0.034352 0.222847 0.032157 
1.582289 -1.455898 0.778143 -0.112370 -0.018952 -0.267997 -0.367959 -0.210105 -0.017388 0.099423 0.042729 -0.068359 0.012380 0.334699 -0.027757 
1.356857 -1.390769 0.655960 -0.192491 -0.064250 -0.190098 -0.420835 -0.081933 0.031166 0.150311 0.096104 -0.138200 0.096750 0.259479 -0.088327 
1.461095 -1.445842 0.681483 -0.376738 -0.031455 -0.284103 -0.416658 -0.000577 0.012875 0.266060 0.126234 -0.157117 0.136382 0.283513 -0.225922 
1.339361 -1.295387 0.391747 -0.339057 -0.036734 -0.186828 -0.478138 0.078614 0.023306 0.221418 0.205793 -0.283859 0.196040 0.269363 -0.281445 
1.376800 -1.385950 0.462608 -0.510808 -0.010758 -0.245271 -0.343258 0.092010 0.045114 0.322515 0.182333 -0.298990 0.175828 0.150286 -0.305506 
1.330171 -1.274821 0.349293 -0.505601 -0.034907 -0.184503 -0.258618 0.111107 0.003079 0.353595 0.128759 -0.298129 0.139608 0.062756 -0.198738 
1.458214 -1.327297 0.257881 -0.561827 0.072629 -0.271689 -0.116062 0.132130 0.005206 0.353214 0.056158 -0.289293 0.087712 0.060894 -0.218285 
1.369075 -1.295011 0.240732 -0.529037 0.024932 -0.205208 -0.143521 0.169271 0.003038 0.343910 0.023973 -0.296463 0.112292 0.012233 -0.164576 
1.503286 -1.396594 0.250119 -0.601044 0.100941 -0.202194 -0.048104 0.116545 0.027736 0.360992 -0.032929 -0.296220 0.053001 0.050462 -0.208429 
1.526280 -1.414879 0.238826 -0.640617 0.106075 -0.174955 -0.039716 0.132467 0.003096 0.371997 -0.028840 -0.317497 0.068880 0.015736 -0.203041 
1.455450 -1.345587 0.187446 -0.634291 0.061395 -0.160127 -0.035844 0.090055 0.032219 0.370903 -0.023699 -0.299230 0.058285 0.030901 -0.232067 
1.395539 -1.296895 0.138132 -0.603981 0.020091 -0.117246 -0.032638 0.076844 0.024525 0.360305 -0.004247 -0.298259 0.042224 0.033879 -0.206912 
1.342875 -1.260365 0.088566 -0.648418 0.072320 -0.114724 -0.063825 0.038266 0.016401 0.397094 0.022859 -0.289472 0.030006 0.035309 -0.210463 
1.277081 -1.283107 0.051324 -0.665683 0.066288 -0.117835 -0.001355 0.044898 0.025411 0.406529 0.007814 -0.302998 -0.020055 0.024075 -0.183367 
1.283125 -1.319698 0.043730 -0.701839 0.058799 -0.090398 -0.015932 0.042082 0.036867 0.410394 0.033000 -0.321515 -0.019293 0.006316 -0.223190 
1.274438 -1.312223 -0.001029 -0.718833 0.088698 -0.075035 -0.004345 0.014626 0.010622 0.435693 0.059517 -0.335321 -0.033067 -0.002486 -0.221865 
1.291105 -1.316545 0.023748 -0.765217 0.130311 -0.052182 0.010389 0.021456 -0.042397 0.427721 0.063162 -0.322187 -0.030563 -0.013028 -0.214813 
1.515690 -1.048299 -0.380114 -0.476831 -0.051674 -0.000191 0.127831 -0.065733 0.048258 0.303158 0.014136 -0.266432 -0.020170 0.004331 -0.149577 
1.238419 -1.235714 -0.208784 -0.689935 0.072347 0.002692 0.007892 0.014471 -0.022505 0.400789 0.091361 -0.329242 -0.039475 -0.009015 -0.241277 
0.741241 -0.671537 -0.168730 -0.260920 -0.132092 -0.108141 0.071574 -0.184669 0.049236 0.389848 0.035933 -0.234748 0.027630 0.044599 -0.158799 
0.858580 -0.151280 -0.124930 -0.277572 0.045874 0.133450 0.019285 -0.096010 0.062843 0.075591 0.186276 -0.154600 -0.077642 0.089829 -0.133033 
