city012_094
JOOETSU
88
-0.298306 -0.889572 0.406716 -0.611936 0.288743 -0.250322 -0.025989 0.005948 0.008680 0.145070 0.004309 0.005389 -0.137632 0.102218 -0.013678 
-0.826401 -0.605742 0.566331 -0.712518 0.353625 -0.195029 0.095066 0.009123 -0.070141 0.157356 -0.153070 0.060244 0.004387 0.004245 -0.048337 
-0.441567 -0.381055 0.447794 -0.958212 0.305761 -0.209846 -0.090026 0.071827 0.009644 0.266883 -0.145385 0.034357 0.017099 -0.086307 0.001634 
-0.785762 -0.596049 0.707341 -0.830061 0.219806 -0.259355 0.240802 0.086418 -0.026164 0.076498 -0.155803 0.018926 0.079243 -0.120520 0.029454 
-0.433730 -0.597210 0.894397 -0.926767 0.166288 -0.319144 0.088282 0.131207 0.057084 0.060610 -0.012921 -0.095351 0.162781 -0.206504 -0.008705 
0.712436 -0.793162 1.309089 -0.178770 0.164203 -0.294255 -0.117772 -0.014100 -0.128932 -0.058769 -0.154716 -0.034449 0.105995 -0.034917 -0.183922 
1.284137 -1.100891 1.406469 -0.171747 -0.058172 -0.185389 -0.379133 0.059989 -0.116544 -0.191024 -0.030045 -0.044821 0.101926 0.119344 -0.304861 
1.342203 -1.075135 1.303636 -0.228949 -0.038606 -0.269076 -0.438802 -0.006788 -0.086376 -0.119805 -0.072197 -0.001725 0.129496 0.195544 -0.255156 
1.615374 -1.191774 1.015368 -0.247600 -0.006905 -0.313235 -0.380684 -0.031009 0.005608 -0.214970 0.082845 -0.088910 0.157190 0.228060 -0.273046 
1.801056 -1.262952 0.789662 -0.396603 -0.090366 0.008892 -0.369998 -0.069897 -0.167151 -0.132186 0.202477 -0.096404 0.048006 0.281417 -0.251193 
2.008404 -1.113184 0.677589 -0.623077 -0.014141 0.183404 -0.360361 -0.277212 -0.174893 0.007016 0.302632 -0.056151 -0.016203 0.233307 -0.297395 
1.989681 -0.957148 0.450353 -0.599648 -0.102966 0.187717 -0.286144 -0.174823 -0.278155 -0.084198 0.357892 -0.030753 -0.014838 0.319746 -0.319471 
2.020952 -0.894022 0.399926 -0.699199 -0.038608 0.144770 -0.188593 -0.175852 -0.276974 -0.059066 0.255807 -0.018914 0.079857 0.245391 -0.301253 
2.003120 -1.039824 0.498010 -0.763772 0.029301 -0.003104 -0.056606 -0.137612 -0.271452 -0.152080 0.091814 0.034821 0.210354 0.225549 -0.236204 
1.876611 -0.888500 0.450420 -0.735396 0.030386 -0.020842 -0.052272 -0.118699 -0.233224 -0.187760 0.066292 0.031780 0.191639 0.219945 -0.203378 
1.751731 -0.760416 0.495544 -0.693883 -0.064560 -0.068170 -0.095592 0.034159 -0.184162 -0.214947 -0.040947 0.037466 0.136716 0.240153 -0.164568 
1.841889 -0.879896 0.562167 -0.724895 -0.019988 -0.154962 -0.067808 0.054660 -0.190122 -0.274516 -0.040214 0.040936 0.179264 0.217564 -0.122473 
1.846909 -0.893247 0.447699 -0.648899 0.003214 -0.158174 -0.100135 0.060745 -0.228823 -0.279415 -0.025332 0.067594 0.214720 0.212983 -0.132536 
1.880139 -0.858029 0.423193 -0.681099 0.057709 -0.191440 -0.123578 0.060328 -0.237627 -0.248781 -0.043731 0.088320 0.200746 0.214418 -0.106882 
1.811559 -0.753946 0.426231 -0.697776 0.040990 -0.191115 -0.172711 0.036528 -0.202091 -0.174093 -0.099318 0.132381 0.169831 0.211757 -0.128009 
1.829929 -0.710420 0.395817 -0.698175 0.021011 -0.239564 -0.155654 0.021682 -0.141607 -0.179168 -0.121660 0.096306 0.190832 0.218001 -0.106245 
1.862050 -0.717805 0.395632 -0.721902 0.032980 -0.274098 -0.141801 0.017729 -0.116967 -0.174747 -0.156707 0.086040 0.204637 0.218831 -0.081297 
1.872234 -0.731112 0.441446 -0.761354 0.022205 -0.264591 -0.139651 0.005816 -0.086306 -0.180733 -0.175904 0.095500 0.191850 0.211602 -0.053534 
1.866957 -0.656469 0.388759 -0.727563 -0.049836 -0.228986 -0.152492 0.070778 -0.115141 -0.200750 -0.188311 0.114226 0.149716 0.239115 -0.037877 
1.885834 -0.655255 0.423234 -0.773521 -0.066196 -0.214431 -0.132360 0.075753 -0.149368 -0.168759 -0.195743 0.090047 0.166993 0.239356 -0.037870 
1.850983 -0.644890 0.455434 -0.826214 -0.032783 -0.266965 -0.064378 0.044115 -0.113069 -0.219656 -0.138985 0.029711 0.188793 0.228756 -0.020838 
1.789372 -0.625531 0.484704 -0.829864 -0.065184 -0.254947 -0.053435 0.042287 -0.112347 -0.211436 -0.151692 0.013009 0.199672 0.207746 -0.007155 
1.820966 -0.644760 0.466748 -0.840072 -0.024449 -0.270773 -0.065441 0.059720 -0.136404 -0.155716 -0.191844 0.036480 0.197233 0.215966 -0.031043 
1.774810 -0.582267 0.430734 -0.839920 -0.021674 -0.211081 -0.128475 0.079069 -0.130225 -0.116510 -0.218845 0.057162 0.171830 0.216893 -0.053238 
1.815813 -0.625073 0.515929 -0.921106 0.033029 -0.267933 -0.073236 0.024833 -0.087776 -0.161141 -0.145835 -0.007733 0.224785 0.171006 -0.027366 
1.838271 -0.636309 0.466327 -0.890579 0.047662 -0.244809 -0.095210 0.003732 -0.074940 -0.105732 -0.186993 -0.018874 0.240597 0.169205 -0.051607 
1.833145 -0.622954 0.467103 -0.869661 0.006165 -0.200864 -0.139187 0.031771 -0.088065 -0.100937 -0.186446 -0.032153 0.239624 0.161624 -0.040115 
1.884425 -0.636212 0.471001 -0.874709 0.035228 -0.246617 -0.110568 0.016525 -0.079190 -0.108621 -0.188022 0.006525 0.205551 0.194256 -0.077489 
1.786971 -0.556973 0.404523 -0.830981 0.021637 -0.224886 -0.139289 0.040045 -0.095676 -0.103781 -0.201388 0.017331 0.194872 0.204571 -0.079939 
1.847821 -0.636121 0.496368 -0.858777 -0.008128 -0.198925 -0.143655 0.061497 -0.100304 -0.163809 -0.168500 0.029605 0.175624 0.204944 -0.058774 
1.834030 -0.687033 0.483721 -0.827429 -0.013475 -0.189684 -0.115970 0.112698 -0.162686 -0.217528 -0.041520 0.019753 0.162942 0.206258 -0.048155 
1.770008 -0.799531 0.476362 -0.806377 -0.000831 -0.060063 -0.044869 -0.006039 -0.218961 -0.206378 0.014661 -0.005491 0.230471 0.216185 -0.135750 
1.749503 -0.895344 0.420091 -0.750624 -0.028390 0.081396 -0.055024 -0.099821 -0.277332 -0.143105 0.077620 0.008088 0.256990 0.208304 -0.262626 
1.915554 -1.087223 0.571402 -0.796298 0.025952 0.186961 -0.172014 -0.151863 -0.286200 0.052626 0.243120 -0.043014 0.124965 0.120526 -0.395610 
1.920821 -1.273423 0.560523 -0.687141 0.076544 0.134544 -0.225541 -0.160625 -0.239434 0.194466 0.267189 -0.097334 0.032805 0.086553 -0.338807 
1.788419 -1.313617 0.507451 -0.491089 0.110785 -0.038139 -0.329325 -0.142397 -0.111530 0.279984 0.183532 -0.215747 0.063409 0.188811 -0.210402 
1.817381 -1.406316 0.697474 -0.401327 0.094582 -0.201715 -0.357122 0.012623 0.001790 0.254991 0.128675 -0.251911 0.105037 0.235455 -0.225702 
1.674257 -1.424092 0.701605 -0.361427 0.098535 -0.246905 -0.394089 0.079020 0.023080 0.145318 0.055983 -0.209083 0.243673 0.103311 -0.223540 
1.604690 -1.388520 0.805959 -0.310779 0.056281 -0.313120 -0.315522 0.100471 0.048343 0.119125 0.010192 -0.163939 0.242827 0.087074 -0.260686 
1.471179 -1.222628 0.786082 -0.239473 -0.005642 -0.263312 -0.315860 0.054070 0.061141 0.106373 -0.038431 -0.060199 0.205786 0.010094 -0.129750 
1.568741 -1.268990 0.896113 -0.267799 0.005213 -0.259656 -0.280483 0.040232 0.045987 0.109410 -0.089293 0.028687 0.176471 -0.017329 -0.141362 
1.453746 -1.111326 0.784399 -0.202006 -0.008213 -0.259103 -0.224105 -0.040575 -0.013327 0.073932 -0.158144 0.057259 0.231295 -0.118851 -0.032618 
1.459496 -1.070313 0.828478 -0.200283 0.045399 -0.306460 -0.163843 -0.107175 -0.016868 0.009886 -0.172412 0.085115 0.165927 -0.053995 -0.081728 
1.383056 -0.964861 0.843195 -0.075823 0.038198 -0.261107 -0.188432 -0.171951 -0.060303 0.024127 -0.272714 0.078201 0.156929 -0.084814 -0.022288 
1.236951 -0.703229 0.732134 0.081773 0.149496 -0.208388 -0.173462 -0.234692 -0.025936 -0.040607 -0.349982 0.009491 0.073052 -0.037905 -0.134389 
0.885007 -0.090607 0.401624 0.318545 0.106935 -0.060858 -0.060854 -0.100572 0.130243 0.070092 -0.080233 -0.081870 0.063168 0.142539 -0.208039 
0.640942 -0.390766 0.082526 0.141303 0.050679 0.190672 0.174469 0.058542 0.124933 -0.031995 0.083495 -0.038848 0.035235 0.154146 -0.139196 
0.316698 -0.489279 0.028451 -0.118627 -0.074941 0.136096 0.121388 -0.050731 -0.044239 -0.079887 0.094361 -0.014517 -0.057260 0.167741 -0.208256 
-0.021969 -0.495585 -0.045512 -0.054263 -0.121688 0.088293 -0.046763 0.055054 0.142542 -0.056582 -0.019517 -0.077649 -0.048345 0.243031 -0.273755 
-0.042980 -0.406257 -0.054895 -0.040614 -0.093461 -0.008779 -0.126993 0.005440 0.113339 0.048011 0.081284 -0.176950 -0.046919 0.256398 -0.209166 
0.126762 -0.461494 -0.066375 0.088620 0.011355 0.030099 -0.162555 -0.020556 0.111440 -0.055960 0.110544 -0.114325 -0.049529 0.196400 -0.180821 
-0.251148 -1.014752 0.194590 -0.179932 0.086406 0.034727 -0.062118 -0.035016 0.038059 0.016766 0.023892 -0.014348 -0.072884 0.102245 -0.087764 
0.181868 -0.948982 0.334520 -0.347588 -0.033701 -0.121515 -0.046104 0.007034 0.101664 0.030215 -0.026456 0.077217 -0.098548 0.080853 -0.120933 
-0.001645 -0.576059 0.332858 -0.172291 0.031206 -0.006553 -0.100682 -0.094569 0.012092 0.013768 0.024202 0.045330 -0.094727 0.097182 -0.100125 
-0.386281 -0.844965 0.329557 -0.391905 0.010475 0.030910 -0.039681 0.041936 0.062814 -0.051097 0.024135 -0.015228 -0.013181 0.033945 -0.088879 
-0.095446 -0.820561 0.290665 -0.182281 -0.080962 -0.108137 0.115814 0.133734 0.034024 -0.122047 0.000437 0.027193 -0.028903 0.048293 -0.108330 
0.120534 -0.957282 0.236493 -0.336057 -0.148215 -0.030806 0.175777 -0.057313 0.040211 0.044778 -0.056345 0.047028 -0.076539 0.054096 -0.079503 
0.242828 -1.092849 0.151617 -0.168003 0.047500 -0.032456 0.060479 0.004639 0.173801 -0.154301 -0.139332 0.116177 0.077099 -0.018661 -0.127681 
0.052642 -0.894985 0.261046 -0.359351 -0.064703 -0.222934 0.126292 0.087833 0.077711 -0.007641 -0.037224 0.065975 -0.126872 0.052159 -0.067780 
0.243759 -0.746524 0.369136 -0.255808 0.009124 -0.174356 0.012791 -0.204972 0.025319 0.078595 0.036259 0.036740 -0.020553 -0.039253 0.094839 
0.790063 -0.785177 0.577773 0.001178 0.041757 -0.324815 -0.046715 0.043444 0.072522 -0.114876 -0.086318 0.155848 -0.009645 -0.011324 -0.055792 
1.243825 -0.932667 0.825260 0.166109 0.022227 -0.323302 -0.227450 -0.088583 -0.057709 -0.119710 -0.194618 -0.041840 0.112677 0.105750 -0.287024 
1.404657 -1.012967 0.925256 0.112645 0.117123 -0.330586 -0.216282 -0.075049 -0.108193 -0.050033 -0.245301 -0.079209 0.137025 0.039978 -0.211131 
1.440599 -1.045406 1.000042 0.120362 0.075089 -0.343587 -0.193084 -0.072265 -0.124768 -0.076910 -0.228159 -0.045519 0.088884 0.077372 -0.256097 
1.535620 -1.060099 1.004304 0.094490 0.100178 -0.412039 -0.202057 -0.053652 -0.148964 -0.088957 -0.206158 -0.072969 0.127740 0.077935 -0.238525 
1.564427 -1.073640 0.948790 0.084574 0.118477 -0.436184 -0.253425 -0.040520 -0.180021 -0.080648 -0.211523 -0.085988 0.162179 0.081721 -0.237313 
1.519862 -1.029784 0.943528 0.046533 0.072883 -0.410182 -0.216072 -0.093461 -0.198160 -0.076148 -0.178223 -0.084543 0.127487 0.108513 -0.232899 
1.522974 -1.053509 0.981958 0.045994 0.070655 -0.435840 -0.240953 -0.026124 -0.228178 -0.086343 -0.156551 -0.083914 0.152123 0.086473 -0.223764 
1.450874 -1.002840 0.926565 0.064851 0.058764 -0.421166 -0.240903 -0.000386 -0.209785 -0.076085 -0.167834 -0.070331 0.170723 0.067350 -0.238640 
1.447766 -1.060634 0.956007 0.022748 0.097844 -0.404231 -0.277685 0.009781 -0.202595 -0.068912 -0.163136 -0.111536 0.221738 0.025218 -0.200485 
1.441679 -1.044687 0.940726 0.058574 0.078951 -0.443141 -0.244092 -0.026699 -0.199005 -0.074677 -0.137538 -0.141791 0.228148 0.050778 -0.201627 
1.373007 -0.950598 0.870904 0.051590 0.073899 -0.432984 -0.254694 -0.011625 -0.223887 -0.092272 -0.120896 -0.141388 0.209308 0.071297 -0.207001 
1.345654 -0.932038 0.914040 0.059168 0.047374 -0.406444 -0.262424 -0.031590 -0.192878 -0.134753 -0.114698 -0.130513 0.165723 0.115247 -0.257583 
1.291277 -0.980509 0.849445 0.056247 0.079916 -0.406612 -0.278862 0.000917 -0.290101 -0.104392 -0.096156 -0.142027 0.151132 0.120690 -0.258311 
1.275829 -0.869759 0.897640 0.074992 -0.029997 -0.396307 -0.279955 -0.010151 -0.272016 -0.136605 -0.073976 -0.133665 0.136689 0.183251 -0.305185 
1.167691 -0.834758 0.786264 0.153977 -0.032035 -0.392028 -0.344336 0.027224 -0.234112 -0.152834 -0.061259 -0.159839 0.165657 0.233044 -0.374984 
1.024480 -0.720819 0.788071 0.159753 -0.077151 -0.377065 -0.368085 0.065383 -0.221247 -0.122479 -0.070663 -0.124006 0.167145 0.266615 -0.435513 
0.939964 -0.335210 0.805998 0.305441 -0.133447 -0.444686 -0.339032 0.010348 -0.230061 -0.144063 -0.087096 -0.073625 0.142217 0.294537 -0.369619 
0.443182 -0.586917 0.758911 0.245351 -0.024851 -0.452372 -0.240817 -0.003142 -0.336001 -0.020487 -0.164514 -0.117052 0.152251 0.110717 -0.245482 
0.536202 -0.125448 0.713030 0.290834 -0.181235 -0.519621 -0.240668 -0.074189 -0.191172 -0.079246 -0.102642 -0.013295 0.284960 0.084293 -0.156369 
0.754960 -0.470393 0.414898 0.323747 -0.217798 -0.511464 -0.147653 -0.039859 -0.152454 0.004235 -0.026898 0.004200 0.160993 0.151840 -0.189811 
0.601030 -0.340731 0.555072 0.384687 -0.233810 -0.580121 -0.138227 -0.108132 -0.201331 -0.004268 -0.120796 -0.035257 0.294336 0.117516 -0.229680 
0.639764 -0.708472 0.438402 0.062812 -0.028540 -0.605604 -0.141452 0.058508 -0.282369 0.157955 -0.052123 -0.020622 0.253940 0.099835 -0.229881 
