city012_055
DATE
54
0.007502 -0.235441 0.036258 0.120377 -0.050707 -0.101916 -0.278719 -0.177885 0.054281 -0.025355 0.122963 -0.073974 -0.053497 0.242689 -0.133553 
0.610281 -0.995004 0.338404 -0.108057 -0.020646 -0.259374 0.003551 -0.013572 0.032164 0.136127 -0.192605 0.123651 0.026664 0.000706 -0.098559 
1.100706 -0.866673 0.430763 -0.249115 0.063584 -0.217557 -0.245473 -0.100957 0.083051 0.071802 -0.199429 0.079488 0.188572 -0.005625 -0.107110 
1.413204 -1.260679 0.561673 -0.467585 0.093300 -0.275465 -0.359673 0.001170 0.077988 0.264461 -0.139254 0.003425 0.240742 -0.007492 -0.136581 
1.416314 -1.436420 0.417927 -0.559153 0.079665 -0.176609 -0.392380 0.050663 0.188699 0.260059 -0.091473 -0.023070 0.164722 -0.034686 -0.162948 
1.387445 -1.509679 0.364387 -0.585964 0.084201 -0.226646 -0.266656 0.163659 0.204986 0.226193 0.001017 -0.115694 -0.012984 -0.037231 -0.106847 
1.385835 -1.451729 0.206012 -0.586996 0.055696 -0.215398 -0.135842 0.117104 0.109767 0.314885 0.062286 -0.265198 -0.035089 0.099610 -0.191033 
1.383213 -1.423641 0.168761 -0.650295 0.079874 -0.154566 -0.121830 0.076997 0.100560 0.316955 0.084712 -0.303323 -0.014059 0.085418 -0.200488 
1.522063 -1.384969 0.249362 -0.750867 0.022019 -0.044822 -0.037015 0.004710 0.102764 0.327455 -0.015485 -0.240499 -0.002125 0.009647 -0.173464 
1.558677 -1.384259 0.152697 -0.710839 0.029975 -0.040329 -0.054539 0.035746 0.054260 0.334947 -0.038428 -0.204788 0.009007 0.017885 -0.172009 
1.388513 -1.325340 0.153321 -0.710030 0.101536 -0.095131 -0.040351 -0.032121 0.152397 0.349975 -0.073500 -0.243328 0.019660 -0.000204 -0.113086 
1.506173 -1.371114 0.110483 -0.682720 0.099252 -0.096927 -0.111554 0.069081 0.087541 0.392371 -0.181865 -0.155250 0.069836 -0.051803 -0.068301 
1.570866 -1.356354 0.122967 -0.538893 0.120242 -0.244782 -0.063097 0.057903 0.088498 0.365168 -0.184559 -0.063272 0.018399 -0.049205 -0.026295 
1.529862 -1.333495 0.244989 -0.478337 0.161347 -0.365263 -0.074195 0.001112 0.111190 0.366680 -0.219933 0.014347 0.026659 0.005237 -0.061540 
1.390329 -1.046751 0.282003 -0.440288 0.285824 -0.296928 -0.256112 -0.177271 0.112787 0.298521 -0.333526 0.141891 0.167012 -0.006201 -0.027096 
0.980912 -0.324737 0.274949 0.020529 0.258102 -0.110202 -0.151453 -0.112808 0.154007 0.202140 -0.329516 0.029616 0.093434 0.047279 -0.074597 
0.605420 -0.191908 0.033777 0.047096 -0.020638 -0.051835 -0.092666 0.000608 0.148709 0.042935 0.022548 -0.096729 -0.025581 0.206156 -0.223762 
0.078420 -0.388084 -0.013401 -0.017330 0.089060 0.004336 -0.109520 -0.040666 0.162634 0.039256 -0.019242 -0.131664 0.006026 0.201297 -0.181562 
-0.029905 -0.630587 -0.344495 0.014852 0.043872 -0.005194 -0.052190 0.034734 0.003036 -0.018549 0.154278 -0.101741 -0.169408 0.253773 -0.129418 
0.073839 -0.488329 -0.195721 -0.185657 0.091153 0.010558 -0.100104 -0.076786 0.095534 0.146494 -0.000257 -0.129025 -0.076330 0.210353 -0.149651 
0.023665 -0.427178 -0.314509 -0.124230 0.025743 -0.036639 -0.112321 -0.025853 0.212638 0.008201 -0.003939 -0.067869 -0.058941 0.125849 -0.091483 
0.190190 -0.312474 -0.092643 -0.084188 0.066585 0.114447 -0.101332 0.066262 0.137527 -0.031127 -0.025179 -0.070501 -0.046133 0.236481 -0.232416 
-0.096733 -0.428579 -0.153208 -0.162830 0.009942 0.132055 0.087912 -0.176275 0.006725 0.106588 0.003745 -0.091971 -0.002801 0.154470 -0.231277 
-0.033433 -0.379254 -0.160393 -0.132894 0.001376 -0.051399 -0.160360 -0.010766 0.043750 0.082366 0.112094 -0.090082 -0.103663 0.204058 -0.155323 
0.140758 -0.318100 -0.167386 -0.048287 0.029577 0.105544 -0.192907 0.008862 0.106120 0.034273 0.036578 -0.120694 -0.059990 0.237260 -0.209447 
-0.181935 -0.420460 -0.122670 -0.041944 0.061258 0.053083 -0.153231 -0.097837 0.209190 -0.031138 0.020158 -0.072220 -0.068951 0.237980 -0.227593 
-0.135271 -0.441390 -0.350732 -0.026470 0.101924 -0.040731 -0.010866 -0.000372 0.051662 -0.009586 0.116928 -0.154334 -0.120233 0.307443 -0.201024 
-0.069057 -0.222426 -0.087966 -0.060512 0.078915 -0.007374 -0.159583 0.050746 0.112120 -0.077694 0.039321 -0.012590 -0.077670 0.175082 -0.168827 
0.597275 -0.977987 0.044400 -0.404267 -0.044591 -0.100686 0.043760 0.020334 -0.050411 0.060711 0.103048 0.071898 -0.146773 0.069789 -0.137233 
0.743865 -0.714068 0.458163 -0.416202 -0.064370 -0.231095 0.076023 0.002736 -0.184895 -0.037283 0.045961 0.205146 -0.122397 0.026758 0.062357 
1.162857 -0.901253 1.102800 -0.060189 -0.056393 -0.324769 -0.078769 -0.050962 -0.132097 -0.070596 -0.151117 0.181822 -0.041998 -0.064400 0.068840 
1.427832 -1.214418 1.243438 -0.261699 -0.170649 -0.414528 -0.210814 -0.032520 -0.082861 -0.048444 -0.072390 0.312938 0.027696 -0.047023 0.120338 
1.250543 -1.303310 1.269377 -0.417497 -0.120516 -0.382244 -0.240103 -0.084305 -0.130696 -0.086251 0.015447 0.204228 0.103743 -0.074855 0.181377 
1.078848 -1.272753 1.137234 -0.378771 -0.094410 -0.364639 -0.226123 -0.127171 -0.123051 -0.092153 0.042648 0.164296 0.123498 -0.084332 0.174094 
1.164406 -1.385189 1.250513 -0.352176 -0.162758 -0.307927 -0.258933 -0.043850 -0.129592 -0.072923 0.040863 0.122239 0.149550 -0.113153 0.166669 
1.162945 -1.392624 1.275330 -0.313549 -0.227636 -0.266693 -0.247115 0.012834 -0.126871 -0.042031 0.046784 0.103482 0.129171 -0.097112 0.120862 
1.234228 -1.446287 1.305858 -0.326361 -0.221484 -0.281607 -0.227145 0.035805 -0.148661 0.006492 0.023602 0.112187 0.122273 -0.098751 0.118224 
1.216383 -1.422607 1.287512 -0.305523 -0.258087 -0.255835 -0.229204 0.076076 -0.161225 0.013291 0.033986 0.121358 0.093834 -0.104445 0.128678 
1.203109 -1.418533 1.286625 -0.336638 -0.252842 -0.283161 -0.182323 0.059168 -0.160128 0.015828 0.041053 0.136384 0.070275 -0.095418 0.117265 
1.292275 -1.512884 1.353614 -0.340469 -0.250488 -0.309522 -0.194592 0.110853 -0.168034 0.041081 0.005806 0.194460 0.037537 -0.083083 0.084392 
1.227993 -1.421930 1.291311 -0.338150 -0.314460 -0.259426 -0.207652 0.105507 -0.165294 0.044937 0.006917 0.200794 0.048579 -0.100317 0.087150 
1.253191 -1.399459 1.296674 -0.322248 -0.338552 -0.301303 -0.180226 0.069848 -0.116776 0.016840 0.037227 0.214199 0.042086 -0.077777 0.057978 
1.247338 -1.393686 1.279863 -0.370624 -0.307271 -0.286610 -0.206863 0.103492 -0.120762 0.022351 0.063890 0.184786 0.041720 -0.072433 0.056193 
1.298260 -1.455858 1.283238 -0.325340 -0.285921 -0.352924 -0.144948 0.040180 -0.088787 0.004730 0.063920 0.182958 0.044145 -0.055060 0.038313 
1.212515 -1.298006 1.044367 -0.212179 -0.403649 -0.239988 -0.172941 -0.030885 -0.064326 -0.040300 0.064116 0.155412 0.105393 -0.070025 0.026784 
1.409429 -1.134056 0.912403 -0.261064 -0.500885 -0.264379 -0.098831 -0.012035 0.004897 -0.011603 0.045436 0.199963 0.081868 -0.078698 -0.034599 
1.188479 -0.994854 0.820320 -0.270664 -0.433118 -0.309662 -0.168885 0.061329 0.004421 -0.002568 0.084331 0.193078 0.102187 -0.094818 -0.027655 
1.229297 -0.972598 0.772985 -0.236837 -0.548477 -0.336888 -0.146520 0.008485 0.016931 0.006123 0.101501 0.247912 0.112950 -0.063300 -0.059953 
1.030818 -0.970054 0.878863 -0.370483 -0.494933 -0.298241 -0.230985 0.056811 0.020692 0.014213 0.148289 0.249001 0.068744 -0.006731 -0.097133 
0.681669 -0.601033 0.889939 -0.232111 -0.488178 -0.358903 -0.156044 0.020425 0.047431 0.030819 0.064483 0.296938 0.099080 -0.135881 0.010343 
0.626401 -0.531106 0.733811 -0.214557 -0.485641 -0.420089 -0.158785 0.036225 0.001575 0.080856 0.091979 0.281951 0.124002 -0.102928 -0.032342 
0.354562 -0.361178 0.486575 -0.003874 -0.701296 -0.332558 -0.106788 -0.038747 0.084354 -0.024735 0.231730 0.301053 -0.074991 0.034776 -0.005331 
0.148501 -0.475485 0.337163 -0.071122 -0.494001 -0.327893 -0.134502 -0.117641 0.151206 0.035916 0.170653 0.165229 0.036668 0.095552 -0.127872 
-0.188325 -0.604957 0.357535 0.030312 -0.447507 -0.288340 -0.116492 -0.068788 0.118408 -0.007903 0.133352 0.131510 -0.024023 0.119547 -0.138071 
