city012_091
GYOODA
62
-0.628643 -0.409413 0.653797 -0.534417 0.119534 0.102489 -0.190679 0.096714 0.053110 -0.108494 0.081603 -0.012856 -0.064516 0.127264 -0.152808 
-0.279248 -0.696627 0.650205 -0.400005 0.100890 0.043077 -0.153976 -0.183826 0.132861 0.077760 -0.061722 0.000888 -0.041245 0.132529 -0.141742 
-0.230676 -0.739117 0.804156 -0.524631 -0.176337 -0.014765 -0.247358 -0.090952 0.188234 0.017571 -0.018040 0.142125 -0.078293 0.108093 -0.102063 
0.547523 -0.707607 1.482515 0.009880 -0.250578 -0.092379 -0.079891 -0.100069 -0.231027 -0.217487 0.044612 -0.135619 -0.107428 0.092148 -0.138327 
1.278615 -1.112276 1.520096 -0.037350 -0.267464 -0.175182 -0.128286 0.023198 -0.290805 -0.281053 0.224125 -0.196712 -0.078784 0.168947 -0.174512 
1.530736 -1.081805 1.002836 -0.121007 -0.300271 -0.159542 -0.196134 0.013703 -0.341537 -0.333122 0.265217 -0.136795 -0.067031 0.284592 -0.186448 
1.762148 -1.214491 0.866865 -0.422700 -0.014548 -0.029775 -0.326073 -0.173941 -0.285898 0.004480 0.297587 -0.167236 -0.022158 0.329043 -0.238368 
1.977752 -1.017093 0.570506 -0.673216 0.051388 0.088648 -0.326396 -0.230542 -0.242695 0.002979 0.333882 -0.044670 0.041084 0.187985 -0.268370 
1.930571 -0.779540 0.343379 -0.677824 -0.056759 0.037636 -0.191539 -0.111498 -0.342464 -0.052009 0.336824 -0.042027 0.119252 0.235283 -0.231618 
1.911475 -0.811857 0.288362 -0.723713 -0.025403 -0.073554 -0.094133 -0.095039 -0.285530 -0.102559 0.178366 0.021796 0.202348 0.273218 -0.240507 
1.858440 -0.628342 0.272755 -0.768470 -0.126326 -0.014759 -0.098406 -0.002146 -0.266399 -0.140478 0.097152 0.000414 0.208705 0.309514 -0.190057 
1.897049 -0.562861 0.394115 -0.831148 -0.166634 0.061353 -0.103819 0.034650 -0.223906 -0.148850 0.072844 -0.080830 0.175371 0.304531 -0.196405 
1.960307 -0.689169 0.526784 -0.886016 -0.116909 -0.019119 -0.092981 0.101741 -0.242471 -0.147796 -0.002955 -0.136680 0.206584 0.293386 -0.159444 
1.843237 -0.664246 0.427468 -0.802468 -0.053354 -0.103053 -0.086689 0.107286 -0.178786 -0.258748 -0.020642 -0.094822 0.203599 0.281428 -0.108688 
1.892301 -0.709707 0.444644 -0.807483 -0.013742 -0.138054 -0.077138 0.114168 -0.176286 -0.250711 -0.059132 -0.018110 0.176931 0.265994 -0.111556 
1.858518 -0.670859 0.423737 -0.806558 -0.012505 -0.116395 -0.136848 0.148054 -0.168688 -0.270993 -0.036161 0.015106 0.137547 0.275726 -0.112422 
1.852339 -0.567895 0.384314 -0.783012 -0.049713 -0.096050 -0.194990 0.187535 -0.197316 -0.230542 -0.057409 0.004802 0.137553 0.231094 -0.038455 
1.929448 -0.658257 0.490441 -0.824537 -0.021000 -0.181010 -0.180016 0.184205 -0.174062 -0.230079 -0.067738 -0.016923 0.136873 0.212201 -0.010600 
1.862509 -0.495622 0.340683 -0.703387 -0.129073 -0.149403 -0.198407 0.166238 -0.100434 -0.290191 -0.040433 -0.044780 0.113055 0.253352 -0.056154 
1.838390 -0.516322 0.388694 -0.760780 -0.067893 -0.221826 -0.177950 0.200585 -0.103607 -0.278248 -0.065880 -0.020345 0.116760 0.221087 -0.045191 
1.971155 -0.605305 0.421560 -0.808600 -0.004555 -0.279254 -0.145433 0.219788 -0.102619 -0.280402 -0.065693 0.028900 0.085033 0.230968 -0.057543 
1.879281 -0.619794 0.428572 -0.803228 -0.040440 -0.248708 -0.134557 0.185176 -0.055375 -0.274171 -0.062740 -0.029449 0.147842 0.173478 -0.017382 
1.833510 -0.581754 0.452707 -0.840402 -0.040445 -0.237389 -0.136445 0.153687 -0.005492 -0.287496 -0.059735 -0.076722 0.173314 0.167742 -0.037092 
1.741314 -0.506621 0.401294 -0.814863 -0.091054 -0.166901 -0.163683 0.185385 -0.046757 -0.199244 -0.119912 -0.055178 0.156948 0.175188 -0.064636 
1.849175 -0.616141 0.510321 -0.909965 -0.034834 -0.194755 -0.145538 0.180447 -0.051169 -0.149744 -0.164279 -0.048005 0.166484 0.142733 -0.038216 
1.781376 -0.541972 0.457001 -0.859876 -0.097470 -0.157527 -0.158898 0.161874 -0.018457 -0.184484 -0.137403 -0.070197 0.166251 0.149954 -0.039534 
1.837836 -0.564103 0.484725 -0.859933 -0.119721 -0.129746 -0.180694 0.177355 -0.040998 -0.152584 -0.171238 -0.036788 0.113735 0.193879 -0.085305 
1.837391 -0.555101 0.498193 -0.849512 -0.164577 -0.131273 -0.156842 0.140821 -0.007893 -0.231232 -0.096444 -0.121121 0.147033 0.196912 -0.071341 
1.887258 -0.573241 0.488624 -0.847278 -0.146634 -0.138165 -0.176872 0.175473 -0.061358 -0.206304 -0.113566 -0.101483 0.150341 0.185718 -0.026719 
1.944018 -0.457280 0.463307 -0.889583 -0.214656 0.003938 -0.166035 0.073825 -0.077171 -0.151453 -0.102875 -0.112563 0.122271 0.269895 -0.129058 
1.844556 -0.482316 0.475656 -0.889512 -0.214980 0.093384 -0.168410 0.041717 -0.130234 -0.154479 -0.059000 -0.136780 0.224109 0.210663 -0.087380 
1.944647 -0.575150 0.519600 -0.996777 -0.163556 0.172818 -0.133006 -0.021350 -0.190004 -0.191418 0.033899 -0.132328 0.294278 0.245600 -0.157658 
1.750162 -0.641368 0.455948 -0.863993 -0.128861 0.139355 -0.092650 -0.023837 -0.258097 -0.147300 -0.004060 -0.039038 0.262090 0.259564 -0.213339 
1.800887 -0.790466 0.497739 -0.867270 -0.065149 0.225490 -0.151177 -0.105114 -0.279005 -0.049864 0.185395 -0.063667 0.248293 0.116938 -0.277298 
1.848539 -0.874805 0.546744 -0.712768 0.102558 0.212738 -0.165915 -0.159560 -0.337658 0.032539 0.208574 -0.088834 0.130168 0.084697 -0.349699 
1.792584 -0.942026 0.689850 -0.607145 0.232253 0.099535 -0.278575 -0.157546 -0.248238 0.161824 0.153007 -0.142844 0.060314 0.061178 -0.222536 
1.717973 -0.993276 0.766389 -0.521405 0.353880 0.047498 -0.262349 -0.222945 -0.286851 0.184595 0.077263 -0.222266 0.093587 -0.010973 -0.143380 
1.464672 -0.679189 0.709313 -0.274569 0.361200 0.020738 -0.167796 -0.159895 -0.273631 0.175110 -0.037209 -0.265549 0.088739 0.020913 -0.209023 
1.089988 -0.001015 0.691234 0.198466 -0.122752 0.253063 -0.100107 -0.466354 -0.032162 -0.015242 -0.144686 -0.227853 -0.014429 0.036953 -0.261502 
1.082643 -0.048524 0.688947 0.230456 -0.174080 0.298920 -0.040980 -0.496461 -0.026006 -0.025523 -0.108089 -0.262216 0.040859 -0.035039 -0.226872 
0.913228 -0.277167 0.480427 0.125333 0.081008 0.059369 0.008773 -0.203893 -0.067091 -0.050951 -0.104023 -0.009097 -0.087896 0.062430 -0.209853 
0.878974 -0.692143 0.462219 -0.198388 0.009896 -0.265393 -0.306801 -0.085094 -0.002024 0.095839 -0.108993 0.042589 0.173810 0.048142 -0.093188 
1.483991 -1.255231 0.783331 -0.367783 0.030078 -0.273342 -0.410508 0.009765 -0.078056 0.222166 -0.079363 -0.059353 0.315487 0.009914 -0.144815 
1.309891 -1.256333 0.630236 -0.480899 -0.054932 -0.219089 -0.399817 -0.008760 0.062821 0.321984 0.000198 -0.100345 0.293628 -0.039740 -0.096497 
1.430173 -1.435932 0.626253 -0.586516 0.070517 -0.196359 -0.384672 0.062066 0.141272 0.296506 -0.018317 -0.145593 0.191826 0.003290 -0.183425 
1.326619 -1.490280 0.435337 -0.670359 0.182627 -0.214443 -0.227049 0.113985 0.205871 0.206956 -0.011584 -0.234890 0.084282 0.037660 -0.173516 
1.315636 -1.534910 0.376070 -0.741609 0.188021 -0.253415 -0.069828 0.082866 0.141987 0.272645 0.042339 -0.359412 0.067656 0.071438 -0.155730 
1.203081 -1.481939 0.284853 -0.739056 0.141206 -0.155495 -0.030405 0.016196 0.156527 0.289169 0.042206 -0.357558 -0.003172 0.101312 -0.183511 
1.239742 -1.462441 0.244376 -0.704343 0.097106 -0.087901 -0.039364 0.044404 0.081142 0.342858 0.000281 -0.326485 -0.020699 0.099923 -0.195957 
1.305062 -1.531532 0.274392 -0.749560 0.131877 -0.105987 -0.008916 0.003823 0.120525 0.302402 0.032144 -0.344424 -0.003674 0.078255 -0.187677 
1.267119 -1.455325 0.188635 -0.734182 0.117903 -0.057599 -0.051506 0.052920 0.066803 0.328830 0.008405 -0.342348 0.027643 0.046907 -0.174303 
1.364117 -1.507960 0.218917 -0.739661 0.139450 -0.044242 -0.044537 0.048323 0.052569 0.333778 -0.025952 -0.315967 0.025681 0.039609 -0.165444 
1.449253 -1.539385 0.274075 -0.760239 0.128365 -0.025693 -0.044552 0.043719 0.056521 0.315045 -0.006409 -0.327607 0.043161 0.008338 -0.136234 
1.625360 -1.615607 0.265437 -0.735107 0.103823 0.004755 -0.071591 0.062759 0.065934 0.299801 0.003726 -0.321254 0.015988 0.026590 -0.185261 
1.581616 -1.518271 0.176324 -0.700786 0.071180 0.028445 -0.072319 0.073785 0.037800 0.345655 -0.055772 -0.285609 0.023728 -0.002021 -0.164085 
1.529519 -1.418182 -0.002064 -0.612974 -0.000593 0.065481 -0.079115 -0.003740 0.102340 0.324225 -0.036031 -0.270809 0.029792 -0.008974 -0.147659 
1.651394 -1.406862 -0.041814 -0.630609 -0.053324 0.094484 -0.057452 -0.052396 0.184484 0.300504 -0.040915 -0.245415 -0.046369 0.044638 -0.180644 
1.291171 -1.071486 -0.095882 -0.655852 -0.011947 0.088072 -0.044632 -0.041076 0.128670 0.350690 -0.034937 -0.300515 -0.022938 0.007656 -0.140186 
1.473320 -0.974025 -0.290690 -0.550678 -0.042312 0.140169 -0.088871 -0.051705 0.085075 0.285849 0.035794 -0.251683 -0.018306 0.046801 -0.166862 
0.997793 -0.762510 -0.477593 -0.400313 -0.165448 0.121721 -0.030335 -0.088386 0.254757 0.374121 0.016357 -0.367127 -0.175506 0.059984 -0.182189 
0.549524 -0.672980 -0.375661 -0.330322 -0.214418 0.077305 -0.043907 0.101290 0.149106 0.270748 0.058754 -0.338300 -0.207718 0.106727 -0.104146 
0.340529 -0.712975 -0.415106 -0.186816 -0.294898 0.266057 -0.018232 -0.095962 0.129015 0.168803 0.062386 -0.210479 -0.125380 0.146339 -0.193895 
