city012_088
RYOOGOKU
94
-0.088509 -0.067536 -0.017788 -0.045970 -0.038760 -0.141563 -0.229994 0.119700 0.083916 -0.103161 0.124240 -0.007110 -0.086460 0.173709 -0.152057 
0.224928 -0.838222 0.244070 -0.202419 -0.308450 0.303740 -0.107318 -0.058637 0.203087 -0.124056 0.000427 0.087302 -0.172260 0.197850 -0.171161 
0.192431 -0.787312 0.839976 -0.593018 -0.000465 0.169294 -0.075928 -0.042208 -0.042191 -0.092492 0.103594 0.078554 -0.188612 0.183106 -0.107761 
0.360639 -0.404986 0.967849 -0.218011 0.012195 0.162752 0.040758 -0.200668 -0.180567 0.013471 -0.034623 -0.037444 -0.126762 0.126496 -0.181234 
0.954746 -0.882896 1.507316 -0.136723 -0.251568 0.092252 -0.197064 -0.089855 -0.188267 -0.298465 0.099875 -0.146437 -0.171168 0.151730 -0.176170 
1.133374 -0.808635 1.378189 -0.087943 -0.348351 0.048379 -0.217747 -0.033695 -0.260456 -0.338947 0.153209 -0.167508 -0.164696 0.168807 -0.179798 
1.326854 -1.109289 1.434026 -0.012803 -0.377864 -0.084687 -0.148553 -0.089562 -0.285368 -0.283524 0.143571 -0.134112 -0.155225 0.223091 -0.223422 
1.357932 -1.181499 1.135964 0.035190 -0.236086 -0.138539 -0.256387 -0.161427 -0.211435 -0.216819 0.069423 -0.093359 -0.079781 0.218960 -0.125120 
1.689388 -1.275644 1.102447 -0.150330 -0.044482 -0.144284 -0.393297 -0.198830 -0.130259 -0.071560 0.015329 -0.159802 0.041288 0.293887 -0.199472 
1.693540 -1.136146 0.832460 -0.194888 0.036892 -0.113469 -0.416588 -0.281477 -0.108979 0.032620 0.012191 -0.124360 0.036444 0.247649 -0.102003 
1.721681 -1.066787 0.577748 -0.276841 0.026418 0.114535 -0.492075 -0.259138 -0.187465 -0.042323 0.259560 -0.169654 -0.050943 0.261910 -0.099958 
2.046976 -1.144320 0.591573 -0.489160 0.024467 0.157627 -0.289676 -0.303080 -0.286981 -0.071631 0.255568 -0.081902 0.006347 0.240973 -0.295197 
1.761086 -0.912835 0.413941 -0.478256 -0.041054 0.103838 -0.188569 -0.260272 -0.286143 -0.087220 0.088193 0.046299 0.143369 0.144427 -0.247523 
1.838326 -0.987329 0.448653 -0.568535 0.057175 -0.069338 -0.057394 -0.180673 -0.316099 -0.129235 -0.035045 0.159273 0.199067 0.141232 -0.256139 
1.859870 -0.889240 0.503902 -0.655222 0.027163 -0.116511 -0.097842 -0.102432 -0.211078 -0.194637 -0.084382 0.113849 0.209840 0.175388 -0.161888 
1.831128 -0.886867 0.478861 -0.629275 -0.059084 -0.116860 -0.119089 0.014425 -0.216031 -0.286474 -0.092994 0.087237 0.274384 0.181013 -0.116381 
1.975436 -0.887820 0.434149 -0.658229 0.025924 -0.199811 -0.075418 0.026948 -0.214287 -0.282586 -0.086946 0.128464 0.201142 0.213729 -0.099042 
1.907355 -0.696300 0.351388 -0.655206 0.004850 -0.183971 -0.157894 0.042608 -0.205017 -0.184194 -0.156329 0.077836 0.197348 0.222027 -0.066166 
1.913392 -0.643267 0.396421 -0.643597 -0.057778 -0.223346 -0.146867 0.008592 -0.111983 -0.169989 -0.183213 0.068456 0.179207 0.197718 -0.080323 
2.009695 -0.675836 0.462755 -0.673707 -0.075457 -0.270448 -0.119209 0.042899 -0.102132 -0.163067 -0.187755 0.076655 0.146062 0.181691 -0.068057 
1.946715 -0.659680 0.415235 -0.630860 -0.115941 -0.249518 -0.144377 0.103329 -0.124172 -0.159234 -0.161915 0.009807 0.196169 0.140649 -0.031609 
2.013306 -0.736047 0.502844 -0.747772 -0.040541 -0.277596 -0.129237 0.118124 -0.121455 -0.115876 -0.239598 0.069365 0.158373 0.155845 -0.041398 
2.004620 -0.743520 0.443236 -0.730802 -0.043202 -0.255529 -0.126257 0.094108 -0.090428 -0.114591 -0.261735 0.077355 0.184015 0.146630 -0.022311 
2.035780 -0.723328 0.398487 -0.707031 -0.020941 -0.314276 -0.062399 0.113970 -0.117045 -0.092483 -0.244013 0.070462 0.161238 0.157392 -0.055270 
1.977339 -0.689750 0.390455 -0.749641 0.007501 -0.301382 -0.066932 0.098983 -0.095647 -0.105623 -0.255219 0.086068 0.170060 0.153938 -0.040132 
2.065112 -0.765116 0.382172 -0.729506 0.021701 -0.347145 -0.019058 0.114807 -0.133851 -0.097566 -0.215973 0.067199 0.172281 0.143591 -0.015485 
1.898847 -0.671156 0.341190 -0.732954 -0.008822 -0.267984 -0.083417 0.076403 -0.080934 -0.112448 -0.241637 0.066703 0.192413 0.158926 -0.017215 
2.014478 -0.788492 0.427666 -0.850129 0.086967 -0.273523 -0.106555 0.073786 -0.092306 -0.081848 -0.271402 0.088981 0.200677 0.180976 -0.041877 
1.919291 -0.679692 0.271969 -0.681290 -0.023597 -0.241624 -0.108596 0.070019 -0.095287 -0.107822 -0.230115 0.063541 0.200566 0.177925 -0.007372 
1.954803 -0.718406 0.332574 -0.736247 0.012622 -0.251532 -0.110630 0.066567 -0.078685 -0.112396 -0.248213 0.074618 0.193532 0.183801 -0.026490 
2.025414 -0.724654 0.296290 -0.672884 -0.015450 -0.284119 -0.083226 0.111437 -0.131044 -0.105856 -0.224927 0.076950 0.158512 0.186190 -0.006932 
1.921127 -0.643647 0.297588 -0.702640 -0.005784 -0.274235 -0.094561 0.108053 -0.109619 -0.114555 -0.219044 0.033429 0.182388 0.187924 -0.036206 
1.977034 -0.722492 0.436888 -0.811061 0.029971 -0.281651 -0.089198 0.117811 -0.123310 -0.080947 -0.281287 0.066567 0.170168 0.183001 -0.041986 
1.863406 -0.627327 0.417476 -0.787835 -0.017124 -0.239622 -0.132348 0.143756 -0.132349 -0.086314 -0.295763 0.032684 0.178535 0.179620 -0.028947 
1.902123 -0.662989 0.475435 -0.834476 0.004760 -0.277862 -0.055072 0.094867 -0.100504 -0.098586 -0.266444 -0.000549 0.177437 0.175377 -0.040733 
1.863414 -0.634388 0.552413 -0.871835 -0.023265 -0.250019 -0.067581 0.139383 -0.147392 -0.123744 -0.223388 -0.064469 0.205380 0.137071 -0.002271 
1.825066 -0.544830 0.617983 -0.900373 -0.082346 -0.206547 -0.047858 0.105457 -0.132614 -0.163379 -0.154447 -0.141783 0.193909 0.155824 -0.050318 
1.923435 -0.421604 0.710899 -0.975050 -0.232395 -0.004915 -0.123685 0.111949 -0.213721 -0.140307 -0.137091 -0.220995 0.190186 0.214861 -0.092379 
1.868092 -0.310362 0.699268 -0.912120 -0.295556 0.028777 -0.120645 0.112327 -0.228867 -0.150080 -0.097829 -0.315472 0.168469 0.231921 -0.148608 
2.007308 -0.259184 0.781903 -0.928414 -0.238900 -0.013935 -0.020670 0.089820 -0.260165 -0.114375 -0.088535 -0.308060 0.099575 0.269599 -0.198290 
1.893197 -0.174521 0.645760 -0.719217 -0.243013 0.016094 -0.013409 0.098244 -0.290307 -0.108758 -0.055198 -0.359519 0.088716 0.230087 -0.203300 
1.910308 -0.181929 0.518794 -0.575211 -0.151834 0.036422 0.026676 0.032183 -0.322699 -0.111126 -0.068306 -0.326218 0.094213 0.218671 -0.210439 
1.953299 -0.174343 0.446657 -0.520996 -0.124941 0.105323 0.077972 0.006902 -0.369107 -0.163957 -0.061776 -0.292901 0.095528 0.247435 -0.201198 
1.971942 -0.141592 0.354626 -0.532785 -0.094551 0.120108 0.089412 0.000535 -0.448156 -0.181710 -0.057525 -0.220088 0.098340 0.286269 -0.189789 
2.003563 -0.192362 0.347590 -0.560956 -0.077936 0.074694 0.063180 -0.018548 -0.455122 -0.179451 -0.016997 -0.224049 0.121698 0.290301 -0.205037 
1.924163 -0.284862 0.382662 -0.546727 -0.115711 0.053148 -0.055113 -0.064668 -0.418889 -0.150919 0.027275 -0.207563 0.144583 0.261355 -0.207384 
1.988511 -0.511668 0.461554 -0.687171 -0.035895 -0.012895 -0.066828 -0.106324 -0.445003 -0.094758 0.052370 -0.153593 0.226771 0.246533 -0.221281 
1.876310 -0.725620 0.500795 -0.721257 0.007230 -0.067795 -0.098426 -0.011854 -0.457718 -0.083671 0.103863 -0.173924 0.319153 0.183342 -0.167720 
1.758032 -0.832354 0.481010 -0.758793 0.011081 -0.094563 -0.062136 0.071796 -0.446222 -0.040996 0.090618 -0.140034 0.318828 0.202923 -0.205273 
1.770428 -0.961731 0.503924 -0.887376 0.050228 -0.120837 -0.029672 0.046910 -0.358927 -0.023696 0.164761 -0.125312 0.321497 0.155899 -0.186177 
1.679756 -0.966606 0.423157 -0.892244 0.067317 -0.133718 -0.023715 0.017902 -0.330543 -0.017632 0.216595 -0.086449 0.313608 0.129596 -0.209894 
1.690747 -0.885232 0.422543 -0.907082 0.058885 -0.089702 -0.023118 0.001442 -0.370390 0.026933 0.195268 -0.043821 0.278005 0.130649 -0.240406 
1.816054 -0.761880 0.469888 -0.908902 0.002778 0.000266 0.010039 -0.009050 -0.454262 0.077252 0.106756 -0.039795 0.298812 0.132048 -0.245200 
1.876448 -0.660682 0.466362 -0.837613 0.064283 -0.079374 0.106190 -0.004251 -0.484948 0.040225 0.010124 -0.103681 0.314898 0.123116 -0.134738 
1.873015 -0.341590 0.349841 -0.694322 0.086810 -0.124975 0.148359 0.017059 -0.477688 -0.037839 -0.138762 -0.203985 0.259370 0.170307 -0.069720 
2.113998 0.270378 0.343537 -0.459110 0.083038 0.044979 0.214904 0.015002 -0.390471 0.015118 -0.035281 -0.194058 0.088921 0.140999 -0.192684 
1.365057 0.580503 0.392692 -0.058240 0.152692 0.381355 0.129655 0.096585 -0.129661 -0.120405 0.117448 -0.025368 -0.048057 0.166481 -0.204742 
0.879480 0.257856 0.393519 -0.137057 0.032404 0.292179 0.193210 0.157655 -0.075583 -0.019875 0.193624 -0.068597 0.007337 0.226821 -0.165613 
0.507662 0.058497 0.285659 -0.179211 -0.154800 0.007836 -0.063998 -0.083097 -0.081216 -0.057438 0.122114 -0.045308 -0.082138 0.243144 -0.232636 
0.591600 0.003552 -0.078815 -0.287335 -0.293429 -0.044363 0.137092 -0.013539 -0.145660 -0.091125 0.232191 -0.092653 -0.025865 0.245024 -0.193972 
0.231390 0.103963 -0.028289 -0.226329 -0.067788 -0.107872 -0.007302 0.001342 0.000936 -0.025375 0.165121 -0.047375 -0.111318 0.180492 -0.139798 
0.356527 -0.102637 -0.043924 -0.267330 -0.159783 -0.015893 0.003437 -0.093784 -0.018382 0.084269 0.192611 -0.173568 0.036322 0.106505 -0.191434 
0.914189 -1.091118 -0.539158 -0.419592 0.156604 0.010722 0.012544 -0.003859 0.192214 -0.012909 -0.040944 -0.049586 -0.006965 0.026009 -0.192845 
1.209583 -1.077255 -0.516004 -0.592376 0.339525 0.223233 -0.014748 -0.250983 0.133755 0.083478 0.019079 -0.004217 -0.148718 0.023229 0.010284 
0.652959 -1.010126 -0.314540 -0.203352 0.357053 0.044480 -0.027180 -0.140720 -0.039940 0.093197 0.096520 -0.060859 -0.078408 0.073144 -0.112712 
0.908056 -0.720257 0.167181 0.046943 0.495437 0.160439 -0.093513 -0.207301 0.164375 0.117179 0.007428 -0.005363 -0.081238 0.078849 -0.055068 
0.928584 -0.830210 0.387567 0.198254 0.404224 0.193142 -0.016907 -0.141072 0.004155 0.212787 0.144384 -0.049916 -0.183430 0.150373 -0.000626 
1.119118 -0.682866 0.379105 0.228883 0.325470 0.137793 -0.117952 -0.194940 0.002164 -0.062750 0.043147 0.048958 -0.217044 0.006014 -0.099668 
1.531757 -0.785406 0.623699 -0.001438 0.157332 0.001033 -0.267801 -0.113472 -0.325039 -0.115300 0.066936 -0.286158 -0.049225 0.168261 -0.260466 
1.616957 -0.785881 0.607630 -0.039766 0.253189 0.063935 -0.311190 -0.152463 -0.331298 -0.020834 0.114864 -0.348919 -0.108878 0.203684 -0.219254 
1.659299 -0.776015 0.623860 -0.057944 0.226598 0.067155 -0.294328 -0.157378 -0.297210 -0.045531 0.125026 -0.339156 -0.100409 0.206952 -0.207160 
1.722169 -0.795118 0.619574 -0.040490 0.176726 0.080550 -0.301474 -0.182729 -0.273634 -0.026960 0.095230 -0.312651 -0.109655 0.229822 -0.201577 
1.772153 -0.784130 0.601367 -0.028260 0.184934 0.060302 -0.329496 -0.163541 -0.276440 -0.027471 0.101691 -0.357325 -0.111897 0.290398 -0.222923 
1.861217 -0.710654 0.512571 -0.015390 0.177020 0.054641 -0.347791 -0.149993 -0.289545 -0.014675 0.092791 -0.358389 -0.136479 0.322563 -0.206207 
1.866790 -0.666960 0.464619 0.119335 0.113953 -0.011060 -0.312126 -0.206214 -0.236957 -0.003226 0.096077 -0.339121 -0.113422 0.270381 -0.108087 
1.877575 -0.800907 0.560904 0.051931 0.130688 0.016302 -0.348256 -0.190886 -0.232515 -0.056686 0.123184 -0.330782 -0.164661 0.345757 -0.169437 
1.784172 -0.748723 0.521105 0.056878 0.160211 0.009846 -0.368710 -0.158109 -0.272346 -0.029818 0.116950 -0.368700 -0.133582 0.325962 -0.161143 
1.825277 -0.734593 0.501874 0.014142 0.196822 -0.016797 -0.349165 -0.180706 -0.257971 -0.046158 0.140035 -0.399272 -0.099636 0.287828 -0.112403 
1.819095 -0.641601 0.490964 0.048145 0.158093 -0.052816 -0.328855 -0.167348 -0.265892 -0.014619 0.119285 -0.370385 -0.082570 0.276047 -0.120110 
1.859235 -0.630659 0.521339 0.053428 0.129879 -0.040668 -0.309786 -0.209245 -0.262836 0.009554 0.101249 -0.337541 -0.110617 0.294615 -0.138442 
1.775096 -0.562621 0.514783 0.024246 0.138698 -0.016581 -0.369805 -0.162411 -0.271340 -0.020686 0.094469 -0.339066 -0.112190 0.317344 -0.187108 
1.599490 -0.615758 0.565943 0.002385 0.160521 -0.024168 -0.404236 -0.100691 -0.294695 -0.084699 0.157538 -0.384494 -0.082965 0.288847 -0.162704 
1.614083 -0.494640 0.583575 0.014796 0.187039 -0.074251 -0.455129 -0.060214 -0.308893 -0.032916 0.166685 -0.378272 -0.128175 0.377540 -0.168558 
1.525169 -0.501798 0.574585 0.129847 0.094333 -0.063894 -0.406776 -0.131847 -0.258220 -0.067869 0.148000 -0.338139 -0.155563 0.381108 -0.149181 
1.380044 -0.438044 0.521529 0.155831 0.160451 -0.084854 -0.410223 -0.147711 -0.281311 -0.014792 0.135136 -0.382182 -0.145292 0.360091 -0.107856 
1.346139 -0.441005 0.525891 0.142198 0.153512 -0.052432 -0.319264 -0.186242 -0.280537 0.032230 0.071038 -0.381746 -0.086944 0.279690 -0.154553 
1.028573 -0.020472 0.418161 0.225725 0.112656 -0.130317 -0.345898 -0.227373 -0.236576 0.007890 0.082525 -0.370108 -0.059955 0.335275 -0.128867 
1.153978 0.008957 0.354106 0.293773 0.180285 -0.080830 -0.330362 -0.215938 -0.095611 0.018967 0.087636 -0.323579 -0.066590 0.280271 -0.063096 
0.817253 0.267674 0.335422 0.157522 0.195631 0.002377 -0.376403 -0.175614 -0.068174 -0.010941 0.085689 -0.275579 -0.049395 0.242593 -0.109691 
0.951946 0.214043 0.420852 0.296056 0.056250 0.011730 -0.265606 -0.185525 -0.019631 -0.078577 0.056904 -0.211813 -0.089380 0.268503 -0.176479 
0.822269 0.362292 0.415447 0.227303 0.051818 -0.138840 -0.227566 -0.167119 0.042203 -0.098004 0.110270 -0.123643 0.009056 0.233322 -0.095520 
0.636598 0.412200 0.322365 0.150407 0.005056 -0.020205 -0.296388 -0.289931 0.095938 -0.068198 -0.002596 -0.085636 -0.051946 0.265482 -0.158581 
0.138594 0.227865 0.372470 0.195645 -0.150509 -0.119697 -0.222436 -0.120364 -0.081883 -0.123622 0.053015 -0.084941 -0.062161 0.245115 -0.168601 
-0.073912 0.002833 0.270394 0.116481 -0.113830 -0.069020 -0.172094 0.082991 0.057565 -0.089718 0.125972 -0.111230 0.008340 0.185346 -0.237635 
