city012_073
SHOOWAJIMA
108
0.053667 -0.221723 0.207540 0.002719 0.354555 -0.023017 -0.013898 0.006438 -0.038178 0.194457 -0.015147 -0.106318 0.011497 0.142865 -0.120832 
-0.175572 -0.099302 0.614511 -0.091642 0.296660 -0.188013 0.084396 -0.008524 -0.247467 0.223080 -0.065682 -0.108070 0.030912 0.065913 -0.121263 
-0.156084 -0.185030 0.501035 -0.207552 0.569284 -0.183499 -0.146423 -0.009145 -0.124334 0.178790 -0.045118 -0.114141 -0.045832 0.122850 -0.047937 
-0.116507 -0.329371 0.522233 -0.372513 0.309169 -0.255309 0.179584 -0.036965 -0.063901 0.080058 -0.043338 0.050684 -0.095703 0.109038 -0.077031 
-0.321326 -0.262203 0.343866 -0.576438 0.290813 -0.141394 0.008007 -0.195632 -0.079975 0.269162 -0.108152 0.021337 0.026690 -0.024027 -0.025330 
-0.536123 -0.384091 0.398996 -0.727642 0.415716 -0.202882 -0.031964 0.074108 -0.022733 0.044035 -0.036684 0.046695 -0.058885 0.038475 -0.018348 
-0.887830 -0.684048 0.468572 -0.668164 0.354561 -0.364611 0.204604 0.170399 -0.027678 -0.090921 -0.057981 0.100543 -0.036041 -0.047441 0.052591 
-0.725498 -0.421594 0.328689 -0.789116 0.342749 -0.462932 0.216183 0.270322 0.021028 -0.152881 0.035960 0.018521 -0.089959 -0.042843 0.056835 
-0.845584 -0.560867 0.386537 -0.727120 0.353172 -0.345478 0.208610 0.340711 -0.206765 -0.066561 -0.022507 0.054881 -0.028549 -0.064528 0.102652 
-0.931188 -0.380743 0.403819 -0.764865 0.515414 -0.409620 0.189996 0.317100 -0.203501 -0.063944 -0.027931 0.117762 -0.098103 0.007006 0.068675 
-0.772216 -0.543630 0.344819 -0.598748 0.530586 -0.387883 0.011120 0.182199 -0.142776 0.096167 -0.014749 -0.028962 0.001697 0.029177 -0.032522 
-0.739231 -0.571695 0.751908 -0.667640 0.384689 -0.303850 -0.073927 0.204049 -0.188313 0.147066 -0.064862 0.039177 -0.034012 0.038848 -0.009917 
-0.539730 -0.526322 0.884798 -0.571312 0.355334 -0.426840 0.056813 0.209170 -0.055456 -0.097946 0.032606 0.083333 0.000082 -0.127122 0.078548 
-0.371783 -0.745327 0.779956 -0.658003 0.397948 -0.362883 0.041120 0.192904 -0.064750 -0.019345 0.001194 -0.000906 0.032659 -0.032784 -0.040436 
-0.061456 -0.784916 1.000819 -0.648866 0.172078 -0.581163 -0.073305 0.179160 -0.021893 0.030750 -0.016118 0.151518 0.089284 -0.117745 -0.017419 
0.447409 -0.855444 0.889046 -0.506593 0.294048 -0.464962 -0.118693 0.227388 -0.042954 0.025784 -0.132864 0.115033 0.156263 -0.132456 -0.101173 
0.886072 -0.684901 0.677448 -0.199062 0.314910 -0.104736 0.046098 0.211424 0.053249 -0.009189 -0.158253 0.149318 0.089299 -0.028589 -0.148926 
1.589122 -0.884576 0.704163 -0.303120 0.012694 -0.108870 -0.245439 -0.078474 0.087906 -0.053486 -0.094864 0.032909 0.065636 0.089475 -0.163424 
1.590455 -1.172790 0.904985 -0.568038 -0.016611 -0.090248 -0.378970 -0.117388 -0.116433 -0.007866 0.045175 0.032424 0.122577 0.125387 -0.109407 
1.521461 -1.007463 0.653891 -0.562926 0.035649 -0.066686 -0.223210 -0.263777 -0.172160 -0.084388 0.040227 0.174452 0.041862 0.118070 -0.106996 
1.694133 -1.056212 0.658148 -0.697670 0.087813 -0.001162 -0.221703 -0.180586 -0.233128 -0.150396 0.069348 0.268160 -0.017312 0.137139 -0.152178 
1.709471 -1.046742 0.546619 -0.631447 0.016238 -0.015673 -0.151210 -0.182157 -0.205120 -0.176063 0.059160 0.137488 0.165083 0.127017 -0.188705 
1.717379 -0.896483 0.589563 -0.771647 0.021039 -0.094681 -0.108996 -0.057248 -0.111811 -0.269519 -0.013114 0.082721 0.197997 0.148759 -0.098373 
1.751364 -0.892026 0.559281 -0.783103 0.029322 -0.157357 -0.072490 0.021034 -0.174395 -0.288802 -0.032778 0.091784 0.205897 0.185037 -0.089423 
1.684819 -0.806471 0.419854 -0.704750 0.024884 -0.148050 -0.069786 0.082877 -0.166633 -0.318013 -0.016046 0.154353 0.126121 0.195837 -0.091135 
1.798191 -0.834510 0.465340 -0.781600 0.071180 -0.173896 -0.065905 0.072900 -0.160629 -0.281031 -0.076247 0.198734 0.104370 0.209362 -0.088875 
1.677744 -0.704484 0.431504 -0.781660 0.049224 -0.183490 -0.090809 0.010954 -0.094039 -0.282289 -0.087269 0.139899 0.161730 0.195462 -0.068113 
1.774447 -0.729037 0.515105 -0.829938 0.070866 -0.247802 -0.087245 0.032910 -0.079910 -0.250256 -0.100913 0.125819 0.132037 0.186252 -0.058846 
1.808125 -0.703958 0.487721 -0.811983 0.031397 -0.251959 -0.128503 0.098416 -0.089121 -0.243880 -0.113492 0.106588 0.134324 0.186600 -0.036523 
1.869075 -0.726623 0.441226 -0.774856 0.019497 -0.267329 -0.143890 0.166064 -0.163647 -0.183970 -0.148627 0.126201 0.109526 0.223056 -0.054855 
1.855259 -0.692025 0.447015 -0.805158 0.033870 -0.289696 -0.103723 0.124799 -0.115719 -0.233541 -0.128239 0.146822 0.088159 0.235468 -0.059329 
1.907093 -0.718339 0.421017 -0.789927 0.057573 -0.345230 -0.093199 0.161799 -0.170333 -0.192981 -0.124838 0.108151 0.108892 0.224253 -0.023710 
1.949388 -0.791726 0.457320 -0.820594 0.075848 -0.356149 -0.084365 0.177945 -0.222014 -0.149396 -0.165658 0.128640 0.110733 0.233411 0.002805 
1.892631 -0.766789 0.459180 -0.847919 0.063880 -0.339792 -0.089770 0.176118 -0.203471 -0.138375 -0.168597 0.118453 0.136229 0.207125 0.016818 
1.845338 -0.737778 0.413261 -0.808119 0.030847 -0.283346 -0.119767 0.144217 -0.201544 -0.100119 -0.209629 0.123673 0.168371 0.209439 -0.009317 
1.822356 -0.714786 0.440437 -0.879194 0.068197 -0.295125 -0.087719 0.073626 -0.125747 -0.131715 -0.202554 0.117165 0.198944 0.191937 -0.022629 
1.786329 -0.697597 0.438382 -0.894555 0.077814 -0.285671 -0.072868 0.016038 -0.107990 -0.126898 -0.193711 0.108552 0.236744 0.179114 -0.033513 
1.790206 -0.703526 0.431532 -0.887005 0.045018 -0.243648 -0.110732 0.025372 -0.117652 -0.082911 -0.234607 0.100627 0.256416 0.179802 -0.037530 
1.807928 -0.674519 0.408677 -0.857832 0.011416 -0.207348 -0.122206 0.014408 -0.123554 -0.073875 -0.243989 0.134952 0.216497 0.211227 -0.068943 
1.803848 -0.659811 0.443152 -0.883212 0.008327 -0.215322 -0.114775 0.018592 -0.117451 -0.078283 -0.220420 0.112228 0.209037 0.200074 -0.061764 
1.873311 -0.732032 0.503998 -0.887128 0.018716 -0.241999 -0.088337 -0.001858 -0.108444 -0.087423 -0.187252 0.090430 0.227869 0.164095 -0.054050 
1.868966 -0.724827 0.511475 -0.876710 -0.021215 -0.172241 -0.163578 0.045080 -0.130993 -0.064498 -0.198041 0.075938 0.208122 0.165479 -0.032223 
1.870209 -0.712271 0.546680 -0.855281 -0.078078 -0.122679 -0.180238 0.057971 -0.119807 -0.095724 -0.156062 0.074177 0.168134 0.168909 -0.048339 
1.880208 -0.726437 0.574366 -0.883377 -0.044445 -0.165375 -0.127312 0.029538 -0.111271 -0.107002 -0.120052 0.049283 0.181431 0.163972 -0.064927 
1.878510 -0.696583 0.558431 -0.874340 -0.077377 -0.126555 -0.164523 0.050134 -0.106084 -0.107183 -0.135112 0.043783 0.185617 0.147725 -0.031821 
1.878879 -0.685463 0.520744 -0.855981 -0.057289 -0.138475 -0.170907 0.047342 -0.089654 -0.114316 -0.140207 0.038252 0.188616 0.154589 -0.044361 
1.873197 -0.629857 0.533928 -0.838398 -0.114168 -0.132267 -0.123888 0.007983 -0.056965 -0.162744 -0.120505 0.018334 0.180771 0.156608 -0.039560 
1.971933 -0.681754 0.601861 -0.804323 -0.238613 -0.033082 -0.158638 0.036900 -0.078026 -0.181460 -0.080862 -0.019427 0.169194 0.170158 -0.054009 
2.022383 -0.710250 0.645050 -0.813456 -0.305027 0.030143 -0.193832 0.028547 -0.017363 -0.236508 -0.087587 -0.064499 0.148508 0.217206 -0.081985 
1.952738 -0.561574 0.637808 -0.870484 -0.374226 0.084194 -0.183125 -0.000818 -0.006661 -0.273532 -0.093570 -0.105759 0.137428 0.271751 -0.078660 
1.835062 -0.172789 0.585903 -0.978755 -0.340607 0.170742 -0.200324 0.018672 -0.046046 -0.247692 -0.105515 -0.177382 0.135677 0.227013 -0.065712 
1.970003 -0.419650 0.680575 -1.032874 -0.295377 0.137826 -0.200164 0.015648 -0.052424 -0.254503 -0.079930 -0.140705 0.153875 0.269996 -0.097445 
1.716113 -0.418308 0.457450 -0.859470 -0.204182 0.013524 -0.227718 0.088964 -0.103508 -0.189682 -0.131403 -0.070439 0.221252 0.170376 -0.004198 
1.771588 -0.747746 0.479043 -0.923708 -0.053697 -0.142980 -0.106074 0.106420 -0.136508 -0.163533 -0.075453 0.075895 0.216595 0.206682 -0.089504 
1.601766 -0.858545 0.286879 -0.856852 -0.057327 -0.069149 -0.015763 0.071501 -0.140353 -0.128719 -0.013561 0.104650 0.283453 0.103850 -0.096697 
1.667891 -1.108943 0.285924 -0.864159 -0.114203 -0.084912 0.023860 0.039249 -0.090312 -0.071454 0.067170 0.148158 0.286820 -0.013241 -0.127130 
1.659308 -1.307140 0.335291 -0.831636 -0.086008 -0.077359 -0.024875 0.009768 -0.124350 0.088658 0.138086 0.198369 0.127857 -0.070405 -0.263952 
1.449064 -1.241736 0.360087 -0.911897 -0.074489 -0.018733 0.054321 -0.177168 -0.083675 0.145990 0.235605 0.118217 0.109104 -0.122357 -0.258065 
1.543734 -1.190127 0.415878 -1.048834 0.009893 0.043904 -0.005384 -0.205650 0.003190 0.187956 0.230673 -0.010410 0.102054 -0.132291 -0.245127 
1.476309 -1.183742 0.371155 -0.875735 0.027887 0.077779 -0.147814 -0.171259 0.015251 0.304872 0.196986 -0.094342 0.014743 -0.088817 -0.215118 
1.562905 -1.306199 0.492351 -0.895830 0.104421 0.001858 -0.184616 -0.158327 0.069492 0.308783 0.184069 -0.163437 0.041848 -0.056595 -0.180341 
1.522239 -1.274626 0.538274 -0.739578 0.086580 -0.091405 -0.295998 -0.066745 0.113133 0.358798 0.047081 -0.171658 0.100146 0.013473 -0.155024 
1.478394 -1.269487 0.606096 -0.618777 0.070462 -0.188775 -0.352359 -0.060577 0.161746 0.332612 -0.002351 -0.122269 0.143213 0.050047 -0.129137 
1.640686 -1.446437 0.790980 -0.565810 0.109367 -0.292232 -0.358062 -0.013505 0.078701 0.333973 -0.136171 0.034481 0.168396 -0.007628 -0.029554 
1.495653 -1.198746 0.866239 -0.434279 0.193148 -0.298244 -0.378179 0.002912 0.013211 0.159267 -0.204868 0.144584 0.126055 -0.028716 0.037451 
1.435671 -1.021926 1.000823 -0.238039 0.187401 -0.313360 -0.353095 -0.137445 -0.026682 0.067822 -0.308994 0.112245 0.118432 0.034504 -0.030477 
1.237038 -0.750151 0.889479 -0.025609 0.101657 -0.290809 -0.235209 -0.164713 -0.038722 -0.054721 -0.318318 0.088859 0.107237 -0.068130 -0.043069 
1.065984 -0.478459 0.744780 0.087641 0.035912 -0.309143 -0.083620 -0.101098 0.074829 -0.163896 -0.181434 0.104169 0.091003 -0.080751 -0.106108 
0.748582 -0.458091 0.705402 0.068166 0.216275 -0.302367 -0.007940 -0.128475 -0.016908 -0.085843 -0.250018 0.119674 -0.011012 -0.062407 -0.115059 
0.600444 -0.501623 0.664295 0.084117 0.293241 -0.306603 0.082551 -0.076403 -0.008457 -0.093628 -0.135419 0.079846 0.041269 -0.146750 -0.048146 
0.429427 -0.396290 0.663252 0.078367 0.262096 -0.312286 0.124059 -0.143515 -0.066700 -0.041504 -0.136617 0.032397 0.026218 -0.132473 -0.019356 
0.253946 -0.212634 0.815499 0.014856 0.167646 -0.464386 0.187321 -0.133649 -0.076570 -0.009758 -0.237074 0.182313 -0.020929 -0.128245 0.014722 
0.408056 -0.414422 0.933321 -0.078099 0.176143 -0.372581 0.109734 -0.160505 -0.160281 -0.023953 -0.217142 0.131063 -0.066169 -0.136552 0.089101 
0.583885 -0.472542 1.203372 -0.117397 -0.047328 -0.257957 -0.043779 -0.083907 -0.169679 -0.088998 -0.158282 0.112355 -0.011534 -0.180927 0.180399 
0.688572 -0.636166 1.245505 -0.067305 -0.026175 -0.195603 -0.042703 -0.119328 -0.188709 -0.163213 -0.160514 0.100735 -0.142948 -0.123089 0.129140 
0.701633 -0.599653 1.209447 -0.065251 0.010944 -0.192173 -0.018590 -0.156463 -0.123163 -0.200589 -0.155103 0.139589 -0.228843 -0.047741 0.068504 
0.776381 -0.631773 1.434629 -0.213269 0.039785 -0.233517 -0.034035 -0.077889 -0.190575 -0.115826 -0.119351 0.078088 -0.130821 -0.063099 0.082498 
0.856654 -0.710802 1.585219 -0.206086 -0.056739 -0.076438 -0.108876 -0.056838 -0.226209 -0.108577 -0.118478 0.019943 -0.135548 -0.045559 0.046434 
0.929917 -0.792477 1.554184 -0.270190 -0.013951 -0.019250 -0.126934 -0.071392 -0.205881 -0.149942 -0.046523 -0.058004 -0.125895 -0.029806 0.024598 
0.977677 -0.854550 1.591355 -0.288717 -0.076459 0.027168 -0.193948 -0.017348 -0.219764 -0.135667 -0.007200 -0.081163 -0.082127 -0.005091 -0.012746 
1.096151 -1.046851 1.588617 -0.253854 -0.119521 0.082367 -0.221639 -0.028397 -0.213263 -0.177674 0.062735 -0.149423 -0.085475 0.102244 -0.151431 
1.294650 -1.205807 1.297743 0.118220 -0.223130 0.043808 -0.163221 -0.049602 -0.189548 -0.307209 0.128052 -0.144196 -0.206803 0.206825 -0.260561 
1.392679 -0.930629 0.949266 0.416574 -0.114193 0.046208 -0.190677 -0.076056 -0.125720 -0.232931 0.000301 -0.200969 -0.194225 0.207032 -0.267034 
1.438493 -0.892938 0.939591 0.430261 -0.123607 0.018281 -0.102976 -0.154758 -0.177619 -0.140441 -0.035832 -0.263221 -0.139124 0.186694 -0.309382 
1.352246 -0.931212 0.999375 0.415565 -0.135058 0.032458 -0.098739 -0.191204 -0.147036 -0.140809 -0.055353 -0.256421 -0.137623 0.184442 -0.322172 
1.283491 -0.787264 0.963647 0.471281 -0.231759 0.044408 -0.037618 -0.249148 -0.142851 -0.082920 -0.067315 -0.299491 -0.040724 0.130548 -0.305105 
1.253054 -0.914951 1.044073 0.355603 -0.108347 0.024007 -0.037369 -0.286750 -0.143853 -0.019757 -0.109011 -0.321534 -0.011345 0.116979 -0.323604 
1.271207 -0.900012 1.009173 0.358516 -0.136409 0.087053 -0.072569 -0.336211 -0.113296 0.058450 -0.187223 -0.307818 0.032602 0.089829 -0.292751 
1.761872 -1.171368 0.631475 -0.296850 0.088852 0.177540 -0.079117 -0.226879 -0.218724 0.045383 0.117020 -0.154469 0.108130 0.024565 -0.282302 
1.829799 -1.369342 0.440612 -0.542933 0.158297 0.004734 -0.111843 0.042587 -0.143625 0.237268 0.143271 -0.302088 0.105911 0.070114 -0.204744 
1.766450 -1.451376 0.298234 -0.537485 0.208569 -0.060880 -0.076799 0.072458 -0.098020 0.292614 0.085291 -0.323136 0.041742 0.094434 -0.139929 
1.745399 -1.539933 0.308573 -0.582249 0.188963 -0.044709 -0.031789 0.062292 -0.050583 0.279435 0.025498 -0.300643 0.026762 0.093583 -0.117672 
1.566909 -1.484457 0.188701 -0.553608 0.142361 0.034031 -0.084655 0.053299 -0.075660 0.268125 0.041251 -0.298940 0.067547 0.086341 -0.132243 
1.661713 -1.579201 0.253284 -0.615281 0.215653 -0.001237 -0.025883 0.088538 -0.124630 0.288083 0.041669 -0.319811 0.044396 0.097226 -0.166685 
1.597081 -1.457554 0.144658 -0.592731 0.189125 0.061096 -0.065145 0.079982 -0.132733 0.295953 0.044504 -0.344385 0.106259 0.023097 -0.069830 
1.721957 -1.548118 0.201683 -0.603118 0.256063 -0.005189 0.038771 0.071386 -0.134185 0.297358 -0.001473 -0.304699 0.071812 0.026998 -0.090931 
1.657519 -1.494521 0.132041 -0.615962 0.236315 0.022843 0.011186 0.043845 -0.128735 0.266551 0.016488 -0.262131 0.057185 0.051022 -0.124455 
1.777729 -1.548016 0.164255 -0.640554 0.270450 0.004695 0.063384 0.034840 -0.144617 0.283212 0.014221 -0.269117 0.048538 0.033392 -0.113688 
1.707160 -1.458691 0.088580 -0.610317 0.246125 0.015746 0.050860 0.027959 -0.149223 0.290804 -0.014773 -0.241981 0.061132 0.036410 -0.113632 
1.716102 -1.460354 0.075482 -0.607079 0.243357 0.036366 0.038571 0.027109 -0.140721 0.283855 -0.024274 -0.239998 0.053820 0.057675 -0.098716 
1.780158 -1.464780 0.067953 -0.591439 0.265726 0.016609 0.072802 0.014524 -0.122778 0.286774 -0.038467 -0.261055 0.059108 0.062394 -0.081660 
1.781240 -1.380035 -0.022872 -0.566182 0.249601 0.010572 0.090677 -0.030080 -0.111855 0.284942 -0.031771 -0.235342 0.022061 0.103544 -0.103970 
1.679674 -1.230098 -0.077498 -0.580423 0.248693 0.032969 0.092471 -0.076980 -0.108712 0.299375 -0.019489 -0.218355 -0.001386 0.077242 -0.057557 
1.547120 -1.109932 -0.152980 -0.507379 0.176538 0.107041 0.055339 -0.096963 -0.086143 0.270192 -0.012532 -0.229573 0.014016 0.099254 -0.035136 
1.568825 -1.023366 -0.206231 -0.548698 0.177231 0.096170 0.028288 -0.089509 -0.115751 0.283843 0.011697 -0.210628 -0.017134 0.158571 -0.133672 
1.318513 -0.819126 -0.299196 -0.372925 0.158308 0.083026 0.108953 -0.096276 -0.097267 0.278688 0.007172 -0.243133 -0.029869 0.122522 -0.035551 
0.960724 -0.393509 -0.259696 -0.351216 0.051742 0.291015 0.103840 -0.062337 0.044230 0.252288 0.118672 -0.281881 -0.185250 0.120192 -0.094121 
1.044036 -0.143907 -0.188174 -0.289759 0.019525 -0.018007 -0.156711 0.006673 0.164195 0.135637 0.186452 -0.113333 -0.156688 0.092567 -0.131824 
