city012_028
FUCHUU
64
-0.157694 -0.082658 0.077835 0.114359 0.048161 0.084109 -0.003141 0.032944 0.110271 -0.090689 0.002072 0.087391 -0.079264 0.047679 -0.020859 
0.096188 0.147230 0.203200 0.085624 0.015307 0.116026 0.040561 -0.111120 -0.003990 -0.251359 0.214658 -0.033400 -0.116112 0.032161 -0.011097 
0.201296 0.277592 0.213197 0.175508 0.136110 0.154421 0.020107 0.119399 0.159627 -0.102555 0.089519 0.095804 -0.019964 0.011716 0.034232 
0.385663 0.450802 0.486402 0.096807 0.076398 0.113200 0.078223 0.008530 0.051903 -0.124567 0.067056 0.032099 -0.108553 0.042416 -0.003611 
0.651244 0.366656 0.366807 0.300970 0.089018 0.067458 -0.038583 -0.068104 -0.048691 -0.119496 -0.002119 -0.036125 -0.125787 -0.043394 0.058666 
0.980086 0.557277 0.263108 0.171018 0.136230 0.059678 -0.153337 -0.114981 0.113427 -0.113292 -0.047292 0.056167 -0.088594 -0.002744 0.046581 
1.229874 0.356514 0.184636 0.198928 0.202077 0.167261 -0.163694 -0.142811 0.129310 -0.086285 -0.036856 -0.048561 -0.032382 -0.043709 0.006071 
1.332179 0.099394 0.316241 0.282737 0.282972 0.356634 -0.005382 -0.243743 0.041581 0.004036 0.066007 -0.187103 -0.003657 -0.108269 -0.101791 
1.347930 -0.250569 0.205258 0.423460 0.116909 0.085796 -0.161441 -0.178404 0.095673 0.013779 -0.080900 -0.196125 0.104569 -0.018206 -0.107798 
1.513304 -0.148400 0.284561 0.038187 0.092741 0.077275 -0.218525 -0.085925 0.054810 -0.027374 -0.072940 -0.172849 0.132353 -0.027883 -0.106568 
1.629904 -0.304363 0.260557 0.184767 0.314703 0.118177 -0.261954 -0.259759 0.044825 0.030015 -0.035133 -0.295809 0.008180 0.017384 -0.011232 
1.645838 -0.370059 0.486222 0.029738 -0.007845 -0.156062 -0.300026 -0.141179 0.140700 0.014293 -0.032104 -0.095351 0.146045 0.081937 -0.071264 
1.779911 -0.616620 0.441090 0.090860 -0.019155 -0.085169 -0.257919 -0.136184 -0.062335 -0.245932 0.097612 -0.112726 -0.000520 0.019758 -0.008461 
1.676639 -0.504283 0.391038 0.009969 0.172718 -0.160537 -0.298277 -0.089332 -0.061870 -0.137217 0.080096 -0.121021 -0.018464 0.095539 -0.034877 
1.747811 -0.417060 0.583633 -0.040052 -0.201616 -0.289288 -0.066439 -0.036627 -0.086493 -0.131255 0.049218 -0.102393 0.098073 -0.010771 -0.032478 
1.491270 -0.214436 0.840082 0.120617 0.031008 -0.328232 0.034284 -0.116073 -0.188619 -0.209333 -0.022872 -0.088723 -0.023296 -0.085372 -0.031772 
1.400735 -0.031079 1.008002 -0.119957 0.119017 -0.287287 0.265040 0.079390 -0.189348 -0.051666 -0.070178 -0.058901 -0.071965 -0.151625 0.010943 
0.876299 0.135282 0.549085 0.108939 0.338703 0.015522 0.087085 0.117420 0.035960 -0.090526 0.028783 0.048638 -0.026216 -0.037737 0.007095 
0.237093 0.153593 0.120652 0.146284 0.138123 0.072290 -0.128992 -0.055232 0.150108 -0.139096 0.051809 -0.000799 -0.033775 -0.016536 0.044376 
-0.072617 -0.013354 0.039927 -0.012202 -0.082390 -0.036257 -0.101542 -0.020309 0.160284 -0.075754 0.015180 -0.007603 0.027848 -0.033539 0.011442 
-0.174239 -0.047808 -0.041478 0.018537 -0.182435 -0.041157 0.018528 0.012366 0.006687 -0.143998 0.101662 0.123476 -0.181989 0.035465 0.065146 
-0.231036 -0.032942 0.009844 -0.112881 -0.154416 0.065649 0.095100 -0.051166 -0.013592 -0.070703 0.084223 0.016179 -0.097591 0.086594 -0.021502 
-0.245319 -0.000461 0.048448 -0.154529 -0.165716 0.095184 -0.157692 -0.129814 0.100255 -0.123061 0.170948 -0.006636 -0.068919 0.076139 -0.020054 
-0.261701 -0.265228 0.056597 -0.105900 -0.188467 -0.103865 0.002915 -0.062477 0.089578 -0.133270 0.167837 0.047868 -0.101496 -0.023274 0.092068 
-0.291233 -0.187736 0.099008 0.184966 0.029719 0.049970 -0.038992 -0.009507 0.121328 -0.170591 0.101479 0.039240 -0.087682 0.020692 0.016055 
-0.238728 -0.170091 0.018301 0.098621 -0.034257 -0.016373 -0.122183 0.025897 0.124836 -0.202242 0.096679 0.033326 -0.018408 -0.080256 0.070353 
-0.225203 -0.615757 0.082918 -0.433848 0.024013 -0.155633 0.024441 0.097974 0.002055 -0.072224 0.208077 -0.058606 -0.085393 -0.014600 0.020390 
-0.291254 -0.637038 0.199634 -0.502293 0.134624 -0.160000 0.015750 0.072452 -0.044268 -0.013633 0.150616 -0.028532 -0.098193 0.031661 0.000428 
-0.746585 -0.585875 0.579859 -0.473223 0.359585 -0.215045 0.143436 -0.085931 -0.010947 0.023626 0.015602 -0.004164 -0.030967 0.032750 -0.017844 
-0.260600 -0.815524 0.456635 -0.737728 0.287749 -0.250032 0.166387 -0.035179 0.014464 0.087730 -0.056194 0.014387 -0.026773 -0.039245 0.066463 
-0.521093 -0.827362 0.552282 -0.761586 0.278551 -0.153669 0.182986 -0.027118 -0.016707 0.042239 -0.061101 0.010122 0.030570 -0.056983 0.045315 
-0.652953 -0.595340 0.662981 -0.714511 0.326286 -0.216550 0.047622 0.020807 0.086025 0.038053 -0.169373 0.085932 0.065605 -0.112045 0.035795 
0.061560 -0.515107 0.853323 -0.653513 0.191085 -0.098555 0.032056 0.171014 -0.029104 0.099877 -0.184520 0.117371 0.024233 -0.121681 0.050105 
-0.009008 -0.421504 0.969040 -0.766839 0.292293 -0.168702 0.163072 0.188282 -0.075674 0.118788 -0.084185 0.010833 0.016746 -0.045614 0.022567 
-0.043923 -0.590813 0.890966 -0.532778 0.095474 -0.180976 0.127242 0.016187 -0.172746 0.196272 -0.151374 0.054756 0.103531 -0.191288 0.130696 
0.001155 -0.436514 0.972411 -0.704503 0.128728 -0.135467 -0.005312 0.012096 -0.073512 0.136078 -0.098241 -0.006056 0.162001 -0.196726 0.084387 
0.643797 -1.032667 1.510483 -0.195366 0.001975 -0.153169 -0.067457 0.020620 -0.151591 -0.105928 0.013510 -0.069734 0.044277 -0.079908 -0.010469 
0.809307 -1.286659 1.592780 -0.061523 -0.139016 -0.092915 -0.296202 -0.011609 -0.199410 -0.304323 0.044043 -0.133755 -0.009480 -0.017936 -0.070998 
0.952013 -1.339150 1.549948 -0.008834 -0.200226 -0.020314 -0.310355 -0.011142 -0.221694 -0.287864 0.076147 -0.182192 -0.002526 -0.000128 -0.102067 
1.092539 -1.419135 1.617306 -0.039295 -0.216291 -0.005345 -0.270911 -0.030123 -0.235394 -0.250403 0.104456 -0.244433 0.026974 0.029388 -0.141308 
0.988048 -1.328261 1.566710 -0.056382 -0.175851 -0.076562 -0.195372 -0.005156 -0.239127 -0.226611 0.099293 -0.175346 -0.015949 0.033745 -0.122121 
1.044505 -1.372131 1.614786 -0.061679 -0.190984 -0.090274 -0.157422 0.011678 -0.275546 -0.141757 0.053971 -0.151008 -0.029957 0.087943 -0.184985 
1.022729 -1.309930 1.576361 -0.051842 -0.189366 -0.200164 -0.082434 -0.003555 -0.225604 -0.226224 0.166199 -0.184843 0.004732 0.078358 -0.164029 
0.996238 -1.242896 1.401577 0.077046 -0.257778 -0.188083 -0.133450 0.013798 -0.282889 -0.215582 0.169501 -0.213396 0.017082 0.097341 -0.159471 
0.983941 -1.180135 1.372234 0.093665 -0.259641 -0.250993 -0.156376 0.048073 -0.299483 -0.258861 0.190508 -0.194008 0.028572 0.073103 -0.109871 
1.026964 -1.223210 1.265928 0.177211 -0.247677 -0.246009 -0.236136 0.067837 -0.290287 -0.317622 0.184495 -0.193547 0.023136 0.102435 -0.152387 
1.078217 -1.255381 1.228543 0.188800 -0.203672 -0.282136 -0.239563 0.086700 -0.308674 -0.303137 0.185281 -0.214949 0.043929 0.105907 -0.170309 
1.332947 -1.317782 1.160816 0.198182 -0.170199 -0.273869 -0.264119 0.100224 -0.237026 -0.367342 0.215044 -0.205739 0.032940 0.147304 -0.215001 
1.465141 -1.302174 0.982887 0.254207 -0.212733 -0.212969 -0.262619 0.070067 -0.176049 -0.380006 0.215558 -0.167835 0.009347 0.156320 -0.185605 
1.418923 -1.145319 0.933801 0.195550 -0.152970 -0.281459 -0.284395 0.091850 -0.190170 -0.337749 0.194366 -0.202565 0.078558 0.180943 -0.240845 
1.652667 -1.089484 0.685502 0.279624 -0.136468 -0.288178 -0.258368 0.076751 -0.159677 -0.352596 0.184480 -0.211968 0.094358 0.155619 -0.212849 
1.757140 -1.056679 0.618252 0.391339 -0.288882 -0.198005 -0.303926 0.007825 -0.106713 -0.302366 0.093029 -0.180692 0.114022 0.168108 -0.246524 
1.734234 -0.885715 0.514979 0.319068 -0.184021 -0.251281 -0.321772 -0.004533 -0.121508 -0.254823 0.063951 -0.246211 0.198734 0.164264 -0.268556 
1.663184 -0.950983 0.603204 0.234622 -0.147272 -0.219048 -0.375659 -0.027889 -0.091568 -0.311588 0.109098 -0.286618 0.196315 0.193186 -0.255839 
1.509439 -0.856070 0.622256 0.167138 -0.046543 -0.195645 -0.455882 0.035970 -0.152883 -0.263526 0.137948 -0.309221 0.117922 0.270135 -0.274532 
1.407944 -0.848809 0.711755 0.115860 0.070119 -0.293696 -0.386852 -0.067010 -0.095193 -0.220779 0.088253 -0.328667 0.167292 0.223238 -0.257475 
1.371134 -0.761011 0.634075 0.096065 0.077301 -0.222545 -0.416537 -0.066510 -0.133908 -0.191861 0.120386 -0.402933 0.176833 0.231190 -0.244808 
1.387164 -0.737477 0.545170 0.117271 0.053687 -0.163171 -0.464849 -0.072231 -0.145672 -0.186229 0.121670 -0.439458 0.201227 0.238995 -0.261623 
1.284264 -0.724314 0.534516 0.121845 0.024653 -0.161374 -0.521230 -0.047951 -0.171855 -0.181834 0.128458 -0.396243 0.183737 0.251100 -0.229057 
1.211151 -0.710129 0.538010 0.173007 0.011646 -0.192870 -0.503122 -0.068660 -0.191307 -0.127602 0.124479 -0.417530 0.160182 0.317046 -0.236648 
1.216888 -0.688465 0.497171 0.172857 0.012018 -0.253069 -0.465780 -0.085045 -0.153164 -0.135295 0.151987 -0.422099 0.209114 0.291077 -0.200797 
0.928594 -0.534055 0.455518 0.249615 0.015754 -0.296437 -0.459910 -0.122177 -0.193371 -0.082124 0.072734 -0.409292 0.190030 0.319042 -0.197595 
1.290358 -0.342756 0.445426 0.207804 0.016657 -0.138182 -0.325542 -0.116192 -0.043523 -0.215850 0.031266 -0.313943 0.169750 0.070034 -0.204968 
0.535834 -0.105550 0.381452 0.289130 -0.045908 -0.264196 -0.435875 -0.214996 -0.088154 -0.103455 -0.028550 -0.329508 0.220813 0.232154 -0.178225 
