city012_065
PURIZUMU
84
-0.163510 -0.129047 -0.005600 0.002370 0.051729 0.185031 0.028111 0.043398 0.059674 -0.174098 0.162118 -0.042089 -0.047951 0.162572 -0.171538 
0.922516 -1.000701 0.488136 -0.275661 0.149116 -0.078330 0.026128 0.109401 0.061647 -0.092734 -0.099934 0.123525 0.018254 -0.030812 -0.104093 
1.404896 -1.064181 0.507287 -0.076435 0.129952 -0.025187 -0.151448 -0.109328 -0.069328 -0.063914 0.049357 0.029893 -0.100548 0.111989 -0.150892 
1.772451 -0.411298 0.275119 -0.038221 -0.096801 -0.069484 -0.078301 -0.099806 -0.116894 -0.082083 0.031686 0.009499 -0.065786 0.131463 -0.118541 
1.613278 -0.426774 0.477651 -0.130847 0.053832 0.067651 0.072923 -0.053667 -0.146391 -0.119682 -0.005958 -0.011856 -0.045386 0.064396 -0.130196 
1.530108 -0.614762 0.568422 0.013238 0.147367 0.115572 -0.071736 -0.144264 0.170345 -0.001774 -0.103882 0.048079 -0.050500 0.101149 -0.139981 
1.938880 -0.464060 0.390598 0.025292 0.026667 -0.068390 -0.109380 -0.144581 0.064803 -0.181479 -0.165200 0.009789 -0.097723 0.148247 -0.168201 
2.017946 -0.179182 0.283338 -0.120114 0.073964 0.121682 -0.275247 -0.332890 -0.100784 -0.116852 0.084866 -0.029508 -0.166533 0.142198 -0.086113 
2.120616 -0.123717 0.247053 -0.092142 -0.021062 0.057178 0.012718 -0.180091 -0.062835 0.013179 -0.005964 -0.019640 -0.078687 0.130548 -0.161306 
2.045211 -0.465414 0.490363 -0.149693 0.196500 0.202193 -0.035410 -0.141684 -0.190136 -0.125573 0.091187 -0.174988 -0.063587 0.090368 -0.225354 
2.016294 -0.603138 0.560267 -0.264970 0.095493 0.194300 -0.129392 -0.327978 -0.293915 -0.049282 0.217866 -0.147090 -0.112259 0.156519 -0.282883 
1.929312 -0.953667 0.620874 -0.214906 0.034344 0.179469 -0.321822 -0.253075 -0.270301 -0.160144 0.205372 -0.206920 -0.123605 0.295758 -0.270924 
1.699925 -1.168332 0.750614 -0.069918 0.097795 0.040313 -0.431217 -0.268740 -0.193051 -0.084617 0.161291 -0.261148 -0.140841 0.324683 -0.146879 
1.589562 -1.102126 0.689544 0.283290 0.001918 -0.052155 -0.390589 -0.281016 -0.068721 -0.097169 -0.057151 -0.258887 -0.078440 0.282725 -0.141715 
1.154116 -0.338480 0.578579 0.647193 0.071208 -0.010225 -0.152099 -0.212733 0.062454 -0.039844 -0.210836 -0.305107 -0.024681 0.196050 -0.377999 
1.048885 -0.190710 0.569464 0.751512 0.030499 0.015068 -0.127829 -0.135698 0.096700 -0.110312 -0.161867 -0.301836 0.003727 0.162837 -0.416765 
0.950312 -0.458106 0.683265 0.417988 0.066506 -0.120569 0.049586 0.026240 -0.244018 0.013167 -0.109908 -0.051958 -0.103005 0.013297 -0.148705 
0.983600 -1.109823 1.563446 -0.131694 -0.159877 -0.053883 -0.151246 -0.044934 -0.248405 -0.119803 0.010038 -0.132093 -0.030083 0.056284 -0.144061 
0.898719 -1.016325 1.680019 -0.198603 -0.230898 0.067337 -0.230873 -0.041452 -0.257095 -0.170688 0.045682 -0.182046 -0.022782 0.028312 -0.077480 
1.016462 -1.125214 1.845595 -0.264159 -0.171539 0.061413 -0.256031 -0.022954 -0.192614 -0.232002 0.061651 -0.128455 -0.100964 0.083028 -0.106740 
0.797727 -0.981728 1.691471 -0.255863 -0.145727 0.179490 -0.296048 -0.038127 -0.185139 -0.273711 0.075855 -0.165160 -0.139872 0.050559 -0.041879 
0.913022 -1.047604 1.833081 -0.329929 -0.081129 0.150363 -0.340796 0.024520 -0.192615 -0.278480 0.085093 -0.158421 -0.172386 0.113080 -0.106448 
0.822553 -0.941268 1.803637 -0.343322 -0.083742 0.155265 -0.328347 0.015952 -0.188819 -0.318794 0.115352 -0.172417 -0.183177 0.091488 -0.064471 
0.883490 -0.963807 1.875098 -0.342615 -0.080358 0.143662 -0.361485 0.067445 -0.217080 -0.313642 0.119749 -0.164099 -0.213458 0.143872 -0.105977 
0.934569 -0.963776 1.867730 -0.397103 -0.041761 0.146394 -0.352806 0.051863 -0.221831 -0.325816 0.147861 -0.199630 -0.214597 0.147649 -0.089409 
0.865083 -0.871766 1.820595 -0.368641 -0.082605 0.167596 -0.337648 0.041327 -0.244154 -0.293776 0.116138 -0.183871 -0.231164 0.164186 -0.102774 
0.857267 -0.858979 1.795679 -0.390480 -0.081342 0.192013 -0.342547 0.031354 -0.244391 -0.298663 0.108752 -0.176548 -0.241399 0.150665 -0.075247 
0.732512 -0.740782 1.708653 -0.370657 -0.084377 0.198172 -0.326929 0.015311 -0.239822 -0.314569 0.123425 -0.199658 -0.227647 0.132391 -0.065128 
0.779396 -0.809802 1.782814 -0.396878 -0.050802 0.186826 -0.357435 0.051370 -0.274361 -0.277446 0.091238 -0.195517 -0.219193 0.121881 -0.070847 
0.756874 -0.776946 1.728985 -0.366728 -0.076620 0.196176 -0.334316 0.010134 -0.246552 -0.282602 0.081590 -0.192158 -0.201722 0.093599 -0.047342 
0.909643 -0.894316 1.851122 -0.386177 -0.043798 0.136858 -0.325922 0.005687 -0.228691 -0.259294 0.053072 -0.167651 -0.199865 0.126998 -0.106122 
0.877046 -0.906015 1.830055 -0.384563 -0.037621 0.138903 -0.322762 0.017253 -0.266106 -0.219376 0.028861 -0.169006 -0.189536 0.105229 -0.087900 
0.832645 -0.874469 1.842330 -0.356346 -0.059288 0.109079 -0.277061 -0.007632 -0.250621 -0.192638 -0.006960 -0.150036 -0.145724 0.044942 -0.053764 
0.877910 -0.896655 1.820225 -0.310606 -0.072289 0.086391 -0.231913 -0.040901 -0.250096 -0.152684 -0.033475 -0.160332 -0.103783 0.018408 -0.057180 
0.967390 -0.895494 1.821010 -0.251552 -0.103045 0.020771 -0.145818 -0.073560 -0.257739 -0.103733 -0.056805 -0.136587 -0.084993 0.025064 -0.073831 
0.902192 -0.820140 1.560068 -0.134703 -0.092306 0.004893 -0.051856 -0.118453 -0.284673 -0.074536 -0.091169 -0.144240 -0.088252 -0.028958 -0.052119 
0.814671 -0.707447 1.489628 0.009345 -0.105982 -0.072782 0.034872 -0.103203 -0.275355 -0.072305 -0.110334 -0.109355 -0.096354 -0.067356 -0.064205 
0.845630 -0.643825 1.266320 0.077143 -0.074777 -0.096886 0.107739 -0.129881 -0.233886 -0.032634 -0.141031 -0.059580 -0.078409 -0.073497 -0.082447 
0.714739 -0.494196 1.055409 0.193620 -0.062032 -0.069688 0.055783 -0.006627 -0.189740 -0.066692 -0.069099 -0.028053 -0.086885 -0.024994 -0.130049 
0.417305 -0.226143 1.056779 0.312183 -0.074505 -0.104588 0.017590 0.042604 0.041589 -0.141628 -0.053560 0.125200 -0.058747 0.008933 -0.087799 
0.324559 -0.306065 0.835711 0.096265 0.058616 0.033377 -0.017818 0.115931 0.061691 0.004936 -0.059512 0.122225 -0.038320 0.070729 -0.109441 
0.269690 -0.377107 0.722663 0.042158 0.267537 -0.068992 0.031144 0.040317 -0.081770 0.040224 0.020013 0.009749 -0.125883 0.121692 -0.049357 
0.378173 -0.187379 0.853681 0.132158 0.137098 -0.042656 -0.035151 -0.087016 -0.151795 -0.097073 -0.083205 -0.052607 -0.189884 0.036897 -0.075935 
0.523575 -0.315091 0.722046 0.277161 0.164970 -0.204890 0.021949 0.043530 -0.024626 0.003428 -0.152358 0.059148 0.003348 -0.009237 -0.085600 
0.901596 -0.528825 0.705140 0.163575 0.023879 -0.188542 -0.107384 0.078775 -0.021377 -0.061435 -0.128515 0.003452 0.104279 0.023239 -0.291191 
1.126421 -0.720577 0.797344 0.180625 0.098450 -0.285090 -0.106983 -0.055879 -0.109769 -0.086032 -0.232649 -0.025252 0.095612 -0.033630 -0.235078 
1.269595 -0.913550 0.908360 0.140107 0.052152 -0.214441 -0.183384 -0.054802 -0.133534 -0.170217 -0.195605 -0.071829 0.138642 -0.109472 -0.209665 
1.385697 -1.027112 1.067572 0.071173 0.071126 -0.280002 -0.187002 -0.015875 -0.173925 -0.109004 -0.197075 -0.065388 0.123817 -0.049450 -0.216616 
1.522942 -1.126500 1.114202 0.019572 0.058669 -0.321936 -0.192430 0.013652 -0.166874 -0.066043 -0.153833 -0.061743 0.165162 -0.031162 -0.211051 
1.577151 -1.182425 1.154701 -0.013080 0.072665 -0.337944 -0.204695 0.047112 -0.164709 0.013605 -0.126814 -0.086647 0.188703 0.024800 -0.236895 
1.638950 -1.225489 1.133483 -0.039685 0.083133 -0.350150 -0.207447 0.042398 -0.137767 0.048998 -0.106445 -0.108064 0.208933 0.065215 -0.280208 
1.508430 -1.072539 0.893463 0.003467 0.028837 -0.229088 -0.254005 0.004090 -0.165743 -0.006028 -0.104038 -0.172500 0.229783 0.028043 -0.255492 
1.703619 -1.207987 1.005824 -0.031655 0.146106 -0.241846 -0.284067 -0.072257 -0.095318 0.070860 -0.105185 -0.264643 0.215450 0.161958 -0.325341 
1.590127 -1.009863 0.711110 0.164294 0.020168 -0.010632 -0.279591 -0.280278 -0.075931 0.104389 -0.073931 -0.349352 0.122617 0.195198 -0.233802 
1.614859 -0.960882 0.803540 0.316530 -0.117114 0.162127 -0.075813 -0.369310 -0.161417 0.115143 -0.069583 -0.321785 0.002990 0.120086 -0.263263 
1.420201 -0.857122 1.083008 0.328287 -0.294632 0.219538 -0.013842 -0.370977 -0.097851 -0.059249 -0.155828 -0.227933 -0.066298 0.068987 -0.293430 
1.408927 -0.812252 1.141024 0.310737 -0.291653 0.174719 0.023008 -0.385498 -0.071501 -0.068948 -0.170090 -0.216791 -0.052402 0.045680 -0.266299 
1.362286 -0.847280 1.171331 0.272861 -0.284597 0.205746 0.020820 -0.364386 -0.107848 -0.074529 -0.139600 -0.226497 -0.084042 0.070957 -0.287915 
1.323881 -0.852263 1.168305 0.263196 -0.266881 0.212023 0.025453 -0.392975 -0.101520 -0.068290 -0.161150 -0.201282 -0.108509 0.060910 -0.263795 
1.331559 -0.795853 1.152953 0.347994 -0.291286 0.151705 0.037220 -0.383942 -0.067725 -0.073368 -0.174283 -0.215986 -0.059722 0.040659 -0.254207 
1.336962 -0.833056 1.119155 0.314800 -0.250435 0.150308 0.041615 -0.383538 -0.070690 -0.087775 -0.146720 -0.221383 -0.058627 0.022505 -0.223237 
1.610363 -0.966505 0.889647 0.021949 0.008796 0.075157 -0.068978 -0.295572 -0.257725 0.037633 0.018027 -0.276601 -0.006540 0.111121 -0.268159 
1.670821 -1.202040 0.831477 0.036264 0.002791 -0.044967 -0.273232 -0.202478 -0.137746 0.028896 -0.003333 -0.283642 0.096453 0.210740 -0.269669 
1.641226 -1.244276 0.914580 -0.000979 0.016164 -0.176340 -0.280440 -0.105123 -0.126844 0.039897 -0.021037 -0.250014 0.161243 0.202230 -0.299127 
1.535082 -1.200304 0.869496 -0.010358 -0.007999 -0.195913 -0.304863 -0.037976 -0.166809 -0.013846 0.002914 -0.229266 0.186393 0.169580 -0.291852 
1.706445 -1.367858 1.110184 -0.062979 0.006106 -0.302212 -0.288729 0.020222 -0.155184 0.045760 0.033308 -0.232873 0.212390 0.208918 -0.345832 
1.502850 -1.206942 0.929477 -0.011406 -0.031003 -0.262832 -0.278925 -0.009494 -0.147464 -0.026038 -0.007686 -0.189563 0.209693 0.144347 -0.293057 
1.589597 -1.255698 0.983046 -0.050901 -0.002654 -0.265918 -0.295198 0.003057 -0.160540 -0.019706 0.003757 -0.199857 0.199484 0.170264 -0.324285 
1.592498 -1.242185 0.977614 -0.074034 0.024317 -0.289752 -0.290769 0.010988 -0.171206 0.009967 -0.000237 -0.195799 0.183281 0.203283 -0.336585 
1.617139 -1.235390 0.930488 -0.041177 0.003742 -0.258594 -0.304136 -0.011600 -0.146718 -0.029384 0.003438 -0.205903 0.186253 0.206625 -0.346383 
1.620576 -1.206434 0.916001 -0.051108 0.036226 -0.255630 -0.279475 -0.045449 -0.162043 -0.011682 0.004923 -0.221511 0.158163 0.226113 -0.335550 
1.670940 -1.155649 0.820719 0.009664 -0.001991 -0.205757 -0.239153 -0.100970 -0.125594 -0.026007 -0.011657 -0.220227 0.150661 0.208826 -0.322597 
1.489278 -1.057470 0.725663 0.070892 -0.056534 -0.134368 -0.270562 -0.084656 -0.161675 -0.045548 0.023541 -0.243428 0.160916 0.162504 -0.261326 
1.622920 -1.093701 0.781681 -0.032740 0.053431 -0.206785 -0.231092 -0.084940 -0.184997 -0.019022 -0.000857 -0.230885 0.144790 0.192457 -0.322154 
1.479956 -0.972656 0.684121 0.034297 -0.022535 -0.116000 -0.287504 -0.084173 -0.174866 -0.062155 0.015257 -0.263072 0.180118 0.150007 -0.282602 
1.614968 -0.965050 0.679952 0.024364 -0.038139 -0.145055 -0.241460 -0.111870 -0.165656 -0.046252 0.003359 -0.229696 0.127226 0.223643 -0.327827 
1.522574 -0.777899 0.635255 -0.030721 -0.028082 -0.228135 -0.228428 -0.068023 -0.165330 -0.041675 0.037023 -0.254936 0.188552 0.192352 -0.299294 
1.561314 -0.775620 0.653340 -0.029995 -0.037651 -0.241632 -0.230663 -0.063577 -0.152145 -0.012210 -0.012728 -0.213479 0.184849 0.198927 -0.332265 
1.562266 -0.506769 0.582951 -0.032749 -0.008900 -0.159908 -0.246795 -0.061601 -0.122674 0.004276 -0.003437 -0.288276 0.176832 0.198099 -0.331449 
1.354570 -0.443237 0.626166 0.109095 0.036475 -0.167984 -0.232132 -0.053672 -0.160356 0.026187 -0.037290 -0.284209 0.138428 0.209425 -0.345793 
1.070943 -0.080320 0.595800 0.220307 -0.064773 -0.249811 -0.229179 -0.067622 -0.122603 0.067768 0.003105 -0.193356 0.171391 0.260231 -0.317694 
1.163957 0.085619 0.480465 0.167394 -0.079026 -0.168727 -0.083665 -0.255658 -0.127457 -0.027258 0.020114 -0.253951 0.080707 0.199088 -0.261420 
0.581454 0.136404 0.531887 0.287811 -0.052032 -0.226151 -0.228973 -0.152056 -0.102042 -0.127978 0.046887 -0.232857 0.044140 0.250504 -0.203993 
-0.043168 -0.220868 0.401765 0.214772 -0.122028 -0.208375 -0.285555 -0.016473 0.040486 -0.088958 -0.025711 -0.067263 0.114375 0.163555 -0.261311 
