city012_058
BAKUROCHOO
95
0.093721 -0.107366 0.166503 -0.055592 -0.107311 -0.031018 -0.357109 -0.247283 0.065523 0.001278 0.077976 -0.015945 -0.042468 0.269687 -0.151009 
0.104867 -0.017086 0.311007 0.019406 -0.218065 -0.110452 -0.303668 -0.310146 0.213270 -0.045479 -0.016900 -0.017857 0.123198 0.190866 -0.195263 
1.232922 -1.094372 0.251610 -0.344956 -0.073016 -0.147557 -0.124420 -0.067736 0.040026 0.088758 0.079053 0.038396 0.014996 0.045415 -0.161255 
1.891333 -0.566268 0.188090 -0.307849 -0.020482 0.127354 -0.160341 -0.185336 -0.238528 -0.009202 0.184713 -0.103711 0.006631 0.176183 -0.240704 
1.763507 -1.012415 0.331789 -0.771093 -0.016935 0.036878 -0.202613 -0.025911 -0.268705 0.215050 0.361007 -0.100613 0.056731 0.076203 -0.273999 
1.379984 -1.242098 0.299680 -0.833282 -0.062125 -0.024606 0.008226 -0.089424 -0.163712 0.240853 0.378172 -0.106538 0.012416 0.000198 -0.323811 
1.291498 -1.324556 0.275649 -0.853621 -0.037014 0.039552 0.034322 -0.079000 -0.126239 0.275459 0.292905 -0.142679 -0.027472 -0.046544 -0.291224 
1.268570 -1.404868 0.239980 -0.868949 0.008853 0.093540 0.042053 -0.005449 -0.142429 0.270693 0.234127 -0.218970 -0.015532 -0.064634 -0.242406 
1.322048 -1.475431 0.263349 -0.895050 0.068060 0.081711 0.054862 -0.006307 -0.134892 0.277520 0.214701 -0.261733 0.006289 -0.095630 -0.170931 
1.383440 -1.439512 0.322155 -0.882433 0.168138 0.061738 0.025345 -0.004366 -0.210947 0.392402 0.104760 -0.221045 -0.020119 -0.054700 -0.148647 
1.566603 -1.417705 0.311675 -0.724766 0.228721 -0.060446 0.072810 0.005055 -0.271147 0.443597 0.011441 -0.147334 -0.027681 -0.029914 -0.109888 
1.789235 -1.171465 0.256293 -0.672181 0.270551 -0.187085 0.101685 -0.065403 -0.206538 0.460667 0.036627 -0.171903 0.038450 -0.106251 -0.086869 
1.801352 -0.656313 0.033052 -0.471928 0.188794 -0.155003 0.012572 -0.193648 -0.198775 0.406711 0.109891 -0.130775 -0.047687 0.103091 -0.158620 
1.465398 -0.228490 0.100348 0.076334 0.220365 -0.191153 0.066362 -0.346610 -0.172314 0.268370 -0.041840 -0.137380 -0.093478 0.205780 -0.103535 
0.897598 -0.241475 0.062214 -0.078961 0.143642 0.195197 0.030142 -0.140387 0.088342 0.160639 0.221967 -0.201459 -0.079461 0.178893 -0.101115 
0.646327 -0.459916 -0.071728 -0.117287 0.067626 0.241750 0.094720 -0.007095 0.106127 0.194105 0.016112 -0.301397 -0.013348 0.300153 -0.159230 
0.352038 -0.445190 -0.227504 -0.307233 -0.072896 0.172531 -0.048034 -0.105774 0.018721 0.106453 0.179056 -0.147968 -0.122280 0.139953 -0.159286 
0.324527 -0.468283 -0.280523 -0.284492 -0.045657 0.170007 -0.005914 -0.283028 0.027712 0.151548 0.237177 -0.159187 -0.101886 0.098898 -0.218211 
0.199045 -0.510282 -0.207955 0.061221 0.141680 0.217647 0.013394 -0.192990 -0.061106 0.123968 0.195165 -0.198918 -0.066755 0.170856 -0.153483 
-0.081432 -0.543476 -0.148525 0.025088 0.223633 0.383714 -0.102463 -0.179011 -0.052991 0.142399 0.201016 -0.198845 -0.051764 0.160395 -0.195164 
0.118064 -0.535836 -0.173322 -0.144217 0.017055 0.322365 -0.010290 -0.240011 -0.037220 0.103373 0.152110 -0.111197 -0.093535 0.143979 -0.202080 
1.168832 -1.001328 -0.284629 -0.232679 0.143943 0.004275 0.021208 -0.185746 0.088510 0.044719 0.061814 -0.062352 -0.009092 0.028638 -0.052251 
1.217038 -0.801197 -0.371706 -0.312060 0.225258 0.097297 0.039356 -0.250547 0.082908 0.075141 0.059720 -0.033826 -0.116090 0.079310 -0.068110 
0.415982 -1.198590 -0.089292 0.073222 0.211571 -0.020070 -0.078776 -0.235785 0.139321 0.098932 0.031818 -0.037165 -0.188790 0.215221 -0.089318 
0.736091 -0.971128 0.194522 0.262930 0.180795 -0.009127 -0.166576 -0.151190 0.098045 0.070952 -0.031502 -0.059723 -0.026152 0.074026 -0.070556 
1.004740 -0.736782 0.209704 0.214053 0.216869 0.266663 -0.048112 -0.110379 -0.056013 0.008075 0.195678 0.048857 -0.136387 -0.070320 -0.049698 
1.704447 -0.638062 0.589520 -0.033171 0.050908 0.143104 -0.222203 -0.122950 -0.219100 -0.085552 0.019858 -0.197673 -0.082888 0.207144 -0.293620 
1.747704 -0.844202 0.670723 -0.184342 0.118323 0.181308 -0.270696 -0.261413 -0.261371 -0.097287 0.165454 -0.254570 -0.094370 0.181116 -0.218898 
1.750763 -0.868029 0.798355 -0.287277 0.145300 0.105627 -0.297467 -0.220462 -0.276766 -0.005901 0.135555 -0.249200 -0.062031 0.211105 -0.228587 
1.654409 -0.882498 0.736695 -0.231931 0.130198 0.100345 -0.314464 -0.227752 -0.259216 -0.039288 0.171278 -0.271502 -0.064536 0.227601 -0.215418 
1.805012 -1.051336 0.885124 -0.305229 0.143785 0.074337 -0.334727 -0.241290 -0.256230 0.018136 0.161802 -0.270859 -0.040497 0.220775 -0.201397 
1.675991 -0.987382 0.796277 -0.195850 0.022196 0.099253 -0.377841 -0.201144 -0.177688 -0.062993 0.107501 -0.256639 0.009199 0.233211 -0.208235 
1.748335 -1.094149 0.864380 -0.156042 0.013741 0.043818 -0.357564 -0.239313 -0.120139 -0.028667 0.054468 -0.229005 0.009353 0.236083 -0.182473 
1.625634 -1.036744 0.767507 -0.031467 0.006071 0.014895 -0.346479 -0.337502 -0.032307 0.004501 -0.032584 -0.237524 0.033455 0.233098 -0.161686 
1.410095 -0.748843 0.387270 0.466596 0.224893 0.096750 -0.272047 -0.283924 0.110888 -0.014674 -0.189721 -0.154360 -0.103787 0.123587 -0.199297 
1.575272 -1.236121 0.509212 0.156675 0.125141 0.032578 -0.510884 -0.328146 0.094637 -0.100532 -0.084914 -0.145594 -0.004834 0.199892 -0.167625 
1.912338 -1.181384 0.790061 -0.347344 0.055499 0.045954 -0.402323 -0.234985 -0.129283 -0.053630 0.118272 -0.090549 -0.017058 0.216943 -0.184224 
1.960859 -1.041495 0.674835 -0.513081 0.068402 0.079289 -0.370417 -0.258758 -0.192319 -0.062636 0.162695 0.050957 -0.040692 0.142141 -0.128222 
1.873271 -0.920673 0.538887 -0.576177 -0.006011 0.086470 -0.244119 -0.196893 -0.350129 -0.098755 0.183698 0.075110 0.065562 0.138409 -0.176757 
1.921744 -1.035927 0.467646 -0.582565 0.066067 -0.091918 -0.137038 -0.124355 -0.359262 -0.085483 0.017196 0.076611 0.208677 0.182097 -0.239553 
1.808570 -0.860138 0.440781 -0.629226 -0.021710 -0.146415 -0.034583 -0.085233 -0.199707 -0.203629 -0.072902 0.037955 0.269135 0.193219 -0.163261 
1.804550 -0.903656 0.504185 -0.741463 0.000109 -0.114396 -0.044474 0.014073 -0.222453 -0.214053 -0.083953 0.086086 0.250800 0.161570 -0.093490 
1.828250 -0.861786 0.417871 -0.709620 0.011627 -0.135660 -0.010908 0.022577 -0.189512 -0.249104 -0.090580 0.153107 0.177151 0.200693 -0.109566 
1.877394 -0.913998 0.394400 -0.705956 0.024050 -0.145601 -0.009571 0.025200 -0.196009 -0.239258 -0.073721 0.182775 0.176022 0.181642 -0.100076 
1.837124 -1.004066 0.482915 -0.767345 0.045854 -0.143237 -0.022812 0.021415 -0.220830 -0.224962 -0.058268 0.160672 0.226487 0.153485 -0.084749 
1.692901 -0.923283 0.501462 -0.767385 0.014118 -0.064613 -0.079902 -0.018852 -0.219293 -0.185589 -0.064093 0.128956 0.260558 0.130785 -0.118045 
1.674353 -0.948849 0.539676 -0.752348 0.092483 0.009331 -0.168344 -0.142002 -0.248552 -0.039862 0.047180 0.061472 0.228384 0.052842 -0.180770 
1.704424 -0.996347 0.595779 -0.752839 0.206992 0.040980 -0.235164 -0.213954 -0.312208 0.086253 0.083119 -0.016658 0.213311 -0.015425 -0.191201 
1.748217 -0.933230 0.734992 -0.634106 0.280219 0.020977 -0.392903 -0.221350 -0.302116 0.190208 0.113881 -0.109508 0.091112 -0.025030 -0.017583 
1.621263 -0.684282 0.620671 -0.492920 0.338412 -0.035568 -0.338459 -0.328236 -0.201032 0.146687 -0.128858 -0.067115 0.074181 0.011621 -0.042035 
0.962736 0.119608 0.444330 -0.148821 0.238147 0.280333 0.028938 -0.156370 -0.050624 0.070805 0.008207 0.003370 -0.052791 0.057739 -0.154293 
0.637668 -0.178672 0.116901 0.006403 0.058908 0.303571 0.108051 -0.085387 -0.031790 -0.051177 0.117082 0.024040 -0.023040 0.073645 -0.159048 
0.437783 -0.391188 -0.033715 -0.106745 0.057358 0.133217 -0.142912 0.174221 0.180545 -0.141463 0.061820 -0.099323 -0.075535 0.251612 -0.221149 
0.282647 -0.334122 -0.306826 -0.327849 0.144430 0.322976 -0.048327 0.013559 -0.041072 -0.079838 0.112541 -0.063000 -0.047702 0.189735 -0.213563 
0.504688 0.019232 0.028178 -0.150063 0.163741 0.356964 0.116933 -0.065882 0.027627 -0.005257 0.167295 -0.043799 -0.010080 0.165814 -0.235141 
0.308984 -0.089286 0.206878 -0.289262 0.214758 0.212069 0.082536 0.088270 -0.078385 -0.060734 0.021256 0.087784 -0.025823 0.085797 -0.105948 
0.230321 -0.247781 0.005055 -0.452849 0.096144 0.070716 0.006956 -0.018278 -0.006838 0.071234 -0.060993 0.018875 -0.035172 0.082454 -0.138347 
0.169065 -0.345709 0.252507 -0.635009 0.288649 -0.157128 -0.067985 -0.016997 0.010677 0.108735 -0.072382 0.082503 -0.072340 0.067449 -0.083172 
-0.600831 -0.551594 0.635543 -0.623805 0.249153 -0.259617 -0.028099 0.081114 -0.141088 0.146452 0.004626 -0.012410 -0.017544 0.026450 -0.000698 
-0.622501 -0.689621 0.702320 -0.738915 0.351939 -0.310956 -0.045659 0.152518 -0.086866 0.180288 -0.144097 0.022972 0.095783 -0.107324 0.020479 
-0.711262 -0.767632 0.722692 -0.679509 0.461613 -0.284591 0.012230 0.215919 -0.098614 0.033426 -0.089548 0.010167 0.109661 -0.060496 -0.093778 
-0.707372 -0.579128 0.797582 -0.932332 0.287833 -0.163056 0.028508 0.189212 -0.204424 0.122340 0.064136 -0.154660 0.045632 0.092687 -0.176979 
0.168396 -0.290755 1.232231 -0.757535 0.358401 -0.272086 -0.125374 0.048452 -0.033684 0.101196 -0.079609 0.011015 0.110612 -0.006384 -0.146854 
0.690872 -0.463879 1.223669 -0.302291 0.303150 -0.359691 -0.177248 0.235771 -0.061266 -0.017043 -0.071838 0.046788 0.194225 -0.063948 -0.172175 
1.269830 -0.712853 0.910250 -0.026591 0.145824 -0.136712 -0.281354 0.022035 0.002654 -0.110052 -0.105005 -0.068656 0.057907 0.106053 -0.272421 
1.670691 -1.325123 1.067925 -0.247774 -0.047149 -0.143351 -0.501801 -0.112742 0.056650 -0.034206 0.016209 -0.095297 0.129338 0.289948 -0.262341 
1.693529 -1.307313 1.024522 -0.447835 0.070802 -0.219361 -0.353814 -0.204069 -0.019820 0.081839 -0.006444 -0.040377 0.084554 0.236115 -0.133045 
1.549303 -1.138756 0.849908 -0.462348 -0.004351 -0.058936 -0.375021 -0.247767 -0.083868 0.058970 0.049457 -0.019129 0.049795 0.204042 -0.077846 
1.623963 -1.107049 0.760752 -0.654692 -0.031542 0.064705 -0.198994 -0.248810 -0.158612 -0.025520 0.141776 0.062999 0.013344 0.159719 -0.169978 
1.618564 -0.984844 0.588319 -0.739003 -0.119959 0.161545 -0.131379 -0.164563 -0.214828 -0.039931 0.103060 0.141118 0.048292 0.168587 -0.209620 
1.616637 -0.965824 0.454794 -0.787241 -0.081542 0.086839 -0.117537 -0.076287 -0.226299 -0.071372 0.096083 0.149166 0.136232 0.137909 -0.165421 
1.669777 -0.984259 0.391171 -0.808900 -0.007868 -0.057169 -0.063537 -0.052453 -0.203180 -0.150290 0.127313 0.144222 0.178549 0.177346 -0.180201 
1.590157 -0.883278 0.364675 -0.819593 -0.057647 -0.026614 -0.095379 -0.007494 -0.194425 -0.117928 0.097502 0.141463 0.172644 0.162930 -0.142619 
1.641082 -0.866071 0.448305 -0.890634 -0.057032 -0.072627 -0.115819 0.039326 -0.132814 -0.129650 0.063335 0.119902 0.163777 0.154340 -0.088367 
1.663153 -0.842451 0.498122 -0.940820 -0.073422 -0.097556 -0.112299 0.076068 -0.107628 -0.144164 0.047564 0.096441 0.152513 0.179197 -0.086796 
1.687079 -0.821784 0.491652 -0.948121 -0.090843 -0.146423 -0.078379 0.067972 -0.059343 -0.179494 0.048043 0.075887 0.169510 0.177846 -0.064915 
1.660646 -0.780012 0.431148 -0.899521 -0.137975 -0.122726 -0.101897 0.116541 -0.072538 -0.159635 0.011063 0.074928 0.164729 0.185966 -0.068812 
1.668916 -0.816961 0.433839 -0.913171 -0.119425 -0.173753 -0.065564 0.094002 -0.056213 -0.167132 -0.005134 0.088392 0.207367 0.160481 -0.045541 
1.697261 -0.835064 0.418785 -0.894416 -0.148437 -0.188789 -0.028297 0.076143 -0.045029 -0.159379 -0.011745 0.095485 0.187019 0.200881 -0.090254 
1.698358 -0.773106 0.373974 -0.870301 -0.145208 -0.205528 -0.097491 0.137062 -0.041084 -0.189730 0.013333 0.119934 0.143493 0.215538 -0.077459 
1.753435 -0.846708 0.438921 -0.936962 -0.078104 -0.248877 -0.089386 0.170932 -0.066067 -0.171195 -0.018950 0.174995 0.116990 0.206986 -0.077015 
1.782204 -0.814329 0.388578 -0.910943 -0.073019 -0.268143 -0.126643 0.159814 -0.029402 -0.176319 -0.019652 0.131554 0.170587 0.192012 -0.058077 
1.879245 -0.876421 0.393140 -0.866666 -0.057548 -0.276497 -0.131132 0.181835 -0.090772 -0.129696 -0.024940 0.168812 0.118654 0.230463 -0.132127 
1.873926 -0.876194 0.403571 -0.838782 -0.115467 -0.261545 -0.156544 0.210019 -0.107643 -0.117946 -0.013408 0.135151 0.139474 0.218269 -0.114951 
1.865964 -0.871074 0.413548 -0.860490 -0.080129 -0.320328 -0.108334 0.180542 -0.069126 -0.148739 0.014890 0.087529 0.171580 0.203735 -0.116938 
1.830723 -0.801230 0.331799 -0.812921 -0.173212 -0.266157 -0.111262 0.165925 -0.025085 -0.195506 0.015025 0.081232 0.187620 0.222338 -0.101965 
1.871243 -0.761078 0.321224 -0.873243 -0.142742 -0.282479 -0.116345 0.211903 -0.042570 -0.209113 0.003867 0.117408 0.141887 0.235443 -0.042651 
1.779422 -0.636254 0.246532 -0.879040 -0.200286 -0.218387 -0.144024 0.238521 -0.079903 -0.182669 -0.001613 0.112353 0.149145 0.259673 -0.024119 
1.911530 -0.414888 0.424351 -1.133073 -0.391162 0.124860 -0.117154 0.034477 -0.069179 -0.114595 0.047694 -0.020747 0.222626 0.355591 -0.191029 
1.749638 -0.090771 0.284674 -1.093955 -0.450740 0.125073 -0.079173 0.046746 -0.094433 -0.093155 0.085494 -0.076410 0.296191 0.319249 -0.179116 
1.781275 -0.133878 0.342193 -1.099576 -0.479214 0.141244 -0.083476 0.000579 -0.055483 -0.101823 0.068759 -0.061936 0.278649 0.328660 -0.190827 
1.511072 0.157672 0.125354 -1.028046 -0.389626 -0.020525 0.013882 0.010543 -0.131780 -0.024669 0.008617 -0.047958 0.314698 0.276595 -0.104199 
1.149936 0.337339 0.256680 -1.054087 -0.293047 -0.008125 -0.000980 0.027594 -0.190090 0.023498 -0.167596 -0.014299 0.220978 0.257291 -0.082824 
0.604715 0.036590 0.207413 -0.958059 -0.306703 0.058892 -0.088474 0.050553 -0.165009 -0.050484 0.125956 0.054126 0.149598 0.302039 -0.222742 
0.682314 0.156822 0.043511 -0.656364 -0.339040 -0.099659 -0.014844 -0.119071 -0.140044 -0.084551 0.197049 0.087978 0.095319 0.350494 -0.209682 
