city012_021
NAKANO
71
-0.216948 -0.200254 0.106959 0.177343 -0.134673 0.079433 0.054741 -0.072530 0.170834 -0.032361 -0.063931 0.022583 0.023655 -0.013879 -0.009235 
-0.142043 -0.065296 0.193822 -0.083261 -0.111520 0.130003 0.092921 0.034662 0.116393 -0.060562 -0.005675 -0.027271 0.041775 -0.020527 -0.006634 
0.666756 -0.235177 0.601125 0.384905 -0.034719 0.202435 -0.061763 -0.328792 0.090779 -0.010862 -0.138560 -0.146719 -0.024333 -0.013701 -0.094567 
1.058757 -0.694608 0.762368 0.341782 -0.140245 0.187118 -0.201854 -0.423631 0.054445 -0.066031 -0.203869 -0.194421 0.007167 -0.037119 -0.098533 
1.489357 -1.023230 0.434991 0.005039 0.052446 -0.216347 -0.003886 -0.238584 0.033084 0.177992 -0.148190 -0.092958 0.169043 -0.017236 -0.028709 
1.610508 -1.255451 0.098123 -0.252323 0.142657 -0.241060 0.089390 -0.026673 0.044419 0.270450 -0.188208 -0.176773 0.195290 -0.039140 -0.064484 
1.528839 -1.318398 0.263422 -0.521858 0.198555 -0.141353 -0.016897 0.134239 0.056500 0.227033 -0.141221 -0.277482 0.169206 0.013614 -0.117538 
1.398895 -1.278467 0.101513 -0.510402 0.173548 -0.134132 -0.009939 0.167967 -0.022018 0.212758 -0.079217 -0.324967 0.183143 0.050006 -0.096451 
1.419006 -1.363522 0.090297 -0.597235 0.257283 -0.109023 -0.005519 0.199290 -0.070578 0.237212 -0.063495 -0.401563 0.180891 0.088206 -0.032234 
1.297474 -1.369648 0.107593 -0.575372 0.219598 -0.061067 0.024798 0.132889 -0.068168 0.268480 -0.093270 -0.368829 0.169099 0.080137 -0.038101 
1.320693 -1.406700 0.191456 -0.617160 0.265445 -0.078489 0.061377 0.088686 -0.074956 0.285010 -0.093449 -0.339853 0.148121 0.058122 -0.017648 
1.454953 -1.420128 0.239879 -0.599391 0.262196 -0.068992 0.067489 0.052897 -0.116135 0.336142 -0.053841 -0.335933 0.116425 0.050832 -0.050138 
1.654910 -1.273555 0.141377 -0.379091 0.215402 -0.112530 0.040214 -0.081276 -0.060022 0.361632 -0.036546 -0.303534 0.149671 -0.011668 -0.028889 
1.657532 -0.990941 0.056606 -0.141433 0.147747 -0.215006 0.105495 -0.222320 -0.034775 0.350098 -0.047012 -0.221831 0.130420 0.011884 -0.037127 
1.532979 -0.644169 0.081997 -0.043479 0.364685 -0.299889 0.030894 -0.303509 -0.137245 0.282446 -0.120909 -0.231797 0.144303 0.076722 -0.033985 
1.140023 -0.276347 0.235707 0.200561 0.306779 -0.063142 -0.171052 -0.379814 -0.098271 0.177648 -0.214536 -0.308132 0.032820 0.065056 -0.095033 
0.805508 -0.082514 0.394393 0.211981 0.003958 0.157153 -0.172484 -0.429825 0.053594 0.050419 -0.091079 -0.206837 0.017136 0.005046 -0.020545 
0.598876 -0.382952 0.036236 0.223046 0.046063 0.068605 -0.087575 -0.217886 0.125819 0.107281 0.063026 -0.198923 -0.003357 0.121249 0.004631 
0.143869 -0.590937 -0.297441 -0.024661 -0.160145 0.104165 0.070777 -0.122146 0.182170 0.059035 -0.059198 -0.150600 0.025381 0.055956 0.015002 
0.164114 -0.479076 -0.215415 -0.017039 -0.159209 0.109708 -0.051514 -0.204314 0.157399 0.142235 0.054320 -0.183501 -0.014641 0.075059 -0.002142 
-0.079161 -0.524171 -0.279134 -0.207006 -0.161582 0.219653 0.058447 0.004751 0.045316 -0.072181 0.086346 -0.196995 0.102871 0.007493 -0.030892 
-0.225560 -0.490051 -0.308127 -0.158225 -0.140691 0.188810 0.080732 0.031512 0.075176 -0.102834 0.050621 -0.225384 0.119217 0.091863 -0.077355 
0.263048 -0.943638 -0.256330 -0.221648 0.545771 -0.372293 -0.165911 0.135104 0.150921 0.015680 -0.041507 -0.104748 -0.027930 0.170632 -0.092368 
0.878852 -0.961576 -0.296474 -0.459157 0.404621 -0.329994 -0.175394 0.102886 0.203668 0.163773 -0.093732 -0.125082 0.027529 0.057706 -0.082465 
0.863244 -0.733646 -0.148809 -0.253415 0.394565 -0.394656 -0.372263 -0.168155 0.160902 0.166019 0.009715 -0.039801 0.158189 0.015732 0.055562 
1.593365 -1.271765 0.272375 -0.230337 0.120690 -0.459180 -0.181795 0.014343 -0.121489 0.276453 0.145400 -0.195951 0.180414 0.084207 -0.060579 
1.542311 -1.343305 0.259254 -0.443691 0.154752 -0.371114 -0.201785 0.077419 -0.114697 0.397480 0.144917 -0.215525 0.040613 0.111030 -0.008722 
1.492638 -1.347158 0.304220 -0.619532 0.180775 -0.302671 -0.113012 0.049003 -0.048509 0.359145 0.192215 -0.247206 -0.084281 0.136940 -0.042663 
1.397909 -1.349678 0.194366 -0.602998 0.146982 -0.148638 -0.013875 0.022562 -0.052389 0.289351 0.185611 -0.290111 -0.098573 0.112157 -0.047253 
1.479396 -1.441486 0.197564 -0.690109 0.160469 -0.049847 0.039415 0.009127 -0.066381 0.283813 0.110621 -0.266860 -0.102603 0.102929 -0.040036 
1.451546 -1.413545 0.120972 -0.689865 0.157652 0.016812 0.050127 -0.003359 -0.054772 0.255428 0.106962 -0.301666 -0.073591 0.101158 -0.043935 
1.481902 -1.461644 0.116353 -0.711433 0.178340 0.048387 0.044973 0.018185 -0.097859 0.257866 0.076071 -0.274341 -0.064325 0.111485 -0.048844 
1.519896 -1.514061 0.166564 -0.756195 0.238660 0.025053 0.105063 -0.034060 -0.067474 0.217414 0.074634 -0.307392 0.012624 0.085772 -0.065321 
1.378490 -1.433533 0.113933 -0.686279 0.199534 0.074657 0.056821 -0.003324 -0.087380 0.234532 0.047927 -0.296655 0.027743 0.069204 -0.058986 
1.469398 -1.520627 0.192140 -0.730937 0.260485 0.021883 0.078938 -0.004974 -0.048320 0.200756 0.056022 -0.317762 0.033612 0.073195 -0.054542 
1.369295 -1.465235 0.148305 -0.677817 0.240447 0.010662 0.048026 0.013108 -0.038555 0.209405 0.043716 -0.330174 0.052590 0.079758 -0.052957 
1.460492 -1.543739 0.268218 -0.697223 0.265637 -0.041364 0.070489 0.009898 0.011101 0.201911 0.021015 -0.357730 0.064173 0.092925 -0.051780 
1.519407 -1.530838 0.307969 -0.661100 0.268438 -0.064340 0.026101 0.024972 0.068677 0.192837 -0.006774 -0.331416 0.036662 0.099496 -0.026824 
1.560958 -1.509531 0.323614 -0.549734 0.198441 -0.070081 -0.040385 0.059478 0.065529 0.231660 -0.058595 -0.292247 0.074772 0.051320 -0.017435 
1.656863 -1.534154 0.392816 -0.478908 0.207441 -0.132873 -0.056006 0.082753 0.067768 0.241604 -0.045539 -0.296081 0.076527 0.064824 -0.045134 
1.718536 -1.391709 0.355124 -0.389252 0.200735 -0.110938 -0.182205 0.063340 0.120562 0.170444 -0.036508 -0.194360 0.090528 0.001625 -0.008717 
1.766615 -1.270011 0.357934 -0.264827 0.211442 -0.144005 -0.160983 -0.065095 0.049747 0.277472 -0.074604 -0.199132 0.158635 0.017073 -0.082753 
1.535879 -1.039221 0.588655 -0.035281 0.069846 0.119396 -0.141895 -0.370633 0.085071 0.182597 -0.161264 -0.114508 0.105854 -0.058035 0.045053 
1.383854 -0.869598 0.995059 0.169055 -0.287394 0.314238 -0.209292 -0.398808 0.035370 -0.180111 -0.117910 -0.223838 0.085410 -0.109312 -0.125894 
1.462940 -0.875632 1.024535 0.128586 -0.197531 0.262395 -0.163759 -0.480720 0.063214 -0.132493 -0.125869 -0.237626 0.051622 -0.064863 -0.126992 
1.416195 -0.843381 0.981068 0.210719 -0.264562 0.304716 -0.216719 -0.431646 0.074313 -0.161908 -0.116456 -0.255029 0.072474 -0.065166 -0.140673 
1.406021 -0.867519 1.060967 0.174044 -0.238109 0.260555 -0.178278 -0.418546 0.049662 -0.162851 -0.139179 -0.239103 0.071305 -0.090488 -0.138463 
1.340952 -0.750404 1.072696 0.151025 -0.259694 0.280941 -0.143970 -0.392954 -0.014229 -0.121863 -0.139553 -0.246881 0.072352 -0.093273 -0.159308 
1.657489 -0.817010 0.789220 -0.383368 0.236778 0.030411 -0.098817 -0.316118 -0.297217 0.228390 0.051798 -0.167552 0.100782 -0.095782 -0.057061 
1.814472 -0.905565 0.458589 -0.491689 0.125081 0.001949 -0.119272 -0.094081 -0.193744 0.149155 0.099008 -0.246665 0.245082 -0.018044 -0.198401 
1.901818 -0.896885 0.427165 -0.583480 -0.003908 0.095540 -0.110380 -0.043076 -0.216086 -0.007424 0.128123 -0.233078 0.274681 0.074169 -0.262809 
1.955484 -0.916210 0.401798 -0.667266 -0.057834 0.158741 -0.067449 -0.057227 -0.253224 -0.029886 0.140648 -0.185229 0.312288 0.060591 -0.261874 
1.930828 -0.901783 0.430482 -0.682310 -0.167021 0.177337 0.032814 -0.109534 -0.213494 -0.063863 0.104808 -0.139553 0.328511 0.055441 -0.226687 
1.906846 -0.847294 0.499841 -0.746095 -0.260086 0.176834 0.008168 -0.041281 -0.130574 -0.087247 0.094675 -0.164491 0.280468 0.108279 -0.207860 
1.863764 -0.812118 0.571969 -0.809233 -0.265121 0.071610 0.040638 0.060434 -0.128694 -0.049889 0.038958 -0.209744 0.274990 0.093344 -0.173051 
1.835514 -0.789042 0.594816 -0.849370 -0.265479 0.012697 0.065929 0.085997 -0.103353 -0.044419 0.030884 -0.238047 0.269836 0.082439 -0.158620 
1.810983 -0.777999 0.554631 -0.838513 -0.247091 0.001995 0.047344 0.123774 -0.101304 -0.010271 0.002572 -0.230577 0.253707 0.061476 -0.148925 
1.767370 -0.748063 0.504426 -0.844515 -0.261656 -0.008563 -0.006337 0.146223 -0.083809 -0.013273 -0.018759 -0.209337 0.254220 0.064701 -0.132935 
1.746439 -0.743493 0.518009 -0.868294 -0.255242 -0.028029 0.016835 0.125610 -0.074343 -0.020645 -0.020592 -0.204939 0.267661 0.052652 -0.117886 
1.768870 -0.758184 0.488774 -0.851164 -0.267678 -0.010731 -0.012630 0.132897 -0.077076 -0.041849 -0.023303 -0.191652 0.276502 0.067177 -0.106481 
1.774762 -0.728001 0.483763 -0.885363 -0.301870 -0.024438 0.006209 0.106388 -0.074772 -0.053399 -0.001505 -0.203516 0.295370 0.098245 -0.114601 
1.820134 -0.680667 0.434107 -0.878910 -0.319691 -0.007551 -0.016778 0.072525 -0.070857 -0.099252 0.022984 -0.241223 0.342855 0.142007 -0.124115 
1.837011 -0.558272 0.351496 -0.853457 -0.413406 0.016105 -0.025768 0.034554 -0.066867 -0.087227 0.049791 -0.252077 0.354885 0.174823 -0.129726 
1.791150 -0.413863 0.334918 -0.880153 -0.449182 0.039612 -0.068334 0.033410 -0.071332 -0.030763 0.077758 -0.223370 0.328015 0.162309 -0.158966 
1.672734 -0.322823 0.309855 -0.909804 -0.478348 0.020306 -0.029078 0.025754 -0.052719 -0.036745 0.073043 -0.234842 0.365727 0.131213 -0.110150 
1.793400 -0.282401 0.208942 -0.824219 -0.517910 0.029179 0.032576 -0.019634 -0.018440 -0.078076 0.079986 -0.258836 0.352517 0.142368 -0.102437 
1.525726 -0.175513 0.202792 -0.744716 -0.542456 0.069635 0.004553 0.027419 -0.046545 -0.095878 0.035768 -0.244883 0.299981 0.159371 -0.089878 
1.257789 0.073754 0.119892 -0.756453 -0.434451 0.116120 0.110141 -0.028020 -0.039973 -0.104505 -0.028714 -0.254498 0.351838 0.072237 -0.049155 
1.438677 0.234297 0.098701 -0.714112 -0.356726 0.129316 0.046436 0.025755 0.055248 -0.193584 -0.027031 -0.255103 0.215998 0.032529 0.005275 
0.816303 0.203533 -0.011987 -0.677113 -0.497537 0.099831 0.150570 -0.049056 0.072465 -0.107862 -0.096142 -0.066307 0.144703 0.122463 -0.020036 
0.411546 -0.146038 -0.043222 -0.520794 -0.398797 0.221399 0.138872 0.036115 0.133290 -0.126053 -0.009311 -0.125571 0.063733 0.040680 -0.070477 
