city012_059
BIZEN
62
-0.079243 -0.141361 -0.115490 -0.160472 0.007054 0.079274 -0.095181 0.081104 0.068612 -0.041588 0.082584 -0.106265 -0.074507 0.202009 -0.175305 
0.157251 0.175549 0.174139 0.150936 0.181572 -0.092630 -0.037633 -0.019900 0.001204 -0.125708 0.163874 -0.085865 -0.121100 0.187431 -0.145952 
0.502124 0.297626 0.353230 0.269494 0.147306 0.090754 -0.147353 -0.155359 0.066228 -0.216936 0.058589 -0.138903 -0.162557 0.157291 -0.203266 
0.909245 -0.399409 0.702031 0.008466 -0.099339 0.196246 0.148410 -0.248797 -0.225083 0.027991 -0.063672 -0.082707 -0.008574 0.007633 -0.180990 
0.996165 -0.756427 1.480420 -0.075975 -0.272893 0.118585 -0.129992 -0.079189 -0.205760 -0.262239 0.085139 -0.187326 -0.155202 0.127279 -0.197729 
0.943978 -0.802465 1.950252 -0.328757 -0.127977 0.144983 -0.285605 0.016915 -0.190562 -0.288353 0.067144 -0.129004 -0.184992 0.089488 -0.120556 
1.004490 -0.815203 1.938731 -0.367464 -0.076465 0.089815 -0.294646 0.070564 -0.221919 -0.292207 0.133341 -0.122833 -0.232375 0.157842 -0.109263 
1.030633 -0.752401 1.857710 -0.432412 -0.001953 0.103288 -0.328745 0.074640 -0.243704 -0.276516 0.121789 -0.156341 -0.238357 0.191603 -0.136565 
1.046829 -0.755140 1.838064 -0.463169 0.026054 0.079225 -0.325055 0.052995 -0.215624 -0.283354 0.110924 -0.143387 -0.214445 0.160161 -0.105807 
0.925353 -0.736456 1.802084 -0.509633 0.051288 0.089237 -0.330320 0.085455 -0.254446 -0.258588 0.114320 -0.175914 -0.171591 0.104559 -0.046243 
0.926219 -0.823556 1.831739 -0.529522 0.082785 0.063404 -0.373721 0.157493 -0.341641 -0.180673 0.061490 -0.139167 -0.180509 0.109136 -0.026420 
0.817943 -0.750941 1.730466 -0.462855 0.036838 0.074128 -0.331771 0.106072 -0.312869 -0.186508 0.068042 -0.144226 -0.175649 0.099576 0.003860 
0.890414 -0.840830 1.822084 -0.461240 0.055654 0.026733 -0.300053 0.060972 -0.290456 -0.184195 0.038294 -0.125314 -0.198252 0.134519 -0.037919 
0.735567 -0.754872 1.731853 -0.349119 -0.027494 0.088621 -0.269152 0.008745 -0.275468 -0.164596 -0.031821 -0.110534 -0.174969 0.033148 0.018557 
0.898139 -0.846781 1.813983 -0.277938 -0.032761 -0.021833 -0.168911 -0.031205 -0.235254 -0.136595 -0.081200 -0.046758 -0.144431 0.001064 -0.004587 
0.849446 -0.759905 1.664893 -0.174090 -0.106387 -0.006558 -0.115724 -0.036690 -0.259007 -0.117282 -0.086004 -0.051547 -0.112912 -0.091268 0.083517 
0.861804 -0.605429 1.319118 -0.103436 -0.117881 -0.054080 0.042185 -0.097657 -0.241721 -0.097603 -0.072671 -0.049746 -0.094753 -0.087152 0.054553 
0.845345 -0.679738 1.161461 0.081970 -0.076190 -0.051004 0.077483 -0.088389 -0.239807 -0.078519 -0.095898 -0.036369 -0.109332 -0.076521 -0.039957 
0.774736 -0.561574 1.055268 0.178333 -0.058285 -0.049900 0.095582 -0.014303 -0.193634 -0.056015 -0.054767 -0.033792 -0.087943 -0.023400 -0.128655 
0.624420 -0.527877 1.016500 0.247081 -0.029052 -0.057809 0.040098 -0.115693 -0.028649 -0.127103 -0.078137 -0.053701 -0.029644 -0.055155 -0.090799 
0.653886 -0.677473 0.810107 0.245262 0.119025 0.106975 -0.043766 -0.243546 -0.070683 0.025289 -0.113954 -0.062961 -0.134173 -0.025328 -0.028592 
0.635914 -0.512640 0.715694 0.089153 0.181221 0.008501 0.039195 0.006829 -0.136760 -0.030900 0.019935 0.031161 -0.138074 0.051110 -0.091606 
0.758989 -0.669771 0.832471 0.212698 0.091861 -0.065231 0.052996 -0.100358 -0.126771 -0.018406 -0.162939 0.100585 -0.147652 -0.046668 -0.038942 
1.030972 -0.733443 0.889171 0.244253 -0.116912 -0.070054 0.004661 -0.128866 -0.055942 -0.130346 -0.105777 0.017960 -0.054314 -0.022339 -0.119382 
1.152069 -0.881026 1.128561 0.080690 -0.021695 -0.240146 0.049860 -0.128944 -0.178314 -0.091382 -0.164112 0.041410 -0.083473 -0.031819 -0.091776 
1.352803 -1.037935 1.236475 0.018690 -0.076131 -0.238953 -0.012850 -0.067852 -0.178208 -0.063417 -0.107583 0.025194 -0.004465 -0.057726 -0.040609 
1.425371 -1.162039 1.255423 -0.083342 -0.125004 -0.290917 -0.064208 -0.012048 -0.152598 -0.000289 -0.111035 0.130811 0.020229 -0.046897 -0.016490 
1.462254 -1.270627 1.215765 -0.240290 -0.184819 -0.332175 -0.100118 -0.004077 -0.081061 0.072613 -0.055669 0.160563 0.045405 0.001488 -0.044174 
1.468804 -1.299115 1.060686 -0.281865 -0.238159 -0.327418 -0.132922 -0.017499 -0.090000 0.065707 -0.025819 0.176488 0.081170 -0.050563 0.019940 
1.500674 -1.373770 1.004948 -0.303152 -0.220073 -0.274339 -0.053597 0.017085 -0.038354 0.072333 -0.024021 0.159854 0.005879 -0.045440 -0.023196 
1.460606 -1.325628 0.889744 -0.296154 -0.301239 -0.155146 0.000803 0.031030 -0.022901 0.027300 -0.016668 0.109186 0.020190 -0.095947 0.013595 
1.493974 -1.427183 0.885024 -0.309901 -0.272233 -0.201527 -0.030218 0.060334 -0.019660 0.096254 -0.038295 0.111084 0.024830 -0.083624 -0.024317 
1.512099 -1.408350 0.830742 -0.252098 -0.287047 -0.173833 -0.039033 0.059981 -0.009217 0.094977 -0.038720 0.075660 0.055684 -0.099576 -0.006573 
1.494152 -1.391369 0.769668 -0.249316 -0.227017 -0.202809 -0.025190 0.055143 -0.003650 0.104894 -0.039837 0.055300 0.053205 -0.070786 -0.047727 
1.583009 -1.499075 0.838685 -0.246089 -0.132017 -0.248814 0.018489 0.039682 0.017831 0.146967 -0.045519 0.015222 0.030526 -0.018258 -0.099969 
1.545569 -1.452877 0.761953 -0.202354 -0.100560 -0.236972 0.028762 -0.007948 -0.046469 0.147013 -0.052800 0.001458 0.060901 -0.008663 -0.095678 
1.561238 -1.429330 0.694972 -0.125133 -0.081737 -0.236392 0.061279 -0.043986 -0.068161 0.149209 -0.054961 0.001141 0.051978 -0.001111 -0.096613 
1.613788 -1.395856 0.646875 -0.107034 -0.020371 -0.241324 0.040938 -0.033161 -0.113257 0.134033 -0.050595 -0.008839 0.078181 -0.004314 -0.127132 
1.472142 -1.280221 0.480134 0.039280 -0.111682 -0.160861 0.076834 -0.132309 -0.097052 0.127830 -0.086841 -0.038266 0.158179 -0.058609 -0.104386 
1.582199 -1.206732 0.591055 -0.056050 -0.126929 -0.162582 0.109063 -0.089144 -0.135149 0.135201 -0.057383 -0.061645 0.115376 0.022341 -0.191083 
1.459741 -0.975963 0.471458 0.245747 -0.248711 -0.120144 0.048104 -0.105651 -0.080325 0.154658 -0.030003 -0.136458 0.139178 0.045681 -0.205119 
1.228867 -0.888361 0.785054 0.599883 -0.179593 0.060270 -0.016549 -0.312983 0.022356 0.135284 -0.228772 -0.208621 0.030548 0.165790 -0.281233 
1.159047 -0.822956 0.847157 0.553606 -0.237892 0.060159 -0.124859 -0.339977 0.051696 0.029955 -0.257723 -0.205453 0.029179 0.173361 -0.299309 
1.176103 -0.771693 0.817865 0.613743 -0.229081 0.008091 -0.090195 -0.298664 0.080778 -0.010300 -0.207091 -0.224892 0.066946 0.168521 -0.315582 
1.072387 -0.665956 0.815444 0.534524 -0.147315 -0.070460 -0.057989 -0.293974 0.021914 -0.000253 -0.194875 -0.243679 0.090794 0.108528 -0.257288 
1.027169 -0.623982 0.814832 0.520149 -0.115461 -0.025099 -0.071417 -0.296738 0.032811 -0.002913 -0.236977 -0.190277 0.016860 0.103795 -0.228633 
0.920374 -0.623233 0.832795 0.558731 -0.135621 0.013018 -0.068276 -0.295901 0.000975 -0.003992 -0.224049 -0.245047 0.009673 0.117379 -0.281436 
0.935711 -0.609115 0.891684 0.521329 -0.096368 0.025843 -0.048711 -0.320427 0.014477 0.033989 -0.263451 -0.253273 0.042760 0.073005 -0.272728 
0.947504 -0.608030 0.899919 0.562515 -0.142497 0.046881 -0.076507 -0.331182 0.066395 -0.025962 -0.226088 -0.289313 0.062852 0.094393 -0.292122 
0.825926 -0.565849 0.892591 0.552708 -0.128558 0.057197 -0.084218 -0.303173 0.042525 -0.027068 -0.240659 -0.259872 0.025868 0.090965 -0.297101 
0.779805 -0.468438 0.858912 0.594497 -0.131279 0.050365 -0.090882 -0.292431 0.065670 -0.059839 -0.241917 -0.274243 0.065178 0.047829 -0.304467 
0.847284 -0.323090 0.791071 0.557270 -0.128145 0.107124 -0.106595 -0.343945 0.017966 0.036635 -0.274976 -0.278125 0.009572 0.098506 -0.278146 
0.860667 -0.053475 0.669781 0.537402 -0.043581 0.060073 -0.169197 -0.244836 0.026026 -0.064396 -0.205168 -0.248788 -0.045883 0.153324 -0.312250 
0.682014 -0.380175 0.749841 0.559579 -0.138833 0.017644 -0.089209 -0.353962 0.026433 -0.001830 -0.323075 -0.205760 0.024585 0.059488 -0.279497 
0.660956 -0.376152 0.751230 0.557305 -0.203717 0.141458 -0.105405 -0.333240 0.048536 -0.011028 -0.162457 -0.295082 0.043485 0.122745 -0.277166 
0.552321 -0.130081 0.697835 0.533805 -0.213465 0.017930 -0.105166 -0.200002 0.069370 -0.268620 -0.028148 -0.164426 -0.055568 0.106973 -0.241594 
0.593095 -0.146945 0.713838 0.522189 -0.021565 0.126116 -0.118612 -0.272992 0.108296 -0.105075 -0.180142 -0.241563 -0.035107 0.094191 -0.321652 
0.382065 0.106853 0.532115 0.383389 -0.063405 -0.013495 -0.050759 -0.097462 0.048792 -0.048906 -0.054740 -0.083869 0.006426 0.133782 -0.254238 
0.356697 -0.007319 0.673403 0.423629 0.092378 0.041817 -0.151595 -0.233997 0.059152 -0.093847 -0.242656 -0.165659 -0.099795 0.086655 -0.256313 
0.321537 0.116137 0.540417 0.447701 0.174683 0.065681 -0.030368 -0.010317 0.119656 -0.042259 0.013137 -0.103248 -0.017451 0.161089 -0.230339 
0.482945 0.005712 0.337345 0.173677 0.187655 0.090192 0.006802 -0.010688 -0.026873 -0.088736 0.183223 -0.066724 -0.144817 0.190608 -0.173101 
0.133900 0.126961 0.481043 0.278326 -0.006924 -0.007879 -0.114689 -0.173291 0.015685 -0.089236 -0.011232 -0.158998 -0.030155 0.142983 -0.171429 
