city012_011
SANGENJAYA
109
-0.421554 -0.981971 0.111579 -0.261974 -0.003873 0.123767 -0.006708 0.029662 -0.004216 -0.189727 0.198864 0.067405 -0.185204 0.012784 0.041809 
-0.293754 -0.943656 0.106278 -0.137659 0.002255 0.010347 -0.058403 -0.038005 0.208891 -0.137284 -0.017700 0.087477 -0.059646 -0.014928 0.012022 
-0.014217 -0.840710 0.304026 -0.191796 0.019587 -0.186639 -0.053925 0.102527 0.087500 -0.169897 0.087598 0.047168 0.009371 -0.076969 -0.026602 
0.295596 -0.646245 0.382247 -0.304374 0.044010 -0.249990 0.012052 -0.015228 -0.043926 0.009489 0.077938 -0.000961 0.014609 -0.014553 -0.009398 
0.585924 -0.564242 0.575510 -0.264907 0.111587 -0.297907 -0.155247 -0.037494 0.133661 -0.182928 -0.045059 0.154115 0.046845 -0.072696 -0.007637 
0.566423 -0.944852 0.235925 -0.219662 0.050136 -0.357690 -0.132119 -0.070203 0.253666 -0.051320 -0.060496 0.200848 0.014633 -0.080927 0.019879 
0.808673 -0.611090 0.176434 -0.262780 0.012209 -0.187537 -0.005210 -0.029813 0.338088 0.034008 -0.250524 0.075269 0.033615 -0.063265 -0.026397 
1.544518 -1.131723 0.057127 -0.417265 0.113016 -0.236387 0.022205 -0.044929 0.247369 0.193849 -0.290157 0.022200 0.041096 -0.026560 -0.054439 
1.441550 -1.352194 0.250509 -0.582579 0.219265 -0.176479 0.017349 0.044372 0.098605 0.298104 -0.238390 -0.142477 0.065779 -0.011818 -0.022054 
1.354341 -1.305915 0.167777 -0.705107 0.184647 -0.030735 0.044833 -0.003907 0.131199 0.251841 -0.147528 -0.261838 0.065446 -0.019460 0.017976 
1.599493 -1.250712 0.000668 -0.762536 0.234931 -0.039021 0.068946 -0.023895 0.109164 0.243804 -0.030471 -0.353061 0.008668 0.046535 0.020346 
1.631502 -1.151862 -0.107674 -0.613254 0.165140 -0.015178 0.083174 -0.032323 0.079635 0.265791 -0.042015 -0.321457 -0.016695 0.042299 0.036763 
1.752668 -1.146406 -0.078627 -0.620266 0.214604 0.023922 0.084230 -0.026475 0.079475 0.201372 -0.021509 -0.297283 -0.037073 0.044823 0.074284 
1.689575 -1.144103 -0.026111 -0.652177 0.248761 0.063726 0.032560 -0.016091 0.096148 0.175501 -0.005252 -0.300947 -0.037932 0.042957 0.103162 
1.755057 -1.243076 0.031836 -0.553707 0.256601 0.056034 0.055691 0.003704 0.065562 0.168127 -0.003474 -0.290086 -0.060413 0.106072 0.097159 
1.751139 -1.258912 0.014233 -0.552541 0.304286 0.025896 0.052272 -0.004498 0.019731 0.147285 0.027934 -0.305433 -0.010801 0.131335 0.083211 
1.874727 -1.282714 0.011074 -0.464403 0.312862 -0.004883 0.058887 0.014649 -0.012711 0.159020 0.003751 -0.297283 0.021731 0.156400 0.054605 
1.919725 -1.317092 -0.023717 -0.358213 0.234977 -0.025053 0.059338 -0.050552 -0.019481 0.161140 -0.003759 -0.260694 0.072058 0.124589 0.036774 
2.010546 -1.376273 0.040775 -0.341279 0.262329 -0.032539 0.096111 -0.058769 -0.065361 0.207572 0.030696 -0.254737 0.078198 0.043664 -0.021264 
2.127377 -1.406140 0.056880 -0.127025 0.080968 0.023829 0.096095 -0.198241 -0.041695 0.227055 -0.003764 -0.198488 0.106622 -0.007933 -0.014515 
2.047245 -1.405547 0.172561 -0.074751 0.064993 0.020976 0.037104 -0.256508 -0.034280 0.239756 -0.029024 -0.138116 0.077371 -0.008476 -0.003160 
1.988669 -1.415629 0.351119 -0.034451 0.059782 0.027238 -0.074730 -0.295855 -0.024045 0.171194 0.003627 -0.165004 0.102432 -0.009393 -0.000460 
1.867458 -1.404206 0.547131 0.034128 0.027024 0.038150 -0.177994 -0.307775 -0.010616 0.097317 -0.034036 -0.141806 0.087221 -0.000002 -0.009816 
1.740120 -1.324617 0.725895 0.068382 -0.034686 0.073173 -0.245812 -0.305740 0.019748 -0.056786 -0.024375 -0.180802 0.105726 0.012323 -0.086313 
1.678969 -1.310635 0.848560 0.155788 -0.120182 0.092394 -0.266341 -0.321968 0.067644 -0.151972 -0.057779 -0.202681 0.128663 0.000449 -0.124857 
1.568526 -1.259322 0.955211 0.244638 -0.219480 0.093476 -0.248718 -0.310098 0.025654 -0.128456 -0.132524 -0.198764 0.144929 -0.027805 -0.153726 
1.408333 -1.140085 1.039532 0.268440 -0.330348 0.090771 -0.179926 -0.267713 -0.046643 -0.147519 -0.096039 -0.189549 0.129302 -0.045314 -0.156198 
1.399083 -1.160201 1.154985 0.192312 -0.293257 0.019066 -0.128446 -0.259692 -0.082585 -0.114366 -0.058576 -0.214681 0.127126 -0.011059 -0.156758 
1.283938 -1.060727 1.190910 0.166019 -0.306593 0.009395 -0.106027 -0.264651 -0.077433 -0.133517 -0.039603 -0.215925 0.124949 -0.016005 -0.138299 
1.306975 -1.099815 1.181550 0.202254 -0.353400 0.069245 -0.130677 -0.277427 -0.066976 -0.172068 -0.041243 -0.216151 0.116109 -0.035332 -0.143022 
1.328947 -1.097704 1.152851 0.216510 -0.370670 0.088057 -0.133558 -0.282995 -0.058561 -0.177036 -0.046835 -0.207254 0.112192 -0.032928 -0.155867 
1.346623 -1.110048 1.140724 0.243185 -0.370952 0.085205 -0.135677 -0.279761 -0.069965 -0.173516 -0.046991 -0.222186 0.114821 -0.027734 -0.168527 
1.282752 -1.057820 1.138526 0.262397 -0.351649 0.053650 -0.138294 -0.275310 -0.076868 -0.143181 -0.064784 -0.236687 0.123730 -0.004593 -0.184109 
1.376506 -1.068333 1.155172 0.255367 -0.314924 0.011682 -0.113609 -0.283752 -0.050929 -0.156399 -0.055227 -0.255804 0.142928 -0.004202 -0.199464 
1.374419 -1.031092 1.154384 0.300032 -0.343677 0.004964 -0.106519 -0.277845 -0.073628 -0.152218 -0.059997 -0.264962 0.134410 0.010825 -0.207193 
1.374742 -0.977429 1.029447 0.419747 -0.384493 0.049659 -0.128134 -0.286422 -0.074149 -0.155625 -0.060724 -0.312542 0.150721 0.000667 -0.205671 
1.428534 -0.911529 0.981388 0.481598 -0.371568 0.032100 -0.120583 -0.296847 -0.086822 -0.128814 -0.074607 -0.348108 0.148014 0.028805 -0.230499 
1.377702 -0.767077 0.899413 0.503868 -0.320562 -0.000710 -0.118678 -0.278840 -0.128437 -0.087003 -0.095682 -0.345703 0.117896 0.046403 -0.215329 
1.423172 -0.697910 0.815432 0.585197 -0.299980 0.009103 -0.127014 -0.269042 -0.142099 -0.091252 -0.084740 -0.388157 0.085358 0.073403 -0.236779 
1.403289 -0.541651 0.634230 0.652427 -0.177126 -0.066428 -0.063007 -0.257865 -0.199525 -0.055881 -0.084626 -0.411277 0.023534 0.077465 -0.215200 
0.662785 -0.593419 0.963114 0.081846 0.171054 0.157091 -0.281184 -0.303286 -0.077506 -0.101271 -0.167113 -0.219975 -0.087256 -0.133744 0.012546 
0.627738 -0.789832 1.244951 -0.196015 0.132953 0.147525 -0.225899 -0.284301 -0.162778 -0.108427 -0.057690 -0.200901 -0.074694 -0.101528 0.043304 
0.820929 -0.882222 1.497076 -0.316348 -0.017633 0.052475 -0.231599 -0.172133 -0.196429 -0.148935 -0.001506 -0.220646 0.014478 -0.029240 0.007575 
1.035166 -1.054827 1.557038 -0.332652 -0.069773 -0.014803 -0.279532 -0.120055 -0.167138 -0.106928 0.011329 -0.176435 0.080983 -0.001488 0.000944 
1.080800 -1.177155 1.508023 -0.339766 -0.135759 -0.087318 -0.298111 -0.081617 -0.163208 -0.086934 0.043544 -0.105348 0.100664 0.013724 0.029770 
1.138651 -1.238068 1.442641 -0.336781 -0.191214 -0.121593 -0.299069 -0.087134 -0.158089 -0.048967 0.058422 -0.085342 0.152690 -0.002493 0.062668 
1.121429 -1.280823 1.407087 -0.352899 -0.203491 -0.096217 -0.296680 -0.057387 -0.126449 0.005425 0.039166 -0.063654 0.155884 0.003834 0.017186 
1.167239 -1.323554 1.369920 -0.390357 -0.183992 -0.075905 -0.209029 0.001999 -0.094483 0.037516 0.064104 -0.065506 0.122922 -0.022190 0.000044 
1.254108 -1.352905 1.340624 -0.418573 -0.157024 -0.102803 -0.161820 0.018168 -0.028503 0.044240 0.084545 -0.084161 0.139762 -0.039655 -0.029835 
1.256504 -1.296909 1.270113 -0.399244 -0.146531 -0.104205 -0.167259 0.036835 -0.021290 0.059604 0.053491 -0.068043 0.158464 -0.081393 -0.000338 
1.211258 -1.258498 1.221234 -0.376205 -0.115401 -0.082649 -0.219379 0.084344 -0.039541 0.063868 -0.006539 -0.026626 0.157859 -0.113900 0.030902 
1.273117 -1.224284 1.200693 -0.344468 -0.052075 -0.110664 -0.204897 0.046797 0.001642 0.041432 -0.005198 -0.027231 0.138451 -0.081230 0.013497 
1.265503 -1.153760 1.168289 -0.287755 -0.020906 -0.114434 -0.211317 0.015104 -0.032831 0.042901 -0.035561 -0.003274 0.092904 -0.048445 0.034624 
1.326513 -1.126625 1.157309 -0.249976 0.029952 -0.150610 -0.215091 0.003996 -0.062957 0.009418 -0.022038 -0.026319 0.089047 -0.044962 0.043967 
1.355900 -1.056649 1.110892 -0.187506 0.043750 -0.149059 -0.210435 -0.038830 -0.064738 0.011110 -0.049198 -0.016558 0.055558 -0.020157 0.048284 
1.368926 -1.006022 1.083279 -0.087947 0.052088 -0.151731 -0.205661 -0.079392 -0.071300 -0.022299 -0.076345 -0.047434 0.054210 -0.016398 0.022728 
1.372059 -0.883991 0.914600 0.074209 0.058395 -0.184342 -0.119035 -0.144058 -0.123984 -0.020298 -0.134326 -0.104341 0.064482 -0.033007 -0.015781 
1.436176 -0.845250 0.768409 0.275188 0.064277 -0.211149 -0.021559 -0.217269 -0.172854 0.001035 -0.167538 -0.200588 0.094820 -0.067636 -0.094814 
1.322561 -0.799645 0.853834 0.375320 -0.139195 0.006156 -0.094451 -0.306271 -0.007206 -0.063336 -0.214642 -0.202679 0.127051 -0.117824 -0.095322 
1.320473 -0.879707 1.112367 0.407055 -0.291716 0.166715 -0.247725 -0.240483 0.085101 -0.233617 -0.198325 -0.194050 0.099427 -0.083513 -0.236213 
1.320894 -0.892678 1.152667 0.360494 -0.293752 0.141301 -0.228150 -0.229860 0.100148 -0.319407 -0.148976 -0.182778 0.113870 -0.151269 -0.184678 
1.286633 -0.873690 1.106465 0.341873 -0.254373 0.181990 -0.276370 -0.215659 0.115534 -0.339968 -0.160739 -0.170342 0.092235 -0.156270 -0.184557 
1.334653 -0.862419 1.056507 0.345673 -0.223609 0.180913 -0.288840 -0.195614 0.124119 -0.360512 -0.159017 -0.167639 0.093987 -0.177872 -0.169253 
1.252799 -0.755420 1.021067 0.420193 -0.217227 0.139351 -0.285530 -0.149826 0.072888 -0.308141 -0.198921 -0.093902 0.000695 -0.121749 -0.160156 
1.244117 -0.778405 1.022441 0.396566 -0.178946 0.116596 -0.253027 -0.171669 0.094398 -0.367376 -0.157359 -0.115185 0.019980 -0.188723 -0.103246 
1.333650 -0.752379 0.941613 0.447677 -0.183655 0.140448 -0.271694 -0.150819 0.070483 -0.301657 -0.219190 -0.097620 0.018620 -0.170431 -0.143100 
1.265074 -0.692912 0.908329 0.454762 -0.154359 0.114880 -0.265666 -0.196007 0.131042 -0.360830 -0.176604 -0.128729 0.030950 -0.186839 -0.096189 
1.261589 -0.688656 0.903450 0.472620 -0.141065 0.108258 -0.269405 -0.183773 0.092904 -0.305326 -0.225995 -0.114801 0.011655 -0.166428 -0.124598 
1.279846 -0.579309 0.820614 0.443336 -0.080548 0.155276 -0.302008 -0.234551 0.148582 -0.273908 -0.246969 -0.141961 0.005395 -0.113846 -0.157167 
1.246469 -0.581905 0.734905 0.435474 0.019607 0.149529 -0.275805 -0.279272 0.140152 -0.218244 -0.267400 -0.184794 0.033839 -0.173762 -0.095632 
1.242717 -0.470378 0.668436 0.457598 0.064947 0.138877 -0.291708 -0.292739 0.121670 -0.151990 -0.256979 -0.268826 0.046629 -0.108120 -0.142611 
1.122619 -0.349442 0.546956 0.396131 0.180684 -0.001054 -0.060946 -0.320895 -0.059949 -0.043297 -0.187035 -0.258900 -0.025209 -0.124600 -0.061275 
0.770355 -0.358558 0.676936 0.300805 0.168066 0.003062 -0.006324 -0.218158 -0.098551 -0.199736 -0.123920 -0.039707 -0.162273 -0.219744 0.021193 
0.547661 -0.169736 0.793419 0.132269 0.135552 -0.089354 0.015902 -0.109386 -0.065247 -0.228539 -0.128523 0.046935 -0.122627 -0.181831 0.022520 
0.529539 -0.456708 0.961797 0.029085 0.066720 -0.156991 0.011555 -0.138568 -0.056374 -0.180228 -0.087009 0.042370 -0.079793 -0.126088 0.056396 
0.769893 -0.774808 1.050816 -0.058745 -0.019308 -0.240793 -0.113647 -0.130816 -0.084502 -0.208357 -0.071421 0.070111 -0.012094 -0.126974 0.114932 
1.044219 -0.994552 1.259237 -0.206365 -0.066520 -0.352549 -0.185495 -0.083347 -0.059435 -0.155827 -0.064044 0.109446 0.125456 -0.124029 0.098258 
1.230653 -1.190202 1.250872 -0.297983 -0.130980 -0.354509 -0.319162 0.006987 -0.075121 -0.059628 -0.044732 0.168848 0.179767 -0.084263 0.070382 
1.285395 -1.356595 1.140773 -0.433782 -0.118286 -0.295035 -0.300066 0.098389 -0.004916 0.051446 -0.029708 0.141856 0.168221 -0.117635 0.016001 
1.343726 -1.442139 1.039674 -0.536421 -0.130561 -0.325571 -0.295886 0.042183 0.088348 0.129033 0.034139 0.067680 0.231775 -0.125525 -0.008275 
1.269283 -1.326305 0.839293 -0.479659 -0.142990 -0.330636 -0.316674 -0.004970 0.188822 0.138026 0.016711 0.039574 0.288879 -0.112572 -0.103610 
1.229593 -1.313182 0.682456 -0.441647 -0.131283 -0.281523 -0.338983 0.017821 0.233160 0.166017 -0.052335 -0.002104 0.302637 -0.090969 -0.196968 
1.307053 -1.502009 0.725116 -0.468776 -0.037712 -0.308644 -0.283847 0.043399 0.217987 0.131390 -0.020319 -0.082401 0.298933 -0.088815 -0.215100 
1.256166 -1.473414 0.679995 -0.396343 -0.102545 -0.280943 -0.294284 0.084008 0.185688 0.125709 -0.028111 -0.048944 0.290871 -0.124555 -0.180100 
1.337324 -1.556315 0.758818 -0.419746 -0.086184 -0.306667 -0.293433 0.102474 0.148555 0.098384 -0.032320 -0.000580 0.306893 -0.160462 -0.154392 
1.307233 -1.466649 0.847377 -0.382823 -0.112125 -0.330692 -0.322101 0.108744 0.153641 0.106926 -0.070005 0.040261 0.308310 -0.145189 -0.159152 
1.305933 -1.446146 0.937452 -0.341910 -0.163880 -0.326995 -0.329219 0.063079 0.113734 0.070283 -0.000575 0.040932 0.301447 -0.111437 -0.127185 
1.244901 -1.418752 1.035519 -0.365418 -0.181663 -0.340233 -0.301848 0.068849 0.069077 0.041848 0.017508 0.072874 0.271662 -0.105437 -0.103513 
1.291023 -1.346349 1.007885 -0.354771 -0.190168 -0.319711 -0.353961 0.054497 0.052177 0.024015 0.039815 0.075096 0.298329 -0.121964 -0.044509 
1.277090 -1.341736 1.040095 -0.326240 -0.210064 -0.314197 -0.375459 0.063000 0.040872 0.023533 0.043981 0.077026 0.291632 -0.100423 -0.053760 
1.254307 -1.349680 0.991953 -0.382603 -0.167319 -0.285226 -0.310696 0.054807 0.050591 0.039259 0.027787 0.046711 0.272928 -0.130419 -0.050721 
1.258790 -1.418160 0.922646 -0.386502 -0.190529 -0.298214 -0.332969 0.120240 0.093258 0.041971 0.055017 0.041026 0.275991 -0.147716 -0.096735 
1.386118 -1.391751 0.807663 -0.421321 -0.176175 -0.298218 -0.335589 0.059292 0.150341 0.092472 0.038359 0.040777 0.283990 -0.130358 -0.123805 
1.467382 -1.351886 0.630904 -0.418947 -0.067844 -0.299797 -0.345788 0.089892 0.181234 0.081000 0.003782 -0.002561 0.306114 -0.141269 -0.170228 
1.475627 -1.403802 0.487965 -0.434341 -0.031046 -0.278961 -0.227585 0.141122 0.245102 0.084886 -0.030358 -0.068154 0.189566 -0.154799 -0.124513 
1.526442 -1.361281 0.356618 -0.435562 -0.127390 -0.228091 -0.228287 0.145338 0.183603 0.132276 0.042480 -0.169127 0.222176 -0.051816 -0.285946 
1.571601 -1.331410 0.187895 -0.394988 -0.105078 -0.285403 -0.090874 0.134903 0.143993 0.181205 0.056902 -0.261079 0.166386 0.008731 -0.236979 
1.499827 -1.351262 0.151561 -0.438739 -0.092474 -0.204047 -0.099076 0.099344 0.176133 0.205884 0.013188 -0.274192 0.170907 -0.025102 -0.218091 
1.508745 -1.274688 0.038529 -0.468327 -0.090194 -0.140824 -0.050491 0.056921 0.131461 0.259493 -0.003004 -0.284447 0.137789 -0.002148 -0.216902 
1.458771 -1.235894 -0.001818 -0.457822 -0.157823 -0.062955 -0.064098 -0.026650 0.217871 0.236331 -0.010296 -0.281789 0.163360 -0.036217 -0.174251 
1.394280 -1.220670 -0.019613 -0.484383 -0.132193 -0.062215 -0.043536 -0.024715 0.190633 0.271630 -0.017526 -0.277116 0.126289 -0.030804 -0.174383 
1.404607 -1.209889 -0.093875 -0.494717 -0.130370 -0.014980 -0.048354 -0.029558 0.201941 0.276022 0.026945 -0.345766 0.099704 -0.016803 -0.177625 
1.401530 -1.247039 -0.136057 -0.547916 -0.049600 -0.032896 -0.053941 -0.045363 0.208398 0.311111 0.054545 -0.388373 0.080342 -0.013331 -0.180953 
1.333257 -1.127065 -0.250238 -0.543133 -0.016344 -0.021508 -0.017426 -0.029112 0.161477 0.243169 0.076211 -0.398174 0.144601 -0.036794 -0.163440 
1.149859 -1.082853 -0.165433 -0.411842 -0.086493 0.129213 -0.068366 -0.063058 0.149307 0.180157 0.054330 -0.360122 0.148478 -0.022375 -0.110271 
1.023281 -0.396306 -0.035560 -0.172321 -0.090447 0.052510 -0.021636 0.029552 0.298083 0.164678 -0.110026 -0.239747 0.084622 -0.017008 -0.083859 
0.390549 -1.235765 -0.123106 -0.449448 0.066828 0.008052 -0.015854 0.017146 0.078516 0.246410 -0.042149 -0.281750 0.091907 -0.068789 -0.063074 
0.602703 -0.645771 -0.451381 -0.276929 -0.099765 0.155914 -0.051042 -0.106267 0.242648 0.196200 -0.015413 -0.284335 0.010097 -0.085858 0.080323 
-0.113083 -0.396228 -0.155020 -0.192213 -0.249981 -0.118531 -0.162770 0.095471 0.328273 0.023455 0.033018 -0.109741 0.033175 -0.087334 -0.100187 
