city012_026
HARAJUKU
88
-0.079222 -0.300564 -0.271856 -0.198802 -0.056633 -0.016905 -0.045696 -0.066588 0.025524 0.006263 0.213124 -0.062835 -0.091538 0.030524 -0.029142 
0.305493 -0.445482 -0.305945 -0.057059 0.107834 0.124583 -0.104691 -0.112729 0.167120 0.038663 0.039380 -0.153227 -0.017229 0.057857 0.062419 
0.503773 -0.507516 -0.296911 -0.008553 0.201820 0.268204 0.174345 -0.004888 0.011950 0.035035 0.043140 -0.199245 0.091611 0.201486 0.028623 
0.303208 -0.810469 -0.361091 0.020220 0.055085 0.070044 0.069522 -0.118336 0.088950 0.083642 -0.060169 -0.193233 0.101354 0.116997 -0.057025 
0.434455 -0.943108 -0.279337 -0.128728 0.107739 0.086975 0.013664 -0.075516 0.112459 0.099127 -0.129732 -0.191652 0.110964 0.160246 -0.093735 
0.458153 -1.071619 -0.332039 -0.204127 0.055840 0.042296 0.096636 0.075035 0.070361 0.035944 -0.231260 -0.150547 0.199187 0.075831 -0.021286 
0.589931 -0.942593 -0.215426 -0.193635 0.141328 -0.015143 0.086637 -0.108260 0.142471 0.034445 -0.131778 -0.104198 0.113950 0.097385 -0.124571 
0.646955 -1.023039 -0.290814 -0.238897 0.215311 -0.071629 -0.049894 -0.081584 0.269971 0.069892 -0.209296 -0.092751 0.113580 0.059707 -0.085329 
1.177284 -0.648045 -0.142256 -0.236695 0.179435 0.022094 0.037135 -0.088405 0.231452 0.044100 -0.237286 -0.047726 0.048559 0.109890 -0.026433 
1.576251 -1.345191 0.160533 -0.574365 0.143609 0.007022 -0.028121 0.011850 0.124702 0.132944 -0.091040 -0.214504 0.121218 0.001301 -0.048096 
1.460333 -1.439216 0.253279 -0.644762 0.129018 -0.000765 -0.091682 0.023152 0.109279 0.244850 -0.066703 -0.286451 0.130771 -0.030326 -0.045432 
1.378007 -1.429284 0.294845 -0.678653 0.134515 -0.109311 -0.003759 -0.083869 0.195903 0.236417 0.014995 -0.303295 0.047103 0.025817 -0.090389 
1.414360 -1.341260 0.188014 -0.524834 0.007717 -0.115847 -0.041669 -0.068205 0.188345 0.305416 -0.031280 -0.261001 0.070984 -0.008322 -0.132284 
1.459247 -1.301479 0.225854 -0.503517 0.009368 -0.182194 -0.085801 -0.071287 0.217627 0.333293 -0.031976 -0.267529 0.101791 0.012538 -0.162954 
1.422436 -1.362335 0.308884 -0.419466 -0.038585 -0.217734 -0.127847 -0.074557 0.282173 0.268157 -0.040105 -0.190657 0.067251 0.077481 -0.201589 
1.462950 -1.370290 0.379356 -0.370298 -0.042365 -0.238592 -0.220275 -0.070544 0.279669 0.200522 0.012466 -0.146229 0.136008 0.018946 -0.130649 
1.510231 -1.466669 0.453547 -0.295930 0.036960 -0.266889 -0.317011 0.017183 0.116601 0.197800 -0.002002 -0.122469 0.243514 -0.034586 -0.135177 
1.315448 -0.951698 0.402930 0.239989 0.082302 -0.101310 -0.319428 -0.205392 0.055707 -0.037895 -0.057183 -0.249056 0.213071 0.029531 -0.149480 
1.313359 -1.143856 0.507163 -0.182328 0.213424 -0.198062 -0.391809 -0.098156 0.019772 -0.091371 0.004893 -0.029683 0.201682 -0.044817 -0.105003 
1.509730 -1.491029 0.608750 -0.474895 0.183229 -0.330701 -0.452966 0.105032 0.230563 0.066370 0.016988 0.005154 0.177578 -0.075015 -0.065620 
1.248875 -1.412104 0.479431 -0.494203 0.109415 -0.290764 -0.403758 0.042888 0.297940 0.094308 0.014606 0.000870 0.143684 -0.056339 -0.072841 
1.316853 -1.465532 0.502877 -0.577282 0.129114 -0.235443 -0.330661 0.047227 0.324047 0.120175 0.008334 -0.101599 0.100258 -0.048893 -0.062809 
1.245829 -1.368780 0.397917 -0.599446 0.089017 -0.156960 -0.302137 0.030135 0.342616 0.162807 -0.055202 -0.113589 0.080102 -0.040131 -0.069188 
1.325104 -1.355475 0.357291 -0.628807 0.131695 -0.179387 -0.250140 0.041325 0.341539 0.142315 -0.002842 -0.160020 0.016491 -0.007562 -0.060158 
1.232036 -1.270462 0.191065 -0.500077 -0.002921 -0.149932 -0.131867 0.057888 0.155161 0.305952 -0.002256 -0.277575 0.028351 0.076338 -0.155356 
1.367919 -1.380494 0.287718 -0.600890 0.057763 -0.183622 -0.014913 -0.046368 0.192929 0.316779 -0.018252 -0.300334 0.039595 0.049566 -0.142085 
1.203996 -1.254362 0.160179 -0.538762 -0.010814 -0.076010 -0.062037 -0.024820 0.161678 0.337026 -0.043238 -0.289784 0.029718 0.043759 -0.121748 
1.290697 -1.425395 0.313768 -0.672612 0.076056 -0.087893 -0.011487 -0.048429 0.166513 0.330718 -0.087931 -0.252135 -0.002209 0.043568 -0.090544 
1.321858 -1.430565 0.288593 -0.667503 0.083496 -0.077814 -0.006187 -0.070255 0.198607 0.256674 -0.035569 -0.266582 0.029060 0.020181 -0.103068 
1.335706 -1.438667 0.307245 -0.683664 0.119076 -0.079678 -0.019529 -0.060931 0.192029 0.260635 -0.044402 -0.255235 0.002233 0.047995 -0.103110 
1.409877 -1.478121 0.319652 -0.666997 0.103253 -0.104046 -0.056289 -0.025058 0.181690 0.279675 -0.070560 -0.232312 0.024317 0.037355 -0.107821 
1.360312 -1.434424 0.329427 -0.642444 0.079005 -0.121718 -0.070901 -0.018391 0.207013 0.278325 -0.073968 -0.237595 0.040828 0.033180 -0.134773 
1.421877 -1.471811 0.412259 -0.668711 0.102782 -0.178607 -0.086033 -0.026813 0.237221 0.278083 -0.091351 -0.226028 0.088393 0.005188 -0.131331 
1.364394 -1.372861 0.417626 -0.553976 0.037255 -0.228767 -0.125184 0.007276 0.202251 0.293590 -0.081490 -0.204430 0.126797 0.000833 -0.154889 
1.475797 -1.363143 0.515865 -0.493083 0.058208 -0.325915 -0.212638 0.091349 0.150559 0.238392 -0.021459 -0.153510 0.165153 -0.010214 -0.157826 
1.521721 -1.330420 0.706668 -0.430473 0.040551 -0.283904 -0.358996 0.090101 0.215509 0.091475 -0.036695 0.035269 0.146280 -0.087341 -0.020967 
1.433964 -1.158119 0.853638 -0.334617 0.161262 -0.221672 -0.370019 -0.003112 0.170119 -0.064401 -0.153820 0.085056 0.191573 -0.104765 0.003294 
1.144596 -0.706732 0.778979 0.051006 0.183046 -0.085924 -0.352670 -0.192157 0.130222 -0.175032 -0.290626 0.001683 0.075874 -0.087572 -0.034298 
1.153385 -0.445527 0.584518 0.232025 0.149311 0.100219 -0.225923 -0.175355 0.125695 -0.187477 -0.178066 -0.078177 0.034167 -0.134829 -0.043557 
0.996500 -0.375099 0.558720 0.193506 0.151739 0.001923 -0.149198 -0.126753 0.042403 -0.219483 -0.219308 0.012312 0.050070 -0.195913 -0.067647 
0.498926 -0.327223 0.641678 0.260978 0.357450 -0.178082 -0.016474 -0.086125 0.034639 -0.114060 -0.219626 0.071774 -0.001702 -0.227521 0.023130 
0.158671 -0.272197 0.600166 0.027163 0.276249 -0.295234 0.128538 -0.119829 0.027004 0.062580 -0.191569 0.084984 0.025929 -0.067739 0.006079 
0.066673 -0.467236 0.636283 -0.091645 0.369177 -0.190024 0.051546 0.046578 -0.001831 -0.021734 -0.004137 0.004280 0.063143 -0.090201 0.005498 
0.053792 -0.291490 0.697651 -0.183674 0.431213 -0.257824 0.010329 0.067821 -0.032104 0.025749 -0.107756 0.061862 0.044593 -0.094170 0.012573 
0.296662 -0.502491 0.776402 -0.033895 0.317177 -0.310128 -0.019616 0.005924 -0.057617 -0.100642 -0.106120 0.088221 0.015802 -0.176452 0.067809 
0.608992 -0.568618 1.026963 -0.144878 0.037800 -0.293446 -0.178216 -0.061441 -0.082589 -0.108546 -0.139086 0.050811 0.134768 -0.136688 0.010617 
0.911436 -0.923658 1.285359 -0.089348 -0.015291 -0.263792 -0.259515 -0.000700 -0.120891 -0.226278 -0.061189 -0.047795 0.168509 -0.127859 -0.081895 
0.972570 -0.984142 1.359839 -0.151593 -0.080445 -0.256576 -0.241046 0.028602 -0.171122 -0.182065 0.015696 -0.086958 0.183117 -0.086525 -0.101967 
1.003832 -1.062254 1.283715 -0.044391 -0.148192 -0.192909 -0.286972 0.071836 -0.184783 -0.184826 0.023323 -0.102404 0.177213 -0.052339 -0.146674 
1.121142 -1.194926 1.390776 -0.041859 -0.111438 -0.286793 -0.240937 0.081003 -0.180880 -0.214563 0.066502 -0.131823 0.191615 -0.023675 -0.182048 
1.122071 -1.150693 1.246564 0.045779 -0.139752 -0.280393 -0.269747 0.136054 -0.256835 -0.213948 0.106707 -0.178000 0.179652 0.018152 -0.206344 
1.212363 -1.189249 1.330607 0.029415 -0.053754 -0.387023 -0.197373 0.143422 -0.280599 -0.188601 0.113980 -0.216913 0.206313 0.009770 -0.207795 
1.184923 -1.148182 1.247320 0.095718 0.013381 -0.436687 -0.149504 0.159032 -0.339710 -0.175495 0.089405 -0.230444 0.176861 -0.024017 -0.159141 
1.021251 -0.917877 1.037413 0.239307 0.080060 -0.446628 -0.103673 0.131790 -0.363696 -0.172011 0.023528 -0.231581 0.102291 -0.031130 -0.137239 
0.863725 -0.592824 0.757966 0.408145 0.110614 -0.449150 -0.060014 0.112908 -0.329637 -0.182105 -0.016892 -0.243556 0.104647 -0.066343 -0.140850 
0.547318 -0.155625 0.556633 0.520066 0.081149 -0.129930 0.007018 0.037803 -0.001784 -0.110879 0.013804 -0.190126 0.138812 -0.047383 -0.185215 
0.285270 -0.253627 0.353957 0.215684 -0.025316 0.039314 -0.054455 0.130843 0.158402 -0.103870 0.061622 -0.046636 0.103904 -0.008575 -0.107164 
-0.040052 -0.503639 0.089699 0.243639 -0.051135 -0.150489 0.044963 -0.000324 0.051763 -0.065197 0.026358 0.001540 -0.006734 -0.001591 -0.011879 
-0.170604 -0.556447 0.132416 0.217037 -0.235714 -0.208424 -0.011432 0.126409 0.064537 -0.094678 0.073743 -0.067945 0.072129 -0.000919 -0.084802 
-0.187476 -0.401377 0.198203 0.208421 -0.245203 -0.262032 -0.020383 -0.008956 0.072589 -0.068444 0.088398 -0.055481 0.070464 0.030980 -0.090138 
-0.250535 -0.639840 -0.041797 0.089036 -0.154872 -0.096073 -0.067471 -0.000713 0.145932 -0.018047 0.044218 -0.115194 0.055453 0.049411 -0.102336 
-0.091436 -0.560088 0.085184 0.055165 -0.221620 -0.062755 -0.038593 -0.076788 0.195754 -0.030500 0.042052 -0.104023 0.021431 0.129347 -0.173019 
-0.157379 -0.773795 -0.029806 0.109256 -0.103567 -0.081642 -0.024481 -0.037298 0.181849 -0.134532 0.087849 -0.070112 0.037797 0.005077 -0.072945 
0.937024 -1.460616 -0.228139 0.215407 0.287384 -0.284679 -0.204879 0.117123 0.012931 0.022562 0.063097 -0.097250 0.046679 0.026240 -0.085821 
0.819943 -1.165608 -0.341372 -0.221008 0.153002 -0.261914 -0.055989 0.080403 0.207703 0.081748 -0.036247 -0.134786 0.069823 -0.064986 -0.099910 
0.620922 -0.936799 -0.073509 -0.070541 0.019547 -0.455003 -0.093028 -0.008786 0.015116 0.107080 0.109691 0.000236 0.224854 -0.173880 -0.083263 
0.387024 -0.797161 0.329257 0.329896 0.264620 -0.214127 -0.107245 0.006722 0.144535 -0.106723 -0.045853 0.012839 0.048681 -0.030028 -0.070046 
1.238362 -0.774765 0.647056 0.255719 -0.012365 -0.123248 -0.255562 0.037705 -0.205285 -0.178274 0.124797 -0.315186 0.079261 0.127191 -0.226965 
1.404848 -0.980361 0.974532 0.135546 0.094755 -0.226818 -0.217498 0.100129 -0.268171 -0.227535 0.126954 -0.336999 0.083576 0.084665 -0.266992 
1.522680 -1.080660 0.999561 0.055366 0.136334 -0.181091 -0.226908 0.042406 -0.275093 -0.145482 0.136422 -0.359262 0.064075 0.121808 -0.253605 
1.428820 -0.938640 0.913928 0.048445 0.045547 -0.154069 -0.182677 0.021530 -0.311490 -0.191293 0.161721 -0.346473 0.057166 0.113272 -0.233442 
1.494392 -0.989169 0.909588 0.020486 0.063601 -0.128064 -0.221583 -0.018953 -0.272285 -0.183320 0.155161 -0.347736 0.066824 0.115319 -0.217941 
1.522398 -0.991249 0.873852 0.014069 0.084983 -0.150874 -0.237960 -0.016138 -0.294964 -0.159242 0.142490 -0.354437 0.077711 0.132740 -0.243108 
1.441425 -0.956126 0.799886 0.039412 0.093407 -0.159552 -0.257540 -0.040246 -0.264944 -0.178953 0.148936 -0.377110 0.105049 0.131012 -0.220325 
1.499487 -0.963653 0.793435 0.064570 0.083118 -0.158229 -0.281678 -0.013020 -0.264118 -0.194334 0.149290 -0.379396 0.095115 0.160758 -0.249161 
1.497601 -0.955604 0.755040 0.083048 0.045121 -0.131794 -0.311589 -0.013610 -0.246928 -0.208782 0.149348 -0.360839 0.088517 0.176156 -0.244141 
1.442316 -0.932565 0.776133 0.094498 0.031141 -0.151373 -0.330538 0.002005 -0.236997 -0.176441 0.128140 -0.344588 0.090479 0.190459 -0.236999 
1.437344 -0.965419 0.748308 0.101013 0.088855 -0.174370 -0.336183 -0.020629 -0.229360 -0.197639 0.144819 -0.385282 0.101994 0.190884 -0.237525 
1.434054 -0.904670 0.673790 0.125553 0.087566 -0.180654 -0.358893 -0.000349 -0.249682 -0.167710 0.128147 -0.400553 0.129448 0.190823 -0.236549 
1.410935 -0.904244 0.692413 0.115588 0.074267 -0.177504 -0.343289 -0.017906 -0.247929 -0.168564 0.114070 -0.377618 0.124913 0.181085 -0.251768 
1.418217 -0.892817 0.660946 0.109210 0.081237 -0.187975 -0.340680 -0.040463 -0.249632 -0.184183 0.122151 -0.389076 0.142206 0.168344 -0.240563 
1.339693 -0.712392 0.605462 0.108209 0.071270 -0.234575 -0.314030 -0.020592 -0.292851 -0.162059 0.107090 -0.398271 0.178240 0.141072 -0.239731 
1.419995 -0.545991 0.537910 0.168188 0.016537 -0.217640 -0.329680 -0.021878 -0.261113 -0.149619 0.102813 -0.421349 0.175837 0.170758 -0.231334 
1.252834 -0.588773 0.600863 0.236063 -0.013536 -0.188850 -0.298904 -0.047308 -0.213534 -0.192000 0.104131 -0.375084 0.126855 0.140174 -0.216257 
1.147760 -0.527654 0.588484 0.317577 -0.020564 -0.207376 -0.277851 -0.022569 -0.225086 -0.164813 0.062872 -0.352670 0.103115 0.149544 -0.236626 
0.604697 -0.747681 0.752439 0.300608 0.080593 -0.259290 -0.199966 0.015378 -0.307291 -0.051827 0.087673 -0.414662 0.116506 0.133060 -0.217418 
0.187853 -0.056781 0.663618 0.342291 -0.190101 -0.242058 -0.080281 -0.166671 -0.293695 -0.179641 0.085619 -0.304934 -0.013933 0.159931 -0.123530 
0.964400 -0.352974 0.374505 0.202867 -0.051481 -0.424618 -0.220087 -0.024880 -0.287726 -0.090021 0.132523 -0.277909 0.215890 0.108233 -0.084558 
