city012_081
HYUUGA
75
-0.112301 -0.190518 0.515676 -0.022360 -0.229683 0.048622 -0.211950 -0.079122 0.284016 -0.162084 -0.029344 0.085525 0.006677 0.062589 -0.158405 
-0.058771 -0.452294 0.686091 -0.151854 -0.025723 0.125507 -0.032018 -0.111818 0.129123 -0.024671 -0.032084 0.007683 0.004871 0.058722 -0.140627 
-0.147543 -0.531032 0.674769 -0.393310 -0.058112 0.060599 -0.073951 -0.086914 0.060787 -0.004577 -0.010309 0.034217 -0.034187 0.059410 -0.080648 
-0.286382 -0.528106 1.118020 -0.294345 -0.085844 0.078572 0.051104 -0.066810 -0.015416 0.031114 0.002880 -0.007105 -0.054587 0.114835 -0.120708 
0.101974 -0.331775 1.250470 -0.271860 -0.041404 0.262159 -0.032365 -0.047217 0.098291 0.012857 -0.057027 0.059338 0.004301 0.026335 -0.106065 
0.047529 -0.354108 1.496220 -0.216978 0.034111 0.155407 -0.015448 -0.200071 0.142954 -0.095639 -0.164661 0.128751 -0.175885 0.088808 -0.141905 
0.094107 -0.557920 1.342035 -0.370319 0.016196 0.201907 -0.016994 -0.177246 0.055047 -0.001729 -0.053904 0.005325 -0.071060 0.094911 -0.125517 
0.106666 -0.628453 1.196833 -0.172573 0.146944 0.201982 0.003383 -0.168223 0.077821 0.107353 -0.122969 0.032963 -0.035440 0.030968 -0.051245 
0.197663 -0.549988 1.198582 -0.370560 -0.008249 0.153004 -0.036284 -0.196497 0.047243 0.013745 -0.096511 0.031754 -0.026133 0.011734 -0.053943 
0.247069 -0.405625 1.416700 -0.130922 0.066159 0.149511 -0.004432 -0.101798 0.157906 -0.090233 -0.079232 0.075754 -0.045659 -0.017878 -0.055873 
-0.031724 -0.682443 1.243862 -0.268387 -0.101548 -0.016832 -0.041491 -0.140355 0.015233 -0.005245 -0.112782 0.092627 -0.058158 0.063940 -0.095868 
0.251141 -0.624484 1.180428 -0.053580 -0.094016 0.235234 0.053738 -0.167100 0.040682 0.026291 -0.054487 0.028023 -0.086223 0.098289 -0.110559 
0.603056 -0.567171 1.281193 0.146537 -0.167198 0.039197 0.107117 -0.034305 -0.125421 -0.047699 0.082656 -0.133999 -0.071966 0.138368 -0.198738 
0.939245 -0.920563 1.484628 0.042991 -0.351576 0.009849 -0.040908 -0.107033 -0.347380 -0.138689 0.115348 -0.300153 -0.076568 0.168414 -0.201468 
1.043032 -1.182595 1.612799 0.027804 -0.281354 -0.070230 -0.067631 -0.061438 -0.420272 -0.156956 0.137384 -0.326462 -0.115402 0.208588 -0.245503 
0.989154 -1.179688 1.566802 0.076211 -0.267497 -0.123882 -0.058310 -0.038595 -0.437715 -0.167799 0.151127 -0.325787 -0.113700 0.191712 -0.215774 
1.087419 -1.291284 1.584738 0.078638 -0.183009 -0.225468 -0.042536 -0.030319 -0.427653 -0.158381 0.097590 -0.261030 -0.137542 0.203173 -0.222184 
1.073279 -1.295916 1.518144 0.093698 -0.121763 -0.295390 -0.045175 -0.039742 -0.384489 -0.188072 0.084944 -0.246155 -0.098467 0.165146 -0.197472 
1.057824 -1.203116 1.410164 0.135784 -0.090944 -0.363537 -0.032512 0.011666 -0.398354 -0.171611 0.051695 -0.179574 -0.087306 0.096491 -0.119380 
1.125956 -1.247078 1.343434 0.172769 -0.084342 -0.372692 -0.049387 0.014489 -0.391185 -0.204925 0.082014 -0.196634 -0.078201 0.087057 -0.129877 
1.068659 -1.204024 1.272767 0.212306 -0.128656 -0.288715 -0.137141 0.037615 -0.406970 -0.222968 0.105410 -0.245161 -0.059310 0.103061 -0.136289 
1.049057 -1.160240 1.233417 0.243809 -0.108064 -0.307186 -0.181298 0.066165 -0.382528 -0.213454 0.049939 -0.227233 -0.013233 0.096456 -0.168423 
1.164695 -1.251457 1.290197 0.187961 -0.033101 -0.369645 -0.204142 0.097697 -0.363049 -0.215450 0.005751 -0.190107 0.022156 0.088403 -0.211354 
1.091582 -1.149160 1.182417 0.259078 -0.046054 -0.341367 -0.243554 0.101499 -0.303083 -0.254537 -0.004526 -0.191872 0.059044 0.057836 -0.215064 
1.163065 -1.226576 1.217314 0.214338 -0.006125 -0.338837 -0.280760 0.108085 -0.278869 -0.286570 0.003554 -0.199735 0.068333 0.067943 -0.250905 
1.435632 -1.371945 1.278454 0.170234 0.023096 -0.287771 -0.355765 0.146673 -0.269659 -0.296565 0.015754 -0.234769 0.092632 0.072460 -0.296209 
1.317152 -1.217289 1.119561 0.211349 0.003616 -0.214404 -0.374499 0.121468 -0.255405 -0.286128 0.008147 -0.243110 0.083955 0.074267 -0.269772 
1.472600 -1.244251 1.170592 0.128449 0.079922 -0.260444 -0.345785 0.120984 -0.258032 -0.242138 -0.000249 -0.264584 0.083089 0.148373 -0.373880 
1.517140 -1.230448 1.120376 0.112348 0.073392 -0.207503 -0.316038 0.099230 -0.279450 -0.233471 0.041481 -0.271658 0.034024 0.153410 -0.319872 
1.621113 -1.226974 1.067394 0.060670 0.085610 -0.146331 -0.265355 0.050911 -0.298570 -0.263708 0.088857 -0.254720 -0.050146 0.188396 -0.339460 
1.618258 -1.170901 0.970822 0.026655 0.082299 -0.075211 -0.232273 0.014308 -0.323061 -0.272271 0.089280 -0.237520 -0.035324 0.131703 -0.330274 
1.686015 -1.174555 0.929463 0.001709 0.107401 -0.044622 -0.213752 -0.008724 -0.327711 -0.283745 0.092735 -0.249819 -0.022363 0.133763 -0.359854 
1.627402 -1.070082 0.821460 0.035024 0.093389 -0.007081 -0.233017 -0.013721 -0.329320 -0.252276 0.101908 -0.281026 -0.015922 0.161756 -0.349456 
1.728365 -1.088794 0.869146 -0.033791 0.124633 0.000644 -0.233935 -0.045570 -0.315685 -0.224360 0.143409 -0.316946 -0.042760 0.198884 -0.322070 
1.727617 -0.980254 0.833686 -0.081530 0.134550 -0.007853 -0.223010 -0.057783 -0.300158 -0.208515 0.125991 -0.315069 -0.026367 0.196829 -0.312719 
1.755659 -0.966495 0.835954 -0.098423 0.094859 -0.002414 -0.235880 -0.076152 -0.308687 -0.153807 0.105952 -0.284745 -0.063934 0.264680 -0.323056 
1.686376 -0.934090 0.758031 -0.032644 0.025753 0.036585 -0.254047 -0.077004 -0.312166 -0.173303 0.102245 -0.271508 -0.059091 0.260701 -0.316853 
1.703324 -0.974875 0.768613 -0.060440 0.046741 0.001840 -0.195598 -0.119004 -0.307701 -0.182260 0.110735 -0.266044 -0.031443 0.218219 -0.304085 
1.686433 -0.948733 0.746516 -0.047495 0.017181 -0.041550 -0.185016 -0.077706 -0.316731 -0.188632 0.092995 -0.254750 0.017052 0.186688 -0.301123 
1.759436 -0.932917 0.668108 -0.022250 0.027277 -0.086507 -0.179028 -0.040387 -0.300771 -0.209234 0.039334 -0.251064 0.055743 0.206513 -0.344609 
1.652189 -0.905160 0.697064 -0.030455 0.019579 -0.055775 -0.214394 -0.025193 -0.288585 -0.210227 0.058589 -0.266629 0.060049 0.206730 -0.351853 
1.651800 -0.882349 0.646703 0.025126 0.015720 -0.016625 -0.244451 -0.011417 -0.293027 -0.150284 0.032423 -0.250483 0.017135 0.246523 -0.368986 
1.569300 -0.849457 0.677167 -0.010342 0.091843 -0.066525 -0.201246 -0.028881 -0.312080 -0.113089 0.030566 -0.268544 0.043179 0.200146 -0.370941 
1.499697 -0.773996 0.616288 0.011833 0.120726 -0.114902 -0.184660 -0.026889 -0.337714 -0.094406 0.024968 -0.304337 0.101414 0.141460 -0.335026 
1.531890 -0.734051 0.640903 0.011943 0.140192 -0.156721 -0.139186 -0.044232 -0.334392 -0.113508 0.026872 -0.316348 0.089830 0.119912 -0.303371 
1.482024 -0.573867 0.538836 0.086196 0.085528 -0.115935 -0.077936 -0.020423 -0.368543 -0.110054 0.012136 -0.316295 0.087694 0.095472 -0.297145 
1.460256 -0.464198 0.479710 0.181685 0.087208 -0.131067 -0.084207 -0.131036 -0.352079 0.001638 -0.059561 -0.293629 0.027426 0.125232 -0.294807 
1.308743 -0.451072 0.492455 0.172529 0.145812 -0.105736 -0.133293 -0.116551 -0.367790 0.023930 -0.053973 -0.303517 -0.006611 0.136765 -0.284635 
1.308556 -0.426290 0.488204 0.241533 0.059265 -0.089667 -0.056783 -0.149941 -0.392922 0.005191 -0.023366 -0.307442 -0.019126 0.107981 -0.259161 
1.210163 -0.348610 0.613207 0.139256 0.110959 -0.060882 -0.105136 -0.212081 -0.322847 0.036004 -0.036420 -0.316588 -0.047462 0.136306 -0.224381 
1.261591 -0.203368 0.430878 0.221462 0.108747 -0.052602 -0.168093 -0.276335 -0.227165 0.013613 0.069738 -0.320209 -0.078048 0.178644 -0.127728 
1.429822 -0.455229 0.425489 0.102733 0.147465 -0.075278 -0.280892 -0.150449 -0.249394 0.034749 0.010701 -0.255697 -0.048852 0.214868 -0.191162 
1.450364 -0.740477 0.451461 -0.096991 0.194123 -0.205880 -0.352809 -0.082422 -0.221492 0.072162 0.104206 -0.234515 -0.003486 0.302615 -0.158795 
1.520895 -1.042548 0.522511 -0.248226 0.140640 -0.290910 -0.372335 -0.032189 -0.209769 0.091666 0.209444 -0.246388 0.095862 0.328915 -0.198206 
1.649366 -1.302356 0.539915 -0.393365 0.145691 -0.368131 -0.348855 0.000138 -0.185848 0.211269 0.293539 -0.239009 0.100843 0.317978 -0.188420 
1.595017 -1.350412 0.411003 -0.412756 0.075390 -0.362488 -0.270638 0.042856 -0.149706 0.302132 0.290953 -0.223231 0.055658 0.270411 -0.214803 
1.555818 -1.390494 0.336398 -0.446081 0.048118 -0.324339 -0.210593 0.064474 -0.102318 0.330482 0.292851 -0.225828 -0.042325 0.238356 -0.190155 
1.558981 -1.409412 0.225135 -0.574976 0.073474 -0.257595 -0.170266 0.105543 -0.040388 0.276370 0.339195 -0.281277 -0.102363 0.197932 -0.190225 
1.453522 -1.393248 0.159804 -0.627853 0.106867 -0.213267 -0.143853 0.138668 -0.092445 0.358095 0.283033 -0.313234 -0.112841 0.137191 -0.148197 
1.508283 -1.471049 0.159431 -0.643124 0.103904 -0.152479 -0.114016 0.157222 -0.107094 0.364257 0.252949 -0.358617 -0.111574 0.130797 -0.179295 
1.462568 -1.457688 0.117978 -0.633848 0.079956 -0.157783 -0.082454 0.164039 -0.104422 0.360422 0.227484 -0.355785 -0.071498 0.087593 -0.197215 
1.520472 -1.458752 0.189647 -0.671223 0.052959 -0.072686 -0.069001 0.107772 -0.047979 0.357712 0.141319 -0.342246 -0.058057 0.079833 -0.190061 
1.565320 -1.443414 0.079431 -0.668393 0.100515 -0.092434 -0.031089 0.081997 -0.045308 0.373587 0.105321 -0.354872 -0.010767 0.037449 -0.173234 
1.439738 -1.446423 0.137403 -0.664463 0.087635 -0.081784 0.003953 0.104663 -0.086525 0.380137 0.072627 -0.353979 0.003640 0.020811 -0.150194 
1.345256 -1.357113 0.047077 -0.661857 0.070282 -0.032791 -0.031689 0.109090 -0.100946 0.380833 0.093239 -0.353346 0.022027 -0.020072 -0.118055 
1.371292 -1.365649 0.054033 -0.673713 0.065052 -0.076213 0.004493 0.102263 -0.101002 0.353873 0.102224 -0.310147 0.023995 -0.022874 -0.157923 
1.360993 -1.374440 0.034976 -0.665278 0.061771 -0.046051 0.003583 0.045050 -0.047859 0.345726 0.100893 -0.306219 -0.004087 -0.005113 -0.173496 
1.407496 -1.350767 0.072847 -0.634704 0.065538 -0.056972 -0.009827 0.088076 -0.064165 0.316046 0.084103 -0.304292 -0.002852 0.046703 -0.170427 
1.636308 -0.982868 -0.152990 -0.590429 -0.076775 0.105952 -0.007341 -0.019863 -0.035489 0.256249 0.175078 -0.278157 -0.082225 0.103812 -0.199181 
1.639031 -0.606841 -0.291528 -0.602881 0.033458 -0.014193 0.050214 -0.032546 -0.049539 0.387953 0.073832 -0.320348 -0.057411 0.053270 -0.175877 
1.366744 -1.462958 0.011691 -0.646189 0.103100 -0.035464 0.006829 0.061836 -0.065143 0.284623 0.121999 -0.288612 -0.044996 0.081487 -0.228255 
0.947251 -0.842888 -0.289923 -0.493097 -0.103688 0.053098 0.017252 -0.004068 -0.025539 0.457947 0.119391 -0.350963 -0.186468 0.082638 -0.207387 
1.087533 -0.544064 -0.264632 -0.247212 -0.081501 -0.006357 0.134640 -0.034017 0.074594 0.216895 -0.031198 -0.218415 -0.069966 0.150605 -0.183585 
1.542583 -0.430212 -0.377740 -0.382179 -0.008321 0.055857 0.137247 -0.046440 0.004520 0.326067 0.119158 -0.308746 -0.148638 0.041094 -0.150834 
0.676523 -0.207152 -0.229009 -0.227295 -0.088162 0.019577 0.022240 0.067913 0.115093 0.104328 0.225062 -0.311423 -0.134896 0.152394 -0.133000 
