city012_060
BUNKYOO
83
-0.061263 -0.037331 0.155254 0.144970 0.028419 -0.013144 -0.110875 0.055571 0.152338 -0.108396 0.077504 -0.042753 -0.072214 0.225626 -0.215815 
0.983292 -1.178769 0.192980 -0.134736 -0.129497 -0.157255 -0.110871 -0.036559 0.051752 0.052231 0.085376 0.041005 -0.048889 0.092558 -0.178373 
1.469382 -0.746615 0.499920 0.073838 -0.038872 -0.010772 -0.127183 -0.102854 -0.011424 -0.064930 0.046076 -0.061973 -0.027085 0.125746 -0.174059 
1.502304 -0.424057 0.613313 0.180023 0.161733 0.108920 -0.091756 0.027801 -0.031424 -0.208699 -0.012245 -0.040837 -0.087267 0.052366 -0.256970 
1.763271 -0.653808 0.831727 -0.019134 0.007115 0.048726 -0.168628 -0.035075 -0.211501 -0.207435 0.088711 -0.281918 -0.080061 0.214249 -0.294386 
1.680984 -0.961444 0.845123 -0.170852 0.077500 -0.060764 -0.202544 -0.102518 -0.311876 -0.135740 0.119102 -0.245416 -0.024096 0.229969 -0.290885 
1.716384 -1.064630 0.866085 -0.229938 -0.001067 -0.046233 -0.199395 -0.077802 -0.305175 -0.144387 0.145470 -0.230678 0.033890 0.228338 -0.285430 
1.702503 -1.052629 0.812388 -0.286987 0.015301 -0.092506 -0.202856 -0.112732 -0.316919 -0.063311 0.137796 -0.212382 0.084108 0.200818 -0.252081 
1.722365 -1.051153 0.763265 -0.192052 -0.044243 -0.086606 -0.161972 -0.108449 -0.347512 -0.024719 0.111217 -0.216140 0.107541 0.157893 -0.216678 
1.779097 -1.168284 0.802171 -0.179974 0.003827 -0.109141 -0.102381 -0.171352 -0.341557 0.053325 0.097572 -0.210054 0.098722 0.113981 -0.203367 
1.792411 -1.177240 0.843329 -0.128282 -0.008230 -0.107700 -0.049902 -0.228274 -0.343612 0.181967 0.058468 -0.235029 0.112365 0.068740 -0.158940 
1.777076 -1.196183 0.854107 -0.054330 -0.062850 -0.083385 0.019279 -0.298268 -0.277608 0.213867 -0.041432 -0.185137 0.109232 0.029689 -0.137233 
1.640866 -1.132915 0.749705 0.088760 -0.175660 -0.014799 0.060642 -0.342297 -0.256775 0.207099 -0.142092 -0.133774 0.140300 -0.059667 -0.071164 
1.812032 -1.279890 0.933178 -0.018544 -0.117215 -0.045316 0.074493 -0.387818 -0.205851 0.253582 -0.163208 -0.106466 0.096672 -0.009586 -0.066185 
1.591441 -1.116277 0.833441 0.111322 -0.180926 0.002464 0.016100 -0.364204 -0.166276 0.173979 -0.191054 -0.115779 0.121562 -0.047445 -0.055516 
1.621374 -1.167343 0.940414 0.088543 -0.176602 0.007432 -0.024415 -0.343702 -0.103881 0.122506 -0.168377 -0.119077 0.105634 -0.013826 -0.080651 
1.684522 -1.230651 1.060194 0.087046 -0.188689 0.015991 -0.083982 -0.310787 -0.070121 0.096938 -0.150844 -0.135476 0.086056 0.066676 -0.153889 
1.559918 -1.145378 1.064078 0.125505 -0.235663 0.068306 -0.113564 -0.299688 -0.044977 0.038021 -0.128928 -0.148972 0.083948 0.063214 -0.163961 
1.693498 -1.259976 1.222806 0.070263 -0.219771 0.056437 -0.114002 -0.295409 -0.028425 -0.000304 -0.097294 -0.146853 0.040560 0.133340 -0.229987 
1.522477 -1.186981 1.206262 0.096705 -0.243665 0.072968 -0.105977 -0.303276 -0.039349 -0.042158 -0.111734 -0.141177 0.030163 0.102897 -0.224739 
1.422847 -1.133755 1.247723 0.062265 -0.245839 0.067197 -0.099030 -0.283085 -0.064152 -0.020444 -0.113505 -0.128573 0.024524 0.103370 -0.214546 
1.387221 -1.142894 1.311675 0.029308 -0.175415 0.027721 -0.098279 -0.303739 -0.063570 0.019946 -0.155391 -0.128464 0.016273 0.123497 -0.209151 
1.256092 -1.011132 1.204545 0.090386 -0.204194 0.074897 -0.096868 -0.309763 -0.087747 -0.007339 -0.142959 -0.161860 0.022525 0.076500 -0.191579 
1.311889 -1.058306 1.278519 0.043157 -0.191193 0.064156 -0.092571 -0.296886 -0.115133 -0.009706 -0.141970 -0.161584 0.013404 0.077831 -0.198248 
1.296008 -1.028820 1.223816 0.085890 -0.195984 0.078979 -0.096546 -0.334029 -0.103705 0.004032 -0.152582 -0.186967 0.023105 0.084455 -0.207523 
1.353632 -1.062154 1.237808 0.085221 -0.185666 0.078974 -0.096588 -0.321848 -0.118545 -0.005179 -0.146602 -0.200290 0.029709 0.062320 -0.199885 
1.426855 -1.033293 1.246956 0.063296 -0.127448 0.006567 -0.084077 -0.311779 -0.126855 0.031305 -0.176284 -0.187616 0.038264 0.074675 -0.208331 
1.376679 -0.964758 1.201009 0.101913 -0.151395 0.018474 -0.072056 -0.325673 -0.130585 0.014334 -0.175538 -0.189689 0.019592 0.077182 -0.216002 
1.408344 -0.934363 1.116468 0.179661 -0.210210 0.061710 -0.093851 -0.305589 -0.129819 -0.051213 -0.138082 -0.221050 0.024208 0.066293 -0.245636 
1.377937 -0.840231 1.074122 0.213377 -0.195509 0.036164 -0.074504 -0.313536 -0.143910 -0.032869 -0.143171 -0.239760 0.024490 0.069589 -0.241847 
1.458296 -0.774153 1.015107 0.259393 -0.215518 0.023342 -0.084936 -0.300731 -0.133142 -0.046728 -0.148045 -0.236709 0.031447 0.071932 -0.248137 
1.477236 -0.507175 0.946149 0.350945 -0.201777 -0.014383 -0.091090 -0.335956 -0.078067 -0.028412 -0.132676 -0.256870 0.074141 0.094289 -0.224292 
1.370574 -0.172648 0.794141 0.434395 -0.098830 -0.155931 -0.029685 -0.328607 -0.105640 0.023419 -0.150239 -0.228401 0.087847 0.128362 -0.235082 
1.226798 0.018196 0.677401 0.455243 -0.065390 0.022342 -0.130157 -0.371344 0.038907 -0.004523 -0.112082 -0.228916 0.016828 0.174394 -0.157691 
0.859388 -0.134466 0.630584 0.385734 -0.000549 0.138280 -0.082993 -0.231363 0.022769 0.028844 -0.076409 -0.235085 0.010032 0.119570 -0.253169 
0.490867 -0.487850 0.306624 0.178858 -0.093387 0.150953 -0.112885 -0.350848 0.198723 0.077193 -0.046647 -0.099972 -0.032762 0.186629 -0.160698 
0.172377 -0.452065 0.178605 0.251169 -0.104115 0.054795 -0.240719 -0.356220 0.133807 0.091664 0.028522 -0.184495 -0.059317 0.302822 -0.127229 
-0.012474 -0.501513 0.077725 -0.098941 -0.353805 0.177287 0.015924 -0.231828 0.069606 0.086625 0.061134 -0.052690 -0.029140 0.135769 -0.225694 
0.017739 -0.460987 -0.127009 -0.132229 -0.176159 0.133459 0.090220 -0.214694 0.022620 0.092795 0.066888 -0.080722 -0.025247 0.123418 -0.217863 
-0.356772 -0.629549 0.371597 -0.425299 0.012446 -0.007528 -0.171718 0.077442 0.028333 0.017519 0.068037 -0.034782 -0.069074 0.136226 -0.155113 
-0.248297 -0.670175 0.722380 -0.592684 0.167687 -0.078274 -0.279324 0.111840 -0.006876 -0.029789 0.123511 -0.063066 -0.009746 0.092309 -0.086415 
-0.482807 -0.356770 0.352938 -0.458059 0.088357 0.056286 -0.083524 0.074225 0.055386 -0.117199 0.128951 -0.102122 -0.016618 0.141111 -0.201277 
-0.056235 -0.954750 0.660612 -0.597587 0.151610 0.074907 -0.262530 0.115487 0.020110 -0.101075 0.190998 -0.082819 -0.085786 0.165990 -0.155567 
0.004618 -0.582662 0.798820 -0.719296 0.056582 0.201418 -0.305304 0.001959 0.100356 -0.094306 0.088813 0.028902 -0.112470 0.175973 -0.157062 
-0.377186 -0.894734 0.864292 -0.475808 -0.101587 0.280376 0.018250 -0.115842 0.156614 -0.134473 0.001724 0.088315 -0.095430 0.074412 -0.044480 
-0.000122 -1.000705 1.000913 -0.546633 -0.063166 0.090011 -0.129955 0.050397 0.219577 -0.104764 -0.114685 0.136655 -0.022114 -0.014068 -0.093848 
0.056897 -1.144286 1.205785 -0.255545 -0.441143 -0.108169 -0.151163 -0.061101 -0.005468 -0.040351 0.104111 0.076096 -0.008208 0.108983 -0.101721 
0.513804 -0.843984 1.034400 0.016808 -0.239001 -0.080731 0.047893 -0.084210 -0.047180 -0.083577 0.056104 -0.029129 -0.016563 0.065526 -0.168651 
1.567665 -1.108691 0.766806 0.343154 -0.206626 -0.260224 -0.253069 0.027060 -0.117503 -0.322290 0.096345 -0.069591 -0.055764 0.238894 -0.225502 
1.890064 -1.013256 0.641312 0.216888 -0.320510 -0.286214 -0.286091 -0.068176 -0.045305 -0.246147 0.138473 -0.077805 0.046843 0.308894 -0.228402 
1.910218 -1.006915 0.702326 -0.313610 -0.243831 -0.044032 -0.236037 -0.094318 -0.228782 -0.217125 0.171105 -0.098247 0.028101 0.355691 -0.254533 
1.863564 -0.866129 0.670359 -0.646460 -0.158302 0.172174 -0.164527 -0.194491 -0.356644 -0.158459 0.158431 -0.018557 0.125985 0.284116 -0.306471 
1.926806 -0.719599 0.623650 -0.813870 -0.020971 0.078353 -0.077637 -0.072274 -0.380048 -0.166758 0.155401 0.067419 0.074016 0.287033 -0.250161 
1.862524 -0.609860 0.558330 -0.812984 -0.209694 0.124214 -0.082537 0.021114 -0.256352 -0.198921 0.098903 -0.133994 0.157885 0.344533 -0.226375 
1.846383 -0.599133 0.608867 -0.887160 -0.246603 0.108577 -0.090625 0.091968 -0.224642 -0.213008 0.061499 -0.191907 0.168355 0.361197 -0.207443 
1.845224 -0.571023 0.612152 -0.946111 -0.214277 0.076919 -0.079476 0.110591 -0.218913 -0.177998 0.030391 -0.194362 0.185677 0.326087 -0.197441 
1.790411 -0.516914 0.612681 -0.980763 -0.256455 0.090467 -0.073821 0.113133 -0.197534 -0.161643 0.037480 -0.221494 0.219345 0.278527 -0.148487 
1.776043 -0.488466 0.642595 -1.029268 -0.281697 0.074640 -0.052696 0.130191 -0.189102 -0.140283 0.020482 -0.198232 0.180737 0.306881 -0.158254 
1.761788 -0.400632 0.625729 -1.028420 -0.324442 0.111799 -0.078164 0.131597 -0.189995 -0.115973 0.015414 -0.201334 0.196788 0.282287 -0.144070 
1.671657 -0.353833 0.584076 -1.004382 -0.341748 0.096373 -0.077117 0.132734 -0.179350 -0.104748 0.008710 -0.209760 0.211955 0.242766 -0.103278 
1.848366 -0.485776 0.743210 -1.124260 -0.316436 0.074172 -0.034644 0.106298 -0.156069 -0.109779 0.013026 -0.194879 0.180536 0.308697 -0.175114 
1.707632 -0.355541 0.593523 -1.032878 -0.373813 0.117512 -0.095851 0.113560 -0.147576 -0.115488 0.016131 -0.208393 0.215458 0.270909 -0.142619 
1.835036 -0.470585 0.711700 -1.102055 -0.327584 0.071022 -0.057213 0.090258 -0.131778 -0.124662 0.029657 -0.211568 0.200303 0.279345 -0.149447 
1.877661 -0.450094 0.663526 -1.058352 -0.383266 0.107141 -0.090428 0.085149 -0.114204 -0.140552 0.041808 -0.208125 0.173049 0.333941 -0.203883 
1.784469 -0.377201 0.680254 -1.091051 -0.390757 0.062703 -0.057356 0.078147 -0.121610 -0.097612 0.010945 -0.179327 0.160785 0.336794 -0.195762 
1.819079 -0.376719 0.703300 -1.114452 -0.381293 0.028009 -0.047527 0.080848 -0.113475 -0.095913 0.028541 -0.196319 0.156400 0.326098 -0.184343 
1.869491 -0.413773 0.718529 -1.107746 -0.377142 0.025543 -0.067441 0.084354 -0.093362 -0.101720 0.030419 -0.180611 0.141617 0.301529 -0.167843 
1.790238 -0.359922 0.580255 -1.014255 -0.451116 0.052266 -0.137152 0.111796 -0.086720 -0.118300 0.044699 -0.207009 0.157515 0.312863 -0.166575 
1.831651 -0.408549 0.605162 -1.052821 -0.436539 0.028896 -0.119339 0.091598 -0.056600 -0.137227 0.046892 -0.205659 0.163095 0.320470 -0.166961 
1.748905 -0.311531 0.536844 -1.042714 -0.439852 0.024067 -0.120913 0.100434 -0.077016 -0.100117 0.021066 -0.202514 0.185522 0.298639 -0.163255 
1.774549 -0.365927 0.567024 -1.034802 -0.461499 0.021206 -0.134719 0.122409 -0.078322 -0.096748 0.026185 -0.196312 0.164705 0.301303 -0.154516 
1.797455 -0.390566 0.606591 -1.051060 -0.444496 -0.000673 -0.138919 0.124365 -0.102048 -0.077125 0.021501 -0.177677 0.162018 0.310187 -0.162931 
1.792425 -0.366563 0.571445 -1.036866 -0.421609 -0.039126 -0.130932 0.108027 -0.094268 -0.075598 0.027782 -0.183846 0.182695 0.282055 -0.144735 
1.763386 -0.316689 0.529524 -1.052577 -0.409120 -0.032332 -0.109658 0.077091 -0.094163 -0.081961 0.038366 -0.186333 0.225321 0.273106 -0.126831 
1.826672 -0.279854 0.437981 -1.014758 -0.433388 0.014389 -0.144848 0.081944 -0.104166 -0.059762 0.026626 -0.170879 0.200853 0.323319 -0.196258 
1.791096 -0.200574 0.372307 -0.960241 -0.443063 -0.001408 -0.124866 0.051233 -0.085947 -0.063004 0.048684 -0.169794 0.213199 0.283726 -0.164932 
1.730910 -0.088211 0.326740 -1.005495 -0.387463 -0.030558 -0.115693 0.068831 -0.104264 -0.028292 0.005410 -0.142068 0.217306 0.255951 -0.145193 
1.647226 0.015987 0.326591 -0.964496 -0.457913 0.034817 -0.094123 0.056185 -0.116618 -0.022791 -0.024363 -0.125418 0.191343 0.288961 -0.174807 
1.469351 0.200054 0.241779 -0.986201 -0.372950 -0.038254 0.010180 -0.001727 -0.193858 0.008801 -0.090794 -0.074891 0.236594 0.322672 -0.149968 
1.635662 0.095014 0.345160 -0.886553 -0.516189 0.116022 -0.024409 0.022483 -0.097112 -0.124432 0.002122 -0.139609 0.139516 0.386893 -0.195740 
1.142468 0.321154 0.015208 -0.669875 -0.653082 0.046619 0.041294 -0.074291 -0.034930 -0.204756 0.041262 -0.082724 0.155755 0.430812 -0.097749 
1.105336 0.054553 -0.058329 -0.654012 -0.422163 0.035864 0.236648 -0.037947 0.010334 -0.030071 0.025623 -0.089543 0.048249 0.227247 -0.199414 
0.783290 0.328988 0.029533 -0.727108 -0.497959 0.082989 0.135248 -0.079510 -0.026081 -0.136490 -0.019527 -0.030725 0.097788 0.343483 -0.115281 
