city012_037
YUSHIMA
69
-0.142780 -0.264715 0.085038 0.012433 -0.050174 0.083051 -0.139589 -0.021176 0.073068 -0.041336 0.067768 -0.065171 -0.011809 0.066506 -0.070849 
-0.068259 0.044103 0.305462 0.055180 -0.000966 0.137470 -0.044161 0.047219 0.049480 -0.104150 0.102138 -0.017405 -0.027272 0.029010 -0.045435 
0.257591 0.320744 0.727834 0.223983 0.055014 0.196717 -0.055644 -0.070468 0.043327 -0.269052 0.059970 -0.106680 -0.167609 0.009328 -0.107447 
0.406699 -0.088811 1.475493 -0.028835 -0.233551 0.197410 -0.280351 0.048116 -0.188042 -0.396111 0.139168 -0.170045 -0.271149 0.057385 -0.081336 
0.375173 -0.421470 1.590147 -0.048390 -0.162756 0.208544 -0.251243 0.019131 -0.130413 -0.447158 0.169182 -0.226945 -0.233419 0.009092 -0.088502 
0.389892 -0.553137 1.591319 -0.057213 -0.186837 0.281761 -0.321707 0.040890 -0.177949 -0.425831 0.142784 -0.223471 -0.265307 0.048040 -0.130642 
0.383004 -0.680793 1.700162 -0.075036 -0.190685 0.192445 -0.243537 -0.015171 -0.214974 -0.371949 0.133135 -0.277230 -0.202305 0.049053 -0.138951 
0.484193 -0.856776 1.734291 -0.071548 -0.170061 0.130466 -0.226701 -0.021462 -0.259439 -0.331239 0.125101 -0.311990 -0.162444 0.059014 -0.147954 
0.686433 -1.011266 1.745121 -0.016793 -0.230263 0.069022 -0.184562 -0.021823 -0.325757 -0.262577 0.110935 -0.335618 -0.115247 0.096647 -0.227156 
0.824551 -1.015835 1.558526 0.132211 -0.311208 0.003667 -0.132686 -0.012250 -0.344524 -0.245141 0.128331 -0.306475 -0.084325 0.064196 -0.179497 
1.137667 -1.221335 1.496520 0.043616 -0.120967 -0.215771 -0.065398 0.024291 -0.332892 -0.178958 0.092200 -0.189363 -0.071861 0.068067 -0.145124 
0.929116 -1.054790 1.269333 0.102561 -0.194793 -0.175578 -0.171873 0.064229 -0.263321 -0.174704 0.083712 -0.148735 0.018878 0.054426 -0.130695 
1.251854 -1.241419 1.432454 -0.102026 -0.117423 -0.288852 -0.155053 0.073513 -0.237971 -0.151309 0.110575 -0.138168 0.099139 0.047346 -0.155492 
1.172370 -1.079653 1.205380 -0.031319 -0.176349 -0.222713 -0.266475 0.126732 -0.247399 -0.105796 0.050887 -0.101048 0.145095 0.016545 -0.143174 
1.481391 -1.267965 1.335378 -0.096834 -0.111773 -0.300093 -0.261478 0.115413 -0.223333 -0.175029 0.079331 -0.091589 0.159883 0.008466 -0.181275 
1.569579 -1.207314 1.307073 -0.161732 -0.118211 -0.385633 -0.112901 -0.028334 -0.149979 -0.132151 0.065986 -0.027145 0.150452 -0.014607 -0.109212 
1.398308 -0.792819 1.199409 -0.139120 -0.131083 -0.291917 -0.148992 0.055088 -0.233949 -0.076824 -0.002291 0.005592 0.117498 -0.082600 -0.041936 
0.964366 -0.644942 1.122591 -0.343412 0.050893 -0.367945 -0.080352 0.135818 -0.190631 -0.003401 -0.050957 0.106594 0.082619 -0.162336 0.058676 
0.377789 -0.622077 1.055810 -0.683186 0.181797 -0.360964 0.086952 0.187435 -0.178049 0.040820 0.033326 0.021897 0.035848 -0.194507 0.156966 
-0.075416 -0.405574 1.103033 -0.582277 0.299452 -0.342310 0.140736 0.074348 -0.199746 0.092614 -0.040403 0.061483 -0.039157 -0.081537 0.122094 
-0.362755 -0.311390 0.906694 -0.534866 0.405314 -0.233311 0.205613 0.132553 -0.056656 0.018459 0.019826 0.027782 0.015412 -0.071448 0.115388 
-0.713809 -0.377362 0.719188 -0.453970 0.611249 -0.248973 0.249960 0.120395 -0.122757 0.015565 0.050115 0.106917 -0.070450 -0.027798 0.109550 
-0.932163 -0.526476 0.621998 -0.664034 0.235445 -0.386211 0.299977 0.017592 -0.065749 0.057426 -0.000138 -0.042058 0.018304 -0.035337 0.042242 
-0.915474 -0.486910 0.611535 -0.701294 0.335721 -0.410747 0.301611 0.018127 -0.078992 0.098377 -0.090278 0.022192 0.021349 -0.053237 0.031632 
-0.929005 -0.449983 0.674676 -0.623208 0.264161 -0.325384 0.359239 0.002246 -0.041523 -0.031204 -0.038740 0.084769 -0.046800 -0.082379 0.131718 
-0.760749 -0.574281 0.710793 -0.665788 0.230057 -0.393480 0.264890 -0.020559 -0.011864 0.041896 -0.019025 0.014623 -0.003413 -0.051293 0.063018 
-0.798381 -0.394285 0.763327 -0.639527 0.362580 -0.331027 0.288738 -0.049198 -0.055458 0.068866 -0.050259 -0.005441 0.070731 -0.099167 0.078530 
-0.842678 -0.405150 0.915447 -0.752174 0.335582 -0.270214 0.028329 -0.155688 0.129347 0.072125 -0.173334 0.102735 0.091221 -0.132874 0.072034 
-0.780646 -0.537299 0.783343 -0.803842 0.388942 -0.208216 0.055513 -0.045905 0.023194 0.091282 -0.134021 0.069890 0.052587 -0.121791 0.085744 
-0.768013 -0.563020 0.931997 -0.791609 0.302548 -0.310763 0.086023 0.046878 0.058233 -0.019406 -0.100585 0.158488 -0.050532 -0.077752 0.045490 
-0.610912 -0.506981 1.075659 -0.765175 0.210063 -0.272428 -0.082308 -0.201806 0.105402 0.075411 -0.139791 0.122340 0.095154 -0.122998 0.126993 
-0.572681 -0.767386 1.147855 -0.862725 0.174893 -0.223784 0.049985 -0.008204 -0.016906 0.061535 -0.039341 0.105447 -0.102323 0.017272 0.063662 
-0.187918 -0.418413 1.005390 -0.637360 0.138575 -0.220540 -0.157450 -0.185118 -0.007207 -0.006392 -0.018789 0.080845 -0.011311 0.053673 0.073726 
0.219871 -0.246647 1.079223 -0.545851 0.132755 0.100038 -0.022521 -0.276073 -0.056178 0.016655 -0.146873 0.036674 -0.019485 -0.083697 0.067846 
0.526551 -0.626552 1.624534 -0.296795 0.126101 -0.092174 -0.149945 -0.028925 -0.156175 -0.272312 0.008805 -0.067621 -0.207686 0.024606 -0.001865 
0.677008 -0.544974 1.572819 -0.216464 -0.009275 0.079364 -0.189020 -0.023607 -0.166574 -0.314319 0.029709 -0.093304 -0.260604 0.005503 0.023272 
0.776991 -0.635703 1.726058 -0.307690 0.040085 0.069206 -0.193675 0.014307 -0.189832 -0.303451 0.072908 -0.134401 -0.252467 0.035304 -0.008854 
0.861197 -0.612905 1.648591 -0.358478 0.062166 0.095873 -0.237855 0.012716 -0.171636 -0.324330 0.087877 -0.139239 -0.244503 0.058067 -0.027868 
0.778448 -0.544608 1.470810 -0.369814 0.058645 0.197948 -0.268106 0.002184 -0.224454 -0.299158 0.052706 -0.136572 -0.254483 0.040895 -0.010052 
0.933783 -0.624776 1.495482 -0.451973 0.141058 0.162977 -0.262467 -0.057807 -0.164476 -0.317122 0.089499 -0.184533 -0.195917 0.056189 -0.058228 
0.873867 -0.549497 1.397175 -0.449326 0.081147 0.268951 -0.295848 -0.032331 -0.192575 -0.346202 0.093780 -0.169674 -0.211437 0.058725 -0.087286 
0.956592 -0.606360 1.490950 -0.463000 0.021971 0.287878 -0.330477 -0.023864 -0.146882 -0.366643 0.093216 -0.172713 -0.181422 0.046169 -0.101680 
1.013446 -0.770970 1.398613 -0.192090 -0.207325 0.343841 -0.213845 -0.128675 -0.143276 -0.358246 0.119213 -0.218828 -0.161030 0.087171 -0.167127 
1.292907 -0.930759 1.098969 0.253197 -0.233894 0.095075 -0.137975 0.036479 -0.263265 -0.362359 0.228588 -0.281268 -0.188334 0.179366 -0.276884 
1.463604 -0.724669 0.880625 0.474166 -0.217824 0.018137 -0.053896 -0.093973 -0.130409 -0.264917 0.087239 -0.232300 -0.117321 0.079253 -0.200827 
1.515886 -0.649237 0.841279 0.543699 -0.283941 0.046134 0.018068 -0.162728 -0.153659 -0.156296 0.002935 -0.219357 -0.088613 0.033317 -0.166464 
1.485355 -0.670675 0.870146 0.499025 -0.147395 -0.083703 0.082705 -0.213603 -0.139892 -0.086829 -0.067782 -0.233749 -0.009635 -0.020672 -0.164368 
1.340255 -0.653442 0.805722 0.548538 -0.171946 -0.025319 0.019939 -0.192435 -0.129201 -0.131357 -0.013726 -0.257021 -0.059996 0.046544 -0.180559 
1.355462 -0.669790 0.812428 0.526081 -0.144087 -0.037380 -0.007696 -0.193090 -0.108685 -0.129721 -0.019942 -0.273856 -0.016767 0.027959 -0.181563 
1.296965 -0.709446 0.784492 0.533506 -0.106194 -0.095090 0.010951 -0.205329 -0.129460 -0.084823 -0.089332 -0.244212 -0.017446 0.018662 -0.178111 
1.330424 -0.693416 0.758767 0.549158 -0.167937 -0.024609 -0.044370 -0.172828 -0.148623 -0.046759 -0.084857 -0.262346 0.009069 0.042828 -0.198782 
1.653360 -0.937521 0.527478 0.014281 -0.141315 0.064154 -0.033072 -0.149168 -0.279160 -0.188627 0.163736 -0.216810 0.100202 0.114905 -0.280634 
1.776082 -1.130195 0.273960 -0.076853 0.001848 0.026012 -0.242843 -0.140651 -0.030556 0.074563 0.113081 -0.279829 0.128620 0.212846 -0.229105 
1.928167 -1.174222 -0.005020 -0.074479 0.028070 -0.191431 -0.052193 -0.010734 0.074354 0.166304 0.050027 -0.311980 0.136807 0.097567 -0.138903 
1.793434 -1.177827 -0.126778 -0.109071 0.012606 -0.188359 0.049658 -0.027638 0.039038 0.283898 -0.036395 -0.321268 0.120271 0.098639 -0.131461 
1.880921 -1.299307 -0.147543 -0.170981 0.008117 -0.164070 0.091356 -0.044046 0.064705 0.240886 -0.002021 -0.343339 0.107821 0.077420 -0.095906 
1.825154 -1.195662 -0.295044 -0.114410 -0.042954 -0.083452 0.118983 -0.083238 0.020151 0.301684 -0.094697 -0.279892 0.097870 0.088420 -0.084594 
1.769715 -1.068343 -0.377353 -0.244104 0.046766 -0.079195 0.136044 -0.094638 -0.007435 0.282249 -0.073716 -0.284210 0.099137 0.110196 -0.042305 
1.821118 -1.089755 -0.362931 -0.301199 0.073968 -0.056093 0.141045 -0.090844 -0.001435 0.262962 -0.078490 -0.284029 0.084206 0.117791 -0.017023 
1.802951 -1.089579 -0.421449 -0.189578 -0.054122 0.027109 0.159983 -0.096877 -0.027370 0.310443 -0.109801 -0.286548 0.076030 0.101533 -0.004958 
1.788473 -1.129361 -0.342059 -0.318866 0.030249 0.014955 0.182578 -0.125618 0.020539 0.256934 -0.082755 -0.304627 0.097275 0.071679 -0.005161 
1.518950 -1.094863 -0.257409 -0.392083 0.053828 0.057181 0.103504 -0.079257 -0.029010 0.248890 -0.046260 -0.293121 0.107916 0.079817 -0.039163 
1.450403 -1.173198 -0.112144 -0.533833 0.200930 -0.030099 0.143498 -0.072743 -0.051625 0.291835 -0.052338 -0.287114 0.079102 0.054073 -0.037857 
1.433581 -0.823764 -0.173065 -0.363738 0.053492 0.031159 0.126054 -0.064614 0.000841 0.232069 -0.109880 -0.243187 0.086246 0.084074 -0.031598 
1.468787 -0.870067 -0.248404 -0.341170 0.070812 0.065977 0.132859 -0.170162 -0.056407 0.262504 -0.056888 -0.216160 0.105958 0.046293 -0.063367 
1.387527 -0.573386 -0.329223 -0.248006 0.032106 0.114980 0.147851 -0.089784 -0.050550 0.158272 -0.070827 -0.116816 0.023033 0.067443 -0.028041 
1.840638 -0.831883 -0.639853 -0.273073 0.079728 0.054029 0.110908 -0.135204 -0.084169 0.268764 -0.032797 -0.181396 0.023794 0.051248 0.038932 
0.832176 -0.874883 -0.260631 -0.342537 0.112078 -0.046653 0.093749 -0.112230 -0.017590 0.294929 -0.036677 -0.232204 0.062032 0.038383 -0.059822 
1.157836 -0.841888 -0.368461 -0.221576 0.085984 0.128367 0.039586 -0.122174 -0.062152 0.246232 0.026975 -0.306314 0.103091 0.089245 -0.113756 
