city012_062
BOOSOO
79
-0.245365 -0.083539 0.057248 0.077284 -0.003419 -0.006071 -0.173868 0.063593 0.151070 -0.211978 0.100811 0.025041 -0.095147 0.148025 -0.159641 
1.095287 -0.877330 -0.169475 -0.067276 -0.031414 -0.120784 -0.020220 -0.042335 -0.002679 0.030607 0.037310 0.063701 -0.042998 0.054753 -0.152869 
1.377793 -0.725179 0.145318 -0.171342 0.157056 -0.017199 -0.193103 -0.115369 -0.010177 -0.107670 -0.005143 0.087279 -0.013220 0.071967 -0.156274 
1.874047 0.118030 0.752503 -0.610535 -0.363995 0.263729 -0.049980 0.041605 -0.109453 -0.281524 0.044842 -0.286379 -0.087278 0.343899 -0.243891 
1.831640 -0.221196 0.845476 -0.856608 -0.394100 0.129368 -0.134551 0.007904 -0.130505 -0.244396 0.042566 -0.305642 0.036524 0.335809 -0.227377 
1.847702 -0.401232 0.720641 -0.853535 -0.352928 0.061993 -0.133576 0.071938 -0.168522 -0.175227 -0.018233 -0.251483 0.097263 0.296377 -0.187260 
1.797780 -0.456968 0.623326 -0.928416 -0.243811 -0.070576 -0.089088 0.105214 -0.126297 -0.078233 -0.033736 -0.182062 0.138777 0.206063 -0.153919 
1.882327 -0.460142 0.484304 -0.944368 -0.196646 -0.176736 -0.195942 0.107305 -0.036760 -0.074488 -0.016515 -0.082762 0.127783 0.210924 -0.128154 
1.829391 -0.576424 0.486027 -0.934911 -0.159731 -0.248670 -0.145421 0.129295 0.024040 -0.103563 -0.017018 -0.048388 0.119770 0.170824 -0.097755 
1.797622 -0.519619 0.522065 -0.989925 -0.208555 -0.173224 -0.123476 0.127677 0.000365 -0.089113 0.011536 -0.023663 0.055462 0.209189 -0.115693 
1.771272 -0.521158 0.533445 -1.002226 -0.200084 -0.122994 -0.107503 0.125538 -0.018391 -0.048178 -0.011199 -0.037298 0.066551 0.177036 -0.112746 
1.711514 -0.572303 0.486285 -0.951666 -0.171225 -0.183664 -0.110401 0.181398 0.029644 -0.061099 -0.053118 -0.049452 0.080298 0.113805 -0.080464 
1.768769 -0.553590 0.517474 -0.990356 -0.133556 -0.168137 -0.108378 0.173314 0.011381 -0.042809 -0.090852 -0.020833 0.035682 0.156500 -0.113273 
1.736593 -0.546416 0.495124 -0.962231 -0.127949 -0.153421 -0.148211 0.225981 0.010824 -0.067427 -0.099233 -0.039227 0.036409 0.131507 -0.069536 
1.781763 -0.583097 0.481325 -0.931382 -0.115795 -0.161912 -0.112604 0.225448 0.007274 -0.083140 -0.103566 -0.031126 0.019247 0.144971 -0.072162 
1.760964 -0.587058 0.473531 -0.920982 -0.102234 -0.185614 -0.059085 0.184275 0.051708 -0.113659 -0.110942 -0.027351 0.020698 0.139841 -0.072952 
1.720230 -0.577529 0.438670 -0.883401 -0.100849 -0.199999 -0.035833 0.156783 0.061798 -0.105730 -0.127317 -0.038933 0.044870 0.140199 -0.091188 
1.761683 -0.604305 0.486697 -0.925129 -0.124733 -0.165913 -0.070450 0.176809 0.025943 -0.052639 -0.166116 -0.033092 0.041131 0.149607 -0.096107 
1.725039 -0.570742 0.458838 -0.905817 -0.128025 -0.168952 -0.051529 0.167780 0.047166 -0.080207 -0.138560 -0.043559 0.035035 0.151798 -0.104251 
1.732647 -0.583717 0.469928 -0.941257 -0.103608 -0.148615 -0.062167 0.197422 0.030691 -0.044696 -0.148992 -0.025661 0.006221 0.137322 -0.084802 
1.710749 -0.576225 0.480442 -0.969114 -0.096773 -0.167902 -0.035501 0.152399 0.063598 -0.071023 -0.120282 -0.104810 0.088742 0.108065 -0.082458 
1.729308 -0.590122 0.491749 -0.971398 -0.091488 -0.178580 -0.036289 0.163030 0.054295 -0.073501 -0.112463 -0.095452 0.084062 0.094324 -0.053982 
1.740924 -0.595614 0.507243 -0.999201 -0.098263 -0.169824 -0.030727 0.171926 0.043272 -0.060898 -0.105680 -0.097908 0.068185 0.125684 -0.101152 
1.701592 -0.549170 0.483919 -1.003035 -0.136069 -0.131649 -0.067936 0.185771 0.033831 -0.074505 -0.076735 -0.098504 0.083786 0.122100 -0.085024 
1.713627 -0.580793 0.498104 -1.025630 -0.118866 -0.134011 -0.113726 0.215080 0.007271 -0.062417 -0.085616 -0.095854 0.101050 0.122714 -0.069102 
1.737216 -0.574237 0.539985 -1.067538 -0.146524 -0.099400 -0.150515 0.226930 -0.037389 -0.052229 -0.074413 -0.066512 0.091658 0.152997 -0.069216 
1.764194 -0.615948 0.579623 -1.116459 -0.089386 -0.080721 -0.107581 0.148001 -0.044790 -0.121609 -0.009756 -0.079371 0.145615 0.186580 -0.091873 
1.682328 -0.696624 0.524181 -1.044148 -0.027798 -0.090499 -0.106726 0.156900 -0.110803 -0.164356 -0.016461 -0.012968 0.190677 0.193558 -0.087022 
1.677138 -0.727385 0.539881 -0.979033 0.026686 -0.072308 -0.114248 0.142270 -0.149345 -0.198075 -0.036822 -0.006409 0.214371 0.160678 -0.052955 
1.696074 -0.648741 0.673629 -1.042737 0.040207 -0.000067 -0.090296 0.012433 -0.238806 -0.046821 -0.054927 0.018157 0.238508 0.079631 -0.072237 
1.728237 -0.594603 0.625792 -0.952100 0.117266 0.123416 -0.114951 -0.137695 -0.374566 0.087871 0.011743 0.066623 0.265495 -0.063585 -0.144283 
1.756691 -0.540521 0.361366 -0.772297 0.313859 0.034582 -0.166230 -0.217766 -0.366903 0.049475 -0.062355 0.055949 0.226625 -0.063994 -0.135837 
1.778091 -0.213123 0.332110 -0.664795 0.560975 0.054659 -0.049892 -0.205679 -0.300747 0.166983 -0.147650 0.006517 0.063912 -0.132131 -0.075838 
1.205429 -0.098169 0.761604 -0.197753 0.268059 -0.167170 0.234340 -0.073013 -0.173829 0.007766 -0.202502 0.054980 -0.080879 -0.062432 -0.028682 
0.581252 -0.481326 0.569096 -0.248547 0.462646 -0.205826 0.055647 -0.041469 0.090100 0.123049 -0.232947 0.175966 -0.056718 0.022669 -0.009540 
0.234120 -1.051060 0.193147 -0.364374 0.306772 -0.144432 0.223033 -0.016692 -0.018900 -0.020450 -0.093616 0.060973 -0.026806 0.127296 -0.067772 
0.188852 -1.109700 0.205198 -0.335512 0.252126 -0.331453 0.018810 0.010378 0.025340 0.094871 0.013107 0.003237 -0.070332 0.009539 0.031309 
-0.301140 -0.996301 0.315884 -0.273883 0.122484 -0.422895 0.060017 0.105610 0.056388 0.061407 -0.054109 0.040129 -0.064623 0.042399 -0.037161 
-0.230771 -1.030767 0.348643 -0.169788 0.112542 -0.205542 0.122701 -0.086196 -0.033642 0.121219 -0.048736 0.039737 -0.079021 0.060293 -0.044901 
-0.377873 -0.962910 0.281030 -0.305120 0.011294 -0.251950 0.147658 0.152101 0.057130 -0.038949 -0.116757 0.060541 -0.015433 0.025239 -0.104138 
-0.318990 -1.018386 0.304100 -0.170291 0.317811 -0.373312 0.065079 -0.031094 0.033330 0.115537 -0.142148 0.110179 -0.135920 0.124217 -0.042303 
-0.289763 -1.163038 0.210827 -0.106606 0.416149 -0.166085 0.017759 -0.111980 0.035039 0.134002 -0.113240 0.036630 -0.062419 0.067807 0.012750 
-0.125246 -0.981205 0.225033 -0.199190 0.478739 -0.242006 -0.032503 -0.073612 0.061211 0.093092 -0.097588 0.049523 -0.057240 0.023685 0.024274 
0.154563 -0.768464 0.453994 -0.225385 0.437467 -0.169313 0.007094 -0.122234 0.027644 0.129091 -0.040100 -0.050293 -0.052830 0.123414 -0.056630 
0.491950 -0.649749 0.754637 -0.310526 0.217643 -0.298134 -0.065569 0.084258 -0.031942 0.046128 -0.081407 0.055623 0.015746 0.010261 -0.057037 
0.696546 -0.616890 0.588198 -0.217451 0.423458 -0.058245 0.168012 0.036907 -0.061737 0.148873 -0.133718 0.110062 0.077188 -0.065464 -0.046972 
1.385658 -0.230924 0.306325 -0.314534 0.188154 0.079059 0.020962 -0.239250 -0.156036 0.025531 -0.136403 0.028594 0.044080 -0.023148 -0.131130 
1.945994 -0.553045 0.409320 -0.727137 0.026073 0.051729 -0.136467 -0.263805 -0.177514 0.014011 -0.034663 0.023572 0.219853 -0.000195 -0.086273 
1.887648 -0.675845 0.468551 -0.825245 0.041838 0.074012 -0.244944 -0.146118 -0.246092 -0.021616 0.027965 0.022428 0.277917 0.029812 -0.114427 
1.787808 -0.773531 0.574052 -0.923883 0.031728 0.073219 -0.210417 -0.069845 -0.228328 -0.108948 0.003230 0.041940 0.305667 0.078776 -0.143618 
1.792754 -0.805053 0.552624 -0.979706 -0.026661 0.115298 -0.198603 0.009150 -0.205380 -0.127264 -0.002245 0.027813 0.284352 0.171815 -0.196537 
1.780873 -0.731034 0.506236 -1.034842 -0.092493 0.131063 -0.161952 0.035254 -0.203880 -0.110978 0.050780 0.011432 0.272715 0.189363 -0.187605 
1.839715 -0.764477 0.503076 -1.068705 -0.132213 0.109260 -0.124021 -0.014810 -0.132615 -0.115136 0.061053 -0.011054 0.297808 0.192881 -0.185143 
1.814909 -0.763777 0.439598 -1.023976 -0.177276 0.079808 -0.158039 0.021827 -0.068811 -0.156672 0.031729 -0.011430 0.296062 0.212097 -0.119292 
1.826514 -0.765293 0.495985 -1.058501 -0.190765 0.051433 -0.130535 0.008784 -0.068680 -0.131085 0.041569 -0.011551 0.277338 0.228352 -0.166640 
1.708788 -0.743725 0.435816 -0.997736 -0.207137 -0.009634 -0.144966 0.067712 -0.069043 -0.123307 0.008243 0.035446 0.245120 0.251710 -0.161325 
1.723100 -0.772135 0.434158 -0.974199 -0.206948 -0.065169 -0.134691 0.096181 -0.038253 -0.164373 0.011937 0.033666 0.237670 0.243470 -0.131146 
1.687001 -0.760603 0.414849 -0.953357 -0.196422 -0.129902 -0.156299 0.144281 -0.042665 -0.177481 0.011395 0.072566 0.230657 0.228645 -0.094391 
1.698491 -0.774979 0.419971 -0.948116 -0.169015 -0.214404 -0.110964 0.118979 0.010276 -0.208618 0.030036 0.052296 0.248737 0.188299 -0.058464 
1.638326 -0.722067 0.376293 -0.909575 -0.197634 -0.200725 -0.121466 0.140478 0.002132 -0.199480 0.017360 0.067140 0.236044 0.180728 -0.056111 
1.704583 -0.756617 0.433795 -0.977196 -0.167300 -0.228583 -0.098852 0.139980 -0.009729 -0.193626 0.011759 0.054677 0.231580 0.213180 -0.072641 
1.668594 -0.716708 0.370323 -0.914566 -0.226191 -0.199929 -0.112168 0.191305 -0.051201 -0.161672 -0.020458 0.093829 0.200395 0.214513 -0.064529 
1.593369 -0.630819 0.312893 -0.858170 -0.273987 -0.173625 -0.145400 0.190524 -0.047075 -0.137600 -0.032915 0.085035 0.209856 0.203217 -0.063475 
1.713350 -0.749004 0.421368 -0.948111 -0.179081 -0.253036 -0.111795 0.211051 -0.061591 -0.158748 0.007750 0.050393 0.215558 0.181841 -0.031064 
1.622414 -0.642750 0.323176 -0.855133 -0.248410 -0.242442 -0.093790 0.193198 -0.041496 -0.171261 0.011517 0.032154 0.224108 0.188690 -0.050102 
1.744698 -0.692577 0.339026 -0.881448 -0.212550 -0.278759 -0.075516 0.189833 -0.035644 -0.185368 0.024625 0.021006 0.209411 0.221093 -0.068729 
1.821664 -0.679064 0.353227 -0.912269 -0.173025 -0.304519 -0.104647 0.237570 -0.072663 -0.149587 -0.020752 0.057223 0.155593 0.247259 -0.072302 
1.743020 -0.615396 0.344202 -0.928615 -0.213082 -0.248370 -0.143930 0.234943 -0.064321 -0.134438 -0.044191 0.045903 0.180124 0.229669 -0.032823 
1.722620 -0.480785 0.353332 -1.007285 -0.310069 -0.079900 -0.179484 0.134334 -0.052009 -0.085962 -0.000858 -0.078241 0.250902 0.274310 -0.123052 
1.744112 -0.414923 0.419289 -1.120235 -0.326143 -0.026623 -0.144964 0.090142 -0.061330 -0.061928 0.006625 -0.099957 0.284176 0.257024 -0.126723 
1.730296 -0.301846 0.472058 -1.211441 -0.368119 0.046253 -0.152275 0.082468 -0.061097 -0.065339 0.025083 -0.099739 0.292637 0.255755 -0.130077 
1.701959 -0.220098 0.464325 -1.243766 -0.370665 0.048933 -0.145016 0.091835 -0.076089 -0.037102 -0.006104 -0.059736 0.289886 0.249609 -0.110818 
1.690904 -0.184096 0.376119 -1.204845 -0.349615 -0.003569 -0.105267 0.064342 -0.065069 -0.048520 0.028567 -0.116909 0.335122 0.221290 -0.094883 
1.769985 -0.036271 0.277965 -1.073584 -0.465821 0.091900 -0.108505 0.025254 -0.085049 -0.050777 0.023218 -0.112738 0.318795 0.270128 -0.154387 
1.626262 0.225784 0.242974 -0.992459 -0.472648 0.015150 -0.068758 0.029029 -0.126025 0.043734 0.031032 -0.071770 0.267206 0.277779 -0.218429 
1.544447 0.183744 0.248277 -1.039505 -0.375238 -0.115306 -0.015721 0.058739 -0.144745 0.071877 -0.033467 -0.101745 0.225396 0.248665 -0.148173 
1.208775 0.303816 -0.073621 -0.772285 -0.618422 -0.044760 0.068840 -0.080773 0.009163 -0.090720 0.031232 -0.038819 0.228764 0.372820 -0.138182 
0.930869 0.130312 -0.125491 -0.501411 -0.333396 -0.114824 -0.142550 0.049326 -0.026273 -0.190805 0.144805 0.092135 0.070442 0.235805 -0.128345 
0.821425 0.113424 -0.059144 -0.633925 -0.346444 0.042183 -0.045328 0.117537 0.034549 -0.081442 0.157521 -0.076734 -0.013241 0.193759 -0.237457 
