city012_084
MYUUJIKARU
94
-0.186565 0.087589 0.112232 0.119238 0.081461 -0.013664 -0.120505 -0.055422 0.034537 -0.058928 0.103978 -0.109500 -0.044896 0.186248 -0.188030 
0.115095 0.116540 0.328468 0.108105 0.053260 0.134762 -0.017348 -0.075747 0.010246 0.012949 0.076876 -0.092589 -0.040823 0.174328 -0.196349 
1.022913 -0.058774 0.586762 0.576618 -0.051536 -0.049751 0.072384 -0.112827 -0.132310 -0.012926 -0.091600 -0.161825 -0.069373 0.077393 -0.209205 
1.493956 -0.413121 0.755976 0.611039 -0.175362 -0.094666 -0.021421 -0.186081 -0.211664 -0.092775 -0.075694 -0.247647 -0.111528 0.149926 -0.237291 
1.340711 -0.730890 0.920353 0.339076 -0.101898 -0.013310 -0.128509 -0.093653 -0.251675 -0.203691 0.017495 -0.247957 -0.206033 0.218314 -0.272291 
0.906685 -0.860426 1.453397 -0.067657 -0.196851 0.094575 -0.115539 -0.104602 -0.348110 -0.143269 0.049265 -0.299034 -0.109157 0.145105 -0.236295 
0.990069 -1.001120 1.695505 -0.301598 -0.107155 0.166969 -0.225290 -0.117927 -0.283982 -0.150531 -0.005980 -0.253042 -0.094428 0.120724 -0.222457 
0.965748 -0.875771 1.670232 -0.325084 -0.172638 0.192113 -0.251790 -0.079615 -0.294954 -0.189856 0.026113 -0.245777 -0.081181 0.077669 -0.137726 
1.024513 -0.862368 1.718096 -0.398458 -0.201344 0.163775 -0.217305 -0.091258 -0.323802 -0.158310 0.018589 -0.231949 -0.095092 0.135173 -0.161306 
1.068980 -0.978340 1.765649 -0.345250 -0.221634 0.085896 -0.215850 -0.092727 -0.327981 -0.110136 0.019525 -0.239164 -0.024485 0.126803 -0.174318 
1.091181 -1.017159 1.673668 -0.321090 -0.260457 0.057980 -0.170162 -0.093584 -0.376715 -0.098567 0.072684 -0.275836 -0.012300 0.155468 -0.181694 
1.132183 -1.088760 1.688244 -0.251099 -0.284651 -0.018637 -0.150407 -0.085658 -0.374580 -0.095500 0.120464 -0.300130 0.015039 0.177389 -0.192943 
1.124428 -1.120714 1.557871 -0.150880 -0.263088 -0.157901 -0.081792 -0.050278 -0.392874 -0.131477 0.162616 -0.255404 -0.032141 0.185076 -0.171147 
1.146955 -1.137338 1.474976 -0.117694 -0.210338 -0.231343 -0.067380 -0.023903 -0.420245 -0.104695 0.132897 -0.213209 -0.046200 0.186433 -0.180522 
1.216664 -1.192528 1.478528 -0.098064 -0.127262 -0.322924 -0.111424 0.036286 -0.405897 -0.084997 0.074157 -0.179666 0.044986 0.097969 -0.147769 
1.215757 -1.137595 1.368490 -0.046382 -0.089688 -0.362607 -0.134385 0.065538 -0.371732 -0.181724 0.106311 -0.177132 0.049499 0.081523 -0.162553 
1.304549 -1.151324 1.260096 -0.017219 -0.096979 -0.289664 -0.216737 0.107796 -0.402326 -0.193260 0.108747 -0.205376 0.061733 0.094310 -0.216752 
1.473611 -1.242933 1.237794 -0.041489 -0.032052 -0.278665 -0.263493 0.095972 -0.378678 -0.180639 0.080195 -0.208160 0.053550 0.153690 -0.276646 
1.508518 -1.230770 1.149752 -0.000051 0.007291 -0.254460 -0.329234 0.079098 -0.314247 -0.197218 0.039039 -0.227564 0.086931 0.171010 -0.317745 
1.500599 -1.174298 1.072293 0.015197 0.048562 -0.256341 -0.346611 0.058387 -0.285117 -0.185065 0.011875 -0.258340 0.117223 0.178175 -0.331945 
1.481735 -1.089267 0.941076 0.044987 0.055705 -0.206475 -0.380182 0.047165 -0.266141 -0.177384 0.006509 -0.288577 0.130072 0.191095 -0.331058 
1.599779 -1.179524 1.029891 -0.031690 0.104709 -0.202456 -0.377002 0.021483 -0.272985 -0.133593 0.002848 -0.288081 0.093995 0.223936 -0.339918 
1.522767 -1.041692 0.922020 -0.008595 0.054000 -0.138621 -0.366329 -0.005949 -0.272368 -0.141942 0.010883 -0.301038 0.127449 0.153395 -0.291109 
1.634336 -1.093841 0.982771 -0.103540 0.080842 -0.151492 -0.293865 -0.035144 -0.277739 -0.171003 0.043544 -0.289701 0.097219 0.167995 -0.313626 
1.603147 -1.052103 0.927728 -0.170870 0.059876 -0.100006 -0.223288 -0.059616 -0.345892 -0.179373 0.044396 -0.238799 0.080870 0.132276 -0.316676 
1.559536 -1.011082 0.915746 -0.186345 0.032407 -0.044946 -0.211463 -0.059444 -0.383298 -0.152617 0.058341 -0.250816 0.094380 0.096144 -0.290697 
1.619159 -1.064692 0.929837 -0.247141 0.069323 -0.018231 -0.213206 -0.074308 -0.420053 -0.141605 0.065139 -0.259192 0.111153 0.075270 -0.286853 
1.530978 -0.974592 0.834246 -0.212163 0.079972 0.037817 -0.210806 -0.134860 -0.439242 -0.096748 0.073145 -0.265904 0.079119 0.086402 -0.298095 
1.680422 -1.011261 0.900198 -0.298565 0.144803 0.016179 -0.169765 -0.183820 -0.404895 -0.098767 0.112092 -0.304346 0.072608 0.110628 -0.311449 
1.582051 -0.927658 0.832848 -0.223788 0.078330 0.063669 -0.204576 -0.146458 -0.412157 -0.090802 0.070013 -0.271235 0.057915 0.103745 -0.286259 
1.615963 -0.938843 0.845403 -0.231852 0.137755 0.054632 -0.219365 -0.150188 -0.384347 -0.078651 0.042855 -0.279309 0.041910 0.130660 -0.333408 
1.642549 -0.901443 0.863172 -0.230442 0.156968 0.056671 -0.230258 -0.160665 -0.365689 -0.031185 0.055396 -0.299726 0.006077 0.165374 -0.312102 
1.620188 -0.952290 0.955469 -0.233535 0.136025 0.006541 -0.164242 -0.131422 -0.382614 -0.066520 0.067601 -0.291505 0.005404 0.152854 -0.303165 
1.479207 -0.908192 0.919732 -0.103933 0.026500 0.030916 -0.165126 -0.020215 -0.410753 -0.130404 0.066459 -0.259487 -0.022737 0.157871 -0.305855 
1.394437 -0.986839 1.073298 -0.061122 -0.024407 -0.063808 -0.087625 -0.000936 -0.390331 -0.190458 0.108216 -0.260721 -0.023145 0.101859 -0.263125 
1.295875 -0.972056 1.224060 0.023831 -0.073456 -0.154335 -0.080555 0.049568 -0.365602 -0.170887 0.059442 -0.205455 -0.056857 0.096272 -0.255723 
1.041477 -0.864645 1.303128 0.104351 -0.095094 -0.143058 -0.052749 0.034897 -0.392814 -0.116511 -0.015491 -0.209829 -0.034784 -0.039134 -0.168220 
0.902155 -0.536690 1.195197 0.130560 -0.090132 -0.186032 0.059727 -0.015879 -0.369460 -0.074534 -0.058081 -0.189422 -0.020886 -0.086765 -0.143007 
0.808818 -0.428846 0.934426 0.158861 -0.021214 -0.215819 0.060327 -0.047230 -0.373432 0.022064 -0.186803 -0.086560 -0.034568 -0.045003 -0.163575 
0.536974 -0.151546 0.994468 0.342099 -0.026085 -0.202976 0.216619 -0.029690 -0.239891 0.000767 -0.138509 -0.025289 -0.052791 -0.153736 -0.036106 
0.258362 -0.111046 0.950187 0.112182 0.036473 -0.275048 0.140093 0.017805 -0.285745 0.031938 -0.026154 -0.092146 -0.028406 0.014391 -0.095209 
0.044748 -0.229174 0.762900 0.128599 0.225390 -0.183575 0.161016 -0.002811 -0.067317 0.042989 -0.048522 0.057681 -0.093400 0.038140 0.003830 
-0.039053 -0.288058 0.753041 -0.171103 0.240471 0.118712 0.068956 -0.078575 0.040655 0.116656 -0.087611 0.085617 -0.040408 0.052366 -0.071252 
-0.131413 -0.518129 0.762373 -0.196414 0.374650 -0.045004 0.019469 -0.063218 -0.007885 0.233219 -0.201868 0.033651 0.071116 -0.043457 -0.000071 
0.017876 -0.382387 0.777090 -0.211037 0.172193 -0.081797 0.096323 -0.151907 0.012278 0.101955 -0.169764 0.069289 0.060987 -0.096495 0.013700 
0.130288 -0.026253 1.033719 -0.177924 0.038880 -0.183003 0.187320 -0.128385 -0.172256 0.050159 -0.066068 -0.040331 0.000209 -0.085787 0.101820 
0.282709 -0.139819 1.265332 -0.157985 -0.019018 -0.137467 0.044093 -0.092064 -0.250070 -0.003507 -0.123628 -0.048230 -0.013861 -0.126817 0.081787 
0.378271 -0.430135 1.407467 -0.117707 -0.026728 -0.062991 -0.023650 -0.076397 -0.250657 -0.060107 -0.132492 -0.059140 -0.065540 -0.131501 0.074280 
0.520959 -0.575449 1.478845 -0.125534 -0.051762 -0.055554 -0.034902 -0.113180 -0.259709 -0.099749 -0.139201 -0.040628 -0.155609 -0.063511 0.027311 
0.642056 -0.649701 1.412987 -0.119258 -0.112968 0.056568 -0.071408 -0.134606 -0.244190 -0.147783 -0.055908 -0.116283 -0.139062 -0.039892 0.008249 
0.638730 -0.670375 1.420598 -0.113244 -0.162945 0.064305 -0.053098 -0.158938 -0.288822 -0.078675 -0.089708 -0.127714 -0.119541 -0.012751 -0.009505 
0.619963 -0.616246 1.454671 -0.155520 -0.134283 0.022748 0.022872 -0.178814 -0.303036 -0.019772 -0.086472 -0.182959 -0.059090 0.002109 -0.061307 
0.377414 -0.404570 1.433213 -0.111219 -0.180636 0.058823 0.036125 -0.207004 -0.290102 0.003647 -0.102942 -0.227206 -0.008659 -0.020674 -0.067795 
0.067588 -0.115679 1.359482 -0.040702 -0.138983 0.071004 0.082910 -0.248396 -0.165836 0.007289 -0.161984 -0.150257 -0.029228 -0.024368 -0.106459 
-0.308286 -0.374675 0.686530 -0.113459 -0.004829 0.187569 0.050075 -0.226197 0.111726 0.101770 -0.115783 0.021965 0.024739 0.024752 -0.094455 
-0.171865 -0.215432 0.661015 0.220188 -0.052952 0.210212 -0.109850 -0.319462 0.134237 0.033818 -0.086978 -0.156900 0.006195 0.136362 -0.211727 
0.046557 -0.207510 0.411152 0.250784 -0.077688 0.049808 -0.177682 -0.326983 -0.015005 0.011365 -0.036862 -0.160418 -0.036203 0.162350 -0.128751 
-0.275280 -0.437668 0.182649 0.076398 -0.008600 0.026052 -0.163513 -0.131617 0.124567 -0.027538 0.031783 -0.016766 -0.081781 0.167839 -0.141874 
0.130144 -1.131670 0.160599 -0.198514 0.002284 -0.019339 -0.092301 -0.118036 0.159606 0.196197 -0.144432 -0.017568 -0.058647 0.130967 -0.082151 
0.955561 -1.007407 0.090810 -0.175698 0.062155 -0.189178 -0.223078 -0.042720 0.079986 0.119987 -0.088408 0.093403 0.084598 -0.055485 -0.066839 
0.328337 -0.767009 0.475127 -0.148281 0.113864 -0.484315 -0.440687 -0.080037 0.065058 0.037851 -0.096350 0.185001 0.090047 0.187536 -0.058385 
0.914319 -0.347848 0.305308 0.123239 0.137999 -0.317034 -0.280641 0.054380 0.058107 -0.003445 0.027629 -0.059942 0.007499 0.195785 -0.102356 
1.803421 -1.164635 0.096129 -0.030075 0.055264 -0.358014 -0.199821 0.049897 -0.021051 0.066189 0.102221 -0.138848 0.049073 0.228583 -0.147755 
1.907354 -1.082107 -0.221977 0.051125 -0.010678 -0.481109 -0.052004 -0.013547 -0.008543 0.259683 0.058285 -0.118358 0.042332 0.149310 -0.070539 
1.861603 -1.303918 -0.141040 -0.006878 -0.093374 -0.338327 -0.090953 0.088975 0.009954 0.234350 0.141903 -0.221455 -0.017143 0.178845 -0.129737 
1.792651 -1.377687 -0.067917 -0.176833 -0.034237 -0.331489 -0.111701 0.102504 0.018080 0.245592 0.134460 -0.232486 0.036343 0.128403 -0.133196 
1.634783 -1.303343 -0.079308 -0.236461 -0.013385 -0.331649 -0.135048 0.159418 -0.002605 0.258884 0.106544 -0.212845 0.022244 0.147909 -0.168137 
1.612444 -1.322694 0.039607 -0.352839 0.055574 -0.370836 -0.124520 0.164713 0.005286 0.235896 0.124772 -0.225807 0.039025 0.121467 -0.146239 
1.618848 -1.270909 0.056243 -0.369006 0.077876 -0.402166 -0.099897 0.198501 -0.034934 0.237325 0.034185 -0.173464 0.087199 0.108729 -0.179972 
1.570877 -1.304580 0.084313 -0.321546 0.084344 -0.389569 -0.159145 0.154754 -0.000824 0.271852 -0.004902 -0.157072 0.115852 0.110119 -0.208483 
1.505170 -1.319763 0.235953 -0.315677 0.080559 -0.360074 -0.170763 0.156398 0.003826 0.216340 -0.024728 -0.142052 0.126097 0.125822 -0.236218 
1.508683 -1.220798 0.330793 -0.274008 0.112600 -0.406507 -0.284545 0.158167 0.055569 0.142494 -0.018292 -0.027933 0.079400 0.117634 -0.185751 
1.464562 -1.030004 0.414436 -0.089117 0.056980 -0.108202 -0.300487 -0.101934 0.047716 0.056177 -0.145520 -0.099002 0.162826 0.178300 -0.268378 
1.104973 -0.525639 0.372955 0.336085 0.162018 -0.147148 -0.176692 -0.094878 -0.003351 0.131774 -0.158941 -0.202958 0.082739 0.208272 -0.249753 
1.179918 -0.900594 0.505985 0.015110 0.046535 -0.279036 -0.349098 -0.087541 -0.083874 0.016614 -0.120725 -0.082602 0.193859 0.164166 -0.246146 
1.232727 -1.051023 0.605671 -0.112463 0.005621 -0.333269 -0.251897 -0.014898 -0.152181 0.030754 -0.005228 -0.059260 0.175623 0.145081 -0.243201 
1.266170 -1.087791 0.621498 -0.065004 -0.050388 -0.296223 -0.312734 -0.043131 -0.172157 -0.015067 0.059225 -0.078149 0.146459 0.210683 -0.227401 
1.176387 -0.984075 0.640156 -0.069542 -0.035987 -0.326632 -0.299829 -0.030923 -0.199288 -0.036141 0.099954 -0.127226 0.161284 0.203598 -0.202146 
1.294482 -0.899488 0.656572 -0.021017 -0.093404 -0.311417 -0.289676 0.029554 -0.220462 -0.106965 0.161326 -0.138980 0.080723 0.272057 -0.214087 
1.260623 -0.876963 0.680495 -0.028238 -0.021276 -0.309375 -0.319448 0.033997 -0.226382 -0.105955 0.158969 -0.163686 0.042807 0.308869 -0.221043 
1.224621 -0.877659 0.685064 0.016994 0.000223 -0.261824 -0.321159 -0.031463 -0.208670 -0.108112 0.078052 -0.171820 0.065009 0.266189 -0.243756 
1.222575 -0.490895 0.567075 0.179935 -0.059901 -0.307582 -0.315238 -0.060690 -0.107006 -0.121359 0.064418 -0.156499 0.094104 0.245020 -0.195855 
1.207216 -0.249396 0.490442 0.187808 -0.080060 -0.288970 -0.229353 -0.155141 -0.155649 -0.171718 0.096597 -0.133486 -0.009064 0.237478 -0.133145 
1.062039 -0.558160 0.669865 0.156001 -0.086122 -0.233938 -0.369218 -0.086364 -0.185798 -0.103833 -0.028091 -0.125090 0.024806 0.281628 -0.214716 
1.050512 -0.667219 0.688192 0.193023 -0.104654 -0.265558 -0.358795 -0.065770 -0.214171 -0.112445 0.024308 -0.181351 0.044658 0.319379 -0.221141 
1.051919 -0.486429 0.604729 0.322728 -0.152776 -0.301223 -0.332938 -0.107047 -0.195853 -0.125794 0.022519 -0.193421 0.049920 0.335149 -0.215495 
1.005036 -0.214295 0.520388 0.276874 -0.050112 -0.320043 -0.276082 -0.083470 -0.162597 -0.092824 0.020526 -0.174505 0.031917 0.314713 -0.238607 
0.632426 -0.305352 0.653207 0.269800 -0.090548 -0.369961 -0.292656 -0.089206 -0.153678 -0.185767 0.008734 -0.157013 0.077264 0.245884 -0.189777 
0.946816 0.165357 0.350991 0.156338 0.118870 -0.168256 -0.199869 -0.130618 -0.040779 -0.113995 -0.002746 -0.116237 -0.038699 0.178646 -0.183569 
0.540325 0.249030 0.323840 0.136920 0.017739 -0.261528 -0.334250 -0.147595 -0.141375 -0.154083 -0.000765 -0.108646 -0.005836 0.244613 -0.164154 
0.245717 -0.519308 0.537074 0.232996 -0.066993 -0.211215 -0.253203 -0.029527 0.003851 -0.096187 0.029391 -0.154028 0.093914 0.193568 -0.222360 
0.638197 0.227964 0.398067 0.185456 -0.015664 -0.165647 -0.304928 -0.129591 -0.075705 -0.046657 -0.047328 -0.130514 0.055867 0.225928 -0.239202 
0.269343 0.315804 0.353013 0.058004 0.028088 -0.095714 -0.160291 -0.195991 -0.177053 -0.135418 0.011208 -0.124601 -0.080922 0.139491 -0.115669 
0.217493 0.232002 0.302551 0.188640 0.064720 -0.225374 -0.274965 -0.194559 -0.092717 -0.128344 -0.056932 -0.126683 -0.038402 0.232440 -0.185038 
