city012_012
SHINAGAWA
86
-0.433066 -0.883007 -0.057447 -0.247002 0.280574 -0.271855 0.019094 0.124406 0.032891 -0.071124 0.074673 -0.008909 -0.134310 0.087065 0.016468 
-0.515717 -0.880324 0.039107 -0.406953 0.297707 0.029706 0.159692 -0.128149 -0.174619 0.122363 -0.005110 0.081889 -0.053898 -0.032752 -0.032153 
-0.494387 -0.584535 0.198569 -0.573124 0.420179 -0.204514 -0.050498 -0.100114 0.111730 0.103058 -0.063861 0.056548 -0.123926 0.057108 0.043161 
-0.569192 -0.699675 0.207968 -0.655658 0.471576 -0.207295 0.066651 -0.051888 0.141039 -0.027705 -0.063494 -0.021446 0.054160 -0.028670 0.014052 
-0.775613 -0.650511 0.371860 -0.654424 0.372188 -0.253561 0.205592 -0.065130 0.077938 -0.058132 0.018869 -0.055474 0.035472 0.028565 -0.069582 
-0.653089 -0.593673 0.508872 -0.729192 0.176250 -0.289913 0.097295 0.097555 0.048774 0.031539 -0.012546 -0.019905 -0.012083 -0.035375 -0.003752 
-0.343986 -0.588265 0.387894 -0.832370 0.331599 -0.146697 0.173787 0.041656 -0.074985 -0.003401 0.005689 -0.010719 -0.003476 0.033412 -0.031325 
-0.473130 -0.612236 0.389766 -0.598763 0.199637 -0.028940 0.189102 -0.069613 -0.088585 0.019014 0.027700 -0.003422 -0.011073 0.041176 -0.054787 
-0.607617 -0.825419 0.530466 -0.673219 0.182644 -0.259301 0.212958 0.024755 0.003169 0.008363 -0.003852 -0.015566 0.009121 -0.096894 0.104536 
-0.347669 -0.744550 0.467353 -0.576400 0.201752 -0.326815 0.275405 -0.103196 -0.011370 0.141518 -0.159501 0.144246 -0.052639 -0.081121 0.084638 
-0.223333 -1.071764 0.503292 -0.420422 0.417835 -0.072324 0.018897 -0.231974 0.104285 0.128785 -0.100530 0.026648 -0.022068 -0.034176 0.053446 
-0.506471 -0.542612 0.671693 -0.716762 0.214169 -0.211185 0.002916 -0.035655 0.099020 0.067973 -0.124740 0.088747 0.043021 -0.125006 0.050012 
-0.278174 -0.694836 0.719762 -0.493686 0.288117 -0.221185 -0.041537 -0.240085 0.029929 0.081240 0.019063 0.003008 -0.051465 -0.022194 0.179569 
-0.226134 -0.748562 0.661308 -0.443730 0.364001 -0.037249 -0.119297 -0.317614 0.153277 0.194356 -0.151356 0.020481 -0.082395 0.060787 0.072133 
0.876051 -0.250813 1.009040 -0.249765 -0.023237 -0.076625 -0.012272 -0.204918 -0.038089 -0.242474 -0.061117 0.028567 -0.108564 -0.087674 0.124141 
1.181952 -0.427476 0.979237 0.006368 -0.110883 0.138562 -0.159813 -0.223662 -0.020109 -0.279160 -0.112647 -0.049513 -0.098116 -0.106686 0.007351 
1.331410 -0.388893 0.901568 0.032099 0.022196 0.101175 -0.217666 -0.256327 0.069198 -0.227685 -0.144349 -0.078589 -0.046065 -0.090067 -0.024610 
1.529838 -0.345204 0.621166 0.422051 -0.031787 -0.003389 -0.115946 -0.269874 0.095684 -0.132390 -0.255033 -0.158914 0.128764 -0.192070 -0.057639 
1.489893 -0.644669 0.887077 0.482843 -0.166297 0.132529 -0.246656 -0.168071 0.112498 -0.248386 -0.197216 -0.174429 0.113471 -0.151661 -0.183200 
1.388040 -0.715157 0.933627 0.420150 -0.189717 0.170494 -0.268259 -0.249143 0.176443 -0.267878 -0.202085 -0.207181 0.156041 -0.159511 -0.178819 
1.376131 -0.716327 0.942220 0.422139 -0.192071 0.130536 -0.242586 -0.247221 0.126395 -0.177774 -0.262463 -0.174410 0.150398 -0.123483 -0.220985 
1.324809 -0.698409 0.969225 0.469457 -0.293741 0.162159 -0.262707 -0.304635 0.153281 -0.163492 -0.262783 -0.192826 0.170839 -0.082816 -0.228872 
1.399350 -0.721596 1.024939 0.444405 -0.298385 0.152089 -0.237460 -0.304589 0.137579 -0.133488 -0.267461 -0.211399 0.217678 -0.107642 -0.242782 
1.181733 -0.759340 0.939089 0.203335 0.026092 -0.189048 -0.068695 -0.250925 0.012576 -0.016873 -0.308762 -0.053636 0.131256 -0.100713 -0.101356 
1.369833 -1.137469 0.858646 -0.236082 0.110229 -0.298425 -0.195228 0.079700 0.130055 0.019748 -0.166089 0.121724 0.127538 -0.091279 -0.052557 
1.522316 -1.434103 0.761241 -0.398723 0.033949 -0.214818 -0.240034 0.190953 0.250377 -0.038455 -0.125157 0.092505 0.112177 -0.164702 -0.034860 
1.437566 -1.463079 0.592443 -0.382377 -0.011305 -0.191931 -0.111922 0.251175 0.210073 -0.007136 -0.108728 -0.049047 0.072026 -0.090903 -0.067736 
1.367488 -1.422621 0.468245 -0.379900 0.000297 -0.221281 0.079884 0.145162 0.251606 0.100325 -0.163029 -0.201100 0.064010 0.030492 -0.163484 
1.317686 -1.339517 0.318605 -0.513088 0.092115 -0.229010 0.076183 0.094858 0.259268 0.114415 -0.159374 -0.272707 0.104500 0.057212 -0.169207 
1.342111 -1.373016 0.292378 -0.579197 0.128404 -0.186645 0.065743 0.084180 0.233882 0.134648 -0.168422 -0.273641 0.093756 0.061878 -0.118779 
1.314932 -1.363194 0.259350 -0.553950 0.095967 -0.094706 0.052133 0.050314 0.231278 0.159612 -0.166648 -0.277170 0.042685 0.099141 -0.088363 
1.339644 -1.420485 0.256375 -0.594319 0.131359 -0.120399 0.062848 0.032331 0.233756 0.148149 -0.127172 -0.321539 0.063650 0.114573 -0.098253 
1.310505 -1.367245 0.226447 -0.567455 0.128791 -0.079504 0.024415 0.070003 0.191638 0.161902 -0.137153 -0.315871 0.059895 0.135389 -0.101503 
1.297196 -1.363498 0.254479 -0.624150 0.174683 -0.089660 0.023070 0.049457 0.196297 0.155934 -0.101162 -0.349048 0.087697 0.118445 -0.109738 
1.312988 -1.378359 0.272459 -0.585177 0.133146 -0.054189 -0.039171 0.079055 0.146250 0.186872 -0.090434 -0.341489 0.095741 0.124967 -0.126028 
1.381759 -1.453784 0.321958 -0.592152 0.154878 -0.077870 -0.064777 0.074127 0.108272 0.197575 -0.058402 -0.317013 0.104651 0.106789 -0.137489 
1.427323 -1.490172 0.413850 -0.566665 0.164575 -0.126272 -0.095345 0.043185 0.108603 0.195908 0.017224 -0.350033 0.148056 0.075984 -0.148343 
1.534787 -1.451270 0.456283 -0.420314 0.048036 -0.079014 -0.232711 0.101665 0.022698 0.274690 0.026594 -0.325137 0.166061 0.056140 -0.145152 
1.640061 -1.445342 0.555944 -0.329736 0.035775 -0.200702 -0.170837 0.041438 0.029365 0.289040 0.055118 -0.320104 0.183807 0.063379 -0.169290 
1.534319 -1.254461 0.534985 -0.236853 0.040928 -0.257475 -0.240804 0.043446 -0.066112 0.243485 0.066672 -0.302015 0.273256 0.080669 -0.178660 
1.505458 -1.219044 0.707412 -0.197254 0.107265 -0.296828 -0.208200 0.025483 -0.097359 0.160214 0.039698 -0.255171 0.220266 0.148269 -0.249330 
1.298640 -1.000905 0.699127 -0.076921 0.173702 -0.284526 -0.197763 -0.012050 -0.111780 0.092796 -0.016400 -0.249596 0.183438 0.158248 -0.216181 
1.241779 -0.954807 0.777451 -0.020811 0.245866 -0.322020 -0.198484 -0.030408 -0.127798 0.083338 -0.051793 -0.272495 0.165738 0.169609 -0.206349 
1.158945 -0.905098 0.684156 0.045632 0.266907 -0.304605 -0.232282 -0.038777 -0.155494 0.074784 -0.050802 -0.317286 0.180663 0.152423 -0.190074 
1.189659 -0.927421 0.628170 -0.050695 0.263621 -0.318784 -0.248141 -0.002725 -0.160317 0.115761 -0.008873 -0.322053 0.213122 0.159731 -0.170128 
1.332113 -1.111633 0.692364 -0.204032 0.275439 -0.395572 -0.206636 0.024550 -0.142649 0.204269 0.001612 -0.301026 0.245112 0.151207 -0.164137 
1.295678 -1.123731 0.505173 -0.255764 0.212504 -0.387282 -0.218385 0.056424 -0.166145 0.300587 -0.018536 -0.271701 0.291357 0.076095 -0.124932 
1.475601 -1.280155 0.501148 -0.361404 0.126187 -0.377870 -0.148373 0.016672 -0.079692 0.375895 0.030695 -0.280289 0.253550 0.031779 -0.130181 
1.503823 -1.344597 0.419933 -0.454184 0.087181 -0.292766 -0.176931 0.001048 -0.039091 0.400306 0.052167 -0.251589 0.171370 0.048336 -0.125698 
1.447933 -1.372563 0.436340 -0.603959 0.123222 -0.201316 -0.177361 0.018358 -0.042004 0.395746 0.124278 -0.312191 0.103753 0.062335 -0.149890 
1.444534 -1.435386 0.420475 -0.731819 0.174985 -0.099563 -0.160551 0.009735 -0.041209 0.372963 0.105463 -0.304715 0.083286 0.003664 -0.092970 
1.386526 -1.440496 0.404692 -0.768437 0.153551 -0.052473 -0.072471 0.001231 -0.003019 0.325133 0.108278 -0.354894 0.080657 -0.007179 -0.145321 
1.397006 -1.446260 0.392353 -0.853224 0.149809 0.003239 -0.068496 -0.005566 0.008298 0.334081 0.104296 -0.337415 0.033195 -0.033971 -0.106237 
1.441907 -1.439977 0.389895 -0.901422 0.136185 0.036975 -0.063090 -0.023884 0.030366 0.317396 0.107220 -0.318692 0.032002 -0.073497 -0.101764 
1.414170 -1.381253 0.391524 -0.906280 0.107099 0.077463 -0.056064 -0.032420 0.018911 0.324837 0.096157 -0.293139 0.028421 -0.108366 -0.097375 
1.501518 -1.396345 0.421757 -0.920720 0.097806 0.103961 -0.058251 -0.052930 0.032588 0.300919 0.147010 -0.325345 0.058800 -0.149270 -0.129259 
1.543549 -1.359767 0.380025 -0.910888 0.084276 0.095865 -0.073283 -0.028773 -0.014510 0.305467 0.130467 -0.267735 0.080337 -0.161055 -0.140253 
1.632059 -1.330194 0.383123 -0.866340 0.041537 0.108083 -0.095504 0.006402 -0.065698 0.264505 0.160278 -0.227243 0.109840 -0.161500 -0.188079 
1.638458 -1.214147 0.332714 -0.827927 -0.005074 0.131126 -0.143153 0.002982 -0.078211 0.199169 0.165944 -0.180778 0.187541 -0.157961 -0.179760 
1.780202 -1.198879 0.450708 -0.883635 -0.011926 0.137295 -0.131726 -0.050356 -0.130661 0.137303 0.235039 -0.131549 0.202037 -0.091347 -0.286647 
1.698984 -1.004361 0.331324 -0.794050 -0.066212 0.116584 -0.157569 -0.132858 -0.148412 0.066635 0.248125 -0.082896 0.277873 -0.026089 -0.261246 
1.738020 -1.010342 0.361393 -0.808674 -0.062724 0.068251 -0.154274 -0.128176 -0.158291 0.048231 0.230405 -0.045198 0.287640 0.002597 -0.239273 
1.787654 -1.085582 0.382830 -0.843943 -0.029070 0.007383 -0.118689 -0.144040 -0.147173 0.071603 0.208379 -0.026753 0.290744 0.015821 -0.258320 
1.701872 -1.038991 0.310380 -0.813191 -0.064688 0.073261 -0.133930 -0.102181 -0.147026 0.108122 0.214048 -0.053569 0.262940 -0.025817 -0.269902 
1.692880 -1.153069 0.363148 -0.893110 -0.011809 0.111950 -0.071536 -0.070048 -0.117953 0.147083 0.188445 -0.100330 0.207833 -0.095943 -0.277401 
1.663921 -1.243292 0.338372 -0.894931 -0.031464 0.159285 -0.065989 -0.042275 -0.072674 0.154641 0.214981 -0.161533 0.169775 -0.153779 -0.238857 
1.569441 -1.302973 0.290047 -0.926812 0.001503 0.152940 -0.052138 -0.037689 -0.024462 0.210126 0.166291 -0.172531 0.111074 -0.194955 -0.194090 
1.369952 -1.189632 0.151128 -0.887226 -0.049875 0.239454 -0.064646 -0.029687 0.006602 0.254628 0.098563 -0.184690 0.052655 -0.192191 -0.151020 
1.416422 -1.270125 0.214364 -0.962893 -0.003954 0.236553 -0.075894 -0.040344 0.012165 0.281524 0.137208 -0.216145 0.017350 -0.203183 -0.160722 
1.337415 -1.196994 0.143504 -0.904289 -0.044769 0.285568 -0.093313 -0.024403 0.018374 0.304705 0.086051 -0.227102 0.016061 -0.216340 -0.113690 
1.436654 -1.282580 0.189797 -0.947889 0.038033 0.220050 -0.050155 -0.049281 0.025128 0.289776 0.092767 -0.221876 0.000767 -0.191974 -0.121374 
1.538347 -1.360870 0.283373 -0.938120 0.081786 0.171373 -0.000415 -0.058845 0.021825 0.280474 0.095862 -0.248896 0.007762 -0.186574 -0.114529 
1.478933 -1.411308 0.239104 -0.939949 0.084649 0.154659 -0.024719 -0.029775 0.026114 0.264669 0.110810 -0.258475 0.020671 -0.185556 -0.108030 
1.471414 -1.339399 0.198809 -0.875713 0.012157 0.209002 -0.073310 -0.024352 0.050709 0.275398 0.072147 -0.232791 0.013959 -0.187730 -0.078822 
1.568936 -1.374488 0.191858 -0.879371 0.061746 0.141479 -0.033571 -0.064543 0.073692 0.250922 0.072864 -0.223117 0.034435 -0.167713 -0.081579 
1.655090 -1.392295 0.097806 -0.764820 0.032470 0.150496 -0.057745 -0.046817 0.088027 0.235789 0.041381 -0.204508 0.055918 -0.180969 -0.081232 
1.624352 -1.343053 0.034454 -0.787687 0.044550 0.166361 -0.100927 -0.037101 0.093496 0.241892 0.054285 -0.215442 0.066095 -0.182821 -0.074746 
1.605850 -1.305284 0.027313 -0.786258 0.038420 0.144763 -0.075713 -0.045559 0.088589 0.273748 0.055088 -0.238624 0.062256 -0.192886 -0.069311 
1.651885 -1.253483 -0.115725 -0.717789 -0.004129 0.143764 -0.050706 -0.105094 0.136375 0.266400 0.053944 -0.219345 0.040576 -0.166380 -0.080119 
1.654167 -1.304689 -0.146890 -0.588282 -0.094650 0.141109 0.006721 -0.162105 0.159079 0.260222 0.040495 -0.213714 0.062671 -0.181311 -0.057218 
1.646313 -1.258879 -0.243222 -0.608772 -0.084679 0.166423 -0.000678 -0.172124 0.172454 0.277093 0.048558 -0.253370 0.075561 -0.191917 -0.070395 
1.502825 -0.998405 -0.213807 -0.696232 -0.066223 0.246639 -0.082927 -0.113370 0.118587 0.241510 0.115969 -0.271797 0.016468 -0.107317 -0.105548 
1.360811 -0.839967 -0.163828 -0.663074 -0.039207 0.227924 -0.046791 -0.098982 0.120749 0.233088 0.029715 -0.254608 0.027699 -0.104698 -0.076460 
0.791885 -0.949128 -0.172860 -0.747553 0.004628 0.148712 -0.059840 -0.030446 0.109988 0.280532 0.074341 -0.246120 -0.016475 -0.187188 -0.087581 
0.786836 -0.413222 -0.214214 -0.613326 -0.039993 0.194169 -0.079888 -0.130021 0.140470 0.345469 0.062667 -0.296819 0.035988 -0.235935 0.011409 
0.243523 -0.338303 -0.264276 -0.231896 -0.150308 0.152752 -0.158442 -0.149504 0.138548 0.112067 0.143157 -0.144134 0.014470 -0.060789 -0.029104 
