city012_054
ZOOSHIGAYA
86
-0.524237 -0.409874 -0.102856 -0.171466 0.136104 -0.137243 0.057049 0.077779 0.091273 -0.130670 -0.057874 0.130102 -0.113489 0.107764 -0.080655 
-0.425990 -0.576097 0.157730 -0.377583 0.214848 -0.232236 0.054792 0.004039 0.023499 0.097789 -0.140458 0.117966 -0.073124 0.014122 -0.008450 
-0.436063 -0.854931 0.521034 -0.324816 0.144304 -0.317747 0.206988 -0.062787 0.016329 0.078206 -0.137767 0.149977 -0.116004 0.045287 -0.000442 
0.373725 -0.650084 0.663607 -0.064394 0.485627 -0.488243 0.036995 -0.059347 0.025813 0.002745 -0.178702 0.094699 -0.010527 -0.029147 0.008345 
1.258918 -0.584092 0.678177 -0.288318 0.416261 -0.267674 -0.266024 -0.257472 -0.138161 0.117328 -0.172997 -0.135180 0.026767 0.142081 -0.062168 
1.542385 -0.808057 0.854129 -0.558927 0.296096 -0.142754 -0.330204 -0.262250 -0.206091 0.118963 -0.068588 -0.127373 0.146448 0.033152 -0.022944 
1.642515 -0.847673 0.739325 -0.594159 0.126513 -0.000917 -0.344993 -0.204011 -0.270364 0.059281 -0.005690 -0.081367 0.187116 0.051507 -0.153855 
1.776427 -0.938200 0.658276 -0.741943 0.145019 0.101710 -0.297234 -0.217568 -0.320411 0.020076 0.053261 0.001690 0.193986 0.060777 -0.256862 
1.767509 -0.879976 0.535120 -0.728706 0.072654 0.138409 -0.271922 -0.137089 -0.327447 -0.079511 0.054276 0.022946 0.232462 0.109257 -0.251018 
1.781376 -0.980682 0.550208 -0.724762 0.099111 0.023239 -0.179073 -0.074452 -0.365086 -0.137128 -0.007340 0.119192 0.257761 0.110202 -0.241497 
1.763340 -0.876638 0.510756 -0.757069 0.131806 -0.067290 -0.159674 -0.015940 -0.328763 -0.167409 0.029087 0.079396 0.225334 0.142176 -0.177004 
1.821243 -0.904676 0.591724 -0.800290 0.052326 -0.140385 -0.089452 0.013313 -0.257579 -0.198814 -0.106159 0.009577 0.326583 0.162933 -0.125939 
1.830367 -0.845246 0.463018 -0.718306 0.032482 -0.182039 -0.066380 0.049155 -0.252704 -0.258573 -0.075904 0.065817 0.288668 0.187027 -0.118888 
1.821513 -0.787195 0.508159 -0.826814 0.076063 -0.239642 -0.041110 -0.012275 -0.187526 -0.184459 -0.105106 0.005472 0.314135 0.159951 -0.084767 
1.813011 -0.746418 0.547445 -0.813332 -0.046336 -0.199203 -0.099043 0.037796 -0.159492 -0.148271 -0.172043 0.041900 0.251169 0.155133 -0.038335 
1.735754 -0.713015 0.568210 -0.829045 -0.115753 -0.209993 -0.034058 0.071176 -0.179677 -0.189069 -0.162378 0.101823 0.168851 0.207080 -0.018961 
1.729506 -0.707690 0.607873 -0.876638 -0.137927 -0.191104 -0.027421 0.101064 -0.219477 -0.180412 -0.156865 0.115584 0.121425 0.241665 0.009885 
1.618918 -0.583174 0.555396 -0.905915 -0.155097 -0.129694 -0.006546 0.087242 -0.259656 -0.124355 -0.127712 0.048133 0.157333 0.243346 0.016890 
1.706124 -0.682107 0.610358 -0.956745 -0.134065 -0.136687 0.016646 0.028288 -0.209798 -0.131549 -0.121338 0.041285 0.193501 0.230948 -0.002285 
1.643533 -0.657350 0.572301 -0.902221 -0.196027 -0.059319 -0.049822 0.051944 -0.217252 -0.109378 -0.135374 0.043278 0.222202 0.188076 0.021751 
1.803118 -0.806687 0.647812 -0.998780 -0.062056 -0.155219 -0.000506 0.010664 -0.159222 -0.117379 -0.151385 0.059786 0.231108 0.166456 0.013267 
1.695802 -0.718070 0.618646 -0.981987 -0.080356 -0.192535 0.065665 0.000655 -0.190532 -0.111603 -0.162599 0.064703 0.231577 0.175238 0.029564 
1.679570 -0.719820 0.587598 -0.942013 -0.035539 -0.260452 0.116132 0.021513 -0.261679 -0.111644 -0.140245 0.037065 0.258965 0.173280 0.027489 
1.637183 -0.684987 0.509310 -0.904601 -0.025325 -0.210132 0.017592 0.028725 -0.231411 -0.213327 -0.075859 0.075561 0.295751 0.153796 0.029441 
1.729033 -0.725702 0.474852 -0.905529 0.063954 -0.106781 -0.171428 -0.007052 -0.231949 -0.158126 -0.037415 0.128494 0.267337 0.166959 -0.092425 
1.783051 -0.695624 0.384679 -0.827424 0.202946 -0.048819 -0.218478 -0.109459 -0.419174 -0.018873 0.052940 0.151660 0.209563 0.089935 -0.153260 
1.997057 -0.694384 0.415178 -0.773323 0.053943 0.173351 -0.351632 -0.313610 -0.188045 0.021147 0.110087 0.056577 0.165916 0.025147 -0.127062 
1.904533 -0.587704 0.486314 -0.646983 0.177481 0.025064 -0.321320 -0.422528 -0.188455 0.147666 0.046983 0.033023 0.129077 -0.035360 -0.037733 
1.370839 -0.197820 0.724799 -0.464588 0.400929 -0.335845 -0.224028 -0.067399 -0.084178 0.075640 -0.263466 0.018031 0.119967 -0.058438 -0.008455 
0.208940 -0.258685 0.836838 -0.335422 0.576521 -0.552337 -0.017879 -0.072726 -0.038382 0.093405 -0.179642 -0.069456 0.120945 0.055968 -0.126591 
-0.318824 -0.264515 0.579422 -0.480823 0.442717 -0.493264 0.216777 0.009597 0.002853 0.068316 -0.116401 0.044056 0.081205 -0.102595 0.024493 
-0.404689 -0.456244 0.273853 -0.624612 0.294085 -0.368147 0.174745 0.170442 0.034181 -0.021513 -0.141770 0.090147 -0.020215 -0.064138 0.041349 
-0.744859 -0.507300 0.340942 -0.444301 0.307348 -0.456283 0.226282 0.092250 -0.034675 -0.040186 0.023021 0.018900 -0.039020 0.023748 -0.044720 
-0.852973 -0.687818 0.290555 -0.503636 0.434405 -0.404140 0.395019 -0.054400 -0.082008 -0.048847 0.007896 0.126431 -0.141870 0.057964 0.042323 
-0.960361 -0.635110 0.303598 -0.648010 0.236331 -0.407792 0.461248 0.124112 -0.141922 0.061256 -0.157652 0.024219 0.024225 -0.049207 0.080103 
-0.855185 -0.492903 0.260379 -0.599506 0.311598 -0.386390 0.280254 0.091341 -0.062172 0.001474 -0.048413 0.061791 -0.076899 0.010201 0.047452 
-0.938335 -0.498874 0.416560 -0.794043 0.296794 -0.360914 0.346056 -0.016360 0.001169 0.029001 -0.012041 -0.087420 0.059048 -0.058504 0.034440 
-1.026668 -0.661341 0.533659 -0.573475 0.377169 -0.352095 0.410719 0.015195 -0.125430 -0.065790 -0.021365 0.138388 -0.062992 -0.043825 0.061012 
-0.809047 -0.535347 0.886349 -0.511744 0.208347 -0.305071 0.302823 0.069296 -0.085995 -0.020906 -0.026685 0.150555 -0.130525 -0.059943 0.123125 
-0.720438 -0.679868 0.846940 -0.554317 0.188269 -0.399770 0.311710 -0.024707 -0.024211 0.011325 -0.073103 0.157846 -0.087079 -0.119730 0.181692 
-0.619402 -0.452716 1.043075 -0.667627 0.157290 -0.363422 0.134210 -0.055632 -0.083311 0.140405 -0.128440 0.143045 -0.008679 -0.131852 0.157230 
-0.144812 -0.468874 1.131310 -0.332435 0.061257 -0.234025 0.110825 -0.098296 -0.122268 0.020435 -0.026068 0.039380 -0.068309 -0.016678 0.083824 
0.602700 -0.904098 1.597156 -0.185543 -0.130797 -0.001678 -0.215627 -0.090603 -0.137969 -0.292241 -0.014737 0.019900 -0.232942 0.042868 0.025873 
0.777502 -1.053879 1.662848 -0.147388 -0.142781 0.070987 -0.271495 -0.122474 -0.147669 -0.350759 0.010615 -0.078091 -0.249771 0.063338 -0.006487 
0.822115 -1.088996 1.710699 -0.184958 -0.125229 0.097406 -0.278418 -0.118660 -0.204630 -0.270532 -0.006522 -0.144204 -0.207582 0.080000 -0.032721 
0.869318 -1.108720 1.788036 -0.202694 -0.117587 0.061765 -0.246931 -0.084886 -0.234897 -0.244382 -0.016734 -0.134140 -0.205996 0.073363 -0.032766 
0.845834 -1.096107 1.815004 -0.201979 -0.100864 0.042013 -0.197052 -0.103317 -0.251261 -0.164000 -0.055314 -0.188279 -0.101533 0.014704 -0.033715 
0.758728 -1.074840 1.769367 -0.173794 -0.109400 0.033734 -0.112687 -0.149562 -0.277695 -0.091116 -0.071523 -0.221638 -0.064000 0.006592 -0.043348 
0.965414 -1.112723 1.672364 -0.204634 -0.062329 0.010944 -0.024477 -0.219235 -0.264667 -0.001642 -0.065559 -0.264528 0.014548 0.019131 -0.091432 
0.887517 -1.071303 1.540791 -0.164945 -0.102152 0.049316 0.019267 -0.225608 -0.343411 0.080890 -0.054034 -0.296219 0.038823 0.016423 -0.090206 
0.840144 -1.041674 1.442282 -0.132244 -0.111931 -0.033503 0.051169 -0.262007 -0.360390 0.100910 -0.042165 -0.320097 0.059801 0.071268 -0.158972 
0.963527 -1.223801 1.353396 -0.097032 -0.068267 -0.133737 -0.113963 -0.226172 -0.304781 0.112934 -0.069787 -0.291974 0.111834 0.122481 -0.161273 
1.122020 -1.229056 1.275570 -0.195419 -0.029640 -0.269256 -0.360640 -0.117162 -0.123314 0.080042 -0.175066 -0.128167 0.305285 0.068594 -0.200940 
1.352324 -1.304961 1.063172 -0.254033 0.024331 -0.327676 -0.475857 -0.005017 -0.036788 0.059838 -0.098947 -0.005835 0.261276 0.072605 -0.107606 
1.489527 -1.430644 0.732707 -0.282738 0.017420 -0.438105 -0.376816 0.134949 -0.054632 0.172626 0.089880 -0.112195 0.191986 0.201247 -0.237364 
1.554365 -1.435908 0.516102 -0.294810 0.041580 -0.492293 -0.381026 0.088955 -0.076208 0.308812 0.131410 -0.176448 0.264719 0.221713 -0.256451 
1.465734 -1.400973 0.385301 -0.397816 0.093502 -0.498628 -0.266281 0.024248 0.030097 0.321773 0.161420 -0.200238 0.160915 0.224516 -0.214431 
1.415428 -1.460588 0.219102 -0.406821 0.081209 -0.425097 -0.174347 0.030433 0.110252 0.304457 0.163303 -0.238791 0.045687 0.194905 -0.205580 
1.491035 -1.502264 0.244348 -0.480718 0.124705 -0.492389 -0.131777 0.047945 0.121346 0.303021 0.161859 -0.210735 0.022311 0.158157 -0.175351 
1.406043 -1.374730 0.219155 -0.402443 0.077836 -0.528921 -0.125856 0.029282 0.149010 0.293869 0.130508 -0.189665 0.049847 0.192351 -0.218574 
1.454853 -1.425632 0.240410 -0.348254 0.044640 -0.541240 -0.125040 0.005495 0.169482 0.308109 0.075200 -0.148970 0.083191 0.184618 -0.277430 
1.414368 -1.449801 0.334474 -0.264643 -0.029945 -0.532712 -0.193859 0.129357 0.065802 0.282831 0.073633 -0.124659 0.144462 0.162549 -0.315275 
1.387415 -1.484117 0.472816 -0.252052 -0.080099 -0.509655 -0.269055 0.123882 0.132013 0.180894 0.059506 0.002765 0.125012 0.125829 -0.267795 
1.439926 -1.457822 0.593345 -0.293989 -0.080395 -0.456760 -0.349989 0.045853 0.219915 0.121807 -0.050786 0.147499 0.225757 -0.020743 -0.205905 
1.465514 -1.511400 0.681787 -0.302932 -0.125608 -0.409028 -0.370011 -0.017184 0.227104 0.097125 -0.029204 0.133346 0.282371 -0.032709 -0.185012 
1.597893 -1.579298 0.729980 -0.312425 -0.160784 -0.346320 -0.426378 0.022885 0.190195 0.089746 -0.015909 0.143003 0.302970 -0.088692 -0.128154 
1.511071 -1.520575 0.695384 -0.305794 -0.160584 -0.360149 -0.388682 0.002848 0.180352 0.090036 -0.039719 0.174672 0.274650 -0.064152 -0.139591 
1.635934 -1.585644 0.687935 -0.330729 -0.046151 -0.383394 -0.362727 0.058688 0.237598 0.060856 -0.030205 0.101249 0.209528 -0.035343 -0.207530 
1.345236 -1.435434 0.433984 -0.218689 -0.164402 -0.306098 -0.338453 0.113257 0.195151 0.134456 -0.041356 0.032646 0.224990 -0.097889 -0.145697 
1.624675 -1.583375 0.521485 -0.339590 -0.115716 -0.316864 -0.292856 0.106091 0.208795 0.163551 0.002211 -0.062812 0.176758 0.024555 -0.289015 
1.372331 -1.366656 0.110521 -0.181838 -0.183653 -0.300471 -0.247216 0.115260 0.201963 0.230989 -0.003882 -0.084344 0.159692 -0.056695 -0.203978 
1.699108 -1.474137 0.171997 -0.281369 -0.124714 -0.335426 -0.130824 0.143513 0.151489 0.223429 0.004994 -0.138793 0.052419 0.082198 -0.250376 
1.469557 -1.412736 0.050070 -0.287226 -0.177214 -0.190996 -0.126615 0.119730 0.126138 0.301757 0.016062 -0.254684 0.072251 0.045639 -0.211416 
1.536778 -1.616499 0.206210 -0.467907 -0.067385 -0.184193 -0.094836 0.056388 0.132296 0.368705 -0.005069 -0.242515 0.002584 0.060926 -0.246288 
1.565112 -1.585764 0.235285 -0.585551 -0.013495 -0.115828 -0.103811 0.070741 0.120321 0.342917 0.013071 -0.259391 -0.040133 0.068621 -0.219466 
1.501930 -1.521166 0.176728 -0.609850 -0.037287 -0.078730 -0.072304 0.055933 0.116455 0.323493 0.036717 -0.256974 -0.061662 0.070290 -0.248667 
1.445679 -1.420961 0.086150 -0.590078 -0.079573 -0.041673 -0.085313 0.023739 0.130723 0.332042 0.061396 -0.272079 -0.057958 0.098461 -0.293052 
1.439508 -1.205854 -0.050944 -0.538799 -0.121067 -0.008656 -0.079688 -0.020407 0.142479 0.381756 0.085492 -0.330669 -0.076353 0.100821 -0.260017 
1.473352 -1.081112 -0.132178 -0.573278 -0.139470 0.052346 -0.124784 -0.011157 0.144713 0.392143 0.088056 -0.309680 -0.126961 0.121781 -0.260795 
1.371639 -0.946974 -0.224782 -0.533222 -0.125242 0.041694 -0.177434 0.029966 0.121405 0.407726 0.124346 -0.341259 -0.118751 0.123461 -0.252070 
1.494452 -0.960227 -0.312490 -0.502490 -0.050808 -0.049348 -0.139914 0.016686 0.137390 0.311962 0.073014 -0.237850 -0.029186 0.089917 -0.238295 
1.152971 -1.031950 -0.319300 -0.543776 0.002537 0.015665 -0.044564 -0.009448 0.100517 0.393002 0.001600 -0.319574 -0.073666 0.069500 -0.175265 
1.273618 -0.724088 -0.229053 -0.612044 0.084086 -0.010494 -0.010043 -0.007244 0.044636 0.310612 -0.024154 -0.290659 0.003734 0.099934 -0.161498 
1.195524 -0.548669 -0.320681 -0.252545 -0.068207 0.016153 0.085241 -0.101459 0.215978 0.154133 -0.034486 -0.284426 0.050171 0.054438 -0.119600 
0.530311 -1.119205 -0.054423 -0.372233 0.067910 -0.111585 -0.048480 -0.018247 0.021432 0.271132 0.006933 -0.154914 0.028053 0.018638 -0.169224 
0.326317 -0.857037 -0.145181 -0.310456 0.103125 -0.114778 -0.016241 -0.103455 0.065682 0.310062 -0.009753 -0.273479 0.079879 0.062272 -0.112321 
