city012_087
RYUUGASAKI
99
-0.437683 -0.218625 -0.035317 -0.028283 0.107938 0.036424 -0.250851 0.171443 0.169890 -0.194194 0.033054 0.001907 -0.034255 0.159269 -0.209217 
-0.256446 -0.264778 0.147419 -0.002314 0.155190 0.256077 -0.250225 0.222730 0.062779 -0.140322 0.162419 -0.107857 0.005501 0.185396 -0.230702 
0.060322 -1.224342 0.796639 -0.824899 0.161897 0.090079 -0.121416 0.027333 0.028656 0.090213 -0.082695 0.048617 -0.058219 0.041410 -0.054264 
0.103170 -0.361626 1.223176 -0.309490 0.150992 0.085124 -0.044869 -0.013803 -0.077022 -0.017099 -0.067803 0.063434 -0.117942 -0.000602 0.012218 
0.662852 -0.452548 1.547439 -0.203837 -0.072967 0.133474 -0.215740 -0.010885 -0.117345 -0.274192 0.038607 -0.072244 -0.234750 0.123306 -0.140190 
0.822409 -0.859023 1.743652 -0.191076 -0.148881 0.251912 -0.275475 -0.020256 -0.177758 -0.324595 0.074850 -0.181079 -0.249774 0.111630 -0.144934 
0.918968 -0.982698 1.740677 -0.103667 -0.187685 0.228762 -0.225169 -0.074914 -0.164734 -0.323810 0.054263 -0.186959 -0.242320 0.099125 -0.158682 
0.996106 -1.023327 1.738457 -0.075069 -0.221518 0.213170 -0.195054 -0.098361 -0.170841 -0.317326 0.052126 -0.198532 -0.222039 0.081279 -0.150529 
0.863331 -0.969507 1.588640 0.006973 -0.257016 0.224425 -0.188020 -0.104546 -0.224834 -0.285329 0.077472 -0.258663 -0.176220 0.053480 -0.114692 
1.045248 -1.177859 1.750986 -0.054107 -0.178755 0.125410 -0.167197 -0.086716 -0.253718 -0.244275 0.064204 -0.267952 -0.184001 0.135707 -0.221049 
0.869736 -1.054634 1.618104 0.020039 -0.256016 0.192800 -0.193118 -0.090870 -0.264716 -0.241852 0.083585 -0.303723 -0.137457 0.075264 -0.137516 
0.971803 -1.193761 1.789179 -0.069784 -0.205477 0.085325 -0.154928 -0.117749 -0.249874 -0.208940 0.018752 -0.253867 -0.133012 0.123449 -0.216318 
0.944454 -1.206861 1.781284 -0.121440 -0.143112 0.000159 -0.086644 -0.142419 -0.271478 -0.199192 0.038797 -0.277296 -0.100995 0.080605 -0.163048 
0.918003 -1.130246 1.658193 -0.036813 -0.212240 0.017588 -0.126669 -0.074371 -0.324429 -0.162746 0.040630 -0.247456 -0.114495 0.112935 -0.178344 
1.014437 -1.215029 1.698238 -0.075293 -0.184323 -0.049184 -0.051822 -0.151545 -0.255135 -0.270408 0.166891 -0.352915 -0.039208 0.049017 -0.100392 
1.010445 -1.127680 1.606543 0.018196 -0.283909 -0.022535 -0.066775 -0.121587 -0.293653 -0.202736 0.127543 -0.311711 -0.057929 0.111152 -0.156088 
1.036924 -1.171386 1.599694 -0.031128 -0.166273 -0.180361 0.042690 -0.210491 -0.203312 -0.253522 0.127647 -0.279416 -0.047744 0.095054 -0.155856 
1.072593 -1.136756 1.500249 0.035829 -0.193622 -0.181830 -0.048316 -0.059757 -0.318033 -0.154554 0.058476 -0.183937 -0.080503 0.110581 -0.154718 
1.078276 -1.127163 1.460395 -0.013943 -0.150099 -0.207996 -0.043396 -0.029168 -0.346163 -0.140467 0.084780 -0.195637 -0.050682 0.061967 -0.066542 
1.082082 -1.131582 1.440008 -0.011164 -0.137396 -0.217193 -0.074552 -0.053928 -0.292243 -0.129098 0.051624 -0.180413 -0.023725 0.106973 -0.139651 
1.067863 -1.114083 1.408029 -0.003666 -0.125304 -0.242791 -0.093371 -0.020365 -0.288966 -0.149369 0.050887 -0.163326 -0.000129 0.065852 -0.106438 
1.156454 -1.179706 1.392133 0.011589 -0.091133 -0.284486 -0.099500 0.007676 -0.298531 -0.162025 0.035645 -0.133750 -0.009940 0.051952 -0.110226 
1.158448 -1.189589 1.399203 -0.016303 -0.066935 -0.312945 -0.081555 -0.019476 -0.264204 -0.210456 0.069156 -0.147983 -0.005374 0.062603 -0.138600 
1.107591 -1.122019 1.274568 0.070323 -0.135624 -0.218545 -0.170613 0.020568 -0.285481 -0.209270 0.072394 -0.171472 0.005004 0.081656 -0.182283 
1.313001 -1.291132 1.396811 -0.027463 -0.070784 -0.219774 -0.214864 0.026901 -0.280828 -0.195755 0.048943 -0.185288 0.029940 0.093513 -0.201902 
1.164727 -1.134176 1.225109 0.101305 -0.156318 -0.148326 -0.284766 0.039839 -0.246445 -0.205263 0.043364 -0.196146 0.067998 0.083200 -0.198535 
1.409912 -1.322269 1.384807 -0.006146 -0.047392 -0.234657 -0.272088 0.035768 -0.215268 -0.193346 0.020287 -0.175820 0.051940 0.167109 -0.318309 
1.347682 -1.253805 1.265155 0.020129 -0.090083 -0.151776 -0.345456 0.072704 -0.238447 -0.214136 0.055192 -0.215256 0.094949 0.112253 -0.253283 
1.570473 -1.373273 1.412115 -0.065183 -0.045337 -0.200355 -0.349108 0.061154 -0.185068 -0.173617 0.054611 -0.191208 0.075265 0.228279 -0.355919 
1.544546 -1.308941 1.304782 -0.085354 -0.039327 -0.166714 -0.370398 0.053517 -0.188004 -0.181034 0.066063 -0.222444 0.119938 0.168955 -0.308045 
1.539356 -1.276502 1.283126 -0.142949 -0.046906 -0.127660 -0.355830 0.027853 -0.205546 -0.143761 0.077033 -0.213102 0.088667 0.192058 -0.304262 
1.582036 -1.274632 1.233251 -0.154176 -0.068489 -0.109017 -0.352789 0.020713 -0.240013 -0.128197 0.113904 -0.245315 0.111893 0.168987 -0.261743 
1.557438 -1.222511 1.164334 -0.226753 -0.018119 -0.059636 -0.342727 -0.060368 -0.243446 -0.080747 0.092213 -0.243723 0.075073 0.206150 -0.266185 
1.607059 -1.219195 1.118980 -0.243595 -0.028427 -0.003158 -0.332066 -0.095708 -0.273635 -0.071218 0.119631 -0.256581 0.059732 0.202813 -0.253752 
1.639903 -1.215674 1.131765 -0.262431 0.017555 -0.018493 -0.339296 -0.122097 -0.270260 0.005467 0.110170 -0.287672 0.071048 0.226455 -0.263167 
1.682407 -1.221118 1.133973 -0.282535 0.068728 -0.049571 -0.331480 -0.146013 -0.267894 0.048436 0.110794 -0.311204 0.081139 0.230893 -0.258550 
1.648288 -1.176119 1.038519 -0.248389 0.075388 -0.027097 -0.344237 -0.151722 -0.267398 0.019307 0.113656 -0.325358 0.087526 0.201539 -0.227455 
1.697626 -1.164020 1.055636 -0.256427 0.124776 -0.045440 -0.333208 -0.165538 -0.285756 0.098391 0.091276 -0.337613 0.077676 0.209104 -0.228095 
1.694881 -1.082433 0.986208 -0.250247 0.180827 -0.060860 -0.305269 -0.192237 -0.306148 0.127713 0.051847 -0.331637 0.072789 0.174961 -0.212788 
1.614205 -0.946894 0.829813 -0.208691 0.225477 -0.078739 -0.273100 -0.199289 -0.317186 0.107441 -0.009271 -0.322934 0.099316 0.097275 -0.173682 
1.688671 -0.936460 0.827426 -0.217357 0.325584 -0.127920 -0.250057 -0.223408 -0.326018 0.145493 -0.035714 -0.332169 0.062721 0.123218 -0.192558 
1.429525 -0.750025 0.620055 -0.072117 0.310100 -0.088957 -0.249548 -0.236670 -0.323767 0.111585 -0.087024 -0.316010 0.037390 0.089965 -0.171917 
1.418401 -0.829882 0.784141 -0.101710 0.310032 -0.121036 -0.234525 -0.249292 -0.262588 0.120546 -0.112364 -0.308180 0.053536 0.073637 -0.129237 
1.419842 -0.904996 0.944378 -0.163433 0.279459 -0.201763 -0.242060 -0.178287 -0.202777 0.150966 -0.119051 -0.256563 0.087872 0.132288 -0.123657 
1.448929 -0.988029 0.966257 -0.215335 0.239943 -0.253279 -0.311369 -0.064177 -0.139178 0.151566 -0.090026 -0.189963 0.116850 0.184593 -0.155417 
1.499808 -1.148571 0.918595 -0.305435 0.201307 -0.318486 -0.388270 0.031624 -0.135174 0.186308 -0.044642 -0.196040 0.219186 0.155418 -0.134461 
1.600999 -1.375865 0.816688 -0.364628 0.194147 -0.359744 -0.361543 0.089957 -0.158201 0.255200 -0.024852 -0.188436 0.224811 0.169208 -0.199605 
1.570621 -1.421673 0.608754 -0.349104 0.127280 -0.310943 -0.264121 0.132450 -0.078902 0.331016 -0.044679 -0.210529 0.214254 0.091236 -0.229236 
1.689099 -1.540883 0.523346 -0.431051 0.085919 -0.295932 -0.204645 0.134058 -0.034475 0.363193 -0.042106 -0.219692 0.185668 0.027887 -0.166766 
1.523266 -1.460441 0.420279 -0.526737 0.072288 -0.302210 -0.144002 0.053146 0.091178 0.335929 -0.018173 -0.204792 0.093255 0.090930 -0.222769 
1.479791 -1.440722 0.361170 -0.566766 0.094773 -0.334158 -0.110379 0.059439 0.095948 0.317699 0.031874 -0.231877 0.074613 0.086994 -0.182088 
1.438748 -1.380939 0.360681 -0.565668 0.092312 -0.333347 -0.113527 0.051570 0.124633 0.343467 -0.013655 -0.237070 0.081447 0.091464 -0.201155 
1.442020 -1.323914 0.364678 -0.524353 0.108061 -0.332472 -0.120235 0.071606 0.089752 0.406043 -0.092029 -0.229894 0.105860 0.079891 -0.215105 
1.709921 -1.410766 0.409730 -0.528223 0.141569 -0.338045 -0.120254 0.059828 0.073008 0.419031 -0.182450 -0.170901 0.142450 0.043340 -0.158321 
1.739381 -1.228205 0.317390 -0.282681 0.053989 -0.288564 -0.142459 -0.005529 0.131465 0.323055 -0.158156 -0.084459 0.061144 0.081485 -0.085075 
1.775338 -0.845532 0.242319 -0.221643 0.149559 -0.298946 -0.164740 -0.111719 0.222192 0.121492 -0.279060 0.153634 0.081906 -0.018783 -0.045418 
1.494870 -0.589662 0.257135 -0.110659 0.312625 -0.315276 -0.089101 -0.111294 0.227671 0.084285 -0.271612 0.105136 -0.038816 0.163067 -0.146364 
0.594586 -0.714150 0.413767 -0.128127 0.084827 -0.090149 0.057935 -0.116637 0.234019 -0.011862 -0.113426 0.079915 -0.096639 0.138853 -0.091443 
0.389134 -0.749979 0.339002 -0.050746 0.063958 -0.009611 0.032256 -0.145757 0.220419 0.000286 -0.101623 0.001068 -0.007684 0.130247 -0.152358 
-0.057149 -0.919444 0.013234 -0.276301 -0.030508 -0.009206 -0.031502 -0.000950 0.211143 0.028874 -0.172944 0.087589 -0.137879 0.158189 -0.139184 
0.069171 -0.933847 -0.016892 -0.046265 0.066092 -0.259158 -0.068976 0.001235 0.104266 0.130838 -0.037692 -0.066217 -0.023102 0.103730 -0.085225 
0.050400 -0.906772 0.073585 -0.094539 0.131369 -0.127493 -0.068659 -0.023636 0.160054 -0.051895 -0.086702 0.124455 -0.084020 0.080987 -0.126175 
0.112418 -0.854127 0.313485 -0.181960 0.171859 -0.148496 0.026530 -0.153977 0.099395 0.108335 -0.155401 0.093828 -0.070865 0.092332 -0.091389 
0.416354 -0.868560 0.283918 -0.353427 0.030936 -0.407682 -0.072405 -0.089327 0.176329 0.154254 -0.107328 0.225590 -0.081578 0.037148 -0.069934 
0.987519 -0.767637 0.296212 -0.325716 0.088205 -0.354860 -0.152062 -0.105345 0.177048 0.170430 -0.232031 0.183680 -0.003032 0.131079 -0.175423 
0.947631 -0.817052 0.146876 -0.319375 0.238328 -0.159081 0.121661 -0.082964 0.304848 0.111359 -0.472498 0.162539 0.022216 0.051712 -0.084113 
1.741310 -0.771057 -0.132396 -0.224155 -0.022658 -0.294902 0.090158 -0.075490 0.196437 0.207010 -0.334094 0.084305 -0.012732 0.068210 -0.082322 
1.903748 -1.430554 0.141504 -0.326610 0.118628 -0.235624 0.032097 0.012539 0.136236 0.260349 -0.216974 -0.132049 0.060637 0.095476 -0.185039 
1.520693 -1.418715 0.160514 -0.473863 0.111791 -0.270407 -0.051568 0.101668 0.066670 0.310956 -0.115930 -0.217022 0.104444 0.074274 -0.191705 
1.644142 -1.549687 0.261944 -0.393984 0.111239 -0.318966 -0.046067 0.129723 0.042362 0.298757 -0.095653 -0.217038 0.092072 0.101979 -0.233039 
1.677325 -1.553976 0.337403 -0.283113 0.094562 -0.387020 -0.050191 0.165473 0.007356 0.252474 -0.070004 -0.187764 0.128924 0.069338 -0.222140 
1.655198 -1.486443 0.417050 -0.194569 0.126856 -0.447546 -0.081785 0.183467 -0.016550 0.205505 -0.085404 -0.110325 0.111587 0.109417 -0.219835 
1.502558 -1.299123 0.636373 -0.209748 0.112068 -0.371339 -0.158173 0.083297 0.064267 0.124661 -0.185326 0.070184 0.160652 -0.071811 -0.091869 
1.244680 -0.991409 0.862056 -0.064928 -0.041997 -0.308502 -0.037719 -0.125397 0.081080 0.175360 -0.310516 0.109769 0.181805 -0.032624 -0.169228 
0.973044 -0.309310 0.753386 0.145642 0.120759 -0.219339 -0.050385 -0.240828 -0.026744 0.094437 -0.324571 -0.037802 0.070350 0.018502 -0.148725 
0.600361 -0.205347 0.302641 0.204759 0.104179 0.058396 -0.208047 -0.070763 0.236633 0.079746 -0.083849 -0.125940 0.081892 0.203418 -0.252083 
0.472807 -0.247335 0.107911 0.043219 -0.047711 -0.035608 -0.292006 -0.081397 0.114265 0.082170 0.058537 -0.151597 -0.003478 0.261188 -0.194709 
0.133669 -0.513257 -0.143179 0.021781 0.026117 0.088766 -0.065420 -0.064041 0.145065 0.019540 0.031178 -0.151076 -0.049632 0.242779 -0.146884 
0.052885 -0.392890 -0.011182 0.039224 -0.079676 -0.053102 -0.081745 0.058984 0.197525 0.004980 0.010984 -0.206419 0.035814 0.244245 -0.280216 
-0.092672 -0.519447 -0.139912 -0.005444 -0.006511 -0.113248 -0.103376 0.070206 0.246069 -0.053374 -0.059337 -0.123310 0.069410 0.139176 -0.215368 
-0.769774 -1.232545 0.552956 -1.000544 0.468175 0.152256 -0.044316 -0.054058 -0.018897 0.108862 -0.086039 -0.016383 0.004135 0.038482 -0.015123 
-0.453548 -0.611556 0.409403 -0.715989 0.286060 -0.048447 -0.113899 0.044315 -0.014471 0.052394 0.072506 -0.073688 -0.016205 0.042498 -0.048191 
-0.515861 -0.665615 0.675356 -0.475791 0.223211 -0.282297 -0.137455 0.096843 -0.068094 0.107099 -0.012620 -0.024870 0.014281 0.092940 -0.112768 
-0.110061 -0.318260 0.720948 -0.572653 0.367047 -0.283991 -0.137483 0.021391 -0.064277 -0.030402 0.046678 0.037801 -0.122549 0.190419 -0.135758 
-0.534504 -0.466708 0.474667 -0.490695 0.392740 -0.246559 -0.295935 0.084940 0.075633 0.018042 0.012058 -0.044089 -0.061565 0.256566 -0.244568 
-0.077529 -0.162455 0.467004 -0.305819 0.513631 0.054817 -0.226541 0.132929 0.177519 -0.077946 0.031052 0.010581 -0.080563 0.224761 -0.219057 
0.487240 -0.033187 1.076509 -0.057154 0.181802 -0.057982 -0.151786 0.047135 -0.260108 -0.174035 0.003436 -0.211030 -0.144942 0.081287 -0.221819 
0.369327 -0.122747 1.471608 -0.286165 0.098884 0.147641 -0.165571 0.096629 -0.270535 -0.252139 0.165411 -0.312089 -0.202321 0.144747 -0.219742 
0.455105 -0.294977 1.340608 -0.226690 0.122107 0.241684 -0.233168 0.109798 -0.269695 -0.250244 0.168165 -0.274322 -0.243292 0.182972 -0.263598 
0.475304 -0.267978 1.381092 -0.221723 0.052804 0.230156 -0.206882 0.086370 -0.258970 -0.251920 0.160009 -0.275011 -0.242783 0.205886 -0.274370 
0.555976 -0.270109 1.414551 -0.129996 -0.102571 0.235612 -0.254337 0.084939 -0.234333 -0.302327 0.150403 -0.229752 -0.286950 0.240857 -0.278300 
0.453362 -0.254871 1.379320 -0.230734 -0.031045 0.185295 -0.263931 0.074291 -0.263743 -0.299635 0.127335 -0.208458 -0.277747 0.186238 -0.199758 
0.502076 -0.375074 1.361313 -0.251572 -0.017300 0.219745 -0.281643 0.021628 -0.260364 -0.328720 0.137029 -0.215249 -0.310726 0.226468 -0.217406 
0.348346 -0.352868 1.301156 -0.165692 0.020323 0.198283 -0.320313 0.036661 -0.275037 -0.325139 0.133477 -0.245957 -0.291846 0.174974 -0.177904 
0.325967 -0.313025 1.307948 -0.207502 0.065511 0.203612 -0.353265 0.056496 -0.277219 -0.311582 0.097057 -0.223447 -0.301696 0.184429 -0.221719 
0.335174 -0.235947 1.364419 -0.215198 0.011997 0.207289 -0.323945 0.085445 -0.247457 -0.351129 0.134021 -0.205774 -0.318425 0.187877 -0.188311 
0.101800 -0.186168 1.398676 -0.164941 0.005813 0.107552 -0.306172 0.112003 -0.271645 -0.357923 0.150632 -0.191715 -0.340217 0.210678 -0.163789 
-0.313450 -0.134659 1.159619 -0.109704 0.178951 0.059295 -0.236883 0.159758 -0.209377 -0.129339 0.120297 -0.201877 -0.142379 0.224553 -0.260769 
0.289491 0.128474 0.740732 0.169987 0.183052 0.161974 -0.404589 -0.023307 0.000283 -0.308298 0.002276 -0.208099 -0.213126 0.169907 -0.235313 
