city012_016
TAKAO
71
-0.209028 -0.059095 0.221196 0.103904 0.002239 0.123512 -0.054722 0.044797 0.143877 -0.188969 0.085995 0.053379 -0.047316 -0.019605 0.010947 
0.583650 -0.790318 -0.264596 -0.119688 -0.073488 -0.009334 0.108825 -0.003042 0.030272 -0.180894 0.156206 0.010392 -0.052356 0.039020 -0.068457 
0.840434 -1.090110 0.037260 -0.207931 0.269010 -0.128793 0.041499 0.032314 0.102865 -0.184474 -0.009575 0.103230 -0.028901 0.032807 -0.046217 
0.746740 -0.482468 0.441071 -0.167290 0.188601 0.013518 0.008605 0.019645 0.266943 -0.036121 -0.234782 0.158994 0.098465 -0.135258 0.054330 
0.508185 -0.925033 0.350252 -0.528814 0.189767 -0.092799 0.120205 -0.028840 0.166653 0.134841 -0.345209 0.047861 0.114584 -0.115616 0.076663 
0.467473 -1.283692 0.112613 -0.519116 0.079016 0.104674 0.124271 0.033693 0.172231 0.002804 -0.423941 0.036072 0.191361 -0.007078 0.061593 
0.588293 -1.163155 0.384611 -0.391874 0.064471 -0.138548 0.121172 0.075736 0.064249 0.094113 -0.232868 -0.043886 0.188145 -0.101480 -0.056956 
1.505142 -0.988211 0.042969 -0.542713 0.025940 0.042531 0.036564 -0.070360 0.084234 0.141509 -0.198903 -0.114833 0.247674 -0.082525 -0.033881 
1.485578 -1.532596 0.182759 -0.731469 0.177175 0.065876 0.079820 0.037252 0.001801 0.176747 -0.089203 -0.244551 0.078321 0.034347 -0.023113 
1.170854 -1.565482 0.228488 -0.822435 0.238167 0.045141 0.132461 0.013674 -0.010137 0.214179 -0.079456 -0.306762 0.031218 0.121412 -0.036046 
1.152122 -1.495325 0.224643 -0.800014 0.214613 0.001367 0.045772 0.000989 0.025971 0.271161 -0.016720 -0.313458 -0.016788 0.089141 -0.055041 
1.166385 -1.440014 0.294424 -0.757306 0.219527 -0.166100 0.011258 -0.032601 0.117466 0.306788 0.064259 -0.349436 -0.052841 0.101208 -0.065235 
1.194921 -1.385368 0.364391 -0.630660 0.178974 -0.298406 -0.087376 0.026411 0.105023 0.363826 0.036252 -0.313605 0.024646 0.111928 -0.113857 
1.500554 -1.446703 0.464436 -0.322121 0.162232 -0.417983 -0.117943 0.031417 0.015823 0.390824 -0.069355 -0.224171 0.165318 0.063704 -0.120310 
1.375958 -1.229973 0.542902 -0.165354 0.237354 -0.398495 -0.354145 -0.109677 -0.020232 0.156869 -0.018109 -0.175781 0.175812 0.234858 -0.147592 
1.242881 -0.534362 0.157095 0.077580 0.088986 -0.185163 -0.208238 -0.040137 0.128886 -0.051444 0.023462 -0.203548 0.074138 0.237414 -0.236918 
0.841531 -0.280148 0.095500 0.165726 -0.068782 -0.027407 -0.019503 -0.055625 0.035511 0.074365 0.034845 -0.197681 0.149760 0.034980 -0.163449 
0.520389 -0.640819 -0.189548 0.083835 -0.241911 -0.012924 -0.072520 -0.064787 0.189199 0.156897 -0.002908 -0.215302 0.048200 0.054071 -0.037460 
0.301877 -0.749540 -0.426191 -0.063749 -0.219114 0.000734 0.074294 -0.098190 0.275292 0.230065 -0.105853 -0.303140 -0.057873 0.160860 -0.047843 
0.161746 -0.781864 -0.205316 -0.164757 -0.114218 -0.103872 -0.078028 -0.093601 0.250625 0.238077 0.020020 -0.260375 0.000329 0.070349 -0.050797 
0.168163 -0.596492 -0.286508 -0.061084 -0.157731 0.025934 -0.062778 -0.240392 0.255806 0.216802 0.029967 -0.200202 -0.056248 0.089371 0.026597 
0.230342 -0.548224 -0.219641 0.030574 -0.114358 -0.020682 -0.090553 -0.148948 0.232855 0.061994 0.032352 -0.117833 -0.024313 0.059837 0.018628 
0.032097 -0.597007 -0.032000 0.032758 -0.395003 0.064014 0.187884 -0.087383 0.138663 0.015534 -0.054229 -0.087550 0.012801 0.071049 -0.097731 
0.392851 -1.337775 -0.151114 0.165974 0.345198 -0.380299 -0.252131 0.068780 0.186600 0.026212 -0.015648 -0.112368 0.065034 0.075883 -0.086190 
0.741778 -1.487979 -0.102149 -0.020471 0.455785 -0.426562 -0.260701 0.091164 0.252021 -0.042612 -0.021202 -0.045892 0.042046 0.039536 -0.048967 
1.098465 -1.088886 0.152880 -0.073040 0.126103 -0.413930 -0.142169 -0.034907 -0.052509 0.111907 0.070545 -0.074959 0.114521 0.097504 -0.111935 
1.418492 -1.405470 0.385622 -0.269736 0.031542 -0.491866 -0.249921 0.141139 -0.038388 0.267561 0.110643 -0.164530 0.201221 0.107860 -0.178192 
1.370237 -1.562700 0.302974 -0.497234 0.158260 -0.435602 -0.123463 0.121139 0.044156 0.291333 0.135100 -0.207977 -0.026647 0.127150 -0.131790 
1.331902 -1.357278 0.202466 -0.576968 0.150870 -0.355148 -0.095851 0.148616 0.097197 0.225133 0.177148 -0.216559 -0.159074 0.100821 -0.052983 
1.364453 -1.363644 0.316255 -0.697787 0.154031 -0.327729 -0.051469 0.047006 0.126014 0.268561 0.197718 -0.227048 -0.173920 0.088989 -0.042106 
1.363098 -1.424507 0.258876 -0.722756 0.140940 -0.220521 -0.021787 0.010267 0.048064 0.332751 0.169019 -0.250229 -0.166722 0.106551 -0.072647 
1.289958 -1.387001 0.192659 -0.750491 0.158509 -0.173692 0.046179 -0.017877 0.049664 0.297729 0.200109 -0.316192 -0.162636 0.088281 -0.060452 
1.327707 -1.461901 0.189176 -0.787190 0.161717 -0.143027 0.073199 -0.012621 0.030703 0.292322 0.169794 -0.308869 -0.143715 0.075707 -0.080218 
1.396472 -1.453583 0.169438 -0.861930 0.202991 -0.104800 0.093737 -0.042338 0.021664 0.291348 0.162568 -0.331269 -0.103833 0.059539 -0.101997 
1.343802 -1.438590 0.153876 -0.822286 0.129632 -0.054508 0.081044 -0.013982 0.041395 0.311574 0.120146 -0.342662 -0.131283 0.067933 -0.120528 
1.407148 -1.369714 0.113151 -0.785944 0.085230 -0.035765 0.079608 -0.051541 0.085701 0.297929 0.136786 -0.350627 -0.120317 0.047375 -0.131283 
1.443071 -1.392777 0.120167 -0.795095 0.063469 -0.003305 0.047126 -0.076700 0.080606 0.320554 0.143569 -0.302599 -0.128068 0.007261 -0.131794 
1.473822 -1.321719 0.033861 -0.768756 0.006037 0.058662 -0.000158 -0.058371 0.026828 0.352933 0.185603 -0.305977 -0.105278 -0.030314 -0.176277 
1.472316 -1.232713 0.039061 -0.804675 0.025484 0.032197 0.035564 -0.114352 0.018610 0.312370 0.261931 -0.270962 -0.088558 -0.072218 -0.205725 
1.515007 -1.290245 0.084425 -0.813503 -0.014793 0.095850 -0.019678 -0.084005 0.003988 0.322272 0.235590 -0.252945 -0.062715 -0.103129 -0.195777 
1.587859 -1.262614 0.121588 -0.874923 -0.027996 0.151622 -0.061103 -0.057696 -0.029359 0.303279 0.235396 -0.214065 -0.037282 -0.109597 -0.232235 
1.625668 -1.218110 0.107039 -0.879043 -0.046668 0.145542 -0.053997 -0.056879 -0.030481 0.242458 0.303551 -0.222719 0.014437 -0.127123 -0.291380 
1.584978 -1.121437 0.172009 -0.949405 -0.078589 0.202704 -0.071373 -0.040726 -0.102685 0.285060 0.267686 -0.167901 0.047992 -0.158824 -0.320389 
1.611742 -1.067279 0.112196 -0.916914 -0.092477 0.169854 -0.045699 -0.085313 -0.089625 0.229103 0.257553 -0.101050 0.113971 -0.151558 -0.325542 
1.642243 -1.042787 0.166791 -0.981363 -0.084114 0.177329 -0.043195 -0.083187 -0.119348 0.152307 0.278841 -0.075654 0.196852 -0.126444 -0.350464 
1.721545 -1.045775 0.195299 -0.991635 -0.092827 0.169596 -0.062657 -0.070587 -0.132433 0.113392 0.253314 -0.060235 0.297757 -0.135418 -0.318917 
1.674779 -0.939999 0.217302 -0.966737 -0.160256 0.154164 -0.028933 -0.067181 -0.170924 0.066544 0.234214 -0.015158 0.316735 -0.047334 -0.295801 
1.704948 -0.870589 0.219822 -0.972743 -0.182257 0.181385 -0.112021 -0.022833 -0.192661 0.005302 0.255665 -0.068703 0.389024 0.039503 -0.302098 
1.769602 -0.797737 0.329129 -1.039149 -0.193792 0.154859 -0.079022 -0.016097 -0.178875 -0.035323 0.227221 -0.066685 0.373780 0.087788 -0.273488 
1.729153 -0.565614 0.319495 -1.065930 -0.254301 0.179614 -0.091711 -0.002448 -0.148311 -0.036651 0.178745 -0.069650 0.354440 0.115843 -0.246532 
1.744267 -0.443414 0.368560 -1.045997 -0.305027 0.092082 -0.026851 0.015485 -0.184060 -0.012280 0.153588 -0.099208 0.349829 0.174075 -0.219355 
1.796458 -0.476951 0.390386 -1.052430 -0.367582 0.173390 -0.115135 0.031818 -0.073251 -0.124212 0.175512 -0.135163 0.315068 0.210028 -0.203709 
1.792866 -0.399951 0.452132 -1.105853 -0.338225 0.139611 -0.077119 0.035372 -0.100816 -0.088519 0.137725 -0.145949 0.336128 0.190870 -0.203816 
1.669545 -0.297055 0.450353 -1.086560 -0.356765 0.094257 -0.070345 0.064844 -0.112023 -0.054365 0.097210 -0.168765 0.324906 0.174334 -0.151812 
1.705228 -0.339439 0.419060 -1.020962 -0.365233 0.013851 -0.012221 0.051978 -0.115082 -0.088738 0.157271 -0.271381 0.353582 0.195994 -0.152919 
1.631004 -0.258393 0.404784 -1.012626 -0.317099 0.015792 -0.058994 0.047089 -0.069246 -0.118454 0.132818 -0.180097 0.275762 0.166965 -0.103390 
1.605502 -0.293624 0.387003 -0.917033 -0.381905 -0.018216 -0.069270 0.099683 -0.140413 -0.046991 0.142885 -0.258461 0.291652 0.192204 -0.165415 
1.544739 -0.262420 0.420307 -0.999729 -0.355808 0.002209 -0.033360 0.081164 -0.124304 -0.040275 0.134883 -0.226608 0.287384 0.174721 -0.142989 
1.627160 -0.298677 0.434227 -0.961997 -0.436329 0.013782 -0.055891 0.086183 -0.113961 -0.072548 0.152450 -0.251433 0.266734 0.246075 -0.184886 
1.645423 -0.256151 0.388160 -0.932596 -0.455114 0.043933 -0.072585 0.081195 -0.110186 -0.080857 0.164741 -0.265174 0.279134 0.242805 -0.192327 
1.652270 -0.232200 0.311023 -0.937469 -0.471930 0.048996 -0.083829 0.124102 -0.137667 -0.052187 0.169471 -0.256683 0.281126 0.261828 -0.212583 
1.602524 -0.196444 0.297436 -0.949680 -0.476612 0.013747 -0.021293 0.071482 -0.096261 -0.076549 0.178313 -0.261409 0.313745 0.236562 -0.163075 
1.639448 -0.218616 0.158529 -0.899063 -0.503081 0.028264 -0.056178 0.116714 -0.119188 -0.049953 0.196513 -0.252279 0.325187 0.243940 -0.175101 
1.649563 -0.221813 0.156341 -0.923783 -0.537287 0.034544 -0.060229 0.143918 -0.127715 -0.062901 0.212412 -0.255133 0.329507 0.293673 -0.187190 
1.576783 -0.119164 0.128808 -0.890521 -0.609748 0.070955 -0.029264 0.137278 -0.120447 -0.056520 0.201604 -0.215473 0.284907 0.326899 -0.193758 
1.556885 0.203884 -0.052166 -0.730040 -0.599429 0.068672 0.027881 0.072512 -0.062715 -0.121255 0.188553 -0.162510 0.215299 0.295259 -0.145327 
1.468988 0.152763 0.094962 -0.852984 -0.623129 0.058129 -0.013208 0.096227 -0.126509 -0.067184 0.201692 -0.204361 0.288442 0.336603 -0.168905 
1.203008 0.288682 -0.023898 -0.690154 -0.404225 0.062240 0.001686 0.004773 -0.041398 -0.127960 0.113972 -0.099864 0.182695 0.136428 -0.053775 
1.172092 0.305778 0.019919 -0.676864 -0.482927 -0.064482 0.023593 -0.074726 -0.079597 -0.073321 0.117579 -0.131935 0.281148 0.166710 -0.061882 
0.376645 0.228409 0.095430 -0.598099 -0.302534 -0.028791 -0.115367 -0.082733 -0.097118 -0.036513 0.159673 0.016473 0.153247 0.127543 -0.127396 
0.184070 -0.051672 -0.089961 -0.077460 -0.112236 0.105131 -0.090940 -0.095252 -0.019777 -0.076344 0.217330 -0.102222 -0.016338 0.065561 -0.083093 
