city012_069
KYUUSHUU
83
0.103052 -0.121464 0.076151 0.014641 -0.042573 -0.010174 -0.171589 -0.045733 0.203106 -0.062242 0.020259 -0.026616 -0.053062 0.185073 -0.186596 
0.597682 -0.708248 0.667310 -0.297858 -0.057268 -0.030140 -0.110454 -0.198744 0.093103 0.032491 -0.086897 0.127046 -0.080775 0.081932 -0.052590 
0.690626 -0.518686 0.795345 -0.442081 -0.164722 0.116575 -0.057130 -0.387856 0.156245 0.032728 -0.105887 0.093259 0.024267 -0.006198 -0.040080 
0.529821 -0.608440 0.754912 -0.535038 -0.259882 0.075277 0.009549 -0.261093 0.115878 0.024228 -0.008192 0.042722 0.017718 0.035888 -0.079099 
0.043907 -0.991683 0.792979 -0.168175 -0.060985 -0.076468 0.118857 -0.179326 0.008630 0.123694 -0.086732 -0.013958 0.052480 -0.007215 -0.043141 
0.182484 -0.639871 1.042796 -0.247757 -0.202417 -0.071813 0.168346 -0.156826 -0.025384 0.052638 -0.000704 -0.036664 0.039613 0.015313 -0.060717 
0.436719 -0.754902 1.114287 -0.092284 -0.080384 -0.164574 0.058824 -0.204784 0.008060 0.030682 -0.107899 -0.037677 0.127589 -0.052269 -0.069521 
0.577704 -0.434359 1.302709 -0.183414 -0.095328 -0.060380 0.095495 -0.254802 -0.025441 0.058300 -0.117683 -0.037937 0.017002 0.075737 -0.174976 
0.976934 -0.363631 1.274684 0.057836 -0.177315 -0.188821 0.013498 -0.202099 -0.005870 -0.075038 -0.029558 0.019866 0.040493 0.096707 -0.160957 
0.935573 -0.478589 1.133375 0.052521 -0.236902 -0.082639 0.118282 -0.116503 -0.108282 -0.009784 -0.009981 -0.045226 -0.008549 0.007588 -0.051378 
0.804066 -0.404984 1.109969 0.291314 -0.177516 -0.089883 0.258819 -0.118912 -0.101304 -0.077048 0.131987 -0.147650 -0.082437 0.117847 -0.128049 
1.127507 -0.906145 1.351850 0.256555 -0.246449 -0.039110 0.056715 0.034245 -0.268255 -0.181321 0.199725 -0.260951 -0.119156 0.157817 -0.201923 
1.105569 -1.239577 1.524961 0.056067 -0.185673 -0.259184 -0.047817 0.008506 -0.432127 -0.154835 0.128348 -0.219262 -0.142520 0.212435 -0.179268 
1.065953 -1.159430 1.589940 0.039323 -0.218024 -0.308532 -0.024817 0.001590 -0.441386 -0.150737 0.113097 -0.185550 -0.132791 0.203793 -0.151022 
1.250494 -1.315272 1.535637 0.091326 -0.293225 -0.238994 -0.096191 0.032935 -0.405882 -0.248796 0.208017 -0.208696 -0.145768 0.242187 -0.199906 
1.203019 -1.295854 1.477544 0.093258 -0.271429 -0.268471 -0.084315 0.040381 -0.434919 -0.215646 0.197161 -0.208514 -0.129301 0.228498 -0.200205 
1.310536 -1.346324 1.484987 0.072278 -0.253521 -0.276853 -0.099388 0.027933 -0.408966 -0.247324 0.206351 -0.206957 -0.122243 0.226273 -0.197161 
1.331375 -1.303394 1.395431 0.097922 -0.247505 -0.246772 -0.152159 0.045256 -0.402530 -0.289566 0.216808 -0.211602 -0.129137 0.230640 -0.203588 
1.348547 -1.292370 1.398521 0.099922 -0.241424 -0.243801 -0.189079 0.053109 -0.388290 -0.305465 0.199966 -0.216047 -0.093791 0.204851 -0.193499 
1.410757 -1.293176 1.446545 0.083740 -0.166319 -0.290897 -0.234019 0.088219 -0.363529 -0.308869 0.140899 -0.175518 -0.078851 0.205396 -0.249527 
1.483727 -1.325096 1.357667 0.066668 -0.089440 -0.257916 -0.293168 0.082106 -0.331749 -0.304238 0.103146 -0.214573 -0.011384 0.157733 -0.244278 
1.432547 -1.266982 1.222713 0.092849 -0.017498 -0.247612 -0.306928 0.038564 -0.297030 -0.268792 0.044533 -0.231070 -0.007942 0.215744 -0.356700 
1.436471 -1.239272 1.127040 0.131225 0.002062 -0.164976 -0.380659 0.059554 -0.283510 -0.281511 0.062640 -0.294603 0.024704 0.181303 -0.316759 
1.448844 -1.166809 1.052716 0.111533 0.067228 -0.153427 -0.371162 0.054692 -0.264225 -0.278500 0.016238 -0.265730 0.015944 0.168883 -0.368952 
1.500876 -1.194854 1.108984 0.114510 0.119251 -0.224626 -0.350826 0.076485 -0.256053 -0.236401 -0.025861 -0.301942 0.090701 0.136188 -0.391663 
1.564174 -1.238463 1.163982 0.130096 0.140551 -0.221396 -0.379510 0.088036 -0.200799 -0.214984 -0.062459 -0.283251 0.076084 0.179736 -0.428019 
1.559678 -1.227941 1.176879 0.075387 0.130793 -0.214300 -0.298373 0.089498 -0.254776 -0.205738 -0.002179 -0.296041 0.089651 0.106502 -0.354833 
1.489219 -1.227581 1.276711 0.069162 0.085459 -0.240695 -0.310659 0.151435 -0.239057 -0.186658 -0.017400 -0.237331 0.124761 0.085553 -0.356633 
1.327967 -1.182361 1.357997 0.018423 0.021360 -0.243162 -0.281989 0.165082 -0.302884 -0.169910 0.011690 -0.214705 0.111535 0.059072 -0.299688 
1.279783 -1.148960 1.494523 0.002008 -0.021085 -0.316905 -0.215897 0.136984 -0.318392 -0.179732 -0.002746 -0.135622 0.071523 0.057202 -0.285864 
1.145164 -1.059652 1.518113 0.000455 -0.050150 -0.401324 -0.081695 0.039618 -0.342392 -0.158293 -0.005030 -0.136230 0.089157 -0.022465 -0.180724 
1.008911 -0.737282 1.229874 0.002724 -0.067415 -0.403440 -0.021429 -0.004493 -0.380733 -0.092971 -0.030811 -0.108337 0.065704 -0.056362 -0.099895 
0.887443 -0.409544 1.259789 -0.078870 0.036985 -0.228190 0.001205 0.108595 -0.241126 -0.054389 0.008379 -0.008031 -0.035968 -0.054268 -0.039978 
0.393639 -0.544507 1.271216 -0.122815 0.091177 -0.279060 0.230969 0.074759 -0.213341 0.092066 -0.029745 0.039090 -0.006164 -0.084151 0.007733 
0.086382 -0.595680 0.967613 -0.501199 0.170096 -0.169232 0.296502 0.302446 -0.206189 0.148424 -0.039467 0.013928 0.005960 -0.047990 0.039458 
-0.026833 -0.639922 1.139571 -0.593829 0.168596 -0.180360 0.193135 0.159909 -0.054159 0.079593 -0.051629 0.036955 0.041592 -0.128286 0.071155 
-0.100665 -0.399756 0.989464 -0.654439 0.381678 0.008005 0.109368 0.098531 0.038708 0.114183 -0.093643 -0.002114 0.163530 -0.090246 -0.038672 
-0.478796 -0.853655 0.816692 -0.710010 0.379298 -0.085729 -0.020056 0.120182 -0.117014 0.066651 -0.079812 0.067865 0.014149 -0.066609 0.033544 
-0.578223 -0.849277 0.935215 -0.571465 0.394827 -0.111342 0.191922 0.072366 -0.172316 0.072288 -0.005131 0.002991 0.106282 -0.167716 0.118944 
-0.483871 -0.635364 1.130108 -0.620830 0.240100 -0.017448 0.121575 0.084320 -0.136886 0.131648 -0.064588 0.002563 0.081951 -0.086285 0.035571 
-0.518870 -0.778128 0.965981 -0.748019 0.245404 -0.172379 0.022069 0.228092 -0.129349 0.055780 -0.065826 0.005859 0.085190 -0.096167 -0.020313 
-0.539174 -1.054927 0.871477 -0.668411 0.385505 -0.047364 0.088672 0.091082 -0.184660 0.078975 -0.053959 0.031924 0.074327 -0.040720 -0.099481 
-0.449686 -0.672036 1.048029 -0.595947 0.365102 -0.080515 0.146386 0.151460 -0.088677 0.019634 0.009987 0.005257 0.073081 -0.066147 -0.018479 
-0.342886 -0.544991 1.312243 -0.347157 0.347890 -0.170782 0.017321 0.123992 -0.107683 0.059079 -0.066636 0.015408 0.074155 -0.116326 0.039618 
-0.227436 -0.625762 0.992319 -0.735667 0.176779 -0.292114 -0.150164 -0.059433 -0.021048 0.163489 -0.088278 0.045879 0.116265 -0.031488 -0.024457 
-0.310880 -0.769235 1.093235 -0.605789 0.163415 -0.273383 0.203117 0.096795 -0.061856 0.041661 -0.075376 0.087551 0.001283 -0.109467 0.013404 
-0.031011 -0.649417 1.093108 -0.599131 0.094449 -0.247146 -0.001221 0.075248 -0.142489 0.131063 -0.040895 -0.029824 0.129165 -0.082580 -0.059325 
-0.066282 -0.418092 1.237821 -0.477548 0.210677 -0.150986 -0.120280 -0.007916 -0.000227 -0.032736 -0.090642 0.019598 0.108578 -0.117925 -0.010295 
0.012588 -0.598731 1.043959 -0.607324 0.144025 -0.203586 -0.072247 -0.051305 -0.074369 0.098618 -0.059453 -0.041373 0.182450 -0.092741 -0.022007 
-0.029477 -0.589812 1.406163 -0.477741 -0.058519 -0.129096 0.155439 -0.006234 -0.092159 0.114315 -0.002702 -0.015422 0.050237 -0.038676 -0.025369 
0.605974 -0.462750 1.386771 -0.067417 -0.104825 -0.105182 0.019141 -0.034355 -0.272260 -0.041678 -0.007462 -0.127605 -0.043677 0.019040 -0.096374 
0.951657 -0.876279 1.396845 -0.000306 -0.199956 -0.009729 -0.099937 -0.038505 -0.286901 -0.191102 0.056449 -0.198953 -0.075405 0.061838 -0.227510 
0.991912 -0.906764 1.428577 0.058026 -0.246291 -0.043369 -0.101590 -0.024981 -0.280605 -0.219842 0.091392 -0.214839 -0.067767 0.070930 -0.210830 
1.023337 -0.943286 1.416969 0.038731 -0.256487 -0.076988 -0.099347 -0.028389 -0.322204 -0.207277 0.102420 -0.207401 -0.102195 0.134101 -0.237217 
1.061417 -1.042767 1.455584 0.005016 -0.243893 -0.111784 -0.073593 -0.047153 -0.320742 -0.203548 0.130023 -0.224436 -0.087965 0.148526 -0.239599 
1.015429 -1.072593 1.439565 0.040044 -0.221906 -0.176447 -0.095781 0.019981 -0.344805 -0.206062 0.158829 -0.223116 -0.080261 0.179571 -0.252256 
1.083262 -1.089711 1.395778 0.052271 -0.214381 -0.196441 -0.089188 0.021893 -0.330786 -0.255171 0.207515 -0.229068 -0.106844 0.208207 -0.237180 
1.166259 -1.116387 1.262239 0.092632 -0.227460 -0.195556 -0.117131 0.058995 -0.371882 -0.234547 0.207134 -0.199724 -0.135665 0.262856 -0.266304 
1.091852 -1.050007 1.227055 0.106429 -0.187595 -0.276564 -0.104366 0.034241 -0.311476 -0.264661 0.198342 -0.197673 -0.052576 0.159169 -0.193800 
1.262924 -1.108347 1.227667 0.093560 -0.183286 -0.334391 -0.102460 0.079213 -0.376120 -0.251739 0.218878 -0.182398 -0.086280 0.222240 -0.219269 
1.200850 -1.011171 1.295012 0.043765 -0.134854 -0.388359 -0.120584 0.117008 -0.378616 -0.210837 0.178005 -0.140161 -0.066839 0.218200 -0.235257 
1.156438 -0.979337 1.250998 0.070260 -0.093041 -0.433947 -0.116352 0.100192 -0.383204 -0.190842 0.117887 -0.123850 -0.050095 0.212059 -0.240550 
1.136326 -0.948293 1.166587 0.082225 -0.103771 -0.369569 -0.182839 0.124800 -0.362180 -0.241132 0.145660 -0.155415 -0.023998 0.178328 -0.226827 
1.112812 -0.891482 1.145824 0.111468 -0.068765 -0.401480 -0.202141 0.148091 -0.363086 -0.266100 0.130690 -0.142549 -0.039603 0.196638 -0.259319 
1.074779 -0.899908 1.103751 0.146378 -0.067454 -0.415924 -0.187939 0.116675 -0.348604 -0.253808 0.107590 -0.134016 -0.043358 0.212916 -0.264161 
1.129877 -0.922468 1.032300 0.128015 0.025637 -0.457022 -0.228498 0.146555 -0.331839 -0.264988 0.121266 -0.194432 0.036069 0.184260 -0.260971 
1.104738 -0.868331 0.904935 0.258715 -0.069826 -0.394885 -0.269111 0.117963 -0.268360 -0.323869 0.115405 -0.173951 0.031930 0.184212 -0.251780 
1.057353 -0.778806 0.923861 0.206971 0.011435 -0.454242 -0.279636 0.131301 -0.274887 -0.268233 0.045812 -0.123814 0.007741 0.232847 -0.311611 
1.171157 -0.766278 0.904971 0.204085 -0.065464 -0.372916 -0.298648 0.095685 -0.254842 -0.286101 0.100612 -0.187895 0.043240 0.229490 -0.288221 
1.145203 -0.650924 0.795364 0.200722 -0.003093 -0.401306 -0.319650 0.075122 -0.236972 -0.206002 0.039415 -0.191769 0.082289 0.237803 -0.293578 
1.134479 -0.573638 0.690530 0.245491 -0.007853 -0.404264 -0.329473 0.085892 -0.238119 -0.198921 0.033182 -0.162487 0.040836 0.279288 -0.313916 
1.204809 -0.602386 0.613046 0.288661 -0.048915 -0.370890 -0.298099 0.058250 -0.180307 -0.182010 0.030793 -0.178912 0.093985 0.245280 -0.309975 
1.026460 -0.596559 0.717677 0.248717 0.016813 -0.423021 -0.255391 0.072188 -0.209707 -0.163670 0.027230 -0.171314 0.045256 0.283791 -0.330509 
1.046469 -0.603267 0.632594 0.311630 -0.008017 -0.358546 -0.219178 0.088134 -0.196385 -0.116030 0.011024 -0.154469 0.016039 0.287265 -0.344066 
0.903432 -0.013830 0.595302 0.348906 0.037862 -0.442457 -0.197472 -0.053697 -0.078667 -0.070424 -0.032344 -0.135857 0.102304 0.355459 -0.393611 
0.708002 0.131402 0.579507 0.448239 -0.041481 -0.309409 -0.174488 -0.044387 -0.050187 -0.150387 0.058098 -0.191142 0.106678 0.251442 -0.298361 
0.795894 -0.163891 0.358288 0.342608 0.025583 -0.347280 -0.257404 0.071019 0.010135 -0.177148 0.055083 -0.095511 0.060067 0.214813 -0.289520 
0.783005 0.098351 0.340914 0.412697 0.161436 -0.274360 -0.245382 0.193188 0.045860 -0.170892 0.146182 -0.116172 0.066185 0.179942 -0.226950 
0.389782 0.072415 0.546311 0.451621 0.015713 -0.164627 -0.143912 0.021084 0.029584 -0.089974 -0.021776 -0.142841 0.060503 0.206542 -0.314803 
0.615040 -0.010006 0.443282 0.433973 -0.050171 -0.241584 -0.199897 0.029672 0.095433 -0.188536 0.023802 -0.055674 0.046789 0.207397 -0.306002 
0.464503 0.005549 0.451291 0.435478 0.016705 -0.034683 -0.161130 0.000916 0.115616 -0.172146 0.048136 -0.117528 -0.009027 0.166117 -0.224827 
0.318141 -0.034676 0.337754 0.563177 0.075776 -0.146073 -0.046932 -0.055996 0.093074 -0.102655 0.017704 -0.188166 0.027770 0.180724 -0.236816 
0.145945 -0.179825 0.276084 0.308181 0.002420 -0.114266 -0.146497 0.095163 0.168643 -0.131503 0.072828 -0.100902 0.044243 0.190083 -0.256242 
