city012_071
SHAKUJII
86
0.084123 -0.751516 -0.051189 -0.268246 0.390549 0.073287 0.094813 -0.136490 -0.172045 0.132990 0.040680 -0.016134 0.035611 -0.019212 -0.145381 
0.095572 -0.265708 0.292764 -0.458406 0.274755 -0.185937 -0.126631 -0.005706 0.179596 0.027377 -0.113980 0.069970 -0.039779 0.052200 -0.045144 
0.191858 -0.237333 0.275558 -0.362666 0.276224 -0.173165 -0.137507 -0.021578 0.012633 0.028361 -0.016467 0.017890 -0.019513 0.058834 -0.067367 
0.246537 -0.403198 0.319694 -0.401855 0.257971 -0.297028 -0.206019 -0.163905 0.007649 0.048860 0.006089 0.095999 -0.009330 0.028219 0.044916 
0.014273 -0.721595 0.258264 -0.457404 0.366970 -0.338275 0.064664 -0.038800 -0.056277 0.128594 -0.064136 0.098158 -0.061006 -0.029516 0.003362 
-0.174053 -0.740295 0.187019 -0.586017 0.145976 -0.156888 0.214865 -0.087286 0.011216 0.136245 -0.144471 0.068313 0.014384 -0.117707 0.062562 
-0.413491 -0.815963 0.006146 -0.542474 0.295864 -0.192576 0.180992 -0.095153 0.040095 0.201514 -0.217903 0.068754 -0.013840 -0.116827 0.135380 
0.007677 -0.824710 0.433047 -0.620467 0.124143 -0.348623 0.001796 -0.005880 0.152045 0.121158 -0.097133 0.114765 0.019019 -0.173472 0.068922 
0.381399 -0.800927 0.550082 -0.658115 0.116159 -0.182323 0.119101 0.007405 0.076760 0.042881 -0.197143 0.206995 -0.075655 -0.124140 0.123952 
0.786907 -0.777168 0.446817 -0.386435 0.064477 -0.263398 0.054568 -0.146141 0.103839 0.163676 -0.257878 0.265236 -0.081138 -0.043570 0.038424 
1.522794 -1.166517 0.459784 -0.250608 0.068878 -0.306194 0.014226 0.025013 0.131285 0.108300 -0.183034 0.091535 -0.013484 0.045718 -0.129588 
1.601133 -1.415234 0.507840 -0.524432 0.164990 -0.390722 -0.058555 0.170003 0.037878 0.252481 -0.157289 -0.077333 0.158589 -0.059967 -0.184516 
1.369736 -1.440363 0.442652 -0.617386 0.121185 -0.314127 -0.085573 0.136335 0.142389 0.282131 -0.141977 -0.192017 0.143872 0.010697 -0.281057 
1.282176 -1.456350 0.357179 -0.675354 0.199533 -0.320882 -0.077513 0.113082 0.170828 0.255664 -0.086674 -0.243577 0.107442 0.051980 -0.240389 
1.349353 -1.458095 0.308357 -0.623085 0.267419 -0.365099 -0.059049 0.218401 0.083124 0.224668 -0.033568 -0.265724 0.007481 0.107275 -0.128677 
1.582212 -1.495308 0.264088 -0.449365 0.174832 -0.312909 -0.005893 0.250574 -0.007280 0.250351 -0.088446 -0.241803 0.003312 0.146149 -0.159761 
1.745389 -1.409539 0.167788 -0.198320 0.050522 -0.347880 0.089858 0.087859 0.017131 0.275421 -0.116303 -0.157334 0.007437 0.104077 -0.091092 
1.617443 -0.896539 0.206556 -0.257601 0.338938 -0.442566 -0.034746 -0.066350 0.125520 0.377196 -0.202493 -0.053018 0.047667 0.054977 -0.069481 
1.196594 -0.516107 0.286289 -0.162831 0.284811 -0.399565 0.088432 -0.059705 -0.240337 0.208742 -0.038140 -0.068029 -0.020391 0.147062 -0.072116 
0.683170 -0.449374 0.194892 -0.136627 0.280207 -0.068944 -0.166800 -0.067171 0.147900 0.105250 -0.043021 -0.058046 -0.096066 0.223913 -0.095239 
0.384987 -0.733817 0.059168 0.068456 -0.176128 0.100253 -0.187648 -0.120833 0.326519 0.045941 -0.111627 -0.105851 0.069183 0.118991 -0.165375 
0.125760 -0.604728 -0.212958 -0.200907 -0.105598 -0.007108 -0.066651 0.010674 0.247690 0.121372 -0.068523 -0.196624 -0.060330 0.196140 -0.165602 
0.104994 -0.403723 -0.039702 -0.095263 -0.082157 -0.146086 -0.159231 0.038295 0.227325 0.093622 -0.036251 -0.130080 0.002002 0.199851 -0.259645 
0.030684 -0.362820 -0.133127 -0.153657 -0.157256 -0.098757 -0.181811 0.082580 0.309988 0.079684 0.017395 -0.219724 -0.030759 0.217349 -0.295312 
-0.012483 -0.701931 -0.213292 -0.087656 -0.176401 -0.062542 -0.066835 0.091932 0.178511 0.098141 0.013067 -0.220748 -0.074031 0.217566 -0.159003 
-0.045050 -0.606962 -0.105376 0.044490 -0.030853 -0.003456 0.027748 -0.009648 0.199588 0.007657 -0.105052 -0.167208 0.067008 0.246369 -0.244836 
0.413135 -1.196411 -0.239936 -0.085370 -0.072839 -0.085394 0.225063 -0.114090 -0.078752 0.063334 0.144215 0.105896 -0.318264 0.112328 -0.113732 
0.991766 -1.272340 -0.149708 -0.156958 0.117975 -0.182785 0.191496 -0.191210 -0.061044 0.112643 0.137605 0.128872 -0.303661 -0.014820 0.036016 
1.084916 -0.747614 -0.042099 -0.219281 0.049321 -0.201770 0.040379 -0.249252 -0.191785 0.154894 0.155067 0.071050 -0.020405 0.029081 -0.150955 
0.980736 -0.664043 0.420653 0.182543 0.401244 -0.107326 -0.028992 -0.366397 0.044691 0.097794 -0.098073 -0.043713 -0.193870 0.109445 -0.033287 
1.349079 -0.877124 0.695564 0.024267 0.099209 -0.036324 -0.044118 -0.164156 -0.390722 -0.031905 0.134302 -0.232902 -0.073903 0.112187 -0.202469 
1.491801 -0.950325 0.829620 -0.048413 0.083989 0.009181 -0.124420 -0.134676 -0.465163 -0.153047 0.140598 -0.268210 -0.085487 0.101890 -0.233272 
1.586241 -0.975854 0.912634 -0.125273 0.056038 0.033676 -0.091095 -0.129919 -0.446092 -0.174190 0.134666 -0.268504 -0.052968 0.095571 -0.236936 
1.712461 -1.094509 1.061090 -0.206935 0.089910 0.017174 -0.103209 -0.120744 -0.470911 -0.088177 0.117647 -0.262789 -0.062560 0.119739 -0.283395 
1.621671 -1.085488 1.049166 -0.205640 0.064291 0.017754 -0.114297 -0.073106 -0.456026 -0.130297 0.132233 -0.268019 -0.023274 0.100889 -0.274015 
1.643513 -1.139866 1.114233 -0.182952 0.023309 -0.040497 -0.130056 -0.014490 -0.440051 -0.115812 0.117032 -0.264088 0.000471 0.105332 -0.263292 
1.588903 -1.121172 1.150051 -0.130080 0.002207 -0.153287 -0.158539 0.057394 -0.351776 -0.164450 0.103806 -0.242542 0.053003 0.081140 -0.256326 
1.479518 -1.159572 1.303638 -0.038377 0.008291 -0.281145 -0.229750 0.133369 -0.293542 -0.136336 0.032556 -0.170020 0.086994 0.098757 -0.299909 
1.384402 -1.216330 1.378990 0.000335 -0.031246 -0.267062 -0.267384 0.155384 -0.285130 -0.179932 0.049457 -0.195479 0.145029 0.014185 -0.220988 
1.278431 -1.280450 1.546435 -0.034947 -0.022957 -0.290758 -0.225696 0.148268 -0.321665 -0.160036 0.025454 -0.155540 0.075046 0.041273 -0.237203 
1.046114 -1.124283 1.543648 -0.069030 -0.031308 -0.274230 -0.158129 0.124760 -0.375490 -0.124798 -0.007704 -0.127694 0.047281 -0.051240 -0.146450 
0.982218 -1.031005 1.649311 -0.093595 -0.009250 -0.324931 -0.087784 0.109937 -0.347901 -0.097795 -0.037494 -0.087332 0.072412 -0.086927 -0.130514 
0.882427 -0.836207 1.455996 -0.087895 0.022008 -0.280397 -0.087593 0.047362 -0.300171 -0.089942 -0.093919 -0.075705 0.075507 -0.142154 -0.063853 
0.785145 -0.698892 1.345086 -0.162714 0.110104 -0.458746 0.096387 -0.045469 -0.243442 -0.023604 -0.160716 0.116773 -0.049051 -0.096683 0.035254 
0.618942 -0.551174 1.240002 -0.024306 0.044297 -0.385393 0.064582 0.019440 -0.277426 0.020783 -0.201533 0.109514 0.006834 -0.168534 0.030159 
0.503871 -0.548436 1.233321 -0.110759 0.141757 -0.350846 0.150293 -0.018646 -0.234893 0.024660 -0.138438 0.067931 -0.064498 -0.061646 -0.022849 
0.203116 -0.329772 1.146644 -0.017711 0.225679 -0.434340 0.243165 -0.001768 -0.246107 0.031030 -0.132596 0.063672 -0.056076 -0.133870 0.056733 
0.096999 -0.305890 1.020751 0.071427 0.200877 -0.435701 0.230541 -0.024557 -0.141271 -0.066711 -0.115704 0.174144 -0.189066 -0.056092 0.065689 
0.167731 -0.339255 1.080156 -0.116293 0.174788 -0.329065 0.199845 0.027734 -0.173065 0.094647 -0.167488 0.145836 -0.004796 -0.179115 0.110100 
0.136774 -0.353749 1.200144 -0.172036 0.130633 -0.356045 0.227909 -0.135335 -0.068638 -0.054007 -0.052878 0.053566 -0.032135 -0.110729 0.097213 
0.290122 -0.426332 1.042261 -0.241060 0.217085 -0.321347 0.131168 -0.132914 -0.075177 0.024029 -0.176344 0.141823 -0.086522 -0.039585 0.050692 
0.318513 -0.519360 1.279249 -0.129432 0.045567 -0.197316 0.049294 -0.073875 -0.231674 0.015270 -0.169455 0.072926 -0.122836 -0.042773 0.048316 
0.424797 -0.482492 1.207356 -0.213016 0.043345 -0.267695 0.112898 -0.119344 -0.170816 0.006845 -0.150087 0.116864 -0.087384 -0.105328 0.151425 
0.649764 -0.614899 1.356814 -0.334394 -0.008163 -0.131930 0.076584 -0.160143 -0.120790 -0.041947 -0.068758 0.040559 -0.086762 -0.046366 0.115684 
0.630329 -0.646394 1.484042 -0.253529 -0.083960 -0.014400 -0.064230 -0.130207 -0.146776 -0.183874 0.010705 -0.049432 -0.157906 0.022498 0.051746 
0.596906 -0.778386 1.629939 -0.272131 0.033117 -0.011590 -0.116236 -0.127471 -0.198330 -0.130919 -0.091027 -0.080969 -0.176189 0.053098 -0.034059 
0.634918 -0.921918 1.719539 -0.245220 0.003338 0.047183 -0.202875 -0.085543 -0.207129 -0.169804 -0.079536 -0.103531 -0.190955 0.036418 -0.001289 
0.541415 -0.854564 1.711930 -0.252336 -0.051987 0.134958 -0.259026 -0.089373 -0.212291 -0.208717 -0.040415 -0.147114 -0.210462 0.073840 -0.020146 
0.725242 -0.913133 1.840732 -0.317619 -0.034170 0.107078 -0.278500 -0.021309 -0.263684 -0.184558 -0.039127 -0.149352 -0.200132 0.086259 -0.035601 
0.641738 -0.872141 1.744856 -0.290006 -0.054215 0.187556 -0.325604 -0.029419 -0.232033 -0.238594 0.016250 -0.188296 -0.207135 0.093481 -0.041353 
0.740628 -0.910147 1.858183 -0.331179 -0.045155 0.177223 -0.346426 0.017694 -0.247014 -0.224121 -0.002491 -0.174446 -0.198621 0.101235 -0.074118 
0.716875 -0.859587 1.860847 -0.356398 -0.003913 0.147666 -0.313258 -0.001565 -0.226126 -0.227960 0.014475 -0.209793 -0.154284 0.074811 -0.068865 
0.747354 -0.835968 1.852356 -0.382849 0.029977 0.133894 -0.281981 0.001116 -0.220137 -0.225270 0.038989 -0.206410 -0.176251 0.107701 -0.086490 
0.692240 -0.808066 1.942587 -0.377191 0.009422 0.123389 -0.277681 0.028916 -0.221249 -0.205433 0.010353 -0.170597 -0.168609 0.100144 -0.115095 
0.655236 -0.752483 1.841443 -0.384256 0.059304 0.143244 -0.255230 0.011720 -0.203123 -0.218947 0.048443 -0.205020 -0.186868 0.125589 -0.124099 
0.662575 -0.736752 1.811936 -0.369802 0.059415 0.187045 -0.261367 0.039232 -0.216046 -0.189445 0.056112 -0.216055 -0.181136 0.129587 -0.128711 
0.538546 -0.617182 1.775967 -0.363907 0.062569 0.179033 -0.212594 0.021327 -0.197665 -0.200502 0.060025 -0.194025 -0.209915 0.133795 -0.120237 
0.577258 -0.666688 1.709186 -0.304400 0.063197 0.228898 -0.207078 0.007279 -0.164628 -0.206209 0.055041 -0.164010 -0.253739 0.154045 -0.146786 
0.493464 -0.559397 1.639905 -0.274531 0.060711 0.220278 -0.153676 -0.005537 -0.180955 -0.186544 0.064567 -0.182914 -0.247206 0.154461 -0.144664 
0.503935 -0.495535 1.632201 -0.299180 0.024009 0.255918 -0.165353 -0.011381 -0.184169 -0.188665 0.062114 -0.190161 -0.245239 0.179090 -0.186983 
0.469890 -0.409677 1.529942 -0.301449 0.033937 0.253678 -0.149177 -0.045534 -0.198257 -0.185358 0.053865 -0.209969 -0.229572 0.162197 -0.181862 
0.467503 -0.315034 1.514850 -0.304827 -0.007697 0.246859 -0.160690 -0.038252 -0.201936 -0.209139 0.046868 -0.196753 -0.252245 0.185934 -0.207355 
0.426684 -0.271065 1.437300 -0.265433 -0.052487 0.256842 -0.187362 -0.029338 -0.239289 -0.210423 0.059341 -0.225724 -0.238685 0.192349 -0.215630 
0.405924 -0.237843 1.431604 -0.250201 -0.066244 0.246202 -0.186868 -0.022090 -0.261784 -0.205812 0.056990 -0.236184 -0.243286 0.198882 -0.224187 
0.384925 -0.216401 1.409203 -0.239609 -0.043298 0.223705 -0.185012 -0.014883 -0.278555 -0.187353 0.042655 -0.235532 -0.239400 0.196312 -0.233101 
0.343993 -0.154704 1.323006 -0.237703 0.012513 0.172185 -0.166618 -0.003442 -0.306031 -0.183603 0.063366 -0.249922 -0.236748 0.198259 -0.216430 
0.365919 -0.121577 1.271240 -0.177155 0.009225 0.145323 -0.150146 0.002248 -0.325416 -0.160812 0.050798 -0.255737 -0.233150 0.202336 -0.236901 
0.337972 -0.057145 1.244207 -0.060871 -0.030778 0.102750 -0.170729 -0.015645 -0.239234 -0.246774 0.089615 -0.264104 -0.212143 0.179074 -0.211755 
0.425402 0.053342 1.144866 -0.059599 -0.057230 0.075545 -0.117747 -0.034753 -0.293295 -0.162776 0.020158 -0.219730 -0.219643 0.176799 -0.176721 
0.329753 0.053427 1.132239 0.034903 0.003808 0.013434 -0.173432 0.012864 -0.248176 -0.214071 0.017577 -0.204514 -0.189887 0.120938 -0.195394 
0.252978 0.066200 1.149048 -0.051176 0.023384 0.047618 -0.141233 0.021809 -0.280798 -0.209877 0.072790 -0.227101 -0.240063 0.175437 -0.180882 
0.185674 0.136793 0.499622 0.140856 0.058404 0.108402 -0.134219 -0.186390 -0.099953 -0.069593 0.045997 -0.178690 -0.136926 0.173197 -0.146574 
0.437687 0.139437 0.810422 0.055044 0.129307 0.082755 -0.310009 -0.060421 -0.115331 -0.207992 -0.008263 -0.238844 -0.110061 0.115975 -0.222074 
0.307668 0.227688 0.856356 0.121114 0.071961 0.066811 -0.233648 -0.031547 -0.154033 -0.243378 0.079162 -0.309038 -0.110945 0.137148 -0.244595 
0.027265 0.004309 0.637917 0.077883 0.109430 0.119700 -0.177081 0.050419 -0.048208 -0.102940 0.168515 -0.177013 -0.083564 0.218072 -0.200513 
0.276719 0.158439 0.589313 0.170940 0.166710 0.052661 -0.147392 -0.054326 -0.063117 -0.126190 0.064634 -0.184868 -0.111789 0.140277 -0.172239 
