city012_097
BYOOIN
72
-0.286668 -0.112249 0.093041 0.069341 0.116122 0.007781 -0.049335 0.014401 0.042492 -0.067769 0.096195 -0.055600 -0.045579 0.140469 -0.149262 
0.073638 -1.217693 0.306627 -0.179532 -0.027264 -0.127477 -0.109716 0.039075 0.115606 0.056333 -0.021854 -0.020341 -0.052660 0.104635 -0.101514 
0.784689 -0.494992 0.781854 0.320802 0.164561 0.047491 -0.045776 -0.039258 0.072918 -0.062452 -0.077226 -0.012471 -0.058862 0.053629 -0.151591 
1.009668 -0.522999 1.109989 0.164205 -0.153923 -0.015976 0.122535 0.019571 -0.141792 -0.032073 0.117803 -0.130235 -0.079875 0.199864 -0.239188 
1.065971 -0.909667 1.140748 0.081352 -0.340264 -0.089184 -0.146691 0.002142 -0.120418 -0.256931 0.172214 -0.060902 -0.110955 0.208505 -0.186581 
1.213385 -1.082445 1.353451 0.050849 -0.243186 -0.110066 -0.186242 0.014653 -0.245802 -0.326369 0.135979 -0.126480 -0.151667 0.203971 -0.230646 
1.252050 -1.118684 1.214319 0.069027 -0.127366 -0.346590 -0.197561 0.025622 -0.266715 -0.221524 0.033830 -0.042312 -0.033413 0.115916 -0.090716 
1.591880 -1.369021 1.040691 -0.051756 -0.149180 -0.258786 -0.317044 0.025466 -0.230649 -0.274032 0.148852 -0.039211 -0.023114 0.258770 -0.184769 
1.731638 -1.360360 0.697119 -0.258080 -0.087417 -0.073854 -0.383724 -0.137556 -0.175656 -0.043449 0.228237 -0.092827 0.000804 0.349997 -0.185720 
1.849365 -1.253966 0.491960 -0.460462 -0.043178 0.064941 -0.459077 -0.210571 -0.183707 0.030410 0.370977 -0.059757 -0.061300 0.355806 -0.162968 
1.790774 -1.194793 0.451169 -0.554876 -0.083934 -0.043270 -0.202320 -0.258110 -0.238840 -0.016693 0.293920 0.093687 0.063951 0.271565 -0.278562 
1.816930 -1.258418 0.463895 -0.565414 -0.151674 -0.083200 -0.202884 -0.109288 -0.237444 -0.090155 0.205269 0.127883 0.203085 0.233966 -0.270920 
1.839202 -1.200187 0.435205 -0.640656 -0.098520 -0.123852 -0.192090 -0.042514 -0.233790 -0.085465 0.105767 0.192211 0.215964 0.211537 -0.237045 
1.783643 -0.997387 0.450897 -0.734416 -0.084066 -0.232883 -0.136033 0.017420 -0.145370 -0.121237 0.022298 0.183430 0.186806 0.222177 -0.154814 
1.802820 -0.965335 0.487154 -0.843748 -0.046911 -0.219781 -0.131586 0.068606 -0.152677 -0.133283 0.019897 0.151243 0.193845 0.198100 -0.098236 
1.737608 -0.828016 0.512406 -0.947763 -0.046802 -0.148891 -0.119243 0.043106 -0.135891 -0.104341 0.024362 0.083852 0.193643 0.183318 -0.079650 
1.619134 -0.658122 0.462168 -0.862115 -0.213507 -0.031150 -0.159938 0.085708 -0.118837 -0.085899 -0.009300 0.000904 0.204085 0.171167 -0.080976 
1.736205 -0.772686 0.568810 -0.955189 -0.118984 -0.127390 -0.108125 0.077913 -0.048752 -0.170941 -0.026597 -0.032521 0.219863 0.186093 -0.087931 
1.590953 -0.655116 0.453238 -0.881091 -0.165016 -0.055748 -0.159804 0.160507 -0.086783 -0.205058 -0.026613 -0.004522 0.204325 0.178476 -0.042060 
1.647538 -0.680909 0.415543 -0.856989 -0.093275 -0.100408 -0.145521 0.180043 -0.097120 -0.232378 -0.063660 0.064670 0.148886 0.203927 -0.026820 
1.836049 -0.784553 0.441474 -0.895190 0.000161 -0.179147 -0.105609 0.190040 -0.119039 -0.232115 -0.053394 0.057079 0.147707 0.201025 -0.008475 
1.773703 -0.708364 0.373631 -0.791103 -0.074186 -0.128020 -0.108933 0.163634 -0.116679 -0.236606 -0.043733 0.030404 0.153659 0.216477 -0.048425 
1.764228 -0.703798 0.394578 -0.774115 -0.088751 -0.136868 -0.112237 0.169476 -0.127251 -0.207683 -0.067061 0.033957 0.167893 0.173856 -0.025940 
1.778672 -0.755362 0.506918 -0.867985 -0.033039 -0.178143 -0.089622 0.135638 -0.079645 -0.220274 -0.083831 0.051456 0.133389 0.207161 -0.078999 
1.736549 -0.712267 0.452993 -0.792350 -0.091948 -0.152372 -0.150638 0.178283 -0.082580 -0.228238 -0.081970 0.044481 0.146700 0.177774 -0.040229 
1.867421 -0.776453 0.490200 -0.837193 0.000715 -0.260732 -0.074189 0.151643 -0.070685 -0.243459 -0.074963 0.073841 0.102856 0.204982 -0.063809 
1.811231 -0.729272 0.452889 -0.806199 -0.036677 -0.227434 -0.127930 0.209955 -0.115985 -0.190695 -0.109312 0.072223 0.120828 0.171108 -0.025027 
1.820058 -0.742841 0.510816 -0.899372 0.077109 -0.322159 -0.065714 0.155082 -0.064955 -0.219461 -0.076917 0.055654 0.124655 0.165523 -0.040749 
1.711665 -0.600247 0.398388 -0.813086 0.012943 -0.260756 -0.132744 0.144700 -0.065123 -0.188560 -0.096876 0.048979 0.155103 0.148050 -0.029406 
1.793714 -0.637785 0.458282 -0.893001 0.082047 -0.288536 -0.150884 0.112980 -0.048014 -0.168656 -0.108744 0.035410 0.179617 0.140959 -0.024454 
1.744464 -0.561916 0.408597 -0.842091 0.022711 -0.248798 -0.158875 0.098996 -0.035130 -0.155799 -0.143367 0.031220 0.169840 0.155331 -0.038278 
1.767429 -0.611597 0.445010 -0.890963 0.055024 -0.283265 -0.110084 0.120714 -0.030294 -0.187105 -0.149011 0.049608 0.146811 0.172304 -0.046809 
1.746268 -0.553791 0.370373 -0.793765 -0.055802 -0.207285 -0.163013 0.160011 -0.038579 -0.207418 -0.145458 0.015409 0.157800 0.172335 -0.028328 
1.810793 -0.616959 0.459169 -0.863095 -0.036053 -0.213494 -0.148939 0.148503 0.006394 -0.246094 -0.135798 -0.002960 0.133787 0.186582 -0.035899 
1.726899 -0.508232 0.432657 -0.798390 -0.161928 -0.120751 -0.197777 0.193675 -0.033212 -0.246751 -0.113179 -0.036760 0.125893 0.176170 -0.016017 
1.777523 -0.513610 0.483656 -0.849129 -0.128918 -0.096319 -0.202043 0.157346 -0.037291 -0.221106 -0.140378 -0.067003 0.128621 0.199179 -0.053305 
1.791983 -0.523010 0.518872 -0.888724 -0.084532 -0.122338 -0.159520 0.101892 -0.042566 -0.233251 -0.117994 -0.095941 0.167851 0.186231 -0.038481 
1.845983 -0.481501 0.552556 -0.912423 -0.171292 0.000115 -0.173674 0.088341 -0.163841 -0.203836 -0.063778 -0.118101 0.159173 0.274288 -0.091046 
1.913914 -0.499724 0.561450 -0.899060 -0.156805 0.067231 -0.151524 0.000960 -0.253856 -0.183697 -0.010646 -0.113422 0.200761 0.306436 -0.159441 
1.908967 -0.535438 0.456893 -0.774582 -0.181923 0.190313 -0.127067 -0.109137 -0.343689 -0.232367 0.112306 -0.118254 0.263680 0.327146 -0.240067 
1.976858 -0.729447 0.476401 -0.685201 -0.093793 0.162413 -0.169783 -0.145303 -0.388584 -0.197744 0.163835 -0.104248 0.184659 0.343665 -0.299913 
1.912599 -0.804576 0.395000 -0.446945 0.034160 0.140187 -0.296075 -0.250596 -0.440533 -0.083836 0.319737 -0.125314 0.009640 0.248257 -0.257395 
1.789454 -1.003307 0.560219 -0.266378 0.127022 0.003523 -0.484606 -0.221680 -0.236943 -0.022517 0.207134 -0.233796 -0.050077 0.354759 -0.127465 
1.484962 -1.142453 0.894497 -0.080109 -0.013563 -0.125471 -0.397139 -0.138264 -0.238234 -0.081588 0.095326 -0.240987 0.021444 0.329787 -0.202463 
1.197529 -1.133474 1.422195 -0.132123 -0.280876 -0.081849 -0.104737 -0.074820 -0.383599 -0.109407 0.130785 -0.236154 -0.033426 0.196486 -0.197715 
0.999615 -1.031932 1.724791 -0.241900 -0.227973 0.016828 -0.142754 -0.068568 -0.305600 -0.122909 0.047781 -0.187510 -0.060687 0.110498 -0.143101 
0.911344 -0.838960 1.717360 -0.361345 -0.134315 0.127053 -0.248205 -0.017129 -0.269872 -0.211042 0.037879 -0.145280 -0.154036 0.079803 -0.073010 
0.893598 -0.568405 1.645144 -0.469546 -0.061049 0.159289 -0.293409 0.015352 -0.232664 -0.287718 0.065137 -0.145884 -0.207287 0.101103 -0.081912 
0.909838 -0.519870 1.470599 -0.556161 0.060166 0.252530 -0.359262 0.008416 -0.216282 -0.316231 0.034013 -0.135220 -0.201802 0.094717 -0.118857 
0.875382 -0.365818 1.349267 -0.542419 0.261940 0.239928 -0.529429 -0.010409 -0.102511 -0.288271 -0.028494 -0.148092 -0.133826 0.051910 -0.135770 
0.917797 -0.411018 1.310669 -0.525627 0.319685 0.237478 -0.558466 -0.009315 -0.087279 -0.262491 -0.025433 -0.173017 -0.121964 0.071042 -0.166654 
0.900927 -0.581414 1.255294 -0.323575 0.282196 0.146138 -0.463798 -0.005955 -0.149457 -0.215167 -0.033658 -0.228110 -0.092777 0.072240 -0.217028 
0.883295 -0.731008 1.311697 -0.265662 0.300102 0.068714 -0.394498 -0.026976 -0.188136 -0.156318 -0.029716 -0.283266 -0.082016 0.106459 -0.257524 
0.817687 -0.802492 1.255503 -0.159076 0.220267 0.089223 -0.371325 -0.043689 -0.222451 -0.132546 -0.009226 -0.308273 -0.072171 0.094786 -0.235315 
0.881817 -0.835894 1.297350 -0.135102 0.194429 0.044312 -0.301597 -0.070031 -0.208763 -0.129112 -0.032975 -0.290936 -0.065036 0.087765 -0.241216 
0.816426 -0.813336 1.225980 -0.032566 0.089770 0.112578 -0.278409 -0.093684 -0.214998 -0.107586 -0.051808 -0.259539 -0.073303 0.047008 -0.188086 
0.892909 -0.932157 1.273087 -0.012585 0.071412 0.077197 -0.211051 -0.177134 -0.176324 -0.084285 -0.106519 -0.205289 -0.113156 0.074260 -0.182451 
0.873384 -0.904868 1.183813 0.122081 -0.007704 0.073482 -0.166355 -0.243953 -0.112533 -0.076936 -0.158759 -0.177173 -0.085172 0.022760 -0.125648 
1.095054 -0.887254 1.059917 0.302606 -0.111147 0.073041 -0.097958 -0.315558 -0.037786 -0.035794 -0.264086 -0.115964 -0.062337 0.003941 -0.142912 
1.407073 -0.876460 0.918778 0.521209 -0.289176 0.038498 -0.010248 -0.332693 -0.049756 0.019227 -0.327310 -0.075119 -0.021935 0.025918 -0.186818 
1.334851 -0.763724 0.883866 0.563260 -0.219570 -0.030135 -0.021150 -0.345924 -0.045539 0.055446 -0.260999 -0.222343 0.046313 0.094812 -0.222889 
1.244944 -0.683921 0.886337 0.590011 -0.216120 0.015724 -0.083738 -0.315523 0.012084 -0.042710 -0.184111 -0.255431 0.012309 0.138454 -0.244141 
1.221904 -0.737188 0.992441 0.461334 -0.132324 0.011787 -0.111333 -0.301004 0.014488 -0.070628 -0.192849 -0.236072 -0.011305 0.123641 -0.237462 
1.103240 -0.568832 0.916465 0.490318 -0.185516 0.033970 -0.107561 -0.341287 0.037279 -0.126326 -0.165330 -0.233824 -0.022453 0.109102 -0.228533 
1.077265 -0.399350 0.925971 0.440498 -0.178323 0.100645 -0.122849 -0.330748 -0.031230 -0.045318 -0.213134 -0.233937 -0.012361 0.073543 -0.219539 
1.034999 -0.339833 0.872719 0.528916 -0.125455 0.045586 -0.186135 -0.259911 0.036970 -0.126812 -0.204407 -0.231085 -0.010802 0.098838 -0.250083 
0.871008 -0.283778 0.814644 0.546307 -0.122603 0.071587 -0.182997 -0.282416 0.069044 -0.162565 -0.227196 -0.217505 -0.051066 0.087190 -0.263405 
0.579849 -0.320509 0.838638 0.384191 0.097267 -0.040481 -0.131839 -0.266646 0.015640 -0.068052 -0.325838 -0.158961 -0.066413 0.022228 -0.200280 
0.936995 -0.187027 0.672479 0.492260 -0.151216 0.078178 -0.072701 -0.328125 -0.011316 -0.065340 -0.196859 -0.150419 -0.091237 0.070860 -0.167239 
0.546710 0.034639 0.690039 0.381062 -0.092046 0.126066 0.062978 -0.251212 -0.106071 -0.089104 -0.090353 -0.132289 -0.198445 0.069578 -0.142143 
0.426739 0.065268 0.590696 0.341695 0.011692 0.171843 -0.144167 -0.260080 -0.054851 -0.133801 -0.102874 -0.205398 -0.149020 0.060614 -0.206653 
0.125296 0.172921 0.275956 -0.038940 -0.030498 0.030783 -0.172319 -0.085669 0.062376 -0.012273 -0.040865 0.016388 -0.029126 0.129364 -0.174218 
