city012_025
NOGATA
72
0.137835 -0.069706 0.475213 0.291961 -0.015178 0.038867 0.029764 -0.190229 0.111476 -0.195102 0.085783 -0.064066 -0.072762 0.011722 -0.031397 
0.393490 0.445120 0.474495 0.304555 0.137239 0.199628 -0.249852 -0.127163 0.232808 -0.121442 -0.101442 -0.045628 -0.035751 0.025677 -0.062840 
0.972947 -0.253183 0.887162 0.425249 -0.209775 0.103136 -0.207647 -0.332792 0.066496 -0.054162 -0.240555 -0.260400 0.216954 -0.111505 -0.155225 
1.157167 -0.599139 0.878483 0.252136 -0.230939 0.212016 -0.152001 -0.325608 -0.039557 -0.067530 -0.110417 -0.291440 0.151624 -0.114825 -0.141667 
1.384326 -0.733830 0.473097 -0.155224 0.081865 0.083789 -0.186707 -0.231683 -0.187679 -0.032044 0.048730 -0.262193 0.240071 -0.057855 -0.216497 
1.653644 -0.844314 0.386537 -0.348638 0.057896 0.105681 -0.218822 -0.206164 -0.171404 0.021362 0.101146 -0.223502 0.224523 0.053531 -0.253297 
1.807905 -0.970229 0.476618 -0.512831 0.000872 0.091448 -0.048080 -0.200766 -0.259333 0.120759 0.174083 -0.115068 0.187004 -0.027234 -0.249466 
1.804222 -0.935072 0.400126 -0.520661 -0.091956 0.107909 0.000054 -0.194771 -0.241720 -0.082557 0.143274 -0.118776 0.288438 0.064907 -0.254550 
1.777504 -0.932396 0.556368 -0.621650 -0.209427 0.133981 0.070793 -0.116489 -0.246636 -0.063064 0.095669 -0.120551 0.290919 0.077501 -0.218479 
1.747534 -0.874409 0.612157 -0.654033 -0.284145 0.096328 0.158895 -0.030928 -0.252325 -0.067687 0.011867 -0.165889 0.302936 0.102678 -0.153316 
1.739595 -0.869731 0.628784 -0.674914 -0.287486 0.082675 0.180586 -0.032976 -0.202252 -0.095375 0.005796 -0.199871 0.318471 0.085469 -0.123626 
1.747879 -0.793253 0.633660 -0.634981 -0.359323 0.071576 0.171467 -0.000110 -0.196838 -0.036388 -0.013559 -0.228634 0.281520 0.085274 -0.128910 
1.794826 -0.774675 0.716411 -0.738883 -0.358175 0.012330 0.248222 0.028812 -0.192065 0.053795 -0.032611 -0.263266 0.267131 0.055509 -0.122489 
1.681410 -0.684399 0.668219 -0.750681 -0.344096 -0.022791 0.314035 0.051187 -0.203954 0.104102 -0.109593 -0.273981 0.273566 0.014996 -0.051442 
1.704841 -0.652799 0.624645 -0.670940 -0.366673 -0.019330 0.368693 0.004871 -0.193083 0.122913 -0.153399 -0.261418 0.267007 -0.003005 -0.029718 
1.733891 -0.667004 0.659037 -0.609621 -0.316893 0.008463 0.395703 -0.015679 -0.283308 0.124429 -0.172987 -0.231966 0.281839 0.029528 -0.055803 
1.633682 -0.592745 0.631909 -0.513033 -0.240133 -0.010797 0.456625 -0.106640 -0.334522 0.043125 -0.203853 -0.188826 0.277307 0.057488 -0.022618 
1.496797 -0.532756 0.588414 -0.292136 -0.230359 0.026624 0.346447 -0.163196 -0.396047 -0.061912 -0.179927 -0.174790 0.254464 0.000849 -0.030573 
1.397172 -0.583973 0.556334 -0.194680 -0.068825 0.072099 0.248946 -0.294125 -0.482814 -0.098452 -0.059481 -0.147888 0.208152 -0.055357 -0.183637 
1.378761 -0.614318 0.491346 -0.074008 0.003251 0.094452 0.107750 -0.390327 -0.451757 -0.035228 0.017113 -0.175021 0.136541 -0.126269 -0.230820 
1.219703 -0.573002 0.419234 -0.100222 0.186938 -0.036699 -0.004511 -0.306113 -0.481141 0.032574 0.010702 -0.225753 0.171182 -0.141247 -0.213248 
1.221537 -0.678074 0.334922 -0.144461 0.351640 -0.219727 -0.108901 -0.243400 -0.435821 0.198907 0.042050 -0.286237 0.182313 -0.042930 -0.110880 
1.432924 -1.015434 0.389717 -0.310027 0.270204 -0.299202 -0.184453 -0.190231 -0.300166 0.292704 0.134946 -0.284120 0.238008 0.029476 -0.026873 
1.459685 -1.181353 0.423604 -0.409871 0.193872 -0.310518 -0.213537 -0.161217 -0.222751 0.391696 0.159096 -0.231929 0.176339 0.079405 -0.020732 
1.561523 -1.344440 0.450973 -0.544039 0.217314 -0.248485 -0.203683 -0.141336 -0.128843 0.375439 0.176789 -0.232116 0.096295 0.107554 -0.061039 
1.482830 -1.360620 0.417913 -0.616139 0.115220 -0.152420 -0.172562 -0.074427 -0.082515 0.385631 0.198550 -0.247013 0.017586 0.106227 -0.125024 
1.432162 -1.363784 0.397485 -0.704751 0.111178 -0.093284 -0.074277 -0.015889 -0.035892 0.331052 0.193479 -0.299577 -0.046170 0.087671 -0.116836 
1.387985 -1.355219 0.308108 -0.741908 0.071733 -0.033398 -0.012243 -0.048242 -0.007533 0.259640 0.236910 -0.306955 -0.044751 0.060004 -0.173941 
1.401670 -1.388602 0.327322 -0.852423 0.112689 0.020001 -0.004710 -0.081771 -0.006895 0.295267 0.203355 -0.301970 -0.035920 0.003326 -0.155354 
1.316851 -1.361049 0.241453 -0.800770 0.121479 0.027005 0.009586 -0.062324 -0.028320 0.328353 0.132826 -0.296321 -0.033494 0.001756 -0.127305 
1.142051 -1.263816 0.108379 -0.684114 0.063622 0.100300 -0.040595 -0.021236 -0.024061 0.325757 0.087122 -0.326545 0.002248 0.008291 -0.105958 
1.417579 -1.526627 0.271890 -0.803300 0.201994 -0.015471 0.006446 -0.052099 0.058324 0.263750 0.077331 -0.360624 0.047210 0.036701 -0.109838 
1.146631 -1.286831 0.088471 -0.622659 0.082108 0.057409 -0.065346 0.014763 0.063891 0.300934 -0.012728 -0.351989 0.045283 0.059562 -0.101155 
1.161046 -1.315713 0.129662 -0.558429 0.054343 0.001600 -0.123046 0.052055 0.106788 0.316306 -0.083547 -0.306441 0.075794 0.041947 -0.101988 
1.390889 -1.471863 0.341071 -0.627181 0.145678 -0.170649 -0.026695 -0.012826 0.177716 0.316847 -0.134237 -0.245528 0.066671 0.009807 -0.067746 
1.269887 -1.236727 0.131620 -0.321740 0.001268 -0.165550 -0.107734 0.042133 0.077736 0.356019 -0.142744 -0.212728 0.142260 -0.018318 -0.039942 
1.474825 -1.124420 0.275277 -0.318888 0.263505 -0.231692 -0.240445 -0.094173 0.119811 0.216688 -0.165224 -0.057616 0.180294 -0.027465 -0.013464 
1.080100 -0.682150 0.044988 0.133790 0.198044 -0.131467 -0.276219 -0.235215 0.023151 0.148198 -0.193377 -0.101791 0.180658 -0.001821 -0.037385 
0.801258 -0.285949 0.151591 0.082630 0.110277 0.034949 -0.138906 -0.316310 0.091138 0.183661 0.046301 -0.316352 0.138251 0.050125 -0.032132 
0.305423 -0.667832 -0.203917 -0.074519 -0.110602 0.039489 -0.055579 -0.101372 0.191558 0.069450 0.019359 -0.184129 0.052328 0.047091 -0.070443 
0.211750 -0.922567 -0.327988 -0.262716 -0.099572 0.143634 0.038170 -0.089656 0.199591 0.100049 -0.025458 -0.265296 0.039023 0.024783 -0.010524 
0.085148 -0.650581 -0.174040 -0.148005 0.063219 0.288374 -0.049753 -0.250288 0.080713 0.091946 0.086462 -0.168985 0.023630 0.010611 -0.013763 
-0.007811 -0.492543 -0.201458 0.046144 0.008750 0.139257 -0.115068 -0.208396 0.022027 0.060010 0.177681 -0.134005 -0.000923 -0.062361 0.017109 
0.029839 -0.599400 -0.162898 0.064333 -0.159204 0.030296 -0.015401 -0.218140 0.140401 0.107676 0.102029 -0.247883 0.083774 0.070918 -0.104303 
-0.099666 -0.656091 -0.032509 -0.123052 -0.243888 -0.019386 -0.023322 -0.131865 0.141560 0.188537 0.015298 -0.144793 0.026751 0.048728 -0.116084 
-0.138371 -0.730090 -0.268784 -0.052695 0.006737 0.106581 0.023596 -0.143792 0.165914 -0.021095 -0.016691 -0.101794 0.059189 0.047757 -0.060934 
-0.087919 -0.722769 -0.313063 -0.018636 -0.052047 0.276689 -0.038813 -0.155395 0.155147 0.063151 -0.098945 -0.123521 0.069065 0.086068 -0.021281 
0.297574 -0.674443 0.219408 -0.157424 -0.071452 -0.330401 -0.096708 0.016980 0.032669 0.051717 0.080445 -0.016826 0.071127 0.018105 -0.100575 
0.808216 -0.848402 0.281142 -0.232070 -0.067031 -0.392327 -0.068396 -0.005315 0.018950 0.127140 0.033940 0.057113 0.043654 0.000133 -0.017963 
1.383709 -1.143288 0.553447 -0.406881 0.062715 -0.232973 -0.303004 -0.108597 0.180806 0.219304 -0.123416 -0.024698 0.239361 -0.070751 -0.009642 
1.433344 -1.353376 0.507859 -0.532687 0.054251 -0.153757 -0.318945 0.029096 0.239388 0.262093 -0.145094 -0.066537 0.169148 -0.103809 -0.025575 
1.425337 -1.469312 0.400836 -0.589475 0.064691 -0.061351 -0.325335 0.092878 0.233200 0.223857 -0.109513 -0.125986 0.146351 -0.127141 -0.025805 
1.328685 -1.453772 0.229326 -0.710236 0.137620 -0.053220 -0.292917 0.053141 0.320622 0.151807 -0.034018 -0.144984 0.089924 -0.134988 -0.041220 
1.343101 -1.453355 0.290084 -0.689970 0.088965 -0.117099 -0.048503 -0.010575 0.256820 0.183670 0.088425 -0.318817 -0.061290 0.052286 -0.055667 
1.408450 -1.384750 0.141556 -0.643553 0.044998 -0.082304 0.019303 -0.072890 0.182167 0.292635 0.047066 -0.316107 -0.039421 0.032127 -0.114507 
1.338555 -1.401433 0.132230 -0.641338 -0.004469 -0.004474 0.038166 -0.157108 0.247330 0.271116 0.035708 -0.273835 -0.087355 0.018665 -0.099349 
1.378817 -1.378116 0.116613 -0.666711 0.022026 -0.001845 0.026893 -0.146836 0.238423 0.265820 0.069503 -0.313597 -0.064503 0.013196 -0.130091 
1.422844 -1.405744 0.180594 -0.753222 0.038706 0.038527 0.006715 -0.130970 0.183157 0.305803 0.048058 -0.292082 -0.042584 -0.039530 -0.092405 
1.484548 -1.380845 0.144916 -0.743634 0.067604 0.033588 0.044564 -0.124184 0.152620 0.299766 0.038165 -0.297205 -0.029956 -0.058689 -0.083790 
1.549748 -1.262388 0.050178 -0.778753 0.100551 0.081546 0.062834 -0.102924 0.106720 0.307294 -0.044523 -0.264583 0.014170 -0.096894 -0.045734 
1.514847 -1.412145 0.080366 -0.779462 0.064510 0.133259 0.013335 -0.041276 0.080240 0.267313 0.027556 -0.312798 0.004149 -0.057213 -0.105159 
1.553301 -1.303776 0.003906 -0.826470 0.113855 0.126605 0.016546 -0.037183 0.081443 0.271411 -0.000868 -0.329963 0.043312 -0.082124 -0.056786 
1.538408 -1.354580 -0.009967 -0.791633 0.018294 0.215534 -0.012896 -0.018725 0.113936 0.207549 0.027528 -0.345221 0.031961 -0.045375 -0.102188 
1.502072 -1.464854 0.014513 -0.781652 0.063955 0.190471 -0.022669 0.002323 0.120730 0.210364 0.001881 -0.357335 0.046581 -0.056901 -0.062664 
1.607628 -1.527439 0.041422 -0.714817 0.013577 0.191878 -0.003223 -0.027895 0.142598 0.191518 0.011250 -0.345872 0.037290 -0.048167 -0.071544 
1.486146 -1.360936 -0.220293 -0.642326 -0.060389 0.258728 -0.041269 -0.067683 0.148934 0.234504 0.017341 -0.312781 0.026828 -0.078129 -0.064936 
1.495811 -1.396943 -0.307182 -0.561167 -0.066165 0.231101 -0.030513 -0.118856 0.208519 0.237155 0.035349 -0.339227 0.013185 -0.068339 -0.076863 
1.257188 -1.106709 -0.212734 -0.564264 -0.100863 0.255147 0.005564 -0.090063 0.159709 0.186572 0.068496 -0.363577 0.009374 -0.052890 -0.039273 
1.338509 -0.967440 -0.515921 -0.668601 -0.025442 0.270430 -0.045354 -0.051269 0.126494 0.232845 0.096938 -0.410397 0.048357 -0.067942 -0.096172 
0.503999 -1.175244 -0.265487 -0.518005 -0.025616 0.171593 0.012945 -0.008902 0.128079 0.175081 -0.022225 -0.274718 0.041539 -0.115277 -0.007074 
1.023916 -0.468013 -0.157961 -0.445168 -0.065615 0.119828 -0.079128 -0.099824 0.199432 0.338485 0.007607 -0.327633 0.029406 -0.108176 -0.014436 
0.512998 -0.570936 -0.530652 -0.437434 -0.091129 0.197970 -0.050181 0.010078 0.232481 0.138813 0.021961 -0.297336 -0.119694 -0.017246 0.023733 
