city012_048
GENKAI
77
0.721852 0.454563 0.631274 0.243326 0.043332 -0.020282 -0.195657 -0.035954 0.001013 -0.259448 -0.035287 -0.064521 -0.094907 0.024106 -0.136677 
0.896694 0.294121 0.621838 0.386257 -0.025933 -0.056885 -0.170158 -0.159545 -0.142033 -0.180745 -0.103115 -0.155785 -0.170200 0.120909 -0.144260 
0.839026 0.232990 0.522295 0.301818 0.170541 0.000216 -0.087153 -0.161339 -0.055636 -0.157816 -0.058400 -0.138928 -0.189558 0.044264 -0.078520 
0.587090 -0.814776 0.933711 -0.273154 -0.076138 0.288904 -0.032562 -0.057756 0.077457 -0.146011 -0.044334 0.187460 -0.080563 -0.103240 0.111551 
0.513054 -0.394762 1.157160 -0.399463 -0.025427 0.244768 -0.150523 -0.122686 -0.172784 -0.195360 0.031020 -0.080423 -0.121186 0.024427 -0.032074 
0.762491 -0.628889 1.255282 -0.529441 0.091321 0.112974 -0.223505 -0.057224 -0.269714 -0.249596 0.153625 -0.153468 -0.123748 0.085270 -0.037306 
0.828025 -0.723502 1.506547 -0.413631 -0.097049 0.076997 -0.296990 0.004822 -0.246178 -0.210255 0.092823 -0.147329 -0.059418 0.020115 0.018930 
1.089618 -0.897757 1.512144 -0.478666 -0.169125 0.016132 -0.279487 -0.045496 -0.232444 -0.123835 0.071286 -0.083014 0.002128 0.024319 0.048891 
1.082544 -0.921531 1.388779 -0.533902 -0.180359 0.000584 -0.260069 -0.063360 -0.226425 -0.072842 0.090727 -0.085030 0.072518 0.001217 0.072596 
1.224014 -1.060429 1.308950 -0.525966 -0.183638 -0.005552 -0.192422 -0.042037 -0.198594 -0.074936 0.115745 -0.051940 0.036888 0.011643 0.037770 
1.011298 -0.997974 1.114306 -0.433840 -0.298277 0.109509 -0.218181 -0.008164 -0.237932 -0.023492 0.103941 -0.054011 0.079257 -0.037442 0.085412 
1.310463 -1.311874 1.242353 -0.534503 -0.228832 0.012524 -0.129678 -0.031020 -0.162682 0.045247 0.099862 -0.058357 0.086323 -0.025846 0.028441 
1.100937 -1.156513 1.022565 -0.380574 -0.314186 0.081553 -0.153269 -0.035491 -0.217241 0.032451 0.094868 -0.047960 0.102979 -0.052146 0.055067 
1.296146 -1.379456 1.200945 -0.515003 -0.154429 0.016236 -0.133116 -0.050472 -0.203068 0.077434 0.109401 -0.080320 0.067674 0.017166 -0.020634 
1.298944 -1.344419 1.198941 -0.428639 -0.201406 0.056939 -0.142187 -0.079955 -0.268441 0.102970 0.093965 -0.113997 0.091414 0.024113 -0.027777 
1.396817 -1.350191 1.287497 -0.415371 -0.150401 0.039032 -0.138061 -0.145243 -0.221099 0.107941 0.114261 -0.201242 0.129718 0.049657 -0.070732 
1.372385 -1.249823 1.310977 -0.384587 -0.119766 0.046612 -0.177301 -0.195784 -0.233080 0.120086 0.057110 -0.227914 0.159958 0.043182 -0.077009 
1.373025 -1.203223 1.278631 -0.289570 -0.047372 0.030156 -0.219442 -0.255310 -0.193851 0.173945 -0.035300 -0.251776 0.160022 0.071787 -0.101569 
1.326580 -0.983557 1.075769 -0.164465 -0.068769 0.023548 -0.253865 -0.223770 -0.180786 0.108674 -0.092384 -0.189086 0.141305 0.025804 -0.072916 
1.537122 -0.957487 0.912845 -0.070843 0.057904 -0.044366 -0.256290 -0.214577 -0.130521 -0.048396 -0.146074 -0.135147 0.096567 -0.016735 -0.130146 
1.693708 -0.849481 0.676478 0.313834 -0.171582 -0.122952 -0.049582 -0.289542 -0.165796 -0.024683 -0.076921 -0.232716 0.108282 0.018703 -0.135016 
1.691433 -0.977349 0.823389 0.363165 -0.370784 0.012191 -0.082201 -0.255316 -0.161472 -0.080556 -0.122427 -0.190067 0.076551 0.052269 -0.223597 
1.518920 -1.031207 0.959996 0.345868 -0.354314 0.099720 -0.127264 -0.289372 -0.129095 -0.100855 -0.081847 -0.261074 0.073614 0.059931 -0.242516 
1.541460 -1.184353 1.101028 0.242492 -0.188336 0.085382 -0.131272 -0.391090 -0.022684 -0.110627 -0.096366 -0.316640 0.093493 0.032263 -0.222708 
1.340467 -0.999563 1.023347 0.283389 -0.189245 0.125384 -0.152468 -0.370795 -0.057422 -0.068425 -0.103111 -0.314780 0.048365 0.051394 -0.192155 
1.471758 -1.067763 0.974050 0.358169 -0.299257 0.238422 -0.162711 -0.336351 -0.108095 -0.076630 -0.118945 -0.272254 0.015254 0.042690 -0.255933 
1.343332 -0.904417 1.039390 0.282180 -0.218603 0.169964 -0.089314 -0.396882 -0.068009 -0.060870 -0.109271 -0.313293 0.037334 0.020961 -0.201610 
1.387554 -0.900563 1.149861 0.241371 -0.219198 0.121800 -0.011793 -0.359462 -0.089821 -0.079536 -0.100930 -0.278999 0.012838 0.024064 -0.231733 
1.425371 -0.872378 1.038502 0.345543 -0.330846 0.181511 -0.079761 -0.283498 -0.100998 -0.087797 -0.123401 -0.249465 0.044438 0.003505 -0.259212 
1.384443 -0.808325 1.000950 0.374886 -0.339648 0.203416 -0.106346 -0.283763 -0.074932 -0.058559 -0.150298 -0.241585 0.062381 0.003089 -0.260487 
1.417686 -0.745420 1.012431 0.278368 -0.334881 0.099697 -0.031148 -0.341705 -0.054150 -0.024072 -0.107493 -0.254863 0.138905 -0.002425 -0.217452 
1.502823 -0.731077 1.056895 0.279756 -0.345397 0.005103 0.035278 -0.331264 -0.035191 -0.013620 -0.072973 -0.231770 0.163685 0.015534 -0.227155 
1.386106 -0.569353 0.967291 0.419346 -0.422827 0.006031 0.022471 -0.354121 -0.009177 -0.036853 -0.152202 -0.135220 0.106692 0.002905 -0.185872 
1.375660 -0.459268 0.809826 0.431373 -0.313899 -0.009803 -0.066981 -0.324357 -0.088450 0.054694 -0.216812 -0.196653 0.145091 0.013119 -0.218941 
1.320982 -0.319203 0.760408 0.463512 -0.260093 -0.011930 -0.092060 -0.380136 -0.065797 0.031885 -0.181006 -0.269220 0.163070 0.023951 -0.195845 
1.178882 -0.168612 0.701947 0.389990 -0.143532 -0.037930 -0.017966 -0.407563 -0.115677 0.048939 -0.235690 -0.257820 0.093316 -0.031521 -0.155059 
0.792475 0.051581 0.633116 0.235167 -0.055960 0.042905 -0.109249 -0.417157 -0.079865 0.004125 -0.248929 -0.215596 0.021834 -0.016775 -0.151926 
0.388171 -0.218589 0.579538 0.306329 0.018038 0.216936 -0.219134 -0.365486 -0.074098 -0.037835 -0.113790 -0.188649 -0.198341 0.057799 -0.093399 
0.317282 -0.274661 0.481900 0.323742 0.079392 -0.016309 0.031493 -0.288864 -0.024497 0.035906 -0.037707 -0.139136 -0.083294 0.070544 -0.048651 
0.258638 -0.501043 0.233774 0.197535 0.036213 -0.132829 -0.246967 -0.381885 -0.143563 0.130226 0.042522 -0.115451 -0.136733 0.220630 0.013752 
0.005099 -0.588509 0.169739 0.058948 0.025753 -0.061012 -0.265965 -0.285026 0.192311 0.086179 0.031309 -0.129872 -0.028990 0.181365 0.014433 
0.035053 -0.585880 -0.033439 0.058752 0.029489 0.091305 -0.205175 -0.110743 0.220572 0.100640 -0.128321 -0.122675 0.071365 0.156534 -0.201894 
0.188155 -0.416739 -0.034158 0.004691 -0.031655 0.145488 -0.215204 -0.124338 0.183103 0.051944 0.003288 -0.136762 0.022478 0.138013 -0.161277 
0.233436 -0.606382 -0.213232 -0.040641 -0.153770 0.024140 -0.211033 -0.135594 0.152274 0.161391 0.142237 -0.137294 -0.115910 0.151584 -0.034965 
0.609888 -1.098018 -0.363823 -0.040710 0.276664 -0.192861 -0.267576 0.123089 0.214976 -0.095675 0.089508 -0.106358 -0.019783 0.096791 -0.121861 
0.650319 -1.172300 -0.061271 -0.129661 0.313540 -0.249065 -0.358596 0.137629 0.137802 0.022720 0.090559 -0.165668 0.020483 0.138100 -0.110526 
0.729255 -0.954841 -0.262210 -0.191662 0.256370 -0.379435 -0.175616 0.232503 0.124746 0.100334 -0.095857 -0.099924 0.084676 0.039852 -0.145868 
0.952111 -0.520819 0.361989 0.235238 0.252306 -0.252068 -0.146503 0.033274 -0.051830 -0.022823 -0.031839 -0.150061 0.084118 0.050449 -0.123386 
1.523540 -1.063708 0.198970 -0.094344 0.163346 -0.564468 -0.162833 0.028179 -0.153416 0.203633 0.026256 -0.138814 0.217465 0.142475 -0.094511 
1.639818 -1.309501 0.091913 -0.098819 0.090112 -0.487041 -0.143297 0.038304 -0.075862 0.279322 0.025766 -0.124412 0.136892 0.136687 -0.071997 
1.680912 -1.438818 0.125543 -0.260785 0.099091 -0.503940 -0.106035 0.076778 0.057446 0.272979 0.126345 -0.238179 0.085925 0.127042 -0.140770 
1.624695 -1.392967 0.112794 -0.297317 0.029606 -0.414548 -0.117414 0.188120 0.017904 0.254874 0.155495 -0.293122 0.038014 0.136403 -0.154409 
1.595198 -1.321137 -0.000860 -0.346820 -0.004555 -0.352561 -0.146081 0.194869 0.030335 0.254028 0.127278 -0.282289 0.079196 0.134489 -0.208656 
1.573375 -1.324523 0.092376 -0.328750 -0.009940 -0.385536 -0.092991 0.158926 0.054653 0.289157 0.054601 -0.289767 0.145934 0.048854 -0.163455 
1.643906 -1.410654 0.136625 -0.262932 -0.025984 -0.458427 -0.013789 0.163902 0.039290 0.278263 0.012397 -0.231358 0.142412 0.016663 -0.170433 
1.544270 -1.332800 0.210641 -0.221599 -0.063045 -0.431713 -0.061653 0.152363 0.069593 0.241983 -0.016258 -0.176197 0.137247 0.044386 -0.214455 
1.382674 -1.198027 0.308375 -0.176732 -0.134818 -0.428220 -0.068838 0.119104 0.084124 0.223617 -0.041448 -0.092194 0.150270 -0.003548 -0.198978 
1.437923 -1.245881 0.533741 -0.224088 -0.062540 -0.572803 -0.003053 0.114297 0.052490 0.203286 -0.016655 -0.036997 0.190423 -0.091774 -0.166597 
1.169948 -1.116520 0.691101 -0.240398 -0.107581 -0.496788 -0.099657 0.147416 -0.023115 0.092276 0.032294 0.049166 0.156031 -0.084709 -0.075941 
0.960342 -1.008816 0.815152 -0.238307 -0.147980 -0.307701 -0.234342 0.035947 -0.060063 -0.003849 -0.017652 0.141751 0.133780 -0.098586 0.040953 
0.942966 -0.871852 1.090893 -0.327536 -0.093434 -0.245013 -0.233934 -0.064450 -0.025626 -0.059442 -0.048963 0.090446 0.152835 -0.101640 0.033268 
0.760749 -0.683771 1.067395 -0.276565 -0.157258 -0.054397 -0.198171 -0.121111 -0.136206 -0.163347 0.008760 0.029754 0.001998 -0.069435 0.094007 
0.612683 -0.451871 1.079096 -0.226007 -0.147136 0.086777 -0.266589 -0.052393 -0.227256 -0.276776 0.046803 -0.041601 -0.128639 -0.029796 0.064759 
0.605257 -0.293090 1.258070 -0.335347 -0.069791 0.030797 -0.198509 -0.029702 -0.251653 -0.307894 0.097962 -0.136744 -0.179150 0.033022 0.030730 
0.495493 -0.271560 1.275535 -0.317656 -0.099694 0.137909 -0.269409 -0.021497 -0.255367 -0.312117 0.102583 -0.177738 -0.180037 0.071029 -0.027503 
0.416598 -0.245706 1.316150 -0.348791 -0.023519 0.094476 -0.274165 0.035689 -0.306976 -0.315750 0.154398 -0.233083 -0.189602 0.100734 -0.054337 
0.414327 -0.186770 1.320822 -0.355414 0.038998 0.083495 -0.256499 0.060725 -0.287721 -0.334699 0.175744 -0.261871 -0.179304 0.080465 -0.071324 
0.391519 -0.179323 1.222893 -0.254083 0.038581 0.146215 -0.321388 0.116250 -0.308995 -0.329988 0.157655 -0.247248 -0.206475 0.089167 -0.132701 
0.344129 -0.091088 1.163866 -0.363713 0.152432 0.146903 -0.319847 0.138128 -0.329896 -0.339574 0.195373 -0.285151 -0.179992 0.085164 -0.139891 
0.320565 -0.049434 1.189907 -0.337392 0.129453 0.179078 -0.255575 0.095693 -0.288498 -0.307819 0.189480 -0.309465 -0.153234 0.080170 -0.145942 
0.361161 -0.162170 1.083799 -0.257394 0.169289 0.138188 -0.371317 0.134278 -0.299771 -0.350298 0.157766 -0.232892 -0.197661 0.050301 -0.138169 
0.458863 0.088677 0.738825 0.016202 0.207410 0.078175 -0.197735 -0.070333 -0.144941 -0.307557 0.124179 -0.265283 -0.167138 0.039162 -0.126381 
0.400390 0.000823 0.892355 0.053595 0.188699 0.064136 -0.362240 0.071920 -0.093188 -0.277739 -0.004542 -0.186302 -0.104513 0.029438 -0.178275 
-0.067409 -0.009738 0.990858 -0.160699 0.115535 0.008719 -0.271839 -0.063920 -0.230028 -0.248025 0.081760 -0.240362 -0.137646 0.106462 -0.083895 
0.295793 0.126387 0.536890 0.215190 0.205922 0.042391 -0.135815 -0.023280 0.008718 -0.169971 -0.019193 -0.011993 -0.175745 0.048360 -0.058387 
0.165944 0.104190 0.493020 0.288933 0.159484 0.044359 -0.210594 -0.146807 -0.055119 -0.219258 0.010123 -0.172105 -0.209093 0.073936 -0.084458 
0.472838 0.237838 0.461848 0.225749 0.202487 0.017363 -0.175439 -0.029806 -0.014148 -0.169108 -0.041791 -0.071077 -0.127791 0.045701 -0.116536 
