city012_015
SOSHIGAYA
86
-0.297827 -0.621493 0.201574 -0.209576 0.254130 -0.091501 0.002686 -0.075551 -0.014725 0.042852 0.059966 -0.083517 0.050927 -0.060737 0.034098 
-0.269140 -0.505090 0.143503 -0.361727 0.296937 -0.229589 0.068194 -0.059016 0.051187 0.045075 -0.071583 0.061455 -0.043031 0.000214 0.024549 
0.034201 -0.771333 0.316238 -0.428252 0.224449 -0.373157 -0.010893 -0.053405 0.148127 0.107480 -0.121838 0.074760 0.011963 -0.020113 -0.032362 
0.344414 -0.804754 0.569942 -0.161085 0.263839 -0.335763 -0.041807 -0.135791 0.006318 0.026043 -0.076298 0.061761 0.018418 -0.074989 0.098572 
0.685223 -0.881441 0.354876 -0.155756 0.488958 -0.062131 -0.087486 -0.110359 -0.060876 0.177362 0.018226 -0.143199 0.071518 -0.051639 0.018680 
1.196169 -0.352532 0.209053 -0.110190 0.567798 -0.029943 -0.192868 -0.084908 -0.141549 -0.016959 0.046379 -0.192233 0.097185 -0.126871 -0.046100 
1.369113 -0.123221 0.117275 -0.184393 0.543076 0.209797 -0.040593 -0.245708 -0.116504 -0.074607 -0.079321 -0.067292 0.065770 -0.144126 -0.129721 
1.591607 -0.501736 0.546391 -0.918572 -0.010373 0.087541 -0.049987 -0.126011 -0.322196 -0.067021 0.060115 -0.043888 0.364723 0.027011 -0.123877 
1.706205 -0.292976 0.480837 -0.997237 -0.090163 0.088576 -0.048466 -0.110383 -0.303801 -0.068076 0.100594 -0.051723 0.384994 0.103830 -0.152705 
1.804430 -0.276567 0.397015 -1.004398 -0.164028 0.138515 -0.104498 -0.046616 -0.278280 -0.149172 0.109415 -0.109378 0.405517 0.179237 -0.155617 
1.889641 -0.331980 0.348287 -0.993912 -0.147803 0.150445 -0.110421 -0.039401 -0.274759 -0.146429 0.103752 -0.118722 0.402791 0.174745 -0.162766 
1.813190 -0.347381 0.432466 -0.928665 -0.132736 0.120389 -0.141234 -0.102170 -0.236601 -0.112721 0.139137 -0.096743 0.351115 0.127177 -0.176889 
1.786659 -0.420460 0.457828 -0.949724 0.059448 0.087758 -0.116041 -0.225179 -0.314022 -0.046594 0.112524 0.054062 0.346338 -0.000919 -0.172219 
1.978519 -0.071455 0.282022 -0.479927 0.327316 0.034887 -0.095250 -0.100951 -0.098126 -0.079879 -0.098171 -0.150623 0.082782 -0.003410 -0.094990 
1.819461 -0.022412 0.384470 -0.449088 0.254632 -0.217815 0.014862 -0.001447 -0.084292 -0.012254 -0.166805 -0.063968 0.100540 -0.102819 0.020287 
1.034968 -0.346684 0.734944 -0.248779 0.428308 -0.259138 0.084005 -0.048047 -0.214582 0.067918 -0.067564 -0.057923 0.015834 -0.077684 0.022074 
0.196064 -0.200159 0.821421 -0.353439 0.508416 -0.308564 0.154073 0.044043 0.038457 0.092449 -0.104084 0.088456 0.036308 -0.052400 0.066646 
-0.320205 -0.313925 0.682197 -0.330844 0.543025 -0.333874 0.318590 0.162281 -0.036448 -0.007508 0.036116 0.103011 -0.052451 0.064444 -0.044466 
-0.809421 -0.398667 0.410810 -0.382637 0.580169 -0.177178 0.356046 -0.068628 0.010686 -0.065223 -0.053759 0.220001 -0.008160 -0.061175 -0.014598 
-0.843936 -0.793117 0.264897 -0.396894 0.340655 -0.377092 0.263114 0.072569 -0.027096 -0.121778 0.006851 0.066909 0.023994 -0.072517 0.003282 
-0.836516 -0.743358 0.277832 -0.363972 0.182473 -0.374488 0.257642 -0.061088 0.014524 0.046162 0.087057 -0.161658 0.038422 0.034926 0.007788 
-0.419219 -0.764508 0.245856 -0.398732 0.247176 -0.304352 0.189792 0.044455 -0.058720 -0.011660 0.048191 -0.003323 -0.053066 0.032255 -0.005755 
-0.353233 -0.637574 0.250968 -0.508298 0.349525 -0.214547 0.175728 -0.137187 0.058606 0.066756 -0.106350 0.036410 0.046726 -0.086512 0.051231 
-0.558881 -0.734810 0.436785 -0.424757 0.239559 -0.276036 0.231572 -0.136030 0.118112 -0.095496 0.034532 0.040426 -0.059832 0.009662 0.024291 
-0.448544 -0.767205 0.507148 -0.414649 0.241724 -0.247709 0.288399 -0.045276 0.047862 -0.163335 0.029289 0.076019 0.046925 -0.189973 0.148424 
-0.701828 -0.734801 0.550181 -0.507730 0.157559 -0.104619 0.289398 0.022548 -0.020482 -0.152763 -0.009530 0.077055 0.074975 -0.149315 0.108010 
-0.540257 -0.460805 0.779607 -0.603732 0.164114 -0.306587 0.302983 -0.137723 0.082249 0.043721 -0.128091 0.090339 0.055222 -0.179330 0.146611 
-0.038556 -0.359976 0.751682 -0.675611 0.211900 -0.352702 0.117676 -0.029832 -0.033692 0.083629 -0.083581 0.089412 0.039468 -0.137110 0.123987 
0.528118 -0.606659 1.298288 -0.249794 0.136368 -0.273091 0.014767 -0.050890 -0.143200 -0.126930 -0.024745 0.005751 -0.029765 -0.139505 0.136251 
0.692804 -0.980671 1.597913 -0.119399 0.008969 -0.150940 -0.216385 -0.023444 -0.197079 -0.284685 -0.081066 -0.010413 -0.138324 -0.112228 0.091258 
0.748578 -1.051225 1.639360 -0.105534 -0.109477 0.013226 -0.293207 -0.091055 -0.117081 -0.395306 0.027797 -0.104633 -0.177556 -0.002585 -0.000902 
0.698311 -1.007924 1.717157 -0.173641 -0.104126 -0.001116 -0.304355 -0.036859 -0.204337 -0.358626 0.053862 -0.148550 -0.155427 -0.014648 0.051091 
0.678017 -0.880689 1.690152 -0.179341 -0.144150 0.065430 -0.346874 0.018257 -0.243499 -0.380197 0.124589 -0.179887 -0.213029 0.073547 0.015187 
0.536355 -0.793339 1.623564 -0.190409 -0.105490 0.042173 -0.326779 -0.006833 -0.227655 -0.390140 0.139962 -0.190752 -0.218392 0.088906 0.031918 
0.709468 -0.869952 1.705370 -0.276680 -0.046587 0.006372 -0.333592 0.012769 -0.225459 -0.382425 0.167598 -0.214137 -0.189664 0.118751 -0.009881 
0.521129 -0.799690 1.642574 -0.269938 -0.087427 0.097823 -0.386110 0.018778 -0.244281 -0.365046 0.156021 -0.225135 -0.186699 0.110357 0.001130 
0.620018 -0.866291 1.744946 -0.332236 -0.090131 0.068077 -0.352261 -0.018175 -0.217571 -0.370824 0.167191 -0.237179 -0.150075 0.109753 -0.018926 
0.633423 -0.912975 1.873139 -0.347924 -0.137974 0.058309 -0.330513 -0.034926 -0.229843 -0.336972 0.140050 -0.245786 -0.097584 0.080093 -0.024779 
0.587382 -0.898838 1.828991 -0.298049 -0.207641 0.113813 -0.315952 -0.089066 -0.235323 -0.252836 0.056591 -0.248958 -0.035158 0.041365 -0.041831 
0.626033 -0.921335 1.808475 -0.301487 -0.183912 0.112729 -0.273400 -0.133863 -0.248165 -0.183663 0.010710 -0.284682 0.020502 0.010505 -0.064755 
0.556757 -0.862159 1.752717 -0.253306 -0.196862 0.096488 -0.187398 -0.178350 -0.276516 -0.107055 -0.037506 -0.297265 0.049775 -0.010730 -0.073902 
0.729064 -0.878423 1.701293 -0.230729 -0.197143 0.069121 -0.078524 -0.224445 -0.290541 -0.015370 -0.054022 -0.334928 0.115851 -0.018407 -0.122525 
0.673418 -0.765352 1.413750 -0.110874 -0.236318 0.102965 0.002651 -0.257659 -0.367205 0.047590 -0.031829 -0.378834 0.098168 0.024969 -0.159104 
0.745529 -0.789412 1.299646 -0.068730 -0.154159 0.022513 0.030869 -0.259569 -0.363698 0.051770 -0.017404 -0.352121 0.052599 0.067553 -0.155904 
0.838888 -1.002051 1.209651 0.008200 0.017840 -0.201084 -0.230740 -0.167518 -0.107148 -0.050235 -0.116387 -0.254225 0.173311 0.072784 -0.177617 
1.125029 -1.005928 0.961028 -0.140227 0.094887 -0.290444 -0.433371 0.005613 -0.068145 -0.125933 -0.034551 -0.084859 0.187464 0.035404 -0.063167 
1.437522 -1.290131 0.840518 -0.221037 0.128911 -0.451066 -0.377981 0.070419 -0.162230 0.092022 0.100611 -0.223565 0.277114 0.154293 -0.146071 
1.556706 -1.408982 0.577952 -0.315431 0.031110 -0.418600 -0.323084 0.089209 -0.070522 0.326766 0.121280 -0.246851 0.283637 0.075928 -0.118738 
1.476244 -1.333091 0.471773 -0.507041 0.091951 -0.420405 -0.278696 0.025034 0.042773 0.330098 0.189114 -0.221619 0.098890 0.202169 -0.129087 
1.403633 -1.379957 0.281925 -0.533752 0.152427 -0.348943 -0.156552 0.114781 0.054306 0.255575 0.182079 -0.300412 0.006307 0.147944 -0.115701 
1.352397 -1.394445 0.340621 -0.625767 0.156785 -0.336382 -0.138706 0.155948 0.143299 0.230254 0.150792 -0.321775 -0.067408 0.166346 -0.126221 
1.263379 -1.317270 0.391879 -0.626668 0.115957 -0.354448 -0.122763 0.052291 0.197952 0.297219 0.151257 -0.345695 -0.013071 0.151098 -0.160207 
1.319516 -1.337436 0.310480 -0.539899 0.065847 -0.382976 -0.094413 0.007975 0.223427 0.284892 0.110158 -0.311543 0.060339 0.127554 -0.213029 
1.320048 -1.330721 0.287068 -0.436772 0.006897 -0.402261 -0.109707 0.076511 0.205529 0.273947 0.040015 -0.277535 0.134035 0.080160 -0.271917 
1.372668 -1.419860 0.375053 -0.363004 -0.044028 -0.442775 -0.119443 0.107570 0.149722 0.282718 0.014542 -0.207634 0.184516 0.019034 -0.261921 
1.340861 -1.429201 0.421682 -0.232135 -0.143287 -0.458212 -0.144899 0.106151 0.112545 0.215071 0.022664 -0.092245 0.223160 -0.013035 -0.268034 
1.419596 -1.450294 0.536207 -0.169503 -0.215670 -0.449928 -0.191234 0.152711 0.043670 0.168103 0.059116 -0.046028 0.281636 -0.109559 -0.193842 
1.334303 -1.363923 0.604624 -0.165491 -0.219399 -0.483918 -0.227006 0.183374 0.013917 0.065755 0.107588 0.038750 0.234884 -0.078214 -0.124061 
1.251642 -1.283101 0.667702 -0.239505 -0.190638 -0.381335 -0.354512 0.091806 0.118401 0.019222 -0.003618 0.185441 0.268190 -0.173345 -0.017553 
1.324561 -1.305137 0.776887 -0.314260 -0.165918 -0.376112 -0.310899 0.007720 0.107083 0.077292 0.018006 0.086608 0.305391 -0.121148 -0.073539 
1.382247 -1.282636 0.667479 -0.270330 -0.195188 -0.381021 -0.298217 0.008865 0.112262 0.081494 0.015569 0.102917 0.309818 -0.133711 -0.088496 
1.428439 -1.246966 0.589207 -0.275374 -0.141214 -0.443234 -0.259698 0.031641 0.153979 0.107536 -0.004456 0.096319 0.283282 -0.130358 -0.128864 
1.389270 -1.256828 0.496588 -0.355969 -0.128080 -0.344809 -0.268146 0.095131 0.190244 0.053143 0.030592 0.023100 0.251413 -0.141854 -0.128159 
1.428693 -1.409082 0.392161 -0.317196 -0.072180 -0.392829 -0.161384 0.221487 0.089967 0.166097 0.011224 -0.125894 0.220663 -0.107949 -0.218592 
1.477912 -1.462454 0.325528 -0.365299 -0.090192 -0.345783 -0.090685 0.171764 0.126854 0.214900 0.010063 -0.207896 0.187652 -0.083060 -0.243122 
1.491371 -1.436702 0.214150 -0.448388 -0.053045 -0.248401 -0.083603 0.168250 0.122997 0.247867 -0.013764 -0.264642 0.166427 -0.094871 -0.186244 
1.486068 -1.413893 0.191041 -0.465074 -0.083057 -0.183956 -0.083979 0.088506 0.144878 0.282369 -0.027027 -0.257850 0.160043 -0.077735 -0.208812 
1.496966 -1.367431 0.220312 -0.493409 -0.052669 -0.186535 -0.047885 0.048409 0.143684 0.315085 -0.019998 -0.294770 0.135307 -0.056752 -0.209766 
1.445650 -1.340274 0.171119 -0.492714 -0.048972 -0.195467 -0.045408 0.073963 0.095711 0.309168 -0.008703 -0.258595 0.128576 -0.061051 -0.193156 
1.465189 -1.396257 0.080898 -0.523238 -0.020154 -0.131702 -0.064491 0.008708 0.154177 0.309840 -0.009691 -0.293754 0.139693 -0.058111 -0.182756 
1.422066 -1.303910 0.012552 -0.550521 -0.019540 -0.132227 -0.035628 -0.009801 0.144707 0.287050 0.017725 -0.265672 0.131208 -0.072142 -0.167613 
1.413846 -1.328797 -0.018077 -0.478267 -0.070733 -0.099985 -0.067923 -0.019649 0.158217 0.291120 0.025629 -0.261503 0.124718 -0.060275 -0.205095 
1.337901 -1.264806 0.049780 -0.577048 0.028992 -0.163344 0.013018 -0.068767 0.131575 0.349913 0.019578 -0.249165 0.068994 -0.098614 -0.138745 
1.520879 -1.285513 -0.118275 -0.440421 -0.149559 -0.038475 -0.013794 -0.113734 0.190530 0.300938 0.069054 -0.284460 0.106157 -0.101975 -0.174351 
1.707795 -1.253849 -0.311059 -0.261774 -0.322486 0.090063 -0.023247 -0.131297 0.201413 0.338020 0.061046 -0.334002 0.058915 -0.046776 -0.203152 
1.621518 -1.117281 -0.452537 -0.391272 -0.207887 0.120784 -0.043604 -0.128977 0.185455 0.373794 0.013177 -0.289826 0.020383 -0.081502 -0.090002 
1.309073 -1.269425 -0.275104 -0.481411 -0.082916 0.050432 -0.014888 -0.115559 0.179335 0.322665 0.044827 -0.287541 0.033024 -0.110273 -0.108777 
1.311754 -1.271713 -0.221869 -0.485657 -0.070581 0.118932 -0.075610 -0.118228 0.167787 0.284335 0.103310 -0.327426 0.003566 -0.006527 -0.151562 
1.280813 -1.148322 -0.225197 -0.434685 -0.057634 0.135605 -0.108508 -0.118429 0.116116 0.226200 0.117542 -0.288624 0.072782 -0.013542 -0.132912 
0.998957 -1.196918 -0.152006 -0.504138 0.005219 0.081596 -0.020985 -0.079250 0.125165 0.212619 0.020658 -0.278101 0.119102 -0.089750 -0.095020 
1.050322 -0.529473 -0.214851 -0.235027 -0.063133 0.265145 0.040114 -0.100340 0.230844 0.183592 -0.010164 -0.348825 0.008160 0.044334 0.003409 
0.570584 -1.060503 -0.033571 -0.482593 0.064138 0.017448 0.018407 -0.044044 0.071503 0.191506 -0.030822 -0.224279 0.103080 -0.032536 -0.077142 
0.945520 -0.474558 -0.329004 -0.251475 -0.030342 0.127477 0.060404 -0.056315 0.099769 0.218322 -0.012377 -0.311636 0.044043 -0.019237 0.017057 
1.007571 -0.387600 -0.298681 -0.098692 0.003895 0.163840 0.165094 -0.078458 0.245992 0.104525 -0.081400 -0.193303 -0.032632 0.078497 0.067006 
0.797260 -0.172922 -0.212204 -0.248955 -0.127212 0.126413 0.129789 0.012064 0.220208 0.063801 0.014825 -0.201667 -0.081279 0.043239 -0.038095 
0.858783 -0.284693 -0.337652 -0.086086 0.052180 0.127251 0.042048 -0.101255 0.272118 0.089459 0.030466 -0.171098 -0.145208 0.098604 0.099691 
