city012_050
ZAIMOKUCHOO
118
-0.147209 -0.983639 -0.026221 -0.125769 -0.040056 0.050580 -0.000309 0.046681 0.081559 -0.077122 -0.099169 0.116778 -0.022302 -0.003617 -0.051263 
0.277676 -1.025083 0.104911 -0.202689 -0.048981 -0.161739 0.016382 -0.026537 -0.000438 0.058765 0.053885 0.076170 -0.043569 -0.081961 -0.030586 
-0.016368 -0.867911 0.340793 -0.140417 0.117195 0.031199 -0.045236 -0.090358 0.068703 -0.020197 -0.046377 0.105754 -0.038569 -0.060618 0.030098 
0.145298 -0.779047 0.351463 -0.342067 -0.001363 -0.021270 0.060458 0.070803 0.021450 -0.063206 -0.070668 0.073765 0.024948 -0.041686 -0.025801 
1.240612 -0.863472 0.331523 -0.042192 0.004778 -0.120120 -0.220244 -0.237626 0.059418 0.042303 -0.102706 -0.016529 0.136093 0.026983 -0.071354 
1.567030 -0.874120 0.408694 -0.346286 0.024697 -0.237357 -0.394013 -0.192900 0.097763 0.209938 -0.118770 -0.023415 0.282906 0.053228 -0.037773 
1.670022 -0.985629 0.434964 -0.526715 0.030597 -0.276192 -0.344786 -0.121308 0.108709 0.362879 -0.098326 -0.014104 0.254459 -0.005294 -0.039843 
1.593767 -1.054649 0.293264 -0.592467 0.071748 -0.183615 -0.296022 -0.087079 0.107478 0.390494 -0.042001 -0.124394 0.215983 -0.054628 -0.052553 
1.648095 -1.238086 0.308294 -0.662628 0.126016 -0.117099 -0.239036 -0.047272 0.188159 0.310544 -0.056798 -0.158997 0.118824 -0.041246 -0.069123 
1.569911 -1.317785 0.269961 -0.717908 0.142160 -0.131822 -0.191911 -0.026676 0.225341 0.278521 -0.059858 -0.170090 0.117158 -0.088898 -0.041952 
1.517444 -1.306636 0.228817 -0.684056 0.125439 -0.132615 -0.140777 -0.013765 0.241698 0.274944 -0.075233 -0.188244 0.078296 -0.074572 -0.080176 
1.588057 -1.228242 0.121786 -0.609880 0.095551 -0.112065 -0.184497 0.023231 0.262593 0.212206 -0.064653 -0.133132 0.010313 -0.034843 -0.061313 
1.571961 -1.373971 0.227951 -0.568992 0.094995 -0.171011 -0.176299 0.049615 0.276729 0.173666 -0.040180 -0.162511 0.059518 -0.050881 -0.096614 
1.565390 -1.384878 0.274114 -0.499660 0.042006 -0.181096 -0.200615 0.041422 0.266945 0.187153 -0.111243 -0.104019 0.145544 -0.097269 -0.100626 
1.520691 -1.416451 0.462105 -0.456546 -0.048611 -0.155650 -0.258864 0.120007 0.225194 0.185933 -0.124439 -0.118278 0.218524 -0.116768 -0.157476 
1.538437 -1.475694 0.721268 -0.463975 -0.056122 -0.265136 -0.178595 0.089168 0.216736 0.165623 -0.025252 -0.123645 0.183218 -0.092200 -0.189523 
1.441597 -1.435864 0.857451 -0.447682 -0.222471 -0.197238 -0.195288 0.088770 0.086360 0.184428 0.031407 -0.041859 0.139271 -0.087324 -0.117828 
1.400816 -1.431441 1.115225 -0.521164 -0.183273 -0.248772 -0.090625 0.055142 0.021969 0.077208 0.074025 0.023797 0.085056 -0.094092 -0.023829 
1.198195 -1.278828 1.211001 -0.420721 -0.191164 -0.115432 -0.156238 0.037208 -0.099357 -0.008220 0.049733 0.063505 0.029449 -0.064528 0.061407 
1.165286 -1.152725 1.306157 -0.416807 -0.191524 -0.037678 -0.238357 0.001890 -0.145950 -0.117054 0.078132 0.065946 -0.046212 -0.014974 0.106100 
1.128672 -1.047268 1.431212 -0.441218 -0.139618 -0.067046 -0.282649 -0.017065 -0.148872 -0.173302 0.087616 0.048398 -0.078268 0.022552 0.113536 
1.091945 -0.922445 1.434088 -0.455862 -0.130130 0.007494 -0.313711 -0.031053 -0.164029 -0.224751 0.085596 0.014270 -0.111639 0.052490 0.096812 
1.093122 -0.889552 1.537314 -0.524180 -0.029305 -0.017613 -0.307269 -0.053650 -0.146273 -0.236327 0.099667 -0.038124 -0.119414 0.108977 0.042646 
0.978755 -0.780019 1.485823 -0.495543 -0.034818 0.056019 -0.347795 0.002119 -0.232254 -0.224146 0.080974 -0.065099 -0.145516 0.100449 0.040620 
1.038586 -0.801969 1.585058 -0.527211 0.020862 0.017441 -0.326668 -0.013311 -0.223602 -0.243116 0.120108 -0.129203 -0.130013 0.121637 0.009169 
0.871808 -0.690868 1.478788 -0.509803 -0.003668 0.098607 -0.329193 0.009535 -0.293977 -0.248766 0.107405 -0.144460 -0.158650 0.103672 0.023185 
0.987858 -0.798725 1.664289 -0.556720 0.100666 -0.008608 -0.307358 -0.025818 -0.215862 -0.283060 0.133249 -0.182819 -0.127674 0.107702 -0.011246 
0.866594 -0.687493 1.600129 -0.503732 0.001764 0.106142 -0.372010 0.038771 -0.292235 -0.232972 0.077549 -0.165277 -0.131035 0.069945 0.023665 
0.885913 -0.723137 1.643730 -0.502864 0.030101 0.072328 -0.334747 -0.018598 -0.243698 -0.250565 0.072715 -0.174605 -0.125068 0.073112 -0.022391 
0.914218 -0.777285 1.712409 -0.469250 -0.006778 0.084716 -0.344663 -0.018349 -0.255018 -0.225131 0.039997 -0.180024 -0.097998 0.039216 -0.019788 
0.936765 -0.838307 1.747382 -0.415286 -0.084267 0.108305 -0.309575 -0.063507 -0.236236 -0.217717 0.040860 -0.218016 -0.039592 0.011861 -0.042080 
0.998255 -0.949395 1.581495 -0.121859 -0.248524 0.039824 -0.147967 -0.072569 -0.359162 -0.178343 0.118280 -0.336071 -0.032169 0.106757 -0.180969 
1.294832 -0.958184 1.046367 0.300327 -0.153347 -0.100501 -0.217510 0.075464 -0.298878 -0.385052 0.184046 -0.300711 -0.107180 0.165005 -0.278810 
1.436538 -0.683473 0.855966 0.536218 -0.236223 -0.043251 -0.150474 -0.249137 -0.118020 -0.123629 -0.086426 -0.339805 0.059857 0.084573 -0.221970 
1.457557 -0.737874 0.889207 0.528004 -0.284016 0.003899 -0.174890 -0.242288 -0.122440 -0.103089 -0.095540 -0.352901 0.093771 0.092053 -0.261912 
1.423089 -0.748280 0.949706 0.448478 -0.241778 -0.033450 -0.136533 -0.273525 -0.099332 -0.112667 -0.105166 -0.336683 0.104225 0.066491 -0.249499 
1.310197 -0.679402 0.938794 0.429118 -0.245547 -0.018743 -0.119249 -0.310641 -0.100748 -0.058284 -0.153392 -0.312856 0.106350 0.049993 -0.218144 
1.382737 -0.811236 1.025743 0.340121 -0.223772 -0.007499 -0.063009 -0.383093 -0.083016 -0.021877 -0.207749 -0.284116 0.111982 0.010778 -0.230614 
1.271890 -0.743360 0.976829 0.342706 -0.279809 0.079306 -0.104622 -0.404435 -0.027218 -0.037847 -0.230849 -0.240025 0.125323 -0.042925 -0.187092 
1.688773 -0.833679 0.840854 -0.026975 -0.375201 0.214753 -0.018572 -0.302264 -0.081363 -0.055348 -0.058728 -0.171889 0.127788 0.028909 -0.221637 
1.820394 -0.877648 0.680465 -0.633104 -0.181028 0.184803 0.081661 -0.045839 -0.298353 -0.089726 0.017752 -0.165533 0.288469 0.113999 -0.225934 
1.838074 -0.956677 0.620553 -0.835514 -0.077171 0.140128 0.175786 0.007548 -0.318436 0.022116 0.055201 -0.162338 0.334655 0.044502 -0.231273 
1.753724 -0.934458 0.521596 -0.805092 -0.084042 0.145771 0.100736 0.056663 -0.335575 0.026690 0.012638 -0.150557 0.353991 0.037991 -0.197674 
1.823815 -0.891599 0.558865 -0.858320 -0.100612 0.116531 0.189613 0.033027 -0.324033 0.069537 0.002247 -0.161075 0.368116 -0.002143 -0.172090 
1.723760 -0.767610 0.538149 -0.784461 -0.197766 0.140939 0.158275 0.031225 -0.310040 0.073992 -0.042469 -0.174939 0.368966 0.006968 -0.133977 
1.812585 -0.768516 0.636021 -0.754718 -0.217668 0.075981 0.219549 0.018125 -0.278031 0.081948 -0.068185 -0.201061 0.334259 0.008257 -0.111784 
1.766315 -0.668302 0.660864 -0.652031 -0.217093 0.025792 0.263157 -0.031169 -0.292085 0.084079 -0.130168 -0.196153 0.316336 -0.008016 -0.080960 
1.763906 -0.529599 0.616957 -0.417353 -0.303172 0.012297 0.279111 -0.118841 -0.267428 0.072622 -0.218514 -0.174435 0.242346 -0.015387 -0.065274 
1.757233 -0.360720 0.562081 -0.192823 -0.368132 -0.010441 0.291240 -0.238999 -0.198631 0.019992 -0.223321 -0.220008 0.231205 -0.089172 -0.041293 
1.802109 -0.201072 0.442129 -0.091622 -0.383354 0.102027 0.234149 -0.183770 -0.171385 -0.000522 -0.300843 -0.201746 0.161448 -0.073540 -0.081146 
1.291700 -0.073687 0.369391 -0.228408 -0.230770 0.213630 0.336885 -0.183201 -0.157477 -0.051548 -0.118213 -0.183459 0.217399 0.022679 -0.131190 
0.998329 -0.120862 0.251376 0.147853 0.015902 0.173568 0.008911 -0.270658 0.013043 -0.043092 -0.106531 0.018285 -0.058722 0.024946 -0.151395 
0.472687 -0.173259 0.433164 0.194632 0.055201 0.159673 -0.296579 -0.313367 0.071224 0.053795 -0.107308 -0.192598 0.005291 0.057445 -0.039157 
0.129269 -0.173352 0.331390 0.003499 -0.065665 0.072292 -0.067145 -0.109815 0.108239 -0.062668 -0.002121 0.013439 -0.015785 0.017017 -0.051123 
0.520846 -0.731034 -0.517585 -0.472624 0.059858 0.219332 0.108396 -0.010871 -0.053119 -0.062253 0.006927 0.091089 -0.046866 0.038342 -0.134116 
0.425154 -0.733985 -0.525058 -0.560733 0.077579 0.337651 0.246491 -0.133203 -0.083639 -0.181714 0.085888 0.098359 0.023384 0.071187 -0.201516 
0.907912 -0.581849 -0.421508 -0.337703 -0.002566 -0.099668 0.037654 -0.068837 0.082826 -0.038702 -0.069963 0.190955 0.057824 0.010372 -0.165549 
1.082568 -1.212731 -0.111660 -0.291322 0.251272 -0.450709 0.318680 0.085251 -0.030851 -0.071243 -0.068310 0.114302 0.027797 -0.061617 -0.035052 
0.593096 -0.796681 0.711676 0.159951 0.073965 -0.477984 -0.001015 0.100909 -0.122587 -0.116844 -0.033225 0.160093 -0.128706 0.033998 0.030378 
0.519426 -0.581793 1.258929 -0.093517 0.076957 -0.454815 0.235532 0.039863 -0.217132 0.043774 -0.006713 0.066206 -0.073140 0.009023 0.020601 
-0.074652 -0.213402 0.904868 -0.124241 0.147236 -0.220661 0.206790 0.181455 -0.105013 0.042000 0.028074 0.105265 -0.067379 -0.010944 0.017622 
0.122162 -0.043153 0.266926 -0.162619 -0.000522 0.202117 0.279103 0.179103 -0.042233 0.027465 0.006822 -0.048449 0.077779 0.128866 -0.111871 
-0.068965 -0.121538 0.291467 -0.084378 -0.076101 0.210003 0.121262 0.110052 0.034385 -0.028757 -0.000320 0.031726 -0.022808 0.066576 -0.020730 
-0.188380 -0.214859 0.215598 -0.030896 0.002258 0.116113 0.169358 0.058405 0.096412 -0.144786 0.032998 0.055989 -0.018752 0.049109 -0.046152 
-0.308536 -0.298486 0.020865 -0.062574 -0.203966 0.196727 0.135180 0.045851 0.036056 -0.101349 -0.038509 0.024285 -0.027008 0.100866 -0.067136 
-0.218037 -0.022721 0.151598 -0.044670 -0.072370 0.034360 -0.118237 -0.157904 0.033336 -0.055814 0.075884 0.010762 -0.072905 0.060406 -0.002044 
-0.161104 -0.121664 0.013345 -0.092723 -0.114966 -0.005313 0.047593 0.122413 0.046143 -0.253412 0.133377 0.070981 -0.135762 0.037424 0.017359 
-0.309651 -0.203810 0.101235 -0.078301 -0.151861 0.153843 -0.086088 0.010817 0.099774 -0.145029 0.081569 0.026255 -0.090486 0.075471 -0.046326 
-0.334277 -0.165662 0.254732 -0.071675 -0.077428 -0.118617 -0.128484 0.125890 0.062342 -0.158632 0.074751 0.080911 -0.081727 0.024360 -0.023372 
-0.408057 -0.818890 0.376163 -0.502190 0.213987 -0.197158 0.040202 0.038120 -0.019847 0.070419 -0.031244 0.036923 -0.075688 0.042387 -0.022801 
-0.674433 -0.407441 0.232099 -0.287725 0.097086 -0.139946 0.046703 0.102427 -0.070412 0.025978 -0.001955 -0.038521 0.053938 -0.020842 -0.056877 
-1.150544 -0.315494 0.595363 -0.504307 0.281157 -0.235054 -0.082407 -0.052958 0.029606 0.152081 -0.132942 0.002530 0.068778 -0.011531 -0.023757 
-0.988622 -0.288827 0.507637 -0.602726 0.519577 -0.108416 -0.032209 -0.024718 -0.000363 0.047813 -0.031799 0.025390 -0.041870 0.037970 -0.030290 
-0.769804 -0.916350 0.499770 -0.668816 0.534565 -0.230169 0.000800 0.003208 -0.050065 0.112407 0.000277 -0.072807 0.031864 -0.048739 0.093013 
-1.148661 -0.706317 0.552329 -0.566113 0.356810 -0.279015 0.056721 0.072966 -0.012333 0.046295 -0.080282 0.008471 0.047394 -0.013081 -0.043865 
-1.060571 -0.724143 0.472454 -0.779066 0.450059 -0.340919 0.205721 0.077021 -0.036945 0.063472 -0.139445 -0.007939 0.128942 -0.099520 0.015737 
-0.801493 -0.744325 0.623205 -0.626190 0.391301 -0.361312 0.271108 0.140738 -0.195719 0.055477 -0.075959 0.051678 0.075627 -0.149854 0.099793 
-0.996265 -0.840701 0.712139 -0.686701 0.264814 -0.335502 0.268662 0.115640 -0.144135 0.068068 -0.066203 0.016886 0.012198 -0.012936 -0.031449 
-0.860267 -0.527868 0.951906 -0.892538 0.285961 -0.172353 0.109772 0.067152 -0.078396 0.083969 -0.022263 -0.093738 0.108156 -0.014231 -0.122088 
-0.506148 -0.688647 1.041113 -0.769191 0.412031 -0.139447 0.072711 0.077220 -0.118468 0.084066 0.028574 -0.154925 0.172949 -0.033556 -0.122606 
0.094442 -0.551330 1.097637 -0.588326 0.252446 -0.261108 0.029455 0.163718 -0.060759 0.123870 -0.007053 -0.134900 0.212805 -0.056347 -0.208575 
0.569651 -0.755795 1.012436 -0.373539 0.236044 -0.172880 0.010657 0.211524 -0.053045 -0.006068 0.128272 -0.145363 0.090795 0.085415 -0.194313 
1.187944 -0.639121 0.757291 0.063773 0.035611 -0.228100 -0.179811 -0.002134 0.025996 -0.188071 -0.073189 -0.033208 0.089774 0.056339 -0.276805 
1.853252 -1.079141 0.595044 -0.018880 -0.198894 -0.129422 -0.334883 -0.184933 0.081296 -0.131677 0.011580 -0.058987 0.111601 0.234095 -0.223327 
1.799279 -1.027733 0.513546 -0.375504 -0.214581 0.069809 -0.231696 -0.163428 -0.085757 -0.147715 0.166618 -0.045834 0.087270 0.223066 -0.205390 
1.834183 -1.001433 0.471492 -0.584885 -0.258383 0.194954 -0.210751 -0.234402 -0.144078 -0.120772 0.278995 0.013629 0.091854 0.250140 -0.266846 
1.793950 -0.874296 0.428881 -0.733357 -0.233043 0.169047 -0.195868 -0.171700 -0.153713 -0.117126 0.331298 0.034209 0.124384 0.201377 -0.229631 
1.762823 -0.718976 0.326013 -0.755859 -0.210870 -0.013697 -0.115473 -0.044009 -0.177739 -0.142912 0.212666 0.088466 0.127585 0.261480 -0.156568 
1.818029 -0.766837 0.375024 -0.793066 -0.192977 -0.177889 -0.001149 -0.047066 -0.139444 -0.154903 0.152313 0.029793 0.180292 0.288869 -0.126107 
1.758286 -0.645698 0.297416 -0.743718 -0.271841 -0.115695 -0.056773 0.010671 -0.144082 -0.176743 0.118391 -0.013719 0.221353 0.304159 -0.136355 
1.801261 -0.630812 0.374971 -0.856936 -0.279054 -0.041613 -0.088966 0.044267 -0.183887 -0.154748 0.123060 -0.096879 0.261194 0.332041 -0.173110 
1.870065 -0.611443 0.513526 -0.991781 -0.232884 -0.038515 -0.035257 0.001891 -0.136281 -0.161909 0.124700 -0.168902 0.293814 0.262545 -0.156422 
1.758137 -0.499731 0.425236 -0.906500 -0.266376 0.017114 -0.068621 0.061350 -0.215344 -0.079858 0.101615 -0.166554 0.263634 0.264431 -0.188443 
1.726104 -0.501355 0.430270 -0.922016 -0.239613 0.051870 -0.032949 0.054600 -0.222807 -0.100834 0.120647 -0.169742 0.261840 0.254526 -0.185207 
1.742689 -0.550808 0.485634 -0.999519 -0.181335 -0.016753 0.046631 0.039323 -0.227988 -0.101653 0.116560 -0.130431 0.266130 0.239859 -0.143943 
1.697769 -0.400911 0.291169 -0.852550 -0.278430 0.048960 -0.004476 0.079052 -0.252774 -0.091669 0.092435 -0.174324 0.256896 0.293184 -0.178007 
1.810892 -0.431616 0.329517 -0.967547 -0.205599 -0.034493 0.038867 0.052066 -0.230888 -0.106716 0.134158 -0.208180 0.304496 0.282432 -0.176156 
1.649880 -0.319275 0.259415 -0.922220 -0.254497 -0.062911 0.046717 0.065233 -0.243038 -0.043785 0.086554 -0.159306 0.280282 0.271774 -0.138952 
1.738879 -0.249156 0.281573 -0.990384 -0.253451 -0.102885 0.043201 0.061444 -0.237662 -0.016292 0.098130 -0.162070 0.282193 0.279669 -0.150762 
1.758800 -0.245308 0.203664 -0.929328 -0.317914 -0.029544 -0.036648 0.067805 -0.229693 -0.060318 0.156209 -0.222986 0.329647 0.296396 -0.188221 
1.663385 -0.169053 0.208294 -0.901878 -0.321672 -0.029657 -0.044184 0.091612 -0.260270 -0.051288 0.138117 -0.200678 0.301975 0.299411 -0.175751 
1.730035 -0.176345 0.246543 -0.943381 -0.268837 -0.094878 0.031369 0.039343 -0.222504 -0.075496 0.166698 -0.250044 0.321042 0.274984 -0.161929 
1.695653 -0.132840 0.157803 -0.841374 -0.383570 0.039274 -0.052235 0.080768 -0.250887 -0.048554 0.110306 -0.213107 0.283917 0.322735 -0.215270 
1.600231 -0.095935 0.185946 -0.899040 -0.278777 -0.071689 0.029611 0.051257 -0.255661 -0.027071 0.077378 -0.195283 0.300845 0.270649 -0.146026 
1.566918 -0.023716 0.159711 -0.901989 -0.321709 -0.034577 0.009260 0.079627 -0.270745 -0.030983 0.101428 -0.195307 0.310463 0.291775 -0.169371 
1.517752 0.020426 0.126464 -0.870267 -0.339179 -0.008642 -0.015864 0.080029 -0.281899 0.000539 0.072114 -0.170753 0.301532 0.277928 -0.175641 
1.591413 -0.089491 0.047158 -0.819554 -0.305202 -0.062377 0.022080 0.045538 -0.263414 0.011726 0.063302 -0.175225 0.301606 0.272772 -0.158025 
1.550199 0.000405 0.040015 -0.795456 -0.399845 0.024188 0.026257 0.058608 -0.249553 -0.019464 0.101635 -0.178565 0.290862 0.302505 -0.202664 
1.491705 0.109089 -0.013956 -0.829361 -0.308674 -0.064149 0.124696 -0.010129 -0.236196 0.012209 0.059704 -0.145533 0.301059 0.249690 -0.153521 
1.502957 0.160654 -0.019520 -0.741237 -0.346158 0.033929 0.107935 0.053696 -0.178621 0.009462 0.056003 -0.138664 0.171307 0.225815 -0.187550 
1.309097 0.339572 -0.025823 -0.764759 -0.302635 -0.051934 0.081048 0.013712 -0.101098 -0.061059 0.081864 -0.097480 0.156438 0.196074 -0.111819 
1.423051 0.303361 -0.009487 -0.512701 -0.293965 0.089581 0.130893 0.052450 -0.155914 -0.085249 0.093855 -0.122292 0.077908 0.220549 -0.158438 
0.925854 0.190458 0.032698 -0.265519 -0.187425 0.221295 0.315812 -0.020627 -0.063441 -0.059120 0.010079 -0.101965 0.038150 0.202430 -0.149074 
1.049232 0.246826 0.125451 -0.304483 -0.300151 0.142281 0.285534 0.081050 -0.019588 0.037578 -0.072031 -0.166052 0.027480 0.113968 -0.114747 
0.782950 0.221431 0.181893 -0.135294 -0.115387 0.342419 0.224204 -0.160285 -0.093961 -0.049111 -0.007250 -0.019486 0.072159 0.063152 -0.150536 
0.753666 -0.045634 -0.027723 -0.071075 -0.025387 0.330508 0.323287 -0.078565 0.102936 -0.148539 0.105190 0.006796 0.017388 0.165332 -0.113706 
0.619360 0.085824 -0.148493 -0.162745 -0.057214 0.307154 0.107365 0.013569 0.062071 -0.159790 0.131798 -0.093372 0.040413 0.095001 -0.115953 
0.288143 -0.134726 -0.200786 -0.310470 -0.142678 0.148780 0.274862 -0.019299 -0.092469 -0.143645 0.054859 0.028393 -0.052408 0.167839 -0.033605 
