city012_085
MYOOKOOSAN
105
0.258680 0.204934 0.291794 0.323312 0.217894 0.000464 -0.126728 -0.036604 0.150840 -0.030744 0.068099 -0.138669 -0.025165 0.209722 -0.114444 
0.607067 0.288123 0.485692 0.488513 0.162320 0.079353 -0.166250 -0.054118 -0.028276 -0.060794 0.034257 -0.246960 -0.167081 0.262501 -0.204450 
1.333290 -0.081078 0.671580 0.589560 -0.162270 -0.079739 -0.034600 -0.134285 -0.076092 -0.154423 -0.049173 -0.149850 -0.041070 0.067484 -0.197781 
1.591269 -0.320961 0.587368 0.660540 -0.093904 -0.012534 -0.004984 -0.277277 -0.081744 -0.120073 -0.045009 -0.251049 -0.105042 0.055743 -0.177062 
1.350304 -0.580081 0.747939 0.562448 0.029230 -0.156687 -0.102478 -0.107407 -0.086945 -0.227315 -0.064316 -0.185314 -0.171974 0.113266 -0.220577 
1.296918 -1.138457 1.176601 0.308273 -0.026833 -0.115584 -0.157104 -0.010116 -0.208593 -0.303095 0.065272 -0.192589 -0.241648 0.201905 -0.263620 
1.057126 -1.027907 1.326882 -0.014681 -0.152202 0.100281 -0.118059 -0.110114 -0.284639 -0.189444 0.122836 -0.272093 -0.132790 0.155524 -0.223395 
1.208975 -1.224744 1.468853 -0.081303 -0.161046 -0.063546 -0.117494 -0.025028 -0.286850 -0.143180 0.129201 -0.212400 -0.097151 0.211050 -0.231596 
1.282791 -1.240342 1.234729 -0.082941 -0.160697 -0.130918 -0.156938 0.069228 -0.304546 -0.105253 0.143068 -0.138488 -0.062642 0.196033 -0.188936 
1.335894 -1.172923 0.837255 -0.126261 -0.091702 -0.061405 -0.307330 0.003453 -0.186191 -0.018632 0.153855 -0.186347 0.039923 0.208714 -0.144417 
1.686160 -1.218595 0.765373 -0.468546 0.146493 -0.091084 -0.304575 -0.109596 -0.137653 0.199939 0.169255 -0.175762 -0.044453 0.273654 -0.135419 
1.565421 -0.957311 0.454231 -0.510890 0.001971 0.120513 -0.247954 -0.158010 -0.272378 0.167002 0.256978 -0.138796 0.031807 0.132592 -0.203154 
1.868848 -1.042030 0.650198 -0.834995 0.039898 0.098576 -0.043267 -0.104923 -0.317886 0.130602 0.181034 -0.059874 0.118087 0.108190 -0.347583 
1.868583 -0.932394 0.654047 -0.902793 -0.017514 0.092189 0.007549 -0.007380 -0.333225 0.038453 0.082177 -0.100376 0.251586 0.114910 -0.277490 
1.667172 -0.642594 0.506510 -0.866050 -0.100718 0.110647 -0.005481 0.079977 -0.322152 0.002569 -0.031654 -0.145714 0.299368 0.115685 -0.139674 
1.781123 -0.676842 0.622481 -0.984051 -0.058690 0.074485 0.096166 0.058405 -0.315966 0.015332 -0.065550 -0.095766 0.256841 0.166036 -0.179759 
1.674082 -0.520319 0.556875 -0.910807 -0.128468 0.083947 0.023949 0.124378 -0.289944 0.027175 -0.066362 -0.193703 0.277033 0.108145 -0.115955 
1.806341 -0.605742 0.653639 -0.963175 -0.103929 0.008111 0.034167 0.179395 -0.262068 0.016391 -0.096136 -0.217780 0.239925 0.124611 -0.124947 
1.820146 -0.663762 0.641840 -0.935170 -0.077806 -0.037276 0.029994 0.207540 -0.241145 -0.037664 -0.126295 -0.194186 0.198585 0.162585 -0.125891 
1.752661 -0.630540 0.533667 -0.911550 -0.026543 -0.047904 -0.015409 0.167344 -0.165011 -0.102650 -0.120436 -0.212079 0.249604 0.138319 -0.094423 
1.769026 -0.550825 0.523231 -0.923808 -0.086692 0.027089 -0.030369 0.156129 -0.211386 -0.060218 -0.116825 -0.207668 0.250147 0.139946 -0.090614 
1.858404 -0.545686 0.639094 -1.005664 -0.132012 0.023611 0.000805 0.117343 -0.251259 -0.027954 -0.093369 -0.184456 0.229115 0.204688 -0.168811 
1.769853 -0.405705 0.582380 -0.954470 -0.209141 0.048526 -0.050333 0.101047 -0.262251 -0.036558 -0.073927 -0.230729 0.286626 0.166155 -0.120835 
1.954656 -0.491044 0.692434 -1.038369 -0.152319 -0.009824 -0.018927 0.061984 -0.256905 -0.020278 -0.070042 -0.191428 0.266079 0.195650 -0.175735 
1.869916 -0.417290 0.646117 -1.010368 -0.185414 0.005396 -0.046741 0.074020 -0.270747 -0.010306 -0.073674 -0.198880 0.263911 0.199483 -0.167390 
1.868598 -0.450240 0.646330 -0.987292 -0.169105 -0.036046 -0.003220 0.056375 -0.289136 0.003365 -0.088495 -0.166651 0.261746 0.202185 -0.156392 
1.847615 -0.432597 0.646008 -0.983370 -0.183164 -0.037307 0.000450 0.056676 -0.292764 0.011248 -0.092431 -0.176307 0.273148 0.180913 -0.124700 
1.904580 -0.476304 0.614639 -0.956301 -0.130798 -0.081682 0.032250 0.039873 -0.267942 -0.010243 -0.112063 -0.179301 0.254105 0.194697 -0.145260 
1.849556 -0.393526 0.543973 -0.923246 -0.138434 -0.047141 0.028533 0.036486 -0.260302 -0.036707 -0.125771 -0.223148 0.267160 0.189336 -0.126235 
1.966714 -0.408673 0.655488 -0.983406 -0.130899 -0.088051 0.073048 0.061702 -0.296519 0.023516 -0.158892 -0.221606 0.242378 0.190331 -0.141847 
1.925993 -0.348032 0.656900 -0.958866 -0.122181 -0.104135 0.081509 0.072953 -0.310261 0.043788 -0.193639 -0.243789 0.256480 0.141970 -0.126126 
1.912272 -0.230943 0.624481 -0.843862 -0.109430 -0.100809 0.044068 0.070698 -0.284655 0.002711 -0.200505 -0.334472 0.212960 0.106478 -0.166889 
1.872395 -0.098506 0.526781 -0.591837 -0.166192 -0.097381 0.110056 0.002657 -0.237012 0.031809 -0.260316 -0.289848 0.148056 0.036043 -0.166864 
1.730796 0.057801 0.369893 -0.472752 -0.189010 -0.010654 0.206329 -0.043358 -0.241286 0.005200 -0.356265 -0.257850 0.133740 0.053443 -0.137719 
1.498435 0.309152 0.355452 -0.302359 -0.149624 0.236007 0.517328 0.000756 -0.057707 0.053752 -0.294854 -0.155449 0.179518 0.070988 -0.065776 
1.330465 0.532580 0.455440 -0.124905 -0.071361 0.459350 0.308436 0.117064 0.041111 -0.134742 -0.106228 -0.123425 0.018254 0.176890 -0.194332 
0.691135 0.168616 0.405308 0.088034 0.008245 0.213833 -0.200246 -0.314834 0.139827 0.085605 -0.038585 -0.103091 -0.018866 0.169807 -0.187523 
0.673776 -0.259939 0.062424 -0.005523 -0.047394 0.060602 -0.250969 -0.366843 0.082130 0.156966 0.063857 -0.129879 -0.026037 0.191423 -0.098324 
0.443399 -0.394578 -0.162808 0.039351 0.028898 -0.007010 -0.281409 -0.203699 0.141091 0.037796 0.123502 -0.102220 -0.039639 0.144960 -0.071897 
0.289577 -0.239563 -0.096798 -0.204106 -0.026283 0.046841 -0.125350 -0.072923 0.204972 0.150742 0.092317 -0.275511 -0.036171 0.199252 -0.160936 
0.076486 -0.461868 -0.200462 -0.254871 0.033373 0.195209 -0.026573 -0.055263 0.090173 0.018439 0.039585 -0.162079 -0.030180 0.199990 -0.165763 
0.153457 -0.351447 -0.070849 -0.212980 -0.077292 0.114130 0.134584 0.069762 0.145396 -0.082767 -0.145936 -0.022023 0.012508 0.129296 -0.119485 
1.373357 -0.704788 -0.663301 -0.540074 -0.032024 0.151088 0.189994 0.033042 0.054772 -0.167046 0.037803 0.035391 -0.111912 0.227678 -0.242995 
1.568154 -0.427835 -0.613892 -0.731865 0.181306 -0.081854 0.293242 0.027158 -0.036845 -0.116581 -0.021519 0.110813 0.016063 0.080791 -0.103139 
1.045154 -0.354090 -0.210053 -0.707988 -0.035575 0.017422 0.180780 -0.120597 -0.035625 -0.047223 0.028088 0.158462 0.033956 0.071914 -0.175876 
1.208521 -0.080478 0.063403 -0.336364 0.084251 0.100529 0.311878 0.006915 -0.023887 -0.047863 -0.053509 -0.031294 0.036462 0.181170 -0.182466 
1.757600 0.268099 0.059162 -0.226257 0.044074 0.228174 0.277230 -0.050520 -0.063574 -0.143613 -0.133533 -0.060070 0.040800 0.142920 -0.143342 
2.090658 -0.226752 0.329619 -0.649547 -0.220209 0.021013 0.006751 0.023405 -0.248433 -0.058796 -0.051981 -0.235596 0.113997 0.239943 -0.195213 
2.090671 -0.431210 0.405924 -0.931408 -0.135335 0.050566 0.032734 -0.032206 -0.320477 -0.060179 -0.053319 -0.141178 0.313645 0.237556 -0.183329 
1.867121 -0.632511 0.517388 -0.899863 -0.163893 -0.018053 0.032990 0.007044 -0.283823 -0.089985 -0.045524 -0.062788 0.307361 0.178942 -0.062376 
1.908061 -0.767144 0.524180 -0.876343 -0.117575 -0.059482 -0.109119 0.069449 -0.230465 -0.110245 0.000572 -0.077113 0.305579 0.179107 -0.135403 
1.804746 -0.705211 0.389985 -0.823838 -0.098804 -0.099917 -0.163221 0.076928 -0.180951 -0.132229 0.005774 -0.142559 0.365564 0.193080 -0.121730 
1.897959 -0.710839 0.476312 -0.916753 -0.096400 -0.100989 -0.142232 0.070838 -0.201692 -0.101258 0.002391 -0.144890 0.331796 0.223338 -0.145568 
1.786660 -0.487706 0.471496 -0.949386 -0.164924 -0.070231 -0.115859 0.081847 -0.237410 -0.062135 -0.004934 -0.156873 0.300997 0.219740 -0.138198 
1.959740 -0.453608 0.627542 -1.076618 -0.199030 -0.048274 -0.055359 0.089967 -0.260050 -0.026366 -0.026209 -0.186446 0.283466 0.231315 -0.153853 
1.902168 -0.362785 0.643503 -1.050630 -0.265891 -0.035266 -0.032104 0.107148 -0.264201 -0.016211 -0.035829 -0.239616 0.266061 0.240397 -0.155041 
1.892536 -0.335784 0.661741 -1.089028 -0.220817 -0.078454 0.014009 0.109566 -0.233407 0.019075 -0.067439 -0.224242 0.233832 0.200403 -0.138658 
1.887605 -0.329765 0.633882 -1.036165 -0.265433 -0.062726 -0.014227 0.139165 -0.214047 0.024700 -0.064636 -0.271137 0.237751 0.146680 -0.113193 
1.854811 -0.274874 0.584715 -1.021666 -0.247208 -0.078126 -0.004819 0.147280 -0.215511 0.056683 -0.086264 -0.261294 0.206391 0.166519 -0.160113 
1.829905 -0.246185 0.549021 -1.005172 -0.293824 -0.061693 0.021267 0.153266 -0.156147 0.049660 -0.048013 -0.287732 0.186356 0.135616 -0.140716 
1.840354 -0.369694 0.554835 -1.021516 -0.304009 -0.054507 0.022368 0.166837 -0.145408 0.081757 -0.065734 -0.251476 0.186601 0.118589 -0.133755 
1.843022 -0.338892 0.521440 -1.035500 -0.287416 -0.054325 -0.012187 0.150867 -0.134500 0.071174 -0.023495 -0.248849 0.187424 0.152201 -0.194198 
1.811021 -0.337172 0.419353 -1.022844 -0.275004 0.006375 -0.003696 0.125890 -0.171431 0.047592 -0.005643 -0.198610 0.250417 0.135972 -0.123814 
1.945531 -0.489428 0.368495 -0.967463 -0.191920 -0.035059 0.003042 0.078737 -0.226135 -0.001272 0.006500 -0.177941 0.280098 0.201891 -0.135909 
1.972937 -0.600140 0.241481 -0.663253 -0.055348 -0.067403 -0.153342 0.062661 -0.172860 -0.103175 0.017514 -0.070375 0.151257 0.232184 -0.153211 
2.046868 -0.487802 0.177319 -0.732776 -0.160543 0.110163 -0.030421 -0.159879 -0.273079 -0.001669 0.125881 -0.021950 0.226286 0.184397 -0.273923 
2.046770 -0.178245 0.103235 -0.542449 0.163208 0.126502 0.083952 -0.263518 -0.316576 0.126243 0.099742 0.059022 0.065816 -0.038242 -0.249069 
2.025014 -0.215159 0.376659 -0.156251 0.263142 0.033170 -0.004137 -0.129056 -0.308245 0.052078 0.219239 -0.048653 -0.116050 0.102126 -0.158654 
1.925396 -0.016844 0.598560 -0.137203 0.227754 0.054095 0.151693 0.068293 0.102165 0.030237 -0.190052 0.010340 -0.082099 0.088993 -0.154995 
1.461685 -0.173239 0.717383 -0.040154 0.406018 -0.141500 0.017245 -0.165482 0.064252 0.146588 -0.191270 0.084556 -0.076256 0.096150 -0.047438 
0.701115 -0.604233 0.341767 -0.226368 0.560349 -0.191807 0.215176 0.006188 0.003463 0.186016 -0.108143 0.101865 -0.101035 0.126233 0.016187 
0.265356 -0.739220 0.343060 -0.281342 0.357046 -0.079748 0.184639 -0.028417 0.006172 0.054212 -0.152480 0.161824 -0.083250 0.078730 -0.020738 
0.257861 -1.012743 0.373732 -0.302675 0.333395 -0.066408 0.141534 -0.132200 -0.033081 0.156792 -0.164484 0.089726 -0.033760 0.076080 -0.120466 
-0.040216 -1.214436 0.276048 -0.296922 0.161743 -0.048144 0.118387 -0.093920 0.062809 -0.044328 -0.052025 0.108736 -0.068772 0.041482 -0.059194 
0.209684 -0.988278 0.128383 -0.318510 0.109613 -0.181147 -0.012155 0.013967 0.121587 0.055182 -0.141204 0.118682 -0.070765 0.034670 -0.081868 
0.068891 -1.027191 0.120170 -0.381464 0.137721 -0.279121 0.073061 0.041534 0.147928 0.094358 -0.150958 -0.017476 0.023282 -0.009126 -0.080986 
0.454917 -0.786617 0.192725 -0.501729 -0.021699 -0.312734 0.033314 0.162849 0.038868 0.143780 -0.092903 0.054861 0.001254 -0.091555 -0.081930 
1.029144 -0.629052 0.207110 -0.316917 0.038652 -0.153312 0.052561 -0.103071 0.166977 0.117311 -0.188866 0.033625 0.012373 0.042833 -0.103172 
1.913926 -0.964388 -0.092886 -0.151481 0.072852 -0.300118 0.240121 -0.173426 0.016238 0.358659 -0.199733 -0.061434 0.003763 0.089446 -0.119719 
1.935676 -1.224909 -0.197423 -0.252336 0.134432 -0.291815 0.210436 -0.100501 0.002583 0.374870 -0.209418 -0.104407 0.023937 0.043988 -0.043991 
1.955683 -1.406402 -0.136319 -0.355915 0.168177 -0.192095 0.134491 -0.024676 -0.039723 0.285694 0.003047 -0.217969 -0.077157 0.140631 -0.053610 
1.984423 -1.426165 -0.081631 -0.246603 0.044970 -0.087228 0.253322 -0.117330 -0.047574 0.351750 -0.056438 -0.210350 -0.086893 0.108846 -0.087876 
2.000279 -1.425477 -0.046387 -0.253486 0.030810 0.005039 0.225802 -0.166366 -0.083340 0.318939 -0.026524 -0.174929 -0.035306 0.034648 -0.052294 
1.860408 -1.315931 -0.034603 -0.201467 0.020799 -0.008558 0.243897 -0.207170 -0.122496 0.335065 -0.024769 -0.126790 -0.035786 0.024796 -0.052325 
2.002373 -1.258565 -0.149814 -0.001379 -0.040979 0.058520 0.225566 -0.364297 -0.161009 0.363707 -0.092260 -0.032385 -0.007822 0.006620 0.003242 
1.881337 -1.222331 -0.013377 -0.069217 0.018855 0.114927 0.168943 -0.423570 -0.095387 0.305606 -0.109593 0.023485 -0.007095 -0.022247 -0.007108 
1.730533 -1.119197 0.074729 -0.022762 -0.021103 0.194556 0.145450 -0.371153 -0.092146 0.203326 -0.058718 0.018774 -0.008504 -0.001656 -0.059380 
1.697925 -1.126803 0.215623 -0.049435 -0.036296 0.204495 0.145326 -0.299840 -0.065269 0.111215 -0.074329 0.057138 0.000656 0.030507 -0.132622 
1.467377 -0.999670 0.363844 -0.000680 -0.096759 0.247064 0.019994 -0.235769 -0.036212 0.068545 -0.016156 0.019262 -0.025846 0.041578 -0.146286 
1.275504 -0.975383 0.588878 0.078269 0.000730 0.109942 -0.044179 -0.268856 0.027803 0.015397 -0.025688 -0.022254 -0.046639 0.041200 -0.083064 
1.208192 -0.837860 0.661547 0.255003 -0.100763 0.099657 -0.188925 -0.266559 0.054585 0.037858 -0.079582 -0.116464 -0.041382 0.168779 -0.145576 
1.119278 -0.743723 0.728271 0.321526 -0.076269 0.031720 -0.167541 -0.339313 0.073650 0.019069 -0.110903 -0.220520 0.043507 0.115786 -0.101490 
1.110841 -0.576232 0.664807 0.382123 -0.130049 0.032771 -0.154462 -0.305743 0.060697 0.024062 -0.118257 -0.160908 0.000232 0.156806 -0.136803 
1.148310 -0.648518 0.643623 0.326542 -0.116218 0.024870 -0.095943 -0.266429 0.036601 0.070618 -0.091424 -0.127521 -0.006719 0.159458 -0.151617 
1.086682 -0.593125 0.668315 0.387370 -0.083200 0.021381 -0.139560 -0.289272 0.032119 0.065496 -0.187418 -0.155529 0.029280 0.096478 -0.135245 
1.019377 -0.461278 0.599280 0.476800 -0.111403 0.047801 -0.068935 -0.358759 0.027955 0.023241 -0.214191 -0.127528 -0.057495 0.106780 -0.180972 
0.777408 -0.383980 0.641332 0.449565 -0.082591 0.046920 -0.109765 -0.277776 0.016191 0.035193 -0.165054 -0.193655 0.014077 0.095627 -0.172186 
0.794058 -0.061724 0.519301 0.251416 0.134596 0.044873 -0.123566 -0.237417 0.078982 -0.060137 -0.145572 -0.107418 -0.032271 0.044637 -0.167793 
0.541700 -0.018184 0.498751 0.331261 0.108326 0.022705 -0.101296 -0.276085 -0.029036 -0.069754 -0.118379 -0.180768 -0.124685 0.112358 -0.207258 
0.344946 -0.035693 0.426877 0.333533 0.036957 0.152904 -0.016087 -0.122416 0.056260 -0.010210 0.095665 -0.132125 -0.112178 0.274128 -0.248944 
0.517797 0.274223 0.375557 0.214694 0.000715 0.193503 -0.075341 -0.194138 -0.060435 -0.046248 -0.012362 -0.110353 -0.090446 0.068848 -0.137591 
0.406956 0.062645 0.457494 0.472315 0.062359 0.057090 -0.161375 -0.215532 -0.033798 -0.055219 -0.075497 -0.273527 -0.101843 0.151429 -0.176924 
0.602501 0.190372 0.338781 0.224104 0.052079 0.150258 -0.311346 -0.266603 0.114843 -0.073220 -0.051526 -0.146606 -0.077723 0.175149 -0.143528 
0.432877 0.195005 0.362791 0.269152 0.075649 0.084067 -0.106520 -0.266896 -0.036975 -0.160112 -0.021240 -0.149005 -0.142900 0.064817 -0.141425 
0.305117 0.207409 0.319271 0.295218 0.129164 0.048988 -0.229250 -0.194375 -0.061197 -0.121813 0.038915 -0.237529 -0.161462 0.205060 -0.177510 
