city012_045
GAMAGOORI
92
-0.299445 -0.493643 -0.013254 0.008110 -0.050749 0.112168 -0.027292 -0.198597 0.123633 0.073718 -0.040532 -0.024340 -0.058453 0.137250 -0.139903 
0.057110 -0.038019 0.234825 0.028488 0.074688 0.241790 -0.135036 0.009746 0.163239 -0.109610 0.092142 -0.024032 -0.029906 0.087899 -0.102377 
0.415819 -1.356300 -0.369585 -0.159376 0.521917 -0.145042 -0.279408 0.019534 0.305432 0.017649 -0.168965 -0.047368 -0.001783 0.126468 -0.023266 
0.665387 -0.574589 -0.185800 -0.252201 0.459750 -0.466096 -0.375544 0.065786 0.224253 0.046788 -0.048671 -0.012061 0.090265 0.083691 -0.092632 
1.486007 -0.962047 0.323453 -0.059555 0.129741 -0.452224 -0.220655 -0.041258 -0.105067 0.076873 0.083868 -0.191611 0.199434 0.157606 -0.119147 
1.474242 -1.212204 0.416399 -0.350152 0.109014 -0.410312 -0.203480 0.022281 -0.134503 0.347303 0.139392 -0.231541 0.157234 0.138251 -0.100655 
1.450591 -1.152242 0.228214 -0.659803 0.144748 -0.241211 -0.103948 -0.048871 -0.015616 0.356222 0.260494 -0.310436 0.021853 0.061429 -0.112597 
1.396864 -1.143289 0.173735 -0.806661 0.205024 -0.166428 0.031789 -0.053318 -0.009484 0.327287 0.275102 -0.308269 -0.133166 0.014529 -0.094249 
1.400442 -1.232925 0.224357 -0.891466 0.223339 -0.094683 0.062774 -0.067353 0.046351 0.285884 0.258387 -0.362183 -0.161196 0.041144 -0.093174 
1.315743 -1.164735 0.045096 -0.807598 0.092803 0.060369 0.001390 -0.008252 0.012877 0.281530 0.215078 -0.328198 -0.161961 0.014288 -0.121537 
1.554355 -1.121247 0.108641 -0.877029 0.125389 0.045282 0.077922 -0.069650 0.014612 0.284971 0.184379 -0.298930 -0.113961 -0.046660 -0.151576 
1.404362 -1.097798 0.079725 -0.798003 0.053326 0.142766 -0.009643 -0.008477 -0.069369 0.259129 0.241164 -0.288497 -0.103236 -0.031982 -0.146718 
1.614655 -1.209337 0.216586 -0.755716 0.113417 0.091860 -0.014932 -0.045658 -0.179941 0.285439 0.197219 -0.233146 0.028850 -0.035921 -0.179742 
1.716772 -1.089943 0.346175 -0.353028 -0.111294 0.092280 0.067871 -0.256246 -0.195665 0.209271 0.121420 -0.131333 0.158225 -0.052582 -0.202595 
1.201347 -0.961733 0.927915 0.240710 -0.113744 0.157531 -0.106243 -0.421673 -0.001949 0.044704 -0.184595 -0.210372 0.056961 -0.040741 -0.096575 
1.225720 -0.974295 1.048542 0.241001 -0.072409 0.205828 -0.102134 -0.443945 -0.002608 0.014194 -0.179168 -0.285262 0.045459 -0.070168 -0.131729 
1.160912 -0.964775 0.995570 0.243882 -0.057403 0.222597 -0.146606 -0.454261 -0.029868 0.024271 -0.190671 -0.259080 -0.012124 -0.061399 -0.096634 
1.109592 -1.027869 1.058863 0.330199 -0.102308 0.157852 -0.156249 -0.447915 0.029569 -0.005133 -0.256338 -0.259590 0.009351 -0.016446 -0.142617 
1.147562 -1.055920 1.054781 0.254475 -0.114151 0.179772 -0.172248 -0.440118 -0.025192 -0.016837 -0.186408 -0.291280 0.050318 -0.058135 -0.128481 
1.187629 -1.069723 1.003245 0.272161 -0.117803 0.173278 -0.190948 -0.428596 -0.060775 0.050879 -0.214675 -0.289027 0.059873 -0.029994 -0.138177 
1.811758 -1.169814 0.739771 -0.440989 -0.085895 0.131630 -0.006536 -0.207274 -0.107493 0.107294 0.052109 -0.120896 0.152575 -0.004250 -0.198327 
1.675973 -1.289937 0.417450 -0.820417 0.057295 0.106125 0.093467 0.016249 -0.235853 0.264531 0.110529 -0.227162 0.149659 -0.103855 -0.186042 
1.588565 -1.441495 0.290151 -0.880738 0.143770 0.107892 0.086533 0.015537 -0.208361 0.259918 0.099443 -0.236982 0.095847 -0.075101 -0.148676 
1.486907 -1.381853 0.244852 -0.887311 0.173885 0.151339 0.103302 -0.005171 -0.180106 0.227326 0.076546 -0.222244 0.061431 -0.050584 -0.104382 
1.473945 -1.432535 0.256207 -0.898201 0.220442 0.140472 0.125784 -0.018077 -0.159650 0.197931 0.083027 -0.205859 0.004778 -0.005704 -0.107669 
1.476164 -1.411610 0.216412 -0.918338 0.224410 0.166411 0.127646 -0.027824 -0.159786 0.187989 0.101280 -0.218214 -0.004076 0.004198 -0.104646 
1.429943 -1.350056 0.207550 -0.894434 0.242138 0.166022 0.127569 -0.023069 -0.202334 0.232133 0.076777 -0.188080 -0.036489 0.018452 -0.096204 
1.431905 -1.387874 0.249346 -0.946489 0.263961 0.131976 0.155647 -0.056105 -0.150554 0.193447 0.135133 -0.232252 -0.040581 0.014299 -0.109666 
1.418282 -1.365438 0.215007 -0.913321 0.226401 0.143874 0.088096 -0.030614 -0.171976 0.245912 0.122330 -0.220194 -0.044308 0.000807 -0.103792 
1.450896 -1.357663 0.241261 -0.914039 0.212480 0.123452 0.100719 -0.067196 -0.124610 0.236044 0.164329 -0.251732 -0.052906 -0.007352 -0.126218 
1.430524 -1.315151 0.291390 -0.935893 0.197483 0.113228 0.086885 -0.074461 -0.138158 0.280775 0.147256 -0.217213 -0.057696 -0.042766 -0.105924 
1.423159 -1.256319 0.343406 -0.944736 0.182409 0.090276 0.083622 -0.104993 -0.129590 0.302583 0.187400 -0.220886 -0.058643 -0.059616 -0.162155 
1.469874 -1.219827 0.372187 -0.922152 0.157393 0.093281 -0.016954 -0.105350 -0.159261 0.349088 0.197912 -0.210338 0.022707 -0.132211 -0.144105 
1.520271 -1.191072 0.368250 -0.794822 0.094687 0.073604 -0.077752 -0.137914 -0.179495 0.361672 0.205531 -0.175460 0.067993 -0.120566 -0.169120 
1.752782 -1.255109 0.399295 -0.582441 0.067141 0.012940 -0.064925 -0.193605 -0.212307 0.358022 0.172068 -0.160972 0.139012 -0.136789 -0.130194 
1.688823 -1.073490 0.444516 -0.374219 0.107770 -0.016124 -0.021233 -0.274991 -0.335880 0.377077 0.121899 -0.166232 0.151981 -0.124842 -0.100973 
1.618810 -0.931974 0.492744 -0.312872 0.260418 -0.095299 -0.085022 -0.311327 -0.469531 0.242791 0.132793 -0.210869 0.124302 -0.036171 -0.152283 
1.629012 -0.852505 0.543792 -0.233518 0.329618 -0.090055 -0.050458 -0.314603 -0.522456 0.114965 0.138316 -0.252901 0.029874 0.009429 -0.222138 
1.516312 -0.765404 0.466528 -0.045076 0.241463 0.057746 -0.052170 -0.273176 -0.498556 -0.090670 0.158129 -0.264822 0.012178 -0.029790 -0.336966 
1.582941 -0.640921 0.394292 -0.087176 0.192620 0.084973 -0.000825 -0.271728 -0.458301 -0.149966 0.138202 -0.267141 0.075058 0.003854 -0.338837 
1.655566 -0.544777 0.211260 -0.132790 0.246915 0.096988 -0.076788 -0.186744 -0.544397 -0.074521 0.090935 -0.297935 0.120486 0.073203 -0.354440 
1.759534 -0.457716 0.238465 -0.333393 0.262574 -0.047608 0.051673 -0.167647 -0.523146 -0.006693 0.034022 -0.281506 0.207812 0.066450 -0.224534 
1.853529 -0.507012 0.313258 -0.433414 0.090329 -0.067499 0.076383 -0.119885 -0.469177 -0.042453 -0.028410 -0.217736 0.242161 0.116999 -0.170558 
1.948226 -0.602378 0.361087 -0.609862 -0.003679 -0.015367 0.077630 -0.142831 -0.434623 -0.081235 0.013481 -0.137976 0.280522 0.159303 -0.151479 
2.050604 -0.686006 0.452586 -0.761511 -0.081122 0.061304 0.001189 -0.113014 -0.376947 -0.113312 0.064518 -0.144886 0.322911 0.207606 -0.222139 
1.869833 -0.614545 0.405049 -0.750145 -0.128392 0.006912 -0.117002 0.017010 -0.298528 -0.107815 0.020453 -0.229098 0.341314 0.214847 -0.170453 
1.808661 -0.699628 0.403999 -0.758434 -0.065940 -0.126200 -0.105705 0.058318 -0.202441 -0.157337 -0.019904 -0.244973 0.397448 0.195642 -0.157426 
1.767689 -0.759459 0.407735 -0.762765 -0.047597 -0.178657 -0.088574 0.105307 -0.172498 -0.176120 -0.040630 -0.201124 0.385625 0.203164 -0.170709 
1.745753 -0.809578 0.394768 -0.739526 -0.075889 -0.172768 -0.077298 0.139723 -0.158209 -0.176086 -0.068521 -0.158186 0.372578 0.200912 -0.170121 
1.825675 -0.908351 0.482971 -0.831679 -0.000739 -0.251734 -0.002366 0.104606 -0.102690 -0.212692 -0.042819 -0.178098 0.378023 0.188024 -0.156226 
1.763608 -0.803344 0.407319 -0.771913 -0.070748 -0.169096 -0.080869 0.197693 -0.170887 -0.150053 -0.086933 -0.138627 0.322477 0.189549 -0.134335 
1.802446 -0.794063 0.442761 -0.844198 -0.027690 -0.190922 -0.057559 0.198372 -0.135235 -0.171804 -0.071184 -0.143156 0.288457 0.181373 -0.114232 
1.746028 -0.734855 0.417140 -0.830962 -0.050927 -0.162607 -0.066490 0.207932 -0.122171 -0.169200 -0.062709 -0.194307 0.305378 0.172243 -0.130242 
1.749997 -0.708625 0.428452 -0.861236 -0.078880 -0.101744 -0.120681 0.242366 -0.110807 -0.111103 -0.112870 -0.185645 0.269988 0.154421 -0.110887 
1.788491 -0.675068 0.493659 -0.976278 -0.076135 -0.093974 -0.055324 0.195333 -0.124933 -0.046675 -0.054411 -0.223435 0.252344 0.125506 -0.106901 
1.871560 -0.654336 0.498800 -1.039492 -0.144465 0.013750 -0.031886 0.131231 -0.130511 -0.051187 0.030056 -0.227760 0.281771 0.132817 -0.157339 
1.829222 -0.555718 0.465368 -1.019188 -0.275305 0.095878 -0.060052 0.092641 -0.150404 -0.049016 0.046171 -0.190967 0.287783 0.190083 -0.188719 
1.861221 -0.679264 0.488292 -1.004793 -0.264542 0.048946 -0.047739 0.104615 -0.133890 -0.081862 0.043279 -0.201896 0.315723 0.178485 -0.153485 
1.812203 -0.659166 0.446576 -1.000451 -0.252999 -0.020937 -0.043315 0.097868 -0.118799 -0.084322 0.020849 -0.168958 0.325589 0.177685 -0.111045 
1.876288 -0.735204 0.432588 -0.936136 -0.254924 -0.064286 -0.124437 0.156468 -0.059980 -0.129618 0.005150 -0.186146 0.300099 0.205184 -0.135275 
1.851931 -0.722350 0.359073 -0.860088 -0.282226 -0.096239 -0.181556 0.231795 -0.068688 -0.093620 -0.037607 -0.183555 0.296038 0.207160 -0.129069 
1.867984 -0.611179 0.406732 -0.909267 -0.231731 -0.182129 -0.143729 0.194503 -0.050862 -0.091244 -0.015676 -0.221040 0.279277 0.161691 -0.099834 
1.890000 -0.522584 0.409179 -0.915515 -0.248028 -0.174505 -0.110047 0.127194 -0.069693 -0.052300 -0.004355 -0.255102 0.288302 0.157672 -0.115532 
1.812811 -0.395646 0.356078 -0.865329 -0.274453 -0.120908 -0.144576 0.168369 -0.152564 0.000444 -0.035391 -0.217671 0.238026 0.176216 -0.114697 
1.751073 -0.345913 0.334296 -0.870702 -0.232350 -0.103679 -0.111749 0.151322 -0.157907 -0.096647 -0.008540 -0.229886 0.257910 0.194683 -0.079305 
1.854580 -0.392904 0.432328 -0.949208 -0.236320 -0.088266 -0.006456 0.098591 -0.195136 -0.078002 0.003938 -0.296799 0.290984 0.226161 -0.126903 
1.754134 -0.251431 0.316063 -0.833600 -0.311583 0.008951 -0.026452 0.060150 -0.212725 -0.082127 0.040502 -0.289281 0.303809 0.231742 -0.152040 
1.780859 -0.296505 0.268789 -0.833338 -0.266422 0.103171 -0.046616 0.021534 -0.309860 -0.102769 0.050639 -0.212223 0.344517 0.286266 -0.196629 
1.850470 -0.475996 0.266198 -0.819759 -0.190138 0.123768 -0.048436 -0.067511 -0.294597 -0.154966 0.119659 -0.165363 0.354564 0.280796 -0.237752 
1.904026 -0.531786 0.225444 -0.720294 -0.162449 0.227312 -0.139578 -0.190275 -0.316159 -0.129260 0.268757 -0.116089 0.273854 0.232297 -0.348280 
1.896654 -0.640778 0.197747 -0.570415 -0.187026 0.251641 -0.320820 -0.172024 -0.279624 -0.065984 0.314463 -0.157659 0.156958 0.291777 -0.332569 
1.818619 -0.818974 0.231083 -0.410760 -0.069803 0.175548 -0.424075 -0.289780 -0.196977 0.033390 0.377287 -0.196623 0.035790 0.281657 -0.217772 
1.677488 -1.003952 0.533405 -0.240252 0.099127 -0.171457 -0.381893 -0.274499 -0.106256 0.103920 0.220200 -0.221473 0.008444 0.315509 -0.017162 
1.371017 -0.948222 0.348802 0.222680 0.305543 -0.253478 -0.571392 0.070141 -0.043631 -0.263474 0.070893 -0.190233 0.037985 0.138227 -0.132001 
1.057160 -0.638189 0.502103 0.332373 0.226970 -0.042198 -0.358425 0.190992 -0.012918 -0.122940 -0.050151 -0.196071 0.145128 0.064846 -0.330690 
0.833753 -0.790411 0.974180 0.044143 0.067582 -0.225874 -0.234008 -0.016033 -0.302825 -0.177831 0.009066 -0.269926 0.149968 -0.058086 -0.227934 
0.706543 -0.591590 1.276244 -0.234895 -0.217122 0.008624 -0.168119 -0.103578 -0.321079 -0.204649 0.089911 -0.227480 0.013443 0.017027 -0.079952 
0.640195 -0.463118 1.336396 -0.249558 -0.221986 0.143167 -0.229845 -0.041274 -0.246020 -0.303556 0.122690 -0.189880 -0.118113 0.028159 -0.029646 
0.528436 -0.371789 1.431847 -0.333462 -0.094220 0.184870 -0.280904 0.007330 -0.208971 -0.351594 0.164198 -0.224351 -0.177163 0.086498 -0.084597 
0.465956 -0.384575 1.448323 -0.325575 -0.053662 0.231443 -0.282987 0.026367 -0.224986 -0.373846 0.214667 -0.277209 -0.214576 0.134583 -0.112551 
0.356032 -0.289814 1.420540 -0.280506 -0.037665 0.258837 -0.313815 0.084786 -0.263391 -0.354010 0.225743 -0.319615 -0.207107 0.142436 -0.156481 
0.293915 -0.290264 1.512338 -0.284702 0.032081 0.202495 -0.289380 0.081027 -0.228815 -0.392473 0.264245 -0.369188 -0.194473 0.137367 -0.172326 
0.405937 -0.037271 1.308285 -0.254487 -0.014506 0.226247 -0.232099 0.090792 -0.226279 -0.312705 0.229553 -0.342912 -0.144403 0.134860 -0.185041 
0.395096 0.091583 1.301951 -0.138751 -0.067321 0.170633 -0.269724 0.096447 -0.172350 -0.318774 0.218025 -0.289016 -0.114698 0.117585 -0.179209 
0.396581 0.172947 1.037953 -0.193681 0.025081 0.222706 -0.205822 0.082676 -0.283062 -0.254350 0.159495 -0.325908 -0.153327 0.145190 -0.240530 
0.374926 0.095645 1.077899 -0.209186 0.026848 0.252291 -0.193538 0.124238 -0.256163 -0.243848 0.191016 -0.287889 -0.155506 0.153163 -0.208228 
0.342566 -0.111552 1.132075 -0.056755 0.076261 0.234104 -0.265732 0.123170 -0.160416 -0.311170 0.213452 -0.273373 -0.169207 0.115461 -0.196919 
-0.078004 0.140995 0.957454 -0.201530 0.268898 0.111463 -0.352664 0.063613 -0.298778 -0.218530 0.076812 -0.286757 -0.171702 0.097492 -0.188116 
0.432238 0.224105 0.624366 0.091748 0.203367 0.229250 -0.243510 -0.098288 -0.034976 -0.280179 0.119589 -0.257882 -0.172255 0.082353 -0.212356 
0.167412 0.189526 0.569009 0.231700 0.132352 0.073064 -0.263238 -0.123311 -0.096411 -0.245485 -0.015315 -0.209919 -0.187580 0.063650 -0.136874 
0.457469 0.250627 0.711369 0.026904 0.067458 0.100704 -0.142836 -0.110366 -0.056167 -0.293225 0.007407 -0.112392 -0.179681 0.026220 -0.104185 
0.355484 0.381614 0.358353 0.055143 0.285272 -0.068488 -0.219168 0.022322 -0.234748 -0.271957 0.040745 -0.150986 -0.156730 0.023785 -0.152454 
