city012_035
MOTOAKASAKA
114
-0.270575 -0.106402 0.094526 -0.017824 -0.117664 0.103498 0.070735 0.125708 0.063594 -0.159499 0.018799 0.078266 -0.072618 0.017687 0.011507 
-0.057736 -0.404297 0.501983 0.261769 -0.286067 0.135026 0.084531 -0.320001 0.009152 0.098956 -0.042034 -0.094651 0.008939 0.116186 -0.207861 
0.651626 0.045586 0.790377 0.165511 -0.392214 0.223752 0.069672 -0.375821 -0.148598 -0.068612 -0.148719 -0.199528 -0.035891 0.054882 -0.261685 
0.907899 -0.604432 0.993072 0.281798 -0.304163 0.248409 -0.098979 -0.339532 -0.107406 -0.101218 -0.137383 -0.214382 -0.045670 -0.003423 -0.195146 
1.332191 -0.742765 0.830229 0.356323 -0.200828 0.307783 -0.141929 -0.522783 0.071558 0.000804 -0.208945 -0.256775 0.023224 -0.041698 -0.148049 
1.078296 -0.700296 0.945154 0.194802 -0.106494 0.231310 -0.100234 -0.408298 -0.059929 -0.037962 -0.158868 -0.239809 0.012751 -0.084793 -0.149649 
1.731318 -0.795412 0.697432 -0.317511 -0.254205 0.083681 0.033759 -0.166113 0.041409 0.030082 -0.068805 -0.078747 0.136197 -0.020664 -0.138088 
1.739621 -0.654524 0.734516 -0.502888 -0.456947 0.059858 0.079776 -0.051951 -0.027365 -0.016951 -0.048263 -0.179790 0.161902 0.007651 -0.122878 
1.685292 -0.661019 0.753550 -0.631660 -0.403802 0.066855 0.096680 0.044898 -0.080552 -0.019718 -0.070209 -0.201877 0.154383 0.037034 -0.103045 
1.680221 -0.649704 0.701441 -0.710496 -0.342644 0.050333 0.152316 0.073889 -0.125086 -0.019438 -0.089802 -0.228174 0.206080 0.036001 -0.063205 
1.698043 -0.678552 0.639476 -0.700523 -0.338153 0.097184 0.128129 0.077697 -0.138205 -0.065750 -0.089144 -0.229113 0.223848 0.091063 -0.092498 
1.784335 -0.752137 0.619359 -0.740475 -0.226414 0.071053 0.155114 0.071188 -0.179358 -0.060994 -0.071630 -0.205720 0.253250 0.094277 -0.111949 
1.878769 -0.811663 0.623701 -0.766629 -0.120939 0.030834 0.209652 0.017879 -0.276694 0.011682 -0.055325 -0.154376 0.303173 0.053851 -0.136069 
1.736742 -0.737340 0.537164 -0.662880 -0.024637 0.083829 0.081891 -0.022568 -0.360552 -0.040273 -0.046897 -0.142644 0.361431 0.026555 -0.171641 
1.818040 -0.776864 0.611426 -0.681438 0.104046 0.072836 0.081670 -0.089760 -0.409711 0.011177 0.001147 -0.121895 0.336002 -0.034127 -0.207933 
1.731797 -0.619161 0.552403 -0.580394 0.124484 0.088155 -0.014549 -0.159209 -0.364374 0.052433 -0.030411 -0.146072 0.271344 -0.049101 -0.194701 
1.061982 -0.095076 0.762544 -0.247294 0.327198 -0.004705 0.225428 -0.206448 -0.254616 0.105019 -0.226248 -0.103441 0.089766 -0.172722 -0.099728 
0.806853 0.123934 0.576898 -0.025992 -0.018854 0.061167 0.256006 -0.245789 -0.279108 0.049601 -0.238042 -0.140296 0.039594 -0.057818 -0.208696 
0.455362 0.053590 0.223050 0.037610 -0.031580 0.196209 -0.074400 -0.073860 -0.092443 -0.099161 0.112393 -0.049840 -0.053590 0.033638 -0.078233 
0.265650 -0.091953 0.262206 -0.216504 -0.292316 0.069019 0.084984 0.029813 -0.071998 -0.025898 0.062578 -0.069876 0.000494 0.086468 -0.127371 
0.079239 -0.216633 0.059773 -0.245199 -0.205697 0.170544 0.116247 -0.026450 0.141685 -0.081785 -0.023069 -0.069274 0.034563 0.037024 -0.088260 
0.010489 -0.209854 -0.001150 -0.135988 -0.101978 0.164990 -0.093723 -0.147359 0.061788 -0.012632 0.098563 -0.058515 -0.012236 0.052661 -0.102172 
-0.157931 -0.200445 0.243930 -0.082176 -0.214449 0.027226 -0.045704 -0.137884 0.000935 0.067014 0.023142 -0.027411 -0.013639 0.100737 -0.115042 
-0.040633 -0.214703 0.062631 -0.193133 -0.068580 0.127362 0.004815 -0.053251 0.073408 0.036477 -0.050992 -0.037193 0.034249 0.021047 -0.083876 
-0.236548 -0.203719 0.122877 -0.272379 -0.107285 0.116689 0.062307 -0.110592 -0.013226 -0.033473 0.078952 -0.002297 -0.058365 0.104537 -0.121111 
-0.116079 -1.184061 0.707520 -0.617621 0.164307 -0.145849 -0.205410 -0.028641 0.113389 0.162457 -0.006276 -0.036178 -0.078400 0.120442 -0.008511 
1.145499 -0.677691 0.567266 -0.404555 0.357512 -0.142687 -0.215562 -0.231987 0.007386 0.103283 -0.065426 0.009263 -0.041479 0.062937 0.013888 
1.791994 -0.946817 0.719148 -0.611655 0.187762 -0.016872 -0.278380 -0.095565 -0.105124 -0.030544 -0.029177 -0.074392 0.224231 -0.043463 -0.093176 
1.570260 -0.779409 0.650882 -0.949247 0.033880 0.095228 -0.282345 -0.199228 -0.258726 -0.010826 0.099908 0.099930 0.277622 0.024794 -0.135973 
1.501638 -0.880573 0.585255 -0.845631 0.127411 -0.186770 -0.132783 -0.144047 -0.305934 -0.117757 0.160419 0.182735 0.200179 0.069680 -0.072555 
1.573715 -0.925240 0.472942 -0.736613 0.049472 -0.250653 -0.053741 -0.092759 -0.325582 -0.104385 0.055112 0.217740 0.273280 0.093478 -0.114585 
1.683001 -0.998104 0.508934 -0.791766 0.097644 -0.268527 -0.081929 -0.075918 -0.196401 -0.180953 0.078078 0.193605 0.272957 0.068081 -0.088269 
1.595828 -0.873242 0.431252 -0.740214 0.032946 -0.213235 -0.146397 0.023086 -0.188082 -0.188412 0.056404 0.169166 0.262706 0.069929 -0.076605 
1.694700 -0.915267 0.439104 -0.838677 0.060784 -0.241652 -0.028224 0.059193 -0.147275 -0.220709 0.119145 0.051288 0.260085 0.104822 -0.103075 
1.624733 -0.828414 0.312066 -0.856721 0.017864 -0.041989 -0.054667 0.188262 -0.201975 -0.146716 0.130833 -0.073676 0.204859 0.154631 -0.156423 
1.742125 -0.953619 0.333434 -0.901757 0.068939 -0.078504 -0.035130 0.167831 -0.201596 -0.129533 0.130133 -0.054235 0.210196 0.148726 -0.158173 
1.617676 -0.923242 0.199203 -0.829920 0.025286 -0.063883 -0.018933 0.166304 -0.205731 -0.120901 0.169982 -0.031755 0.202243 0.125065 -0.186746 
1.634440 -1.026259 0.176562 -0.813316 -0.008975 -0.083459 0.040808 0.129945 -0.194136 -0.069199 0.138659 0.018834 0.198551 0.084721 -0.194318 
1.713768 -1.192492 0.237027 -0.848567 -0.054392 -0.083906 0.060255 0.144725 -0.203213 0.005923 0.085200 0.073365 0.175914 0.048019 -0.188219 
1.674301 -1.226459 0.230374 -0.825691 -0.133613 -0.024968 0.068522 0.134659 -0.179174 0.027387 0.107101 0.043315 0.190753 -0.034072 -0.177050 
1.709507 -1.287232 0.330600 -0.920487 -0.109272 0.001061 0.059473 0.130298 -0.131533 0.048998 0.131805 -0.017299 0.156417 -0.066495 -0.188302 
1.598869 -1.197699 0.238341 -0.850241 -0.123251 0.083165 0.011883 0.051498 -0.089661 0.106582 0.161192 -0.063274 0.124344 -0.103018 -0.202765 
1.713808 -1.330340 0.294373 -0.894699 -0.053601 0.119314 -0.011621 0.040227 -0.156958 0.207531 0.152833 -0.052994 0.077964 -0.152999 -0.212611 
1.522783 -1.203007 0.150864 -0.807006 -0.056906 0.159559 0.005510 -0.025827 -0.146119 0.231208 0.169139 -0.088874 0.087440 -0.224086 -0.158947 
1.647431 -1.332129 0.315612 -0.892780 0.005388 0.132963 0.009723 -0.014922 -0.214642 0.258837 0.178085 -0.062082 0.078923 -0.213717 -0.199668 
1.541816 -1.178104 0.229816 -0.800053 -0.000603 0.126625 -0.009055 -0.100665 -0.198700 0.259408 0.200186 -0.063123 0.118830 -0.222437 -0.193479 
1.664098 -1.130067 0.335042 -0.787701 0.117894 0.082750 -0.072874 -0.143161 -0.264112 0.301334 0.199840 -0.088792 0.162102 -0.198417 -0.189892 
1.714616 -0.993744 0.378123 -0.591766 0.261050 0.017339 -0.055167 -0.269112 -0.294644 0.267252 0.148632 -0.120623 0.164132 -0.154385 -0.128353 
1.560909 -0.634147 0.228170 -0.217761 0.279535 -0.055477 -0.048895 -0.365719 -0.324904 0.195683 -0.068130 -0.115268 0.106383 -0.039330 -0.108352 
1.301854 -0.329896 0.225905 -0.007021 0.244454 -0.019586 -0.127363 -0.289138 -0.209379 0.190827 -0.101548 -0.255614 0.113462 -0.000339 -0.134466 
0.767983 -0.069078 0.087709 -0.092948 0.177817 0.414046 -0.020713 -0.257641 -0.015886 0.141283 0.182254 -0.107501 0.009748 -0.046327 -0.139613 
0.539511 -0.356149 -0.222091 -0.304161 -0.126290 0.259045 0.021472 -0.230891 0.017867 -0.015953 0.152471 -0.083096 0.151589 -0.138275 -0.117822 
0.396160 -0.401666 -0.165430 -0.523153 -0.259275 0.191481 0.022904 -0.183960 -0.092541 0.140214 0.208229 -0.000662 0.094593 -0.092109 -0.258770 
0.136355 -0.327506 -0.098796 -0.437649 -0.273086 0.216032 -0.001923 -0.200144 -0.040558 0.061824 0.186526 0.016545 0.038560 -0.030073 -0.197093 
0.164445 -0.688060 -0.219134 -0.104721 0.050729 0.217903 0.110703 -0.167527 -0.056737 -0.026203 0.101080 -0.000954 -0.022357 0.035490 -0.101609 
0.951630 -1.321221 -0.511753 -0.124920 0.602163 -0.217951 -0.245088 -0.032942 0.064183 0.199525 0.031388 -0.147951 -0.058453 0.098395 -0.028220 
1.023075 -1.160139 -0.540314 -0.240448 0.543807 -0.312251 0.067689 -0.240602 0.036357 0.373568 -0.189209 -0.052358 0.118288 -0.104057 -0.049870 
0.791404 -0.545900 -0.019026 -0.002380 0.374666 -0.268166 -0.231961 -0.163339 0.023397 0.259431 -0.170406 -0.208180 0.174603 0.136730 -0.113685 
1.868091 -0.913231 -0.102903 -0.169660 0.153302 -0.431253 -0.067296 -0.136430 -0.044195 0.202837 0.046122 -0.127418 0.090516 0.167623 0.000425 
1.989042 -1.165868 -0.184991 -0.098083 -0.022888 -0.216607 -0.078492 -0.090231 -0.009827 0.248237 0.116204 -0.221040 0.013901 0.178523 -0.041145 
1.941001 -1.356413 -0.031525 -0.402523 0.070576 -0.182555 -0.020137 -0.060860 0.014786 0.234756 0.142190 -0.225765 -0.026107 0.158645 -0.116605 
1.615428 -1.346632 0.121973 -0.566297 0.081106 -0.123897 -0.045093 0.024868 -0.037569 0.296620 0.138882 -0.239782 -0.073783 0.122685 -0.138407 
1.583119 -1.403896 0.234267 -0.687228 0.161668 -0.121344 0.008074 -0.002179 -0.021376 0.274311 0.126071 -0.236875 -0.081096 0.078350 -0.096890 
1.516693 -1.407524 0.242851 -0.717713 0.145374 -0.054007 -0.029149 0.008206 -0.049196 0.309759 0.080467 -0.237239 -0.045227 0.082051 -0.123733 
1.562918 -1.429808 0.308482 -0.792152 0.202299 -0.086260 -0.019157 -0.026879 -0.000779 0.321937 0.069154 -0.270704 -0.026288 0.078379 -0.130541 
1.555111 -1.395619 0.290024 -0.723802 0.141918 -0.041199 -0.083275 -0.035776 0.052520 0.344684 -0.019723 -0.207066 0.011487 -0.003481 -0.089628 
1.673102 -1.388065 0.285787 -0.626483 0.161447 -0.143247 -0.062657 -0.046354 0.160106 0.296374 -0.062711 -0.205549 0.052563 -0.014288 -0.105226 
1.789080 -1.268705 0.210667 -0.499304 0.086731 -0.135100 -0.145026 -0.089731 0.247014 0.258695 -0.134295 -0.081569 0.045766 -0.001471 -0.066389 
1.690265 -0.810252 0.135680 -0.436198 0.109556 -0.145936 -0.179011 -0.246564 0.261102 0.254841 -0.276481 0.061540 0.071428 0.013971 0.046950 
1.565890 -0.580590 0.237100 -0.238821 0.107159 -0.199596 -0.131411 -0.219092 0.311298 0.158493 -0.294728 0.074981 0.034709 0.038085 0.000787 
1.224402 -0.484408 0.323832 0.130337 0.241157 -0.072778 -0.069264 -0.082535 0.225360 0.047383 -0.198559 0.029238 0.038422 0.054752 -0.048446 
0.501600 -0.737854 0.328068 -0.147754 0.213193 -0.212514 -0.085048 -0.154058 0.100595 -0.006155 -0.091968 0.148482 -0.093596 0.026969 0.020965 
0.162243 -0.897385 0.211408 -0.254277 0.034581 -0.104858 -0.041398 -0.040534 0.025492 -0.028411 0.070465 0.145831 -0.185368 0.020369 0.041587 
0.125085 -1.065555 0.099875 -0.211467 0.001668 -0.152376 -0.029489 0.140657 0.059154 -0.041204 0.054233 -0.060139 -0.005767 0.004998 -0.060294 
0.118543 -1.035787 0.056941 -0.247942 0.118431 -0.069687 0.039311 0.024226 0.047838 -0.020641 -0.091510 0.050118 0.058139 -0.039509 -0.063503 
0.294752 -0.872829 0.024668 -0.292287 0.121957 -0.086620 0.029451 0.070911 0.080920 -0.075423 -0.145890 0.111485 0.059449 -0.037705 -0.075127 
0.427181 -0.806115 0.268997 -0.227784 0.089663 -0.255558 -0.134103 -0.005638 0.062451 -0.066030 -0.041010 0.236523 -0.033383 -0.100199 0.042253 
0.606386 -0.733167 0.194509 -0.187211 0.049344 -0.355631 -0.174863 -0.064438 0.153134 0.018527 0.010095 0.100485 -0.001139 0.024028 0.035883 
0.717784 -0.745398 0.190681 -0.290427 0.089332 -0.277411 -0.032505 -0.016483 0.245288 0.024323 -0.213964 0.094630 0.072602 -0.027690 -0.117226 
1.166485 -0.806156 0.116453 -0.474320 0.152575 -0.134515 0.163624 -0.056162 0.308222 0.107253 -0.320669 -0.067528 0.064823 -0.010690 -0.007384 
1.677910 -0.717298 -0.065731 -0.556787 0.035311 -0.087991 -0.106181 -0.078619 0.201054 0.221719 -0.253431 -0.112298 0.153651 0.038316 -0.032414 
1.751373 -1.170065 -0.058109 -0.410341 0.011638 -0.237287 0.023396 -0.052715 0.174603 0.269256 -0.143799 -0.180626 0.154203 0.028046 -0.203791 
1.591959 -1.448580 0.127927 -0.458192 0.074591 -0.190733 -0.105606 0.001677 0.137891 0.327891 -0.082488 -0.235474 0.102967 0.064938 -0.186544 
1.557099 -1.426422 0.146270 -0.351013 0.056958 -0.225487 -0.140589 0.003422 0.081172 0.321926 -0.004827 -0.271539 0.155055 0.067955 -0.176293 
1.496274 -1.300333 0.199620 -0.246351 0.131400 -0.340628 -0.110551 -0.047575 0.013697 0.340773 -0.065596 -0.186232 0.128191 0.138847 -0.122514 
1.398538 -0.883466 0.077887 -0.101241 0.198608 -0.390536 -0.213917 -0.174411 -0.067804 0.275469 -0.053162 -0.172713 0.171045 0.231191 -0.096511 
1.352375 -0.396472 0.037072 0.132881 0.220843 -0.403370 -0.180093 -0.155667 -0.091350 0.194304 -0.089821 -0.185249 0.055279 0.240562 -0.036713 
0.434531 -0.199192 0.146051 0.180159 0.124010 0.013395 -0.165422 -0.133420 0.161893 0.157814 -0.072474 -0.157631 -0.005920 0.264490 -0.189193 
0.274132 -0.252456 -0.202834 -0.079189 -0.174554 0.008861 -0.041624 -0.038702 0.154330 0.088610 -0.002596 -0.022990 -0.167958 0.149271 -0.044371 
0.025204 -0.353310 -0.234632 -0.161131 -0.048966 -0.078951 -0.209122 -0.104806 0.228877 0.152268 0.010579 -0.044002 -0.083158 0.110038 -0.051785 
0.023548 -0.431781 -0.217100 -0.114901 -0.131355 -0.045259 -0.162760 0.081270 0.199008 0.028080 -0.008342 -0.024293 -0.115200 0.104924 -0.054369 
-0.012149 -0.433491 -0.058120 0.019093 -0.068932 0.035000 -0.147093 -0.145245 0.217661 0.020859 0.033306 -0.118587 -0.029591 0.172214 -0.118885 
0.671010 -0.942011 -0.333268 0.073786 0.379633 -0.130412 -0.242811 0.091853 0.017251 0.054709 0.005551 -0.107367 0.055769 0.041508 -0.083151 
0.984661 -0.976235 -0.368233 -0.139414 0.532691 -0.400444 -0.272197 0.089472 0.090378 0.132419 0.015072 -0.171906 0.109421 0.009666 -0.027728 
0.938190 -0.543818 -0.152839 0.083923 0.375638 -0.235367 -0.310612 -0.048967 0.067539 0.120178 -0.056935 -0.182474 0.137483 0.052882 -0.019137 
1.779330 -0.603971 -0.216962 0.011016 0.142560 -0.526793 -0.138051 -0.062323 -0.140685 0.160699 0.083705 -0.108369 0.043841 0.192785 0.057792 
1.786998 -0.834425 -0.263147 -0.205506 0.000011 -0.372095 -0.178700 -0.053559 -0.064877 0.205942 0.187143 -0.109041 0.038520 0.270049 -0.054181 
1.981746 -1.139026 -0.128157 -0.100475 -0.251230 -0.136413 -0.162005 -0.047698 0.006726 0.207527 0.312529 -0.259253 0.016013 0.193588 -0.179889 
1.664273 -1.204736 -0.069440 -0.345676 -0.106986 -0.165550 -0.071188 0.000990 -0.005441 0.242837 0.295513 -0.256208 -0.052305 0.138546 -0.184553 
1.578044 -1.245671 -0.061719 -0.411493 -0.052976 -0.146230 -0.073373 0.039329 -0.030642 0.229016 0.278926 -0.234465 -0.075320 0.103575 -0.150381 
1.527571 -1.235591 -0.041556 -0.543047 0.139638 -0.227471 -0.053079 0.038950 -0.092037 0.323898 0.223210 -0.244865 -0.035294 0.043174 -0.118565 
1.505612 -1.180604 -0.131497 -0.512359 0.058691 -0.123117 -0.098432 0.041115 -0.099714 0.280704 0.280125 -0.265545 -0.029397 0.096427 -0.178426 
1.467310 -1.125799 -0.124102 -0.522671 0.002082 -0.179903 0.092986 -0.021532 -0.087176 0.352701 0.167782 -0.217397 -0.050946 0.011465 -0.128965 
1.563561 -1.152007 -0.300190 -0.563037 0.024037 -0.079857 0.099897 -0.074873 -0.058968 0.324779 0.184524 -0.242359 -0.016720 -0.018296 -0.170943 
1.456439 -1.161124 -0.345458 -0.537630 -0.073914 0.058067 -0.065570 -0.029890 -0.006719 0.350103 0.238603 -0.270554 -0.103100 0.007300 -0.182507 
1.292321 -1.138156 -0.297325 -0.637128 0.016072 -0.017714 0.041897 -0.047360 -0.005090 0.368316 0.231063 -0.315314 -0.089517 -0.083546 -0.177555 
1.374616 -1.054302 -0.382092 -0.615297 -0.054316 0.067442 -0.029440 0.028093 -0.043618 0.351799 0.252434 -0.348814 -0.086631 -0.013979 -0.201691 
1.591578 -0.988436 -0.597535 -0.386786 -0.108059 0.029815 0.041316 -0.073078 -0.035583 0.380006 0.162499 -0.278954 -0.031632 -0.035421 -0.156190 
0.917292 -0.854031 -0.266035 -0.550351 -0.030317 -0.026455 -0.006306 -0.020364 -0.031201 0.396266 0.149451 -0.303144 -0.005217 -0.058677 -0.161325 
1.333031 -0.761695 -0.589400 -0.381501 -0.207505 0.071539 0.091247 -0.156693 0.066266 0.407289 0.148997 -0.253757 -0.203068 0.020819 -0.195578 
1.145267 -0.997602 -0.484471 -0.396952 -0.033786 -0.003422 0.077566 -0.037219 -0.012879 0.290756 0.023790 -0.178111 0.006553 -0.033424 -0.131444 
1.194263 -0.751418 -0.435070 -0.599665 -0.086470 -0.016333 -0.023395 0.082189 -0.017819 0.419751 0.103365 -0.293087 -0.060613 -0.030529 -0.209297 
0.338919 -0.160748 -0.315065 -0.348086 -0.338867 -0.174530 0.010793 0.134335 0.320002 0.020655 0.150377 -0.080556 -0.224647 -0.035084 -0.119288 
0.101177 -0.491153 -0.349874 -0.253338 -0.154955 0.059095 -0.064600 -0.018680 0.177510 0.032855 0.093746 -0.017466 -0.231549 0.095221 -0.030418 
