city012_038
YOTSUYA
72
-0.253256 -0.184458 0.164747 -0.277744 -0.113547 -0.048682 0.073602 0.014544 0.048827 -0.119131 0.121024 -0.032252 -0.042965 0.021801 -0.020410 
-0.129141 -0.125025 0.179120 -0.204951 -0.012447 0.137528 -0.056029 -0.074594 -0.092358 -0.081577 0.174934 -0.020503 -0.094041 0.105286 -0.104436 
0.544561 -0.121152 0.773752 0.231244 -0.062985 0.030284 0.050160 -0.052466 -0.104029 -0.087972 0.055580 -0.158727 -0.016743 0.031497 -0.153167 
0.904742 -0.866998 1.214993 0.073465 -0.276017 -0.141890 -0.208485 0.059974 -0.343383 -0.299643 0.234658 -0.262941 -0.023074 0.155011 -0.249383 
1.156232 -0.953870 0.911965 -0.083632 -0.188183 -0.117102 -0.265003 0.022763 -0.258709 -0.259730 0.243955 -0.210648 0.065844 0.172285 -0.231276 
1.347341 -0.904544 0.588411 -0.415988 -0.023562 0.116240 -0.333518 -0.217734 -0.319827 -0.082276 0.311359 -0.186171 0.105494 0.194299 -0.299728 
1.732146 -0.753096 0.506348 -0.780077 0.130454 0.121045 -0.278777 -0.184753 -0.224659 -0.102795 0.342705 -0.086662 0.119017 0.099286 -0.265085 
1.698689 -0.713073 0.426221 -0.819113 0.031979 0.137332 -0.213972 -0.158957 -0.295789 -0.122997 0.181557 -0.001295 0.263565 0.114482 -0.243982 
1.750774 -0.702246 0.444348 -0.870616 -0.001214 0.142330 -0.157298 -0.121725 -0.322520 -0.114607 0.177357 -0.003505 0.291534 0.119724 -0.249517 
1.681559 -0.646259 0.396608 -0.880403 0.074230 0.108019 -0.177298 -0.103160 -0.329804 -0.118365 0.144785 0.014977 0.314908 0.068605 -0.188133 
1.679237 -0.643688 0.404552 -0.873072 0.125595 0.150631 -0.111932 -0.112368 -0.314156 0.006999 0.079931 -0.003002 0.276956 -0.021947 -0.200997 
1.589054 -0.440162 0.634438 -0.861129 0.288596 0.090014 -0.090415 -0.131736 -0.394706 0.030162 0.002305 0.008792 0.207464 -0.106785 -0.092981 
1.721614 -0.124724 0.525913 -0.632529 0.341389 0.121445 0.005129 -0.126753 -0.301046 0.067670 -0.118165 -0.059679 0.167643 -0.136963 -0.092702 
1.274033 -0.163022 0.115091 0.093628 0.574807 -0.075839 -0.091646 -0.039330 -0.048487 -0.026083 -0.103937 -0.123776 0.073248 -0.041870 -0.136229 
0.747090 0.124775 0.114957 -0.066480 0.218019 0.206485 0.142242 0.203752 0.032451 -0.124857 0.072060 0.102280 -0.023951 0.146648 -0.094453 
0.216464 -0.056624 0.113455 -0.165286 0.009768 0.055716 0.012700 -0.003645 -0.103934 -0.169805 0.160202 -0.000534 -0.049719 0.053380 -0.079366 
-0.184663 -0.146426 -0.020820 -0.293747 -0.001040 0.031867 0.037339 0.140245 0.061908 -0.245256 0.107856 0.004887 -0.073890 0.082230 -0.038119 
-0.064448 -0.128764 -0.058729 -0.277607 -0.098503 0.011390 0.003223 -0.082024 0.006250 -0.082985 0.154907 0.042102 -0.096981 0.056300 -0.025577 
-0.077465 -0.236415 0.005183 -0.311611 -0.121304 0.011607 -0.048365 -0.017998 0.015644 -0.073858 0.189489 -0.036375 -0.041444 0.030551 -0.047490 
-0.019105 -0.136304 -0.014606 -0.251198 -0.175396 -0.034727 -0.241776 -0.187457 0.034617 0.010283 0.284506 -0.000259 -0.041979 0.121092 -0.058841 
-0.387246 -0.814436 0.324217 -0.407504 -0.006579 -0.169649 -0.013639 0.001724 0.107004 0.056474 0.030930 -0.020171 -0.072079 0.052176 -0.048933 
-0.385303 -0.780671 0.252918 -0.286036 0.120538 -0.048093 -0.027534 -0.043570 0.103991 -0.076871 0.055664 0.013845 -0.079893 0.082794 -0.090229 
-0.122748 -0.719067 0.242075 -0.331221 0.072804 -0.114131 -0.018081 -0.003025 0.112594 -0.068951 0.082989 -0.059663 -0.021110 0.069059 -0.090769 
-0.289701 -0.820788 0.127678 -0.326184 0.002824 -0.175429 0.112541 0.026277 0.203756 -0.112997 -0.094742 0.140367 -0.113022 0.012872 -0.034161 
-0.263913 -0.844593 0.269163 -0.352665 0.175912 -0.189220 0.062766 0.026194 0.063434 -0.055265 -0.018477 0.045267 -0.005682 -0.034965 -0.009685 
-0.120445 -0.570712 0.658857 -0.206558 0.235339 -0.138309 0.102237 -0.065031 -0.000706 0.054283 -0.032508 -0.009650 0.018944 -0.004368 -0.006581 
0.038470 -0.746324 0.544543 -0.284630 0.387921 -0.259310 0.129682 -0.110779 0.117621 0.004122 -0.061002 -0.003932 0.029857 0.038036 -0.085077 
0.012191 -0.626585 0.372817 -0.162290 0.412914 -0.358189 -0.079328 0.123905 0.043999 -0.063760 -0.053557 0.067453 0.006183 -0.011281 0.009817 
0.165545 -0.768827 0.496285 -0.181385 0.327543 -0.353101 0.108835 0.027866 0.147241 -0.059301 -0.104417 0.041196 0.074365 -0.007892 -0.068185 
0.323783 -0.820354 0.492044 -0.218785 0.310772 -0.500993 -0.021730 0.131726 0.073930 0.031730 -0.117763 -0.032549 0.160292 -0.000159 -0.153559 
0.260221 -0.850304 0.499256 -0.267075 0.468895 -0.178212 -0.062115 0.043599 0.167747 0.027941 -0.180322 0.018536 0.088673 0.035544 -0.093789 
1.069913 -0.938668 0.802686 -0.037937 0.289054 -0.318500 -0.245745 -0.124837 -0.077500 0.072634 -0.209622 -0.137279 0.142486 0.060594 -0.113353 
1.275457 -0.948071 0.993961 -0.059452 0.271791 -0.286061 -0.304580 -0.087869 -0.095741 0.014803 -0.189911 -0.234256 0.183414 0.086092 -0.213331 
1.375764 -1.026090 1.000447 0.010671 0.275614 -0.272436 -0.326441 -0.022767 -0.137869 -0.020558 -0.150902 -0.318868 0.232340 0.042411 -0.239962 
1.484747 -1.131680 1.059092 -0.000756 0.223184 -0.268959 -0.340116 0.000285 -0.152095 -0.061650 -0.098202 -0.318597 0.233676 0.062543 -0.301550 
1.369403 -1.011532 0.975829 0.044115 0.122323 -0.259390 -0.324942 0.068156 -0.231011 -0.104523 -0.078615 -0.268586 0.244559 -0.009284 -0.260737 
1.447175 -1.114105 1.127299 0.016070 0.106309 -0.305373 -0.335528 0.113841 -0.219908 -0.117428 -0.076581 -0.236198 0.265163 -0.006352 -0.300270 
1.300914 -1.060145 1.104645 0.070493 0.059995 -0.299014 -0.342798 0.124874 -0.217645 -0.149661 -0.062721 -0.232303 0.261335 -0.006849 -0.285902 
1.354713 -1.202862 1.294816 0.019085 0.049227 -0.340962 -0.279491 0.114896 -0.228691 -0.144881 -0.017952 -0.211426 0.214674 0.026546 -0.269480 
1.287464 -1.198340 1.310078 0.039288 -0.033445 -0.317619 -0.222140 0.139465 -0.325295 -0.163775 0.042435 -0.195707 0.144168 -0.000458 -0.222310 
0.976881 -1.041979 1.236381 0.135761 -0.140464 -0.249857 -0.209824 0.142264 -0.349285 -0.181032 0.073451 -0.206651 0.126151 -0.042516 -0.140198 
1.194074 -1.254728 1.580045 0.001327 -0.148904 -0.293116 -0.083018 0.083981 -0.365343 -0.155198 0.154171 -0.253530 0.084315 0.019514 -0.184166 
0.808383 -1.015484 1.434510 0.073530 -0.251555 -0.129828 -0.113208 0.054420 -0.402047 -0.109718 0.098765 -0.264013 0.061044 -0.029896 -0.100312 
1.013441 -1.202777 1.686791 -0.066754 -0.179547 -0.123048 -0.080030 -0.013989 -0.344322 -0.103684 0.087542 -0.297996 0.075808 0.000373 -0.162773 
0.901529 -1.106379 1.691659 -0.113628 -0.183882 -0.071831 -0.099669 -0.041683 -0.353491 -0.086081 0.037920 -0.270783 0.046606 -0.004873 -0.139049 
0.795303 -0.991125 1.601819 -0.114828 -0.208115 0.004758 -0.146203 -0.045385 -0.324353 -0.105245 0.039690 -0.258880 0.051034 -0.043156 -0.062282 
0.917037 -1.054554 1.685038 -0.211152 -0.190532 -0.021098 -0.186564 -0.025612 -0.289901 -0.124345 0.054992 -0.203357 0.035403 -0.007757 -0.059604 
0.828361 -0.980101 1.569546 -0.215895 -0.238142 -0.030632 -0.221390 -0.018305 -0.291455 -0.120118 0.059161 -0.161882 0.059903 -0.034766 0.007183 
1.098085 -1.191789 1.640877 -0.302300 -0.241716 -0.191278 -0.220106 -0.020921 -0.229953 -0.116756 0.120101 -0.093502 0.115263 0.014971 -0.025870 
1.138796 -1.250692 1.400967 -0.328080 -0.268258 -0.237198 -0.230912 0.042587 -0.224261 -0.053346 0.147292 -0.034061 0.134159 0.000887 -0.028490 
1.334891 -1.466767 1.222902 -0.378494 -0.246728 -0.338379 -0.123562 0.153590 -0.103195 0.022736 0.193841 -0.045558 0.149131 -0.065377 -0.116475 
1.342788 -1.452619 0.860018 -0.440412 -0.259538 -0.273809 -0.212966 0.115845 -0.064479 0.186942 0.145787 -0.054348 0.204724 -0.078037 -0.132865 
1.401057 -1.445376 0.652891 -0.500963 -0.037200 -0.349181 -0.300585 0.080376 0.215823 0.175592 -0.000148 -0.043277 0.230831 -0.068347 -0.199319 
1.359559 -1.502032 0.421592 -0.442786 0.040758 -0.337279 -0.227726 0.264288 0.139180 0.125668 0.072295 -0.181943 0.008902 0.107167 -0.179228 
1.357244 -1.500973 0.233956 -0.537261 0.096703 -0.332057 -0.100555 0.194706 0.092048 0.246020 0.034462 -0.283956 0.052333 0.134092 -0.259594 
1.384206 -1.491643 0.207101 -0.576934 0.088512 -0.242759 -0.026803 0.079342 0.176387 0.261993 -0.042707 -0.299592 0.046280 0.091544 -0.210138 
1.448879 -1.429859 0.161701 -0.652401 0.103400 -0.163301 -0.015517 0.053279 0.159027 0.318172 -0.069809 -0.359301 0.050773 0.096089 -0.178123 
1.401835 -1.378866 0.109542 -0.616320 0.079621 -0.154618 -0.032987 0.071251 0.159097 0.314037 -0.072294 -0.334787 0.048433 0.058102 -0.167548 
1.464501 -1.450130 0.180126 -0.697882 0.107774 -0.143164 0.007952 -0.002456 0.212942 0.275710 -0.059879 -0.343125 0.087207 0.006284 -0.158345 
1.410707 -1.347180 0.063240 -0.658776 0.087249 -0.093072 -0.005452 0.004273 0.163467 0.325579 -0.069290 -0.338362 0.050586 0.021976 -0.139444 
1.556933 -1.441127 0.013816 -0.611317 0.043440 -0.053826 -0.036658 0.005681 0.147683 0.331229 -0.019324 -0.345106 0.028132 0.026292 -0.150754 
1.667712 -1.453857 -0.073012 -0.519734 -0.049071 0.001279 -0.022013 -0.049868 0.186031 0.326717 -0.040498 -0.318407 0.035763 -0.013421 -0.121724 
1.760546 -1.489530 -0.087066 -0.468828 -0.128137 0.068843 -0.024523 -0.092167 0.205616 0.322831 -0.038572 -0.290644 0.009191 -0.024623 -0.105008 
1.606782 -1.389339 -0.112147 -0.513935 -0.090416 0.071118 -0.046072 -0.046865 0.165090 0.329518 -0.039311 -0.291957 0.007489 -0.015436 -0.095911 
1.721427 -1.521832 -0.107114 -0.508635 -0.088630 0.023405 0.038174 -0.108956 0.240863 0.301282 -0.026917 -0.321999 0.003865 -0.041497 -0.108320 
1.435043 -1.315444 -0.179677 -0.500328 -0.097082 0.084178 -0.078068 -0.011610 0.172496 0.282365 -0.001220 -0.309008 0.022966 0.000202 -0.138876 
1.269992 -1.107951 -0.289443 -0.547137 -0.043815 0.059992 -0.057730 -0.050523 0.200292 0.356137 -0.020271 -0.368790 0.015081 -0.020921 -0.100995 
1.490331 -1.018187 -0.262654 -0.596884 -0.007405 0.061960 -0.055326 -0.020266 0.145055 0.291293 0.054376 -0.414613 0.020884 0.064292 -0.147011 
0.854164 -0.576166 -0.340957 -0.404638 -0.108698 0.120950 -0.049623 -0.045062 0.243705 0.372977 -0.114894 -0.332792 -0.087560 -0.002834 -0.017878 
1.047366 -0.706846 -0.250864 -0.520012 -0.109806 -0.088894 0.059420 0.062515 0.198185 0.216165 -0.145158 -0.272637 0.137062 -0.050217 -0.171196 
0.465778 -0.622614 -0.353142 -0.454936 -0.174048 0.085740 0.030376 0.049158 0.237453 0.224941 -0.102068 -0.322299 -0.057189 0.032197 -0.147643 
0.235190 -0.726271 -0.242263 -0.320972 -0.230396 0.065066 -0.014445 0.047289 0.249295 0.050584 -0.030496 -0.108357 -0.121900 0.039893 -0.095606 
