city012_009
KESENNUMA
101
-0.365096 -0.317988 0.086624 -0.262065 -0.083827 0.095903 -0.050368 -0.081821 0.221332 -0.118171 -0.000229 0.031597 -0.019622 -0.031782 0.021788 
0.071809 -1.069076 0.653070 -0.567999 -0.011309 0.095369 -0.137412 -0.198387 0.134198 0.074377 0.029481 0.033157 -0.056291 -0.021846 0.077494 
0.032236 -1.138566 0.651850 -0.829516 0.162353 0.054259 -0.000965 -0.074658 0.148213 0.031439 -0.088208 0.010643 -0.002078 -0.031861 0.028848 
0.200057 -0.780188 0.558940 -0.798933 0.085040 -0.052786 -0.145659 -0.208620 0.026464 0.177945 0.144706 0.022720 -0.035520 0.000864 -0.008226 
0.215834 -0.610668 0.578875 -0.656183 0.124896 0.083374 -0.112708 -0.135216 0.137745 -0.004693 0.004088 0.032724 -0.045873 0.019331 -0.032229 
0.259202 -0.351833 0.980933 -0.124885 -0.035954 0.257517 -0.047316 -0.415972 0.005170 -0.021798 -0.096421 -0.116575 -0.010988 -0.059595 -0.060041 
0.851484 -0.794712 1.242894 -0.350250 -0.064974 -0.055240 -0.187948 -0.133082 -0.196620 -0.132452 0.076835 -0.130723 0.024371 0.016623 0.027091 
0.931338 -1.068394 1.392469 -0.379994 -0.054103 -0.160344 -0.281703 -0.122786 -0.236136 -0.055750 0.006476 -0.089257 0.094359 0.010808 0.064021 
0.971124 -1.092472 1.270212 -0.361333 -0.078413 -0.200220 -0.249131 -0.088164 -0.215349 -0.016316 0.046368 -0.075677 0.143194 -0.036233 0.106139 
0.974746 -1.071763 1.179560 -0.308127 -0.143808 -0.207253 -0.252370 -0.134100 -0.186160 0.031179 -0.008076 -0.011550 0.153771 -0.021182 0.105525 
1.070858 -0.944735 1.147884 -0.319291 -0.117980 -0.325073 -0.115409 -0.157237 -0.176316 0.077802 -0.030536 0.017649 0.169955 -0.055307 0.107564 
0.998914 -0.582460 0.981139 -0.177888 -0.271870 -0.332830 -0.040986 -0.203001 -0.199091 -0.005203 -0.068334 0.144336 0.048665 -0.061045 0.186028 
0.873576 -0.467919 0.903808 0.030291 -0.303113 -0.337608 0.056271 -0.311879 -0.123131 -0.055152 -0.104933 0.105580 0.042330 -0.061007 0.125098 
0.996138 -0.502821 0.516086 0.118726 -0.063840 -0.034651 0.136259 -0.127444 0.220642 -0.001692 -0.168616 0.132366 0.047965 -0.083125 -0.003212 
0.693209 -0.652504 0.564819 -0.212688 0.261462 0.069286 0.046457 -0.065924 0.232943 0.073951 -0.240026 0.159350 0.033231 -0.027546 0.001029 
0.421505 -0.620402 0.434673 -0.408506 -0.141924 -0.145449 0.070663 -0.032150 0.079891 -0.033189 -0.025834 0.134183 -0.074279 -0.012926 -0.010688 
0.327550 -0.704385 0.408771 -0.144722 0.112728 -0.102369 -0.056216 -0.130129 -0.065480 -0.084575 0.105259 0.077622 -0.063216 -0.113672 0.095506 
0.144945 -0.613511 0.428624 -0.242864 0.047254 0.046976 0.082801 -0.056576 0.035951 -0.070571 0.022909 -0.003266 0.054048 -0.053795 -0.017964 
0.190657 -0.972013 0.243972 -0.370549 -0.121805 -0.069163 -0.024237 -0.005874 0.165923 -0.065243 0.065616 0.058225 -0.068537 -0.068025 0.009595 
-0.167203 -0.728636 0.278961 -0.249868 -0.173759 -0.087281 0.093600 -0.016427 0.019016 -0.013529 0.047614 0.046308 -0.073142 -0.010646 -0.002720 
-0.092247 -1.018578 0.332925 -0.071387 0.053430 -0.105769 -0.142322 -0.050437 0.067561 0.063376 0.055862 -0.101927 -0.043178 0.136917 -0.055992 
0.034950 -0.807500 0.311751 -0.375529 -0.144589 -0.030047 -0.066722 0.047694 0.056166 0.028767 0.003978 0.060854 -0.059879 -0.010653 -0.038110 
0.195093 -0.695234 0.425553 -0.364998 -0.111915 -0.240468 -0.098543 0.001893 -0.025200 0.081800 0.053820 0.067045 0.087786 -0.108632 0.026538 
0.080343 -0.874301 0.465449 -0.494153 -0.007490 -0.290964 0.017319 -0.007551 -0.011003 0.084866 0.099386 0.063549 -0.059822 -0.059758 0.055137 
0.703732 -0.744625 0.550866 -0.145764 -0.112501 -0.130498 0.119992 -0.036525 -0.017508 -0.088115 -0.111518 0.196139 0.037115 -0.210870 0.138308 
0.928789 -0.522916 0.738969 -0.081192 -0.115899 -0.025774 0.096690 -0.097411 -0.075744 -0.129577 -0.092852 0.085692 -0.009184 -0.116566 0.038849 
1.359572 -1.023738 1.099254 -0.207216 -0.166327 -0.282902 -0.097049 -0.039796 -0.134576 0.046613 -0.035439 0.058620 0.124481 -0.089123 0.066410 
1.427540 -1.220800 1.114803 -0.347446 -0.142391 -0.288005 -0.158549 -0.065961 -0.127036 0.039463 0.018757 0.063286 0.128124 -0.051731 0.066779 
1.305230 -1.178889 1.022670 -0.288860 -0.261451 -0.150287 -0.132739 -0.001599 -0.108831 0.077005 0.005299 0.047303 0.110851 -0.103815 0.087302 
1.542750 -1.340176 1.033989 -0.359066 -0.190023 -0.193185 -0.095504 0.003618 -0.035231 0.036548 0.081506 0.019080 0.075223 -0.077404 0.039000 
1.404100 -1.165652 0.832897 -0.240705 -0.303454 -0.117065 -0.126233 0.037607 -0.065299 0.006570 0.048988 0.044755 0.096746 -0.115994 0.058241 
1.615683 -1.377882 1.019377 -0.326385 -0.151357 -0.190047 -0.123834 0.035967 0.050457 0.007379 0.096335 -0.000443 0.080933 -0.090463 0.012427 
1.388173 -1.224683 0.844670 -0.239800 -0.198432 -0.127710 -0.170980 0.066267 -0.010576 0.029647 0.023561 0.017064 0.110721 -0.116549 0.044493 
1.537952 -1.381598 0.976213 -0.282669 -0.110568 -0.159914 -0.179109 0.106840 0.053295 0.069832 0.010453 0.017808 0.064924 -0.062962 -0.018871 
1.373904 -1.253074 0.837118 -0.171596 -0.158072 -0.138897 -0.183091 0.099216 0.007061 0.039317 -0.014238 0.019927 0.105561 -0.105464 0.030071 
1.522745 -1.327661 0.921057 -0.227278 -0.060369 -0.212621 -0.136075 0.067800 0.042020 0.034734 -0.003385 -0.006965 0.122580 -0.095473 0.012561 
1.462375 -1.207094 0.826306 -0.099515 -0.116694 -0.174267 -0.165431 0.046532 0.012880 0.049374 -0.036631 -0.006593 0.122706 -0.047712 -0.032266 
1.631686 -1.258080 0.847232 -0.041488 -0.044677 -0.250826 -0.135265 -0.013182 0.039581 0.020705 -0.054937 -0.005385 0.120294 0.001452 -0.094613 
1.644009 -1.153038 0.727162 0.110771 0.003223 -0.281993 -0.127326 -0.063343 -0.037664 -0.006636 -0.102854 -0.049624 0.148094 0.014907 -0.146921 
1.721717 -1.150992 0.718564 0.319913 -0.081542 -0.223777 -0.059060 -0.230207 -0.015188 0.009906 -0.198396 -0.130352 0.218535 -0.064702 -0.134572 
1.456328 -1.115860 1.025460 0.385672 -0.224758 0.067768 -0.189622 -0.328875 0.105055 -0.115490 -0.193864 -0.250574 0.179694 -0.023082 -0.219202 
1.378466 -1.025722 1.115407 0.321490 -0.377562 0.225965 -0.265776 -0.331295 0.103539 -0.225968 -0.136330 -0.224809 0.116910 -0.021884 -0.235663 
1.319400 -0.993351 1.083052 0.321545 -0.317365 0.197404 -0.271228 -0.349944 0.098155 -0.162050 -0.158670 -0.238840 0.108415 0.022487 -0.226828 
1.295397 -1.010294 1.054064 0.339620 -0.331630 0.262688 -0.300586 -0.367527 0.098967 -0.162311 -0.159624 -0.251814 0.088825 0.017289 -0.216858 
1.226377 -1.019755 1.126887 0.249258 -0.260827 0.221135 -0.247956 -0.396754 0.083443 -0.156589 -0.131976 -0.270317 0.081137 0.009282 -0.191548 
1.209514 -1.029197 1.105266 0.266542 -0.273121 0.268502 -0.264985 -0.388855 0.055601 -0.148461 -0.131057 -0.288750 0.093287 -0.031756 -0.173548 
1.180064 -0.995958 1.145393 0.239843 -0.264697 0.241084 -0.222901 -0.379989 0.038951 -0.159885 -0.112927 -0.289346 0.090535 -0.042124 -0.168216 
1.139966 -0.978112 1.143203 0.248712 -0.309143 0.288094 -0.228573 -0.356290 0.006199 -0.177902 -0.098994 -0.270900 0.060415 -0.050788 -0.175399 
1.113430 -0.890506 1.142090 0.221699 -0.278171 0.247578 -0.186444 -0.348200 -0.004110 -0.171277 -0.102287 -0.257796 0.055210 -0.063058 -0.155088 
1.175318 -0.926606 1.200218 0.197081 -0.268676 0.212195 -0.153488 -0.358147 0.004947 -0.194967 -0.082838 -0.274524 0.066807 -0.062721 -0.167496 
1.125167 -0.885135 1.153615 0.216812 -0.243488 0.211482 -0.181961 -0.348207 0.006485 -0.172937 -0.106632 -0.268018 0.058795 -0.048250 -0.175318 
1.178313 -0.860743 1.187477 0.238656 -0.312129 0.217520 -0.164344 -0.316243 -0.014310 -0.189339 -0.106149 -0.249918 0.057865 -0.059235 -0.185672 
1.142177 -0.799004 1.154601 0.252467 -0.305813 0.209775 -0.145269 -0.317617 -0.015590 -0.175984 -0.106735 -0.260107 0.080411 -0.087625 -0.161133 
1.192466 -0.754936 1.147887 0.253254 -0.319933 0.223009 -0.127743 -0.326317 -0.010455 -0.167867 -0.127884 -0.246606 0.080084 -0.103248 -0.170167 
1.175584 -0.768569 1.185151 0.285371 -0.373875 0.218720 -0.100714 -0.284426 -0.051074 -0.185348 -0.087588 -0.247104 0.050471 -0.079910 -0.178819 
1.204192 -0.778020 1.170570 0.287220 -0.370319 0.212567 -0.098161 -0.290941 -0.038945 -0.197012 -0.081738 -0.258165 0.073407 -0.105910 -0.161036 
1.198141 -0.786573 1.203426 0.258393 -0.355417 0.201796 -0.070918 -0.301509 -0.056382 -0.192968 -0.075056 -0.273072 0.072088 -0.106279 -0.172657 
1.119048 -0.738543 1.227041 0.303476 -0.366892 0.178200 -0.071765 -0.287818 -0.055050 -0.189115 -0.076816 -0.283059 0.080999 -0.097519 -0.183064 
1.180872 -0.789851 1.228328 0.380009 -0.413185 0.226032 -0.126117 -0.269190 -0.057838 -0.155980 -0.130605 -0.268248 0.069052 -0.049525 -0.263211 
0.962709 -0.794183 1.074686 0.362422 -0.107949 0.004665 -0.062820 -0.340058 -0.036480 -0.059712 -0.235388 -0.282198 0.101541 -0.094627 -0.168770 
1.384673 -0.914152 0.909305 0.214884 0.148745 -0.347801 -0.022111 -0.196257 -0.179746 0.052368 -0.235886 -0.209993 0.167942 -0.072761 -0.122891 
1.425322 -0.912155 0.831198 0.178432 0.144639 -0.277571 -0.108925 -0.028679 -0.217240 -0.033719 -0.135615 -0.227893 0.206592 -0.089562 -0.185735 
1.417514 -0.884841 0.851101 0.099434 0.130769 -0.272294 -0.094841 0.032688 -0.284155 -0.046474 -0.060027 -0.228845 0.181353 -0.065410 -0.194955 
1.468051 -0.958297 0.933886 0.055889 0.119706 -0.332842 -0.085791 0.100155 -0.327577 -0.042007 -0.001102 -0.242714 0.204638 -0.059821 -0.198699 
1.425457 -0.908005 0.854846 0.072804 0.079760 -0.243037 -0.100015 0.067484 -0.292290 -0.135662 0.033353 -0.262471 0.188823 -0.067665 -0.201342 
1.462515 -0.988189 0.877450 0.077665 0.112300 -0.235351 -0.133567 0.035219 -0.253611 -0.115365 0.029839 -0.282552 0.194943 -0.041705 -0.221377 
1.532767 -0.983134 0.893075 0.047812 0.148720 -0.253465 -0.143736 0.031086 -0.246137 -0.069912 0.009586 -0.302590 0.218507 -0.025592 -0.245300 
1.540875 -0.953156 0.817550 0.078195 0.150256 -0.199566 -0.158950 -0.030321 -0.200453 -0.076382 -0.000093 -0.331707 0.211499 0.001871 -0.256689 
1.572381 -0.962477 0.756291 0.075333 0.189087 -0.157358 -0.176247 -0.090888 -0.202418 -0.025597 0.006028 -0.371408 0.196684 0.025855 -0.239620 
1.589122 -0.929452 0.701881 0.107832 0.142577 -0.076190 -0.178110 -0.135111 -0.202201 -0.035399 0.030714 -0.382050 0.158309 0.041603 -0.229904 
1.665544 -0.919487 0.694187 0.146143 0.008497 0.029800 -0.096255 -0.237566 -0.192624 -0.023628 0.047271 -0.350497 0.136022 0.011375 -0.228482 
1.716040 -0.891527 0.686586 0.210212 -0.172025 0.116947 -0.033057 -0.307840 -0.158364 -0.019017 0.064907 -0.360521 0.170736 -0.012626 -0.204809 
1.629388 -0.843485 0.781075 0.201734 -0.224657 0.119911 0.100563 -0.364089 -0.144028 -0.000644 0.059905 -0.335130 0.159064 -0.032252 -0.186450 
1.055216 -0.908585 0.994576 0.528161 -0.189769 0.129007 -0.039093 -0.415769 -0.009750 -0.051366 -0.134683 -0.378290 0.021410 0.009989 -0.187974 
1.157668 -1.044164 1.073881 0.522073 -0.232600 0.195095 -0.120019 -0.372150 0.021432 -0.142791 -0.078436 -0.410641 0.039630 -0.002497 -0.217857 
1.071339 -0.964539 1.049086 0.502448 -0.201792 0.167669 -0.108439 -0.376144 0.016255 -0.125591 -0.090214 -0.415136 0.058967 -0.016593 -0.206244 
1.021093 -0.968642 1.067837 0.430612 -0.097737 0.097044 -0.063942 -0.385670 -0.002019 -0.093639 -0.104606 -0.373547 0.007549 -0.002259 -0.171805 
1.083948 -1.009510 1.077350 0.438442 -0.143846 0.163017 -0.097401 -0.356676 -0.013031 -0.118888 -0.061415 -0.389379 0.016081 -0.020363 -0.165470 
1.602018 -0.957173 0.736745 0.034277 -0.166887 0.184735 0.038184 -0.316308 -0.166387 -0.114440 0.039568 -0.203964 0.124211 -0.068162 -0.165011 
1.853934 -1.135358 0.463623 -0.262341 0.027301 0.041874 0.008553 -0.246672 -0.269816 0.052989 0.160456 -0.179948 0.197282 -0.051832 -0.186682 
1.800071 -1.272444 0.352402 -0.353963 0.079023 0.040244 -0.118306 -0.101588 -0.164300 0.232559 0.212350 -0.288778 0.121691 0.017559 -0.151771 
1.769450 -1.395405 0.367055 -0.518541 0.223809 -0.011552 -0.096569 -0.033964 -0.158873 0.286117 0.213095 -0.357623 0.120826 -0.022242 -0.115290 
1.654785 -1.357197 0.304209 -0.548038 0.188029 -0.017938 -0.095098 0.015657 -0.124009 0.287296 0.141540 -0.346231 0.124495 -0.007617 -0.080661 
1.560590 -1.304658 0.246900 -0.581270 0.174134 0.042202 -0.122025 0.065441 -0.129578 0.302105 0.090710 -0.324482 0.086311 0.005852 -0.026544 
1.605589 -1.404024 0.255693 -0.642260 0.208730 0.034425 -0.080933 0.052261 -0.107497 0.284193 0.117033 -0.343233 0.045957 0.028801 -0.047107 
1.510094 -1.338810 0.203771 -0.644032 0.228317 0.016701 -0.036289 0.013039 -0.073549 0.255653 0.113739 -0.337294 0.045534 0.029878 -0.041163 
1.541231 -1.377952 0.167008 -0.620614 0.221697 0.033417 -0.074778 0.040633 -0.085470 0.269312 0.088931 -0.321911 0.050154 0.025412 -0.041440 
1.549565 -1.398552 0.202881 -0.630850 0.214062 0.039657 -0.073912 0.065299 -0.090723 0.281332 0.049417 -0.314818 0.057230 0.015690 -0.000299 
1.574389 -1.415661 0.213667 -0.656908 0.255115 0.006075 -0.037064 0.030500 -0.065813 0.265619 0.063314 -0.334167 0.067874 0.013074 0.008202 
1.584989 -1.399015 0.192820 -0.600978 0.209240 0.048810 -0.061366 0.073314 -0.071363 0.279272 0.031790 -0.319684 0.043824 0.020391 -0.001539 
1.616080 -1.433331 0.208229 -0.615862 0.240999 0.016286 -0.041995 0.043756 -0.038536 0.253159 0.033260 -0.318979 0.073724 -0.009930 0.014850 
1.713583 -1.506883 0.225059 -0.590732 0.242522 0.009445 -0.011824 0.059668 -0.016020 0.219514 0.061725 -0.349860 0.051361 0.014020 -0.024197 
1.688642 -1.470927 0.168878 -0.583454 0.245220 -0.009730 0.026917 0.028151 -0.023431 0.239123 0.043759 -0.345118 0.064950 -0.004052 0.006810 
1.665333 -1.323739 -0.026821 -0.523890 0.202048 0.035750 -0.033509 -0.020458 -0.019287 0.248419 0.034997 -0.299287 0.071664 -0.000875 0.011886 
1.717309 -1.179317 -0.237973 -0.426082 0.104226 0.062805 0.008934 -0.115321 0.025374 0.211451 0.050093 -0.264913 0.043114 0.036076 0.023992 
1.609441 -1.211321 -0.168108 -0.450111 0.108607 0.084488 -0.023554 -0.068587 -0.016335 0.214870 0.068046 -0.259100 0.038021 0.030967 -0.012986 
1.477925 -0.882518 -0.194510 -0.432533 0.105569 0.085754 -0.039870 -0.046587 0.033882 0.205086 0.053243 -0.311429 0.020473 0.066111 0.033615 
1.505875 -0.923262 -0.402679 -0.470528 0.087134 0.051568 0.024425 -0.086501 0.015714 0.251162 0.071293 -0.291822 -0.007720 0.038356 0.026074 
0.937749 -0.787271 -0.072154 -0.338819 0.119996 0.013101 0.010142 -0.027488 0.061873 0.176802 -0.047528 -0.290766 0.141282 0.043947 -0.021496 
0.949317 -0.109694 -0.184919 -0.176395 0.012811 0.067700 -0.086698 -0.222188 0.106831 0.184579 0.118075 -0.066278 -0.073756 -0.048406 0.065631 
0.861749 -0.382615 -0.313120 -0.198809 -0.071458 0.150461 -0.086701 -0.263912 0.180387 0.192990 0.134563 -0.209816 -0.038111 -0.010356 -0.023795 
