city012_049
GOTANDA
82
0.218126 -0.122503 -0.261334 -0.333476 -0.087808 0.173726 0.092934 -0.104062 0.104185 -0.060776 -0.018515 0.047535 -0.068137 0.046656 -0.030055 
0.899361 -0.338852 -0.498758 -0.630083 -0.017524 0.069730 0.302873 -0.011417 -0.062055 0.006850 -0.077164 -0.076632 0.117238 0.095151 -0.139265 
0.944016 0.038049 -0.256019 -0.408175 0.103922 0.062203 0.171827 0.004144 -0.102874 -0.161117 -0.045319 -0.022090 0.159951 0.074581 -0.080881 
1.530412 -0.106340 0.286485 -0.390992 -0.345764 0.060997 0.062605 -0.005811 -0.262047 -0.153440 0.034793 -0.265192 0.117185 0.268065 -0.181297 
1.658481 -0.241043 0.499363 -0.632280 -0.387454 0.001238 -0.114369 0.114682 -0.226727 -0.141719 0.139411 -0.387865 0.164151 0.272683 -0.236700 
1.622977 -0.104226 0.478833 -0.804244 -0.357472 0.024085 -0.058304 0.068661 -0.198776 -0.164906 0.060244 -0.342325 0.206642 0.256455 -0.168187 
1.723597 -0.119320 0.352309 -0.808269 -0.398612 0.115885 -0.121744 0.082417 -0.211347 -0.148156 0.075782 -0.287938 0.220210 0.312931 -0.215625 
1.782670 -0.236448 0.398882 -0.870398 -0.371313 0.091784 -0.055761 -0.015851 -0.174478 -0.136219 0.062093 -0.251996 0.281824 0.278002 -0.196353 
1.733692 -0.334505 0.409894 -0.871081 -0.305342 0.157064 -0.073330 -0.037732 -0.219491 -0.165244 0.138006 -0.186322 0.298860 0.286529 -0.230413 
1.712683 -0.524579 0.290774 -0.828405 -0.186875 0.191064 -0.120029 -0.076282 -0.275862 -0.128932 0.143561 -0.110111 0.337547 0.242921 -0.290245 
1.701729 -0.608251 0.487336 -0.853487 0.123999 0.111000 -0.084791 -0.152758 -0.298270 -0.026973 0.207739 -0.021710 0.188324 0.026432 -0.246359 
1.470202 -0.727547 0.372550 -0.751903 0.127041 0.030155 -0.175123 -0.192902 -0.370137 0.051793 0.160264 0.011836 0.285484 -0.020221 -0.218800 
1.231106 -0.486686 0.315378 -0.686564 0.234968 -0.034937 -0.110128 -0.230067 -0.384362 0.146658 0.055303 -0.026662 0.270262 -0.091532 -0.152740 
0.711276 -0.078756 0.363858 -0.264202 0.480095 0.110163 -0.029709 -0.185761 -0.273994 0.057974 -0.006870 -0.075232 0.057119 -0.199528 -0.083081 
0.397714 0.307107 0.282318 -0.035258 0.054425 0.259598 -0.052150 -0.295352 -0.288396 -0.159927 0.046533 -0.104630 -0.113992 -0.012162 -0.169076 
0.158944 0.022978 0.324148 -0.049737 0.027093 0.063450 -0.102252 -0.245165 -0.033658 -0.056344 0.054628 -0.059289 -0.068709 0.080885 -0.064760 
0.252029 0.004636 0.013135 -0.048435 0.011126 0.019706 -0.051329 -0.074963 0.010741 -0.134618 0.142416 -0.032472 -0.036996 0.042510 -0.060982 
0.135009 0.011714 -0.061917 -0.153979 -0.037145 0.057119 -0.093699 -0.115273 0.002426 -0.042848 0.131902 -0.033973 -0.047576 0.102542 -0.128677 
0.351732 -0.651573 -0.296354 -0.032833 0.101124 0.113006 -0.087025 -0.054105 0.050309 -0.108232 0.139542 -0.005618 -0.069272 0.038545 -0.083719 
0.084639 0.092765 0.001334 -0.273241 -0.158770 0.090074 -0.142729 -0.180184 0.036269 0.011663 0.111715 0.007418 -0.039180 0.113249 -0.136335 
0.112958 -0.155633 -0.078247 -0.251449 -0.158825 0.201617 0.018561 -0.101926 0.166696 -0.062550 0.009677 -0.024173 -0.017208 -0.001356 0.000667 
0.449711 -0.541701 -0.021995 -0.084682 -0.193813 0.137012 0.119101 0.038883 0.126743 -0.094300 -0.020465 -0.108935 0.052466 0.061858 -0.082942 
0.929471 -1.043024 0.209528 -0.128152 -0.177872 -0.202318 -0.084139 -0.050777 0.137230 0.023912 -0.020858 0.095423 0.037413 -0.008301 -0.102432 
1.485818 -0.933007 0.257461 -0.166191 0.026767 -0.304578 -0.110926 -0.187687 0.056125 0.194467 -0.179218 0.040842 0.212524 -0.055986 -0.033647 
1.590535 -1.374535 0.530022 -0.499407 0.110293 -0.288001 -0.183213 0.030976 0.131253 0.325104 -0.149003 -0.113643 0.198304 -0.065292 -0.119196 
1.299229 -1.371031 0.401742 -0.674800 0.153232 -0.224546 -0.127435 0.028275 0.230919 0.286589 -0.129112 -0.228990 0.157612 -0.043135 -0.137170 
1.334137 -1.479553 0.256304 -0.715883 0.254888 -0.193396 -0.086114 0.009749 0.204279 0.219967 -0.048643 -0.254368 0.102496 -0.018773 -0.074228 
1.359268 -1.493416 0.147721 -0.641775 0.284705 -0.102283 0.044273 0.034687 0.062113 0.175479 0.011372 -0.338662 -0.008764 0.179002 -0.031383 
1.536000 -1.403125 0.022856 -0.613269 0.236423 -0.043681 0.111185 -0.015965 0.058256 0.185553 0.005318 -0.374651 -0.020719 0.224898 -0.016734 
1.618104 -1.271469 -0.064485 -0.498774 0.174053 -0.000017 0.115101 -0.012418 0.018216 0.223464 -0.026334 -0.359333 -0.023728 0.241041 -0.035313 
1.745446 -1.287212 -0.028658 -0.510443 0.215667 -0.038043 0.133764 -0.039026 0.048772 0.220203 -0.025621 -0.376329 0.037392 0.155222 -0.028057 
1.713763 -1.303257 -0.034145 -0.413292 0.169060 -0.015965 0.095024 -0.012570 0.000308 0.225144 -0.023313 -0.357693 0.065721 0.157126 -0.036887 
1.744220 -1.328567 0.021462 -0.422252 0.220827 -0.059380 0.117980 -0.009702 -0.046159 0.270085 -0.067429 -0.318018 0.068044 0.148448 -0.009700 
1.791472 -1.320101 -0.024100 -0.281337 0.162825 -0.045558 0.082030 -0.055156 -0.000396 0.215985 -0.049817 -0.263448 0.068590 0.139702 -0.052816 
1.888307 -1.448239 0.112557 -0.218670 0.196217 -0.132131 0.125377 -0.065708 0.056555 0.225311 -0.128953 -0.163523 0.059022 0.053032 -0.035611 
1.832306 -1.452630 0.185322 -0.170026 0.153846 -0.078243 0.006055 -0.162583 0.059587 0.262165 -0.182489 -0.070186 0.070401 0.026803 -0.027026 
1.896236 -1.468589 0.325344 -0.060231 0.012018 0.002255 -0.021271 -0.379947 0.138605 0.210490 -0.217847 -0.013088 0.084479 0.032914 -0.019616 
1.801150 -1.421650 0.521829 -0.046533 -0.020424 0.141994 -0.161230 -0.374947 0.156192 0.066625 -0.097279 -0.097632 0.097820 0.035714 -0.075747 
1.575852 -1.361629 0.727999 0.144457 -0.122412 0.276702 -0.314389 -0.342104 0.082803 -0.059797 -0.057511 -0.144458 0.051810 0.048836 -0.169887 
1.409912 -1.399430 1.143338 0.163085 -0.063245 0.175630 -0.292370 -0.365112 0.062001 -0.079611 -0.096042 -0.248966 -0.018379 0.091441 -0.147199 
1.216721 -1.195514 1.083044 0.229922 -0.146683 0.212169 -0.346047 -0.343665 0.051299 -0.125622 -0.133218 -0.247455 -0.002578 0.074805 -0.167469 
1.322899 -1.260495 1.133663 0.211624 -0.156180 0.172893 -0.304671 -0.328395 0.052121 -0.156619 -0.112078 -0.236520 0.013677 0.065663 -0.182570 
1.262974 -1.227163 1.117453 0.218036 -0.146884 0.183416 -0.322759 -0.330477 0.052845 -0.124657 -0.135843 -0.241876 0.017656 0.072588 -0.179923 
1.282969 -1.212129 1.143104 0.194301 -0.118795 0.158649 -0.303133 -0.349755 0.068367 -0.134696 -0.141257 -0.255870 0.032791 0.061248 -0.184968 
1.217840 -1.136777 1.122971 0.189746 -0.167065 0.194547 -0.298960 -0.342634 0.036781 -0.111947 -0.132397 -0.243746 0.025823 0.062140 -0.171387 
1.237206 -1.114892 1.097197 0.211135 -0.210358 0.223426 -0.301247 -0.336198 0.030618 -0.127793 -0.147104 -0.214209 0.023579 0.039548 -0.189162 
1.289127 -1.049544 1.158559 0.126149 -0.208483 0.202634 -0.233209 -0.369308 0.039158 -0.125652 -0.113930 -0.230423 0.051394 0.022826 -0.169046 
1.242405 -0.991005 1.173575 0.173409 -0.298452 0.225197 -0.203169 -0.339709 0.011521 -0.178461 -0.116850 -0.201337 0.044857 -0.026215 -0.174006 
1.259045 -0.937679 1.259207 0.156032 -0.293100 0.152169 -0.174326 -0.309266 0.031172 -0.184744 -0.138666 -0.168682 0.069334 -0.041696 -0.186237 
1.274959 -0.937053 1.105021 0.210000 -0.263516 0.237034 -0.255505 -0.328348 0.041980 -0.138770 -0.184163 -0.187378 0.063499 -0.022578 -0.203956 
1.299175 -0.918469 1.112680 0.144371 -0.183237 0.221217 -0.221539 -0.401910 0.066674 -0.095421 -0.177512 -0.231794 0.082096 -0.024373 -0.180650 
1.290269 -0.848048 1.031583 0.225551 -0.244321 0.298649 -0.249892 -0.391808 0.029984 -0.076086 -0.208143 -0.236862 0.075474 -0.045912 -0.194755 
1.345564 -0.824232 1.037885 0.237590 -0.270962 0.313816 -0.244636 -0.418077 0.039759 -0.065371 -0.215194 -0.255813 0.092555 -0.041292 -0.209934 
1.364372 -0.772524 1.014114 0.247931 -0.255226 0.314127 -0.248283 -0.442256 0.056447 -0.052922 -0.233278 -0.264352 0.097377 -0.048479 -0.201513 
1.374087 -0.694227 0.972047 0.339949 -0.286225 0.327288 -0.290890 -0.451578 0.088481 -0.016360 -0.285145 -0.270784 0.111771 -0.023021 -0.211735 
1.361654 -0.670297 0.999473 0.278631 -0.191093 0.294042 -0.231065 -0.485867 0.103601 -0.032150 -0.256884 -0.308153 0.126841 -0.077963 -0.180674 
1.298828 -0.570194 0.919614 0.377950 -0.182454 0.318062 -0.281285 -0.489579 0.119512 0.020089 -0.300976 -0.319364 0.091310 -0.015197 -0.188140 
1.331511 -0.661831 0.794869 0.241179 -0.017828 0.253617 -0.146425 -0.480411 0.002526 0.017137 -0.213490 -0.284018 0.052932 -0.133937 -0.121340 
1.517547 -1.003954 0.751690 -0.155699 0.165261 -0.136592 -0.292908 -0.142361 0.075325 0.078679 -0.196741 -0.085932 0.188329 0.021104 -0.119500 
1.510428 -1.277663 0.762642 -0.401012 0.041811 -0.296787 -0.382370 -0.028724 0.196151 0.188540 -0.120317 0.030887 0.215968 -0.000513 -0.086526 
1.535291 -1.359508 0.751534 -0.520757 0.028409 -0.325118 -0.414471 -0.026642 0.268675 0.194064 -0.066622 0.031172 0.247466 -0.036012 -0.089084 
1.417065 -1.327636 0.525016 -0.519360 0.026739 -0.233502 -0.419962 -0.035802 0.307349 0.179998 -0.071675 0.029198 0.208783 -0.054766 -0.090288 
1.369360 -1.490579 0.475502 -0.613595 0.109322 -0.179786 -0.348273 -0.005148 0.321259 0.182998 -0.065123 -0.051493 0.146770 -0.096675 -0.046105 
1.298390 -1.514973 0.490884 -0.688921 0.138856 -0.192728 -0.284855 0.071819 0.279898 0.204025 -0.005805 -0.128686 -0.005521 -0.017308 -0.009891 
1.276468 -1.406278 0.349811 -0.703093 0.149925 -0.208577 -0.131330 0.020974 0.181800 0.324394 0.022797 -0.336608 0.064856 0.073734 -0.171597 
1.285369 -1.432374 0.343435 -0.747210 0.166838 -0.215126 -0.040209 -0.067209 0.237030 0.298984 0.019724 -0.336803 0.075959 0.014056 -0.133208 
1.260559 -1.364663 0.314868 -0.705788 0.103604 -0.140831 -0.068745 -0.042534 0.222785 0.346755 -0.069084 -0.277349 0.032857 0.018753 -0.136221 
1.337447 -1.425228 0.364183 -0.768777 0.129518 -0.145851 -0.027145 -0.091215 0.254248 0.320695 -0.037947 -0.281850 0.010658 0.011176 -0.118442 
1.329746 -1.387494 0.269113 -0.735765 0.081505 -0.084021 -0.055974 -0.047495 0.207585 0.310695 -0.035773 -0.247568 -0.012804 0.020554 -0.138747 
1.409836 -1.473279 0.353270 -0.796407 0.115325 -0.085093 -0.037762 -0.065349 0.233047 0.314849 -0.051305 -0.267872 -0.013958 0.010017 -0.107996 
1.366309 -1.381060 0.256039 -0.675417 0.009865 -0.022278 -0.052372 -0.075087 0.230464 0.313865 -0.025310 -0.273406 -0.032715 0.025660 -0.127475 
1.379806 -1.335720 0.193909 -0.660298 -0.040414 0.060010 -0.095034 -0.047777 0.227937 0.286160 0.003035 -0.295853 -0.034505 0.026999 -0.132070 
1.569461 -1.448170 0.265611 -0.715581 0.011122 0.020746 -0.058737 -0.084317 0.247384 0.266063 0.037314 -0.326744 -0.011200 0.013699 -0.138234 
1.550837 -1.400577 0.102962 -0.621020 -0.051760 0.076793 -0.153396 -0.011404 0.170777 0.335858 0.011545 -0.319650 0.046378 -0.055409 -0.113507 
1.644777 -1.493608 0.128207 -0.637439 -0.011605 0.057228 -0.131458 -0.063379 0.214085 0.295529 0.029676 -0.294066 0.037603 -0.076805 -0.098368 
1.597040 -1.439040 0.012377 -0.584935 -0.059255 0.051508 -0.078759 -0.077473 0.210155 0.316493 -0.023768 -0.257320 0.025316 -0.073245 -0.096106 
1.424156 -1.378649 0.041611 -0.664831 -0.020824 0.083273 -0.127754 -0.041892 0.203610 0.304780 0.010267 -0.291824 0.023819 -0.072805 -0.092047 
1.431585 -1.027931 -0.155046 -0.573661 -0.068016 0.089100 -0.156319 -0.092904 0.215823 0.330683 -0.041093 -0.260025 0.050555 -0.007383 -0.080466 
1.270538 -0.740353 -0.260501 -0.600488 -0.049699 0.071149 -0.146011 -0.025391 0.206878 0.396404 -0.045865 -0.319687 -0.032094 -0.024465 -0.058774 
1.800433 -0.714431 -0.296468 -0.563787 -0.221220 0.181442 -0.064189 -0.169134 0.214373 0.363462 -0.032334 -0.220867 -0.020930 -0.149940 -0.018852 
0.886566 -0.388238 -0.244303 -0.260077 -0.276453 0.129324 -0.039639 -0.101704 0.388449 0.244424 -0.021934 -0.228793 -0.158358 -0.011669 -0.059012 
0.165009 -0.720690 -0.304386 -0.162110 -0.234697 0.068845 -0.031479 -0.068584 0.281280 0.067139 -0.009922 -0.078353 -0.152510 0.062073 -0.029180 
