city012_005
OCHANOMIZU
102
-0.314545 -0.178093 -0.109535 -0.150515 0.026362 0.182110 -0.000998 -0.116174 0.107322 -0.067052 -0.003380 0.055733 -0.066858 0.048381 -0.039193 
-0.132234 0.074473 0.204568 0.041624 0.008939 0.290522 -0.221989 -0.107429 0.157200 -0.094861 0.069010 -0.057614 0.012592 -0.039602 0.007529 
0.945449 0.366823 0.076735 -0.166895 -0.325164 0.015896 0.059577 0.074806 0.146049 -0.245526 0.046419 -0.113232 -0.013274 -0.036537 0.007809 
1.165429 0.467657 0.126086 -0.509273 -0.507842 -0.018233 0.000676 -0.069627 -0.063288 -0.041675 0.079067 -0.154621 0.123624 0.166044 -0.134117 
1.403046 0.164147 0.334050 -0.659903 -0.447137 -0.020721 -0.033742 0.082766 -0.076364 -0.118106 0.147452 -0.340236 0.154139 0.133264 -0.125331 
1.312967 -0.034419 0.555509 -0.945534 -0.450933 0.006025 -0.072162 0.117782 -0.129959 -0.063577 0.117818 -0.414336 0.281314 0.162810 -0.204293 
1.393016 0.206693 0.329073 -0.943326 -0.237371 -0.099542 0.054467 0.108337 -0.210699 0.007689 -0.025340 -0.321821 0.301187 0.093644 -0.067875 
1.565184 -0.042291 0.278823 -0.850924 -0.263376 -0.035094 0.038066 0.089266 -0.172005 -0.087319 0.092303 -0.275718 0.237514 0.183314 -0.119319 
1.595918 -0.445503 0.439676 -0.860944 -0.166938 0.028711 0.018856 0.037143 -0.291400 -0.086252 0.127969 -0.202297 0.294000 0.210795 -0.191388 
1.500207 -0.441599 0.587384 -0.845006 0.067573 0.274496 -0.096934 -0.101587 -0.325810 -0.044905 0.161235 -0.125911 0.269525 0.004944 -0.271248 
1.689297 -0.746319 0.517846 -0.599084 0.218898 0.019261 -0.060658 -0.279524 -0.254180 0.144074 0.175229 -0.110730 0.095301 -0.031842 -0.133783 
1.654458 -0.716305 0.638091 -0.473201 0.459673 -0.214350 -0.158107 -0.201761 -0.295135 0.272126 0.130830 -0.252026 0.076080 0.016540 0.024537 
1.311432 -0.218626 0.293884 -0.088245 0.542317 0.027244 0.081269 -0.125690 -0.106565 0.327439 -0.072018 -0.192438 0.171597 -0.066069 -0.034539 
0.789279 0.512199 0.466492 0.096546 0.283112 0.108883 0.021374 -0.047948 0.096512 -0.128910 0.028702 -0.070731 -0.005688 -0.067308 -0.016854 
0.257866 0.215185 0.310606 0.192842 0.295258 0.204216 -0.093574 -0.053601 0.046020 -0.103605 0.111115 -0.054864 -0.092801 -0.000281 -0.036451 
0.270507 0.024258 0.156219 0.109380 0.130186 0.184843 0.077653 -0.093873 0.110957 -0.037790 0.094340 0.014627 -0.058611 0.078843 -0.057377 
0.036096 -0.000734 0.099375 0.028126 0.050609 0.195090 0.039214 -0.040722 -0.018382 0.003304 0.162039 -0.161927 0.070074 0.031877 -0.085980 
-0.372231 -0.440383 0.145327 -0.167648 0.119818 -0.221657 0.021380 -0.132246 -0.083479 0.151624 0.054789 -0.034080 -0.031837 -0.005332 0.051577 
-0.208554 -0.542915 0.160289 -0.313135 0.073284 -0.062760 -0.002496 -0.035048 0.021277 -0.056758 0.131525 -0.037222 -0.028898 -0.013545 0.025187 
-0.418173 -0.383754 0.203424 -0.247362 0.311107 -0.253060 0.136303 -0.023829 0.017895 -0.107057 0.097179 0.010756 -0.067663 0.055756 -0.063528 
-0.549119 -0.604779 0.192942 -0.576682 0.215866 -0.199446 0.346970 -0.048001 -0.002215 -0.035402 -0.086196 0.071497 -0.052842 0.077368 -0.030704 
-0.486065 -0.603057 0.276992 -0.536235 0.229980 -0.218658 0.252734 -0.038204 0.024206 -0.000627 -0.126307 0.103430 0.003527 -0.068104 0.040135 
0.084635 -0.798735 0.658733 -0.446455 0.060426 -0.323482 0.267548 0.054115 -0.012180 0.050023 -0.187653 0.179580 -0.003781 -0.153967 0.078272 
1.058665 -0.820271 0.814250 -0.146238 -0.002368 -0.335779 -0.068930 -0.052358 -0.145162 -0.012553 -0.091467 0.038244 0.154195 -0.113997 -0.017427 
1.402372 -1.315235 0.952320 -0.403302 -0.023956 -0.390727 -0.258525 0.002054 -0.053774 0.168247 -0.003146 -0.022743 0.313881 -0.093368 -0.030788 
1.548683 -1.476850 0.798433 -0.474991 -0.013672 -0.291538 -0.224869 0.075786 0.102064 0.215043 0.037599 -0.173485 0.260051 -0.099338 -0.136824 
1.475248 -1.268877 0.458773 -0.472054 -0.066544 -0.165432 -0.272762 0.094038 0.151693 0.237528 -0.034359 -0.184251 0.234393 -0.071025 -0.171124 
1.572121 -1.449284 0.330369 -0.540406 0.084617 -0.164426 -0.183934 0.084734 0.209631 0.197381 -0.066002 -0.227303 0.162895 -0.035353 -0.162889 
1.518346 -1.408135 0.263385 -0.527573 0.133692 -0.047802 -0.213808 0.158993 0.164073 0.127041 -0.055989 -0.228651 0.111993 -0.030452 -0.051279 
1.499800 -1.438027 0.309608 -0.493200 0.157322 -0.023601 -0.144650 0.201368 0.138612 0.101996 -0.073083 -0.287503 0.123415 -0.002610 -0.015089 
1.520425 -1.525248 0.431240 -0.510399 0.220049 -0.051841 -0.069166 0.227781 0.108698 0.122068 -0.105532 -0.287117 0.109570 0.010185 0.024920 
1.474231 -1.449396 0.399046 -0.491970 0.256651 -0.082089 -0.082402 0.232051 0.087267 0.150806 -0.127727 -0.238840 0.094960 -0.017259 0.073209 
1.517888 -1.393146 0.375737 -0.477370 0.333116 -0.142316 -0.097594 0.222973 0.120813 0.132991 -0.172963 -0.180807 0.143246 -0.065658 0.059689 
1.569881 -1.320309 0.379051 -0.408945 0.331584 -0.181322 -0.091589 0.193601 0.113652 0.184377 -0.186434 -0.151314 0.131678 -0.053915 0.033530 
1.624131 -1.238890 0.380158 -0.362304 0.318957 -0.185456 -0.118736 0.140103 0.082972 0.204984 -0.134957 -0.163724 0.125291 -0.010443 -0.001617 
1.724467 -1.155593 0.347720 -0.250064 0.339896 -0.274957 -0.078078 -0.006382 0.026627 0.247579 -0.100030 -0.196210 0.166088 0.022852 -0.035113 
1.608837 -1.046734 0.482830 -0.116401 0.301564 -0.206991 -0.067223 -0.175783 0.019304 0.290957 -0.112658 -0.180460 0.144283 0.003629 0.036078 
1.228974 -0.964757 1.164510 0.153093 -0.057116 0.145019 -0.234780 -0.343392 0.069790 -0.118229 -0.163420 -0.225382 -0.005024 0.027534 -0.143981 
1.163539 -0.869507 1.167498 0.212813 -0.239366 0.205813 -0.247033 -0.304506 0.050191 -0.217125 -0.120899 -0.218770 0.031456 -0.024845 -0.174931 
1.084187 -0.853501 1.158685 0.173718 -0.204236 0.207458 -0.195056 -0.336915 0.013857 -0.195519 -0.112073 -0.214713 0.003481 -0.052357 -0.118809 
1.069733 -0.856067 1.127357 0.125559 -0.146323 0.199620 -0.154532 -0.363730 -0.035645 -0.157604 -0.100023 -0.232076 0.003939 -0.085607 -0.080106 
1.358701 -0.797826 0.814978 -0.377839 0.292847 0.055523 -0.194360 -0.429891 -0.133289 0.223098 -0.038879 -0.111160 -0.042827 -0.036340 0.101648 
1.662520 -1.064691 0.478539 -0.468330 0.333343 -0.012387 -0.265177 -0.059724 -0.151846 0.206512 0.184439 -0.324231 0.128080 0.040413 -0.083755 
1.720457 -1.057337 0.449672 -0.573993 0.245763 0.006273 -0.201323 0.031473 -0.163485 0.155027 0.194422 -0.306948 0.175829 -0.003928 -0.127939 
1.795951 -1.091668 0.425991 -0.629675 0.260081 0.030375 -0.126608 -0.015383 -0.220863 0.163559 0.256883 -0.313233 0.176437 -0.035441 -0.164574 
1.736008 -0.985212 0.303779 -0.606261 0.211026 0.117299 -0.152715 -0.019320 -0.286689 0.174633 0.223853 -0.264314 0.186464 -0.044191 -0.177420 
1.841969 -1.035819 0.376893 -0.652622 0.186986 0.083704 -0.078606 0.018607 -0.291652 0.144022 0.219929 -0.277636 0.229595 -0.039546 -0.220934 
1.826301 -0.951971 0.362227 -0.655102 0.129190 0.078748 -0.028852 0.025578 -0.273784 0.060622 0.149566 -0.252747 0.291221 -0.016535 -0.217479 
1.844599 -0.963090 0.382047 -0.633298 0.094661 0.071418 -0.002452 0.028397 -0.305962 0.068005 0.128836 -0.206717 0.287221 -0.020548 -0.229537 
1.891972 -1.023217 0.466998 -0.647769 0.045505 0.130230 0.017347 0.003371 -0.332299 0.045688 0.153146 -0.171998 0.302380 -0.050926 -0.252124 
1.831414 -0.960358 0.495060 -0.523988 -0.062817 0.176409 0.031725 -0.085398 -0.287950 -0.068128 0.118264 -0.151047 0.283394 0.036132 -0.262126 
1.716259 -0.944393 0.550434 -0.328375 -0.262897 0.249809 0.005229 -0.158774 -0.202000 -0.142872 0.088168 -0.140164 0.239106 0.061568 -0.236294 
1.551180 -0.947902 0.755663 0.146226 -0.262410 0.242586 -0.011828 -0.242821 -0.043691 -0.082228 0.062100 -0.245357 0.168665 -0.044691 -0.171472 
1.109943 -1.003018 1.079800 0.386185 -0.078302 0.117289 -0.095756 -0.374815 -0.049975 -0.027600 -0.108806 -0.445829 0.094138 -0.028544 -0.202754 
0.986237 -0.963641 1.043406 0.465129 -0.119458 0.116465 -0.128834 -0.289206 -0.112761 -0.057450 -0.072734 -0.440574 0.026764 0.024901 -0.218490 
1.019816 -0.923810 1.091021 0.405604 -0.084706 0.050706 -0.088331 -0.248590 -0.129178 -0.095596 -0.066202 -0.385450 -0.014713 0.046714 -0.241076 
1.161209 -0.907162 0.992873 0.417691 -0.055024 0.059796 -0.163657 -0.143455 -0.115736 -0.239642 0.046682 -0.371970 -0.054929 0.023859 -0.158712 
1.144816 -0.854166 1.012873 0.413277 -0.075355 0.043952 -0.150967 -0.106598 -0.135515 -0.255486 0.039361 -0.329325 -0.081488 0.019647 -0.146354 
0.961772 -0.943090 1.276809 0.130567 -0.138218 0.225827 -0.185555 -0.198072 -0.135039 -0.301469 0.159630 -0.380562 -0.116288 0.082459 -0.157288 
0.818267 -0.680008 1.479898 -0.373196 0.137386 0.305367 -0.360517 -0.147583 -0.079026 -0.233001 -0.007480 -0.259097 -0.038299 -0.053537 -0.142321 
0.823115 -0.502052 1.409336 -0.473121 0.262625 0.281815 -0.425239 -0.139948 -0.048980 -0.169033 -0.082076 -0.196671 -0.020888 -0.108330 -0.026943 
0.842055 -0.534682 1.463096 -0.476111 0.295304 0.241336 -0.449247 -0.141389 -0.019942 -0.156738 -0.105379 -0.199312 -0.015510 -0.080133 -0.035976 
0.773260 -0.524242 1.400223 -0.473552 0.235525 0.283253 -0.412682 -0.128469 -0.090950 -0.174006 -0.059871 -0.198070 -0.039780 -0.094858 -0.024385 
0.760945 -0.459912 1.387321 -0.476404 0.173584 0.266464 -0.370128 -0.107575 -0.120180 -0.156651 -0.060987 -0.179234 -0.017079 -0.097943 -0.015426 
0.808454 -0.521215 1.446953 -0.523355 0.172748 0.244556 -0.315507 -0.113176 -0.175460 -0.133812 -0.050261 -0.199584 -0.013130 -0.094293 -0.022669 
0.672620 -0.467593 1.339187 -0.417901 0.111035 0.250198 -0.274514 -0.112718 -0.222302 -0.127984 -0.061350 -0.178795 -0.048429 -0.101606 0.007795 
0.786537 -0.533973 1.433951 -0.398167 0.089809 0.178402 -0.173106 -0.143010 -0.225501 -0.092345 -0.088100 -0.185364 -0.033891 -0.101800 -0.001777 
0.890909 -0.605196 1.433629 -0.301688 0.017089 0.132035 -0.070761 -0.162196 -0.276774 -0.049152 -0.088343 -0.218825 -0.005335 -0.104041 -0.012062 
0.891057 -0.643175 1.379751 -0.151866 -0.037786 0.017710 0.035741 -0.162700 -0.296243 -0.070226 -0.061487 -0.217745 -0.014731 -0.125088 0.022152 
0.873478 -0.567652 1.321263 -0.009693 -0.090769 -0.077772 0.086471 -0.098499 -0.342738 -0.072365 -0.052393 -0.215398 -0.015420 -0.155006 0.010570 
0.880479 -0.511933 1.177853 0.154154 -0.113370 -0.096336 0.074195 -0.044140 -0.335165 -0.119319 -0.046529 -0.206326 -0.022416 -0.178690 -0.042681 
0.925167 -0.585717 1.055385 0.353585 -0.110304 -0.095003 0.022142 -0.011822 -0.220602 -0.219765 -0.023082 -0.173939 -0.018017 -0.189333 -0.073827 
0.863712 -0.483059 0.978780 0.375809 -0.089279 -0.108505 0.024778 0.025369 -0.166654 -0.174746 -0.041156 -0.136268 0.051660 -0.191740 -0.077866 
0.697369 -0.457346 0.957103 0.350306 -0.077367 -0.039750 -0.030949 0.018470 -0.047557 -0.121534 -0.105895 -0.040315 0.077038 -0.160687 -0.083128 
0.447128 -0.249527 0.691190 0.401465 0.020171 -0.144708 -0.013932 -0.030170 0.107692 -0.169851 -0.063180 -0.007654 0.062365 -0.084637 -0.048399 
0.376968 -0.285855 0.588212 0.292888 0.146629 -0.177862 -0.003077 -0.037282 0.122054 -0.175513 -0.046010 0.023807 0.030857 -0.096421 0.006168 
0.327646 -0.347095 0.650086 0.220648 0.110491 -0.150239 -0.006933 0.028768 0.063909 -0.137221 -0.043846 0.044707 0.062647 -0.151478 0.040527 
0.434877 -0.413493 0.744018 -0.011914 0.071796 -0.165013 -0.014393 0.025366 0.036975 -0.151333 -0.048379 0.091491 0.041958 -0.158739 0.060388 
0.498835 -0.492828 0.765208 0.174294 0.045234 -0.231250 -0.077107 -0.047438 0.048083 -0.132477 -0.107365 -0.023340 0.168026 -0.171208 0.023947 
0.838309 -0.700559 0.780085 0.094688 0.141656 -0.226540 -0.102202 -0.066241 -0.061733 -0.079275 -0.136562 -0.109898 0.193624 -0.126472 -0.113408 
0.992407 -0.785377 0.919488 0.105963 0.073108 -0.273702 -0.172850 -0.064246 -0.093436 -0.135795 -0.158565 -0.109629 0.180520 -0.089917 -0.126133 
1.088607 -0.823283 0.887249 0.088743 0.123794 -0.237443 -0.198145 -0.099243 -0.082397 -0.125826 -0.188846 -0.137561 0.213147 -0.131033 -0.150001 
1.190480 -0.963047 1.031014 0.046239 0.131054 -0.323104 -0.223969 -0.056025 -0.141857 -0.070128 -0.213509 -0.134753 0.259257 -0.140631 -0.114847 
1.308711 -1.049404 1.018718 0.034661 0.100957 -0.337662 -0.266665 -0.025069 -0.130675 -0.059661 -0.186050 -0.140072 0.301277 -0.109902 -0.144712 
1.270359 -1.008752 0.960300 0.057079 0.094502 -0.315894 -0.312136 -0.010612 -0.166154 -0.085572 -0.175321 -0.168069 0.296453 -0.096857 -0.165771 
1.354054 -1.091986 1.017233 0.033566 0.108815 -0.350257 -0.313297 -0.010014 -0.177280 -0.100407 -0.138746 -0.201205 0.307168 -0.071882 -0.190586 
1.278817 -1.015964 0.958782 0.018962 0.092507 -0.358467 -0.307505 -0.005086 -0.193362 -0.071983 -0.135427 -0.189996 0.310145 -0.054847 -0.182748 
1.385211 -1.107750 1.050464 -0.006633 0.110218 -0.390333 -0.313926 0.008754 -0.158468 -0.065455 -0.113243 -0.216632 0.346547 -0.035152 -0.231777 
1.387343 -1.120064 1.054560 -0.025173 0.076093 -0.367621 -0.303153 0.038125 -0.176017 -0.035324 -0.089382 -0.188878 0.320068 -0.022479 -0.225888 
1.369736 -1.126945 1.110232 -0.041926 0.088396 -0.396294 -0.292104 0.040010 -0.175355 -0.052182 -0.073964 -0.201126 0.336712 -0.036685 -0.209825 
1.335687 -1.057175 1.014601 -0.014547 0.051491 -0.352507 -0.302705 0.018597 -0.193088 -0.069922 -0.079457 -0.197196 0.314700 -0.030543 -0.217631 
1.319695 -1.038736 0.988918 -0.022506 0.084173 -0.377232 -0.320158 0.041999 -0.204962 -0.067063 -0.057595 -0.245001 0.346435 -0.011104 -0.249439 
1.365040 -0.991612 0.931966 -0.012195 0.068047 -0.366616 -0.311661 0.043026 -0.202718 -0.082884 -0.046545 -0.246489 0.343082 -0.006155 -0.265400 
1.373961 -0.925181 0.887787 -0.008596 0.076168 -0.331667 -0.325801 0.012390 -0.178874 -0.120364 -0.047028 -0.257900 0.318367 0.004446 -0.260585 
1.322400 -0.848504 0.881582 -0.009359 0.070093 -0.314404 -0.342811 0.029999 -0.213349 -0.152142 -0.025854 -0.287113 0.305271 0.026109 -0.303848 
1.375568 -0.802788 0.838911 0.003098 -0.016119 -0.264111 -0.329008 0.016537 -0.240545 -0.197834 0.046567 -0.320806 0.268570 0.079983 -0.316634 
1.496532 -0.742595 0.614359 0.030337 -0.038912 -0.270852 -0.295207 0.013594 -0.220733 -0.241047 0.028117 -0.315184 0.311238 0.054299 -0.300160 
1.139828 -0.762618 0.716229 0.113665 -0.075677 -0.283370 -0.365838 0.025618 -0.203241 -0.209401 0.081160 -0.318790 0.308917 0.096428 -0.312766 
1.022688 -0.703997 0.740884 0.109133 -0.070986 -0.351573 -0.396322 0.040335 -0.225465 -0.252012 0.119192 -0.356198 0.387237 0.060411 -0.297812 
0.704914 -0.310631 0.727100 0.160678 -0.028967 -0.332859 -0.288897 0.036794 -0.269651 -0.133801 0.029418 -0.320129 0.305750 -0.013339 -0.217760 
0.370823 0.117754 0.450730 0.231095 -0.026524 -0.329128 -0.468789 -0.043786 -0.086174 -0.275445 -0.075664 -0.111463 0.219653 0.034376 -0.154846 
-0.016539 -0.151908 0.355692 0.238039 -0.200789 -0.237169 -0.287506 -0.158750 0.061976 -0.099103 -0.029740 -0.082529 0.194723 0.112446 -0.199297 
