city012_019
TENRYUU
71
-0.212896 -0.137887 -0.034275 -0.155698 -0.216226 -0.156656 0.061494 0.001335 0.068088 -0.095982 0.155098 0.014712 -0.078800 -0.016929 0.049711 
-0.312463 -0.061675 -0.034631 -0.067420 -0.217517 -0.004493 0.081490 -0.050579 0.144136 -0.120936 0.014885 0.097381 -0.124808 0.005251 0.064867 
0.729657 -0.914057 0.145686 -0.381030 -0.117317 -0.018195 0.058294 -0.066266 -0.174098 0.006110 0.204378 -0.016598 0.143846 -0.117709 -0.128934 
0.667243 -0.649774 0.534383 -0.405143 0.052054 -0.271497 0.041582 -0.115264 -0.103963 -0.041688 0.040011 0.140378 -0.048822 -0.009953 0.044154 
0.909712 -0.592189 0.469932 -0.367605 -0.030953 -0.069270 0.210899 -0.038199 -0.090492 -0.078609 -0.083322 0.140543 -0.023629 -0.058077 0.106231 
0.576863 -0.723184 0.462963 -0.246648 -0.224105 -0.165444 0.049102 -0.174888 0.081382 -0.073095 -0.038147 0.271139 -0.074991 -0.141650 0.194436 
0.804097 -0.286086 0.673602 -0.192387 -0.339791 -0.154192 0.142893 -0.101024 0.015652 -0.033895 0.004558 0.098376 -0.097711 -0.016433 0.090752 
1.490140 -0.910223 0.866803 -0.276291 -0.350645 -0.045143 0.009000 -0.127681 0.011910 -0.121331 -0.039796 0.126057 -0.001292 -0.099461 0.122444 
1.299190 -1.107139 1.100501 -0.391503 -0.284286 -0.215081 -0.142274 -0.010349 -0.117066 0.017222 0.064328 0.136608 0.024363 -0.074415 0.160805 
1.038195 -1.113645 1.067537 -0.407502 -0.303594 -0.111779 -0.193701 0.029424 -0.146974 0.025777 0.085860 0.074745 0.061480 -0.098650 0.168190 
1.260720 -1.394278 1.225008 -0.508075 -0.244079 -0.109591 -0.185877 0.106396 -0.090592 -0.011477 0.146620 0.009665 0.058777 -0.112039 0.112260 
1.114196 -1.294731 1.003901 -0.394008 -0.354495 -0.048470 -0.176470 0.154546 -0.110290 -0.006170 0.146314 0.008688 0.051872 -0.119949 0.083151 
1.336478 -1.299090 1.020658 -0.455584 -0.331545 -0.054404 -0.155773 0.153112 -0.084602 -0.010138 0.167590 -0.018251 0.050631 -0.106729 0.049202 
1.480757 -1.325319 1.041680 -0.494609 -0.235897 -0.081088 -0.163963 0.152497 -0.042345 0.008215 0.189121 -0.038045 0.020868 -0.063100 -0.020472 
1.415116 -1.174648 0.954663 -0.437596 -0.297404 -0.054958 -0.160497 0.134267 -0.106985 -0.038464 0.178382 -0.023708 0.053853 -0.073147 0.025385 
1.555530 -1.256323 1.057739 -0.475595 -0.192794 -0.057584 -0.179687 0.061263 -0.030984 -0.018376 0.196315 -0.039056 0.017048 -0.013285 -0.003467 
1.550412 -1.281888 1.119464 -0.455818 -0.146981 -0.086626 -0.191463 0.070012 -0.069476 -0.012679 0.214720 -0.050198 0.010201 -0.000136 -0.007012 
1.573352 -1.296667 1.129878 -0.364625 -0.154428 -0.084557 -0.219913 0.043123 -0.088721 -0.077803 0.219040 -0.057732 0.021876 0.007829 0.005353 
1.534554 -1.300181 1.134946 -0.307489 -0.111654 -0.106563 -0.230846 0.019353 -0.127656 -0.097402 0.189164 -0.051767 0.011016 0.009664 0.027449 
1.520131 -1.217709 1.064178 -0.211607 -0.073887 -0.113469 -0.245961 -0.017983 -0.182600 -0.121616 0.146100 -0.049703 -0.006590 0.007278 0.044981 
1.559385 -1.190533 1.053022 -0.091995 -0.050535 -0.108191 -0.201976 -0.110430 -0.203734 -0.178659 0.102275 -0.108139 -0.000420 -0.007993 -0.007805 
1.372138 -0.981332 0.931800 0.144086 -0.211205 0.144035 -0.126883 -0.350705 -0.081519 -0.132968 -0.086448 -0.152494 0.047161 -0.087183 -0.081668 
1.458694 -1.004239 1.077011 0.139041 -0.276038 0.165003 -0.322440 -0.333949 0.133858 -0.209958 -0.146896 -0.141340 0.111411 -0.001306 -0.168630 
1.404838 -0.971517 1.086320 0.198887 -0.315849 0.153483 -0.319283 -0.299848 0.143315 -0.225867 -0.182642 -0.112661 0.142010 -0.050488 -0.178247 
1.517066 -0.967721 1.048832 0.223598 -0.339997 0.215649 -0.330516 -0.325842 0.189572 -0.301499 -0.161306 -0.180290 0.190032 -0.108845 -0.183480 
1.471639 -0.923429 1.074483 0.263046 -0.341606 0.152807 -0.287970 -0.264947 0.134467 -0.311872 -0.159367 -0.127893 0.139524 -0.111000 -0.178334 
1.465173 -0.889369 1.076009 0.294498 -0.336730 0.161830 -0.282607 -0.280256 0.132506 -0.277480 -0.168620 -0.159852 0.144457 -0.092798 -0.199292 
1.471105 -0.863382 1.071319 0.268573 -0.286405 0.189610 -0.259097 -0.307584 0.123925 -0.279352 -0.150418 -0.190725 0.110259 -0.097875 -0.173448 
1.516821 -0.819118 1.067698 0.289949 -0.340658 0.203044 -0.271331 -0.215236 0.104412 -0.352820 -0.140263 -0.134696 0.080118 -0.136392 -0.172262 
1.571892 -0.750324 1.058710 0.333893 -0.348677 0.194018 -0.258172 -0.228056 0.132608 -0.343500 -0.174120 -0.112263 0.075746 -0.147905 -0.167694 
1.482708 -0.873511 0.972530 0.430917 -0.302045 0.200391 -0.232686 -0.228078 0.080702 -0.341480 -0.168534 -0.135316 0.042425 -0.171637 -0.146970 
1.403712 -0.838835 0.921643 0.424162 -0.176915 0.165849 -0.254569 -0.236257 0.093830 -0.319945 -0.159934 -0.182262 0.049496 -0.157655 -0.146657 
1.445436 -0.840039 0.888187 0.429905 -0.145309 0.196139 -0.277903 -0.231429 0.081748 -0.277996 -0.175641 -0.182997 0.019051 -0.121261 -0.169903 
1.353329 -0.793238 0.891531 0.447186 -0.138330 0.115377 -0.176687 -0.233101 0.047579 -0.263999 -0.193270 -0.136951 0.015982 -0.185203 -0.110678 
1.415012 -0.642757 0.868109 0.460077 -0.173109 0.116610 -0.179779 -0.208067 0.072865 -0.259372 -0.214547 -0.122025 0.044010 -0.189890 -0.117554 
1.576181 -0.620121 0.820155 0.501178 -0.170320 0.064619 -0.183565 -0.185826 0.094433 -0.297334 -0.114787 -0.150940 0.048486 -0.162548 -0.070056 
1.547552 -0.534712 0.766632 0.451457 -0.097645 0.019467 -0.149791 -0.223940 0.106274 -0.248603 -0.216661 -0.084129 0.029306 -0.178988 -0.058830 
1.542958 -0.395705 0.743608 0.477992 -0.100690 0.024239 -0.157234 -0.163541 0.071258 -0.255843 -0.154814 -0.114063 0.042108 -0.193217 -0.043371 
1.568673 -0.306679 0.666718 0.528897 -0.033137 0.000377 -0.194895 -0.170136 0.063364 -0.196363 -0.150698 -0.134855 0.041944 -0.160578 -0.006836 
1.593084 -0.225904 0.670184 0.496381 -0.066321 0.061462 -0.247032 -0.174364 0.054927 -0.180875 -0.065777 -0.169854 0.044864 -0.066867 -0.040121 
1.495042 -0.107694 0.547838 0.374195 0.084726 0.044943 -0.271402 -0.189306 0.037093 -0.108864 -0.069705 -0.259926 0.058944 -0.007093 -0.097217 
1.270645 0.113381 0.605094 0.238381 0.148761 0.085882 -0.342483 -0.159502 0.113480 -0.198515 -0.127253 -0.241280 0.073572 -0.059873 -0.126530 
0.716259 -0.086216 0.973320 -0.147539 0.119803 0.171244 -0.139686 -0.162190 -0.017806 -0.227317 -0.087537 -0.081781 -0.101897 -0.094281 -0.021597 
0.577776 -0.524155 1.454847 -0.275083 0.060159 0.055806 -0.089827 -0.061895 -0.126517 -0.215069 0.009793 -0.056998 -0.183137 -0.030517 0.041321 
0.590828 -0.701750 1.590237 -0.057212 -0.218857 0.228418 -0.226789 -0.057040 -0.109963 -0.374667 0.139841 -0.232203 -0.152405 0.035569 -0.114047 
0.679443 -0.730192 1.678674 -0.060888 -0.238404 0.147378 -0.151150 -0.095089 -0.119162 -0.309082 0.087033 -0.210226 -0.109082 0.027035 -0.133395 
0.803608 -0.840732 1.581248 0.080718 -0.340150 0.206332 -0.124186 -0.124780 -0.140861 -0.350845 0.150222 -0.287837 -0.147259 0.071107 -0.195518 
0.792944 -0.879343 1.505971 0.154688 -0.387125 0.194292 -0.129930 -0.113163 -0.209227 -0.320780 0.170477 -0.345397 -0.119790 0.093747 -0.218898 
0.804069 -0.915523 1.481100 0.209106 -0.390823 0.113155 -0.106552 -0.071902 -0.286431 -0.300965 0.198001 -0.363706 -0.147564 0.151737 -0.251502 
0.874657 -0.948937 1.431519 0.264982 -0.365748 -0.017649 -0.046501 -0.062931 -0.316976 -0.315451 0.232522 -0.362789 -0.160379 0.167890 -0.216366 
0.947447 -0.959302 1.338608 0.288951 -0.354978 -0.043294 -0.089404 -0.015356 -0.349595 -0.344448 0.267383 -0.361235 -0.179331 0.197188 -0.217644 
1.046110 -0.965069 1.231148 0.322188 -0.333322 -0.113883 -0.069167 -0.015651 -0.320859 -0.412888 0.328577 -0.365301 -0.158004 0.165716 -0.155284 
1.124988 -0.989559 1.151446 0.333799 -0.285741 -0.176831 -0.135107 0.088457 -0.364055 -0.423888 0.331910 -0.313910 -0.170512 0.187813 -0.169229 
1.156525 -0.947140 1.045212 0.337045 -0.210236 -0.274958 -0.177477 0.129248 -0.319320 -0.442299 0.297132 -0.248648 -0.117331 0.155821 -0.163138 
1.241934 -0.947322 0.956560 0.387535 -0.210535 -0.270128 -0.260803 0.155451 -0.259902 -0.472796 0.245470 -0.200451 -0.075317 0.146129 -0.195564 
1.317040 -0.988254 0.899379 0.387317 -0.187618 -0.245974 -0.324569 0.150925 -0.232584 -0.456428 0.201700 -0.210978 -0.039913 0.185862 -0.253281 
1.360818 -0.959526 0.812053 0.377536 -0.131498 -0.227482 -0.395238 0.150645 -0.189728 -0.454556 0.186268 -0.260292 0.006224 0.218372 -0.303480 
1.374772 -0.945649 0.768586 0.392932 -0.099100 -0.234878 -0.422700 0.121936 -0.149598 -0.430792 0.147008 -0.273113 0.043275 0.205650 -0.290835 
1.423223 -0.956357 0.766112 0.314223 -0.042220 -0.209481 -0.434034 0.049821 -0.091612 -0.424301 0.158353 -0.323299 0.060954 0.227170 -0.295593 
1.411310 -0.828169 0.644133 0.365769 -0.040239 -0.225733 -0.436698 0.037522 -0.116767 -0.343185 0.117975 -0.332339 0.068131 0.241839 -0.269369 
1.411350 -0.878217 0.648717 0.342482 -0.042618 -0.175120 -0.466738 0.010365 -0.093573 -0.335485 0.144166 -0.358915 0.060312 0.266093 -0.246047 
1.373804 -0.893753 0.668164 0.273476 -0.006143 -0.138508 -0.472743 -0.017273 -0.140012 -0.250392 0.126514 -0.359398 0.019249 0.309054 -0.244323 
1.340087 -0.880309 0.688897 0.192792 0.069706 -0.166958 -0.436297 -0.045566 -0.160966 -0.215183 0.137612 -0.407193 0.060438 0.281087 -0.232544 
1.463553 -0.572136 0.473144 0.203430 0.061477 -0.105653 -0.422838 -0.132251 -0.130331 -0.157339 0.122812 -0.428245 0.066389 0.256608 -0.183293 
1.257835 -0.213264 0.396772 0.310289 0.102640 -0.200031 -0.373791 -0.137524 -0.146442 -0.128486 0.104858 -0.390508 -0.006991 0.286697 -0.132008 
1.247624 -0.262707 0.359743 0.284511 0.054512 -0.142772 -0.429755 -0.164918 -0.154262 -0.189361 0.163599 -0.383254 -0.010670 0.237033 -0.064411 
1.368889 -0.362445 0.242114 0.318870 0.044964 -0.202480 -0.300726 -0.199985 -0.117644 -0.148172 0.145940 -0.307160 -0.025982 0.221939 -0.049389 
1.060170 -0.328981 0.414555 0.282363 0.051732 -0.127682 -0.387305 -0.215572 -0.171167 -0.169434 0.156791 -0.426269 -0.013747 0.229207 -0.046639 
0.252548 -0.161653 0.582349 0.245624 -0.010328 -0.012633 -0.136589 -0.129621 -0.124015 -0.160496 0.181103 -0.352495 0.001531 0.130247 -0.157943 
0.847294 0.085002 0.430574 0.288206 -0.059496 -0.220787 -0.126488 -0.121895 -0.239023 -0.158601 0.070489 -0.239807 -0.021556 0.118825 -0.101574 
0.452526 0.208107 0.517582 0.179753 -0.017445 -0.121199 -0.238017 -0.178796 0.056621 -0.295510 -0.032866 -0.063885 -0.019391 0.011966 -0.042294 
