city012_044
WASEDA
64
-0.249937 -0.005949 0.032196 -0.158744 -0.092203 -0.158223 -0.246030 0.023744 0.089625 -0.161855 0.179917 0.107696 -0.132849 0.136299 -0.046783 
0.006102 0.185767 0.220379 0.011667 0.109887 0.160008 0.027985 -0.022392 0.061792 -0.127505 0.101822 0.067116 -0.136347 0.105323 -0.047249 
0.779617 0.392949 0.158290 0.015406 0.005329 0.041172 -0.034711 -0.174728 0.038232 -0.118390 0.013841 -0.041481 -0.017714 0.024253 -0.076294 
1.746209 -0.394057 0.258446 -0.548457 -0.275525 0.273774 -0.197201 -0.060309 -0.293904 -0.083249 0.292536 -0.161827 0.124218 0.283760 -0.352429 
1.749043 -0.859470 0.437772 -0.931222 -0.157018 0.090012 -0.172027 -0.072637 -0.198528 0.044549 0.482510 -0.133292 0.169964 0.182318 -0.414627 
1.703017 -1.107287 0.485765 -1.022813 -0.093744 0.149926 -0.110147 -0.052835 -0.154488 0.141261 0.430683 -0.141828 0.079720 0.030936 -0.419151 
1.604907 -1.138767 0.391158 -1.031680 -0.064035 0.247980 -0.118301 0.022304 -0.091909 0.192103 0.342982 -0.223634 -0.001094 -0.059738 -0.345584 
1.509065 -1.172441 0.334316 -1.045552 -0.020677 0.213083 -0.060472 0.020966 -0.106118 0.272216 0.267554 -0.199058 -0.070425 -0.080440 -0.299323 
1.424719 -1.244165 0.314004 -1.017893 0.013984 0.145172 0.009722 -0.046459 -0.052171 0.297399 0.204516 -0.170212 -0.096288 -0.113939 -0.210832 
1.371322 -1.236520 0.309181 -1.028767 0.089601 0.089533 0.010001 -0.111009 0.060505 0.359787 0.139996 -0.240346 -0.092399 -0.160176 -0.100868 
1.436352 -1.256419 0.288685 -0.993463 0.098830 0.058852 0.061486 -0.126486 0.082469 0.324909 0.066936 -0.200533 -0.050040 -0.164052 -0.097030 
1.320868 -1.245207 0.281780 -1.015796 0.076359 0.081008 0.046193 -0.131698 0.079720 0.330689 0.006248 -0.105975 -0.047263 -0.189220 -0.073722 
1.325550 -1.372833 0.336174 -0.881196 0.068586 0.034544 0.068819 -0.161785 0.127747 0.328755 -0.038649 -0.124805 -0.037193 -0.184007 0.008577 
1.440230 -1.336243 0.319435 -0.668031 0.046999 0.070507 -0.101806 -0.024340 0.180038 0.278658 -0.192831 -0.104666 0.027830 -0.127071 0.100027 
1.734984 -1.217813 0.354186 -0.601880 0.246934 -0.065111 -0.062751 -0.123490 0.369102 0.165961 -0.250135 -0.009627 -0.048440 0.016984 0.027723 
1.364512 -0.532132 0.034640 -0.245991 0.141065 0.082522 -0.065488 -0.161766 0.347943 0.162414 -0.334061 0.019023 -0.001036 0.031311 0.090020 
0.892056 -0.581555 0.088703 -0.290087 0.308342 -0.190101 0.122834 0.087052 0.178177 0.121631 -0.236869 -0.129490 0.075321 0.184883 -0.228866 
0.783648 -0.606988 0.522171 -0.153063 0.454572 -0.218942 0.015697 -0.078235 0.099497 -0.007944 -0.075851 0.073906 -0.065167 0.053204 -0.059616 
0.484950 -0.915368 0.185186 -0.097954 0.127300 -0.077250 -0.057289 0.034728 0.066211 -0.090777 -0.028967 0.058325 0.046353 -0.033345 -0.089831 
0.274980 -0.930838 0.094572 -0.226639 0.048579 -0.118703 -0.198719 0.040820 0.135550 -0.033227 0.041256 0.070363 -0.047975 -0.044121 0.007355 
0.075680 -1.026626 0.108586 -0.323425 0.134710 0.024092 -0.019640 -0.117786 0.051941 0.037052 0.062376 0.008763 -0.123360 0.056111 -0.039333 
0.108843 -1.008506 0.064131 -0.116105 0.008659 -0.207175 -0.032669 -0.039633 0.046498 0.064134 0.081702 0.010441 -0.085799 0.036381 -0.099324 
0.165209 -0.895938 0.078384 -0.173793 -0.046200 -0.115234 0.062443 -0.100066 0.078075 0.102384 -0.019853 -0.014895 -0.080237 0.109668 -0.089153 
0.302957 -0.677144 0.321874 -0.358007 0.110208 -0.205735 0.096462 0.055027 -0.039136 -0.025397 -0.026963 0.094662 -0.064346 0.031536 -0.065469 
0.274870 -0.802090 0.259372 -0.326745 0.081680 -0.186992 -0.065070 -0.116050 0.051351 0.032885 0.040067 0.148423 -0.156140 0.043618 0.016384 
0.369294 -0.733547 0.196030 -0.368976 -0.081105 -0.149743 -0.004190 0.173764 0.097814 -0.052142 -0.099259 0.122602 -0.075432 0.014624 -0.097895 
0.785163 -0.421930 0.489218 -0.043914 0.027777 -0.221304 -0.053648 -0.101360 -0.015249 -0.125251 -0.148594 0.199489 -0.062743 -0.053877 0.043291 
1.536139 -1.156370 0.933393 -0.140799 -0.143609 -0.348301 -0.218186 -0.111671 0.003611 -0.083079 -0.080969 0.181949 0.150694 -0.077085 0.030403 
1.303292 -1.225675 1.018796 -0.156433 -0.240173 -0.315097 -0.287179 -0.084718 -0.102637 -0.034915 -0.039991 0.178595 0.156712 -0.069522 0.131304 
1.291187 -1.284913 1.160051 -0.233058 -0.197458 -0.340420 -0.228248 -0.108776 -0.113230 -0.029374 -0.048890 0.175354 0.129145 -0.062924 0.132655 
1.274002 -1.300509 1.139669 -0.216001 -0.236931 -0.316827 -0.169241 -0.040459 -0.111984 0.003271 -0.005563 0.145705 0.100505 -0.080844 0.109929 
1.258520 -1.274874 1.071190 -0.221773 -0.313174 -0.289709 -0.172854 -0.056986 -0.098577 0.007129 0.013178 0.163021 0.120072 -0.098528 0.124064 
1.211066 -1.221829 1.102297 -0.265974 -0.332791 -0.291020 -0.187791 -0.027882 -0.099990 0.039710 0.018693 0.161271 0.131762 -0.087912 0.096230 
1.159543 -1.157451 1.057824 -0.285016 -0.367847 -0.291035 -0.214812 -0.027846 -0.103356 0.076174 0.033923 0.164889 0.155496 -0.081390 0.100370 
1.285403 -1.203667 1.130252 -0.322312 -0.279394 -0.367976 -0.192493 -0.066094 -0.065227 0.086396 0.040414 0.143187 0.177508 -0.052808 0.071889 
1.292440 -1.173231 1.087402 -0.294839 -0.267725 -0.373331 -0.193636 -0.067243 -0.100699 0.098241 0.021783 0.136138 0.199557 -0.077267 0.109527 
1.237117 -1.116672 1.088297 -0.234303 -0.291917 -0.379400 -0.204684 -0.048513 -0.137272 0.081437 -0.024605 0.172454 0.197322 -0.078635 0.092180 
1.214678 -1.008651 0.922867 -0.136411 -0.287968 -0.373192 -0.179435 -0.098020 -0.112366 0.010447 -0.071443 0.197417 0.186983 -0.095486 0.087108 
1.326284 -0.984561 0.886679 -0.050709 -0.150727 -0.369898 -0.153765 -0.105950 -0.091766 -0.048638 -0.133183 0.126268 0.179698 -0.091991 0.003646 
1.132334 -0.736320 0.774586 0.232609 0.076060 -0.226662 -0.060863 -0.167277 -0.032560 -0.143611 -0.246842 -0.045364 0.136223 -0.162300 -0.129902 
1.043866 -0.443490 0.651561 0.541980 0.018684 -0.073337 -0.117850 -0.110133 -0.008975 -0.080387 -0.299964 -0.099239 0.041779 -0.061694 -0.228777 
0.963520 -0.441775 0.537843 0.582578 0.039492 -0.110673 -0.092196 -0.166876 0.038558 -0.117071 -0.250567 -0.139162 0.078914 -0.062967 -0.254295 
1.012490 -0.496323 0.563697 0.392855 0.016470 -0.152619 -0.085238 -0.178173 0.072476 -0.104257 -0.232587 -0.087442 0.159448 -0.091558 -0.200622 
1.161540 -0.622751 0.607007 0.129788 -0.062097 -0.214766 -0.223716 -0.148755 -0.042029 -0.106214 -0.244451 -0.022842 0.229040 -0.089722 -0.165239 
1.280495 -0.838728 0.633026 -0.135275 -0.137953 -0.302666 -0.309481 -0.136176 0.018264 -0.052627 -0.171698 0.136611 0.275868 -0.033172 -0.094983 
1.421471 -1.135724 0.813076 -0.331665 -0.122266 -0.407353 -0.311387 -0.044375 0.158067 0.069339 -0.067998 0.158364 0.283339 -0.062208 -0.127100 
1.300782 -1.146254 0.673378 -0.433307 -0.104095 -0.409404 -0.332261 0.039658 0.220326 0.143548 -0.091988 0.157421 0.290905 -0.133061 -0.140110 
1.202519 -1.157224 0.471847 -0.496450 -0.103667 -0.272279 -0.332521 0.104054 0.258863 0.178829 -0.115014 0.063590 0.234559 -0.149518 -0.177469 
1.326212 -1.275395 0.377741 -0.445005 -0.067044 -0.310948 -0.268472 0.182234 0.265872 0.190858 -0.024663 -0.110488 0.117188 -0.055618 -0.215053 
1.455773 -1.421849 0.333067 -0.444751 -0.045628 -0.262990 -0.162875 0.104748 0.244305 0.235868 0.022674 -0.281505 0.098879 0.046700 -0.271693 
1.446793 -1.248417 0.133619 -0.513906 -0.000219 -0.205209 -0.174104 0.094079 0.176312 0.271899 0.039501 -0.332803 0.119285 0.099652 -0.283340 
1.388418 -1.248659 0.059755 -0.459503 -0.058700 -0.060041 -0.189239 0.060559 0.173610 0.255291 0.030331 -0.335327 0.100427 0.106860 -0.256394 
1.367694 -1.241766 0.039076 -0.522141 -0.010380 -0.096677 -0.170488 0.040912 0.177548 0.287937 0.011885 -0.314324 0.116321 0.045623 -0.236592 
1.426455 -1.298017 0.108067 -0.604688 0.012989 -0.106955 -0.075088 0.010849 0.183133 0.276061 0.011520 -0.342991 0.118924 0.007351 -0.221393 
1.357639 -1.231166 0.057749 -0.588679 0.031499 -0.106581 -0.144847 0.059201 0.132339 0.282848 0.038177 -0.318406 0.112766 0.029773 -0.234407 
1.311243 -1.090381 -0.097055 -0.616506 -0.016183 0.001435 -0.169331 0.065499 0.147868 0.302908 -0.003944 -0.317132 0.091192 0.023666 -0.212124 
1.319228 -1.083830 -0.134555 -0.590383 -0.077343 0.047607 -0.125960 0.054917 0.158079 0.271621 0.012988 -0.344695 0.080309 0.034718 -0.240138 
1.423738 -1.188265 -0.096387 -0.642273 0.006450 0.021522 -0.045160 -0.033397 0.179711 0.272464 0.036090 -0.387409 0.087669 -0.008750 -0.175074 
1.508825 -1.243895 -0.115348 -0.577038 -0.102286 0.105142 -0.046145 -0.078272 0.208602 0.272301 0.053777 -0.375172 0.031414 0.016412 -0.196173 
1.338522 -0.978824 -0.265669 -0.642358 0.018089 0.045965 -0.057751 0.013805 0.077248 0.317142 0.046012 -0.390020 0.077722 0.020501 -0.186504 
1.225205 -1.111456 -0.299850 -0.558969 -0.074194 0.172611 -0.128439 -0.011825 0.117901 0.336960 0.065839 -0.383121 0.019764 -0.003850 -0.197660 
0.986001 -0.427258 -0.205944 -0.246693 -0.016894 0.234194 0.025228 -0.077030 0.189459 0.121997 0.011612 -0.256580 -0.007256 0.056629 -0.036314 
1.351771 -0.718266 -0.212899 -0.510956 -0.048562 0.199799 -0.122547 0.013510 0.068567 0.201391 0.055230 -0.301164 0.003542 0.057298 -0.123935 
0.760249 -0.395221 -0.340111 -0.518972 -0.073117 0.220797 -0.073875 -0.019022 0.135887 0.352235 0.051688 -0.374749 -0.113612 -0.048113 -0.094718 
