city012_046
GINZA
72
-0.630008 -0.266814 0.425025 -0.337350 0.386252 -0.173487 -0.139390 0.058636 -0.069399 0.044158 0.026026 -0.030795 -0.044921 0.065036 -0.014747 
0.007368 -0.563309 0.380762 -0.648884 0.420381 -0.165674 -0.233293 -0.044004 -0.133185 0.171166 0.105143 -0.021555 -0.052770 0.005852 0.050557 
0.296532 -0.391471 0.819579 -0.538915 0.257058 0.052316 -0.098854 0.148546 -0.028315 -0.060115 0.086890 -0.077669 0.054874 0.015624 -0.113495 
0.347144 -0.185752 1.373042 -0.303815 0.063768 0.167586 -0.307602 0.123654 -0.250638 -0.330084 0.202566 -0.275738 -0.210058 0.167796 -0.194950 
0.590919 -0.370180 1.444994 -0.494162 0.254212 0.125606 -0.288338 0.131737 -0.303036 -0.330430 0.228563 -0.314342 -0.203342 0.154795 -0.192766 
0.621473 -0.396738 1.445823 -0.425138 0.058421 0.254320 -0.269657 0.078502 -0.223405 -0.327652 0.207004 -0.277278 -0.166666 0.108069 -0.125621 
0.949026 -0.622408 1.383007 -0.556821 0.193160 0.287684 -0.355034 0.057676 -0.273756 -0.357407 0.219154 -0.250676 -0.188228 0.133761 -0.187052 
0.865574 -0.540421 1.256095 -0.461369 0.145396 0.244721 -0.380729 0.000746 -0.269626 -0.295571 0.140505 -0.236342 -0.129323 0.067245 -0.110415 
1.089250 -0.578287 1.321674 -0.548983 0.281207 0.231523 -0.510474 -0.058475 -0.132005 -0.219684 0.072851 -0.232545 -0.079986 0.082564 -0.127063 
1.228842 -0.580281 1.439868 -0.624564 0.370781 0.247878 -0.609272 -0.146434 0.013966 -0.158629 0.053587 -0.240286 -0.039348 0.118335 -0.078369 
1.164660 -0.595280 1.450662 -0.567332 0.363894 0.224147 -0.628518 -0.131317 0.038839 -0.148629 -0.012159 -0.231633 -0.029445 0.134897 -0.091654 
1.042584 -0.601147 1.342785 -0.450019 0.290037 0.200890 -0.596026 -0.071824 -0.012992 -0.133702 -0.077134 -0.201146 -0.001661 0.055011 -0.057763 
1.106039 -0.746089 1.430828 -0.450881 0.240253 0.153759 -0.505688 -0.092300 -0.045442 -0.124697 -0.074839 -0.164648 -0.032500 0.069226 -0.053306 
1.125091 -0.754717 1.336712 -0.359164 0.162374 0.153584 -0.410179 -0.133269 -0.061229 -0.151672 -0.059804 -0.144309 -0.052733 0.017000 -0.002051 
1.222408 -0.839135 1.216819 -0.233936 0.158938 0.112339 -0.337179 -0.196071 -0.101372 -0.093561 -0.124877 -0.115285 -0.078535 -0.026143 0.036651 
1.288171 -0.861745 1.023536 0.009089 0.145733 -0.023040 -0.284250 -0.177941 -0.115328 -0.105450 -0.138831 -0.136904 -0.064480 -0.035693 0.041556 
1.596571 -0.829564 0.810861 0.271579 0.115407 -0.265723 -0.062574 -0.230100 -0.086806 -0.130755 -0.144561 -0.147660 -0.001458 -0.092077 0.061750 
1.453401 -0.989729 1.064756 0.239029 -0.155868 0.028942 -0.172657 -0.240451 -0.012903 -0.245123 -0.136253 -0.111788 -0.003907 -0.063506 -0.138752 
1.412655 -0.994919 1.079647 0.267194 -0.309514 0.152565 -0.236238 -0.215849 -0.014653 -0.252033 -0.171117 -0.084585 0.024644 -0.070114 -0.190696 
1.400833 -0.979356 1.091423 0.261841 -0.310761 0.162622 -0.263212 -0.247396 0.051326 -0.235268 -0.193899 -0.114710 0.098080 -0.085317 -0.202314 
1.488437 -1.102843 1.148239 0.250896 -0.277798 0.139980 -0.245164 -0.288518 0.091675 -0.251949 -0.192955 -0.133721 0.101696 -0.063598 -0.245360 
1.430331 -1.066215 1.133862 0.245875 -0.286483 0.129199 -0.237441 -0.275130 0.072022 -0.250639 -0.192441 -0.111334 0.099251 -0.085736 -0.213975 
1.409537 -1.003818 1.089122 0.248380 -0.322429 0.178727 -0.289475 -0.240986 0.056356 -0.253616 -0.215953 -0.080617 0.079863 -0.073960 -0.230562 
1.358002 -0.955856 1.118757 0.250009 -0.308796 0.145631 -0.276152 -0.275779 0.088502 -0.222214 -0.220419 -0.124484 0.141524 -0.094581 -0.209863 
1.447569 -1.025922 1.184824 0.204744 -0.266403 0.129596 -0.256445 -0.323375 0.120590 -0.225202 -0.226038 -0.140006 0.129256 -0.062577 -0.245830 
1.282980 -0.889472 1.102482 0.299370 -0.292384 0.165526 -0.298512 -0.318660 0.098862 -0.153421 -0.266098 -0.176601 0.150347 -0.047206 -0.244992 
1.344860 -0.978130 1.091453 0.307173 -0.303530 0.196400 -0.309927 -0.307200 0.077410 -0.166267 -0.278175 -0.162327 0.123905 -0.045399 -0.275084 
1.300874 -0.937663 1.140745 0.279882 -0.242924 0.137171 -0.274848 -0.361093 0.125449 -0.162519 -0.266482 -0.202118 0.149489 -0.039408 -0.249028 
1.382088 -0.989537 1.113074 0.291048 -0.255296 0.162573 -0.287845 -0.355954 0.116262 -0.169599 -0.268499 -0.211733 0.155892 -0.048324 -0.269688 
1.262667 -0.928411 1.073253 0.320393 -0.245841 0.166484 -0.287105 -0.348582 0.085514 -0.132297 -0.296235 -0.205292 0.142553 -0.061394 -0.248651 
1.357857 -0.996930 1.087147 0.319110 -0.225688 0.153369 -0.274681 -0.359228 0.092956 -0.132623 -0.302457 -0.221829 0.158881 -0.070327 -0.259700 
1.392413 -0.880932 1.072544 0.327609 -0.225745 0.123104 -0.255178 -0.391145 0.133988 -0.131724 -0.290742 -0.245304 0.191780 -0.061279 -0.253785 
1.340372 -0.835167 1.039241 0.356006 -0.235513 0.156072 -0.284393 -0.352906 0.093327 -0.112491 -0.316640 -0.231773 0.161693 -0.050385 -0.281633 
1.297118 -0.757213 0.977349 0.387966 -0.212555 0.167387 -0.281874 -0.363449 0.089489 -0.085418 -0.348411 -0.226960 0.135378 -0.054397 -0.262602 
1.400165 -0.765416 1.026894 0.377760 -0.160439 0.149815 -0.250312 -0.401794 0.138072 -0.097227 -0.329223 -0.286874 0.159363 -0.053419 -0.280523 
1.254218 -0.645154 0.911927 0.480234 -0.183835 0.144802 -0.188947 -0.405360 0.087731 -0.058336 -0.321270 -0.280157 0.118818 -0.060621 -0.234210 
1.188115 -0.503711 0.716174 0.521360 -0.171670 0.080523 -0.032948 -0.417699 -0.055880 0.042355 -0.388804 -0.166004 0.016601 -0.096558 -0.183492 
1.099245 -0.388292 0.741643 0.528725 -0.102092 -0.074742 0.023210 -0.258133 -0.071619 -0.044236 -0.324667 -0.130081 0.041742 -0.128784 -0.211354 
0.957311 -0.486216 0.697662 0.450540 0.070377 -0.041429 0.019774 -0.309575 0.001567 -0.123994 -0.207999 -0.169732 -0.031670 -0.104102 -0.161156 
0.625537 -0.129424 0.752274 0.377172 0.084620 -0.041825 -0.172054 0.003408 -0.017486 -0.246224 -0.126683 -0.077529 -0.084377 -0.014976 -0.223058 
0.466688 -0.361585 0.483772 0.247481 0.199742 0.042513 -0.013782 -0.106034 0.025275 0.037993 -0.029079 -0.089358 0.052070 -0.022549 -0.109616 
0.186999 -0.666511 0.375140 0.210346 0.178465 -0.003056 0.064489 0.010717 0.087872 -0.040004 -0.015179 0.074006 0.029055 -0.023056 -0.093968 
0.283568 -0.860223 0.241024 -0.039121 -0.014449 0.110304 -0.093818 -0.077535 0.062008 -0.045529 0.013409 0.062426 -0.068159 0.039961 -0.081954 
0.377524 -0.978297 0.302562 -0.298242 0.051615 -0.106969 -0.016261 -0.062933 0.166560 -0.084123 -0.023826 0.075136 0.008397 -0.027837 -0.083425 
0.370848 -0.588284 0.233266 -0.204933 0.104517 -0.233713 -0.249171 -0.067081 0.089375 -0.115108 -0.028633 0.248548 -0.040794 -0.028226 0.000741 
0.350540 -0.643217 0.253399 -0.175649 0.181029 -0.127148 -0.200282 -0.001254 0.186197 -0.162999 -0.077556 0.188590 -0.051113 -0.019826 -0.017993 
1.464456 -0.949218 0.658427 -0.074365 0.021704 -0.113019 -0.327836 -0.244347 0.117253 -0.036194 -0.152708 -0.055057 0.169609 0.053890 -0.125683 
1.593927 -1.213810 0.681216 -0.319559 -0.030821 -0.176148 -0.484107 -0.169508 0.126575 0.149371 -0.140457 0.042667 0.251245 0.081480 -0.084125 
1.775898 -1.404221 0.651890 -0.411923 0.027811 -0.178757 -0.393075 -0.100340 0.232766 0.136032 -0.068411 0.009204 0.179949 0.023733 -0.113547 
1.727107 -1.383482 0.470400 -0.502992 -0.054240 -0.134801 -0.382235 -0.080855 0.262090 0.188339 -0.039887 -0.006587 0.208578 -0.033701 -0.122008 
1.596008 -1.254029 0.396074 -0.576393 -0.055524 -0.140210 -0.353177 -0.153923 0.291605 0.263948 0.024711 -0.061729 0.145387 0.061205 -0.182101 
1.616248 -1.290249 0.395446 -0.596929 0.014917 -0.201067 -0.244511 -0.210378 0.326690 0.249150 0.031044 -0.090330 0.130274 0.021650 -0.133046 
1.644837 -1.417762 0.335223 -0.621690 0.065482 -0.098775 -0.295905 -0.072523 0.280401 0.239410 -0.000046 -0.102948 0.058861 -0.020155 -0.063854 
1.533961 -1.398500 0.247529 -0.612109 0.026786 -0.104095 -0.243991 -0.041962 0.204214 0.302422 0.020760 -0.140380 0.023839 0.034273 -0.136833 
1.492400 -1.391904 0.189831 -0.591426 0.014523 -0.089621 -0.175212 -0.073982 0.230805 0.299681 0.010247 -0.197743 0.056095 -0.003020 -0.149501 
1.514614 -1.438525 0.181541 -0.656982 0.049128 -0.087134 -0.137305 -0.102626 0.242064 0.285296 0.023200 -0.180463 0.038639 -0.030020 -0.148778 
1.483197 -1.352859 0.046201 -0.666871 0.071402 -0.027258 -0.158868 -0.040256 0.216822 0.301334 -0.066323 -0.163300 0.041331 -0.040540 -0.125228 
1.541306 -1.341261 0.074029 -0.647179 0.084566 -0.073071 -0.090280 -0.025616 0.193868 0.285147 -0.021097 -0.222570 -0.003752 -0.009262 -0.102373 
1.737535 -1.424088 0.077735 -0.638354 0.127157 -0.147413 -0.023314 -0.001416 0.162587 0.273925 0.030352 -0.262355 -0.079334 0.073732 -0.121977 
1.724346 -1.304073 -0.096027 -0.550512 -0.041717 -0.011148 -0.072699 -0.018277 0.158243 0.292056 0.044808 -0.322608 -0.024400 0.112417 -0.140336 
1.837980 -1.382556 -0.200195 -0.412966 -0.111569 -0.008181 0.008388 -0.094847 0.160679 0.339813 -0.043663 -0.269660 0.008908 0.040791 -0.086465 
1.785825 -1.487487 -0.065696 -0.516500 -0.025064 0.003495 -0.027634 -0.074560 0.173427 0.326517 0.001763 -0.321928 0.004388 0.017042 -0.126921 
1.659017 -1.373334 -0.067831 -0.566401 -0.053179 0.023290 -0.052081 -0.055484 0.183030 0.315357 0.035164 -0.345240 0.017707 0.000275 -0.136749 
1.653250 -1.327881 -0.110175 -0.563253 -0.063192 0.006686 -0.028842 -0.043707 0.164002 0.304651 0.017805 -0.304349 0.020103 -0.000670 -0.162227 
1.450397 -1.312321 -0.160580 -0.478670 -0.120121 0.070994 -0.062093 -0.038216 0.174939 0.285734 -0.004117 -0.296980 0.048497 -0.023091 -0.134332 
1.432646 -1.333874 -0.144490 -0.510960 -0.067324 0.048858 -0.042313 -0.072354 0.172200 0.311349 -0.024142 -0.288023 0.034669 0.007883 -0.146041 
1.382222 -1.181160 -0.158376 -0.480376 -0.048450 0.039761 -0.025214 -0.139944 0.202954 0.297598 0.003800 -0.298362 0.028044 -0.018697 -0.065291 
1.303346 -0.766615 -0.145630 -0.490647 -0.163484 0.145099 -0.074217 -0.001483 0.207566 0.290762 -0.067574 -0.318123 -0.026064 0.004657 -0.096000 
1.162566 -0.641847 -0.273205 -0.155925 -0.114857 0.084984 -0.018841 -0.094028 0.160391 0.337469 -0.107506 -0.252437 -0.021315 0.046625 -0.022366 
1.143875 -0.338556 -0.245944 -0.235671 -0.103208 -0.021037 -0.061255 -0.004073 0.353147 0.062389 0.076342 -0.198872 -0.075332 -0.025037 -0.051174 
1.123573 -0.869325 -0.585466 -0.358708 0.061410 -0.068621 -0.088079 -0.026894 0.128580 0.338012 -0.056351 -0.122707 -0.040982 -0.069684 -0.025729 
1.060430 -0.726805 -0.508265 -0.524873 0.065096 0.045589 -0.077323 -0.031929 0.195711 0.365910 -0.079468 -0.273816 -0.102806 -0.048364 0.080046 
