city012_057
DOOTONBORI
103
0.114670 0.021488 0.044918 -0.088295 0.144090 0.101397 0.010156 0.061276 0.120898 -0.062702 0.051628 -0.016306 -0.061246 0.166163 -0.146619 
0.636278 -0.879612 0.501557 -0.720078 0.247325 -0.430649 -0.177641 -0.010417 -0.010052 0.230713 0.093259 0.107675 -0.106877 0.094250 -0.010911 
1.319570 -0.460797 0.352461 -0.156303 0.281876 -0.125788 -0.326652 -0.165488 -0.024883 0.121740 -0.084971 -0.112876 -0.001121 0.195399 -0.111578 
1.624072 -0.921148 0.765196 -0.594274 0.039956 0.123269 -0.312306 -0.215725 -0.295045 -0.027891 0.153799 -0.115507 0.117744 0.145268 -0.280178 
1.829873 -0.818233 0.777389 -0.822925 0.065050 0.207748 -0.257147 -0.235914 -0.356702 -0.003987 0.220830 -0.033783 0.127748 0.103487 -0.319705 
1.842023 -0.724522 0.545112 -0.764742 -0.015405 0.158185 -0.155948 -0.127729 -0.355579 -0.074582 0.088115 0.008408 0.168022 0.184129 -0.272068 
1.852997 -0.869214 0.510297 -0.768706 0.028994 0.015229 -0.077160 -0.076460 -0.323424 -0.153668 0.010913 0.041446 0.246590 0.190739 -0.212331 
1.822256 -0.793614 0.535236 -0.828023 -0.051500 0.054902 -0.126253 0.025045 -0.254148 -0.172272 -0.017796 -0.010788 0.208896 0.238295 -0.157206 
1.696821 -0.660587 0.486426 -0.753677 -0.108445 -0.047893 -0.122474 0.112021 -0.150114 -0.247535 -0.052763 -0.049146 0.180857 0.226836 -0.110664 
1.759272 -0.707917 0.475991 -0.804969 0.003343 -0.118352 -0.097622 0.143337 -0.161144 -0.246786 -0.091915 0.043029 0.134279 0.223156 -0.077921 
1.728827 -0.580273 0.454756 -0.820352 -0.020684 -0.106291 -0.107265 0.067850 -0.111322 -0.197162 -0.106263 -0.021814 0.171264 0.199845 -0.080598 
1.749792 -0.575469 0.535253 -0.890453 0.018990 -0.183450 -0.116579 0.091225 -0.077102 -0.183803 -0.128296 -0.027580 0.161456 0.162063 -0.055998 
1.846775 -0.638803 0.556179 -0.920897 0.048615 -0.220885 -0.147579 0.155990 -0.098342 -0.183358 -0.148605 -0.023787 0.134108 0.189736 -0.049412 
1.806929 -0.555817 0.467064 -0.863020 0.003323 -0.205129 -0.125374 0.124557 -0.098640 -0.165367 -0.164852 -0.030629 0.151043 0.204018 -0.070197 
1.718901 -0.474093 0.431639 -0.832796 -0.050609 -0.189422 -0.093049 0.124497 -0.127995 -0.168216 -0.142807 -0.079274 0.178970 0.189543 -0.042711 
1.774498 -0.525476 0.536889 -0.892151 -0.042287 -0.208337 -0.071008 0.172983 -0.192834 -0.153215 -0.147099 -0.077578 0.150858 0.185551 -0.006958 
1.657891 -0.428722 0.533742 -0.833941 -0.156037 -0.141222 -0.055319 0.170027 -0.228692 -0.179702 -0.110280 -0.143046 0.169516 0.194881 -0.008916 
1.762670 -0.497879 0.666776 -0.929663 -0.149740 -0.163421 0.000576 0.160220 -0.292249 -0.148577 -0.092084 -0.207678 0.185524 0.221586 -0.007856 
1.746153 -0.428684 0.631222 -0.937471 -0.133066 -0.124314 0.000438 0.162393 -0.322391 -0.110415 -0.131515 -0.207715 0.197224 0.219684 -0.015465 
1.890101 -0.314081 0.680553 -1.054713 -0.192323 0.073345 -0.101203 0.138568 -0.259894 -0.150077 -0.116568 -0.237651 0.211675 0.240468 -0.083783 
1.911778 -0.260478 0.661079 -1.070646 -0.198134 0.113275 -0.112169 0.104678 -0.217253 -0.174732 -0.085135 -0.272617 0.240513 0.227973 -0.121799 
1.866085 -0.365186 0.643816 -0.951085 -0.226956 0.087000 -0.121544 0.106613 -0.202561 -0.186083 -0.086051 -0.275487 0.207643 0.236352 -0.135874 
1.895098 -0.395884 0.722608 -0.988479 -0.214168 0.066506 -0.096783 0.093185 -0.206541 -0.160269 -0.093973 -0.241235 0.188632 0.237434 -0.147044 
1.849644 -0.374026 0.634312 -0.939184 -0.192645 0.092012 -0.136237 0.078082 -0.200705 -0.177159 -0.073799 -0.264777 0.242649 0.186623 -0.112827 
1.972078 -0.488854 0.778593 -1.029931 -0.137686 0.065643 -0.097649 0.058654 -0.213585 -0.171183 -0.055379 -0.203242 0.207894 0.231966 -0.163738 
1.851710 -0.395411 0.647835 -0.951967 -0.134424 0.118049 -0.125081 0.038277 -0.252098 -0.145172 -0.066465 -0.161363 0.225622 0.210850 -0.154160 
1.963433 -0.515912 0.719371 -0.981774 -0.101506 0.096710 -0.118868 0.009764 -0.252325 -0.156122 -0.029256 -0.146072 0.235828 0.215706 -0.181788 
1.833011 -0.479636 0.625446 -0.934514 -0.071335 0.148076 -0.129263 -0.038635 -0.293214 -0.147391 -0.006435 -0.113259 0.280504 0.165386 -0.156685 
1.891012 -0.592704 0.732977 -0.981131 0.003911 0.166295 -0.112462 -0.085593 -0.385917 -0.105939 0.029340 -0.022384 0.263865 0.168516 -0.239185 
1.833212 -0.657566 0.729387 -0.916847 0.008307 0.188907 -0.207898 -0.110574 -0.348120 -0.123390 0.082921 -0.022786 0.238492 0.129621 -0.232711 
1.798971 -0.727693 0.763408 -0.811230 0.096146 0.193728 -0.321650 -0.205426 -0.342139 -0.027558 0.152504 -0.024841 0.148456 0.067311 -0.252696 
1.605460 -0.721042 0.688933 -0.748404 0.162228 0.128315 -0.341585 -0.242443 -0.367879 0.048435 0.084482 -0.032752 0.189205 -0.015653 -0.175011 
1.448174 -0.436693 0.561845 -0.669663 0.216060 0.057198 -0.319384 -0.299267 -0.300901 0.044938 0.092391 -0.134224 0.188242 -0.001134 -0.160233 
0.993511 0.096430 0.235717 -0.256973 -0.055881 0.305873 0.031299 -0.046638 -0.017084 0.016856 0.068814 -0.070003 0.066507 0.089211 -0.233711 
0.705159 0.249189 0.156123 -0.359187 -0.180232 0.241792 0.113609 -0.063069 0.041576 -0.111531 0.007284 -0.045473 0.006620 0.158892 -0.199676 
0.432753 -0.153838 -0.122428 -0.365597 -0.169288 0.178227 0.186531 -0.022079 -0.020957 -0.085739 0.062762 -0.106957 0.046791 0.143734 -0.173531 
0.259480 -0.110871 -0.151187 -0.582749 -0.103443 0.148412 0.044038 0.129894 -0.001569 -0.098260 0.059959 -0.066994 -0.045101 0.162604 -0.172907 
-0.083974 -0.330537 -0.167156 -0.313563 -0.054539 0.259081 0.060694 0.145785 0.084769 -0.090166 -0.099027 -0.169226 0.054932 0.256037 -0.187094 
0.088799 -0.272617 -0.259632 -0.326984 0.042686 0.245678 0.027536 0.009434 -0.022774 -0.032189 0.063720 -0.117783 0.003483 0.159293 -0.170188 
0.342984 0.034042 -0.005034 -0.388411 -0.023744 0.107400 0.047509 0.040069 -0.010649 -0.095410 0.132468 -0.112618 0.001026 0.138473 -0.187436 
0.259054 -0.241657 0.011007 -0.242770 -0.037683 0.191313 0.025712 -0.075389 0.093184 0.046300 0.033437 -0.150848 0.017252 0.134638 -0.199254 
0.425603 -1.002810 0.889953 -0.747096 0.109970 -0.440657 -0.139923 0.274138 -0.015019 0.060658 0.113087 0.086907 -0.165746 0.129868 -0.117288 
0.750744 -0.614842 0.581414 -0.333382 0.697392 -0.371890 -0.233063 0.100141 -0.102553 0.020638 -0.079365 0.011001 -0.023779 0.022590 -0.048628 
1.853156 -0.505780 0.411634 -0.369865 0.061740 0.093636 -0.215258 -0.139895 -0.096950 -0.028338 -0.015369 -0.135332 0.062326 0.118927 -0.197117 
2.035082 -0.701860 0.521464 -0.789986 0.057806 0.045864 -0.165470 -0.114956 -0.214741 -0.007500 0.059752 0.015993 0.153099 0.115550 -0.232246 
1.917425 -0.718178 0.594874 -0.906829 0.022170 0.141303 -0.034765 -0.019688 -0.328441 -0.030258 0.120445 -0.050207 0.221665 0.121931 -0.276598 
1.940911 -0.852453 0.535865 -0.904052 -0.028847 0.192216 0.019723 0.032254 -0.296408 -0.008000 0.065778 -0.135907 0.271983 0.136642 -0.307627 
1.811152 -0.798004 0.481642 -0.818230 -0.215827 0.207311 0.014770 0.052968 -0.200823 -0.028817 -0.013262 -0.148919 0.276759 0.137213 -0.209919 
1.846742 -0.864742 0.615976 -0.848233 -0.291505 0.152348 0.085488 0.082371 -0.141873 -0.026336 -0.042090 -0.169758 0.220802 0.146601 -0.175949 
1.812837 -0.855518 0.646881 -0.758587 -0.376704 0.186200 0.082855 0.059989 -0.095477 -0.039444 -0.061641 -0.159913 0.182078 0.122486 -0.126990 
1.864661 -0.886009 0.672848 -0.703101 -0.356097 0.189551 0.100794 0.057650 -0.035301 -0.023097 -0.084608 -0.129560 0.106050 0.103082 -0.130288 
1.926754 -0.945691 0.734434 -0.650055 -0.341768 0.195079 0.104231 0.040462 0.019786 -0.064297 -0.073958 -0.134054 0.068166 0.119926 -0.143585 
1.947678 -0.972490 0.740156 -0.550061 -0.382459 0.216733 0.053418 0.037254 0.046881 -0.075292 -0.096824 -0.122596 0.066255 0.095997 -0.137662 
1.929850 -0.976490 0.756901 -0.489924 -0.369418 0.223335 0.039648 0.023543 0.049743 -0.060011 -0.085107 -0.103880 0.046115 0.105356 -0.165762 
1.903046 -0.969432 0.821737 -0.394814 -0.350030 0.192024 -0.009561 -0.013986 0.080561 -0.102599 -0.087316 -0.091163 0.056029 0.080539 -0.177298 
1.835787 -0.967098 0.850377 -0.308838 -0.318257 0.182446 -0.034563 -0.074323 0.102934 -0.090604 -0.073467 -0.072102 0.061112 0.059235 -0.174254 
1.656140 -0.891806 0.797539 -0.196487 -0.290997 0.200036 -0.088059 -0.119188 0.099911 -0.019672 -0.056693 -0.044384 0.049884 0.056966 -0.172880 
1.683888 -1.052662 0.861326 -0.043538 -0.207776 0.244433 -0.143456 -0.223877 0.067644 -0.083055 -0.110745 -0.051160 0.039815 0.059492 -0.206017 
1.272629 -0.977682 1.030140 0.143741 -0.108055 0.262809 -0.240248 -0.299893 -0.005364 -0.051161 -0.131904 -0.159739 -0.058499 0.058689 -0.159647 
1.186243 -1.075966 1.185617 0.149080 -0.040394 0.215668 -0.261727 -0.304955 -0.027049 -0.080546 -0.177439 -0.193089 -0.099723 0.057001 -0.179549 
1.148095 -1.102328 1.236207 0.142759 -0.022203 0.191175 -0.258772 -0.327024 -0.010440 -0.066406 -0.201848 -0.210285 -0.092616 0.068113 -0.182392 
1.107365 -0.996785 1.176330 0.137316 -0.022367 0.187035 -0.234130 -0.338250 -0.016597 -0.040402 -0.194606 -0.214349 -0.069360 0.045339 -0.138244 
1.180664 -1.105628 1.185616 0.160636 -0.004384 0.184218 -0.231834 -0.356543 -0.005096 -0.071883 -0.193820 -0.214388 -0.088040 0.032235 -0.165995 
1.032449 -0.954408 1.143004 0.194040 -0.056444 0.201243 -0.215687 -0.364932 -0.015114 -0.045531 -0.194571 -0.234387 -0.072104 0.045836 -0.158285 
1.110369 -1.007855 1.143629 0.202445 -0.068375 0.229761 -0.216208 -0.373725 -0.030534 -0.043809 -0.196158 -0.231680 -0.082944 0.032727 -0.176395 
1.221214 -1.009176 1.151119 0.192756 -0.094712 0.219492 -0.185113 -0.387587 -0.019086 -0.031071 -0.202247 -0.236227 -0.042220 0.036894 -0.207241 
1.108898 -0.977383 1.149476 0.204313 -0.079056 0.212770 -0.169631 -0.403229 -0.043548 -0.003207 -0.215955 -0.249711 -0.053977 0.028622 -0.187197 
1.156013 -0.992988 1.139385 0.242907 -0.141870 0.271435 -0.168379 -0.407380 -0.053033 -0.012655 -0.206298 -0.244724 -0.070941 0.039613 -0.227103 
1.128292 -0.972968 1.071139 0.292541 -0.132717 0.298984 -0.160297 -0.476800 -0.033317 0.018690 -0.198051 -0.289652 -0.071265 0.028340 -0.194546 
1.160522 -0.915529 1.085408 0.237898 -0.122023 0.327256 -0.135821 -0.464026 -0.065955 0.027897 -0.214440 -0.243020 -0.111601 0.040037 -0.259703 
1.227144 -0.863268 1.048347 0.237202 -0.115282 0.329767 -0.107826 -0.504204 -0.053933 0.032040 -0.198504 -0.300409 -0.043762 -0.015696 -0.247005 
1.330274 -0.791127 0.990324 0.293909 -0.176214 0.358653 -0.086626 -0.535251 -0.032239 0.026878 -0.185100 -0.297251 -0.071227 0.032497 -0.280127 
1.313622 -0.600490 0.877149 0.388919 -0.205442 0.374141 -0.048426 -0.585966 -0.018447 0.086049 -0.231300 -0.282209 -0.084171 0.035018 -0.276103 
1.412742 -0.476314 0.691684 0.164035 -0.077309 0.243311 0.039028 -0.356530 -0.207150 0.009740 -0.156591 -0.154796 -0.077677 0.024776 -0.311743 
1.796899 -0.440226 0.539730 -0.406469 -0.193689 0.161895 0.011372 -0.016354 -0.216526 -0.256783 -0.136125 -0.270273 0.118575 0.226455 -0.258048 
1.906129 -0.466390 0.482500 -0.651213 -0.293885 0.274000 -0.094502 -0.036777 -0.203321 -0.260299 -0.019903 -0.234795 0.158381 0.346319 -0.255524 
1.859720 -0.514761 0.471653 -0.740873 -0.291467 0.248220 -0.131132 -0.031532 -0.197929 -0.248640 0.025465 -0.194184 0.206733 0.343026 -0.231819 
1.846596 -0.609170 0.541373 -0.888818 -0.218081 0.210361 -0.101008 -0.041221 -0.234977 -0.164718 0.055207 -0.079753 0.220874 0.323867 -0.287682 
1.801299 -0.648321 0.502780 -0.900578 -0.199634 0.255812 -0.154494 -0.081333 -0.215733 -0.150325 0.128875 -0.062913 0.244334 0.268932 -0.307657 
1.817514 -0.804793 0.507651 -0.938840 -0.149947 0.262339 -0.161720 -0.158092 -0.251079 -0.096512 0.230766 0.012441 0.260743 0.191163 -0.356009 
1.794668 -0.930246 0.422749 -0.873520 -0.108229 0.252623 -0.247859 -0.200170 -0.236352 -0.023169 0.303120 0.015741 0.246441 0.111523 -0.360249 
1.822091 -1.074755 0.492617 -0.739006 -0.106311 0.205370 -0.354395 -0.258584 -0.151161 0.090775 0.367359 -0.016795 0.068438 0.154905 -0.306694 
1.743221 -1.148250 0.528166 -0.528522 -0.045938 0.072310 -0.485892 -0.258333 -0.085969 0.136660 0.362859 -0.133516 -0.010333 0.344170 -0.228332 
1.569314 -1.279434 0.688943 -0.411618 0.076463 -0.084526 -0.556160 -0.142912 0.024803 0.026958 0.181382 -0.100887 0.061554 0.267090 -0.119186 
1.221018 -1.250564 0.631753 0.026822 0.105642 -0.049172 -0.644372 -0.150279 0.148616 -0.156529 -0.066008 -0.085038 0.082253 0.221516 -0.168857 
0.789153 -0.456662 0.804749 0.160289 0.215748 0.044826 -0.276927 -0.079444 -0.032128 -0.047298 -0.158071 -0.161897 -0.045312 0.079947 -0.202976 
0.879358 -0.899349 1.266955 -0.113617 -0.049161 -0.110668 -0.187322 -0.080464 -0.300146 -0.114691 -0.025594 -0.175999 0.008317 0.056315 -0.211357 
0.897481 -0.947377 1.635340 -0.242249 -0.153025 -0.068787 -0.197746 -0.060535 -0.244494 -0.176686 0.001308 -0.082047 -0.063529 0.042470 -0.084139 
0.794382 -0.844315 1.597510 -0.314941 -0.072041 0.040624 -0.218698 -0.049374 -0.170732 -0.263392 0.072101 -0.109521 -0.133464 0.043186 -0.039309 
0.787297 -0.805554 1.667783 -0.317020 -0.084123 0.118866 -0.286149 0.017759 -0.176667 -0.305810 0.112429 -0.114436 -0.220668 0.143612 -0.108441 
0.694259 -0.666698 1.531620 -0.331912 -0.043250 0.188613 -0.271652 0.025156 -0.229124 -0.319034 0.157800 -0.170869 -0.271473 0.183933 -0.117583 
0.688419 -0.578039 1.575909 -0.380131 -0.041934 0.158242 -0.274492 0.056109 -0.207527 -0.349602 0.188503 -0.174437 -0.260967 0.185319 -0.119089 
0.539998 -0.491833 1.495190 -0.287372 -0.081209 0.209682 -0.298563 0.075716 -0.215020 -0.323526 0.174340 -0.180830 -0.246948 0.173523 -0.123363 
0.644723 -0.709469 1.598267 -0.345797 0.038182 0.199278 -0.295376 0.056767 -0.222511 -0.331196 0.185021 -0.209184 -0.280039 0.197847 -0.161991 
0.461032 -0.478111 1.517613 -0.296509 -0.013588 0.203860 -0.295829 0.070715 -0.236461 -0.346064 0.191664 -0.235990 -0.256577 0.161217 -0.126736 
0.501885 -0.457706 1.565168 -0.359433 0.019122 0.209898 -0.303656 0.088693 -0.266802 -0.317277 0.170668 -0.243835 -0.261688 0.183181 -0.167150 
0.548746 -0.437405 1.517348 -0.323577 0.020471 0.189281 -0.263392 0.066284 -0.243978 -0.339887 0.180297 -0.249324 -0.250420 0.149657 -0.143806 
0.400057 -0.436154 1.640136 -0.289242 0.035836 0.130866 -0.265570 0.087219 -0.233356 -0.340501 0.158649 -0.224217 -0.272449 0.157235 -0.167776 
0.424654 -0.057764 1.252411 -0.074655 0.011923 0.113924 -0.213348 0.080117 -0.286940 -0.256975 0.074459 -0.223442 -0.261117 0.142322 -0.196712 
0.031062 0.045582 1.377705 -0.197414 0.069258 0.052853 -0.266412 0.066255 -0.247131 -0.325621 0.081178 -0.221929 -0.216861 0.074551 -0.129904 
0.348901 0.152386 0.752860 0.045745 0.030164 0.112658 -0.216447 -0.048676 -0.223342 -0.358889 0.153402 -0.223304 -0.300628 0.204149 -0.180616 
0.256800 0.185032 0.567115 0.158547 -0.051350 -0.074797 -0.178314 -0.126701 -0.182303 -0.261244 0.084940 -0.162332 -0.164658 0.157857 -0.095799 
0.169353 0.050729 0.436855 0.069810 -0.057206 0.156834 -0.134378 -0.313837 -0.075232 -0.212639 0.121045 -0.113952 -0.180577 0.141158 -0.101708 
