city012_010
KOGANEI
72
-0.234632 -0.017202 0.114358 -0.114857 -0.093730 0.144930 0.216401 -0.068652 0.148101 -0.236688 0.107918 -0.012275 -0.003410 0.014648 0.010786 
0.502063 -0.734655 -0.612893 -0.577744 0.130583 0.118006 0.361983 -0.065534 -0.008780 -0.238016 0.080236 0.031426 -0.033607 0.157547 -0.149225 
1.416062 -0.285086 -0.572089 -0.649416 0.466640 -0.010926 0.137505 -0.187245 -0.175391 -0.004915 0.047002 0.070076 0.103096 0.015369 -0.121871 
1.410726 -0.308697 -0.158525 -0.596256 0.274030 -0.043660 0.236629 -0.188034 -0.165543 -0.084050 0.017068 0.056093 0.167579 0.017426 -0.152027 
1.476587 -0.346841 0.010159 -0.193485 0.286568 0.000316 0.066185 -0.222732 -0.152887 -0.242671 0.043535 -0.015142 0.070280 0.035286 -0.175869 
1.553854 0.063997 -0.049824 -0.420933 0.186202 0.206510 0.117636 0.075599 -0.067550 -0.374953 0.117270 -0.155966 0.209742 0.079987 -0.063514 
1.696342 0.063679 0.182523 -0.672129 -0.157981 0.004582 0.006912 -0.033179 -0.244667 -0.132324 -0.039657 -0.257341 0.274373 0.103006 -0.038208 
1.664491 -0.357681 0.626564 -0.916424 -0.098980 -0.093896 0.005931 0.036975 -0.348653 -0.090579 -0.071178 -0.162221 0.305668 0.130011 0.000963 
1.788392 -0.492308 0.529877 -0.813608 -0.094221 -0.084384 -0.047610 0.089677 -0.243576 -0.147165 -0.058576 -0.230620 0.301554 0.120384 -0.053508 
1.808187 -0.353670 0.537703 -0.856813 -0.106203 -0.015853 -0.028332 0.131727 -0.236767 -0.146688 -0.075002 -0.293606 0.279954 0.094370 -0.031787 
1.854969 -0.470079 0.625482 -0.827277 -0.121999 -0.010493 -0.000244 0.139053 -0.223162 -0.172478 -0.080851 -0.282302 0.246815 0.093678 -0.034402 
1.796952 -0.299956 0.551370 -0.726348 -0.132767 -0.063397 0.112720 0.054933 -0.274165 -0.135010 -0.163627 -0.277157 0.226567 0.093241 -0.010096 
1.730567 -0.079606 0.550155 -0.745725 -0.056546 -0.123100 0.170428 0.084446 -0.382704 -0.130300 -0.150443 -0.425003 0.241980 0.103630 -0.022881 
1.642415 0.053678 0.359354 -0.541342 -0.132798 -0.039298 0.113162 0.117554 -0.377232 -0.190267 -0.118200 -0.442520 0.199966 0.114956 -0.039726 
1.636503 0.106678 0.178765 -0.504247 -0.049938 0.026788 0.160302 0.005182 -0.468669 -0.192905 -0.014779 -0.317035 0.272378 0.154507 -0.076226 
1.399262 0.001116 0.112721 -0.374255 -0.027322 0.113491 0.127802 0.001794 -0.463422 -0.202395 0.057251 -0.185436 0.231996 0.106684 -0.098617 
1.226175 -0.428736 0.234920 -0.237723 0.149690 -0.042200 0.069302 -0.254168 -0.302416 -0.000334 0.037686 -0.064112 0.134701 -0.074430 -0.109706 
1.421626 -0.634640 0.348085 -0.315397 0.186189 -0.145909 0.039755 -0.245421 -0.484584 0.107376 0.082491 -0.161806 0.180668 0.003646 -0.147180 
1.663500 -0.985656 0.424259 -0.406723 0.180927 -0.118705 -0.087346 -0.146752 -0.353234 0.240052 0.157131 -0.214167 0.167051 0.019751 -0.127875 
1.737061 -1.223997 0.382969 -0.515156 0.045956 -0.075573 -0.159309 -0.079839 -0.221295 0.334357 0.254465 -0.277243 0.160838 -0.009999 -0.125880 
1.663490 -1.253601 0.419785 -0.764580 0.108130 -0.106331 -0.119700 -0.089901 -0.104460 0.348575 0.310927 -0.267394 0.024518 0.016214 -0.138874 
1.402789 -1.141649 0.266712 -0.746083 0.084797 -0.034867 -0.072175 -0.074534 -0.087599 0.339079 0.280496 -0.259299 -0.061069 0.028230 -0.133176 
1.417413 -1.328380 0.251288 -0.762218 0.148589 -0.027423 -0.018545 -0.029934 -0.049574 0.224772 0.304764 -0.320862 -0.101602 0.089917 -0.124406 
1.388195 -1.293074 0.179720 -0.738856 0.171637 0.003142 0.023278 0.010824 -0.056689 0.236842 0.206940 -0.312127 -0.142771 0.105620 -0.057443 
1.497566 -1.330543 0.145058 -0.747834 0.231812 -0.036917 0.070856 -0.040773 0.010607 0.202522 0.179519 -0.347229 -0.094364 0.107524 -0.042237 
1.472488 -1.346116 0.179342 -0.721360 0.230305 -0.007272 0.072187 -0.046031 -0.015976 0.211796 0.125873 -0.321019 -0.063307 0.128433 -0.054997 
1.427030 -1.419399 0.210294 -0.692953 0.255145 -0.069127 0.024062 -0.004739 0.035608 0.188490 0.078650 -0.350732 0.012188 0.154009 -0.077264 
1.423881 -1.426907 0.240992 -0.670452 0.269421 -0.116183 0.002898 0.017629 0.061064 0.175134 0.058887 -0.380301 0.073366 0.164591 -0.112797 
1.332667 -1.387410 0.266226 -0.621928 0.250126 -0.124078 -0.038302 0.050806 0.083625 0.204574 -0.007991 -0.368715 0.083812 0.172452 -0.133174 
1.379674 -1.393654 0.295720 -0.610757 0.288785 -0.199175 -0.010319 0.029197 0.107679 0.178725 -0.025872 -0.335038 0.113990 0.144974 -0.134001 
1.416262 -1.446977 0.409987 -0.529428 0.224623 -0.253961 -0.029404 0.087797 0.102078 0.164588 -0.089872 -0.237501 0.157565 0.051430 -0.150286 
1.392912 -1.453351 0.503777 -0.451400 0.151911 -0.297770 -0.033757 0.094600 0.182971 0.070465 -0.087175 -0.195673 0.206910 -0.016695 -0.173373 
1.489816 -1.450338 0.582064 -0.340968 0.071463 -0.305879 -0.087581 0.161898 0.132792 0.088760 -0.089794 -0.166277 0.229593 -0.049755 -0.172982 
1.542271 -1.423187 0.715310 -0.327531 0.125574 -0.299283 -0.245602 0.244342 0.248952 -0.028241 -0.069586 0.030361 0.082457 -0.127949 -0.012867 
1.504359 -1.254975 0.730482 -0.187019 0.054815 -0.271581 -0.218117 0.062799 0.166756 0.002826 -0.131855 0.047463 0.164802 -0.081957 -0.052377 
1.459324 -1.095185 0.792561 0.335892 -0.009636 -0.160133 -0.079725 -0.336734 0.128514 0.024291 -0.334074 -0.110271 0.223175 -0.094081 -0.118282 
1.374192 -0.919571 1.020627 0.415667 -0.284465 0.177289 -0.289539 -0.349170 0.143295 -0.127545 -0.274948 -0.257955 0.204892 -0.055531 -0.256835 
1.340364 -0.888830 1.015825 0.401907 -0.282651 0.182918 -0.292876 -0.361951 0.117500 -0.098494 -0.282006 -0.279301 0.215905 -0.057656 -0.253053 
1.303995 -0.891843 0.979508 0.414918 -0.253716 0.180962 -0.278691 -0.387697 0.091959 -0.059641 -0.279104 -0.318269 0.205067 -0.043714 -0.238604 
1.272660 -0.863380 0.969985 0.437682 -0.267723 0.187218 -0.239340 -0.429961 0.084125 -0.052900 -0.254446 -0.357391 0.201404 -0.044609 -0.223263 
1.232175 -0.988531 0.984343 0.156678 -0.099620 -0.148095 -0.153173 -0.165523 -0.153153 -0.131762 -0.125106 -0.112325 0.117421 -0.121838 -0.059097 
1.311888 -1.137585 1.250985 -0.243883 -0.040381 -0.228644 -0.101894 -0.029473 -0.113125 -0.067464 0.014526 0.028056 0.036248 -0.091216 0.110109 
1.218305 -1.138185 1.221595 -0.332785 -0.155527 -0.102875 -0.132732 0.040013 -0.117357 0.027929 0.034112 0.023369 0.029820 -0.072804 0.120123 
1.222346 -1.198845 1.275865 -0.408988 -0.144555 -0.126191 -0.098412 0.028682 -0.109588 0.007844 0.073225 0.013188 0.019681 -0.075756 0.139898 
1.083019 -1.113583 1.223075 -0.382440 -0.226112 -0.072729 -0.101076 0.057508 -0.155419 0.007129 0.079774 0.007481 0.018006 -0.089906 0.154331 
1.187596 -1.223676 1.314603 -0.447701 -0.157928 -0.133892 -0.087849 0.059821 -0.114802 0.003598 0.094554 0.010728 0.011943 -0.076372 0.128132 
1.065128 -1.138392 1.261016 -0.386638 -0.248989 -0.059518 -0.123601 0.083522 -0.150444 0.034208 0.077541 -0.007319 0.044606 -0.096125 0.132329 
1.149888 -1.220521 1.384129 -0.464202 -0.216362 -0.085225 -0.114338 0.056760 -0.110273 0.062123 0.080836 -0.021388 0.054490 -0.051351 0.071260 
1.134872 -1.215751 1.392147 -0.470021 -0.213680 -0.094219 -0.108198 0.038483 -0.120785 0.047748 0.099125 -0.032654 0.050996 -0.039246 0.073296 
1.126694 -1.189742 1.467274 -0.503263 -0.214754 -0.111061 -0.100503 0.028686 -0.106869 -0.011501 0.154718 -0.052805 0.047414 -0.037639 0.082064 
1.051469 -1.158320 1.492184 -0.486503 -0.209472 -0.107988 -0.128067 0.034668 -0.131905 0.001221 0.122419 -0.035009 0.049335 -0.038052 0.083688 
0.967097 -1.042819 1.540106 -0.474085 -0.225705 -0.061178 -0.162129 0.015667 -0.151932 -0.020982 0.128447 -0.055423 0.041746 -0.011031 0.088289 
0.943864 -1.012158 1.561452 -0.488993 -0.181311 -0.028872 -0.198145 0.017432 -0.163187 -0.061513 0.122527 -0.059535 0.012077 0.002017 0.092275 
0.900013 -0.988826 1.620033 -0.453873 -0.149429 -0.015195 -0.229737 -0.011922 -0.157180 -0.091009 0.095209 -0.078049 0.015371 0.014864 0.069962 
0.808713 -0.814335 1.613374 -0.465829 -0.142066 -0.015776 -0.223646 -0.009348 -0.194033 -0.108452 0.119844 -0.101013 -0.018080 0.059621 0.059619 
0.759562 -0.732144 1.606111 -0.455096 -0.136389 0.011363 -0.225050 -0.013530 -0.195470 -0.121954 0.114197 -0.117051 -0.024442 0.060931 0.046633 
0.728109 -0.607191 1.540711 -0.489665 -0.094617 0.053924 -0.226281 -0.000442 -0.221061 -0.114676 0.113244 -0.156987 -0.022757 0.065162 0.043986 
0.720813 -0.638101 1.541665 -0.445836 -0.033544 0.024870 -0.226639 -0.036951 -0.235905 -0.168499 0.107056 -0.185442 -0.061312 0.084106 0.029471 
0.582870 -0.433302 1.530482 -0.423042 -0.074837 0.073504 -0.237404 -0.024948 -0.268161 -0.170887 0.082659 -0.199391 -0.078776 0.075031 0.034279 
0.616199 -0.457672 1.484273 -0.432120 -0.028107 0.126050 -0.218835 -0.076914 -0.245128 -0.210957 0.074305 -0.218772 -0.119189 0.096003 -0.027169 
0.578879 -0.342451 1.375149 -0.415596 0.030734 0.132380 -0.206474 -0.065958 -0.256059 -0.255249 0.092692 -0.246963 -0.136702 0.080319 -0.060868 
0.656437 -0.383509 1.280063 -0.332298 0.023351 0.149715 -0.203142 -0.075402 -0.259785 -0.271909 0.105263 -0.255156 -0.146836 0.081323 -0.095172 
0.522412 -0.123229 1.327221 -0.424628 0.032471 0.153518 -0.144740 -0.011833 -0.287616 -0.219910 0.091206 -0.292747 -0.109646 0.063875 -0.082599 
0.823994 -0.187239 1.067409 -0.237065 -0.048895 0.202049 -0.132544 -0.046384 -0.256613 -0.320352 0.133355 -0.309542 -0.105512 0.048877 -0.127896 
0.627077 -0.007742 1.264619 -0.326480 -0.126849 0.245749 -0.152403 0.008150 -0.222552 -0.281252 0.136610 -0.331465 -0.108764 0.072293 -0.116562 
0.512760 -0.081637 1.180675 -0.367603 0.022599 0.266030 -0.185645 -0.001094 -0.258934 -0.266013 0.113517 -0.295726 -0.102928 0.056634 -0.153297 
0.437331 -0.081030 1.171262 -0.304924 0.002744 0.253858 -0.193983 -0.003848 -0.260465 -0.255784 0.121414 -0.292727 -0.118452 0.067689 -0.142110 
0.324301 -0.004552 1.038634 -0.141666 -0.015324 0.110350 -0.241433 -0.014770 -0.276091 -0.269918 0.126089 -0.298577 -0.116348 0.075328 -0.110949 
0.411638 0.058642 0.990046 -0.139503 0.044121 0.192094 -0.160680 0.067952 -0.280242 -0.232303 0.152381 -0.289513 -0.126972 0.057381 -0.123724 
0.238070 0.167338 1.028611 -0.082332 0.010126 0.088750 -0.290557 0.017135 -0.211417 -0.307707 0.085221 -0.271078 -0.085142 -0.010904 -0.079490 
0.138407 0.155142 0.753587 0.035916 -0.025252 0.164127 -0.060770 0.049918 -0.108563 -0.184523 0.234700 -0.193553 -0.101187 0.129930 -0.078417 
0.449233 0.216518 0.812242 -0.084568 0.171264 0.128038 -0.366823 -0.001819 -0.148537 -0.328664 0.069089 -0.292777 -0.070647 -0.029904 -0.122451 
