city012_056
DENENCHOOFU
136
-0.054140 -0.150266 0.043402 0.052149 0.058527 0.045994 -0.209457 -0.060169 0.025289 -0.035776 0.085523 -0.035001 -0.072789 0.064402 -0.011616 
0.755248 -0.643861 0.257556 -0.449358 -0.121380 -0.111992 -0.094150 -0.062953 0.057178 -0.056867 0.045980 0.120957 0.082741 -0.072934 0.013730 
0.820816 -0.252356 0.691735 0.001916 -0.087231 -0.042185 0.024407 0.038754 -0.200605 -0.180790 -0.039500 0.034148 -0.071931 -0.115149 0.049877 
1.073123 -0.795705 1.221498 -0.140397 -0.084041 -0.234518 -0.113930 -0.063570 -0.182112 -0.188504 -0.060486 0.063453 -0.010866 -0.140255 0.107398 
1.197093 -1.025424 1.276693 -0.240114 -0.174914 -0.228861 -0.153343 -0.011545 -0.152783 -0.103818 0.029249 0.086155 0.010917 -0.064724 0.091985 
1.187194 -1.031927 1.204914 -0.320426 -0.241601 -0.230786 -0.203539 0.054833 -0.127400 -0.068520 0.082439 0.120628 0.025824 -0.070720 0.111020 
1.364258 -1.209115 1.311360 -0.417180 -0.239773 -0.235417 -0.158528 0.005919 -0.083782 -0.028675 0.136247 0.056603 0.058098 -0.035959 0.057219 
1.258904 -1.179852 1.185533 -0.407191 -0.267554 -0.182624 -0.159968 0.019569 -0.162217 0.008273 0.111659 0.046607 0.054700 -0.037940 0.070383 
1.370806 -1.240919 1.207392 -0.395905 -0.224354 -0.175370 -0.139655 0.002567 -0.120801 0.033498 0.105322 0.022761 0.040196 -0.010547 0.040626 
1.313568 -1.283590 1.291269 -0.458196 -0.168174 -0.149971 -0.125860 0.003055 -0.127674 0.048542 0.074114 -0.002674 0.056319 -0.025399 0.047852 
1.243289 -1.251465 1.244890 -0.384695 -0.199011 -0.085162 -0.124105 -0.004674 -0.159283 0.034453 0.067168 -0.015290 0.033590 -0.005907 0.041911 
1.297507 -1.291834 1.309560 -0.418455 -0.132927 -0.071529 -0.119359 -0.037927 -0.147565 0.021107 0.080171 -0.060701 0.050337 -0.005480 0.042052 
1.162432 -1.202987 1.242314 -0.336905 -0.185742 0.006872 -0.166174 -0.001908 -0.218799 0.051968 0.055636 -0.072067 0.052522 -0.014215 0.065360 
1.258267 -1.210921 1.300939 -0.378052 -0.122617 0.010352 -0.168679 -0.052549 -0.196314 0.069393 0.036239 -0.090034 0.051569 0.025827 0.010470 
1.147169 -1.143495 1.291882 -0.333360 -0.103926 0.027033 -0.185723 -0.078196 -0.221665 0.057890 0.030763 -0.131046 0.065501 0.016655 0.024850 
1.181205 -1.128415 1.313097 -0.328616 -0.101756 0.111665 -0.249294 -0.128417 -0.225967 0.075819 -0.007402 -0.162404 0.081111 0.014445 0.005793 
1.187308 -1.092720 1.377993 -0.388826 -0.024344 0.079983 -0.246338 -0.191308 -0.160961 0.048223 -0.003505 -0.185886 0.082820 0.033562 -0.013757 
1.177287 -1.042339 1.387241 -0.399304 0.032049 0.115037 -0.335377 -0.180213 -0.158431 0.067922 -0.048012 -0.194949 0.078886 0.038682 -0.026665 
1.164891 -0.970793 1.381034 -0.411944 0.079882 0.122192 -0.368534 -0.204133 -0.113115 0.050876 -0.074843 -0.193703 0.087180 0.014682 -0.012739 
1.181252 -0.916147 1.406922 -0.438793 0.145782 0.129265 -0.438959 -0.222227 -0.030031 0.047616 -0.133535 -0.174527 0.104106 0.008638 -0.021609 
1.107042 -0.787614 1.344468 -0.444753 0.200424 0.153297 -0.543334 -0.192800 0.036264 0.013597 -0.186339 -0.133414 0.106335 -0.020978 0.037865 
1.144637 -0.739263 1.353838 -0.462397 0.235858 0.157553 -0.563629 -0.198253 0.061354 0.005144 -0.191887 -0.128506 0.101912 -0.018008 0.043842 
0.989147 -0.721963 1.292068 -0.374051 0.200746 0.151425 -0.561014 -0.181453 0.039483 -0.017818 -0.247705 -0.120133 0.104975 -0.059412 0.053303 
1.065027 -0.835918 1.356073 -0.350526 0.202302 0.091722 -0.471674 -0.225454 0.036579 -0.024887 -0.226477 -0.157069 0.112331 -0.046259 0.002768 
0.994983 -0.831771 1.285860 -0.277308 0.147397 0.097118 -0.453547 -0.212256 0.008890 -0.033150 -0.240256 -0.132349 0.097727 -0.060227 -0.000715 
1.051000 -0.883596 1.340504 -0.268543 0.141848 0.058792 -0.409042 -0.218787 0.004154 -0.032799 -0.233461 -0.145193 0.109258 -0.053368 -0.029185 
1.062873 -0.893386 1.335828 -0.223287 0.114504 0.046594 -0.367949 -0.216975 -0.011201 -0.061359 -0.204724 -0.156091 0.098139 -0.060110 -0.036577 
1.048012 -0.919886 1.295542 -0.167124 0.048437 0.051351 -0.317798 -0.226588 -0.051794 -0.055785 -0.198020 -0.143945 0.078722 -0.054647 -0.060188 
1.109243 -0.941720 1.353981 -0.201262 0.067491 0.022417 -0.298036 -0.250236 -0.016101 -0.053078 -0.194861 -0.151198 0.096570 -0.041194 -0.077186 
0.943301 -0.851289 1.185740 -0.103096 0.018296 0.097576 -0.309792 -0.239657 -0.063922 -0.054586 -0.190657 -0.148481 0.067075 -0.079748 -0.035912 
1.081605 -0.939149 1.335214 -0.200180 0.061992 0.051361 -0.295731 -0.265534 -0.028263 -0.022926 -0.193858 -0.167548 0.091370 -0.029190 -0.077697 
0.968253 -0.854326 1.240328 -0.175355 0.042891 0.100089 -0.315330 -0.251958 -0.044230 -0.048882 -0.166523 -0.171517 0.078270 -0.052298 -0.050870 
0.926729 -0.848538 1.256513 -0.202931 0.083549 0.127277 -0.396082 -0.208538 -0.053239 -0.052356 -0.184671 -0.165205 0.056457 -0.041464 -0.042647 
0.961931 -0.866845 1.328470 -0.304057 0.159684 0.113548 -0.440870 -0.216167 -0.004318 -0.084699 -0.154400 -0.200090 0.077512 -0.024197 -0.051110 
0.929060 -0.782940 1.328126 -0.391444 0.200151 0.160225 -0.512792 -0.204491 -0.001800 -0.087155 -0.144707 -0.192224 0.056105 -0.008613 -0.035817 
0.975175 -0.698103 1.352005 -0.510465 0.276725 0.189367 -0.599767 -0.178176 0.035390 -0.095242 -0.110817 -0.187428 0.045097 0.019595 -0.009810 
1.006023 -0.676225 1.387657 -0.573461 0.289135 0.212011 -0.641713 -0.163912 0.045524 -0.076548 -0.104173 -0.167341 0.044620 0.033795 0.005018 
0.950334 -0.778879 1.324027 -0.524260 0.183177 0.214797 -0.533402 -0.158130 -0.056428 -0.084961 -0.057823 -0.156337 0.028874 -0.008358 0.005848 
1.078139 -0.977716 1.390491 -0.511864 0.056737 0.171213 -0.383235 -0.145209 -0.126507 -0.063712 0.024948 -0.153979 0.020775 0.033600 -0.037862 
1.037844 -0.989619 1.338483 -0.500862 -0.120136 0.179055 -0.268984 -0.081722 -0.192917 -0.066022 0.070643 -0.102984 0.019237 0.018615 0.008335 
1.194680 -1.165635 1.346433 -0.516580 -0.138293 0.060365 -0.178867 -0.032859 -0.134097 -0.068135 0.125126 -0.068170 0.008661 0.015986 0.027034 
1.144908 -1.162974 1.208682 -0.457498 -0.272629 0.083506 -0.149701 0.015573 -0.170924 -0.061254 0.132617 -0.038699 0.009294 -0.002531 0.045230 
1.309521 -1.308694 1.248457 -0.532259 -0.210610 -0.014587 -0.089627 0.020361 -0.066769 -0.011878 0.145922 -0.059131 0.025672 -0.010788 0.007441 
1.227756 -1.256435 1.104849 -0.443175 -0.290459 0.020969 -0.127704 0.040058 -0.068474 -0.000461 0.117296 -0.041030 0.045310 -0.023227 -0.009120 
1.422803 -1.391793 1.148804 -0.447043 -0.226847 -0.044477 -0.105437 0.050117 -0.005295 0.008747 0.136446 -0.053203 0.025817 -0.007164 -0.054981 
1.354170 -1.311406 1.050376 -0.394767 -0.288774 0.008157 -0.115929 0.046428 -0.040443 0.010769 0.105440 -0.041442 0.040140 -0.012110 -0.042842 
1.430835 -1.389185 1.117713 -0.405394 -0.206239 -0.028788 -0.125858 0.048311 0.026885 0.006902 0.119273 -0.066396 0.034248 0.013004 -0.078659 
1.374158 -1.287967 1.014888 -0.308840 -0.215763 -0.001291 -0.173142 0.051560 -0.029092 -0.024669 0.098590 -0.053158 0.055452 0.005462 -0.059882 
1.439954 -1.283605 1.048107 -0.308885 -0.149025 -0.025372 -0.149307 -0.000032 -0.023734 -0.004033 0.094383 -0.073303 0.044011 0.048889 -0.085257 
1.438953 -1.178744 0.961217 -0.190747 -0.133407 -0.051676 -0.120091 -0.052872 -0.046317 -0.021628 0.067391 -0.066989 0.022548 0.089150 -0.107056 
1.597907 -1.134084 0.898953 -0.066299 -0.146804 -0.036836 -0.120061 -0.087580 -0.094326 -0.064272 0.037394 -0.101393 0.057947 0.082852 -0.180964 
1.623506 -1.008035 0.756528 0.208814 -0.247579 0.005967 -0.060710 -0.197645 -0.074192 -0.133863 -0.024798 -0.133354 0.097742 -0.008826 -0.163603 
1.560088 -0.990215 0.850862 0.297354 -0.289970 0.175244 -0.095703 -0.367232 0.038365 -0.082982 -0.193918 -0.132957 0.103750 -0.079490 -0.151272 
1.416819 -0.864714 1.017777 0.253975 -0.257333 0.250743 -0.281570 -0.335130 0.084903 -0.111247 -0.218967 -0.197030 0.089275 -0.022015 -0.212335 
1.393711 -0.822105 1.020098 0.292797 -0.276272 0.243682 -0.307376 -0.314761 0.106622 -0.141802 -0.235447 -0.165479 0.061501 -0.000282 -0.223348 
1.421811 -0.825148 1.031500 0.253803 -0.226507 0.195672 -0.267782 -0.316350 0.101182 -0.153093 -0.216261 -0.188704 0.096597 -0.042572 -0.207898 
1.361230 -0.754669 0.986205 0.283303 -0.256326 0.237748 -0.282558 -0.309627 0.065616 -0.113454 -0.236262 -0.185842 0.088173 -0.048418 -0.196759 
1.418380 -0.774270 1.038384 0.240762 -0.181446 0.184996 -0.279484 -0.342789 0.164428 -0.170424 -0.224169 -0.179273 0.091316 -0.032832 -0.195708 
1.461350 -0.740152 0.961539 0.283030 -0.261124 0.252091 -0.309506 -0.286443 0.129106 -0.174343 -0.265249 -0.125519 0.080767 -0.076386 -0.197115 
1.379365 -0.738374 0.984634 0.264472 -0.202003 0.188401 -0.280162 -0.271745 0.101891 -0.187698 -0.263863 -0.120006 0.083330 -0.109362 -0.177217 
1.414723 -0.666778 0.944325 0.274753 -0.204882 0.156666 -0.219606 -0.260750 0.087276 -0.195451 -0.285612 -0.067348 0.059523 -0.153654 -0.138024 
1.469597 -0.647648 0.865649 0.327211 -0.226886 0.224387 -0.299444 -0.259652 0.110180 -0.185395 -0.318921 -0.079955 0.063332 -0.125340 -0.168241 
1.425998 -0.513695 0.904758 0.301345 -0.153371 0.189483 -0.321450 -0.303521 0.183225 -0.216701 -0.272384 -0.109214 0.049285 -0.079782 -0.146256 
1.455605 -0.372472 0.794940 0.389881 -0.208627 0.193430 -0.281408 -0.311893 0.177032 -0.196233 -0.322965 -0.041045 0.009768 -0.089581 -0.128237 
1.364267 -0.125165 0.819334 0.385496 -0.127821 0.157266 -0.276633 -0.396789 0.199995 -0.107635 -0.366922 -0.055410 0.034213 -0.062287 -0.087581 
1.127440 0.122889 0.790621 0.351342 -0.049978 0.103365 -0.263462 -0.326328 0.158919 -0.141754 -0.239741 -0.114985 0.106691 -0.099677 -0.048734 
0.692097 -0.118671 0.570825 0.405103 0.110688 0.047679 -0.008504 -0.265951 0.088735 -0.065754 -0.179609 -0.094436 -0.044753 -0.064989 -0.078800 
0.421282 -0.283774 0.406203 0.344900 -0.039448 0.164302 -0.145739 -0.393743 0.066379 0.016304 -0.105461 -0.126183 -0.076712 0.067810 -0.081384 
-0.075420 -0.592026 0.336826 0.290614 -0.087240 -0.032021 -0.098757 -0.207363 0.199115 0.001162 -0.088033 -0.050004 0.034812 0.087234 -0.095787 
-0.220509 -0.363826 0.260055 -0.019231 0.006465 0.084392 -0.092752 -0.102394 0.107878 -0.021116 -0.020156 0.021327 -0.036522 0.042385 -0.056249 
-0.208840 -0.204900 0.149994 -0.019678 0.000259 -0.004785 -0.192537 -0.183699 0.102806 -0.068464 0.071593 0.023893 -0.116114 0.128742 -0.056851 
-0.489447 -0.075207 0.540238 -0.292110 -0.077618 -0.056272 0.056339 -0.029341 -0.008625 -0.016223 0.070282 -0.058504 0.007691 0.030708 -0.049938 
-0.589263 -0.263830 0.577622 -0.395744 0.138500 -0.161251 -0.066156 0.061709 -0.053070 -0.012721 0.026356 0.044432 -0.067811 0.047766 -0.026395 
-1.030854 -0.549761 0.547391 -0.855594 0.343810 -0.207716 0.092277 0.054649 0.009707 0.069223 -0.093390 -0.005748 0.025969 -0.013035 -0.026637 
-0.394360 -0.506237 0.593057 -0.637910 0.404321 -0.277952 0.035615 0.080683 -0.049397 0.083409 -0.099228 0.028073 0.060161 -0.081650 0.020970 
-0.205606 -0.502321 0.847870 -0.760659 0.247637 -0.314940 0.069588 0.052608 0.035320 0.083343 -0.072483 -0.008747 0.085120 -0.074836 -0.057725 
-0.062106 -0.718570 0.575279 -0.755795 0.297379 -0.463473 0.088213 0.275837 -0.072617 0.033810 -0.021775 0.012694 0.042883 -0.146899 0.027054 
0.089539 -0.771857 0.860945 -0.691766 0.222947 -0.343913 -0.028953 0.327197 -0.084293 0.099121 -0.111901 0.006061 0.153981 -0.182221 -0.051468 
0.444557 -0.572028 1.070184 -0.494100 0.296589 -0.279871 -0.075297 0.310893 0.112334 0.009851 -0.010564 -0.012391 0.227019 -0.133154 -0.167800 
0.795606 -0.217509 0.898280 0.078949 0.186632 0.003338 0.026880 0.163360 -0.009049 -0.090974 -0.079907 0.047287 0.083355 -0.125649 -0.132512 
1.507250 -0.501201 0.707392 0.031285 0.018847 0.082544 -0.304870 -0.128468 0.155481 -0.100342 -0.093879 -0.163167 0.097213 0.104874 -0.251033 
1.740616 -0.979299 0.695640 -0.278149 -0.029655 -0.035281 -0.439044 -0.205510 0.114847 -0.022084 -0.049123 -0.136339 0.177552 0.199095 -0.230639 
1.762200 -0.891902 0.545719 -0.432931 -0.204862 0.183512 -0.395050 -0.241532 -0.048728 -0.178692 0.142542 -0.071704 0.127563 0.229259 -0.212994 
1.821642 -0.914986 0.681068 -0.663610 -0.177750 0.220809 -0.288743 -0.274341 -0.131203 -0.221112 0.192536 -0.027981 0.167266 0.194523 -0.243859 
1.709519 -0.721339 0.581847 -0.752742 -0.184960 0.228349 -0.256521 -0.213523 -0.172474 -0.220167 0.124130 0.011482 0.209799 0.212679 -0.234365 
1.799527 -0.686441 0.631095 -0.834064 -0.156359 0.184497 -0.171708 -0.143672 -0.194311 -0.276387 0.143019 -0.024832 0.195525 0.249965 -0.209159 
1.826577 -0.667895 0.598255 -0.871540 -0.201939 0.244237 -0.191688 -0.080628 -0.211649 -0.288187 0.117459 -0.090993 0.249060 0.305868 -0.252911 
1.779055 -0.609785 0.554469 -0.859722 -0.249201 0.269243 -0.195401 -0.040960 -0.196564 -0.291811 0.081659 -0.126037 0.275609 0.304974 -0.224704 
1.839971 -0.615093 0.586412 -0.908581 -0.236635 0.236855 -0.141393 -0.051572 -0.145254 -0.303267 0.094645 -0.193517 0.295050 0.286951 -0.216468 
1.805184 -0.563514 0.524900 -0.851020 -0.290546 0.261132 -0.179793 -0.016322 -0.150087 -0.282485 0.057829 -0.192379 0.267356 0.319675 -0.231472 
1.784708 -0.503724 0.550164 -0.923832 -0.244884 0.202942 -0.133697 -0.005240 -0.151037 -0.253532 0.057828 -0.181656 0.275711 0.271408 -0.190022 
1.814027 -0.493990 0.499826 -0.911753 -0.239443 0.197531 -0.140760 0.011981 -0.137975 -0.224427 0.049458 -0.208973 0.273893 0.258163 -0.200521 
1.780953 -0.453852 0.445798 -0.857580 -0.293771 0.216514 -0.182892 0.039669 -0.137296 -0.221684 0.027147 -0.235471 0.273454 0.282824 -0.210205 
1.811810 -0.465705 0.496902 -0.919955 -0.263557 0.146318 -0.123773 0.019944 -0.148552 -0.196484 0.075546 -0.221128 0.280124 0.266886 -0.216238 
1.787085 -0.409194 0.398530 -0.880420 -0.300537 0.167463 -0.163061 0.043433 -0.162304 -0.159017 0.072151 -0.208713 0.276921 0.263433 -0.203617 
1.871358 -0.475135 0.460261 -0.947831 -0.251122 0.113641 -0.116684 0.006686 -0.168612 -0.161401 0.093473 -0.204939 0.300276 0.273423 -0.228418 
1.828994 -0.416606 0.388728 -0.899560 -0.291326 0.105699 -0.129642 0.014160 -0.197099 -0.144007 0.100885 -0.224224 0.324008 0.276892 -0.209328 
1.855185 -0.378648 0.273547 -0.845202 -0.340866 0.187699 -0.212130 0.011531 -0.188849 -0.176642 0.100661 -0.207261 0.315134 0.326258 -0.220350 
1.801629 -0.361368 0.370795 -0.844943 -0.270272 0.069986 -0.130174 -0.045692 -0.207787 -0.166290 0.108793 -0.194123 0.325288 0.279268 -0.204124 
1.773083 -0.379490 0.283265 -0.748130 -0.244635 0.092578 -0.129115 -0.061781 -0.302598 -0.189874 0.145296 -0.208912 0.368180 0.295081 -0.213216 
1.810884 -0.323634 0.248197 -0.679308 -0.235453 0.184215 -0.151664 -0.033052 -0.325061 -0.221499 0.048067 -0.221597 0.316289 0.305387 -0.218498 
1.963242 -0.010995 0.277719 -0.592141 -0.220927 0.267766 -0.018188 -0.000459 -0.250653 -0.153788 0.047613 -0.295915 0.198499 0.192580 -0.257527 
2.004065 0.263308 0.245245 -0.450624 -0.049250 0.378182 0.080952 -0.048262 -0.161262 -0.115066 0.092904 -0.127470 0.172716 0.111122 -0.286870 
1.897604 0.220197 -0.013004 -0.218498 0.131748 0.257586 0.273444 0.039361 -0.193988 -0.133426 0.098519 -0.072263 0.090002 0.135062 -0.157055 
1.956423 0.061525 0.125867 -0.129705 0.061024 0.098557 0.118674 -0.098278 -0.182733 -0.024142 0.114277 -0.116076 -0.009179 0.070417 -0.111126 
1.966858 -0.287125 0.079270 -0.065146 0.108629 0.119251 -0.144220 -0.130896 -0.100740 -0.238737 -0.088800 -0.130143 0.088129 0.005783 -0.129548 
1.751946 -0.496237 0.122254 0.069793 0.210284 -0.034148 -0.101284 -0.130301 -0.231595 -0.125030 0.116875 -0.132051 -0.023469 -0.003812 -0.092250 
1.981616 -0.515883 0.173211 -0.059410 0.136683 0.012583 -0.344982 -0.169280 -0.048388 -0.103942 0.121384 -0.126265 -0.028213 0.072857 -0.020483 
1.863884 -0.456592 0.120032 0.108696 0.100713 0.128078 -0.063421 -0.262565 -0.167906 -0.108079 0.039371 -0.069503 -0.075929 -0.017381 -0.066800 
1.825263 -0.280865 0.190791 -0.013071 0.257206 0.125641 -0.061794 -0.201861 -0.073428 -0.112613 0.065461 -0.073403 -0.103659 0.017411 -0.070244 
1.707655 -0.271758 0.123514 -0.045816 0.125986 0.088393 -0.220619 -0.282250 -0.159804 -0.062899 0.066083 -0.044742 -0.114312 0.033359 -0.010989 
1.625732 -0.400020 0.042162 0.022842 0.179771 -0.012681 -0.113046 -0.165694 -0.173488 -0.184834 0.028374 -0.059302 -0.016965 0.061388 -0.165427 
1.364262 -0.292390 -0.150250 0.174488 0.146946 -0.099902 -0.049064 -0.334090 -0.297556 -0.199689 0.002775 0.008727 -0.066428 0.080949 -0.211408 
1.648299 -0.202959 0.173386 0.140738 0.041991 0.050360 -0.086920 -0.236460 -0.288134 -0.087636 0.076105 -0.218126 -0.039724 0.046682 -0.140221 
1.502389 -0.383265 0.352792 -0.036142 0.045498 0.208352 -0.173027 -0.219449 -0.359143 -0.082587 0.206980 -0.281116 -0.020855 0.081227 -0.239359 
1.542315 -0.397684 0.421494 -0.025829 0.059169 0.184866 -0.211616 -0.185742 -0.348663 -0.085384 0.154511 -0.336592 -0.014956 0.121175 -0.264650 
1.381525 -0.396657 0.460597 -0.014645 0.038576 0.151338 -0.218868 -0.280740 -0.305059 -0.101411 0.199304 -0.330880 -0.023791 0.098427 -0.201039 
1.388744 -0.490366 0.489212 0.024063 0.030390 0.139047 -0.250611 -0.288595 -0.258922 -0.122533 0.181911 -0.310704 -0.047673 0.107320 -0.177507 
1.350622 -0.503968 0.518905 0.062634 -0.032769 0.196919 -0.310834 -0.262000 -0.258822 -0.111776 0.175501 -0.311410 -0.081386 0.155055 -0.172849 
1.267424 -0.416677 0.537772 0.040158 0.000224 0.179239 -0.299642 -0.271634 -0.274748 -0.098714 0.183276 -0.352102 -0.074330 0.162184 -0.185751 
1.166589 -0.348699 0.486186 0.034147 0.051150 0.127675 -0.254974 -0.285797 -0.311689 -0.066173 0.166186 -0.345018 -0.076783 0.147353 -0.182783 
1.229344 -0.366467 0.505361 0.122682 -0.047063 0.183428 -0.281562 -0.304647 -0.247469 -0.105884 0.192570 -0.354866 -0.093560 0.175190 -0.170966 
1.180957 -0.343655 0.541768 0.118505 -0.029952 0.095561 -0.251680 -0.237774 -0.245229 -0.152513 0.165095 -0.357789 -0.052579 0.159587 -0.183015 
1.145269 -0.342500 0.536015 0.131770 -0.030322 0.131113 -0.270495 -0.255136 -0.257499 -0.090213 0.147953 -0.356641 -0.068574 0.169767 -0.165589 
1.168066 -0.396154 0.562750 0.098705 -0.017210 0.019311 -0.278727 -0.141088 -0.302315 -0.144220 0.155727 -0.333632 -0.060753 0.204770 -0.195523 
1.247430 -0.333212 0.403960 0.168189 0.009716 0.092649 -0.272401 -0.242595 -0.285166 -0.048384 0.192498 -0.354327 -0.108931 0.220417 -0.163900 
1.193866 -0.287586 0.310395 0.174679 0.037328 0.059816 -0.231425 -0.258344 -0.285038 -0.106440 0.200418 -0.291399 -0.142935 0.174245 -0.143111 
1.024427 0.257001 0.448779 0.037960 -0.109091 0.012274 -0.067787 -0.189263 -0.210287 -0.123123 -0.002208 -0.148949 -0.057053 0.078005 -0.111256 
0.894566 0.294196 0.367785 0.127812 -0.024936 -0.059750 -0.145382 -0.196658 -0.187365 -0.157016 -0.027497 -0.093219 -0.140281 0.114201 -0.080880 
0.611729 -0.651347 0.485833 0.169357 0.029745 -0.128205 -0.173591 -0.193508 -0.381932 0.091219 0.139491 -0.324900 -0.000986 0.181244 -0.143219 
0.536179 0.088951 0.218218 0.287541 0.074718 0.072161 0.005435 -0.194940 -0.152458 -0.027993 0.127334 -0.114405 -0.230732 0.174618 -0.060756 
0.387650 0.173041 0.415924 0.220235 -0.001218 -0.027380 -0.040016 -0.213593 -0.041682 -0.151456 0.008362 -0.078817 -0.142090 0.085506 -0.038737 
0.580943 0.179142 0.194329 0.153673 -0.028798 -0.039684 -0.149101 -0.169582 -0.206311 -0.186724 0.060344 -0.045311 -0.168809 0.106642 -0.037366 
0.627476 0.309686 0.379864 0.170961 0.052186 -0.115195 -0.181987 -0.110186 -0.075711 -0.196100 -0.046610 -0.040691 -0.105286 0.048964 -0.055861 
0.394220 0.359635 0.267806 0.108373 0.040075 0.077332 -0.021397 -0.073342 -0.168851 -0.277099 0.093077 -0.078522 -0.155968 0.043690 -0.114211 
0.131746 0.158041 0.135644 0.083274 -0.045748 0.002281 -0.135484 -0.010771 0.050038 -0.118418 0.026636 0.050829 -0.067058 0.027743 -0.009524 
