city012_052
ZUSHI
46
-0.354262 -0.378435 0.346047 -0.137757 0.142716 -0.225354 -0.033043 0.016391 0.082062 0.066632 -0.220231 0.138440 0.022123 0.002879 -0.102664 
-0.312658 -0.507542 0.533604 -0.429813 0.169377 -0.234409 0.001263 -0.156720 0.056194 0.155941 -0.165678 0.119178 -0.031784 0.029596 -0.026537 
-0.409708 -0.915144 0.445253 -0.390116 0.152035 -0.323004 0.101537 0.094421 0.109831 -0.038631 -0.197697 0.234422 -0.074597 -0.075543 0.048170 
0.111744 -0.770438 0.713152 -0.276448 0.298925 -0.349703 0.219594 0.156261 -0.033163 0.020268 -0.120848 0.124415 0.013535 -0.051052 -0.011832 
0.814677 -0.630381 1.017530 -0.101838 0.279328 -0.409871 -0.114391 -0.061333 -0.031466 0.047877 -0.302201 0.006910 0.172318 -0.021920 -0.177333 
1.116507 -0.998374 1.147225 -0.083055 0.268689 -0.286616 -0.311478 -0.050031 -0.138417 -0.020826 -0.315121 -0.110950 0.144693 0.007542 -0.229047 
1.372126 -1.206423 1.255430 -0.082367 0.222219 -0.244489 -0.381134 0.029319 -0.129740 -0.020059 -0.279442 -0.116978 0.165369 0.029703 -0.245697 
1.422584 -1.275704 1.194815 -0.109416 0.295265 -0.263182 -0.406198 0.038925 -0.126331 -0.074218 -0.230420 -0.164789 0.211322 -0.025652 -0.227110 
1.424599 -1.319780 1.250574 -0.154048 0.270602 -0.252950 -0.382706 0.046817 -0.158610 -0.024853 -0.200746 -0.160202 0.192213 -0.003602 -0.208742 
1.357859 -1.265776 1.214751 -0.165984 0.211715 -0.220380 -0.396823 0.083656 -0.191463 0.030719 -0.206830 -0.130499 0.207267 -0.020028 -0.170078 
1.330765 -1.203457 1.241922 -0.215559 0.177271 -0.273494 -0.374811 0.088464 -0.148069 0.005849 -0.178416 -0.095473 0.249481 -0.043324 -0.157245 
1.262874 -1.056580 1.155831 -0.175957 0.173850 -0.317816 -0.356931 0.073506 -0.135552 -0.028537 -0.205565 -0.064271 0.267280 -0.068686 -0.178188 
1.230956 -0.750162 1.034905 -0.160457 0.263864 -0.495771 -0.199430 0.017581 -0.064312 0.025510 -0.320988 0.099570 0.242918 -0.118158 -0.121335 
0.946056 -0.600167 0.897807 -0.034654 0.310183 -0.470259 -0.039712 0.045749 -0.128523 0.046651 -0.319334 0.129366 0.111799 -0.140183 -0.059887 
0.501416 -0.482354 1.121064 -0.160091 0.305523 -0.476318 0.057116 0.102550 -0.314233 0.108193 -0.103091 -0.077908 0.105359 -0.075146 -0.016373 
0.312990 -0.793250 0.781869 -0.275277 0.337669 -0.451070 0.193429 0.233663 -0.112883 0.072777 -0.084917 0.044633 0.095215 -0.109292 -0.005146 
0.246050 -0.617882 0.848426 -0.283421 0.422213 -0.414528 0.135315 0.128810 -0.171708 -0.017873 0.008774 0.097680 -0.060095 -0.146471 0.180559 
-0.149332 -0.592625 0.825969 -0.535401 0.383610 -0.266704 0.213369 0.046981 -0.125832 0.097330 -0.102946 0.138731 -0.101479 0.007276 0.052440 
-0.032530 -0.539255 0.830542 -0.313172 0.492440 -0.247541 0.334320 0.051423 -0.131050 0.095122 -0.030921 0.201670 -0.152012 -0.023766 0.135452 
-0.408504 -0.578122 0.677833 -0.281352 0.417994 -0.176991 0.412032 0.101878 -0.168383 0.064281 0.057324 0.051799 0.018610 0.016863 0.013846 
-0.533019 -0.851741 0.702686 -0.328543 0.210054 -0.150943 0.128641 -0.094827 -0.057289 0.057241 0.030763 0.023787 -0.119536 0.051870 0.102564 
-0.668394 -0.749103 0.787276 -0.367741 0.058029 -0.297136 0.258298 -0.049582 -0.052770 -0.002884 0.048403 0.048147 -0.109329 -0.004777 0.145575 
-0.730110 -0.633800 0.725862 -0.452948 0.050508 -0.168885 0.254127 -0.180834 0.020458 0.127151 -0.127905 0.026252 0.073974 -0.089360 0.025811 
-0.468542 -0.499762 0.653300 -0.379250 0.025752 -0.454507 0.138558 -0.275640 -0.010720 0.136708 0.012959 0.063105 -0.007686 0.032203 0.099022 
-0.402773 -0.560039 0.730779 -0.651509 -0.005385 -0.261543 0.207543 -0.179730 0.096663 0.144612 -0.131289 0.092424 0.043340 -0.162946 0.138505 
-0.563760 -0.504517 0.743429 -0.728229 0.184689 -0.112157 0.018253 -0.274035 0.276117 0.024655 -0.157302 0.137817 0.019949 -0.129954 0.097972 
-0.786997 -0.631030 0.949249 -0.657612 0.118846 -0.103253 0.268313 -0.079965 -0.069439 0.122514 -0.118990 0.035150 0.074008 -0.158516 0.162861 
-0.490417 -0.551350 0.878177 -0.815453 0.120148 -0.174309 0.168428 -0.157475 0.034325 0.091866 -0.057576 0.036818 0.022952 -0.097120 0.119882 
-0.319047 -0.435120 1.101575 -0.650416 -0.054639 -0.212502 0.038790 -0.182144 0.150578 0.017217 -0.109621 0.214847 -0.044136 -0.101422 0.134941 
0.348126 -0.473740 1.443797 -0.261911 0.107364 0.036697 -0.027949 -0.142284 -0.088945 -0.046533 -0.168349 0.046837 -0.171655 -0.014955 0.058341 
0.642404 -0.490561 1.413097 -0.227428 -0.076911 0.071881 -0.018107 -0.150692 -0.197520 -0.103827 -0.070874 -0.076110 -0.160193 0.023522 0.007501 
0.813016 -0.647900 1.563025 -0.322685 -0.042589 0.132995 -0.097944 -0.112137 -0.130438 -0.131245 -0.013241 -0.071221 -0.192227 0.131307 -0.077528 
0.493030 -0.431093 1.538289 -0.235388 -0.083209 0.158925 -0.082979 -0.089245 -0.172896 -0.130129 -0.035921 -0.079143 -0.219785 0.091946 -0.021583 
0.511039 -0.572110 1.645145 -0.310027 0.019677 0.146810 -0.143417 -0.034581 -0.186036 -0.159631 0.020354 -0.125628 -0.235059 0.153515 -0.082613 
0.376705 -0.456417 1.608571 -0.283503 0.004395 0.237904 -0.194251 -0.031602 -0.176696 -0.205445 0.042602 -0.181506 -0.234303 0.137394 -0.104788 
0.278088 -0.328640 1.656159 -0.310376 0.035508 0.177045 -0.170344 0.000497 -0.232176 -0.164206 0.002098 -0.170622 -0.244689 0.133107 -0.118922 
0.259089 -0.216288 1.657553 -0.297405 -0.019948 0.213800 -0.200733 0.032053 -0.228350 -0.208120 0.068535 -0.202653 -0.267936 0.211803 -0.203045 
0.137302 -0.190449 1.593952 -0.287570 0.053900 0.148115 -0.177045 0.035070 -0.261265 -0.206767 0.068679 -0.218423 -0.282613 0.209807 -0.190677 
0.144411 -0.088107 1.517544 -0.265586 0.032196 0.159798 -0.185368 0.052330 -0.286472 -0.200690 0.077635 -0.241235 -0.266182 0.202745 -0.195606 
0.250105 -0.144847 1.509255 -0.261476 -0.021383 0.210330 -0.248240 0.045444 -0.255885 -0.262372 0.107165 -0.250754 -0.276981 0.241882 -0.252763 
0.217028 -0.153458 1.481304 -0.251583 0.007677 0.169946 -0.224251 0.018708 -0.253150 -0.264244 0.102348 -0.258676 -0.267031 0.226187 -0.235751 
0.084985 -0.102778 1.531731 -0.212441 0.060822 0.105242 -0.155829 0.024568 -0.245106 -0.222941 0.057602 -0.223808 -0.262714 0.177044 -0.217382 
0.115141 0.156853 1.182715 0.128809 0.041392 -0.036225 -0.060720 0.031585 -0.219023 -0.214650 0.085620 -0.257110 -0.173580 0.153827 -0.260629 
0.133188 0.044913 1.188895 -0.087450 0.015852 0.107996 -0.218857 -0.018619 -0.148898 -0.237737 0.023430 -0.161916 -0.199080 0.166869 -0.226483 
0.033520 0.046116 1.432873 -0.125544 -0.063799 0.101774 -0.221845 0.012333 -0.245602 -0.327408 0.130619 -0.258404 -0.276388 0.222972 -0.199560 
0.112838 0.108591 0.732794 -0.087414 0.057636 0.033956 -0.255342 -0.120842 -0.080882 -0.220915 0.065891 -0.151108 -0.108148 0.167878 -0.157173 
