city012_014
SENJU
73
-0.286943 -0.704614 0.225906 -0.220434 0.012748 -0.040725 0.094579 -0.129507 -0.029553 0.083506 0.044543 -0.042146 -0.040741 0.049954 -0.045387 
-0.346743 -0.841917 0.099723 -0.314016 0.069041 0.013706 0.134129 -0.076565 -0.059167 -0.022820 0.099281 0.027552 -0.102277 0.035703 -0.036322 
0.400106 -0.605735 0.080918 -0.496472 -0.035277 -0.061508 -0.027790 0.003005 0.135945 -0.130653 0.043174 0.136514 -0.028918 -0.098046 0.042459 
0.490749 -0.552811 0.344639 -0.559361 0.055039 -0.043499 0.081664 -0.096124 -0.062896 -0.014460 0.008061 0.102700 0.008566 -0.071720 0.064115 
0.402763 -0.608513 0.251782 -0.452982 0.247374 -0.132590 -0.083057 -0.103013 -0.085216 0.008079 0.070175 0.077756 0.029381 -0.116853 0.033639 
0.536525 -1.033488 0.358676 -0.446060 -0.009420 -0.159482 0.094625 0.021450 0.054587 -0.037004 -0.036311 0.111841 0.015875 -0.164676 0.080356 
0.722946 -0.915640 0.070139 -0.267950 0.000082 -0.149748 0.052622 -0.034863 0.070006 -0.120373 -0.008383 0.218001 -0.045153 -0.098631 0.038439 
1.197960 -0.447352 0.852392 -0.115679 -0.320705 -0.240450 0.204896 -0.217416 -0.050801 0.031579 -0.098182 0.072986 0.001716 -0.055559 0.029433 
1.519050 -1.241763 1.092188 -0.224186 -0.154189 -0.398374 -0.131193 -0.096557 -0.018286 0.032494 0.007860 0.084898 0.174231 -0.052147 0.020549 
1.507256 -1.326401 1.006456 -0.258838 -0.209186 -0.304509 -0.166963 -0.038643 0.039254 0.051771 0.028927 0.072890 0.156786 -0.073371 -0.000007 
1.511003 -1.323556 0.986198 -0.327593 -0.249253 -0.300665 -0.159405 -0.063242 0.029722 0.039202 0.091298 0.057260 0.160273 -0.054998 -0.008883 
1.573442 -1.311294 0.920218 -0.143023 -0.293737 -0.269495 -0.144269 -0.050454 0.007976 0.074807 0.021617 0.053619 0.152465 -0.048007 -0.029203 
1.574549 -1.355143 0.907728 -0.138363 -0.222064 -0.244329 -0.151390 -0.007741 0.027211 0.041223 0.033412 0.002202 0.152235 -0.059382 -0.025401 
1.551620 -1.343189 0.914925 -0.167793 -0.198368 -0.194079 -0.139155 -0.017131 0.066646 0.029860 0.028642 -0.023141 0.145901 -0.050825 -0.058883 
1.672755 -1.373089 0.896841 -0.130274 -0.172161 -0.198471 -0.131835 -0.037419 0.086150 -0.009452 0.040777 -0.044864 0.148921 -0.020277 -0.115106 
1.487194 -1.310570 0.895840 -0.174017 -0.114692 -0.213152 -0.153000 0.039538 0.052922 0.041425 -0.021878 0.015251 0.098051 -0.016881 -0.079145 
1.635040 -1.341133 0.913459 -0.133765 -0.107847 -0.230349 -0.133449 0.030289 0.084768 -0.001825 0.003064 0.009301 0.109924 -0.040137 -0.063653 
1.523188 -1.340971 0.933429 -0.139424 -0.118990 -0.215547 -0.153211 0.057635 0.037931 -0.010667 -0.005832 -0.002152 0.130912 -0.044269 -0.072284 
1.544844 -1.316133 0.950528 -0.096992 -0.111650 -0.250322 -0.116876 0.042109 0.019871 -0.028614 -0.009344 0.013681 0.113840 -0.029348 -0.085506 
1.578396 -1.297718 0.951768 -0.063959 -0.096178 -0.233860 -0.140494 0.034126 -0.003507 -0.051305 -0.008167 0.009121 0.097454 -0.001077 -0.106410 
1.579592 -1.264857 0.963253 -0.036193 -0.059273 -0.281336 -0.083379 -0.031720 -0.025721 -0.054426 -0.011284 -0.024606 0.109032 0.000917 -0.091915 
1.615497 -1.152946 0.909962 0.070844 -0.021896 -0.295458 -0.033621 -0.115713 -0.053666 0.009884 -0.052080 -0.069136 0.090894 0.058485 -0.137069 
1.659730 -1.067458 0.833827 0.282940 -0.100436 -0.239542 0.013316 -0.223183 -0.050975 0.042110 -0.126324 -0.134843 0.150649 -0.003552 -0.124642 
1.570017 -1.082664 0.945531 0.298252 -0.223174 0.030591 -0.082834 -0.322566 0.036977 -0.036658 -0.149872 -0.202997 0.173351 -0.045526 -0.151273 
1.355051 -1.115255 1.183913 0.288559 -0.195695 0.190371 -0.243883 -0.313922 0.089474 -0.154709 -0.170154 -0.261003 0.102121 -0.022102 -0.231033 
1.325247 -1.011420 1.239386 0.265944 -0.268133 0.173366 -0.274347 -0.275723 0.137628 -0.246100 -0.162195 -0.189678 0.110316 -0.041025 -0.227885 
1.321787 -0.942570 1.207888 0.255787 -0.251120 0.167360 -0.302488 -0.271007 0.171224 -0.254662 -0.185087 -0.162317 0.117439 -0.043282 -0.232134 
1.394387 -1.011104 1.240878 0.226234 -0.235313 0.173300 -0.293844 -0.281734 0.184916 -0.300901 -0.158874 -0.185277 0.119911 -0.066416 -0.234858 
1.312068 -0.984409 1.240603 0.206725 -0.217695 0.165550 -0.333169 -0.222531 0.157048 -0.290164 -0.173224 -0.149784 0.116494 -0.070359 -0.224683 
1.286042 -0.956764 1.231236 0.207579 -0.216689 0.175902 -0.354858 -0.208511 0.157041 -0.267602 -0.192686 -0.129999 0.105549 -0.048532 -0.237703 
1.269601 -0.929732 1.181688 0.208770 -0.183850 0.147647 -0.322367 -0.225137 0.165944 -0.289775 -0.176989 -0.141787 0.122948 -0.097336 -0.187130 
1.282140 -0.936135 1.128832 0.255453 -0.215124 0.196702 -0.337481 -0.207919 0.139931 -0.295437 -0.180239 -0.134778 0.094543 -0.102927 -0.193093 
1.303955 -0.872831 1.158090 0.261564 -0.246115 0.185200 -0.321799 -0.201462 0.162664 -0.334348 -0.170002 -0.117674 0.102648 -0.126995 -0.186492 
1.306212 -0.836133 1.123992 0.269831 -0.227943 0.197126 -0.336680 -0.192869 0.156324 -0.309910 -0.199699 -0.113832 0.107320 -0.139039 -0.180664 
1.351762 -0.851950 1.117530 0.265201 -0.241944 0.210275 -0.318925 -0.216768 0.178223 -0.360538 -0.172565 -0.134521 0.123766 -0.183021 -0.154452 
1.344036 -0.743064 1.095450 0.267932 -0.198114 0.158790 -0.317029 -0.231865 0.165316 -0.262229 -0.231678 -0.118209 0.123644 -0.136339 -0.164679 
1.396800 -0.758391 1.039635 0.255319 -0.173947 0.190796 -0.338965 -0.237951 0.195270 -0.317041 -0.190940 -0.162153 0.134670 -0.152496 -0.152905 
1.405326 -0.729606 1.005671 0.287813 -0.154819 0.194103 -0.336632 -0.250323 0.184479 -0.276114 -0.209836 -0.170871 0.112623 -0.127307 -0.154911 
1.457486 -0.719710 0.948564 0.336322 -0.117691 0.181211 -0.341891 -0.256417 0.149635 -0.226649 -0.233146 -0.183481 0.068380 -0.078611 -0.172251 
1.389704 -0.579563 0.887621 0.373854 -0.095379 0.194338 -0.326229 -0.284103 0.167763 -0.218025 -0.203501 -0.232581 0.081873 -0.099796 -0.121101 
1.383526 -0.440791 0.807177 0.380590 -0.042743 0.247248 -0.350197 -0.316013 0.170143 -0.161456 -0.223276 -0.255160 0.043635 -0.065163 -0.119536 
1.229838 -0.350518 0.700658 0.385934 0.018535 0.214636 -0.238898 -0.332815 0.101297 -0.112250 -0.246941 -0.224709 0.003906 -0.124849 -0.089064 
0.916429 -0.390428 0.864929 -0.116900 0.266124 0.001891 -0.109997 -0.116643 -0.119181 -0.193666 -0.095502 -0.068468 -0.050333 -0.149248 -0.023475 
0.676585 -0.349745 1.121170 0.014386 0.107604 -0.044933 -0.071294 0.001423 -0.096877 -0.274143 -0.087633 0.039358 -0.154459 -0.179180 0.026731 
0.281797 -0.320680 1.174049 0.071555 0.212598 -0.142266 -0.052893 0.035199 -0.078775 -0.250121 -0.086344 -0.001886 -0.071355 -0.239772 0.066912 
-0.053454 -0.261710 1.172788 -0.198180 0.287850 -0.220516 0.007764 0.072715 -0.041738 -0.106402 -0.028610 0.023380 0.039790 -0.143254 0.029274 
0.021412 -0.475084 0.903684 -0.522835 0.367399 -0.076022 0.111503 0.042474 -0.048330 0.066875 -0.064956 0.065159 0.019201 -0.064534 0.029979 
0.051791 -0.402730 0.991345 -0.477711 0.305952 -0.213413 0.026018 0.173552 -0.070322 0.044763 -0.084052 0.081713 0.078090 -0.159459 0.065556 
0.201416 -0.578966 1.216414 -0.310564 0.215131 -0.262261 -0.050766 0.086239 -0.091286 -0.055962 -0.055549 0.040064 0.074235 -0.160665 0.066278 
0.441705 -0.807395 1.427920 -0.253772 0.092808 -0.237296 -0.170304 0.010737 -0.124333 -0.198241 -0.032331 -0.031907 0.094210 -0.190599 0.095779 
0.702176 -0.983969 1.522512 -0.230761 0.002403 -0.216130 -0.228791 0.034371 -0.176694 -0.204360 -0.076665 0.058290 -0.013125 -0.085324 0.005243 
0.982874 -1.187878 1.626067 -0.169357 -0.141390 -0.119467 -0.291138 0.039011 -0.119616 -0.281316 0.030783 -0.023277 0.030700 -0.016891 -0.110265 
0.879192 -1.135130 1.518399 -0.112104 -0.166200 -0.035538 -0.329785 0.104387 -0.154579 -0.254816 0.041201 -0.067211 0.063889 -0.056518 -0.092018 
1.127099 -1.320686 1.643121 -0.145287 -0.158762 -0.117132 -0.279365 0.040187 -0.125182 -0.305155 0.082606 -0.097417 0.073842 -0.010129 -0.166846 
1.012027 -1.216085 1.426154 -0.031043 -0.230255 -0.104841 -0.296019 0.047902 -0.149958 -0.286425 0.089276 -0.099890 0.084089 -0.006781 -0.148348 
0.982196 -1.223357 1.383777 -0.041335 -0.161408 -0.247644 -0.224443 0.037361 -0.185457 -0.216268 0.047324 -0.070614 0.097269 0.004748 -0.139575 
1.055403 -1.284691 1.446065 -0.116516 -0.069599 -0.377309 -0.182502 0.009578 -0.190332 -0.209855 0.030002 -0.049090 0.096849 0.037709 -0.154796 
0.964693 -1.188110 1.288341 -0.041942 -0.094739 -0.356898 -0.235456 0.052250 -0.259775 -0.185569 0.026879 -0.067303 0.101785 0.054199 -0.162468 
1.070789 -1.263326 1.318431 -0.062533 -0.071053 -0.405228 -0.203707 -0.007451 -0.203070 -0.236952 0.086387 -0.122360 0.136588 0.081668 -0.193174 
1.135081 -1.297947 1.285905 -0.018567 -0.095671 -0.372895 -0.250338 -0.015653 -0.168636 -0.265394 0.106039 -0.162909 0.169956 0.095136 -0.204490 
1.191942 -1.274852 1.265258 -0.024383 -0.087555 -0.378199 -0.259654 -0.037009 -0.118983 -0.265612 0.086985 -0.157491 0.196162 0.103598 -0.217095 
1.276751 -1.303702 1.235773 -0.049752 -0.022075 -0.414600 -0.276639 -0.011162 -0.126727 -0.222593 0.047053 -0.148960 0.214807 0.109806 -0.225736 
1.311767 -1.253752 1.179640 -0.029758 -0.014858 -0.420443 -0.317808 0.033614 -0.150323 -0.191334 0.006426 -0.106735 0.190929 0.137921 -0.234024 
1.399387 -1.252823 1.101331 0.019420 -0.037427 -0.374197 -0.381322 0.043450 -0.177413 -0.206479 0.082950 -0.218674 0.222587 0.182721 -0.267847 
1.391938 -1.218687 0.952740 0.038766 -0.015028 -0.321001 -0.454690 0.011130 -0.155839 -0.216478 0.113496 -0.297742 0.245421 0.234282 -0.271132 
1.481217 -1.224976 0.960806 0.018147 0.003346 -0.326301 -0.499333 0.021435 -0.146828 -0.198680 0.091775 -0.314854 0.283107 0.255775 -0.329462 
1.411066 -0.936343 0.706761 0.025149 -0.038342 -0.280048 -0.482853 -0.011753 -0.151130 -0.219852 0.133565 -0.331550 0.290065 0.246362 -0.297367 
1.448762 -1.017459 0.704252 0.096972 -0.039543 -0.281049 -0.466983 -0.050523 -0.146844 -0.257820 0.183200 -0.358710 0.221110 0.301514 -0.263384 
1.321868 -0.892203 0.621760 0.144239 -0.023494 -0.224115 -0.444585 -0.006929 -0.213500 -0.247299 0.195856 -0.426236 0.219566 0.266657 -0.297047 
0.826205 -0.772908 0.782779 0.084482 0.083158 -0.486931 -0.336309 -0.080794 -0.213611 -0.111159 0.016578 -0.346184 0.332826 0.183218 -0.270189 
0.728781 -0.257262 0.548188 0.307563 -0.124638 -0.370376 -0.382960 -0.135413 -0.142850 -0.187680 0.097171 -0.365572 0.271205 0.278111 -0.241734 
0.175669 -0.298752 0.597562 0.297452 -0.223893 -0.388739 -0.281584 -0.141867 -0.106880 -0.313342 0.059266 -0.070135 0.123284 0.103573 -0.075255 
0.003240 -0.381180 0.573861 0.200860 -0.158365 -0.337705 -0.271923 -0.149366 -0.047334 -0.252814 0.064486 -0.045195 0.101772 0.076757 -0.050604 
