city012_003
UENO
67
-0.278692 0.092449 0.080467 -0.066804 -0.156703 -0.000193 -0.017522 0.017628 0.153508 -0.114039 -0.003003 0.081401 -0.066826 -0.028317 0.039366 
-0.074987 0.177155 0.142932 -0.051079 -0.136169 -0.081062 -0.038385 0.101587 0.198455 -0.063797 0.006691 0.002670 0.049628 -0.094438 -0.023908 
0.761555 0.497201 0.350250 0.218071 0.050641 0.153627 -0.042099 0.004628 -0.064730 -0.279428 0.045220 -0.131331 -0.096398 -0.058171 -0.101803 
1.334294 0.266784 0.232380 0.005565 -0.062200 0.316485 0.041508 -0.352644 -0.328999 -0.203202 0.079796 -0.187166 -0.017609 0.007841 -0.280022 
1.320615 0.039843 0.502475 -0.234054 -0.023276 0.379652 -0.098494 -0.226566 -0.415127 -0.265613 0.189771 -0.296915 0.030312 0.080701 -0.366437 
1.287144 0.014725 0.489954 -0.216136 -0.030186 0.339978 -0.085059 -0.198296 -0.421271 -0.277453 0.161895 -0.298881 0.028224 0.077743 -0.321265 
1.536753 0.045684 0.445861 -0.190826 -0.025073 0.344585 -0.093282 -0.234311 -0.394074 -0.289389 0.217957 -0.343037 0.066062 0.035734 -0.309661 
1.484055 0.121460 0.399956 -0.199967 -0.002350 0.316126 -0.111138 -0.238165 -0.400430 -0.249656 0.153441 -0.289520 0.051636 0.028473 -0.305513 
1.569480 -0.064938 0.419224 -0.166339 -0.013459 0.252543 -0.078173 -0.257695 -0.383853 -0.237371 0.158384 -0.330744 0.072334 0.030321 -0.279490 
1.512505 -0.206249 0.441949 -0.181353 -0.024222 0.292117 -0.134668 -0.272609 -0.392304 -0.216586 0.154680 -0.307203 0.068408 0.038638 -0.307396 
1.581818 -0.354794 0.487379 -0.119406 0.066963 0.250328 -0.207924 -0.257557 -0.378510 -0.155722 0.243186 -0.385426 -0.007305 0.086302 -0.300113 
1.331381 -0.625348 0.670355 0.035348 0.009833 0.154745 -0.303225 -0.292465 -0.262775 -0.118178 0.183828 -0.405007 -0.045713 0.149634 -0.155762 
1.174236 -1.033276 0.969142 0.042599 0.029566 0.035849 -0.391840 -0.185827 -0.240691 -0.114131 0.131616 -0.447750 0.016373 0.218172 -0.191939 
1.064018 -1.158691 1.182095 -0.025543 -0.034541 -0.031486 -0.346040 -0.185059 -0.248785 -0.090366 0.078244 -0.407699 0.095038 0.160599 -0.178358 
1.045597 -1.106194 1.224818 -0.110986 -0.103813 -0.060849 -0.281353 -0.183030 -0.300618 -0.082395 0.067061 -0.328544 0.131527 0.085921 -0.152024 
1.176117 -1.186215 1.337655 -0.205173 -0.147794 -0.074277 -0.305816 -0.146250 -0.284193 -0.098246 0.101921 -0.276865 0.145013 0.086920 -0.109443 
1.108327 -1.171477 1.298889 -0.266056 -0.169496 -0.075515 -0.299982 -0.126898 -0.289061 -0.078739 0.123319 -0.229081 0.150596 0.071078 -0.065665 
1.212373 -1.273375 1.313695 -0.258767 -0.172495 -0.121743 -0.318829 -0.076034 -0.246746 -0.065416 0.119873 -0.171347 0.150221 0.059707 -0.048407 
1.221519 -1.278978 1.387866 -0.358485 -0.171866 -0.164368 -0.264830 -0.058408 -0.178788 -0.065907 0.144154 -0.138600 0.164801 0.044025 -0.053850 
1.234332 -1.244355 1.285625 -0.371698 -0.218398 -0.145993 -0.232272 -0.016112 -0.179615 -0.104152 0.191637 -0.104415 0.143514 -0.006019 -0.018812 
1.290808 -1.337889 1.340712 -0.359867 -0.261495 -0.142205 -0.233383 0.022592 -0.132536 -0.044204 0.196811 -0.094306 0.133313 0.006288 -0.037398 
1.209946 -1.290626 1.240954 -0.398430 -0.258524 -0.102874 -0.259784 0.033275 -0.133162 -0.006439 0.151617 -0.061763 0.138415 -0.013087 -0.024809 
1.237968 -1.332221 1.229875 -0.419743 -0.287421 -0.120405 -0.233262 0.052712 -0.113792 0.001700 0.175751 -0.064952 0.145961 -0.029606 -0.032211 
1.288154 -1.314486 1.234252 -0.443725 -0.295474 -0.170466 -0.227391 0.063019 -0.070454 -0.002385 0.187230 -0.035424 0.145612 -0.038441 -0.045905 
1.246034 -1.173376 1.091857 -0.382694 -0.394419 -0.165651 -0.230330 0.078480 -0.067292 -0.021401 0.186655 0.025098 0.130712 -0.074847 0.008541 
1.376243 -1.353841 1.204835 -0.414945 -0.351900 -0.245153 -0.191684 0.058661 -0.009815 -0.026459 0.222768 0.025880 0.114716 -0.058368 -0.028466 
1.275880 -1.206919 1.101289 -0.410268 -0.416877 -0.206425 -0.210181 0.067754 -0.044573 -0.001146 0.215466 0.025341 0.145338 -0.080226 -0.012191 
1.305876 -1.366799 1.146126 -0.423998 -0.342963 -0.240031 -0.208290 0.094952 -0.045022 0.000323 0.214647 0.008173 0.147798 -0.096185 -0.011079 
1.361130 -1.302777 1.079610 -0.404319 -0.398311 -0.204765 -0.206060 0.107551 -0.056126 -0.005610 0.205547 0.038766 0.132014 -0.131980 0.042334 
1.315895 -1.290284 1.088424 -0.417399 -0.343941 -0.237854 -0.189599 0.123592 -0.066329 0.003769 0.201131 0.027695 0.124434 -0.123879 0.017275 
1.374422 -1.274630 1.101895 -0.425109 -0.322536 -0.251303 -0.164993 0.112477 -0.050404 0.001914 0.194327 0.036906 0.104316 -0.119026 0.007895 
1.313089 -1.292669 1.102557 -0.392623 -0.344432 -0.239157 -0.163030 0.119938 -0.054262 -0.007409 0.185782 0.043081 0.095865 -0.130159 0.044323 
1.337673 -1.319826 1.097347 -0.407215 -0.291601 -0.223661 -0.167247 0.128141 -0.075058 0.050530 0.120921 0.053640 0.090040 -0.125598 0.036891 
1.376491 -1.363773 1.095969 -0.367615 -0.258352 -0.243345 -0.178151 0.137011 -0.055255 -0.003111 0.158826 0.024683 0.101354 -0.123174 0.020806 
1.330464 -1.315911 1.055447 -0.342099 -0.241877 -0.218953 -0.143508 0.105959 -0.047269 0.034536 0.090602 0.039866 0.091120 -0.124742 0.039683 
1.352093 -1.314561 1.095377 -0.312339 -0.165962 -0.275724 -0.135015 0.129089 -0.043409 0.070283 0.049412 0.043600 0.104152 -0.120559 0.032436 
1.328367 -1.260165 1.026595 -0.230255 -0.091704 -0.304409 -0.113535 0.080101 0.001237 0.050346 -0.020212 0.034075 0.164963 -0.135667 0.009743 
1.427370 -1.162971 0.885431 -0.073057 0.064901 -0.339278 -0.093853 0.002375 -0.062129 0.053991 -0.079386 -0.071025 0.226935 -0.076793 -0.090702 
1.408073 -0.945059 0.781914 0.346851 -0.012167 -0.043832 0.012490 -0.427120 0.002881 0.130119 -0.247491 -0.288173 0.223108 -0.127478 -0.074915 
1.186115 -0.800511 1.074929 0.358262 -0.263704 0.235447 -0.164397 -0.399182 0.024988 -0.091648 -0.181130 -0.349371 0.134506 -0.073120 -0.230377 
1.198413 -0.722696 1.207031 0.217785 -0.373145 0.292322 -0.076904 -0.354995 -0.064274 -0.168607 -0.088808 -0.309054 0.055534 -0.072159 -0.227069 
1.173991 -0.737587 1.185873 0.282423 -0.337810 0.239717 -0.067969 -0.364579 -0.062654 -0.114762 -0.143519 -0.312189 0.098934 -0.104148 -0.222069 
1.127635 -0.794451 1.109450 0.331062 -0.263520 0.274856 -0.124929 -0.400530 -0.012734 -0.100180 -0.147354 -0.349047 0.089137 -0.082727 -0.223446 
1.121077 -0.930666 1.019218 0.379310 -0.181664 0.310712 -0.168820 -0.423993 -0.017228 -0.061157 -0.123521 -0.385846 0.059708 -0.097207 -0.170516 
1.507013 -0.927943 0.827973 -0.264678 0.197967 -0.122852 -0.213203 -0.143695 -0.147397 0.137381 -0.085920 -0.205724 0.225487 -0.055397 -0.073284 
1.594369 -1.161115 0.710004 -0.512888 0.150196 -0.153250 -0.282088 0.021155 -0.107506 0.211682 0.093015 -0.227437 0.244451 -0.040669 -0.079656 
1.610257 -1.155267 0.599067 -0.651923 0.169317 0.003531 -0.311495 -0.012347 -0.160706 0.216110 0.270866 -0.244487 0.113516 -0.025697 -0.068771 
1.723466 -1.119477 0.449283 -0.694466 0.132243 0.116306 -0.210833 -0.040787 -0.259179 0.124349 0.324115 -0.225459 0.167368 -0.044989 -0.212333 
1.738779 -1.051056 0.383511 -0.748060 0.071015 0.110453 -0.123033 0.014086 -0.354888 0.028261 0.260873 -0.168846 0.303389 -0.008958 -0.263834 
1.723355 -0.885707 0.439259 -0.876490 0.022803 0.058256 -0.018842 0.087936 -0.283479 0.003256 0.173042 -0.200801 0.292810 0.059243 -0.234596 
1.651133 -0.808709 0.370361 -0.818636 -0.091505 0.017176 -0.009479 0.142065 -0.255810 -0.082218 0.068421 -0.197241 0.345907 0.147239 -0.166662 
1.758505 -0.768572 0.448406 -0.938703 -0.062288 -0.022191 0.058596 0.163862 -0.255551 -0.017713 0.004916 -0.202713 0.330979 0.094340 -0.100466 
1.754180 -0.638245 0.446765 -0.910428 -0.132590 -0.064389 0.059421 0.185425 -0.202325 -0.016847 -0.007471 -0.279374 0.316708 0.091017 -0.102911 
1.826517 -0.684367 0.466800 -0.902715 -0.162009 -0.079011 0.036093 0.221652 -0.185031 -0.031638 -0.010965 -0.286792 0.310200 0.089326 -0.105609 
1.808537 -0.665227 0.407328 -0.899832 -0.150217 -0.064015 -0.001060 0.223533 -0.163678 -0.056438 -0.025157 -0.297328 0.331250 0.108862 -0.111152 
1.816308 -0.666275 0.459569 -0.928361 -0.156420 -0.073991 0.066424 0.215673 -0.182605 -0.035842 -0.019949 -0.296326 0.318464 0.091465 -0.097713 
1.729118 -0.605257 0.404177 -0.900313 -0.200824 -0.077335 0.036202 0.196838 -0.165389 -0.036735 -0.025768 -0.305399 0.340120 0.102334 -0.093114 
1.807949 -0.607313 0.457761 -0.966867 -0.220342 -0.057334 0.082767 0.184357 -0.209985 0.002224 -0.037375 -0.283320 0.338315 0.119106 -0.102941 
1.826572 -0.545695 0.333508 -0.888130 -0.291500 -0.032738 0.024456 0.118210 -0.160664 -0.074101 0.031407 -0.307613 0.369578 0.184811 -0.127288 
1.816914 -0.504364 0.210620 -0.831180 -0.336492 -0.003610 -0.012932 0.079368 -0.114239 -0.091383 0.052190 -0.293321 0.375235 0.200016 -0.126987 
1.721793 -0.538512 0.280378 -0.877611 -0.337218 -0.045172 0.032622 0.136437 -0.131578 -0.055126 0.055274 -0.300255 0.341845 0.198022 -0.154305 
1.620182 -0.394055 0.229897 -0.840623 -0.452650 0.075898 -0.084965 0.157850 -0.048875 -0.057347 0.111275 -0.351598 0.307820 0.158999 -0.196625 
1.609900 -0.182407 0.131306 -0.928677 -0.502872 0.166577 -0.056690 0.092926 -0.089294 -0.071242 0.125094 -0.243121 0.369321 0.190482 -0.177085 
1.610425 0.137139 -0.003582 -0.963424 -0.476593 0.073012 -0.028769 0.124364 -0.092779 -0.054900 0.154520 -0.207151 0.356217 0.173323 -0.125238 
1.436731 0.400102 0.116754 -0.915311 -0.417760 0.035450 -0.112737 0.069996 -0.031947 -0.009228 0.132569 -0.141518 0.257363 0.104390 -0.152181 
0.730238 0.017079 -0.102586 -0.611069 -0.520150 -0.152988 0.092414 0.010131 0.025089 -0.129737 0.094777 0.073694 0.180772 0.127663 -0.006288 
0.398049 -0.074551 -0.103588 -0.493697 -0.410860 0.077075 0.092375 -0.014103 0.043577 -0.065394 0.117901 -0.044558 0.071716 0.001774 -0.056352 
