city012_023
NUMABUKURO
91
-0.116666 0.043764 0.239564 -0.069470 -0.117283 -0.024465 -0.143973 -0.131704 0.081388 -0.120286 0.097431 -0.018541 -0.008900 0.042816 -0.019549 
0.278668 0.143972 0.334981 0.292314 0.008995 0.208851 0.061887 -0.211894 0.028064 -0.057344 0.085436 -0.104880 -0.045083 0.003430 -0.040443 
0.804331 0.189851 0.682801 0.351437 -0.043541 0.096022 -0.043469 -0.155962 0.118881 -0.124515 -0.121891 -0.044963 -0.001369 -0.038217 -0.137897 
1.162647 -0.597696 0.796169 0.173249 -0.160471 -0.070975 -0.013507 -0.035638 -0.353197 -0.198452 0.032133 -0.255083 0.065826 -0.092685 -0.171730 
1.186076 -0.695771 0.815109 0.071275 -0.148413 -0.136448 0.045798 -0.021409 -0.423925 -0.151367 0.081427 -0.261232 0.091647 -0.062915 -0.155068 
1.275569 -0.775855 0.780396 0.063233 -0.131648 -0.122659 0.060438 -0.063315 -0.432451 -0.186199 0.107627 -0.277821 0.108577 -0.062604 -0.162113 
1.365708 -0.879401 0.807875 0.060609 -0.111439 -0.079151 0.002682 -0.055103 -0.395470 -0.196630 0.127536 -0.267696 0.083133 -0.013357 -0.207865 
1.510689 -0.889229 0.728370 0.099053 -0.137287 0.015072 -0.039531 -0.115192 -0.310886 -0.200213 0.088798 -0.266170 0.105778 0.003358 -0.239245 
1.598741 -0.852004 0.675691 0.206665 -0.248890 0.067533 0.001661 -0.222508 -0.238819 -0.122552 0.062021 -0.287086 0.131627 -0.014575 -0.203640 
1.644960 -0.885574 0.712539 0.285847 -0.341634 0.156466 0.011082 -0.308477 -0.108081 -0.042434 -0.026211 -0.269179 0.170176 -0.053427 -0.170270 
1.270543 -0.843162 1.025986 0.409086 -0.278129 0.160440 -0.122331 -0.337854 0.033793 -0.158023 -0.085007 -0.295309 0.048668 0.026246 -0.233097 
1.321653 -0.903657 1.029764 0.435404 -0.309004 0.224286 -0.175322 -0.317581 0.044475 -0.156166 -0.075010 -0.326183 0.073583 0.028140 -0.245337 
1.272756 -0.912708 1.084100 0.399652 -0.223225 0.161299 -0.138940 -0.348140 0.067330 -0.150879 -0.096119 -0.328163 0.058807 0.044146 -0.260220 
1.198787 -0.986470 1.136447 0.380935 -0.244982 0.139719 -0.121284 -0.325440 0.009257 -0.164817 -0.090733 -0.300987 0.034076 0.018393 -0.224808 
1.108366 -0.935283 1.145968 0.319194 -0.199417 0.120908 -0.071747 -0.357119 -0.016483 -0.110240 -0.120735 -0.268932 0.007030 0.011193 -0.181531 
1.604019 -0.995520 0.791258 -0.173610 -0.124612 0.288447 0.035665 -0.398082 -0.326168 -0.037200 0.021359 -0.152973 0.158519 -0.142492 -0.200833 
1.788361 -1.208010 0.560905 -0.468966 0.040827 0.086001 -0.059543 -0.150072 -0.255631 0.244691 0.179631 -0.211637 0.185054 -0.116521 -0.129350 
1.703087 -1.276077 0.423628 -0.534884 0.118752 0.017321 -0.064908 -0.111748 -0.166475 0.280958 0.169940 -0.238517 0.108512 -0.041844 -0.131391 
1.704692 -1.337709 0.392638 -0.624789 0.163517 -0.002386 0.007353 -0.054644 -0.075393 0.249944 0.115759 -0.284216 0.090569 -0.009687 -0.123446 
1.410282 -1.232344 0.188746 -0.599537 0.091687 0.099595 -0.039711 -0.004737 -0.104169 0.263037 0.069836 -0.261159 0.053549 0.030532 -0.082677 
1.520257 -1.389000 0.272528 -0.725343 0.166479 0.066423 0.049114 -0.029227 -0.065013 0.214683 0.100290 -0.289278 0.015673 0.060463 -0.101656 
1.312394 -1.277016 0.127065 -0.670613 0.129514 0.126430 0.012819 -0.035902 -0.094219 0.242612 0.115330 -0.286470 0.007534 0.041992 -0.088669 
1.399327 -1.320082 0.221528 -0.765675 0.228195 0.105151 0.057557 -0.052520 -0.082156 0.219183 0.133096 -0.314302 -0.001537 0.047809 -0.074756 
1.442568 -1.348455 0.265109 -0.776086 0.265809 0.091749 0.066368 -0.077357 -0.077324 0.243314 0.103788 -0.303395 0.007949 0.025899 -0.036391 
1.429686 -1.291446 0.226388 -0.701558 0.224719 0.128848 0.015154 -0.039635 -0.097473 0.279066 0.069522 -0.298086 0.014254 0.027673 -0.039929 
1.635190 -1.417927 0.341566 -0.718577 0.253990 0.061907 0.039122 -0.057224 -0.050377 0.243161 0.089441 -0.311781 0.038396 0.023749 -0.078477 
1.608637 -1.310759 0.278073 -0.656982 0.133379 0.111880 -0.083006 0.010985 -0.126252 0.271274 0.086942 -0.268619 0.091324 -0.016080 -0.121219 
1.835072 -1.304138 0.337458 -0.612501 0.037822 0.090331 -0.093624 -0.013317 -0.113057 0.186620 0.141534 -0.251882 0.197036 -0.069512 -0.184719 
1.837704 -1.122442 0.361485 -0.589818 0.003705 0.108166 -0.108360 -0.121228 -0.176582 0.128103 0.166014 -0.185303 0.258128 -0.054355 -0.237963 
1.710784 -0.972788 0.482473 -0.354746 -0.096615 0.249064 -0.050671 -0.271094 -0.238445 0.000184 0.105555 -0.137881 0.252327 -0.051705 -0.263602 
1.750129 -0.857375 0.543786 0.028350 -0.188201 0.352249 0.008725 -0.347524 -0.214157 -0.040951 0.027272 -0.214911 0.202937 -0.101269 -0.278093 
1.573845 -0.701499 0.618244 0.163329 -0.162875 0.304199 -0.012196 -0.330120 -0.224652 -0.047447 -0.010615 -0.268989 0.138522 -0.118889 -0.262436 
1.489092 -0.500354 0.552301 -0.026581 -0.136810 0.403468 0.004138 -0.308262 -0.313961 -0.156519 0.005692 -0.237791 0.166197 -0.106161 -0.331840 
1.594567 -0.452023 0.513124 -0.101337 -0.051364 0.402245 -0.044598 -0.238591 -0.312965 -0.195437 0.046961 -0.271548 0.136233 -0.021721 -0.371715 
1.771941 -0.537069 0.455828 -0.202187 0.105875 0.398956 -0.174946 -0.234333 -0.293765 -0.198663 0.143882 -0.341264 0.109985 -0.000006 -0.339737 
1.878827 -0.438071 0.417690 -0.368404 -0.029077 0.356155 -0.207103 -0.188706 -0.311512 -0.167902 0.167916 -0.275266 0.106174 0.106765 -0.300349 
1.853854 -0.542311 0.468128 -0.413177 -0.035945 0.258996 -0.218528 -0.221495 -0.280390 -0.173870 0.174251 -0.287527 0.164977 0.105095 -0.251045 
1.850163 -0.773696 0.528243 -0.532056 0.033859 0.197865 -0.202970 -0.263260 -0.345762 -0.137543 0.216767 -0.216257 0.207831 0.097994 -0.312086 
1.873106 -0.791469 0.542411 -0.487352 0.042867 0.201764 -0.274371 -0.260544 -0.303338 -0.120797 0.192046 -0.251780 0.193792 0.095951 -0.273136 
1.887278 -0.811794 0.534832 -0.489181 0.044686 0.150303 -0.296849 -0.254497 -0.302012 -0.089861 0.209330 -0.240984 0.182672 0.122287 -0.264814 
1.883278 -0.818814 0.552228 -0.484723 0.064787 0.116975 -0.298416 -0.253008 -0.273636 -0.091622 0.212316 -0.264467 0.185220 0.123445 -0.243793 
1.819386 -0.689561 0.508630 -0.494290 0.076549 0.119319 -0.278533 -0.265084 -0.286036 -0.065103 0.174772 -0.263709 0.204268 0.072741 -0.206652 
1.725232 -0.569293 0.514029 -0.430641 0.080711 0.000212 -0.236104 -0.222026 -0.312328 -0.006093 0.114266 -0.263759 0.205958 0.063970 -0.175512 
1.653615 -0.469744 0.293050 -0.412703 0.233356 0.018333 -0.202965 -0.271043 -0.442949 0.046865 0.105163 -0.251678 0.203120 -0.008491 -0.191435 
1.555816 -0.072820 0.174764 -0.414431 0.159857 0.174097 -0.097185 -0.252540 -0.475573 -0.032278 0.077027 -0.218459 0.222999 -0.087433 -0.216507 
1.230083 0.123896 0.071864 -0.060247 0.118856 0.194745 0.026285 -0.270766 -0.311130 -0.023696 0.146741 -0.097905 0.035494 -0.120531 -0.110313 
0.416846 0.011307 0.271402 0.172832 0.072063 0.370835 0.063197 -0.206588 0.011339 0.096384 0.149271 -0.110659 0.007041 0.032328 -0.091912 
0.159546 -0.009491 0.040455 -0.115068 0.084253 0.352572 0.003475 -0.160448 0.046037 0.014008 0.108303 -0.061881 0.025743 -0.016504 -0.054819 
0.020501 -0.293210 -0.111280 -0.039058 -0.029924 0.167740 -0.048307 -0.104315 0.088575 -0.084310 0.118410 -0.047600 -0.032211 -0.005087 0.044440 
-0.003200 -0.205545 -0.100815 -0.142249 0.100302 0.165989 -0.133999 -0.160216 -0.050286 0.016828 0.200055 -0.071410 -0.094438 0.060135 -0.094071 
-0.010798 -0.235733 0.078889 0.017718 -0.061274 0.121832 -0.023677 -0.171873 0.025948 -0.051288 0.127226 -0.047515 -0.031465 -0.014937 0.024853 
0.208303 -0.108428 0.048858 0.115096 0.161152 0.269410 0.055968 0.006710 0.128283 0.004200 0.095531 -0.042569 0.083166 0.013653 -0.004126 
0.823098 -1.129923 -0.345399 -0.147981 0.210257 -0.094535 -0.039008 -0.060558 0.077551 0.054769 0.015199 -0.072879 0.054725 -0.007834 -0.113330 
1.109496 -1.072291 -0.581715 -0.115839 0.222635 -0.079530 -0.152339 -0.062176 0.203977 0.011612 0.072654 -0.037061 -0.059617 -0.066450 0.037285 
0.846964 -1.258235 -0.642924 -0.074622 0.307642 -0.013427 -0.211070 -0.038092 0.261483 -0.002267 -0.011310 -0.083289 -0.020973 -0.010218 0.011013 
0.122826 -1.052864 -0.051848 0.000257 0.232227 -0.146627 -0.081554 -0.089225 0.206601 -0.011764 -0.004151 -0.131293 0.035982 0.134267 -0.121289 
0.814835 -0.847368 -0.002095 0.132757 0.132760 -0.451836 -0.233028 -0.031139 0.115062 -0.020537 -0.014196 -0.060994 0.252477 0.015641 -0.192553 
0.544166 -0.706787 0.332244 0.335686 0.136269 -0.004961 -0.186436 -0.012008 0.128394 -0.006526 0.054748 -0.196564 0.064569 0.089972 -0.051307 
1.227714 -0.637575 0.680621 0.274048 0.061629 -0.132315 -0.298852 0.072294 -0.194505 -0.218996 0.060252 -0.344724 0.115104 0.053237 -0.255673 
1.389180 -0.743734 0.659102 0.268959 0.120028 -0.029534 -0.323118 0.038753 -0.203107 -0.199474 0.108851 -0.423662 0.047533 0.134719 -0.264648 
1.454083 -0.782752 0.691258 0.187577 0.112789 -0.036762 -0.290012 -0.013643 -0.154032 -0.164431 0.079902 -0.403121 0.097120 0.133251 -0.282100 
1.515080 -0.801132 0.659257 0.204011 0.113321 -0.034695 -0.345517 -0.024788 -0.158146 -0.179345 0.109076 -0.433903 0.057485 0.179228 -0.227445 
1.512273 -0.752715 0.679257 0.181162 0.120214 -0.069192 -0.373677 -0.027794 -0.178602 -0.161327 0.092720 -0.453033 0.068844 0.208128 -0.253940 
1.485191 -0.770243 0.640735 0.175311 0.147734 -0.091892 -0.382974 -0.035859 -0.180535 -0.166042 0.067597 -0.454548 0.098042 0.182281 -0.262664 
1.459681 -0.798752 0.673865 0.199966 0.126051 -0.122414 -0.384994 -0.037003 -0.161092 -0.212347 0.112790 -0.457848 0.082281 0.202681 -0.235462 
1.453795 -0.879477 0.693688 0.222160 0.070536 -0.126456 -0.409591 -0.006223 -0.138617 -0.253974 0.097021 -0.411608 0.104520 0.200809 -0.267604 
1.286217 -0.790595 0.756404 0.183683 0.079532 -0.265086 -0.314501 -0.006555 -0.118471 -0.210292 0.058347 -0.318772 0.132920 0.176255 -0.271876 
1.340006 -0.902450 0.825307 0.117778 0.008685 -0.260835 -0.261365 -0.040819 -0.105369 -0.192746 0.053995 -0.248578 0.150868 0.108973 -0.204809 
1.304328 -0.764913 0.685357 0.306131 -0.126902 -0.190883 -0.281575 -0.115429 -0.072384 -0.145319 -0.040870 -0.230800 0.159557 0.092242 -0.175484 
0.766986 -0.634513 0.717342 0.433375 -0.029139 -0.020293 -0.164537 -0.198105 0.013993 -0.039672 -0.127135 -0.238904 0.051028 0.067907 -0.148602 
0.586483 -0.740311 0.673484 0.395351 0.036010 0.011677 -0.232418 -0.192281 0.064050 -0.061378 -0.085136 -0.191455 -0.028536 0.112664 -0.111862 
1.167526 -0.902410 0.626969 -0.105749 0.120152 -0.074364 -0.456792 -0.156524 -0.074378 -0.167162 0.163296 -0.235013 0.066646 0.155948 -0.100528 
1.467396 -0.831843 0.492051 -0.235936 0.050260 -0.030758 -0.460915 -0.256124 -0.174543 -0.068278 0.327024 -0.288469 0.059650 0.266252 -0.093757 
1.636091 -0.902643 0.418217 -0.331723 0.038778 0.069616 -0.389487 -0.290641 -0.173982 -0.037916 0.373272 -0.226960 0.023384 0.203402 -0.108044 
1.767798 -0.768235 0.353906 -0.470886 -0.170485 0.207034 -0.399006 -0.307771 -0.166981 -0.084418 0.505957 -0.128146 0.039912 0.227297 -0.208554 
1.684552 -0.559400 0.363707 -0.614701 -0.265714 0.178000 -0.312891 -0.193634 -0.226733 -0.117905 0.428444 -0.099522 0.181561 0.254503 -0.275570 
1.693785 -0.466961 0.333442 -0.696086 -0.272364 0.202127 -0.233131 -0.202579 -0.282492 -0.139135 0.385059 -0.065852 0.251825 0.251115 -0.311975 
1.719250 -0.320909 0.283612 -0.701946 -0.373914 0.225330 -0.213621 -0.098316 -0.274076 -0.189271 0.349113 -0.116853 0.273058 0.316873 -0.287458 
1.606724 -0.253954 0.302809 -0.791022 -0.394001 0.189904 -0.151585 -0.038611 -0.255750 -0.217203 0.292036 -0.185299 0.341958 0.328739 -0.241741 
1.660870 -0.249642 0.316542 -0.871183 -0.436834 0.186663 -0.124526 -0.027669 -0.180649 -0.259932 0.283252 -0.217237 0.367482 0.342660 -0.208992 
1.802255 0.060994 0.174079 -0.804709 -0.424987 0.195443 -0.089675 -0.057354 -0.173059 -0.176220 0.205690 -0.117874 0.327194 0.266215 -0.215143 
1.637865 -0.062217 0.271731 -0.871374 -0.423988 0.104976 -0.043493 -0.016297 -0.137233 -0.169256 0.211329 -0.198460 0.301794 0.289066 -0.195918 
1.738102 0.046343 0.272413 -0.851312 -0.478911 0.196754 -0.110772 0.036054 -0.103789 -0.207524 0.207250 -0.192239 0.272815 0.273283 -0.157751 
1.675807 -0.028282 0.192069 -0.842090 -0.379095 0.077801 -0.109180 0.018631 -0.146445 -0.109591 0.119942 -0.165935 0.268276 0.231796 -0.163629 
1.681914 0.306583 0.210837 -0.877698 -0.469855 0.157820 -0.068340 0.030356 -0.100402 -0.095488 0.170716 -0.158294 0.318101 0.209809 -0.179601 
1.446627 0.220064 0.064581 -0.883378 -0.432006 0.088205 -0.034559 -0.027133 -0.135592 -0.059532 0.092754 -0.032395 0.296653 0.247100 -0.167238 
1.569715 -0.306453 0.291532 -0.838826 -0.429270 0.170790 -0.120310 0.057940 -0.158318 -0.178091 0.173549 -0.208673 0.302823 0.291200 -0.199639 
0.903126 -0.137579 0.221254 -0.867471 -0.421229 0.030527 0.017437 -0.042092 -0.224431 -0.113453 0.121022 -0.061018 0.426430 0.237516 -0.068061 
1.259750 0.404631 -0.018996 -0.618194 -0.269032 0.165359 0.037836 -0.076270 -0.142776 -0.162177 0.051960 -0.111946 0.219870 0.192842 -0.193328 
1.187182 0.320337 -0.265841 -0.688926 -0.336059 -0.011669 -0.053434 0.024129 -0.159317 -0.221729 0.151560 0.030143 0.239876 0.316077 -0.085981 
0.388350 0.141971 -0.109195 -0.508597 -0.373934 -0.013422 0.095918 -0.121033 -0.089190 -0.217371 0.176431 0.139245 0.040475 0.232383 -0.041872 
