city012_027
HIBIYA
72
0.301007 0.095224 0.716315 0.065411 0.150625 0.268748 -0.124368 -0.191762 0.064288 -0.080781 -0.055698 -0.092431 -0.073992 -0.027031 -0.066204 
0.060406 -0.060868 0.877733 -0.053836 0.004518 0.199509 -0.194963 -0.046747 0.060807 -0.213471 0.103192 -0.092119 -0.091585 0.102931 -0.124772 
-0.018702 -0.020278 0.723481 -0.341926 0.039847 0.189216 0.018353 -0.076613 0.164520 -0.098182 0.025997 0.024159 -0.002569 -0.017840 0.008284 
-0.014913 -0.068991 0.807416 -0.310962 0.059061 -0.011009 -0.272066 -0.090412 0.042619 -0.216490 0.032069 0.029021 -0.075515 0.043085 0.015632 
-0.138096 -0.042074 0.590857 -0.505268 0.161088 0.155667 -0.159287 -0.074795 0.064000 -0.142891 0.080809 0.042385 -0.112913 0.089488 -0.009961 
-0.009163 0.042907 0.793630 -0.511956 0.092514 0.248185 -0.281546 -0.112068 0.010081 -0.214693 0.108169 -0.056706 -0.048932 0.043227 -0.023939 
0.128272 0.050466 0.869973 -0.387619 -0.127758 0.122228 -0.127044 -0.154412 -0.177785 -0.096512 0.014971 -0.110460 0.003021 0.051069 -0.038239 
-0.182145 -0.083416 0.810177 -0.403180 -0.056746 0.112777 -0.059648 -0.084844 -0.033338 -0.133210 0.159787 -0.094069 -0.063552 0.128164 -0.032128 
0.556261 -0.154534 1.111840 -0.214397 -0.071140 0.202914 -0.082480 0.004110 -0.146048 -0.188115 0.135084 -0.219270 -0.033591 0.012535 -0.072834 
0.671858 -0.468993 1.627454 -0.405005 -0.017234 0.105718 -0.250602 0.013798 -0.201858 -0.264905 0.144727 -0.234524 -0.109745 0.085797 -0.077166 
0.736254 -0.626391 1.624056 -0.408023 -0.040728 0.154250 -0.309134 0.005220 -0.234522 -0.274236 0.150187 -0.273097 -0.095400 0.084815 -0.065359 
0.710322 -0.577073 1.659179 -0.362808 -0.069330 0.104793 -0.238253 -0.022193 -0.223004 -0.277064 0.152388 -0.264987 -0.113498 0.095371 -0.063327 
0.687709 -0.580096 1.696509 -0.323628 -0.129516 0.183332 -0.273699 -0.008601 -0.201345 -0.311671 0.154695 -0.256444 -0.137065 0.079760 -0.058792 
0.719455 -0.709649 1.663839 -0.233136 -0.211883 0.250431 -0.230277 -0.082196 -0.149030 -0.300297 0.123045 -0.245157 -0.115595 0.052397 -0.060904 
0.906937 -0.974120 1.606766 0.027334 -0.319488 0.166102 -0.075410 -0.096787 -0.224477 -0.217782 0.159790 -0.325134 -0.082466 0.117977 -0.198386 
1.270114 -0.842169 0.994817 0.488776 -0.189715 -0.014300 -0.086978 0.109169 -0.215514 -0.316484 0.203891 -0.275193 -0.105532 0.088451 -0.214959 
1.294594 -0.246339 0.504622 0.404812 0.037412 0.156438 -0.114480 -0.130689 -0.099916 -0.116925 0.115516 -0.280289 -0.105699 0.075104 -0.132662 
0.889354 0.146692 0.541732 0.227414 0.082665 0.266843 -0.079531 -0.248431 -0.059847 -0.151286 -0.026499 -0.157315 -0.153095 -0.104721 -0.003047 
0.494678 0.276187 0.703942 0.265657 0.046478 0.206027 -0.040171 -0.159884 0.021448 -0.218933 -0.015311 -0.137785 -0.156525 -0.056159 -0.041213 
0.475943 0.249452 0.775415 0.407897 -0.042457 0.106664 -0.027270 -0.117755 0.020468 -0.176931 0.032528 -0.242962 -0.009233 0.004964 -0.171689 
0.564936 -1.249595 0.580211 0.352573 0.124309 0.061697 -0.204152 -0.050257 0.180051 -0.043401 0.020563 -0.110607 0.053075 0.020312 -0.037599 
1.103485 -0.899482 1.176083 0.311320 -0.363842 0.037655 -0.032980 -0.067265 -0.228723 -0.259264 0.204912 -0.289442 -0.111025 0.146074 -0.183624 
0.735286 -0.818275 1.656438 -0.002775 -0.285320 0.257979 -0.127207 -0.142202 -0.152060 -0.289241 0.112547 -0.318977 -0.119955 0.068006 -0.172994 
0.670499 -0.915998 1.776780 -0.205776 -0.118068 0.293912 -0.323036 -0.061351 -0.140842 -0.341742 0.107090 -0.284443 -0.170304 0.074191 -0.124012 
0.750333 -0.835609 1.816286 -0.325483 -0.025122 0.234112 -0.344525 0.010201 -0.178165 -0.354960 0.158670 -0.311183 -0.159724 0.087820 -0.121273 
0.655994 -0.719376 1.744302 -0.367223 0.010984 0.225035 -0.356508 0.037265 -0.232379 -0.305034 0.136322 -0.308429 -0.149117 0.085589 -0.103459 
0.761682 -0.727607 1.834572 -0.408198 0.037758 0.150059 -0.333446 0.047470 -0.218936 -0.309768 0.154599 -0.305402 -0.130997 0.108168 -0.135607 
0.703562 -0.670355 1.776378 -0.387317 0.010912 0.168702 -0.344174 0.056814 -0.248523 -0.298926 0.141884 -0.301081 -0.136463 0.092865 -0.103164 
0.629871 -0.568525 1.688941 -0.400691 -0.004986 0.187736 -0.327639 0.033818 -0.246284 -0.281364 0.130451 -0.283794 -0.138770 0.093632 -0.084175 
0.748283 -0.670856 1.801924 -0.435317 0.029678 0.141311 -0.332134 0.040955 -0.237287 -0.290706 0.153011 -0.303808 -0.120129 0.113546 -0.114398 
0.622078 -0.633087 1.704375 -0.396271 0.001487 0.185311 -0.340320 0.031077 -0.242647 -0.296651 0.147804 -0.302666 -0.132382 0.098396 -0.092375 
0.733741 -0.743475 1.791715 -0.438107 0.058959 0.138164 -0.347430 0.049000 -0.246168 -0.281992 0.149515 -0.306794 -0.127054 0.127772 -0.121849 
0.769458 -0.762716 1.803209 -0.427150 0.046359 0.142634 -0.365266 0.059094 -0.248035 -0.275706 0.147969 -0.303695 -0.129993 0.153476 -0.151535 
0.588615 -0.650505 1.645835 -0.395924 -0.000657 0.230600 -0.377864 0.039205 -0.281904 -0.244912 0.118762 -0.306720 -0.117448 0.095401 -0.082122 
0.749189 -0.799860 1.761744 -0.450908 0.111366 0.134040 -0.349549 0.018701 -0.224923 -0.286581 0.151923 -0.332673 -0.110620 0.123449 -0.127742 
0.601158 -0.642101 1.627103 -0.404336 0.030668 0.213655 -0.364702 0.025236 -0.263801 -0.276861 0.139929 -0.305141 -0.147036 0.121167 -0.097347 
0.629604 -0.605972 1.634198 -0.422835 0.034215 0.197543 -0.357717 0.052831 -0.279465 -0.266038 0.147266 -0.307108 -0.131958 0.112901 -0.091446 
0.707320 -0.672366 1.713388 -0.470813 0.068909 0.160709 -0.350624 0.044839 -0.272300 -0.258479 0.145670 -0.313195 -0.121319 0.128214 -0.116161 
0.638256 -0.563775 1.674111 -0.451012 0.013700 0.173889 -0.335011 0.047026 -0.282808 -0.263855 0.155404 -0.316618 -0.113643 0.113401 -0.093355 
0.626566 -0.519891 1.733503 -0.466605 -0.014111 0.145696 -0.330154 0.063925 -0.287538 -0.259742 0.165614 -0.305252 -0.107068 0.118205 -0.088410 
0.740469 -0.589410 1.843875 -0.465017 -0.007073 0.099516 -0.330026 0.070637 -0.272334 -0.278441 0.182227 -0.290477 -0.110708 0.131139 -0.097866 
0.615459 -0.543201 1.747868 -0.443776 -0.029258 0.131576 -0.335918 0.073610 -0.274034 -0.261648 0.157571 -0.270187 -0.111150 0.108840 -0.074700 
0.712457 -0.644982 1.850518 -0.464442 -0.031236 0.114707 -0.331934 0.072388 -0.238202 -0.283488 0.182814 -0.250833 -0.116718 0.127237 -0.087386 
0.673824 -0.660713 1.808477 -0.431989 -0.050351 0.109196 -0.337120 0.053928 -0.220838 -0.306024 0.178804 -0.241203 -0.115017 0.114203 -0.073428 
0.582522 -0.629525 1.609235 -0.347466 -0.124751 0.169418 -0.378385 0.071970 -0.251001 -0.277415 0.151275 -0.216117 -0.104428 0.067186 -0.003033 
0.810550 -0.874001 1.713964 -0.409867 -0.088795 0.065500 -0.360455 0.062641 -0.226698 -0.275195 0.175335 -0.188950 -0.080831 0.081957 -0.012366 
0.677989 -0.867934 1.501607 -0.341978 -0.190188 0.097435 -0.384970 0.043840 -0.241197 -0.229097 0.151271 -0.141403 -0.048331 0.044749 0.061464 
0.788046 -1.041426 1.447884 -0.358422 -0.255347 0.018311 -0.309164 0.065280 -0.154344 -0.164982 0.159258 -0.051037 0.008158 0.003241 0.060956 
1.075513 -1.337415 1.479866 -0.477795 -0.305594 -0.133743 -0.277832 0.112085 -0.043032 -0.094087 0.219967 0.002467 0.068551 -0.002512 -0.030642 
1.031473 -1.299286 1.050212 -0.450908 -0.387652 -0.157798 -0.297183 0.084297 -0.066947 0.000082 0.230939 0.043734 0.126996 -0.036206 -0.000421 
1.081634 -1.335707 0.916029 -0.455794 -0.259590 -0.280968 -0.275668 0.039300 0.061806 0.075033 0.132285 0.050236 0.191450 -0.042419 -0.095745 
1.268348 -1.543899 0.807114 -0.494537 -0.074112 -0.227700 -0.301218 0.151746 0.204758 0.016643 0.022278 -0.028532 0.185623 -0.080919 -0.185245 
1.146443 -1.457385 0.577619 -0.459217 -0.034761 -0.250826 -0.241723 0.248088 0.250731 0.026082 -0.025253 -0.086003 0.089678 -0.043332 -0.176522 
1.188673 -1.502853 0.398402 -0.475800 0.024405 -0.336229 -0.088499 0.162508 0.222917 0.151177 -0.051558 -0.195473 0.118339 0.004874 -0.251597 
1.197932 -1.513271 0.391115 -0.539825 0.053764 -0.304078 0.025299 0.094372 0.238145 0.177877 -0.061603 -0.296714 0.087403 0.068193 -0.246240 
1.203144 -1.490807 0.353706 -0.621293 0.080399 -0.230862 -0.014876 0.061486 0.235429 0.252933 -0.078087 -0.340068 0.093947 0.055789 -0.203447 
1.200183 -1.426257 0.345866 -0.626019 0.096405 -0.193258 -0.017541 0.029060 0.269463 0.244849 -0.097404 -0.338450 0.073886 0.070778 -0.180149 
1.111268 -1.319858 0.202732 -0.546756 -0.010728 -0.042239 -0.079317 0.059771 0.218543 0.261523 -0.106477 -0.328954 0.062288 0.063881 -0.154123 
1.280383 -1.532100 0.268082 -0.668316 0.093397 -0.104161 -0.014066 -0.016296 0.242511 0.248993 -0.073139 -0.334790 0.080683 0.025121 -0.140026 
1.175243 -1.366370 0.110105 -0.576699 0.008951 0.009298 -0.101267 0.044389 0.166247 0.307912 -0.091627 -0.318539 0.050834 0.039354 -0.126972 
1.363584 -1.546096 0.246939 -0.726796 0.112820 -0.046746 -0.022400 -0.031569 0.199987 0.247821 -0.012377 -0.348964 0.066626 0.010160 -0.118987 
1.317261 -1.482815 0.171612 -0.667313 0.077289 -0.004107 -0.032035 -0.031799 0.184244 0.237276 -0.003510 -0.332464 0.055989 0.006634 -0.118505 
1.548204 -1.580567 0.181720 -0.671946 0.056174 0.073680 -0.101943 0.017701 0.150552 0.247388 -0.016870 -0.327267 0.055788 0.015809 -0.141272 
1.538365 -1.492705 0.024295 -0.596187 -0.015316 0.124098 -0.136146 0.013962 0.147272 0.235535 0.020596 -0.334047 0.094368 -0.023838 -0.134246 
1.696319 -1.608235 0.125193 -0.604939 0.036423 0.064218 -0.078339 -0.006879 0.155873 0.228595 0.015498 -0.324700 0.070074 -0.044178 -0.125144 
1.652352 -1.437493 -0.112993 -0.499925 -0.131569 0.158811 -0.082825 -0.100096 0.216025 0.221778 0.010835 -0.303213 0.116887 -0.043203 -0.134173 
1.487669 -1.427817 -0.003950 -0.601368 0.010259 0.081952 -0.074399 -0.037537 0.175447 0.236051 -0.016317 -0.274365 0.062074 -0.052017 -0.109957 
1.383995 -1.097801 -0.149393 -0.500940 -0.055919 0.114037 -0.072356 -0.081741 0.159911 0.217622 0.017883 -0.269054 0.072670 -0.042120 -0.068315 
0.970238 -1.095083 -0.053214 -0.674050 -0.019864 0.128456 -0.061502 -0.019851 0.218797 0.251703 -0.018606 -0.329400 -0.009131 -0.062627 -0.067814 
1.535685 -0.209748 -0.162186 -0.619642 -0.280515 0.169527 0.031787 0.007467 0.132357 0.145477 0.045078 -0.206055 0.051248 -0.121907 -0.155632 
0.634915 -0.464123 0.038240 -0.296811 -0.414006 0.090594 -0.013361 0.144361 0.390828 0.000925 -0.011587 -0.264019 -0.022746 -0.086006 -0.128918 
0.086722 -0.716515 -0.183151 -0.156787 -0.395027 -0.042521 0.042099 0.083344 0.329727 0.070803 -0.100281 -0.200017 0.074627 -0.147362 -0.084928 
