city012_004
EDOGAWA
80
-0.312214 -0.099645 0.026416 0.088314 -0.027848 0.109233 -0.109457 0.018036 0.128731 -0.150666 0.062819 0.011739 -0.020062 -0.008467 -0.011059 
-0.150365 0.003192 0.154321 0.137504 -0.035382 0.038718 -0.118165 0.000618 0.165230 -0.202072 0.090343 -0.002801 0.002355 -0.052845 0.043731 
-0.220272 -0.598522 0.947001 -0.377985 -0.232584 -0.041477 -0.367438 0.025165 -0.025073 -0.098232 0.181265 -0.092816 0.199372 -0.049384 -0.043959 
0.905432 -0.580181 0.678494 -0.371992 -0.022490 -0.187507 -0.524083 0.166088 -0.088863 -0.316118 0.245475 -0.077426 0.212149 0.033062 -0.130341 
0.636942 -0.955216 1.060480 -0.245068 -0.056516 -0.180303 -0.350293 0.076909 -0.010112 -0.176959 0.043636 -0.007963 0.183230 -0.058471 -0.104536 
0.849651 -0.667782 1.037988 -0.203418 -0.200341 -0.158965 -0.222717 -0.004272 0.012380 -0.158436 0.084736 -0.006299 0.135806 -0.047597 -0.068978 
0.785650 -0.766389 1.181040 -0.355634 -0.164645 -0.110798 -0.308465 -0.003648 -0.003661 -0.183902 0.064101 0.035077 0.118932 -0.075804 0.002046 
0.931064 -0.899406 1.242028 -0.434035 -0.117799 -0.230234 -0.328687 0.017595 -0.060672 -0.096704 0.090002 0.010914 0.177334 -0.018116 -0.046858 
0.978406 -0.923808 1.277508 -0.428279 -0.106935 -0.265041 -0.385819 0.027223 0.007996 -0.137772 0.058379 0.081351 0.202977 -0.041352 -0.045252 
1.042340 -1.059938 1.315835 -0.386890 -0.099680 -0.285320 -0.344847 -0.020341 0.005525 -0.084293 -0.005285 0.065963 0.239453 -0.055152 -0.044113 
1.118072 -1.065446 1.247184 -0.324025 -0.121457 -0.251602 -0.428222 0.042300 -0.043227 -0.151881 0.026496 0.051703 0.243670 -0.060757 -0.050687 
1.134737 -1.070911 1.353326 -0.390761 -0.036813 -0.358413 -0.290284 0.000209 -0.101674 -0.028877 0.013569 -0.004839 0.283320 -0.090875 0.008149 
1.079147 -1.086881 1.187038 -0.257460 -0.031555 -0.329789 -0.358204 -0.000486 -0.133077 -0.056301 -0.055364 -0.015517 0.299460 -0.100144 -0.004725 
1.134461 -0.960326 1.028463 -0.112026 0.011185 -0.272983 -0.289690 -0.076867 -0.158734 -0.039137 -0.114099 -0.095782 0.251891 -0.073150 -0.078909 
1.062639 -0.379914 0.601936 0.308785 0.229779 -0.011065 -0.200083 -0.110582 -0.070656 0.015763 -0.121864 -0.390633 0.162474 -0.026409 -0.217527 
1.143879 -0.018246 0.490051 0.470501 0.109536 0.058634 -0.192309 -0.362980 0.086953 -0.004333 -0.246501 -0.315965 0.015556 0.036011 -0.160170 
1.035094 0.040419 0.514890 0.463355 0.063594 0.158522 -0.199470 -0.402285 0.060808 0.054470 -0.225354 -0.360764 0.040484 0.008312 -0.159431 
0.892221 -0.028933 0.531332 0.489622 0.006797 0.211297 -0.108577 -0.428131 0.081562 0.020467 -0.205139 -0.321001 0.034112 -0.075760 -0.121401 
0.709852 -0.167179 0.560266 -0.149344 0.251066 0.127903 0.110100 -0.264677 -0.189010 -0.003596 -0.053697 -0.032160 -0.034955 -0.070117 -0.144042 
1.127387 -0.808199 0.841669 -0.278249 0.283646 -0.368575 -0.273552 -0.171009 -0.068133 0.060821 -0.172561 -0.129987 0.251422 0.027994 -0.112154 
1.568909 -1.219283 0.850770 -0.465853 0.087564 -0.191128 -0.464869 -0.051921 -0.054679 0.033674 0.075366 -0.149744 0.323659 0.028888 -0.143989 
1.554804 -1.147998 0.624568 -0.556575 0.021955 0.043642 -0.435915 -0.168545 -0.125065 0.198747 0.247943 -0.203704 0.173859 0.065489 -0.097904 
1.703758 -1.109495 0.603954 -0.685496 -0.012844 0.140261 -0.383413 -0.208494 -0.180160 0.162541 0.333667 -0.163458 0.176610 0.012327 -0.173079 
1.650246 -0.898675 0.504693 -0.758040 -0.019852 0.218815 -0.280395 -0.187126 -0.287811 0.065343 0.294862 -0.064492 0.197387 0.001634 -0.251946 
1.727138 -0.878700 0.528463 -0.824420 -0.055264 0.222016 -0.160868 -0.097085 -0.306745 -0.077952 0.213216 -0.059539 0.271876 0.074922 -0.254798 
1.704676 -0.821340 0.513674 -0.841752 0.017876 0.143349 -0.072405 -0.101867 -0.335786 -0.099727 0.140844 -0.061460 0.295443 0.103928 -0.232306 
1.747139 -0.661311 0.564176 -0.855666 -0.089202 0.129582 -0.052319 -0.023498 -0.287932 -0.127572 0.100094 -0.174705 0.312698 0.158831 -0.211838 
1.762637 -0.682356 0.477633 -0.787125 -0.055021 0.040286 -0.017858 0.018924 -0.296561 -0.192203 0.028559 -0.169948 0.330841 0.201002 -0.174876 
1.764370 -0.701761 0.519458 -0.844188 0.002783 -0.006314 0.017052 0.031439 -0.301424 -0.170415 -0.009374 -0.152511 0.323833 0.178660 -0.130510 
1.780430 -0.532260 0.585056 -0.885928 -0.114920 0.078277 -0.007866 0.051445 -0.355836 -0.107253 0.042955 -0.236861 0.351589 0.162208 -0.143186 
1.836357 -0.510768 0.628917 -0.829196 -0.142599 -0.020308 0.016737 0.061492 -0.370089 -0.097331 0.009142 -0.337144 0.370872 0.143222 -0.124620 
1.773713 -0.427588 0.537275 -0.717769 -0.047352 -0.023057 0.060167 -0.017143 -0.435581 -0.078063 -0.033065 -0.294618 0.356298 0.119623 -0.136961 
1.707576 -0.392880 0.455367 -0.597335 0.125716 -0.021731 0.202561 -0.166428 -0.505812 -0.047861 -0.111505 -0.180358 0.329002 0.028666 -0.138837 
1.551265 -0.268627 0.378121 -0.447880 0.222717 -0.022519 0.271304 -0.179751 -0.596282 0.038143 -0.146530 -0.154545 0.285271 -0.042673 -0.192168 
1.315395 -0.328796 0.337176 -0.278786 0.265034 0.040566 0.061248 -0.193897 -0.609006 -0.007501 0.019843 -0.265285 0.246294 -0.090605 -0.287746 
1.228756 -0.420241 0.346350 -0.139876 0.362263 0.024527 -0.081998 -0.229650 -0.541737 0.051872 0.105162 -0.368177 0.151998 -0.116443 -0.248503 
1.191257 -0.502837 0.414449 -0.124022 0.378829 -0.103908 -0.148079 -0.184260 -0.448146 0.084059 0.109566 -0.433677 0.172586 -0.034265 -0.166145 
1.246737 -0.721794 0.486785 -0.216190 0.376178 -0.163738 -0.260480 -0.171101 -0.384759 0.161476 0.112632 -0.425520 0.204217 0.039687 -0.116250 
1.407981 -0.967969 0.637415 -0.371415 0.312980 -0.250353 -0.286111 -0.177971 -0.315126 0.319370 0.099568 -0.352345 0.233712 0.076142 -0.031009 
1.489641 -1.159845 0.550682 -0.477382 0.171061 -0.225166 -0.250958 -0.131940 -0.173382 0.350370 0.156091 -0.274473 0.208975 0.052321 -0.042827 
1.627311 -1.307754 0.544592 -0.600104 0.046724 -0.148797 -0.292282 -0.121596 -0.100242 0.358841 0.295091 -0.270839 0.164558 0.056456 -0.130858 
1.502551 -1.226152 0.459744 -0.721450 0.048541 -0.108883 -0.260122 -0.110487 -0.104463 0.397336 0.345968 -0.280742 0.129292 0.014616 -0.177870 
1.507147 -1.346550 0.315345 -0.772873 0.030406 0.009232 -0.155319 -0.036691 -0.093195 0.349851 0.309018 -0.294784 0.032380 -0.018898 -0.204900 
1.488529 -1.262305 0.210180 -0.818467 0.013678 0.049296 -0.084697 -0.022031 -0.097536 0.355603 0.310578 -0.283223 -0.066076 -0.013295 -0.237316 
1.504911 -1.221199 0.219078 -0.901282 0.039632 0.075584 -0.034155 -0.062129 -0.035932 0.312122 0.294351 -0.291436 -0.054485 -0.064754 -0.244011 
1.527228 -1.238000 0.274053 -0.880892 -0.032341 0.156119 -0.065193 -0.063585 -0.025681 0.312209 0.261303 -0.265127 -0.035204 -0.102889 -0.260741 
1.473969 -1.222513 0.255851 -0.886723 -0.008998 0.150046 -0.063154 -0.094561 -0.001327 0.301020 0.248196 -0.252652 -0.000874 -0.157803 -0.197128 
1.521826 -1.311389 0.359912 -0.964671 0.018487 0.115288 -0.034911 -0.121751 0.007998 0.277019 0.279817 -0.237449 0.010695 -0.161347 -0.240798 
1.580900 -1.260885 0.266270 -0.864759 -0.045775 0.186745 -0.130203 -0.062938 -0.035695 0.274046 0.224501 -0.188870 0.068303 -0.180202 -0.193232 
1.723134 -1.321203 0.377902 -0.877229 -0.030625 0.148203 -0.103761 0.000964 -0.075631 0.211504 0.208661 -0.148886 0.094382 -0.169487 -0.230632 
1.688395 -1.219967 0.347720 -0.871420 -0.041373 0.158258 -0.124901 -0.054526 -0.066858 0.147330 0.228895 -0.128274 0.173712 -0.148547 -0.232448 
1.685546 -1.128276 0.371685 -0.885228 -0.019776 0.175664 -0.158827 -0.089297 -0.109037 0.115443 0.232094 -0.080926 0.210102 -0.123271 -0.237812 
1.711961 -1.062599 0.335725 -0.826618 -0.057914 0.179904 -0.159608 -0.106647 -0.150201 0.097308 0.221092 -0.054079 0.239080 -0.089562 -0.238886 
1.774605 -1.058793 0.373329 -0.865902 -0.069566 0.177030 -0.140273 -0.117984 -0.144268 0.088001 0.229102 -0.062940 0.256810 -0.084813 -0.252497 
1.652628 -1.014565 0.280851 -0.838869 -0.073113 0.171237 -0.163500 -0.092641 -0.150325 0.089806 0.243093 -0.088556 0.266080 -0.047765 -0.275113 
1.703838 -1.148646 0.302564 -0.836071 -0.048362 0.158900 -0.126360 -0.050355 -0.140378 0.126730 0.196787 -0.090185 0.225792 -0.079342 -0.279900 
1.676172 -1.174221 0.322488 -0.882888 -0.035352 0.139969 -0.083692 -0.038616 -0.115466 0.209605 0.164281 -0.115934 0.188068 -0.154524 -0.235916 
1.627297 -1.288978 0.349689 -0.956865 0.008237 0.110383 -0.033321 -0.045614 -0.039379 0.198647 0.178629 -0.153620 0.130914 -0.166018 -0.241517 
1.583035 -1.289502 0.306539 -0.969894 0.024188 0.121901 -0.024649 -0.078321 0.003923 0.240818 0.200069 -0.191615 0.061322 -0.198351 -0.194739 
1.472522 -1.223397 0.273678 -1.010238 0.044330 0.139096 -0.003884 -0.105142 0.036541 0.266586 0.181976 -0.210622 0.006618 -0.183469 -0.184520 
1.498648 -1.239043 0.290449 -0.945769 0.021011 0.158970 -0.027910 -0.091744 0.040512 0.275049 0.177761 -0.222280 -0.025364 -0.154954 -0.187529 
1.551938 -1.316206 0.267113 -0.956516 0.069404 0.103276 -0.012891 -0.109791 0.125247 0.228648 0.156567 -0.234842 -0.016404 -0.151230 -0.139662 
1.500226 -1.293288 0.229964 -0.937602 0.027590 0.164887 -0.049779 -0.091901 0.092353 0.281665 0.129351 -0.228400 -0.045156 -0.126147 -0.155994 
1.462368 -1.330479 0.281622 -0.938953 0.030852 0.172356 -0.033427 -0.101069 0.105728 0.277420 0.095904 -0.209925 -0.069232 -0.111273 -0.138546 
1.374304 -1.235592 0.158272 -0.838078 -0.028019 0.215732 -0.074481 -0.066840 0.084011 0.289446 0.063692 -0.204860 -0.045506 -0.115242 -0.110148 
1.333284 -1.272449 0.173823 -0.871661 0.017244 0.180494 -0.030401 -0.104576 0.102306 0.266949 0.098123 -0.230276 -0.026276 -0.136320 -0.125855 
1.281685 -1.289333 0.174826 -0.834584 -0.029498 0.205683 -0.082447 -0.060105 0.092055 0.284531 0.106713 -0.260551 -0.010968 -0.145402 -0.117592 
1.438151 -1.308551 0.178928 -0.822105 -0.012559 0.189638 -0.099943 -0.064745 0.083995 0.305288 0.092908 -0.239288 -0.014663 -0.134187 -0.124071 
1.672541 -1.392474 0.181559 -0.756631 -0.067186 0.216453 -0.106908 -0.099212 0.139975 0.230913 0.117927 -0.227700 -0.024527 -0.080606 -0.131704 
1.614759 -1.367607 0.118852 -0.763604 -0.045570 0.214466 -0.117665 -0.087063 0.123711 0.272812 0.109422 -0.255633 0.019417 -0.155318 -0.106400 
1.597920 -1.329180 0.144738 -0.864054 0.004128 0.192470 -0.102600 -0.100055 0.121025 0.286776 0.142059 -0.280251 0.009372 -0.155439 -0.134080 
1.573593 -1.191037 0.068743 -0.845543 0.010266 0.185412 -0.109910 -0.061041 0.079278 0.307972 0.113798 -0.260964 0.016354 -0.176979 -0.107174 
1.603841 -1.246319 0.133717 -0.871020 0.053516 0.146069 -0.126407 -0.033609 0.078903 0.295134 0.105312 -0.258812 0.039780 -0.166756 -0.122145 
1.410139 -1.075830 -0.005396 -0.791595 -0.029200 0.200089 -0.166715 -0.053112 0.096121 0.297649 0.117749 -0.255814 0.048881 -0.163192 -0.111724 
1.748158 -1.399911 -0.114646 -0.655705 -0.123677 0.240719 -0.105027 -0.146909 0.194666 0.277025 0.127452 -0.272305 -0.008262 -0.116516 -0.181147 
1.359157 -1.105341 -0.289413 -0.659679 -0.092575 0.235130 -0.147319 -0.083014 0.142562 0.306329 0.154281 -0.275788 -0.014718 -0.165854 -0.131070 
1.275168 -1.193815 -0.061910 -0.841654 0.055696 0.152936 -0.175642 -0.041481 0.130084 0.267364 0.216077 -0.324074 0.034496 -0.146618 -0.205753 
0.668612 -0.962022 -0.344505 -0.605141 -0.042726 0.164526 -0.129852 -0.052675 0.171209 0.361007 0.094485 -0.301574 -0.065637 -0.210105 -0.067434 
0.746859 -1.063431 -0.086323 -0.689612 0.048464 -0.005718 -0.063684 -0.051643 0.165501 0.361534 -0.001585 -0.256109 0.057433 -0.218827 -0.044563 
0.416470 -0.537588 -0.552967 -0.439137 -0.136703 0.140197 0.014843 -0.136636 0.236848 0.238134 0.078489 -0.243019 -0.091752 -0.169185 -0.033458 
