city012_039
RAUSU
73
-0.187780 -0.057400 0.034635 -0.117503 0.261293 0.022117 -0.179659 -0.034084 0.163181 -0.048097 -0.023616 0.016859 -0.054673 0.070275 -0.027260 
-0.167162 -0.059381 0.144759 -0.007366 0.050385 0.071652 -0.126696 -0.074050 0.039368 0.036985 0.026273 -0.065264 -0.024453 0.081383 -0.040417 
0.754957 -0.029851 0.549197 0.232495 0.089393 0.026825 -0.113836 -0.168732 0.074269 -0.022282 -0.106904 -0.116720 0.043093 0.015388 -0.124756 
1.057812 -0.600375 0.600572 0.021784 0.169456 -0.061278 -0.323548 -0.349523 -0.021455 0.070248 -0.302751 -0.136914 0.116599 -0.007195 -0.036264 
1.241779 -0.728360 0.604389 -0.158396 0.237766 -0.141777 -0.263641 -0.354215 -0.031891 0.153144 -0.200379 -0.151338 0.168716 -0.013805 0.015461 
1.350063 -0.906065 0.588421 -0.310684 0.159482 -0.154311 -0.301437 -0.273145 0.066904 0.242624 -0.168572 -0.097499 0.227252 -0.015513 0.037246 
1.493863 -1.364138 0.542691 -0.617579 0.037990 -0.172919 -0.312069 0.011872 0.211546 0.331689 -0.077766 -0.117028 0.151929 -0.057849 -0.102143 
1.365532 -1.350056 0.398457 -0.655146 0.059805 -0.121962 -0.176230 0.049063 0.209919 0.266628 -0.051786 -0.259270 0.152091 -0.070569 -0.123302 
1.307298 -1.458435 0.359792 -0.758189 0.136921 -0.098198 -0.074478 0.007183 0.183740 0.260952 -0.032269 -0.299793 0.087196 -0.010561 -0.129851 
1.276151 -1.368047 0.211615 -0.698880 0.065935 -0.002895 -0.073097 -0.012834 0.155486 0.269104 -0.035414 -0.282255 0.089722 -0.042825 -0.106287 
1.388310 -1.414250 0.247354 -0.781411 0.139639 -0.046827 0.043553 -0.135970 0.194277 0.260948 0.018049 -0.284331 0.012617 -0.025788 -0.102453 
1.366900 -1.320524 0.175714 -0.739243 0.090652 0.023062 -0.015509 -0.087959 0.151420 0.301858 0.022929 -0.303944 -0.019655 -0.004514 -0.088345 
1.422509 -1.333436 0.198561 -0.814910 0.153083 -0.023647 0.024227 -0.137819 0.191270 0.289477 0.062110 -0.349301 -0.003335 -0.030088 -0.063790 
1.428193 -1.262571 0.150432 -0.770969 0.137387 -0.037731 0.005334 -0.094623 0.166253 0.336109 0.012738 -0.334115 -0.014153 -0.014286 -0.074565 
1.486647 -1.222078 0.079313 -0.762902 0.111797 -0.014380 -0.025493 -0.064753 0.154004 0.333841 -0.002562 -0.315101 0.002717 -0.021155 -0.089670 
1.503063 -1.221157 0.098632 -0.815438 0.144164 -0.019493 -0.012494 -0.084256 0.151385 0.321300 0.021298 -0.315724 0.017452 -0.048597 -0.086865 
1.498798 -1.221042 0.104464 -0.800460 0.093337 0.045536 -0.074679 -0.066690 0.135439 0.304764 0.051600 -0.285961 -0.001332 -0.040008 -0.102609 
1.577668 -1.279018 0.153186 -0.840122 0.144160 -0.015172 -0.058994 -0.100531 0.117828 0.324869 0.098535 -0.273969 -0.010294 -0.050417 -0.114246 
1.505246 -1.169103 0.131776 -0.788545 0.073538 0.020415 -0.120311 -0.104235 0.096487 0.341905 0.130607 -0.212416 -0.039502 -0.046549 -0.143888 
1.524537 -1.137384 0.188830 -0.840696 0.084952 -0.000498 -0.164281 -0.136094 0.084464 0.347377 0.171880 -0.175847 0.013405 -0.085935 -0.142586 
1.587507 -1.069872 0.266393 -0.884516 0.031820 0.056864 -0.239307 -0.123707 0.040340 0.331764 0.226289 -0.119222 0.023815 -0.112377 -0.146894 
1.690332 -1.091771 0.370274 -0.848225 0.005855 0.073120 -0.289926 -0.112594 -0.041531 0.326734 0.224627 -0.098549 0.129837 -0.163387 -0.103783 
1.769317 -1.152933 0.529059 -0.764509 0.079348 -0.000473 -0.236858 -0.140939 -0.156687 0.320619 0.222234 -0.149000 0.173497 -0.096214 -0.155582 
1.730778 -0.996107 0.443176 -0.660904 0.077006 0.075839 -0.276581 -0.181631 -0.221699 0.275205 0.213272 -0.170254 0.169632 -0.018607 -0.181231 
1.824860 -0.998391 0.471409 -0.588641 0.125552 0.061298 -0.226907 -0.247333 -0.313788 0.178844 0.282226 -0.195919 0.157910 0.020417 -0.223819 
1.796277 -0.907527 0.420908 -0.524944 0.113590 0.096086 -0.202159 -0.283928 -0.355907 0.090487 0.234685 -0.183630 0.185616 0.036039 -0.261123 
1.788523 -0.704509 0.347638 -0.415601 0.065068 0.143996 -0.190763 -0.272336 -0.331617 -0.003416 0.150684 -0.221874 0.183688 0.080573 -0.256667 
1.856438 -0.720342 0.420579 -0.406700 0.133184 0.071556 -0.113669 -0.262660 -0.344667 -0.035715 0.134267 -0.252288 0.163827 0.093093 -0.262232 
1.731372 -0.520628 0.267682 -0.243771 0.123765 0.081038 -0.150385 -0.207967 -0.422125 0.001042 0.104274 -0.289917 0.121757 0.099052 -0.223365 
1.678940 -0.544240 0.305661 -0.217201 0.193717 0.092553 -0.157237 -0.251168 -0.436319 -0.014119 0.137177 -0.303878 0.084365 0.057408 -0.238336 
1.584962 -0.525897 0.376970 -0.203161 0.247730 0.054605 -0.172035 -0.221679 -0.411813 -0.008820 0.114636 -0.296958 0.039976 0.058967 -0.225471 
1.458684 -0.437115 0.361666 -0.056782 0.215859 0.067756 -0.223404 -0.224263 -0.352582 0.042863 0.057246 -0.312701 0.008688 0.052672 -0.163344 
1.353394 -0.528905 0.431598 0.066627 0.164159 -0.021317 -0.131947 -0.234354 -0.256691 0.001845 -0.008352 -0.299084 0.088185 -0.020782 -0.124574 
1.323858 -0.348888 0.432431 0.155379 0.069143 -0.075703 -0.053260 -0.077486 -0.230576 -0.001828 -0.093369 -0.176150 0.059598 -0.003586 -0.149129 
0.695358 -0.413023 0.592776 0.149502 0.223904 -0.121194 -0.042575 -0.295875 -0.126542 0.043904 -0.188142 -0.114242 -0.031273 -0.048383 -0.044058 
0.344544 -0.405303 0.495034 0.029653 0.392057 -0.386233 -0.065351 -0.015366 0.074075 -0.073427 -0.160339 0.059148 0.041809 0.029485 -0.175112 
-0.197053 -0.943476 0.047636 -0.025661 0.276182 -0.159129 0.121969 -0.026731 0.031989 0.006615 -0.154944 0.099521 0.033279 0.062328 -0.149121 
-0.086006 -0.870013 0.314139 -0.191583 0.224499 -0.309059 0.008796 0.029211 0.100761 -0.056933 -0.076786 0.102411 0.008881 -0.029497 -0.060496 
-0.066899 -0.745587 0.292502 -0.143233 0.218916 -0.124297 0.009597 0.003001 0.181115 -0.100113 -0.213550 0.224733 0.013982 -0.035594 -0.107944 
-0.178460 -0.790701 0.821750 0.004557 0.296108 -0.233237 0.253963 -0.028498 0.124118 0.044246 -0.148325 0.154269 0.022995 0.004161 -0.074311 
-0.017176 -0.850155 0.232094 -0.309839 0.162526 -0.053889 0.174892 -0.103751 -0.036765 0.051579 -0.102708 0.113515 -0.005455 -0.026839 -0.044440 
-0.091770 -0.879780 0.439806 -0.258954 -0.026885 -0.169215 0.126554 -0.075179 -0.004844 0.070492 -0.020469 0.029644 -0.056083 0.070458 -0.092052 
-0.139353 -1.026137 0.232164 -0.321500 0.116497 -0.278798 0.172723 0.011695 0.079106 -0.062394 0.064770 -0.057192 -0.042007 0.053545 -0.031067 
-0.083497 -0.909072 0.313989 -0.286481 0.035805 -0.186368 0.144256 0.031270 0.021807 0.033619 -0.102658 0.041404 -0.017245 0.072010 -0.143327 
-0.195360 -1.274499 0.208856 -0.277397 0.115344 -0.169952 0.283595 -0.046681 -0.078649 0.049857 -0.045138 0.025917 -0.030908 0.049387 -0.057378 
-0.120965 -0.956842 0.276158 -0.266175 0.112226 -0.146182 0.071336 0.047879 0.046820 -0.074658 -0.050050 0.093904 -0.010828 -0.040893 -0.012835 
-0.173314 -0.957407 0.321778 -0.079663 0.165177 -0.101333 0.114270 0.002785 0.010070 0.011841 -0.184601 0.156694 0.071378 -0.075404 -0.089941 
-0.205792 -1.259705 0.360877 -0.232293 0.000639 -0.352800 0.229166 0.048140 0.128721 -0.020987 -0.116593 0.026214 0.000585 0.038300 -0.137744 
-0.207392 -1.061993 0.222773 -0.497797 0.008769 -0.042781 0.109132 -0.016099 0.005793 0.107394 0.000509 -0.020852 -0.118871 0.044162 -0.000705 
-0.166313 -1.035931 0.235561 -0.289900 0.076643 -0.253350 0.042365 0.144514 0.081345 -0.046320 -0.091782 0.083013 0.012322 -0.069133 -0.037540 
0.157619 -1.152406 0.233063 -0.395521 0.188432 -0.095051 0.118828 0.140278 0.075210 -0.279883 -0.069525 0.196250 -0.007150 -0.000265 -0.058729 
-0.146316 -0.945461 0.245607 -0.208587 0.174723 -0.232253 0.013525 0.116267 0.166788 -0.168377 -0.134671 0.155771 0.052514 -0.067692 -0.086331 
-0.061829 -1.171424 0.301240 -0.257642 0.007780 -0.304399 0.031473 0.145891 0.191057 -0.105557 -0.124071 0.182962 -0.038277 -0.127720 0.023902 
0.005466 -1.154406 -0.066806 -0.262757 0.135676 -0.195171 0.096585 0.135284 0.112305 -0.091744 -0.188384 0.138783 0.053088 -0.124216 0.019651 
-0.111508 -1.068986 0.111898 -0.423651 0.016354 -0.147432 0.224546 0.154567 0.139301 -0.129396 -0.221258 0.069302 -0.006391 0.033759 0.005229 
0.066947 -1.194869 0.153150 -0.336355 0.083540 -0.214765 0.145601 0.041686 0.204522 -0.088117 -0.187705 0.079337 0.077436 -0.057832 -0.116088 
0.256698 -1.110332 0.209636 -0.372395 -0.036001 -0.258561 0.042212 0.183757 0.127242 -0.001695 -0.138913 0.137785 -0.085336 -0.018493 -0.114043 
-0.009159 -1.038790 0.151025 -0.382330 0.078921 -0.232679 0.159908 0.140285 0.042022 -0.055798 -0.126495 0.104571 0.029389 -0.110442 -0.007988 
0.078925 -0.989619 0.405772 -0.171700 -0.197673 -0.431695 -0.139244 0.024556 0.217223 0.030427 -0.000020 0.237053 -0.035314 -0.041762 -0.037630 
0.032382 -1.072929 0.306183 -0.190119 -0.083106 -0.420921 -0.010724 0.039791 0.253912 0.053079 -0.095581 0.086674 0.002257 -0.024226 -0.111699 
-0.204220 -1.276031 0.140399 -0.193217 0.163319 -0.304967 0.054429 0.155987 0.159909 -0.114622 -0.156655 0.085784 0.071169 -0.054176 -0.087878 
-0.089606 -1.004584 0.106925 -0.318229 -0.023267 -0.227352 0.252617 0.006865 -0.015544 0.126044 -0.075151 0.031418 -0.146206 0.045039 0.065136 
0.197723 -0.938245 0.180438 -0.269491 -0.049175 -0.166365 0.166202 0.072228 -0.069496 0.001446 -0.009369 0.093485 -0.116187 0.057701 -0.060224 
0.051144 -1.069701 0.175338 -0.360506 -0.058906 -0.034331 0.060307 0.059685 0.008760 -0.045915 0.053454 0.082112 -0.154074 0.022118 -0.015707 
0.070372 -0.971052 0.240011 -0.348041 -0.064618 -0.230352 0.019082 0.042681 0.116130 0.097825 -0.044276 0.021827 -0.044337 -0.006702 -0.074617 
0.012010 -1.110137 0.288994 -0.193632 0.054951 -0.283360 -0.033792 0.002825 0.082923 0.158145 -0.094423 -0.048143 0.075973 0.016143 -0.114188 
0.189821 -1.048347 0.121183 -0.145480 -0.004174 -0.146405 -0.000995 0.082490 0.106419 -0.086808 -0.051951 0.136000 -0.089224 -0.012808 0.020151 
0.197806 -0.956048 0.095792 -0.239763 0.011261 -0.325291 -0.089099 0.199077 0.132331 0.057781 -0.141845 0.055453 0.108998 -0.105461 -0.152901 
0.321029 -0.829648 0.102732 -0.169776 -0.094479 -0.295244 0.041808 0.177728 0.116608 -0.041475 0.004034 -0.036847 0.001770 -0.003664 -0.086614 
0.177426 -0.725095 0.108635 -0.136483 -0.014301 -0.265399 -0.185333 0.073038 0.135941 0.049106 -0.050965 0.032629 0.073533 -0.014034 -0.105163 
0.448605 -0.572578 0.095570 -0.087769 -0.186143 -0.320790 -0.098801 0.068722 0.150132 -0.012384 0.005370 0.121112 0.000556 -0.033740 -0.059576 
0.288915 -0.578569 0.044275 0.013972 -0.164353 -0.337381 -0.065474 0.061630 0.212502 -0.006715 -0.112312 0.107268 0.104849 -0.103006 -0.111534 
0.036508 -0.432714 0.086884 -0.018877 -0.230942 -0.194377 -0.024903 0.144115 0.259861 -0.070569 -0.127525 0.078141 0.024176 -0.064284 -0.126244 
