city012_063
PAIPU
68
-0.195505 -0.355680 0.069915 0.067461 0.001894 0.115698 -0.079380 -0.018062 0.112844 -0.061955 0.073338 -0.107150 -0.012288 0.199266 -0.228545 
0.637486 -0.776593 0.323342 0.100402 -0.248402 -0.148331 -0.215511 -0.112139 0.106500 -0.039578 0.058248 0.048998 -0.035822 0.179223 -0.133871 
1.358706 -0.822487 0.675874 0.018941 -0.095147 -0.023233 -0.224983 -0.051106 0.034480 -0.105442 0.007287 -0.018561 -0.015979 0.150295 -0.197230 
1.652675 0.001357 0.462581 -0.337552 0.288295 -0.013082 -0.000812 -0.121324 -0.107164 0.023878 -0.169930 -0.126820 -0.012331 0.072211 -0.197995 
1.195303 -0.433988 0.126974 -0.534579 0.397441 0.089108 0.119316 0.095085 0.166691 0.200446 -0.320762 -0.064742 0.048628 0.138706 -0.018149 
1.497043 -0.956762 0.001337 -0.747032 0.130162 0.175473 0.042852 -0.075128 -0.037408 0.180677 -0.113428 -0.063528 0.074745 -0.006953 -0.083367 
1.467126 -1.498519 0.200129 -0.979792 0.126409 0.193588 0.106186 0.063315 -0.107040 0.213407 -0.097347 -0.144465 0.070567 -0.078354 -0.095283 
1.214980 -1.408991 0.142704 -0.957101 0.056254 0.309823 0.053958 0.013160 -0.080086 0.207491 -0.012192 -0.167365 -0.003995 -0.062657 -0.109055 
1.208066 -1.403283 0.162656 -0.968697 0.090439 0.239572 0.136278 -0.034425 -0.053245 0.203890 0.042555 -0.220454 -0.076228 -0.004886 -0.129302 
1.273888 -1.291695 0.018585 -0.824248 0.061252 0.207860 0.107654 -0.058518 -0.004034 0.237532 0.063501 -0.286407 -0.079803 0.006282 -0.127466 
1.266221 -1.307885 0.004403 -0.809804 0.128439 0.103301 0.124366 -0.072081 0.038810 0.271228 0.008738 -0.302294 -0.068400 0.029576 -0.093288 
1.422139 -1.382738 0.020759 -0.732781 0.176228 -0.061119 0.071762 -0.046121 0.097490 0.289507 -0.016133 -0.318082 -0.011536 0.075947 -0.136520 
1.404900 -1.395806 0.050526 -0.584177 0.160252 -0.234079 -0.013992 -0.012800 0.163816 0.316725 -0.045392 -0.298086 0.067194 0.081252 -0.199784 
1.416601 -1.458908 0.185182 -0.400089 0.012584 -0.352304 -0.092733 0.084848 0.132782 0.325759 -0.035627 -0.229274 0.151165 0.016882 -0.246362 
1.305453 -1.523373 0.430286 -0.410478 -0.036625 -0.487373 -0.082795 0.150283 0.156464 0.175920 0.041833 -0.120199 0.158116 -0.013557 -0.298001 
1.261096 -1.474769 0.828594 -0.441045 -0.100091 -0.258684 -0.352774 0.252887 0.128210 0.057906 -0.043604 0.079174 0.158251 -0.141563 -0.099290 
1.297157 -1.451191 1.131464 -0.483362 -0.210055 -0.173261 -0.347928 0.053536 -0.071074 0.146485 0.037057 0.076971 0.125423 -0.015622 0.012479 
1.124511 -1.203884 1.189148 -0.458915 -0.357459 -0.137792 -0.265974 0.028188 -0.157001 -0.005831 0.135319 0.120424 0.035837 -0.012195 0.114551 
1.102983 -1.193792 1.479097 -0.416609 -0.208592 -0.094226 -0.276934 0.043606 -0.187318 -0.081628 0.066840 0.059968 -0.025767 0.015529 0.072621 
1.066039 -1.091447 1.593919 -0.438595 -0.149977 -0.120753 -0.286442 0.030768 -0.207791 -0.141432 0.085895 0.035956 -0.069336 0.056098 0.066416 
0.862501 -0.887976 1.587514 -0.395279 -0.168310 -0.034443 -0.339535 0.040133 -0.267874 -0.201032 0.081533 -0.016556 -0.109815 0.054297 0.097181 
0.908775 -0.943893 1.769114 -0.441161 -0.020615 -0.131352 -0.304702 0.059427 -0.268194 -0.209362 0.075304 -0.026861 -0.157179 0.136663 -0.000958 
0.702208 -0.810328 1.675156 -0.397925 -0.000698 -0.024740 -0.314187 0.066743 -0.289027 -0.215368 0.081950 -0.132885 -0.133616 0.093627 0.002114 
0.638726 -0.779350 1.659360 -0.397326 0.038464 0.029182 -0.315442 0.067615 -0.296953 -0.200941 0.063485 -0.164991 -0.135993 0.074739 -0.015134 
0.675615 -0.876687 1.790570 -0.357201 -0.008209 0.065915 -0.307798 0.064777 -0.289716 -0.211119 0.036040 -0.151185 -0.170639 0.074245 -0.060815 
0.652495 -1.012343 1.753100 -0.055465 -0.193801 0.055352 -0.135441 -0.049681 -0.293768 -0.175677 0.017142 -0.229002 -0.118873 0.058635 -0.129444 
0.927355 -0.865291 1.080908 0.376277 -0.092223 -0.029207 -0.069758 -0.010029 -0.321917 -0.145727 0.054072 -0.268825 -0.161923 0.122823 -0.238440 
0.677527 -0.144995 0.649328 0.249763 0.021233 0.148811 -0.010765 -0.009381 -0.044230 -0.164449 0.115993 -0.042348 -0.168782 0.098427 -0.114004 
0.537756 -0.311060 0.472045 0.214126 0.054340 0.211570 -0.015819 -0.074319 -0.009313 0.024833 0.092213 -0.051778 -0.091958 0.142746 -0.131130 
0.298191 -0.407478 0.191486 0.081290 -0.084954 0.043958 0.071255 0.125605 0.071409 -0.025078 0.004513 -0.040928 0.004154 0.116854 -0.144405 
0.135513 -0.550734 0.051591 -0.123115 -0.041077 0.198876 -0.032986 0.032751 0.001236 0.000537 0.053646 -0.120074 -0.018875 0.224260 -0.228970 
-0.067981 -0.752343 0.124736 -0.045964 -0.110933 -0.129929 -0.047739 0.028578 0.070458 -0.034388 0.096738 -0.035023 -0.092547 0.192557 -0.209028 
-0.060918 -0.618538 0.070420 -0.028004 -0.162570 0.045565 -0.139816 -0.023067 -0.017309 0.014942 0.146142 -0.003940 -0.152845 0.148627 -0.078681 
-0.121147 -0.539227 0.010007 -0.122853 -0.108207 -0.017249 -0.064459 0.035610 0.084841 -0.022241 0.073010 -0.074253 -0.061600 0.171178 -0.177519 
-0.119391 -0.479685 -0.097304 -0.076187 -0.125334 0.017969 -0.071074 0.025483 0.097500 0.045205 -0.018353 -0.072502 -0.024510 0.138196 -0.154277 
-0.251458 -0.407876 0.066702 -0.057235 0.015861 0.085337 -0.089858 -0.085926 0.092445 -0.088047 0.071462 0.047797 -0.126827 0.121346 -0.114981 
-0.037929 -0.458185 -0.011234 -0.048876 0.119674 0.101361 -0.151768 -0.096440 0.113698 -0.159476 0.183881 0.008552 -0.158833 0.132606 -0.100285 
-0.181749 -0.293937 0.106570 -0.124987 -0.109003 0.164291 -0.008710 0.019806 0.149608 -0.220961 0.046077 0.087861 -0.110758 0.102726 -0.076307 
0.072864 -0.397173 -0.033460 -0.040782 -0.073153 0.062148 -0.133303 -0.053173 0.155662 -0.208828 0.172827 0.008509 -0.099042 0.116450 -0.118759 
0.028103 -0.078917 0.250031 0.025374 -0.000827 0.167207 0.060978 -0.134011 -0.009971 -0.107677 0.165942 -0.041066 -0.084400 0.114513 -0.125083 
-0.243702 -0.372172 0.065702 -0.068809 0.128929 0.176278 -0.008930 -0.133108 0.044423 -0.031250 0.126531 -0.078661 -0.044526 0.146548 -0.197677 
-0.106660 -0.362281 0.046689 0.187607 0.028793 0.123791 -0.046892 -0.036263 0.069002 -0.094065 0.109879 -0.013691 -0.095950 0.168205 -0.182971 
-0.197288 -0.362126 0.132960 0.054118 0.168953 0.136395 -0.150672 -0.055246 0.112324 -0.012532 0.030195 -0.030847 -0.074474 0.184748 -0.193571 
0.029677 -0.310349 -0.062531 -0.088978 0.135904 0.079763 -0.078874 0.102560 0.086309 -0.137822 0.001255 0.059105 -0.077456 0.164639 -0.173001 
0.752972 -0.948737 -0.113757 -0.033366 -0.172996 0.084567 -0.080854 -0.046809 0.118365 -0.048147 0.078786 0.037297 -0.150363 0.140410 -0.143956 
1.412300 -1.118845 0.272212 -0.034549 0.146589 0.034128 -0.013539 -0.034225 -0.164070 -0.139328 0.029769 0.198276 -0.052238 -0.064601 -0.088163 
1.698777 -0.191859 0.384527 0.087611 0.129101 0.277553 0.129867 -0.028780 -0.196619 -0.126882 0.112635 -0.056477 -0.107910 0.153965 -0.274669 
1.937915 -0.272315 0.552142 -0.098170 0.019196 0.189619 -0.027998 -0.091238 -0.346941 -0.136395 0.158585 -0.187306 -0.121904 0.194219 -0.252724 
1.679531 -0.598227 0.680728 -0.220500 0.035108 0.137120 -0.062938 -0.069896 -0.359839 -0.186612 0.090427 -0.227555 -0.035417 0.187666 -0.281330 
1.686851 -0.734309 0.706529 -0.220881 0.079497 0.175786 -0.154751 -0.120136 -0.409799 -0.197107 0.124081 -0.222511 -0.077030 0.184678 -0.301678 
1.781036 -0.742192 0.705873 -0.269169 0.084117 0.152971 -0.180620 -0.183184 -0.366683 -0.174806 0.147496 -0.225836 -0.079722 0.210414 -0.288598 
1.724379 -0.761234 0.683225 -0.243097 0.070465 0.109019 -0.191930 -0.210380 -0.361444 -0.150890 0.142717 -0.249080 -0.048402 0.210295 -0.261310 
1.700109 -0.809081 0.645697 -0.196576 0.028893 0.115453 -0.247438 -0.193454 -0.349327 -0.145913 0.094853 -0.238971 -0.017899 0.227183 -0.279156 
1.717002 -0.838741 0.663149 -0.187199 0.017656 0.112865 -0.283350 -0.211806 -0.337382 -0.118589 0.131544 -0.237161 -0.047825 0.239456 -0.237852 
1.718719 -0.812567 0.636069 -0.190565 0.043409 0.081281 -0.269804 -0.220193 -0.351635 -0.098954 0.138638 -0.261466 -0.018662 0.217654 -0.229817 
1.749788 -0.851918 0.605432 -0.181090 0.079891 0.090197 -0.287469 -0.254443 -0.345064 -0.105909 0.157995 -0.262364 -0.057450 0.241408 -0.231295 
1.747986 -0.911378 0.591585 -0.155395 0.060138 0.099290 -0.304673 -0.234227 -0.360187 -0.105241 0.131927 -0.234701 -0.074748 0.280027 -0.251285 
1.816954 -0.829752 0.607683 -0.169787 0.033968 0.093705 -0.309973 -0.226435 -0.326750 -0.108810 0.134928 -0.247338 -0.085202 0.295155 -0.215865 
1.768919 -0.741071 0.564933 -0.170399 0.065023 0.027405 -0.307423 -0.185653 -0.375642 -0.081316 0.120505 -0.267733 -0.049945 0.276633 -0.200800 
1.577174 -0.714857 0.733922 -0.224801 -0.002882 0.050382 -0.256830 -0.244908 -0.344777 -0.138987 0.175355 -0.262667 -0.050536 0.267271 -0.214932 
1.512951 -0.754718 0.738268 -0.187842 -0.018818 0.040251 -0.305717 -0.201451 -0.348463 -0.156555 0.183632 -0.256095 -0.082009 0.321218 -0.220432 
1.403181 -0.711533 0.829253 -0.187858 -0.118917 0.031542 -0.335863 -0.120365 -0.355071 -0.183493 0.177515 -0.257394 -0.060882 0.363889 -0.258319 
1.328668 -0.844549 0.780556 -0.159614 -0.042674 0.022739 -0.347706 -0.131655 -0.405797 -0.154273 0.194253 -0.256645 -0.082204 0.377109 -0.293451 
1.196638 -0.614196 0.751066 -0.059017 -0.094607 0.043001 -0.324303 -0.168010 -0.346252 -0.113566 0.143654 -0.270252 -0.114136 0.385432 -0.277957 
1.107305 -0.277422 0.774482 -0.064988 -0.089021 -0.072813 -0.342516 -0.119083 -0.347244 -0.053832 0.104114 -0.257197 -0.058919 0.406364 -0.269794 
0.450425 -0.234243 0.645128 0.029190 -0.103170 -0.179634 -0.280109 -0.184689 -0.273037 -0.049540 0.061939 -0.221725 0.022825 0.315699 -0.192379 
0.555216 -0.107242 0.549507 0.008839 -0.092450 -0.110353 -0.262930 -0.196270 -0.283600 0.004206 0.100101 -0.285064 0.053167 0.313038 -0.228008 
0.211331 0.099346 0.152895 0.122076 -0.047858 -0.180038 -0.262330 -0.273681 -0.227922 -0.142934 0.164926 -0.140287 -0.070072 0.277629 -0.106056 
