city012_076
CHOOFU
70
-0.198289 -0.861787 0.337162 -0.559530 0.265500 -0.145540 0.011006 0.064451 -0.075684 0.105321 -0.071896 0.090895 -0.101169 0.046174 -0.032720 
-0.184660 -0.440724 0.244579 -0.660022 0.346526 -0.297699 0.065901 0.198474 -0.136966 0.062817 -0.057707 0.079013 -0.066809 0.018061 -0.021491 
-0.725139 -0.535534 0.593633 -0.734620 0.521578 -0.213944 0.112903 0.170384 -0.271295 0.150877 -0.077597 0.019419 0.045187 -0.034919 -0.011318 
-0.642065 -0.880898 0.574007 -0.689991 0.342728 -0.260506 -0.031758 0.242163 -0.153761 0.079602 0.011829 -0.026112 -0.025109 0.010162 -0.008115 
-0.560190 -0.523909 0.809846 -0.749701 0.316092 -0.187695 -0.085062 0.192665 -0.048619 -0.006301 -0.001206 0.010264 -0.005864 0.028936 -0.092516 
0.313839 -0.407041 1.290304 -0.520819 0.250171 -0.282767 -0.088058 0.300736 -0.035138 0.004566 0.013311 0.106565 0.101816 -0.142180 -0.020155 
0.793222 -0.535077 1.250611 -0.364226 0.262428 -0.371127 -0.114792 0.304943 -0.077874 -0.109600 0.112647 0.049414 0.060430 -0.037528 -0.096507 
1.402479 -0.603505 1.121729 -0.279205 0.262952 -0.389368 -0.246513 0.163604 -0.110850 -0.169044 -0.047130 0.044668 0.036956 0.038737 -0.189273 
1.771058 -0.600450 0.704761 -0.281086 0.122329 -0.234468 -0.251688 0.092394 0.091692 -0.162328 -0.184473 0.007520 0.073811 0.089394 -0.313479 
1.858613 -0.423088 0.429599 -0.181255 -0.011027 -0.211684 -0.281145 -0.042662 0.069536 -0.163640 -0.173527 -0.028904 0.076943 0.141509 -0.252319 
1.760779 -0.509020 0.727555 -0.298912 0.131883 0.285958 -0.013769 -0.258082 -0.151479 -0.111276 0.009532 -0.079218 -0.062634 0.079745 -0.291516 
1.909240 -0.810084 0.865225 -0.701345 -0.031267 0.267900 -0.191737 -0.247994 -0.255547 -0.148559 0.128257 -0.021269 0.043309 0.171533 -0.299675 
1.659412 -0.859072 0.449642 -0.523412 0.054749 -0.101155 -0.146288 -0.081267 -0.298683 -0.275436 0.071863 0.128980 0.122834 0.160099 -0.170079 
1.760360 -0.844860 0.565668 -0.749370 0.055724 -0.013691 -0.083476 -0.076510 -0.302924 -0.196088 0.012809 0.088289 0.157245 0.174479 -0.144779 
1.743459 -0.716915 0.528872 -0.793948 -0.086492 0.092732 -0.153069 -0.002114 -0.234584 -0.165484 -0.006834 0.038430 0.175588 0.180188 -0.103036 
1.718724 -0.710095 0.538307 -0.813314 -0.087374 -0.027032 -0.102295 0.052617 -0.102660 -0.246789 -0.049282 0.022120 0.139304 0.208266 -0.088668 
1.728713 -0.705465 0.593749 -0.907615 -0.143280 0.032314 -0.139819 0.092617 -0.157752 -0.172240 -0.070577 -0.033180 0.190681 0.216536 -0.094931 
1.713337 -0.668545 0.593998 -0.912585 -0.151896 0.005426 -0.131397 0.122445 -0.127578 -0.183335 -0.063905 -0.060336 0.189919 0.183862 -0.069073 
1.657511 -0.591744 0.526244 -0.905833 -0.159846 -0.006853 -0.131606 0.120055 -0.097459 -0.182150 -0.080150 -0.071836 0.200550 0.186421 -0.068641 
1.785233 -0.611435 0.639625 -1.080359 -0.073226 -0.020074 -0.080789 0.059164 -0.061823 -0.172709 -0.055499 -0.079959 0.187630 0.164721 -0.038856 
1.708338 -0.475890 0.587849 -1.014097 -0.176261 0.060648 -0.136279 0.080916 -0.079372 -0.132465 -0.054133 -0.078516 0.152253 0.177666 -0.072433 
1.745790 -0.497092 0.593576 -1.007486 -0.163553 0.019620 -0.185453 0.115399 -0.047558 -0.142882 -0.068884 -0.054937 0.096746 0.198552 -0.079940 
1.816204 -0.575729 0.613521 -0.948633 -0.128986 -0.115254 -0.130971 0.135559 -0.056189 -0.107938 -0.126773 -0.034904 0.081130 0.166515 -0.062018 
1.799068 -0.556237 0.547490 -0.896619 -0.127550 -0.167823 -0.117565 0.141494 -0.021305 -0.127754 -0.131168 -0.026853 0.080308 0.163325 -0.074106 
1.838908 -0.586446 0.538913 -0.863759 -0.170182 -0.164839 -0.146832 0.170489 -0.020712 -0.158720 -0.124540 -0.045629 0.093525 0.161894 -0.052965 
1.813467 -0.543435 0.512334 -0.863698 -0.133921 -0.174553 -0.135464 0.173892 -0.026116 -0.122729 -0.152661 -0.014032 0.068134 0.159958 -0.070985 
1.787229 -0.487218 0.542495 -0.927887 -0.133875 -0.157450 -0.122353 0.122626 0.001035 -0.144511 -0.120250 -0.053988 0.084491 0.169068 -0.077447 
1.811019 -0.486823 0.529363 -0.897052 -0.156564 -0.127972 -0.165638 0.112770 0.003418 -0.134668 -0.135343 -0.089624 0.119415 0.148131 -0.061417 
1.810964 -0.458978 0.530295 -0.914430 -0.189096 -0.094717 -0.180543 0.093296 0.028229 -0.164073 -0.099312 -0.117873 0.135379 0.148754 -0.054232 
1.828117 -0.499050 0.542022 -0.916556 -0.164756 -0.123722 -0.173258 0.124736 -0.022633 -0.118052 -0.150326 -0.060184 0.100807 0.182979 -0.083947 
1.797852 -0.493537 0.501770 -0.869278 -0.209988 -0.106812 -0.207314 0.163859 -0.014225 -0.177751 -0.105416 -0.063812 0.103775 0.180791 -0.054445 
1.824457 -0.547467 0.523432 -0.888075 -0.179996 -0.142340 -0.175895 0.138565 0.028551 -0.236682 -0.076027 -0.066009 0.113344 0.189501 -0.060653 
1.837529 -0.553136 0.490612 -0.863214 -0.163240 -0.150331 -0.192027 0.185286 -0.011351 -0.235004 -0.080949 -0.060802 0.112390 0.184206 -0.031796 
1.815159 -0.557489 0.488968 -0.864355 -0.148527 -0.160462 -0.174689 0.180584 -0.020335 -0.248290 -0.080223 -0.053559 0.126938 0.177604 -0.015302 
1.771334 -0.549345 0.474693 -0.866167 -0.140190 -0.148689 -0.181561 0.189918 -0.033793 -0.245831 -0.085647 -0.034087 0.122750 0.207085 -0.057572 
1.796669 -0.596849 0.556336 -0.933353 -0.105244 -0.149426 -0.168857 0.161807 -0.027278 -0.249150 -0.091761 -0.059467 0.152787 0.186375 -0.037721 
1.669072 -0.410524 0.486172 -0.920369 -0.181478 0.005642 -0.217001 0.130663 -0.069200 -0.210211 -0.075698 -0.134373 0.215724 0.161608 -0.022789 
1.844964 -0.396432 0.690540 -1.112723 -0.165125 0.046860 -0.090804 0.039914 -0.170158 -0.083705 -0.114337 -0.094693 0.256325 0.148021 -0.048915 
1.634504 -0.136993 0.499078 -1.001840 -0.149187 0.124422 -0.123804 -0.010310 -0.240704 -0.094529 -0.087185 -0.090535 0.303861 0.144575 -0.084143 
1.772400 -0.103295 0.568827 -1.065360 0.010237 0.044661 0.079981 -0.015648 -0.235554 -0.063790 -0.197797 -0.052173 0.230270 0.146147 -0.071953 
1.955759 0.191915 0.482797 -0.760439 0.223139 0.327013 0.196190 0.047999 -0.139771 -0.056553 -0.220165 -0.134529 0.160005 0.048969 -0.137065 
1.999603 -0.121008 0.442680 -0.206627 0.386908 0.112575 -0.000029 0.150252 -0.042792 -0.133293 -0.085533 -0.155040 0.016115 0.071592 -0.205055 
2.318267 -0.063114 0.395827 -0.141565 -0.020545 0.038558 -0.196334 -0.123200 0.064911 0.013235 -0.083647 -0.094153 -0.004849 0.099472 -0.209162 
2.000148 -0.328379 0.261042 -0.129119 -0.010296 0.002081 -0.139467 -0.003021 0.013691 -0.016815 0.137660 0.074875 -0.044310 0.060824 -0.121047 
1.964689 -0.372426 0.176196 -0.190305 0.037478 -0.065021 -0.120398 -0.224207 -0.210139 -0.149370 0.097575 0.166417 -0.085506 0.034229 -0.031855 
2.148718 -0.235699 0.137483 -0.218334 0.013422 -0.092424 -0.046161 -0.148060 -0.109742 -0.101936 0.115135 0.040239 -0.096030 0.121132 -0.051227 
2.141059 -0.389237 0.266323 -0.128656 0.042454 -0.134235 -0.165615 -0.245557 -0.099638 -0.003217 -0.057821 -0.028092 -0.091551 0.167857 -0.027696 
2.033821 -0.418508 0.259913 -0.194934 0.184170 -0.224409 -0.146881 -0.202466 -0.026990 -0.050562 -0.158343 -0.009886 -0.012494 0.160613 -0.138613 
2.060247 -0.274323 0.269056 -0.195897 0.209296 0.090091 0.072964 -0.202249 -0.124515 -0.241601 -0.140060 0.083556 -0.093312 0.044763 -0.131214 
2.010646 -0.280624 0.219514 -0.059175 0.076854 -0.055943 -0.189011 -0.249826 -0.078355 -0.126900 -0.014508 0.044953 -0.155151 0.141670 -0.049340 
1.933917 -0.331992 0.344177 -0.019211 0.326909 0.139786 -0.156817 -0.018568 -0.082812 -0.109657 0.138209 -0.073497 -0.117832 0.098732 -0.181970 
1.707663 -0.431692 0.580476 -0.088412 0.274766 0.195352 -0.057271 0.024592 -0.144217 -0.045902 0.201933 -0.226681 -0.011574 0.138432 -0.233675 
1.682862 -0.598553 0.565678 -0.279801 0.103753 0.194559 -0.187224 -0.210892 -0.283840 -0.089805 0.159117 -0.240947 -0.003259 0.152811 -0.294019 
1.715087 -0.720344 0.668444 -0.226088 0.120828 0.177871 -0.222487 -0.208035 -0.343095 -0.125516 0.164681 -0.229973 -0.116300 0.216789 -0.317693 
1.675998 -0.666438 0.580831 -0.154553 0.099575 0.217842 -0.204344 -0.245707 -0.323707 -0.175545 0.225826 -0.267572 -0.092325 0.142899 -0.255588 
1.753519 -0.548316 0.542515 -0.062750 0.056073 0.195023 -0.228560 -0.214820 -0.288011 -0.110312 0.185417 -0.264909 -0.120412 0.175738 -0.215719 
1.922083 -0.544200 0.529265 0.006060 0.054930 0.222012 -0.296096 -0.237807 -0.246335 -0.067932 0.164841 -0.249945 -0.200064 0.223606 -0.191063 
1.818981 -0.507347 0.559610 -0.048347 0.127598 0.177914 -0.334818 -0.189419 -0.272978 -0.041448 0.178624 -0.283755 -0.202200 0.269021 -0.203133 
1.826346 -0.426196 0.522616 0.026944 0.047257 0.191886 -0.275037 -0.286484 -0.249121 -0.041164 0.207498 -0.241955 -0.180667 0.204665 -0.162944 
1.801583 -0.517074 0.543626 -0.072689 0.091124 0.172504 -0.298399 -0.248071 -0.257499 -0.071717 0.192077 -0.278352 -0.144879 0.209445 -0.180287 
1.784341 -0.637821 0.546249 -0.064056 0.074080 0.174454 -0.310114 -0.241270 -0.270440 -0.031626 0.126880 -0.258721 -0.146069 0.254507 -0.238207 
1.718673 -0.560906 0.533655 -0.051031 0.074557 0.179570 -0.319056 -0.193972 -0.282495 -0.077764 0.180121 -0.290307 -0.145875 0.250329 -0.225458 
1.717409 -0.602749 0.574352 -0.089128 0.120760 0.169066 -0.279884 -0.230491 -0.280468 -0.078475 0.185716 -0.317524 -0.119665 0.214891 -0.236797 
1.604123 -0.590499 0.598893 -0.127208 0.172132 0.195748 -0.309404 -0.224171 -0.322073 -0.028381 0.172452 -0.330152 -0.134638 0.225818 -0.280224 
1.446153 -0.581881 0.707545 -0.107250 0.140420 0.210723 -0.334649 -0.199170 -0.301647 -0.071260 0.160925 -0.337183 -0.148025 0.237804 -0.281411 
1.445893 -0.357745 0.688591 -0.080489 0.098035 0.220730 -0.316269 -0.245168 -0.299925 -0.040957 0.174976 -0.319492 -0.192097 0.288444 -0.283439 
1.404639 -0.104247 0.456270 0.166367 0.114719 0.146408 -0.204082 -0.383317 -0.151148 -0.101856 0.183966 -0.344001 -0.171628 0.172768 -0.158894 
1.139858 0.089178 0.431196 0.033043 0.148082 0.073301 -0.244758 -0.323564 -0.261509 -0.099697 0.193757 -0.322770 -0.153911 0.205106 -0.183913 
0.694795 0.184325 0.232054 0.168387 0.186474 0.002636 -0.368311 -0.206207 -0.274756 -0.158129 0.068061 -0.237345 -0.234047 0.189983 -0.131107 
0.327167 -0.337946 0.266517 -0.014692 0.027390 -0.070108 -0.213121 -0.177351 -0.106299 0.078447 0.145443 -0.173140 -0.069014 0.286638 -0.167393 
