city012_020
TOOKYOO
82
-0.230214 -0.082066 0.030820 -0.061956 -0.052568 0.177780 -0.048475 -0.039152 0.004850 -0.157851 0.170912 -0.002000 -0.077105 0.027693 -0.014464 
-0.433373 -0.170223 -0.051288 -0.128463 0.012404 0.099356 -0.179599 -0.013662 0.205021 -0.089682 -0.020568 -0.001552 0.016869 -0.020889 0.000545 
0.604162 -0.971113 0.370341 -0.452640 0.295306 -0.308359 -0.169291 -0.226947 0.087301 0.311130 -0.110709 0.045010 -0.026218 0.030078 0.138359 
0.782830 -0.447666 0.374779 -0.304609 0.490658 -0.162335 -0.126464 -0.304323 -0.106670 0.218699 -0.047735 -0.114058 0.011221 -0.030428 0.067024 
1.427932 -0.292815 0.233633 -0.194557 0.452397 0.102024 -0.138022 -0.265744 -0.129471 -0.037182 -0.126979 -0.103518 0.068051 -0.108020 -0.112312 
1.345147 -0.206058 0.149312 -0.427954 0.471919 0.250492 -0.069104 -0.310656 -0.084465 -0.104859 -0.120822 0.064443 0.011623 -0.059811 -0.121217 
1.217473 -0.154716 -0.071807 -0.599462 0.283994 0.288468 -0.081931 -0.057152 -0.164160 -0.079924 0.087129 -0.086029 0.189637 -0.047646 -0.119878 
1.732017 -0.420975 0.490903 -0.956051 -0.124381 0.065187 -0.055491 -0.048182 -0.169914 -0.179248 0.028243 -0.135701 0.325296 0.141701 -0.094208 
1.669390 -0.398133 0.614629 -0.986587 -0.197961 0.141311 -0.090643 0.060334 -0.184054 -0.165639 -0.014831 -0.199686 0.307116 0.135656 -0.078536 
1.764808 -0.428588 0.760788 -1.105297 -0.239687 0.071997 -0.022251 0.058124 -0.125618 -0.098686 -0.000251 -0.222000 0.283963 0.118096 -0.084763 
1.650862 -0.337789 0.689893 -1.004786 -0.328110 0.072123 -0.064970 0.070164 -0.113169 -0.099000 -0.024605 -0.221011 0.244197 0.123733 -0.057519 
1.680675 -0.367810 0.723797 -1.012225 -0.317963 0.036822 -0.076309 0.084488 -0.069921 -0.107688 -0.005863 -0.235278 0.211187 0.111532 -0.077638 
1.733473 -0.345165 0.777328 -1.018886 -0.319449 0.003517 -0.098834 0.089523 -0.061238 -0.120413 0.017627 -0.278342 0.196263 0.109559 -0.104853 
1.650518 -0.242826 0.758842 -1.026210 -0.332070 0.012031 -0.138686 0.095545 -0.068894 -0.089581 -0.021013 -0.265120 0.196816 0.085123 -0.096861 
1.654584 -0.169255 0.746287 -1.021692 -0.303622 -0.011176 -0.152562 0.089229 -0.073661 -0.083444 -0.023788 -0.285488 0.226854 0.027258 -0.055435 
1.683618 -0.157683 0.810418 -1.052180 -0.322733 -0.021625 -0.169444 0.071878 -0.054345 -0.085269 -0.026872 -0.256628 0.196773 0.043161 -0.076010 
1.692616 -0.171043 0.814176 -1.019806 -0.333332 -0.020596 -0.205211 0.074696 -0.037982 -0.114012 0.004373 -0.269084 0.188090 0.036781 -0.074610 
1.700181 -0.191760 0.807214 -1.007261 -0.343614 -0.049099 -0.205904 0.053309 -0.006638 -0.133482 0.028866 -0.266581 0.188650 0.030341 -0.064069 
1.732319 -0.153087 0.851250 -1.041520 -0.363611 -0.045171 -0.224471 0.066288 -0.009907 -0.113044 0.034992 -0.250064 0.151107 0.048852 -0.086479 
1.730677 -0.222534 0.786502 -0.907227 -0.437185 -0.060786 -0.197110 0.051093 -0.001874 -0.109126 0.051949 -0.241188 0.144387 0.065743 -0.100416 
1.850678 -0.456187 0.757684 -0.809629 -0.350184 -0.116010 -0.157450 0.043447 -0.009596 -0.100762 0.043483 -0.157868 0.149497 0.068394 -0.106868 
1.752461 -0.408862 0.627041 -0.737851 -0.358065 -0.066625 -0.214251 0.058671 -0.006437 -0.109339 0.031896 -0.186774 0.209143 0.046778 -0.096365 
1.859642 -0.463453 0.676872 -0.832768 -0.330597 -0.076193 -0.211059 0.079315 -0.021559 -0.109265 -0.000293 -0.187774 0.208319 0.064188 -0.105034 
1.760764 -0.398935 0.528334 -0.801950 -0.250030 -0.093664 -0.202265 0.049172 0.000304 -0.109672 -0.041622 -0.171801 0.240619 0.055277 -0.075387 
1.791461 -0.466178 0.519741 -0.840375 -0.204752 -0.088400 -0.174769 0.051463 -0.013901 -0.112140 -0.084652 -0.143238 0.228024 0.091735 -0.062805 
1.813989 -0.468742 0.502157 -0.875539 -0.153674 -0.143175 -0.100504 0.034176 -0.008242 -0.137549 -0.095695 -0.150752 0.239219 0.099831 -0.053669 
1.787814 -0.471919 0.485457 -0.880489 -0.141555 -0.118819 -0.132105 0.081908 -0.018550 -0.146625 -0.109476 -0.154245 0.231923 0.096638 -0.021886 
1.806190 -0.423172 0.574697 -0.963760 -0.203526 -0.059074 -0.118426 0.068577 -0.044248 -0.164316 -0.065571 -0.212203 0.256953 0.104029 -0.037933 
1.801395 -0.441042 0.545234 -0.879200 -0.180473 -0.066454 -0.129600 0.103068 -0.084318 -0.122701 -0.099900 -0.213837 0.258593 0.076103 -0.042174 
1.818391 -0.476237 0.558247 -0.772070 -0.233580 -0.015561 -0.175056 0.077459 -0.075484 -0.184289 -0.038516 -0.257609 0.267894 0.103604 -0.104724 
1.783693 -0.133627 0.547126 -0.924329 -0.210272 0.005084 -0.138096 0.029241 -0.196907 -0.124925 -0.028528 -0.310003 0.310690 0.099831 -0.094551 
1.779963 -0.000357 0.456979 -0.787614 -0.136454 0.066805 -0.114000 -0.035437 -0.340076 -0.117679 -0.017573 -0.282583 0.335432 0.101471 -0.145166 
2.009134 0.296471 0.371130 -0.579204 0.050965 0.143836 0.011180 -0.028372 -0.343867 -0.053718 0.037890 -0.333252 0.268974 -0.032564 -0.209844 
1.859797 0.599318 0.249525 -0.344384 0.194513 0.195035 0.158027 0.037515 -0.352399 -0.200100 0.027872 -0.108675 0.155482 0.029882 -0.088782 
1.618282 0.692304 0.147264 -0.267588 0.371479 0.401547 0.106176 -0.107238 -0.160645 -0.216257 0.062184 0.026388 0.057584 -0.113284 -0.109152 
0.855811 0.388386 0.161541 -0.095217 0.298721 0.373584 0.052634 -0.052368 -0.055219 -0.102452 0.208715 -0.071054 0.060896 -0.010545 -0.167595 
0.475797 0.279302 0.269608 -0.108496 -0.037907 0.121600 0.096385 0.139423 0.256219 -0.120137 0.089777 0.011462 -0.025290 0.058226 -0.077561 
0.034650 -0.110530 0.113423 -0.222582 -0.107160 0.003439 0.031641 0.133766 0.064713 -0.142235 0.110089 -0.097202 0.002390 0.044793 -0.099509 
0.008696 -0.291745 0.101599 -0.187705 -0.263082 0.192783 -0.087116 0.043462 0.134576 -0.196583 0.133866 -0.057363 -0.007490 0.033953 -0.086757 
-0.039718 -0.464181 0.310318 -0.202518 -0.273009 0.186103 -0.024089 0.000477 0.201276 -0.197313 0.033548 0.039422 -0.045599 -0.008462 0.010169 
-0.067607 -0.240241 0.148399 -0.269221 -0.232744 0.017084 -0.099312 -0.006103 0.208399 -0.155476 0.136426 -0.028949 -0.016535 -0.000389 -0.054544 
-0.207711 0.002819 0.130099 -0.303896 -0.233162 -0.047104 -0.123357 0.026795 0.060123 -0.093488 0.204943 -0.026273 -0.059202 0.103442 -0.107992 
-0.134509 -0.905416 0.750780 -0.688112 0.038148 -0.004898 -0.115385 0.035928 0.109847 -0.035064 0.037089 0.002270 -0.046904 0.041134 -0.042328 
-0.186100 -0.717560 0.756854 -0.677437 0.141726 0.034892 -0.096345 0.006395 0.116230 -0.081161 0.019976 0.026411 -0.064432 0.081605 -0.087485 
-0.232867 -0.739178 0.793381 -0.721126 0.164804 0.079184 -0.058823 -0.155500 0.090410 -0.000822 0.010104 0.013095 0.002948 -0.037243 0.003464 
0.217988 -0.850178 0.871449 -0.527431 -0.116283 -0.110687 -0.285687 -0.071175 0.138849 -0.034713 0.083064 0.059791 0.035003 0.077692 -0.105577 
-0.171025 -0.932920 1.080670 -0.387909 -0.282025 -0.165249 -0.052688 -0.187248 0.146221 -0.015115 -0.015905 0.140432 0.013932 0.003247 -0.013985 
0.094051 -0.887807 0.763307 -0.309720 -0.118661 0.079493 -0.042324 -0.424596 0.135970 0.124560 -0.034993 -0.061014 0.081733 0.019033 -0.069959 
0.427841 -0.667682 0.634498 -0.221777 -0.189295 -0.079583 -0.022447 -0.115866 0.034653 -0.059084 0.123607 -0.100241 0.084072 0.050623 -0.155608 
1.109192 -0.921163 0.798129 0.357752 -0.237157 -0.220255 -0.207594 0.064874 -0.162663 -0.331461 0.187865 -0.144295 -0.006345 0.107002 -0.141327 
1.523077 -1.228674 0.977717 -0.040700 -0.216643 -0.238752 -0.219018 0.085311 -0.206055 -0.291022 0.316393 -0.183868 0.049944 0.189823 -0.181663 
1.555991 -1.141588 0.719138 -0.255476 -0.200141 -0.055828 -0.265331 -0.061586 -0.314045 -0.240268 0.326730 -0.165378 0.128674 0.218899 -0.197042 
1.711854 -0.974026 0.645679 -0.563386 -0.060720 0.083606 -0.295714 -0.238444 -0.265556 -0.166123 0.342904 -0.147070 0.171470 0.187286 -0.230682 
1.876533 -0.829829 0.451976 -0.638950 -0.132800 0.170581 -0.252327 -0.102666 -0.360719 -0.225831 0.348454 -0.149752 0.224687 0.291332 -0.302075 
1.869157 -0.711324 0.416950 -0.764796 -0.149339 0.227627 -0.141004 -0.110510 -0.308659 -0.222357 0.308971 -0.137460 0.268010 0.256725 -0.307500 
1.870139 -0.657234 0.473802 -0.823592 -0.263364 0.216201 -0.155727 -0.015016 -0.225745 -0.230707 0.189403 -0.205394 0.306351 0.292429 -0.242264 
1.839939 -0.573068 0.457795 -0.859544 -0.298644 0.210883 -0.158449 0.018747 -0.169718 -0.253542 0.112124 -0.247947 0.330984 0.288228 -0.196807 
1.829573 -0.598751 0.529256 -0.926776 -0.260068 0.116667 -0.094761 0.056268 -0.163106 -0.241312 0.079479 -0.219487 0.295535 0.278703 -0.151892 
1.856588 -0.516382 0.522676 -0.998469 -0.269687 0.149265 -0.109323 0.048944 -0.117869 -0.248834 0.080941 -0.219859 0.297297 0.259778 -0.135052 
1.842714 -0.476689 0.572290 -1.022859 -0.320437 0.152759 -0.075389 0.037004 -0.128901 -0.210983 0.064308 -0.204456 0.297836 0.257947 -0.136130 
1.914759 -0.458155 0.534558 -1.007311 -0.359088 0.208079 -0.134808 0.046677 -0.100902 -0.209051 0.064777 -0.211162 0.285374 0.258749 -0.159441 
1.905037 -0.413500 0.423919 -0.949069 -0.373631 0.199354 -0.152696 -0.016242 -0.023334 -0.281065 0.120482 -0.276022 0.314889 0.244393 -0.122054 
1.827276 -0.364383 0.458798 -0.957156 -0.442832 0.201410 -0.154016 0.054284 -0.079878 -0.211616 0.086979 -0.230372 0.269554 0.288590 -0.156854 
1.733822 -0.333217 0.441211 -0.963100 -0.437503 0.150141 -0.135134 0.060726 -0.072143 -0.184879 0.087535 -0.230619 0.290536 0.243238 -0.119606 
1.830872 -0.399563 0.485146 -1.028797 -0.420308 0.155139 -0.166389 0.064206 -0.044486 -0.213362 0.101706 -0.223891 0.283446 0.263425 -0.119877 
1.710389 -0.285495 0.441284 -1.016045 -0.467635 0.175547 -0.193824 0.090675 -0.040190 -0.194811 0.096228 -0.217038 0.283644 0.240706 -0.096919 
1.752001 -0.313363 0.435473 -1.021111 -0.432409 0.136370 -0.201121 0.098006 -0.042647 -0.180013 0.081509 -0.222020 0.283301 0.233421 -0.106317 
1.792976 -0.321940 0.487666 -1.072334 -0.405931 0.091864 -0.151056 0.060522 -0.023817 -0.172488 0.076360 -0.217873 0.300709 0.205631 -0.086494 
1.760893 -0.280645 0.517598 -1.099730 -0.419154 0.055602 -0.139169 0.082377 -0.035390 -0.148974 0.092728 -0.229760 0.268376 0.235199 -0.124365 
1.779795 -0.305150 0.512479 -1.077472 -0.454478 0.070391 -0.161518 0.087237 -0.042107 -0.121032 0.064457 -0.221569 0.279817 0.228161 -0.125341 
1.777197 -0.334719 0.532026 -1.090542 -0.435723 0.040392 -0.126320 0.062710 -0.019401 -0.128661 0.072286 -0.227915 0.296503 0.199871 -0.100321 
1.767853 -0.331249 0.492267 -1.049226 -0.461619 0.061235 -0.178560 0.085075 -0.009495 -0.137834 0.085081 -0.240726 0.291399 0.199704 -0.104751 
1.709268 -0.223337 0.483487 -1.105582 -0.415764 0.048986 -0.147336 0.079535 -0.029782 -0.111620 0.066827 -0.238005 0.312558 0.170519 -0.093930 
1.760913 -0.217408 0.411009 -1.067195 -0.415402 0.076773 -0.167979 0.059004 -0.008742 -0.131952 0.073348 -0.232480 0.307764 0.176822 -0.108071 
1.885925 -0.084583 0.330366 -1.078322 -0.414682 0.101602 -0.160558 0.034753 -0.010891 -0.134661 0.095637 -0.248911 0.332760 0.154550 -0.106821 
1.788574 0.021667 0.247665 -0.968784 -0.482414 0.093284 -0.171663 0.035782 -0.000329 -0.111435 0.073138 -0.195113 0.285870 0.153632 -0.088181 
1.745803 0.270042 0.170628 -0.952880 -0.485245 0.049664 -0.088316 0.027790 -0.046637 -0.063513 0.043402 -0.225072 0.324625 0.126526 -0.074300 
1.506566 0.407732 0.215082 -0.978643 -0.455523 0.048233 -0.083025 0.071201 -0.058913 -0.029716 -0.024283 -0.216027 0.272332 0.118168 -0.078410 
1.276480 0.151965 0.338125 -0.825227 -0.502674 -0.105391 -0.054465 -0.042436 0.009003 -0.022969 0.077075 -0.239283 0.296555 0.040509 -0.070009 
0.983550 0.392835 0.105192 -0.693121 -0.727296 0.014240 0.006425 -0.096704 -0.037457 -0.073897 -0.014362 -0.152431 0.275102 0.245326 -0.042725 
0.685703 0.297336 0.071071 -0.627069 -0.600423 -0.048072 0.041766 -0.080544 0.017279 -0.250338 0.124124 -0.053756 0.124124 0.268884 0.057832 
0.089184 -0.037351 -0.036574 -0.224862 -0.211106 -0.039009 -0.133827 -0.039001 0.109111 -0.094744 0.180615 -0.003514 -0.022069 0.023687 -0.035731 
