city012_008
KUNITACHI
82
0.366113 -0.320118 -0.327246 -0.109218 0.138498 0.111730 -0.080488 -0.081918 0.200255 -0.120410 -0.061660 0.091038 -0.044276 0.021748 -0.015970 
1.040861 -1.016592 -0.317323 -0.194861 0.134633 -0.201123 -0.008565 -0.246215 0.109972 0.161082 0.058905 0.036202 0.008875 -0.058059 -0.163223 
1.290172 -0.832094 -0.675925 -0.477042 0.354176 0.101112 -0.132927 -0.276501 0.084865 0.192452 0.156942 -0.105023 -0.060056 -0.047694 0.014798 
1.180725 -0.677110 -0.308165 -0.527133 0.233557 -0.028419 0.089570 -0.126334 0.017541 0.060130 0.095033 -0.101832 0.013653 0.022489 -0.131075 
1.430694 -0.748249 0.419369 0.085041 0.524899 0.001676 -0.056981 -0.189991 0.055070 0.037555 0.122804 -0.212650 0.043037 -0.016732 -0.053463 
1.649709 -0.481390 0.527507 0.123411 0.483202 0.006992 -0.040319 -0.161096 -0.120577 -0.091187 0.122827 -0.133177 -0.174595 -0.056256 -0.069006 
1.479690 -0.538524 0.289606 0.114553 0.267158 -0.068012 -0.182811 -0.289613 -0.152922 -0.054790 0.038461 -0.238857 -0.030792 0.064822 -0.132915 
1.579898 -0.460834 0.261248 0.041937 0.430876 0.144933 -0.268481 -0.227512 -0.151933 -0.078388 0.102763 -0.309165 -0.039081 -0.024791 -0.148579 
1.742192 -0.699193 0.546257 -0.037930 0.183728 0.182701 -0.340662 -0.165864 -0.248512 -0.127264 0.225602 -0.430207 -0.042503 0.163860 -0.220671 
1.830741 -0.784992 0.584695 -0.062317 0.141016 0.110212 -0.321273 -0.198841 -0.214556 -0.146478 0.259910 -0.441392 -0.035159 0.223191 -0.190886 
1.734260 -0.845603 0.637942 0.106413 0.103651 0.035575 -0.340764 -0.062881 -0.180668 -0.191689 0.135387 -0.458345 0.045801 0.224474 -0.268315 
1.523671 -0.959272 0.998001 0.095833 0.055975 -0.055691 -0.291776 0.015656 -0.184073 -0.231937 0.129359 -0.384816 0.043665 0.179435 -0.303890 
1.224391 -0.840798 1.043887 0.095268 -0.021024 0.038616 -0.240520 0.004998 -0.251967 -0.303023 0.183976 -0.412570 0.016401 0.098017 -0.312521 
1.285665 -0.791003 0.940820 0.453732 -0.121578 0.239251 -0.215665 -0.241698 0.011953 -0.162546 -0.105798 -0.388565 0.088133 -0.073186 -0.268860 
1.300809 -0.876575 0.959371 0.511306 -0.152291 0.191726 -0.204221 -0.195696 0.005053 -0.229234 -0.122785 -0.293953 0.046994 -0.106523 -0.271284 
1.307116 -0.863713 0.973919 0.536762 -0.196002 0.136516 -0.161963 -0.180825 -0.013358 -0.268359 -0.102018 -0.269974 0.057205 -0.159770 -0.201919 
1.278363 -0.691793 0.998697 0.536638 -0.266278 0.044182 -0.088116 -0.166190 -0.086353 -0.289830 -0.036849 -0.248713 -0.008889 -0.135640 -0.108394 
1.445222 -0.746363 0.915181 0.614077 -0.267388 0.022138 -0.127609 -0.223566 -0.043005 -0.264741 -0.033085 -0.306363 0.007119 -0.047283 -0.118902 
0.875042 -0.672147 1.452032 -0.301974 0.206938 0.084158 -0.480092 -0.019297 -0.121270 -0.245513 -0.010575 -0.289843 -0.024982 0.080569 -0.187696 
0.868259 -0.684114 1.537256 -0.378302 0.180099 0.132085 -0.454962 -0.024038 -0.167477 -0.259617 0.050965 -0.331608 -0.044079 0.091781 -0.193421 
0.806437 -0.673371 1.420887 -0.322043 0.158055 0.167995 -0.511600 -0.018477 -0.171012 -0.243840 0.052119 -0.360906 -0.008991 0.090444 -0.200434 
0.866898 -0.696092 1.520436 -0.419259 0.209922 0.149227 -0.556103 -0.024634 -0.139301 -0.232383 0.041535 -0.378912 0.039605 0.101240 -0.227815 
0.789644 -0.623783 1.473599 -0.472023 0.213402 0.196724 -0.592786 -0.034441 -0.126065 -0.233195 0.034993 -0.354495 0.052367 0.059063 -0.174590 
0.831158 -0.610855 1.498045 -0.537633 0.250252 0.210424 -0.618132 -0.037303 -0.128249 -0.215032 0.032205 -0.351187 0.052745 0.057646 -0.152858 
0.804812 -0.601362 1.458183 -0.555147 0.278868 0.196882 -0.603031 -0.063481 -0.128333 -0.224523 0.039739 -0.348051 0.035725 0.049397 -0.133143 
0.759512 -0.522562 1.335562 -0.516127 0.298414 0.207024 -0.578611 -0.068064 -0.178862 -0.176731 0.019201 -0.327728 -0.003816 0.034570 -0.096558 
0.744543 -0.506808 1.255421 -0.453067 0.338280 0.205422 -0.555640 -0.135409 -0.123785 -0.191991 0.008128 -0.320960 -0.061165 0.050457 -0.084725 
0.782059 -0.365838 1.084989 -0.316890 0.351468 0.237854 -0.555411 -0.167731 -0.015838 -0.217458 -0.035025 -0.277593 -0.109803 0.047788 -0.079525 
0.900611 -0.340047 0.772031 0.150401 0.191783 0.279359 -0.338421 -0.237082 -0.010469 -0.181619 0.051788 -0.383165 -0.112799 0.023854 -0.108816 
0.829660 -0.214287 0.677970 0.261485 0.086673 0.101362 -0.253858 -0.229851 0.111442 -0.132422 -0.021698 -0.299598 0.026904 0.064773 -0.090220 
0.590771 -0.375415 0.487325 0.313860 0.081213 0.159283 -0.309127 -0.295707 0.086253 -0.131893 0.094070 -0.339651 -0.099811 0.183796 -0.083973 
-0.061932 -0.307211 0.470903 0.151259 0.063370 0.159440 -0.327703 -0.189409 0.095382 -0.086465 0.126920 -0.244274 -0.069450 0.199667 -0.094876 
-0.220407 -0.188532 0.411778 0.006939 -0.025788 0.104008 -0.147763 -0.189665 0.082861 -0.120554 0.155004 -0.140636 -0.027765 0.091347 -0.059392 
-0.061130 -0.126203 0.259855 -0.057284 -0.066196 0.190219 -0.117117 0.133832 0.163035 -0.165634 0.145220 -0.132277 0.061001 0.051515 -0.122090 
-0.135451 -0.174663 0.265839 -0.038799 0.098936 0.016078 -0.204942 -0.023194 0.003021 -0.185308 0.231186 -0.105200 -0.067160 0.080211 -0.052193 
-0.059679 -0.203588 0.147699 -0.015395 0.015633 0.168564 -0.120986 0.042105 0.129192 -0.205001 0.187868 -0.097476 -0.019000 0.100747 -0.128181 
0.428906 -1.090611 0.375315 -0.236323 0.030916 0.018874 -0.153752 -0.187557 0.122018 -0.076629 0.124878 0.124171 -0.180627 -0.002935 0.079053 
0.810139 -0.619074 0.634567 -0.102786 0.037155 -0.051707 0.074947 -0.116390 -0.028149 -0.244541 -0.049252 0.234549 -0.121818 -0.148139 0.117482 
1.331822 -1.146447 0.720895 -0.303623 -0.132952 -0.180127 -0.289950 -0.032102 0.049519 0.020021 -0.034288 0.126382 0.153658 -0.134680 0.092299 
1.383078 -1.432185 0.808490 -0.493600 0.024048 -0.289482 -0.291659 0.158688 0.209828 0.109757 -0.116426 0.068563 0.144117 -0.155045 -0.029921 
1.277868 -1.486007 0.516029 -0.453404 -0.002671 -0.316816 -0.211947 0.219660 0.174474 0.138454 -0.074997 -0.062246 0.142167 -0.103399 -0.132064 
1.239057 -1.573885 0.386525 -0.586141 0.161671 -0.447385 0.013368 0.130258 0.172654 0.217755 -0.028461 -0.289034 0.144063 0.021166 -0.225810 
1.215301 -1.493602 0.257062 -0.588752 0.145151 -0.327574 -0.018472 0.103292 0.192190 0.237527 -0.011438 -0.365341 0.111554 0.077624 -0.226501 
1.300283 -1.526978 0.195836 -0.549578 0.077991 -0.251827 0.037546 0.071044 0.214172 0.230301 -0.077476 -0.351325 0.120627 0.031278 -0.198759 
1.386227 -1.463568 0.195717 -0.528361 0.030869 -0.200810 -0.050494 0.093892 0.193585 0.303861 -0.152765 -0.292607 0.133024 0.007762 -0.201134 
1.456294 -1.447145 0.261953 -0.415950 -0.028626 -0.230395 -0.062919 0.044187 0.244993 0.246657 -0.105323 -0.257802 0.153810 -0.010999 -0.214503 
1.524181 -1.466259 0.359765 -0.319564 0.000920 -0.286274 -0.081837 0.023329 0.224162 0.254203 -0.157577 -0.140199 0.144769 -0.034975 -0.154055 
1.534520 -1.135047 0.250607 -0.090031 -0.047004 -0.262485 -0.061158 -0.125465 0.188671 0.132905 -0.224997 -0.000299 0.210484 -0.036069 -0.101635 
1.464272 -0.734176 0.191956 0.282705 -0.039346 -0.310867 -0.178297 -0.074866 0.239885 -0.063494 -0.183756 0.078425 0.164842 -0.075953 -0.051605 
0.900758 -0.206464 0.358971 0.405009 0.099864 -0.098073 -0.171396 -0.173225 0.149795 -0.121843 -0.180760 -0.118818 0.124616 -0.067542 -0.092821 
0.490668 -0.294602 0.227556 0.235572 -0.088245 0.009668 -0.119609 -0.089503 0.278678 0.005828 -0.073581 -0.064178 0.090788 0.047925 -0.074240 
0.218602 -0.748961 -0.145816 0.079182 -0.227054 -0.123945 -0.151319 -0.020763 0.288640 0.073000 0.060168 -0.254784 0.071493 0.122827 -0.127203 
0.237474 -0.670072 0.038189 0.177641 -0.027551 0.006573 -0.062911 0.012704 0.208873 -0.027716 -0.068402 -0.155305 0.159270 0.067776 -0.150847 
0.294090 -0.329916 0.086726 0.180238 -0.041406 0.001511 0.111533 0.061023 0.325637 0.034909 -0.123938 -0.133286 0.151924 0.108368 -0.205733 
-0.189368 -0.796659 0.174005 0.010702 0.166021 -0.007172 -0.134563 0.000176 0.128172 -0.005582 -0.043271 -0.095717 0.097528 0.056208 -0.116540 
-0.050221 -0.726959 0.017988 -0.093337 0.040843 -0.110753 -0.055236 -0.048249 0.070112 0.049199 0.041300 -0.079898 0.009496 0.033231 -0.040591 
-0.206801 -0.777098 0.046319 -0.285606 0.059666 -0.164261 0.049090 -0.030936 0.111781 0.006375 0.053571 -0.072507 -0.012766 0.002994 -0.031280 
-0.736177 -0.533273 0.217076 -0.359716 0.319602 -0.117174 -0.000332 -0.000380 0.153732 -0.143034 -0.038251 0.065058 0.028887 -0.048479 0.007892 
-0.833979 -0.540694 0.271560 -0.331908 0.289570 -0.292267 -0.034882 0.010692 0.147823 0.035802 -0.120397 -0.055175 0.161189 -0.047626 -0.083678 
-0.713357 -0.597164 0.183004 -0.548191 0.222052 -0.413717 0.151660 0.076643 0.094795 0.085977 -0.054471 -0.094080 0.059434 -0.069832 -0.019202 
-0.495256 -0.765876 0.276902 -0.454956 0.150170 -0.402744 0.150500 -0.103700 0.154929 0.120594 -0.042940 -0.011082 0.017929 -0.123593 0.107111 
-0.492658 -0.698177 0.344406 -0.433313 0.152317 -0.169482 -0.032176 -0.056728 0.163283 0.052407 -0.087000 0.004079 0.025686 -0.026789 0.008337 
-0.619546 -0.758953 0.316517 -0.498904 0.345560 -0.191670 0.029000 -0.148015 0.084851 0.104997 -0.038016 0.017438 -0.066291 -0.031067 0.118746 
-0.761177 -0.815076 0.220990 -0.534168 0.376516 -0.255592 0.122693 -0.080126 0.142157 0.048245 -0.158713 0.023025 0.079285 -0.118347 0.091706 
-0.776533 -0.930053 0.297052 -0.444825 0.247559 -0.147240 0.031152 -0.014559 0.078688 0.032254 -0.081675 0.048208 -0.045818 -0.047500 0.124105 
-0.721076 -0.993236 0.415478 -0.509124 0.230049 0.018376 0.164517 -0.153033 0.047580 -0.054621 -0.064439 0.177909 -0.103972 0.008850 0.016081 
-0.611452 -0.854538 0.430372 -0.470438 0.198764 -0.047745 0.205681 -0.262820 -0.022835 0.116103 0.019244 0.025016 -0.106869 0.012504 0.075266 
-0.834050 -0.945905 0.517609 -0.424639 0.470879 -0.094648 0.081907 -0.218531 0.094242 0.045109 -0.076737 0.127767 -0.088325 -0.070577 0.099055 
-0.423370 -0.724298 0.443932 -0.626965 0.228810 -0.375935 0.066619 -0.081082 -0.000125 0.213028 -0.014935 0.074072 -0.128362 0.008028 0.107652 
-0.609319 -0.694789 0.347652 -0.598679 0.228007 -0.235318 0.067726 0.024910 0.073124 -0.009047 0.013746 0.020940 -0.081167 -0.007370 0.080760 
-0.572791 -0.745170 0.386418 -0.569177 0.234937 -0.275699 0.059644 0.049343 0.114078 -0.001978 -0.111961 0.104232 -0.035445 -0.087620 0.069725 
-0.356907 -0.557588 0.396817 -0.671982 0.320728 -0.203782 -0.093903 -0.082059 0.231864 0.039846 -0.130810 0.123532 -0.081604 -0.001783 0.043861 
-0.481475 -0.686717 0.400271 -0.526751 0.289571 -0.290131 0.024607 -0.043978 0.033435 0.105183 -0.069719 0.081170 -0.058193 -0.052883 0.086271 
-0.542321 -0.488634 0.505073 -0.716656 0.263668 -0.166256 0.187878 -0.144421 -0.014294 0.054572 -0.029839 0.096995 -0.086363 -0.042957 0.112421 
-0.801140 -0.858368 0.298270 -0.741325 0.288365 -0.118966 0.215486 -0.062178 0.063677 -0.028653 -0.044980 0.010696 -0.007956 -0.091694 0.164755 
-0.407368 -0.590348 0.373151 -0.754444 0.294660 -0.079445 -0.048730 -0.058175 0.067260 0.135746 -0.147385 0.132310 -0.074093 -0.079218 0.114973 
-0.386658 -0.606204 0.401377 -0.742161 0.242597 -0.068189 -0.095635 -0.149151 0.123594 0.114811 -0.012229 0.062058 -0.086591 -0.060195 0.106983 
-0.544327 -0.596190 0.430080 -0.847881 0.030834 0.030270 -0.001954 -0.181662 0.222937 0.109041 -0.041808 0.062472 -0.114035 -0.026734 -0.007811 
-0.513630 -0.647368 0.348459 -0.666514 0.235842 0.024726 -0.041085 -0.148981 0.068181 0.123793 -0.058386 0.053906 -0.051466 -0.079997 0.104135 
-0.407186 -0.582053 0.258392 -0.422994 0.243479 -0.102555 -0.211063 -0.220376 0.098018 0.195100 0.056674 -0.038568 -0.134429 0.085699 0.157604 
-0.529179 -0.586055 0.384516 -0.503741 0.057983 -0.224821 -0.232876 -0.040603 0.134504 0.128922 0.078255 0.025127 -0.069708 0.036952 0.079777 
-0.530804 -0.479061 0.416610 -0.521686 0.060444 -0.124727 -0.223253 -0.031889 0.021875 0.114534 0.099754 -0.022007 0.012182 -0.060757 0.137143 
