city012_068
KYAKUSHA
66
0.312998 -0.540205 0.438798 -0.342111 0.000724 0.129919 -0.234737 -0.089927 -0.003119 -0.035687 0.131564 -0.009710 -0.108606 0.167461 -0.139919 
0.006778 -0.488389 0.800488 -0.604200 0.168253 -0.160600 -0.203837 -0.024992 -0.050296 0.027072 0.052357 -0.002166 -0.022784 0.138969 -0.120514 
-0.004538 -0.444674 0.845862 -0.728757 0.218332 -0.086420 -0.217786 0.031331 -0.113930 0.131262 -0.053459 0.043017 -0.008287 0.041170 -0.023592 
0.341791 -0.439570 0.711336 -0.735321 0.269941 0.012724 -0.266896 -0.024850 -0.023023 -0.031807 0.033492 0.106271 -0.166001 0.183092 -0.112449 
0.434584 -0.473644 0.761940 -0.608250 0.358625 0.111077 -0.261178 0.002950 0.395226 0.002974 -0.153513 0.116197 -0.106812 0.117820 -0.036766 
0.300392 -0.839274 0.777645 -0.478397 0.235553 0.087709 -0.066905 -0.083061 0.123870 0.101071 -0.177766 0.062466 0.012369 0.051053 -0.123787 
0.351455 -1.237847 0.637803 -0.347841 -0.024910 -0.107860 0.096802 -0.093875 0.101608 0.094201 -0.135535 0.050612 -0.029434 0.086205 -0.148149 
1.031032 -0.912481 0.336515 -0.258896 0.216656 -0.156102 0.069576 0.092204 0.231718 0.073809 -0.277177 0.058492 0.035905 0.015849 -0.108226 
1.525790 -1.406553 0.271306 -0.339679 0.141423 -0.266600 -0.053238 0.258359 0.135960 0.046186 -0.157881 -0.001600 -0.039455 0.001126 -0.050569 
1.343321 -1.642907 0.261947 -0.525845 0.285139 -0.355499 -0.046657 0.296756 0.011361 0.160044 -0.078379 -0.203661 0.025190 0.125055 -0.170930 
1.197170 -1.682378 0.221279 -0.620462 0.381969 -0.322967 -0.056887 0.258741 0.079188 0.105503 -0.037209 -0.230603 -0.029355 0.120038 -0.044168 
1.138714 -1.648856 0.213706 -0.608023 0.332452 -0.289524 -0.058083 0.243660 0.102673 0.094385 0.019057 -0.270207 -0.092843 0.164657 -0.014392 
1.117434 -1.599042 0.187836 -0.571733 0.317196 -0.295947 -0.067314 0.270945 0.075755 0.115385 0.011562 -0.274518 -0.079240 0.139459 0.008188 
1.303116 -1.584430 0.238507 -0.552026 0.346128 -0.348758 -0.057190 0.255669 -0.005253 0.205228 -0.013866 -0.240693 -0.068214 0.156260 -0.045599 
1.426094 -1.428162 0.085086 -0.305032 0.205345 -0.351132 -0.048380 0.186051 -0.083262 0.309702 -0.039117 -0.233363 0.029838 0.120775 -0.041605 
1.453579 -1.140312 0.194777 -0.306206 0.330397 -0.543696 -0.024854 0.070720 -0.078615 0.378415 -0.061506 -0.185934 0.064009 0.111321 -0.021651 
1.288535 -0.464652 0.161337 -0.058157 0.251574 -0.433315 -0.144974 0.071628 -0.095864 0.254873 -0.040429 -0.202050 0.069301 0.274450 -0.197533 
0.885525 -0.433972 -0.114022 0.004426 0.253921 -0.006430 -0.027638 0.142083 0.146825 0.144767 -0.073014 -0.136369 -0.046504 0.246332 -0.091223 
0.492262 -0.619422 -0.262165 -0.142263 -0.028682 0.007687 0.020112 0.006885 0.221520 0.085484 -0.040160 -0.262437 -0.094452 0.291540 -0.127919 
0.218336 -0.663822 -0.318157 -0.141732 -0.075508 -0.040021 -0.007345 0.028626 0.146457 0.092914 0.027413 -0.228612 -0.038112 0.139891 -0.092883 
0.199383 -0.540735 -0.273425 -0.004659 -0.021059 -0.148335 -0.014990 0.081555 0.039552 0.046738 0.099191 -0.173492 -0.082058 0.232281 -0.173861 
-0.022442 -0.656005 -0.329351 0.002587 -0.043258 -0.117076 -0.034267 -0.001967 0.207258 0.026830 0.076325 -0.210766 -0.130725 0.305256 -0.125444 
0.148691 -0.670456 -0.211296 0.065235 0.088398 -0.148004 -0.170099 0.187295 0.114372 -0.072324 0.104370 -0.181173 -0.060113 0.251439 -0.160589 
0.114756 -0.615452 -0.195903 0.212752 -0.003277 -0.098148 -0.083954 0.063010 0.155957 -0.085310 0.071751 -0.126966 -0.080949 0.282096 -0.175563 
0.579572 -0.774735 -0.277304 -0.254451 0.062733 0.009683 -0.093979 -0.016089 0.070876 0.063883 0.026287 0.002760 -0.099778 0.078057 -0.136501 
1.132622 -1.230232 -0.099390 -0.306389 0.290972 -0.057092 -0.039304 -0.116185 0.002848 0.175672 0.015197 -0.084345 -0.076608 0.126374 -0.076514 
1.197330 -1.025577 -0.145164 -0.178765 0.207941 -0.361329 0.166091 -0.115639 -0.119447 0.240243 0.088433 -0.009121 -0.178205 0.074178 0.007413 
1.126095 -1.565895 -0.010657 -0.141583 -0.085789 -0.184204 0.332940 0.001237 -0.068410 -0.026929 -0.000114 0.143689 -0.158898 0.008216 -0.035706 
0.379321 -1.147974 0.645564 -0.381896 -0.133358 -0.270862 0.327097 -0.019564 -0.095796 0.075737 0.023594 0.035991 -0.161367 0.143026 -0.095620 
0.173497 -1.025191 1.013931 -0.266129 -0.095021 -0.300659 0.316949 -0.004588 -0.144113 0.075126 0.035757 0.034231 -0.134879 0.082169 0.007135 
-0.125373 -1.061746 0.893754 -0.419515 0.046575 -0.256509 0.308567 0.055332 -0.228771 0.121048 -0.012990 0.035035 -0.078909 -0.002965 0.075908 
-0.224122 -1.069080 0.894076 -0.510531 0.154127 -0.192815 0.361742 0.007979 -0.133706 0.033472 -0.070194 0.128777 -0.098722 -0.002391 0.084427 
-0.256201 -0.982078 0.779374 -0.558543 0.009629 -0.289499 0.376984 0.104338 -0.108954 0.080159 -0.151739 0.123121 -0.119275 -0.016493 0.085324 
-0.252510 -1.097906 0.821933 -0.617300 -0.026193 -0.380452 0.303723 0.170054 -0.135295 0.127407 -0.091490 0.087810 -0.098332 -0.084493 0.047260 
-0.422654 -1.092206 0.715604 -0.633310 0.067618 -0.443584 0.370010 0.221626 -0.145254 0.056183 -0.050255 -0.004250 0.000685 -0.164859 0.125482 
-0.515846 -0.925257 0.649024 -0.654004 0.243357 -0.507498 0.313573 0.068372 -0.087569 0.127246 -0.052811 0.013923 -0.043135 -0.028928 0.088910 
-0.621630 -1.050849 0.521158 -0.531608 0.234636 -0.305851 0.303533 0.057874 -0.107105 0.028868 -0.092639 0.087237 0.000030 -0.090896 0.101151 
-0.835287 -0.979612 0.508959 -0.665611 0.270914 -0.315165 0.312104 0.167256 -0.199158 -0.010499 0.024647 -0.003618 -0.032144 -0.014827 0.088002 
-0.870427 -1.028819 0.479782 -0.628053 0.271438 -0.183946 0.305766 0.095686 -0.102973 -0.150005 -0.068857 0.209209 -0.038513 -0.094159 0.148482 
-1.026416 -0.932132 0.489526 -0.642226 0.373272 -0.110315 0.150457 0.067719 -0.115577 -0.092445 0.029235 0.108865 -0.061262 0.017756 -0.020435 
-0.781830 -0.844439 0.488709 -0.711533 0.235001 -0.313491 0.260324 0.016654 0.029219 0.081424 -0.143020 0.040675 -0.037667 0.011030 -0.011120 
-0.660251 -0.701079 0.400389 -0.651864 0.375800 -0.301994 0.224136 -0.013679 -0.043292 0.159104 -0.230698 0.113380 -0.005706 -0.031483 0.048468 
-0.725232 -0.868145 0.519420 -0.503574 0.449559 -0.299306 0.180091 -0.031059 -0.005563 0.071286 -0.190859 0.126776 0.045052 -0.058818 -0.039740 
-0.739554 -0.593687 0.753095 -0.538038 0.257223 -0.574819 0.169920 0.097704 -0.026290 0.039435 -0.081541 0.104134 0.073828 -0.152855 0.006143 
-0.549306 -0.545602 0.527885 -0.731709 0.356877 -0.385513 0.301892 0.102799 -0.031991 0.066734 -0.205195 0.047791 0.112176 -0.148364 0.052259 
-0.323264 -0.516733 0.774591 -0.815564 0.196577 -0.453262 0.285908 0.138911 0.086699 0.043386 -0.173086 0.162008 -0.135067 -0.096723 0.041304 
0.224173 -0.654971 0.952021 -0.601219 0.130960 -0.331307 0.180050 0.069311 0.033693 0.097057 -0.156453 0.124611 0.020584 -0.142449 0.043483 
0.589234 -0.622383 0.781143 -0.255818 0.087354 -0.275978 0.180519 0.014728 -0.092281 0.078259 -0.207960 0.207045 0.016600 -0.171657 0.077028 
1.411383 -1.270506 1.103138 -0.292846 -0.144906 -0.277400 -0.188902 0.009200 -0.043467 0.048890 -0.039713 0.060744 0.168069 -0.050111 -0.086583 
1.571844 -1.420545 1.006012 -0.427807 -0.152145 -0.282725 -0.287499 0.012938 -0.035393 0.137081 0.017905 0.067760 0.200648 -0.032492 -0.092047 
1.451634 -1.452896 0.750128 -0.476525 -0.099492 -0.235743 -0.221202 0.010505 0.159402 0.128523 0.010243 -0.054626 0.213502 -0.064554 -0.179881 
1.337233 -1.348568 0.549976 -0.538849 -0.044752 -0.274752 -0.218348 0.003684 0.259790 0.263724 -0.054364 -0.135462 0.196042 -0.014207 -0.265527 
1.318949 -1.335068 0.413708 -0.528479 -0.020425 -0.259517 -0.171124 0.000349 0.284060 0.250225 -0.058212 -0.156710 0.136052 0.009060 -0.256379 
1.345868 -1.430468 0.349070 -0.628384 0.091326 -0.192869 -0.180748 -0.016598 0.308548 0.190092 -0.031615 -0.193501 0.124595 0.002883 -0.202633 
1.333953 -1.432726 0.232982 -0.595240 0.135124 -0.194544 -0.100132 0.107187 0.175593 0.180475 0.012946 -0.244900 -0.029325 0.105097 -0.133634 
1.492494 -1.473469 0.192214 -0.742696 0.213174 -0.156150 -0.061827 0.080958 0.149644 0.199977 -0.007587 -0.255169 -0.021564 0.102468 -0.140446 
1.424915 -1.370917 0.073984 -0.682102 0.156807 -0.114152 -0.009146 0.077961 0.096459 0.223027 0.030619 -0.275529 -0.077476 0.095215 -0.103934 
1.522112 -1.368145 -0.002479 -0.672577 0.150798 -0.109740 0.064420 0.017980 0.064706 0.231542 0.093166 -0.313023 -0.100599 0.128716 -0.118387 
1.615487 -1.448672 0.023052 -0.671424 0.091113 -0.014962 0.044155 -0.004115 0.039755 0.296378 0.044116 -0.275867 -0.140258 0.133992 -0.128364 
1.809328 -1.607248 -0.028280 -0.618960 -0.002636 0.084980 -0.051724 -0.015126 0.098354 0.259822 0.099866 -0.302448 -0.110907 0.156783 -0.232104 
1.850256 -1.641227 -0.052204 -0.598883 -0.085157 0.178636 -0.054285 -0.022269 0.116508 0.228763 0.086758 -0.296756 -0.111453 0.161231 -0.220986 
1.556915 -1.427196 -0.033351 -0.668986 -0.027513 0.163804 -0.076409 0.062610 0.072515 0.210293 0.138398 -0.367363 -0.127814 0.181245 -0.209298 
1.297862 -1.367612 -0.116885 -0.627811 -0.087155 0.188293 -0.123990 0.053020 0.105463 0.278496 0.141949 -0.395220 -0.125794 0.149101 -0.278791 
1.157292 -1.166079 -0.343783 -0.592637 -0.045268 0.164520 -0.059218 0.036722 0.050650 0.367678 0.124133 -0.445600 -0.132137 0.102977 -0.246613 
0.485134 -0.672346 -0.502970 -0.352849 -0.201857 0.120153 0.027016 -0.097548 0.313353 0.265942 -0.052238 -0.265327 -0.210015 0.077924 -0.127240 
0.359602 -0.546390 -0.160296 -0.288300 -0.120349 0.098651 0.031358 0.056893 0.125475 0.060297 -0.063122 -0.138716 -0.095093 0.206726 -0.162114 
