city012_098
HAPPYAKU
93
-0.021578 -0.092278 0.097465 -0.061894 -0.000932 -0.233370 -0.139674 0.108850 0.081097 -0.115710 0.067193 0.053738 -0.082488 0.159646 -0.188650 
0.135717 -0.249011 -0.221557 -0.234937 -0.038588 0.059787 -0.002588 0.069222 0.014163 0.070974 -0.022735 -0.095626 -0.035814 0.159054 -0.174401 
0.542280 -0.577114 -0.430414 -0.056845 0.112467 0.169779 -0.002941 -0.070167 0.072158 0.019129 0.004726 -0.107265 -0.048336 0.212530 -0.113075 
0.308809 -0.748018 -0.119617 -0.066166 0.129269 0.040897 0.134101 0.066545 -0.006193 0.032734 -0.104344 -0.098126 0.040856 0.232459 -0.101870 
0.368823 -1.010442 -0.184499 -0.327885 0.103548 0.022600 0.012003 0.012506 0.035865 0.103945 -0.036755 -0.100417 -0.063661 0.129395 -0.063786 
0.475624 -1.137100 -0.292769 -0.443750 0.263644 0.098710 0.040958 0.032960 -0.073366 0.088923 -0.058136 -0.066589 -0.031941 0.119884 -0.021021 
0.427357 -1.088897 -0.299779 -0.539640 0.330636 -0.014317 0.126773 -0.040148 0.027531 0.166294 -0.294582 0.043428 0.006417 0.106789 -0.084993 
0.482790 -1.122272 -0.359478 -0.458478 0.363616 -0.048998 0.147367 -0.026841 -0.022165 0.160986 -0.281609 -0.016977 0.132988 0.097734 -0.146310 
0.901715 -0.800780 -0.186006 -0.409493 0.199000 -0.068928 0.095578 -0.035341 0.011335 0.142608 -0.242332 -0.002003 0.110571 0.083996 -0.145726 
1.595191 -1.206634 -0.044541 -0.759063 0.165730 0.075786 0.062659 -0.022366 -0.049509 0.220583 -0.072243 -0.160975 0.045359 0.084283 -0.127201 
1.642199 -1.379739 0.097284 -0.846947 0.178245 0.100806 0.053183 0.030804 -0.129480 0.300649 -0.018244 -0.211665 0.010078 0.022486 -0.165802 
1.621060 -1.217519 -0.041134 -0.900014 0.135161 0.145731 0.048896 -0.041722 -0.068070 0.254702 0.113802 -0.272047 0.005704 -0.002637 -0.203179 
1.588134 -1.292243 0.066989 -0.949449 0.128089 0.156440 0.056040 -0.038988 -0.067067 0.274971 0.076122 -0.219485 -0.029167 -0.027795 -0.217895 
1.672729 -1.202263 0.078124 -0.968227 0.084712 0.201076 -0.040490 -0.017624 -0.071427 0.303215 0.111283 -0.227597 -0.013562 -0.053835 -0.254545 
1.748536 -1.188333 0.059690 -0.902343 -0.000316 0.189177 -0.041227 -0.056580 -0.063793 0.292979 0.157965 -0.182335 -0.039009 -0.003111 -0.305602 
1.832223 -1.080388 0.065774 -0.783270 -0.001213 0.087414 -0.065648 -0.143918 -0.076367 0.246573 0.198777 -0.150918 0.097052 0.010118 -0.286247 
1.699427 -0.685318 0.038349 -0.586732 -0.110853 0.115387 -0.130811 -0.162061 -0.215433 0.151620 0.231772 -0.081636 0.121474 0.154834 -0.329281 
0.980641 0.101580 0.037177 -0.153840 0.145193 0.233911 0.059851 -0.194571 -0.019848 0.136592 0.251318 -0.119797 -0.020916 0.081707 -0.188464 
0.516099 -0.210008 -0.406961 -0.286742 -0.010290 0.222464 0.100073 -0.120910 0.095468 -0.065679 0.088619 -0.136951 0.004411 0.139016 -0.177700 
0.126148 -0.525604 -0.379922 -0.341427 -0.090465 0.191333 0.083717 -0.076487 0.003959 0.079425 0.057429 -0.121106 -0.047924 0.144626 -0.229391 
0.301434 -0.476193 -0.454289 -0.289001 -0.162900 0.129627 -0.002498 -0.134692 0.111982 0.152793 0.141646 -0.147826 -0.120324 0.098608 -0.226819 
0.078898 -0.344471 -0.454841 -0.306170 -0.138514 0.146480 0.027242 -0.160558 0.040011 0.101696 0.239930 -0.137997 -0.125069 0.096323 -0.231125 
0.137013 -0.361324 -0.320046 -0.392363 -0.081581 0.164941 0.128775 -0.105184 -0.018521 0.063345 0.066372 -0.083990 -0.050768 0.163552 -0.267610 
0.101375 -0.408047 -0.235819 -0.228611 -0.162414 0.070540 0.088789 -0.065836 -0.008385 0.006996 0.137706 -0.089048 -0.040797 0.143957 -0.217526 
0.034139 -0.178007 -0.261506 -0.291903 -0.060801 0.062138 -0.066379 -0.201114 0.006985 0.208316 0.167408 -0.129882 -0.067335 0.129904 -0.211702 
0.056906 -0.352942 -0.276911 -0.200149 -0.032051 -0.004953 -0.099439 -0.124362 -0.000061 0.061290 0.275611 -0.080893 -0.139000 0.150612 -0.170155 
0.014398 -0.325364 -0.184455 -0.181340 0.107353 0.090515 -0.003989 -0.241788 -0.000305 0.025044 0.221018 -0.093518 -0.112971 0.142376 -0.184482 
-0.059635 -0.185968 -0.179016 -0.138254 0.249467 0.270838 0.096787 -0.108722 -0.144409 -0.012900 0.174684 0.013348 -0.051337 0.093527 -0.223950 
-0.147008 -0.175516 -0.107949 -0.111756 0.258071 0.219940 0.041778 -0.195814 -0.073881 0.056340 0.172414 -0.053462 -0.080171 0.082343 -0.171138 
0.111982 -0.154855 -0.169623 -0.230534 0.112431 0.080666 -0.122839 -0.194315 0.022834 0.106567 0.132147 -0.084069 -0.097159 0.137168 -0.130441 
0.032107 -0.227306 -0.139167 -0.081430 0.051809 0.204302 -0.042115 -0.095976 0.016959 -0.086701 0.152024 -0.042110 -0.066449 0.148994 -0.206526 
-0.146387 -0.008427 -0.186103 -0.280848 0.033196 0.174054 -0.101593 -0.264482 0.031804 0.064834 0.163584 -0.068786 -0.044816 0.068738 -0.163538 
-0.196526 -0.369858 -0.138360 -0.028577 0.047402 0.054867 -0.059434 -0.149464 -0.049364 -0.005962 0.291413 -0.142778 -0.119362 0.153784 -0.121759 
-0.157195 -0.372179 -0.291162 -0.152034 -0.025145 0.185477 -0.125253 -0.218844 0.114604 0.028269 0.193222 -0.090915 -0.133035 0.143267 -0.151729 
-0.205349 -0.239911 -0.255995 -0.081621 0.084711 0.176343 0.055838 -0.113900 -0.042025 -0.070126 0.185331 -0.069603 -0.061287 0.173493 -0.243272 
-0.279294 -0.271486 -0.119481 -0.024257 0.014158 0.024480 0.086944 0.097877 -0.059003 -0.084749 0.054557 -0.013081 -0.033264 0.150158 -0.173978 
-0.233554 -0.292994 -0.116918 -0.205670 0.039596 0.050218 -0.148193 -0.156310 0.093939 0.026742 0.149819 -0.048226 -0.131998 0.156398 -0.100110 
-0.258850 -0.285627 -0.227973 -0.055558 0.057336 0.127715 -0.070811 0.002659 0.053874 -0.155101 0.145011 -0.039610 -0.048507 0.145964 -0.191898 
-0.090164 -0.154157 -0.078118 -0.109341 0.028789 0.063669 -0.032534 0.010694 0.038417 -0.128020 0.141814 -0.045168 -0.086208 0.188675 -0.197363 
-0.326510 -0.230074 -0.214178 0.012721 0.123090 0.058162 -0.008135 0.057505 -0.017977 -0.201893 0.176577 0.025174 -0.081513 0.114009 -0.170247 
-0.304839 -0.185450 -0.097283 0.010924 0.206876 0.033234 -0.107841 -0.052869 0.020992 -0.024160 0.145287 -0.094163 -0.094093 0.185108 -0.158646 
-0.354935 -0.115456 -0.092806 -0.022532 -0.006329 -0.151897 -0.179450 -0.035053 0.083631 -0.017619 0.144328 -0.103112 -0.027846 0.205042 -0.188542 
-0.246130 -0.051297 0.031421 -0.094573 0.005716 -0.016993 -0.037660 -0.117067 -0.010485 0.025884 0.112043 -0.086457 -0.064050 0.202458 -0.198255 
-0.174963 -0.061683 0.065386 -0.018274 -0.046718 -0.129361 -0.124537 -0.144680 0.023154 0.032300 0.118546 -0.117298 -0.009153 0.223863 -0.191955 
-0.143966 -0.120604 -0.045904 -0.195529 -0.067538 -0.027066 -0.136620 -0.028369 0.151611 -0.062229 0.107258 -0.040619 -0.064610 0.150128 -0.154271 
-0.266267 -0.184872 -0.035525 -0.008095 0.100664 0.007820 -0.109762 -0.113866 0.059449 0.023940 0.054645 -0.049042 -0.082761 0.172045 -0.141015 
-0.338854 -0.146731 -0.077225 -0.106473 -0.047094 0.122337 -0.025407 -0.121124 0.049365 -0.055268 0.133378 -0.063578 -0.061279 0.161959 -0.198111 
0.062461 -0.387572 0.100029 0.136215 -0.056475 -0.084970 -0.260807 -0.186897 0.100502 -0.003927 0.060089 -0.044396 -0.073206 0.248843 -0.135160 
0.747370 -0.812049 0.550086 0.048624 0.022157 -0.071509 -0.105321 -0.209352 0.019900 0.061099 -0.045417 -0.084039 0.018772 0.120092 -0.136731 
0.791196 -0.843166 1.300402 -0.123691 -0.132339 0.031841 -0.263918 -0.063762 -0.095815 -0.256274 -0.024513 0.004748 -0.101874 0.038343 -0.086014 
0.922786 -0.997892 1.452389 -0.296869 -0.130768 -0.026878 -0.399387 0.060154 -0.161345 -0.268027 0.033642 0.027756 -0.028230 -0.046149 0.050742 
1.125080 -1.275987 1.551213 -0.405889 -0.139711 -0.145678 -0.400575 0.079993 -0.164705 -0.185725 0.061814 0.073068 0.021340 0.002990 0.026117 
1.006707 -1.206396 1.187345 -0.361593 -0.201205 -0.166351 -0.441279 0.002878 -0.152540 -0.100682 0.081180 0.064082 0.170792 -0.030124 0.080809 
1.177507 -1.373510 1.162530 -0.384311 -0.127369 -0.359345 -0.356810 0.039827 -0.052257 -0.060138 0.040882 0.121011 0.235010 -0.039387 -0.053935 
1.183839 -1.492337 0.846533 -0.384328 -0.142385 -0.414909 -0.286745 0.171675 0.013154 0.114286 0.050809 0.095737 0.164168 -0.038922 -0.119824 
1.259522 -1.339258 0.556792 -0.363111 0.043733 -0.697924 -0.129819 0.162542 0.077309 0.144737 0.165996 -0.061338 0.097649 0.132426 -0.230544 
1.193330 -1.324409 0.453649 -0.376275 0.107680 -0.641727 -0.182594 0.194130 0.100438 0.136467 0.174277 -0.122226 0.070817 0.140569 -0.209424 
1.301363 -1.406897 0.438754 -0.417515 0.145948 -0.502255 -0.198286 0.178243 0.062067 0.161269 0.177701 -0.211572 0.037316 0.189576 -0.189395 
1.368591 -1.439125 0.443252 -0.412501 0.238892 -0.491326 -0.242687 0.171959 -0.011407 0.238404 0.105749 -0.202099 0.047591 0.207999 -0.161566 
1.637962 -1.393527 0.423605 -0.313070 0.298351 -0.518477 -0.235732 0.107540 -0.129584 0.304876 0.038652 -0.174086 0.102784 0.182336 -0.094209 
1.579036 -0.982268 0.236193 -0.149666 0.337569 -0.468620 -0.236187 -0.018038 -0.230433 0.248052 0.002368 -0.139488 0.061941 0.191524 0.029714 
1.417381 -0.565639 0.262029 0.058337 0.447927 -0.420842 -0.188321 -0.035426 -0.215145 0.161919 -0.056617 -0.245379 0.011373 0.219815 -0.021313 
0.745907 -0.472715 0.310835 0.213724 -0.052717 -0.117229 -0.032069 -0.012106 0.075146 -0.000681 -0.052426 0.024394 0.020703 0.031045 -0.097863 
0.364456 -0.582416 0.123999 0.130253 -0.047785 -0.122015 -0.210601 -0.069202 0.108063 -0.005842 0.043903 -0.097055 0.040715 0.168404 -0.184943 
0.028644 -0.664711 0.041027 0.037881 -0.155313 -0.107840 -0.106391 0.032249 0.187378 -0.073928 0.004945 -0.011990 0.018256 0.094859 -0.207869 
-0.022214 -0.723464 0.087155 -0.003317 -0.327777 -0.348917 -0.099428 0.120504 0.126822 0.060226 0.130329 0.014043 -0.066015 0.160763 -0.287196 
0.035973 -0.626641 -0.022219 0.024865 -0.197109 -0.286694 -0.127487 -0.032391 0.155965 0.108392 0.096438 -0.066430 -0.009863 0.141559 -0.128973 
-0.014486 -0.603149 0.093163 0.054378 -0.274069 -0.179292 -0.139668 -0.067406 0.149965 0.071813 0.043282 -0.016321 0.026536 0.085500 -0.111260 
0.048824 -0.603634 0.023668 -0.012814 -0.293741 -0.259523 -0.231058 -0.021598 0.205620 0.104337 0.125650 -0.029275 0.040182 0.133175 -0.204189 
0.610449 -1.459449 -0.112882 0.167757 0.251928 -0.293703 0.009269 0.125597 -0.110651 -0.002044 0.107880 -0.021432 -0.088500 0.044194 -0.005100 
0.739127 -1.331941 -0.092138 0.137134 0.154151 -0.333781 0.014118 0.060381 -0.072192 0.064058 0.101238 -0.026653 -0.081698 -0.044000 0.088047 
0.487599 -0.824206 0.118853 -0.088942 0.079987 -0.435160 -0.151842 -0.041740 -0.025193 0.043380 0.128154 0.105979 -0.055940 0.081477 -0.046774 
0.731160 -0.569681 0.658290 0.395294 0.081385 -0.050192 -0.096883 -0.136605 0.081315 -0.070373 -0.061862 -0.091784 -0.100194 0.156972 -0.102099 
1.332942 -1.040879 0.909014 0.149495 0.039500 -0.224267 -0.119545 -0.000541 -0.358442 -0.214502 0.122659 -0.209942 -0.110472 0.137731 -0.152062 
1.451963 -1.132564 0.946294 0.096379 0.147815 -0.174325 -0.184181 0.014775 -0.371444 -0.160201 0.099680 -0.247874 -0.112307 0.148039 -0.183901 
1.546924 -1.097828 0.921544 0.076906 0.121873 -0.148278 -0.207865 0.012602 -0.319531 -0.163391 0.090783 -0.243774 -0.093694 0.180385 -0.189949 
1.552374 -1.066736 0.818823 0.072044 0.170273 -0.145857 -0.254302 -0.037352 -0.289964 -0.128479 0.056683 -0.254970 -0.079408 0.206399 -0.199776 
1.570547 -1.104211 0.824839 0.045717 0.184926 -0.136314 -0.296652 -0.039852 -0.297849 -0.114587 0.072070 -0.274051 -0.085607 0.237999 -0.194487 
1.622267 -1.037922 0.758897 0.054251 0.151357 -0.107644 -0.325301 -0.047662 -0.294993 -0.084840 0.063303 -0.298647 -0.059620 0.257100 -0.189141 
1.649578 -1.055586 0.701036 0.086226 0.143116 -0.116115 -0.323971 -0.068061 -0.285491 -0.122173 0.083867 -0.285499 -0.085180 0.273119 -0.178257 
1.647449 -0.977140 0.698185 0.109756 0.082123 -0.131062 -0.309497 -0.110364 -0.223908 -0.142970 0.105808 -0.316330 -0.044066 0.273037 -0.152083 
1.530765 -0.938422 0.701179 0.131613 0.013523 -0.122086 -0.318842 -0.077090 -0.264899 -0.132981 0.098202 -0.279322 -0.037103 0.249361 -0.142896 
1.558352 -1.050279 0.771655 0.056567 0.073144 -0.150171 -0.322439 -0.078048 -0.268659 -0.160224 0.124496 -0.281133 -0.039077 0.245957 -0.136780 
1.450397 -0.962852 0.718085 0.083599 0.063466 -0.135598 -0.362578 -0.079160 -0.281804 -0.108149 0.110240 -0.303233 -0.032661 0.274093 -0.134247 
1.499838 -0.891670 0.687244 0.085227 0.069955 -0.172180 -0.350452 -0.117882 -0.252237 -0.084641 0.090428 -0.328507 -0.003066 0.305808 -0.155504 
1.631182 -0.762529 0.625190 0.044766 0.068966 -0.187314 -0.357803 -0.091994 -0.245470 -0.075593 0.085122 -0.321138 0.004395 0.342009 -0.186293 
1.500432 -0.648447 0.582043 0.191688 0.006752 -0.194458 -0.331244 -0.181788 -0.213708 -0.043681 0.075222 -0.288023 -0.048897 0.357744 -0.121063 
1.347321 -0.458607 0.606653 0.223797 -0.001327 -0.198983 -0.359262 -0.137598 -0.246776 -0.059743 0.076638 -0.291603 -0.063988 0.379080 -0.127156 
1.122489 -0.065999 0.559221 0.241629 0.082299 -0.215014 -0.317202 -0.168346 -0.248640 0.011860 0.075612 -0.344735 -0.011391 0.374741 -0.133031 
0.977521 0.106952 0.415366 0.172023 0.022940 -0.252211 -0.236513 -0.072565 -0.310149 -0.162474 0.125121 -0.194781 -0.074152 0.203259 -0.096788 
0.240571 0.107191 0.315186 0.182046 -0.028461 -0.197430 -0.290874 -0.225037 -0.233505 -0.212345 0.059396 -0.139538 -0.116907 0.254179 -0.109708 
0.115793 0.050698 0.212021 0.269373 0.022553 -0.256059 -0.295963 -0.201217 -0.151984 -0.121780 0.046137 -0.174279 -0.049935 0.256808 -0.083328 
-0.060781 -0.127837 0.355525 0.127070 -0.170526 -0.289591 -0.163777 -0.066861 -0.146795 -0.055282 0.118477 -0.035187 -0.055625 0.282519 -0.148967 
