city012_070
KYOOBASHI
84
-0.048879 -0.107620 0.045328 -0.032299 -0.152401 -0.025771 -0.176569 0.049728 0.146209 -0.016149 0.053138 -0.101822 0.037207 0.113650 -0.196975 
0.326762 -0.953438 0.645264 -0.217057 -0.291183 0.080478 -0.078751 -0.197279 0.180439 0.010061 -0.032609 0.046322 -0.005276 0.047097 -0.105619 
0.301031 -0.602135 0.709426 -0.186385 -0.219125 0.047584 -0.078854 -0.255190 0.185951 -0.008526 -0.096871 0.082181 0.016865 0.019485 -0.078431 
0.332018 -1.284272 0.876857 -0.291172 -0.343674 -0.209134 0.046215 -0.185138 0.140083 0.118153 0.031355 -0.051136 0.147532 -0.039408 -0.067908 
0.374350 -1.061981 0.859444 -0.248848 -0.240088 -0.065466 0.078210 -0.207745 -0.040192 0.157436 -0.012360 -0.058590 0.031641 0.126921 -0.174742 
0.513388 -0.972076 1.134841 0.033167 -0.185642 -0.173191 0.163380 -0.134656 -0.087540 0.038808 -0.006471 -0.024921 -0.039903 0.115312 -0.108393 
1.118671 -0.790262 0.958489 0.219347 -0.030527 -0.332300 0.107091 0.021457 -0.073935 -0.100491 -0.028810 0.071028 -0.071446 0.086504 -0.188470 
1.572234 -0.597697 0.794760 0.137738 0.144810 -0.276173 0.021811 -0.047078 -0.152375 -0.270421 -0.139734 -0.020717 -0.080085 -0.068368 -0.147102 
1.665451 -0.512392 0.454862 -0.007957 0.074302 -0.122807 -0.012059 -0.317138 -0.082660 -0.053875 -0.070920 -0.054649 -0.149561 0.278015 -0.250950 
1.605668 -0.403924 0.495887 -0.268295 0.132187 0.189648 0.018877 -0.165342 -0.179173 -0.029871 0.051520 -0.091891 -0.055505 0.180166 -0.315223 
1.771545 -0.722043 0.544601 -0.737369 0.134547 0.028657 -0.130845 -0.185359 -0.343806 -0.072055 0.215685 0.032476 0.070250 0.112827 -0.197213 
1.822353 -0.696670 0.491603 -0.765091 0.095437 -0.007966 -0.082567 -0.072433 -0.376920 -0.173366 0.101197 0.075637 0.115277 0.197278 -0.177624 
1.827577 -0.703612 0.545290 -0.802410 0.003873 -0.038742 -0.053088 -0.001935 -0.318801 -0.164013 0.048364 0.004943 0.150216 0.202392 -0.084044 
1.823414 -0.682190 0.484486 -0.758811 -0.064156 -0.071091 -0.068253 0.076250 -0.221272 -0.294884 0.002915 -0.038970 0.150944 0.292878 -0.118849 
1.811240 -0.685044 0.459750 -0.789989 -0.015417 -0.088672 -0.105966 0.132102 -0.192023 -0.336113 -0.038764 0.049922 0.120543 0.290106 -0.098852 
1.907524 -0.664694 0.513039 -0.897773 0.011156 -0.064342 -0.147417 0.152366 -0.164414 -0.342264 -0.009486 0.020590 0.102607 0.300897 -0.091954 
1.838833 -0.578390 0.468790 -0.842646 -0.076049 0.025290 -0.173582 0.093634 -0.171470 -0.289768 -0.005128 -0.066176 0.157282 0.296222 -0.125914 
1.922451 -0.616635 0.568016 -0.903758 -0.118756 0.034957 -0.199456 0.092929 -0.190910 -0.184532 -0.042254 -0.095886 0.155390 0.294571 -0.152243 
1.923951 -0.584215 0.552353 -0.878729 -0.097819 -0.043510 -0.192322 0.076446 -0.124843 -0.196761 -0.040011 -0.104411 0.149579 0.251432 -0.123786 
1.795022 -0.519807 0.507680 -0.857175 -0.085469 -0.110142 -0.221333 0.127526 -0.099613 -0.188434 -0.069276 -0.072415 0.147143 0.203774 -0.075049 
1.801099 -0.548158 0.500581 -0.849499 -0.071104 -0.182778 -0.176366 0.139824 -0.085835 -0.203827 -0.088679 -0.035216 0.131043 0.203960 -0.064774 
1.811812 -0.587215 0.468497 -0.841002 -0.003440 -0.252240 -0.138119 0.132891 -0.055294 -0.225246 -0.108900 0.036511 0.102573 0.207738 -0.064212 
1.852005 -0.628391 0.461703 -0.836994 -0.004475 -0.265125 -0.151963 0.171653 -0.089172 -0.192939 -0.139635 0.037527 0.118979 0.202964 -0.050110 
1.890162 -0.652804 0.381115 -0.778155 0.008990 -0.291895 -0.113947 0.155405 -0.103563 -0.180433 -0.143374 0.076920 0.126002 0.210574 -0.065563 
1.882635 -0.626953 0.372869 -0.797711 0.030977 -0.310406 -0.093715 0.140633 -0.088043 -0.209444 -0.120778 0.085569 0.113021 0.228988 -0.081777 
1.864500 -0.689044 0.407710 -0.799560 0.023573 -0.293014 -0.110996 0.166017 -0.125000 -0.184210 -0.121318 0.068099 0.142671 0.198046 -0.049965 
1.899163 -0.716605 0.425595 -0.806835 0.025623 -0.305853 -0.096939 0.166334 -0.134547 -0.160954 -0.153945 0.088907 0.120818 0.220895 -0.069363 
1.879118 -0.607609 0.349031 -0.759826 -0.016104 -0.291499 -0.108883 0.180237 -0.101662 -0.227203 -0.108658 0.029849 0.118280 0.229613 -0.054094 
1.850164 -0.603217 0.357658 -0.760765 -0.037095 -0.281458 -0.081247 0.079443 -0.040088 -0.244163 -0.125728 0.000608 0.181162 0.217256 -0.051717 
1.871056 -0.586676 0.386223 -0.766634 -0.093360 -0.212176 -0.110057 0.054854 -0.043876 -0.215023 -0.140361 -0.040013 0.193581 0.225388 -0.064564 
1.917004 -0.575776 0.504819 -0.846044 -0.173681 -0.081277 -0.163230 0.062897 -0.098300 -0.173448 -0.144735 -0.068529 0.164667 0.250324 -0.080687 
1.907387 -0.363865 0.482031 -0.831257 -0.329822 0.080264 -0.174959 0.020031 -0.112700 -0.199842 -0.082240 -0.183119 0.163669 0.288266 -0.134877 
2.003898 -0.276345 0.559813 -0.902653 -0.383793 0.108041 -0.122058 -0.026000 -0.075333 -0.235172 -0.054892 -0.205157 0.126942 0.310061 -0.131857 
2.004242 0.105371 0.435563 -0.715247 -0.307255 0.198656 -0.002839 -0.057398 -0.101483 -0.190080 -0.057376 -0.193126 0.123353 0.209607 -0.175769 
1.956340 0.407712 0.465401 -0.460889 -0.225463 0.312613 0.162956 -0.058022 -0.132078 -0.221810 -0.064441 -0.140481 0.039946 0.318401 -0.260649 
1.757423 0.347441 0.206795 -0.340234 -0.126929 0.309923 0.227258 -0.008863 -0.037988 -0.227335 -0.011972 -0.102326 0.006785 0.258686 -0.187856 
1.392102 0.402630 0.247362 -0.188882 -0.019835 0.372515 0.170478 0.042642 -0.072342 -0.303622 0.084802 -0.084698 -0.036538 0.251763 -0.221567 
1.324968 0.384839 0.325144 -0.098051 -0.145694 0.276833 0.232162 0.046543 0.038920 -0.150090 0.058725 -0.102266 -0.062038 0.247567 -0.222577 
1.677526 0.087335 0.280830 -0.279586 -0.095639 0.341495 0.161988 0.020148 -0.068907 -0.130764 0.045661 -0.072124 0.016403 0.227274 -0.236603 
1.939304 -0.563850 0.396768 -0.671693 -0.107177 0.256767 -0.090319 -0.055659 -0.235995 -0.110808 0.079143 -0.122563 0.114179 0.263118 -0.317851 
1.876320 -1.024557 0.500280 -0.889062 -0.038714 0.147838 -0.099629 -0.040286 -0.245599 0.068827 0.247475 -0.099994 0.164184 0.109414 -0.365157 
1.690634 -1.289945 0.402616 -0.901383 -0.054543 0.034113 -0.105445 -0.051895 -0.194373 0.220421 0.339554 -0.075439 0.105418 -0.007190 -0.324051 
1.528582 -1.287282 0.338500 -0.895746 0.036956 0.045046 -0.099297 -0.027723 -0.165235 0.307684 0.320631 -0.158365 -0.037385 -0.013698 -0.298445 
1.489686 -1.461973 0.310306 -0.916172 0.086772 0.024303 -0.044465 -0.027077 -0.038768 0.238024 0.269624 -0.252428 0.015298 -0.042114 -0.267471 
1.390567 -1.428222 0.280586 -0.899167 0.108175 0.030342 -0.034183 -0.017307 -0.026177 0.305461 0.178102 -0.272961 -0.029505 -0.025894 -0.206649 
1.394552 -1.428386 0.278244 -0.893826 0.148450 0.019572 -0.045096 -0.000520 0.006400 0.318237 0.116839 -0.314410 -0.005267 -0.024536 -0.156116 
1.397677 -1.483013 0.313465 -0.837412 0.176483 -0.040841 -0.060280 0.042938 -0.009346 0.368703 0.046235 -0.295335 -0.028264 0.017369 -0.150086 
1.444158 -1.461781 0.274089 -0.741262 0.154137 -0.058772 -0.102047 0.082314 -0.028764 0.385756 -0.027687 -0.266740 0.053723 -0.013991 -0.133173 
1.554114 -1.433140 0.286042 -0.605931 0.144946 -0.129078 -0.131468 0.058089 -0.005285 0.392218 -0.083788 -0.239983 0.134693 -0.022965 -0.118501 
1.545044 -1.311655 0.316262 -0.469315 0.151157 -0.144614 -0.140167 0.066464 0.048962 0.278095 -0.123149 -0.188759 0.098841 0.105082 -0.199601 
1.448750 -0.972719 0.272236 -0.399523 0.290550 -0.299331 -0.107132 0.062724 0.164621 0.203263 -0.233415 -0.039829 0.078387 0.042663 -0.127154 
1.374979 -0.732236 0.403221 -0.154722 0.176971 -0.416894 -0.103300 -0.041723 0.166450 0.135014 -0.275353 0.119367 0.099518 0.022120 -0.128601 
1.108250 -0.527673 0.287462 -0.087393 0.297768 -0.286317 0.058047 0.090788 0.108102 -0.003020 -0.224592 0.159599 0.025160 -0.013033 -0.085026 
0.414252 -0.851369 0.624021 -0.300136 0.148963 -0.352991 0.012572 0.040947 0.028100 0.031897 -0.160260 0.196074 -0.045735 -0.032849 0.011359 
0.086045 -0.849059 0.453745 -0.345719 0.135332 -0.119099 0.230014 -0.027855 -0.051621 0.000739 -0.125963 0.223168 -0.128982 -0.011468 0.045428 
-0.127242 -0.835712 0.171704 -0.351367 0.029192 -0.364098 0.118262 0.045633 0.006125 0.116118 0.040512 0.009640 -0.081535 -0.023838 -0.007060 
-0.405623 -1.026917 0.108243 -0.366827 0.171561 -0.238036 0.170599 0.043819 0.059639 -0.064843 -0.007255 0.041294 -0.092826 0.040315 -0.027829 
0.064509 -0.867842 0.051256 -0.435603 0.121531 -0.144790 0.226980 -0.004263 -0.003635 0.070773 -0.128913 0.006707 0.004135 0.040039 -0.047952 
-0.245431 -0.981485 0.195963 -0.490704 0.183841 -0.131924 0.215477 -0.017293 -0.035525 0.004351 -0.029231 0.061594 -0.115704 0.112246 -0.064630 
-0.020522 -1.030583 0.277314 -0.490663 0.141871 -0.233715 0.137838 -0.087509 0.017795 0.119643 0.022398 0.056416 -0.168200 0.002562 0.077497 
-0.019882 -1.047125 0.389774 -0.437950 0.101568 -0.149465 0.065546 -0.015707 0.039933 0.000491 -0.013916 0.071094 -0.009370 -0.116713 0.073776 
0.005809 -0.759048 0.306541 -0.596770 0.200691 -0.188042 0.005386 -0.077041 0.001423 0.106491 -0.029646 0.189439 -0.150832 -0.061141 0.088185 
0.153779 -0.702967 0.563643 -0.519524 0.041129 -0.096894 0.126938 -0.092100 -0.080764 0.072662 -0.068211 0.110030 0.018242 -0.106516 0.066699 
-0.100838 -0.773400 0.391870 -0.541855 0.149898 -0.127026 0.044709 -0.158106 -0.042465 0.159564 -0.006054 0.075040 -0.017147 -0.159479 0.146599 
-0.388971 -0.801853 0.551745 -0.526865 0.197950 0.004742 0.102193 -0.054102 -0.044539 0.047447 -0.125187 0.174690 -0.051924 -0.100722 0.100799 
0.373881 -0.081020 0.850502 -0.510817 0.449396 -0.026422 -0.019243 -0.091996 -0.096821 0.024634 -0.177206 0.119472 -0.059431 -0.154268 0.113833 
0.609776 -0.629817 1.376124 -0.206839 0.099659 -0.080576 -0.145015 -0.035633 -0.261323 -0.139803 -0.120018 0.014319 -0.215390 -0.053818 0.098822 
0.765098 -0.664913 1.564025 -0.214567 0.019160 0.003592 -0.169644 0.009761 -0.236736 -0.224104 -0.028243 -0.053076 -0.218454 -0.057506 0.096711 
0.687669 -0.603263 1.600951 -0.247309 0.018975 0.070894 -0.194015 0.019123 -0.210413 -0.241901 -0.001243 -0.072357 -0.237107 -0.018439 0.048369 
0.928960 -0.782286 1.682664 -0.324165 0.100291 0.048409 -0.235003 0.035944 -0.182883 -0.231338 0.021654 -0.058119 -0.277057 0.130410 -0.073946 
0.680837 -0.543722 1.582384 -0.294665 0.021410 0.083843 -0.208588 0.028652 -0.204587 -0.299222 0.078777 -0.108524 -0.278187 0.074033 -0.017175 
0.663074 -0.443317 1.550966 -0.320195 0.029326 0.105213 -0.224412 0.061234 -0.215556 -0.286199 0.063463 -0.084590 -0.298976 0.094408 -0.046875 
0.714103 -0.443568 1.557348 -0.328392 0.025060 0.096101 -0.192671 0.036322 -0.210103 -0.266241 0.077034 -0.127675 -0.245906 0.084557 -0.049755 
0.688089 -0.349253 1.494426 -0.335717 -0.016522 0.152309 -0.176195 0.038527 -0.223195 -0.268382 0.088809 -0.140024 -0.282594 0.146679 -0.110172 
0.651161 -0.307215 1.489168 -0.343786 0.022884 0.129983 -0.144122 0.018254 -0.236436 -0.266211 0.094305 -0.191621 -0.246116 0.101447 -0.073667 
0.513384 -0.311204 1.430143 -0.260089 0.055303 0.120483 -0.174695 0.041626 -0.271068 -0.229392 0.050788 -0.152678 -0.290518 0.136140 -0.119799 
0.501612 -0.245533 1.421494 -0.360772 0.072372 0.166376 -0.170904 0.033923 -0.269188 -0.239259 0.062239 -0.181701 -0.253914 0.095301 -0.080673 
0.516991 -0.172155 1.542168 -0.344778 0.078183 0.042752 -0.149719 0.037967 -0.268336 -0.203337 0.034971 -0.153253 -0.251800 0.123644 -0.118961 
0.565011 -0.213978 1.407760 -0.203944 -0.004859 0.120959 -0.151272 0.018818 -0.228336 -0.264867 0.058709 -0.158667 -0.275863 0.100783 -0.107993 
0.336859 0.027899 1.332613 -0.162975 -0.001665 0.119656 -0.184118 0.088443 -0.293796 -0.218364 0.033717 -0.137898 -0.319319 0.145469 -0.127364 
0.148186 0.077572 1.205622 -0.242502 0.187488 0.031571 -0.235744 0.075252 -0.263460 -0.255908 0.027458 -0.174692 -0.212303 0.037467 -0.079748 
0.256661 0.166270 0.778968 0.078059 0.140203 -0.019986 -0.240711 -0.017893 -0.248389 -0.265781 0.044208 -0.234272 -0.229696 0.144377 -0.189044 
0.343760 0.027068 0.307037 0.252796 0.072087 0.042506 -0.181634 -0.218464 -0.133439 -0.262660 0.125122 -0.101319 -0.284210 0.107556 -0.039164 
-0.011377 -0.023408 0.049526 -0.023954 0.098052 -0.032753 -0.062795 -0.010873 0.032135 -0.113208 0.103286 0.022049 -0.135766 0.164438 -0.134743 
