city012_018
TSUKIJI
71
-0.409183 -0.797437 0.059854 -0.406535 0.189775 -0.065010 0.109979 0.023231 0.082781 -0.167006 0.009297 0.041075 0.001923 -0.007544 0.000965 
-0.088847 -0.555767 0.315674 -0.417396 0.154119 -0.190106 0.036156 -0.123603 0.046831 0.011031 0.052938 0.020703 -0.026943 -0.026523 0.031660 
-0.652709 -0.566878 0.553430 -0.230081 0.075161 -0.483607 0.067576 -0.042457 0.118111 -0.016730 -0.071098 0.117622 0.024461 0.002661 -0.092745 
-0.468202 -0.461264 0.663882 -0.113274 0.318034 -0.440162 0.056383 -0.012419 0.085963 -0.034221 -0.187715 0.148592 0.063382 -0.093085 -0.046316 
-0.243236 -0.540294 0.615222 -0.208066 0.183893 -0.375160 0.166954 -0.066413 0.034207 0.004072 -0.096975 0.111818 -0.017670 0.003163 -0.084985 
-0.458336 -0.614691 0.809709 -0.008624 0.255532 -0.384691 0.072222 -0.067641 0.083160 -0.037691 -0.101315 0.010023 0.053632 0.030816 -0.123646 
-0.176472 -0.935087 0.564893 0.249393 0.362369 -0.269264 0.014967 -0.069148 0.199051 0.030821 -0.121310 0.005620 -0.028536 0.122383 -0.041938 
0.387585 -0.206722 0.146992 0.540691 0.386198 0.009180 -0.154176 -0.014718 0.394508 -0.077276 -0.061618 0.022178 0.030965 0.049954 0.040872 
-0.229671 -0.130437 0.292601 0.184574 -0.064246 0.242728 0.211651 -0.085035 0.124759 0.020031 0.036935 0.013874 0.037176 0.053774 -0.059388 
-0.155641 -0.268020 0.133612 -0.002486 -0.161586 -0.019579 0.020894 -0.075078 0.143714 -0.121689 0.049626 0.017665 -0.006892 -0.058292 0.054082 
-0.255580 -0.064711 -0.002807 -0.050297 -0.162841 -0.125314 -0.082079 0.035767 0.072543 -0.150090 0.145869 0.043801 -0.059623 -0.024900 0.052139 
-0.388068 -0.233288 0.023805 -0.096882 -0.104046 -0.055187 -0.057344 0.056881 0.135419 -0.220888 0.177025 -0.022582 -0.073205 0.057896 -0.047208 
-0.410537 -0.232092 0.259746 -0.124015 -0.094378 0.061836 -0.212393 0.224760 0.119833 -0.269980 0.179094 -0.055543 -0.012395 0.046726 -0.121764 
-0.308997 -0.110700 0.007778 -0.182379 -0.087216 0.122038 -0.089255 -0.093646 0.138192 -0.149604 0.123919 0.007671 -0.063988 0.021725 0.002376 
-0.351372 -0.773879 0.446891 -0.550699 0.007441 0.091670 -0.206843 0.032043 0.087753 -0.061687 0.183380 -0.106861 -0.017065 0.010574 -0.018635 
-0.163626 -1.065038 0.704421 -0.773873 0.130609 -0.007038 -0.169947 0.014216 0.111664 -0.002063 0.134602 -0.093973 -0.042647 0.040029 -0.010015 
-0.158014 -1.047953 0.718594 -0.670274 0.098190 -0.111864 -0.124342 0.150320 0.039718 -0.010310 0.086182 -0.090855 0.007080 0.034836 -0.070290 
0.073566 -0.609610 0.656960 -0.662614 0.222659 0.003652 -0.191636 -0.048927 0.034104 0.004837 0.100171 -0.091080 0.049655 -0.022429 0.057839 
-0.385105 -0.369046 0.704975 -0.465378 0.199129 0.113498 -0.168484 0.014514 0.033550 -0.103113 0.122473 -0.048722 -0.047682 0.068890 -0.035108 
0.126373 -0.212439 1.291554 -0.276137 0.278777 0.168832 -0.159193 0.053566 -0.071469 -0.229625 0.172483 -0.180331 -0.157737 0.091480 -0.084665 
0.396147 -0.280591 1.508467 -0.381912 0.016026 0.199703 -0.291019 0.067870 -0.266285 -0.327949 0.211743 -0.346467 -0.147461 0.098162 -0.109937 
0.559336 -0.547839 1.661931 -0.434305 -0.016097 0.181022 -0.340394 -0.011693 -0.220631 -0.392792 0.209769 -0.330704 -0.165330 0.136792 -0.121209 
0.581961 -0.580651 1.703806 -0.459939 -0.002180 0.158823 -0.366994 0.007174 -0.272884 -0.325447 0.169515 -0.336621 -0.132978 0.146227 -0.129386 
0.699558 -0.759289 1.741564 -0.434427 0.003148 0.183721 -0.394451 -0.009469 -0.266923 -0.295668 0.146428 -0.353105 -0.112767 0.149635 -0.148026 
0.709396 -0.737712 1.674867 -0.460999 0.010361 0.218618 -0.382360 -0.019859 -0.289680 -0.274483 0.154347 -0.357903 -0.108205 0.132005 -0.112666 
0.782977 -0.794115 1.775468 -0.464590 -0.016080 0.204966 -0.366042 -0.016172 -0.261062 -0.289907 0.154471 -0.341827 -0.113016 0.131236 -0.117553 
0.799577 -0.780350 1.748062 -0.464032 -0.028251 0.232319 -0.368476 -0.011066 -0.265913 -0.259322 0.121791 -0.319696 -0.094905 0.091885 -0.090315 
0.813025 -0.703379 1.745901 -0.497935 -0.011545 0.225434 -0.365197 -0.012546 -0.267038 -0.233571 0.098711 -0.321407 -0.067180 0.081611 -0.117726 
0.814655 -0.693032 1.715149 -0.473288 -0.027167 0.234070 -0.351065 -0.028638 -0.251352 -0.249030 0.103952 -0.314449 -0.081866 0.087256 -0.121368 
0.853112 -0.767952 1.770499 -0.476305 -0.013609 0.221634 -0.359277 -0.040458 -0.225674 -0.253455 0.095744 -0.312110 -0.067900 0.070491 -0.116975 
0.689635 -0.660873 1.651704 -0.461069 -0.027539 0.251496 -0.365238 -0.017973 -0.285462 -0.221773 0.079243 -0.302914 -0.075020 0.052002 -0.076708 
0.782881 -0.741138 1.780727 -0.491234 -0.015934 0.203368 -0.374593 0.010742 -0.287629 -0.209758 0.075502 -0.293010 -0.073449 0.072433 -0.091506 
0.516034 -0.543525 1.580160 -0.402994 -0.076039 0.246064 -0.357745 -0.007955 -0.305213 -0.196063 0.068170 -0.295560 -0.062383 0.040561 -0.047043 
0.748171 -0.717676 1.733618 -0.488693 0.001295 0.180032 -0.354841 0.006097 -0.301333 -0.191136 0.068839 -0.290105 -0.064489 0.059405 -0.068179 
0.558286 -0.581506 1.586524 -0.418095 -0.057157 0.229466 -0.361097 0.010265 -0.321883 -0.201234 0.085297 -0.291223 -0.080620 0.052040 -0.028298 
0.784514 -0.727503 1.726137 -0.501832 0.037595 0.141055 -0.320086 -0.014746 -0.281049 -0.222681 0.098837 -0.289782 -0.091318 0.079755 -0.057232 
0.753334 -0.715917 1.761228 -0.485389 0.018980 0.126464 -0.316542 0.019294 -0.312432 -0.218382 0.101549 -0.291883 -0.089967 0.054591 -0.003786 
0.704286 -0.675647 1.799897 -0.443080 -0.004923 0.101706 -0.299636 0.025395 -0.308911 -0.208354 0.076074 -0.255558 -0.112599 0.059048 -0.000427 
0.760719 -0.651751 1.733065 -0.449684 0.014400 0.101281 -0.262596 -0.011377 -0.284932 -0.228148 0.087735 -0.254642 -0.133995 0.067737 0.013618 
0.711847 -0.654776 1.681171 -0.329431 0.016110 0.075373 -0.227330 -0.022306 -0.252201 -0.243283 0.057824 -0.210593 -0.177775 0.051108 0.010357 
0.640782 -0.504761 1.667199 -0.261137 -0.008131 0.007090 -0.143953 -0.027699 -0.230011 -0.225100 0.030231 -0.124030 -0.219390 0.044248 0.054032 
0.650312 -0.457424 1.472189 -0.219487 -0.040380 0.088383 -0.149025 -0.048244 -0.163770 -0.266825 0.048583 -0.121802 -0.178563 -0.047881 0.115992 
0.495468 -0.337957 1.460269 -0.140060 -0.058577 0.047414 -0.077272 -0.074805 -0.157565 -0.199596 -0.046142 -0.032529 -0.217511 -0.049562 0.105274 
0.269048 -0.271556 1.347267 -0.102160 0.034804 0.017703 0.033648 -0.143344 -0.124064 -0.231502 0.016601 -0.102251 -0.233587 -0.044309 0.109622 
0.228179 -0.271907 1.149106 -0.096877 0.141768 0.003959 0.000224 -0.097755 -0.127696 -0.168176 0.000215 -0.050402 -0.210160 -0.039722 0.084763 
0.198430 -0.226988 1.122954 -0.063053 0.050055 -0.004140 0.019468 -0.084648 -0.082064 -0.165486 0.015925 -0.015832 -0.189027 -0.000619 0.058747 
0.187007 -0.276029 1.197064 -0.091937 0.032665 0.018979 -0.044152 -0.081323 -0.113943 -0.204620 0.052711 -0.099131 -0.157311 -0.007736 0.045808 
0.205046 -0.353665 1.293896 -0.120907 -0.009602 0.005468 -0.030923 -0.129219 -0.078846 -0.228359 0.032014 -0.066136 -0.168873 -0.026571 0.077130 
0.394766 -0.494458 1.411681 -0.296802 0.080923 -0.084008 -0.034543 -0.115596 -0.141845 -0.151757 -0.007487 -0.050829 -0.145555 -0.009982 0.093582 
0.409495 -0.566162 1.555465 -0.217900 -0.019022 -0.035108 -0.100360 -0.086100 -0.152615 -0.200713 -0.022389 -0.034400 -0.198655 0.014788 0.072936 
0.663838 -0.705354 1.666452 -0.297677 -0.011609 -0.027391 -0.157975 -0.069394 -0.143810 -0.208159 0.013768 -0.072958 -0.150326 0.046197 0.033170 
0.722365 -0.684539 1.789767 -0.352996 -0.050155 -0.034943 -0.158420 -0.041489 -0.198967 -0.178661 0.040857 -0.079174 -0.150453 0.083082 0.037305 
0.750246 -0.810287 1.777031 -0.395503 -0.004946 0.051136 -0.214921 -0.041670 -0.176666 -0.219931 0.061213 -0.154285 -0.121633 0.046611 0.031605 
0.787832 -0.850995 1.823612 -0.395385 0.005707 0.072281 -0.253816 -0.030068 -0.167158 -0.242597 0.078002 -0.195962 -0.099382 0.052315 -0.012406 
0.756787 -0.807388 1.903885 -0.428265 -0.013640 0.059811 -0.240984 -0.023004 -0.195118 -0.241300 0.088170 -0.207266 -0.087521 0.035337 0.016446 
0.719034 -0.791120 1.769647 -0.387390 -0.039236 0.137531 -0.309995 0.023941 -0.227325 -0.231007 0.077708 -0.194072 -0.116513 0.035289 0.035349 
0.808127 -0.822844 1.815496 -0.447721 0.022653 0.098230 -0.305101 -0.001469 -0.183218 -0.267124 0.117632 -0.221636 -0.114871 0.096169 -0.052205 
0.693416 -0.752431 1.707304 -0.395760 0.001191 0.183755 -0.346505 0.035772 -0.230524 -0.249983 0.109823 -0.244805 -0.124698 0.076466 -0.041079 
0.806750 -0.824401 1.851128 -0.481026 0.076648 0.089529 -0.301358 0.005485 -0.187520 -0.288700 0.146920 -0.276202 -0.098599 0.095358 -0.081417 
0.655465 -0.710588 1.684368 -0.418796 0.018002 0.207626 -0.355137 0.045524 -0.255179 -0.244123 0.138085 -0.295285 -0.105944 0.090190 -0.061576 
0.738934 -0.737086 1.740332 -0.468790 0.067700 0.151428 -0.345649 0.053443 -0.250304 -0.237201 0.130680 -0.272424 -0.123439 0.131973 -0.102017 
0.688675 -0.716030 1.738030 -0.456461 0.084513 0.128122 -0.332904 0.037991 -0.257894 -0.258349 0.147723 -0.311550 -0.120413 0.133837 -0.118997 
0.621671 -0.681168 1.698857 -0.466470 0.089274 0.159174 -0.317173 0.011283 -0.267328 -0.247937 0.127873 -0.316089 -0.118999 0.102613 -0.097613 
0.689388 -0.734769 1.721554 -0.447691 0.095557 0.159096 -0.352497 -0.009407 -0.223253 -0.272063 0.109233 -0.310207 -0.121633 0.117234 -0.152658 
0.621517 -0.635522 1.558731 -0.399855 0.061728 0.190337 -0.336227 -0.008179 -0.290616 -0.300840 0.153963 -0.330005 -0.151387 0.078325 -0.069269 
0.663693 -0.414386 1.251783 -0.281299 -0.038306 0.208688 -0.210118 -0.091367 -0.322572 -0.315697 0.141712 -0.309034 -0.173381 0.089328 -0.103306 
0.555729 -0.288183 1.379187 -0.376856 -0.005534 0.147865 -0.222617 -0.025080 -0.319852 -0.318131 0.172259 -0.353595 -0.155537 0.122555 -0.128326 
0.261664 -0.207888 1.438731 -0.424248 0.027882 -0.030286 -0.254552 0.012442 -0.344631 -0.307176 0.196079 -0.309696 -0.129352 0.118548 -0.038340 
0.322555 0.096757 1.020495 -0.224537 -0.065279 0.042748 -0.219379 -0.035245 -0.362995 -0.309966 0.176525 -0.366676 -0.088030 0.093531 -0.076181 
-0.018276 0.018257 0.735022 -0.006174 -0.069453 0.090467 -0.144626 -0.223426 -0.168878 -0.189990 0.094392 -0.196075 -0.143720 0.143043 -0.064365 
0.053463 -0.218563 1.085748 -0.388098 -0.169146 -0.055379 -0.179783 -0.048545 -0.253538 -0.136504 0.177075 -0.117794 -0.068699 0.149656 0.052399 
