city012_043
ROPPONGI
101
-0.127304 -0.123964 0.525101 -0.200648 0.113619 0.368527 -0.236084 -0.043750 0.265145 -0.179612 0.071658 0.081072 -0.152746 0.161437 -0.106171 
0.839724 -0.890137 0.873303 0.210378 -0.385411 0.072487 -0.087175 -0.106756 -0.033322 -0.150567 0.101422 0.013184 -0.220007 0.276761 -0.163792 
1.470405 -0.961329 0.650545 0.182560 -0.298792 0.240023 -0.044960 -0.483316 -0.157619 0.026747 0.067799 -0.120930 -0.135273 0.190141 -0.221597 
1.384540 -0.925186 0.848395 -0.586263 0.081128 0.123528 -0.315965 -0.281989 -0.243662 0.052796 0.156050 -0.079873 -0.019159 0.180594 -0.212256 
1.580800 -0.820035 0.581726 -0.795000 0.120582 0.108112 -0.309417 -0.235054 -0.325033 0.133337 0.281673 -0.046602 0.104564 0.070587 -0.263309 
1.716851 -0.843826 0.434112 -0.782973 0.036122 0.033388 -0.151529 -0.257179 -0.338069 0.151899 0.198482 0.058154 0.195345 0.042111 -0.272089 
1.708202 -0.923496 0.415175 -0.846302 0.046063 -0.072021 -0.177357 -0.101758 -0.300141 0.081151 0.085618 0.090512 0.302381 0.087814 -0.215435 
1.675974 -0.941189 0.392862 -0.854869 0.004745 -0.132676 -0.075765 0.003103 -0.243106 -0.042740 0.021975 0.123915 0.313917 0.119436 -0.179407 
1.658919 -0.977428 0.392839 -0.891815 0.027485 -0.197770 -0.036460 0.092880 -0.217484 -0.066462 -0.001775 0.136349 0.286732 0.104221 -0.131693 
1.581778 -0.871879 0.309907 -0.839174 -0.066056 -0.130249 -0.097158 0.150325 -0.197145 -0.060981 -0.016870 0.094308 0.310145 0.079229 -0.080347 
1.655214 -0.755979 0.327405 -0.896688 -0.069234 -0.150371 -0.138515 0.208820 -0.194086 -0.056991 -0.027122 0.000755 0.300773 0.145773 -0.085439 
1.651289 -0.668413 0.321616 -0.802692 -0.155469 -0.243585 -0.078785 0.211230 -0.156066 -0.108406 -0.067901 0.015857 0.244911 0.180781 -0.060489 
1.731432 -0.566062 0.365624 -0.878169 -0.139986 -0.198530 -0.170850 0.202316 -0.136343 -0.120586 -0.077001 -0.028896 0.255102 0.174764 -0.016488 
1.768421 -0.401111 0.464648 -0.938275 -0.246913 -0.107570 -0.185435 0.116367 -0.150895 -0.072769 -0.044118 -0.136723 0.245817 0.211398 -0.083388 
1.795029 0.033109 0.555589 -0.948326 -0.304920 0.006899 -0.134938 0.037095 -0.110185 -0.033963 -0.046795 -0.179204 0.129726 0.181260 -0.185995 
1.859305 0.369216 0.539462 -0.597595 -0.095843 0.209961 0.008989 0.025573 -0.087741 -0.034188 -0.114111 -0.178413 0.033816 0.119044 -0.270975 
1.326286 0.422011 0.272803 -0.098859 -0.027842 0.331287 0.086913 0.026400 0.048568 -0.152658 0.007264 -0.106012 0.022046 0.123954 -0.209451 
0.816467 0.279899 0.159069 -0.203593 0.047428 0.117668 0.028771 0.242008 0.154943 -0.184017 0.032695 0.022616 -0.088073 0.171468 -0.164028 
0.467841 0.107457 0.101056 -0.258405 -0.122737 0.227100 0.055777 0.172125 0.161994 -0.130039 0.064514 -0.076076 -0.062821 0.164572 -0.150089 
0.166182 -0.167618 -0.248674 -0.313020 -0.173717 0.060918 0.018804 0.044650 0.010903 0.044460 0.106447 -0.128223 -0.047736 0.132624 -0.194829 
-0.156700 -0.295795 -0.314190 -0.308798 -0.007802 0.160994 0.078960 0.031736 -0.033041 -0.076831 0.072539 -0.077963 -0.018291 0.179159 -0.185116 
-0.013444 -0.118147 -0.095096 -0.255204 -0.082004 -0.009587 -0.067733 0.084976 0.005531 -0.132097 0.143403 0.032689 -0.118435 0.160593 -0.179311 
0.138393 -0.036935 -0.167754 -0.172862 -0.131777 -0.160557 -0.130145 -0.076530 0.084315 0.043980 0.130376 0.004888 -0.016795 0.081015 -0.104618 
0.020958 -0.162720 -0.051098 -0.226079 -0.201777 -0.054476 -0.037638 0.159844 0.052657 -0.135604 0.145315 -0.008122 -0.130028 0.155794 -0.179463 
-0.028533 -0.077976 -0.043240 -0.243106 -0.172135 -0.061785 -0.102770 -0.052135 0.038895 0.052228 0.177531 -0.089998 -0.042534 0.197909 -0.245291 
0.056537 -0.100384 -0.065670 -0.339417 -0.079854 0.045066 -0.146518 0.052887 0.126607 -0.012385 0.088695 -0.085642 -0.051020 0.132316 -0.188282 
-0.110923 -0.136301 -0.073323 -0.031930 -0.020402 -0.115992 -0.246501 0.088074 0.061646 -0.035402 0.129254 -0.082310 -0.046407 0.201112 -0.188928 
-0.146486 -0.175436 -0.106171 -0.073566 0.067920 0.060741 0.009054 0.092290 0.023860 -0.160264 0.099690 -0.009008 -0.054386 0.137198 -0.141919 
-0.067120 -0.250594 -0.117388 -0.100618 0.134691 0.220544 -0.047041 0.015479 0.041386 -0.132238 0.147432 -0.075501 -0.031124 0.180497 -0.205053 
-0.148737 -0.107096 -0.032798 -0.025918 -0.004384 0.035511 -0.066825 -0.004281 0.037196 -0.089001 0.126947 -0.053336 -0.070176 0.163233 -0.168439 
-0.122253 -0.133803 -0.139379 -0.132070 0.060591 0.137378 0.056981 0.050600 0.048563 -0.045046 -0.009725 -0.055566 -0.018930 0.197546 -0.188523 
-0.188551 -0.078233 0.070212 -0.104588 -0.046948 0.015099 0.111423 -0.067088 0.053902 -0.094120 0.092420 -0.025912 -0.070178 0.145272 -0.139132 
-0.125753 -0.264823 -0.038931 -0.167892 -0.025032 0.046216 -0.055276 -0.057686 0.102649 0.039892 -0.001891 -0.062136 -0.035724 0.155364 -0.178123 
-0.205863 -0.125191 -0.049924 -0.129051 0.042159 0.122352 -0.031326 -0.018839 0.095934 -0.097950 0.067831 -0.021142 -0.088689 0.192135 -0.183994 
-0.111112 -0.158684 -0.028754 -0.026657 0.103418 -0.052005 -0.148713 0.012279 0.059255 -0.009975 0.084658 -0.093660 -0.071451 0.219315 -0.177425 
-0.277168 -0.057590 0.104943 -0.047241 -0.100345 -0.129477 -0.325010 -0.122778 0.009724 0.008812 0.153128 -0.047052 -0.040111 0.286551 -0.156081 
-0.226558 -0.144683 -0.032219 -0.104595 0.056213 0.070612 -0.166816 -0.049470 0.133953 0.003979 0.061573 -0.144960 0.001616 0.186552 -0.214912 
-0.098624 -0.055959 -0.048499 -0.060789 0.097892 0.046848 -0.194310 -0.062400 0.020778 -0.044507 0.163156 -0.079141 -0.111544 0.197204 -0.148150 
-0.262240 0.050950 0.149862 0.111083 -0.071541 0.121151 -0.001057 -0.071533 0.019561 -0.094413 0.151341 -0.062898 -0.097218 0.190202 -0.174552 
-0.094205 -0.101669 0.017392 -0.075404 -0.006457 0.043013 -0.125068 -0.029488 0.037253 0.080139 -0.007918 -0.033643 -0.084912 0.214149 -0.200802 
-0.199122 -0.087830 0.028356 0.095554 0.008449 -0.027751 -0.185469 0.030152 0.016928 -0.160866 0.189361 -0.028914 -0.157053 0.228639 -0.181107 
0.829303 -1.027950 0.364806 0.005492 0.097414 0.063151 -0.019483 0.028005 -0.027802 -0.006658 0.008399 0.030417 -0.049084 0.095958 -0.137976 
1.551883 -0.867298 0.299539 0.058376 0.150363 0.197568 -0.012942 -0.003410 0.038784 -0.077685 0.096470 0.002881 0.006575 0.047667 -0.147674 
1.844370 0.085874 0.577755 -0.607463 -0.187670 0.225546 -0.034603 0.013504 -0.146554 -0.111543 -0.016174 -0.195465 0.067893 0.169159 -0.224582 
1.911745 -0.632092 0.436239 -0.849089 -0.183844 -0.042182 -0.180755 0.071369 -0.153267 -0.145963 -0.059783 -0.108688 0.253450 0.283021 -0.136641 
1.740115 -0.683379 0.285558 -0.731716 -0.140124 -0.229929 -0.131695 0.210763 -0.147048 -0.200457 -0.041008 -0.000485 0.267277 0.207723 -0.067425 
1.780483 -0.681828 0.316566 -0.868038 -0.127515 -0.163489 -0.078433 0.173425 -0.126470 -0.078903 -0.088139 -0.108874 0.281112 0.219765 -0.119541 
1.811730 -0.820701 0.294280 -0.772849 -0.275574 -0.028496 -0.021062 0.169720 -0.030065 -0.011499 -0.094308 -0.144100 0.232252 0.116352 -0.139593 
1.928797 -1.090684 0.449279 -0.840824 -0.247723 0.006784 -0.005589 0.227918 -0.022719 -0.017603 -0.134521 -0.081905 0.193961 0.041230 -0.084818 
1.714070 -0.958807 0.360806 -0.699385 -0.294069 0.140724 0.051459 0.202792 -0.025726 -0.043872 -0.136374 -0.135575 0.190795 0.005058 -0.015116 
1.839667 -1.119399 0.565011 -0.840932 -0.148628 0.146242 0.154426 0.185743 -0.064951 0.005451 -0.181991 -0.108643 0.131252 0.024555 -0.004450 
1.647941 -0.908565 0.427623 -0.696459 -0.214530 0.222314 0.162735 0.180707 -0.103441 0.055079 -0.177796 -0.123644 0.152129 -0.028117 0.049769 
1.856060 -1.114422 0.604062 -0.755178 -0.134082 0.142340 0.199992 0.123957 -0.078458 0.081529 -0.255817 -0.037131 0.072731 0.031275 0.019249 
1.851227 -1.080114 0.591328 -0.683719 -0.192997 0.173568 0.172802 0.081589 -0.030014 0.030159 -0.249343 -0.032770 0.074064 0.040288 0.015713 
1.928859 -1.117791 0.644896 -0.632789 -0.231695 0.155569 0.162335 0.037949 0.032112 -0.047327 -0.228744 -0.043945 0.077802 0.066547 -0.021425 
1.923743 -1.112071 0.667767 -0.585177 -0.286058 0.192929 0.153322 0.050061 0.048619 -0.055698 -0.244543 -0.001574 0.020759 0.098906 -0.035615 
1.959420 -1.185480 0.737396 -0.555350 -0.305687 0.204525 0.189739 0.019127 0.094606 -0.061751 -0.220513 0.000184 -0.003701 0.101681 -0.060236 
1.858532 -1.151722 0.792031 -0.587828 -0.252601 0.220114 0.187408 0.048270 0.057562 0.010492 -0.212759 0.016386 -0.027902 0.089076 -0.058676 
1.787901 -1.148886 0.843032 -0.562774 -0.235052 0.215549 0.163123 0.034440 0.047043 0.004118 -0.164215 -0.007740 0.005259 0.071295 -0.082619 
1.767226 -1.158981 0.890900 -0.484440 -0.216853 0.204764 0.109625 -0.024711 0.011228 0.047695 -0.116952 -0.014149 0.033093 0.052369 -0.123925 
1.735716 -1.113164 0.953159 -0.319555 -0.246244 0.187818 0.012651 -0.122676 -0.022616 0.024221 -0.088080 -0.024487 0.055388 0.043526 -0.153208 
1.577600 -1.114590 1.147216 -0.155365 -0.121999 0.082703 -0.135968 -0.268941 -0.041305 0.025810 -0.104723 -0.084723 0.036083 0.078839 -0.159108 
1.526495 -1.124069 1.063489 -0.095814 -0.146247 0.174658 -0.119284 -0.303790 -0.106174 -0.016792 -0.090790 -0.110640 0.030846 0.016962 -0.142826 
1.492977 -1.144152 1.155796 -0.063562 -0.084227 0.095588 -0.142398 -0.320192 -0.091311 0.034461 -0.130453 -0.144404 0.023413 0.058516 -0.148506 
1.369515 -1.110019 1.176324 0.012178 -0.068638 0.058715 -0.150310 -0.319732 -0.129559 0.076060 -0.186815 -0.161078 -0.002851 0.095411 -0.168132 
1.270813 -1.065315 1.166367 0.087870 -0.105201 0.050988 -0.157578 -0.295090 -0.125233 0.016652 -0.189192 -0.180299 0.023244 0.047764 -0.163012 
1.250100 -1.031492 1.211473 0.080005 -0.086965 0.020616 -0.143871 -0.290348 -0.118895 0.025873 -0.202276 -0.179787 0.022067 0.065266 -0.176704 
1.278987 -1.008673 1.239396 0.072867 -0.076777 -0.011761 -0.114367 -0.293035 -0.125552 0.017660 -0.203416 -0.185796 0.032942 0.047451 -0.172933 
1.207413 -0.977039 1.172637 0.142900 -0.129750 0.033354 -0.145675 -0.272331 -0.132657 -0.016387 -0.195733 -0.193199 0.038938 0.009984 -0.158102 
1.237470 -0.971256 1.198417 0.138261 -0.102621 -0.001239 -0.121401 -0.284821 -0.141316 0.000433 -0.202721 -0.196977 0.011301 0.061395 -0.196818 
1.296112 -0.971303 1.127371 0.198089 -0.132280 0.027022 -0.121414 -0.271756 -0.147599 -0.030442 -0.183937 -0.199086 -0.009753 0.064221 -0.216538 
1.343629 -0.941417 1.146104 0.187372 -0.119178 -0.014871 -0.089299 -0.279500 -0.148709 -0.034664 -0.159793 -0.223427 -0.002266 0.082954 -0.225547 
1.357104 -0.868826 1.019464 0.263049 -0.156826 0.026473 -0.079607 -0.276777 -0.185007 -0.028802 -0.134254 -0.253638 -0.012508 0.085958 -0.229490 
1.456802 -0.885032 1.033332 0.314853 -0.167473 0.012329 -0.039105 -0.317803 -0.173644 -0.007251 -0.152720 -0.268849 -0.018331 0.114060 -0.275094 
1.468153 -0.727838 0.942621 0.432621 -0.197181 0.000158 -0.048478 -0.296914 -0.211937 0.051833 -0.168877 -0.306945 0.001389 0.141626 -0.292483 
1.375878 -0.528683 0.823603 0.544874 -0.183907 0.010833 -0.005511 -0.375265 -0.164361 0.039488 -0.134189 -0.373590 -0.000130 0.129496 -0.264025 
1.215382 -0.455215 0.832156 0.349703 -0.012400 0.033997 -0.095048 -0.308626 -0.142294 0.017123 -0.176216 -0.307577 -0.044272 0.090544 -0.231373 
0.632477 -0.476486 1.207086 -0.200515 0.327670 0.165732 -0.364081 -0.137058 -0.086297 -0.127805 -0.117822 -0.230077 -0.147287 0.056631 -0.169786 
0.650674 -0.107356 1.141491 -0.432955 0.395582 0.177152 -0.498925 0.005235 -0.137254 -0.247642 -0.018895 -0.230559 -0.131965 0.063134 -0.211837 
0.489270 -0.120741 1.339001 -0.569087 0.237022 0.243848 -0.279341 0.049935 -0.310655 -0.218606 0.063665 -0.289296 -0.134521 0.128805 -0.314989 
0.372593 -0.295777 1.315007 -0.470896 0.310894 0.227996 -0.296453 0.057066 -0.322655 -0.169829 0.106760 -0.283933 -0.158706 0.110050 -0.243517 
0.393191 -0.280988 1.490610 -0.519393 0.247800 0.097384 -0.221214 0.096701 -0.320356 -0.239506 0.193237 -0.349383 -0.134556 0.143410 -0.196250 
0.201356 -0.311560 1.719881 -0.475500 0.253658 0.033869 -0.221329 0.132719 -0.362675 -0.148842 0.068517 -0.285695 -0.182734 0.159248 -0.228416 
0.372929 -0.409376 1.745921 -0.510462 0.216720 0.100548 -0.278847 0.148081 -0.361943 -0.185454 0.115774 -0.311085 -0.194734 0.198613 -0.255494 
0.345684 -0.359370 1.655701 -0.472647 0.151406 0.174621 -0.312534 0.136150 -0.361543 -0.196275 0.118342 -0.331578 -0.166476 0.151676 -0.213994 
0.541523 -0.515420 1.726442 -0.535326 0.176932 0.172962 -0.290137 0.073433 -0.327023 -0.197880 0.103922 -0.326996 -0.166619 0.172017 -0.250479 
0.506220 -0.489619 1.742317 -0.519625 0.152294 0.175135 -0.303557 0.076067 -0.326781 -0.198308 0.098266 -0.334166 -0.156387 0.170265 -0.256877 
0.567252 -0.515889 1.702146 -0.541923 0.163604 0.206635 -0.314516 0.066457 -0.327658 -0.212890 0.112410 -0.338840 -0.166642 0.175911 -0.254509 
0.588280 -0.607973 1.687201 -0.526286 0.188847 0.219829 -0.340399 0.053734 -0.301381 -0.243982 0.123810 -0.317788 -0.203901 0.187649 -0.245086 
0.612026 -0.654121 1.626859 -0.505229 0.229306 0.240738 -0.357842 0.030463 -0.304710 -0.237247 0.136302 -0.348915 -0.187677 0.159467 -0.238108 
0.519166 -0.633118 1.495503 -0.437892 0.207237 0.335267 -0.389384 -0.014017 -0.299053 -0.245147 0.159899 -0.342876 -0.216863 0.134838 -0.206884 
0.634289 -0.682503 1.547453 -0.482160 0.242989 0.314264 -0.383888 -0.002581 -0.304612 -0.230915 0.130215 -0.308947 -0.252026 0.177175 -0.257221 
0.536899 -0.598774 1.413290 -0.414896 0.221543 0.346418 -0.391700 -0.031228 -0.307270 -0.247430 0.160991 -0.321317 -0.255645 0.157847 -0.242261 
0.562710 -0.623185 1.411514 -0.437874 0.265736 0.324670 -0.362902 -0.059786 -0.291706 -0.275603 0.187115 -0.317235 -0.274639 0.152796 -0.235089 
0.509196 -0.585229 1.400696 -0.422934 0.248319 0.340137 -0.415891 -0.024573 -0.295704 -0.274575 0.167072 -0.300634 -0.294571 0.177443 -0.247902 
0.473953 -0.569650 1.439092 -0.433223 0.201027 0.360531 -0.415911 -0.008329 -0.286938 -0.307942 0.175681 -0.278736 -0.330287 0.232757 -0.274799 
0.528593 -0.242759 1.403450 -0.390474 0.016763 0.290111 -0.261642 0.066950 -0.309972 -0.341644 0.183621 -0.301294 -0.300083 0.272193 -0.257948 
0.433380 -0.230001 1.453176 -0.401065 -0.002261 0.298899 -0.313021 0.117111 -0.297402 -0.339825 0.207959 -0.284831 -0.309873 0.308536 -0.274766 
0.529244 -0.020732 1.224463 -0.279812 -0.030559 0.154614 -0.217060 0.125289 -0.366195 -0.271621 0.145839 -0.240202 -0.319714 0.293774 -0.237765 
0.231137 0.202650 0.724026 0.105544 -0.017670 0.006137 -0.148604 -0.074491 -0.336842 -0.273599 0.138597 -0.278087 -0.298143 0.278017 -0.212743 
-0.077992 0.040381 0.608995 0.195193 -0.051643 0.067139 -0.175729 -0.133535 -0.157910 -0.227830 0.173130 -0.208981 -0.271933 0.325309 -0.182669 
