city012_075
CHUUBU
79
-0.854102 -0.433506 0.468166 -0.641875 0.490496 -0.191761 0.050869 0.012589 -0.095328 0.085807 -0.025472 0.039219 -0.097531 0.128770 -0.118395 
-0.883460 -0.565634 0.548462 -0.506060 0.495362 -0.210519 0.051869 0.030630 -0.135883 0.130596 -0.026301 -0.024289 0.013679 -0.013093 -0.003867 
-0.766798 -0.616919 0.472757 -0.666498 0.361938 -0.143947 0.173233 0.073178 -0.201195 0.062773 0.020975 -0.051690 0.060932 -0.018227 -0.011182 
-0.620233 -0.859156 0.772938 -0.691906 0.362853 -0.199212 0.101226 0.068874 -0.167687 0.156552 -0.053744 -0.068471 0.096103 -0.030926 -0.042875 
-0.446601 -0.802277 0.736847 -0.478936 0.422584 -0.144602 0.167255 0.075991 -0.177209 0.103962 -0.051283 0.036226 0.056367 -0.075247 -0.007148 
-0.042139 -0.800909 1.005883 -0.515253 0.497988 -0.124683 0.081282 0.100328 -0.141823 0.082479 0.014734 0.005786 0.036565 -0.086477 0.052646 
-0.114465 -0.493930 1.045675 -0.467926 0.425594 -0.235701 -0.025363 0.209135 -0.061275 -0.051282 0.012290 0.072057 -0.033948 -0.024145 0.009435 
0.031246 -0.605572 0.935540 -0.795269 0.272318 0.041322 -0.114085 -0.070095 -0.070716 0.144445 -0.092910 -0.006627 0.109381 -0.085919 -0.019971 
0.103198 -0.574763 1.193453 -0.657411 0.183954 -0.038797 0.079393 0.193391 -0.032524 0.007442 0.090614 -0.090339 0.067794 -0.019810 -0.044748 
0.106503 -0.567649 1.147948 -0.556021 0.040031 -0.078159 0.183200 0.026660 -0.086325 0.159874 -0.055808 -0.073707 0.156650 -0.108763 -0.008479 
0.323807 -0.726808 1.195616 -0.486974 -0.054507 -0.362161 0.124843 0.077745 -0.079990 0.025573 0.064285 0.028442 0.055864 -0.134287 0.021172 
0.537212 -0.649491 1.210796 -0.347184 -0.073725 -0.376486 0.060482 -0.000554 -0.180352 0.036346 0.041869 -0.003885 0.102344 -0.074685 -0.005250 
0.728829 -1.071040 1.498612 -0.033703 -0.140784 -0.151883 -0.143619 0.046404 -0.234098 -0.160213 0.040742 -0.123596 0.031129 -0.004853 -0.135348 
0.840071 -1.163157 1.478438 -0.004100 -0.253556 -0.068795 -0.267065 0.018534 -0.302032 -0.226630 0.099203 -0.197513 0.006887 0.056522 -0.130864 
0.973108 -1.237619 1.574461 -0.105467 -0.178024 -0.161932 -0.183183 -0.023799 -0.288243 -0.181234 0.075080 -0.175767 0.006215 0.089814 -0.139883 
0.870329 -1.105024 1.409258 -0.032862 -0.201043 -0.148600 -0.171352 -0.051218 -0.276516 -0.158141 0.072712 -0.182098 0.006564 0.110742 -0.145594 
1.026317 -1.276600 1.427535 -0.067414 -0.080330 -0.230685 -0.121565 -0.099733 -0.268163 -0.176987 0.100877 -0.235569 0.009503 0.116922 -0.135611 
0.974851 -1.250222 1.347386 -0.022783 -0.039025 -0.294029 -0.100104 -0.100713 -0.287390 -0.131108 0.071599 -0.235470 0.016749 0.134615 -0.158416 
1.057918 -1.265663 1.350376 -0.071355 0.027482 -0.366698 -0.048982 -0.113905 -0.276233 -0.124080 0.070150 -0.230381 0.043918 0.095105 -0.113318 
1.065127 -1.224738 1.303240 -0.026816 0.027866 -0.370062 -0.071603 -0.065513 -0.301041 -0.111898 0.044322 -0.198787 0.013439 0.117695 -0.144705 
1.088838 -1.236067 1.278910 0.006825 0.040369 -0.395242 -0.085583 -0.036706 -0.311229 -0.120150 0.031415 -0.188574 0.018793 0.113126 -0.161127 
1.071409 -1.171229 1.237118 0.050455 0.038211 -0.408285 -0.098095 -0.020461 -0.287999 -0.131400 0.010114 -0.169296 0.029745 0.099309 -0.146164 
1.150124 -1.197782 1.282081 0.050718 0.054639 -0.405177 -0.142244 0.036187 -0.300706 -0.114588 -0.037135 -0.135753 0.027843 0.094285 -0.166043 
1.183160 -1.239958 1.257318 0.080284 0.069198 -0.365433 -0.200717 0.061834 -0.317859 -0.139875 -0.028157 -0.172905 0.027404 0.077701 -0.148862 
1.194124 -1.250036 1.268376 0.064026 0.091270 -0.346882 -0.208652 0.070851 -0.335481 -0.144125 -0.021132 -0.198267 0.030691 0.077094 -0.182859 
1.214022 -1.248661 1.285986 0.052490 0.118553 -0.370631 -0.180457 0.053178 -0.317059 -0.167779 0.006982 -0.242292 0.057195 0.076393 -0.216001 
1.243777 -1.243574 1.301747 0.086134 0.087586 -0.350630 -0.208288 0.106590 -0.333152 -0.189083 0.020130 -0.241501 0.043981 0.097008 -0.251454 
1.370114 -1.300687 1.315455 0.115072 0.089356 -0.342600 -0.250130 0.170134 -0.344240 -0.205305 0.020097 -0.229305 0.040199 0.096507 -0.287300 
1.450305 -1.301259 1.187082 0.164040 0.091985 -0.262556 -0.306795 0.157254 -0.280276 -0.259881 0.034050 -0.241629 0.037843 0.110492 -0.323922 
1.486787 -1.278080 1.175184 0.136603 0.133756 -0.285857 -0.310068 0.170946 -0.265106 -0.235335 0.019985 -0.270691 0.094428 0.105028 -0.327865 
1.467917 -1.227318 1.093304 0.173417 0.116530 -0.248634 -0.341349 0.158298 -0.228677 -0.196312 -0.009330 -0.266893 0.108006 0.116231 -0.306798 
1.524153 -1.251744 1.109313 0.124639 0.154346 -0.276858 -0.318475 0.107753 -0.220147 -0.164839 -0.008923 -0.277704 0.075174 0.202698 -0.376279 
1.436184 -1.114177 0.993076 0.135626 0.133726 -0.249833 -0.333942 0.105062 -0.231306 -0.154971 -0.012412 -0.276843 0.084835 0.184940 -0.343333 
1.491892 -1.167881 1.063915 0.073024 0.120994 -0.234521 -0.337213 0.101353 -0.214050 -0.194027 0.029211 -0.288897 0.111340 0.153195 -0.323255 
1.486386 -1.121521 1.067991 0.047464 0.139764 -0.254401 -0.341596 0.078092 -0.207193 -0.148712 -0.005618 -0.304700 0.138342 0.174926 -0.341517 
1.422222 -1.086438 1.010402 0.078943 0.136339 -0.259213 -0.374122 0.082004 -0.194121 -0.146527 -0.010175 -0.304308 0.136176 0.203184 -0.353311 
1.423908 -1.097440 0.992375 0.056919 0.177500 -0.252800 -0.381624 0.037799 -0.166610 -0.110101 -0.030157 -0.305063 0.105114 0.259690 -0.371794 
1.539281 -1.189386 1.038233 -0.001596 0.221182 -0.269852 -0.353945 0.001651 -0.156503 -0.093514 0.002682 -0.332850 0.105524 0.265769 -0.348580 
1.427314 -1.115380 0.923675 0.043741 0.229883 -0.197386 -0.384355 -0.013704 -0.182751 -0.089258 0.001175 -0.365569 0.082206 0.260497 -0.336033 
1.458399 -1.064469 0.911623 0.027842 0.264144 -0.224561 -0.341044 -0.024476 -0.209142 -0.043934 -0.003819 -0.377409 0.075673 0.274610 -0.344670 
1.703759 -0.713901 0.687944 -0.015501 0.199127 -0.146671 -0.330130 -0.070098 -0.163870 0.028615 0.014235 -0.364798 0.061401 0.320896 -0.313889 
1.750201 -0.592475 0.633160 0.017270 0.289051 -0.062088 -0.240964 -0.066909 -0.121118 0.132910 0.058272 -0.372755 0.011463 0.336417 -0.284906 
1.720095 -0.243377 0.495079 0.220515 0.222017 0.061519 -0.205457 -0.051598 -0.170979 0.056033 0.106560 -0.331884 -0.089635 0.276795 -0.256584 
1.458583 -0.132449 0.324194 0.167300 0.145147 0.065812 -0.118967 -0.139098 -0.015696 0.108944 0.274926 -0.234322 -0.058811 0.293029 -0.175915 
1.462534 0.214121 0.379498 0.212485 0.129604 0.174143 -0.057501 -0.244657 -0.146000 -0.124647 0.172590 -0.264868 -0.101690 0.093608 -0.220462 
1.469958 0.174354 0.512907 0.078684 0.091173 0.038725 -0.087483 -0.196530 -0.103316 -0.054177 0.155473 -0.206441 -0.050489 0.228002 -0.255585 
1.575129 0.205109 0.254616 -0.055994 -0.217338 -0.130935 0.007677 0.009179 -0.131127 -0.101261 0.142284 -0.120467 -0.083644 0.231688 -0.223287 
1.617067 -0.107785 0.385915 0.057100 -0.004744 0.045708 -0.198248 -0.048016 -0.011245 -0.194284 -0.059376 -0.051106 -0.081277 0.139704 -0.250862 
1.470696 -0.320762 0.233359 0.078098 -0.018658 -0.093770 -0.242580 -0.114832 0.154602 0.046417 0.043018 -0.064362 0.037990 0.172155 -0.179622 
1.370608 -0.359224 0.263163 0.309197 0.275440 -0.031131 -0.316059 0.125834 0.062307 -0.213012 0.050564 -0.030942 -0.088382 0.145457 -0.230852 
1.418177 -0.313213 0.524036 0.275459 0.053676 0.101619 -0.289470 -0.089254 0.044381 0.101254 0.159863 -0.252798 -0.030498 0.366313 -0.173908 
1.558116 -0.497305 0.681624 0.285314 0.193233 -0.015100 -0.253212 0.050453 -0.014597 -0.022699 0.036004 -0.301719 0.013945 0.292099 -0.327644 
1.582137 -0.506975 0.806645 0.169800 0.192483 -0.026627 -0.330291 0.014414 -0.143924 -0.069167 0.002588 -0.378441 -0.037757 0.311147 -0.388906 
1.575422 -0.527615 0.702313 0.083205 0.113262 -0.010948 -0.322704 -0.016999 -0.160327 -0.081126 0.021584 -0.330236 -0.007864 0.267635 -0.346369 
1.602232 -0.498644 0.740353 0.150959 0.132513 -0.096957 -0.319226 -0.046128 -0.132739 -0.036220 0.035228 -0.331426 -0.005964 0.321755 -0.304546 
1.591400 -0.490663 0.741593 0.112226 0.101551 -0.090655 -0.355185 -0.072527 -0.097440 -0.056873 0.048861 -0.314027 0.004112 0.334081 -0.296676 
1.472247 -0.534411 0.721826 0.176882 0.081264 -0.071492 -0.352127 -0.047662 -0.113159 -0.068264 0.032648 -0.323120 -0.005045 0.328711 -0.318466 
1.466667 -0.650155 0.646491 0.093488 0.060188 -0.051842 -0.336311 -0.070474 -0.106660 -0.059311 0.054336 -0.333372 0.044109 0.302442 -0.320111 
1.424369 -0.624481 0.641092 0.070906 0.044155 -0.104382 -0.318791 -0.087065 -0.139828 -0.064282 0.048466 -0.291666 0.054823 0.260906 -0.279309 
1.464563 -0.569660 0.657439 0.120735 0.015134 -0.144699 -0.331132 -0.109953 -0.161189 -0.048384 0.055603 -0.311552 0.033759 0.339562 -0.295948 
1.416467 -0.442410 0.691896 0.149610 0.032631 -0.135452 -0.340536 -0.080953 -0.186058 -0.023910 -0.018943 -0.327158 0.056688 0.323532 -0.364697 
1.381034 -0.385889 0.768457 0.152380 0.118509 -0.168460 -0.239386 -0.075575 -0.139471 -0.058970 0.007033 -0.318099 0.040365 0.256312 -0.309084 
1.417151 -0.465054 0.726397 0.204083 0.077572 -0.080028 -0.296981 -0.030669 -0.148529 -0.058238 0.001569 -0.309202 -0.004253 0.294211 -0.348429 
1.209368 -0.596131 0.636544 0.198932 -0.017537 -0.173105 -0.344868 -0.095135 -0.160933 -0.082530 -0.007434 -0.249614 0.019800 0.327792 -0.321839 
1.239787 -0.628899 0.704942 0.139903 0.017696 -0.213346 -0.351485 -0.098340 -0.161238 -0.084558 -0.007056 -0.289677 0.081220 0.311582 -0.327316 
1.259086 -0.498597 0.730339 0.169017 -0.047274 -0.176083 -0.373407 -0.050664 -0.188950 -0.083216 0.011272 -0.272515 0.057710 0.337632 -0.347067 
1.125754 -0.357180 0.635964 0.194032 -0.044089 -0.255566 -0.287047 -0.110214 -0.196243 -0.068553 -0.012891 -0.228011 0.054333 0.310888 -0.316729 
1.138334 -0.402561 0.611774 0.214288 -0.051821 -0.219977 -0.231527 -0.097150 -0.169555 -0.070211 0.044372 -0.259664 0.057671 0.283186 -0.295537 
0.975064 -0.212344 0.575869 0.192216 0.006828 -0.253577 -0.255104 -0.044060 -0.163343 -0.024205 0.067406 -0.265815 0.077753 0.311853 -0.291857 
0.975815 -0.183456 0.544944 0.257715 0.040096 -0.192637 -0.176176 -0.023235 -0.166571 -0.022394 0.036857 -0.204459 -0.042597 0.303221 -0.287723 
0.833009 0.121516 0.512285 0.362132 -0.007498 -0.230409 -0.258847 0.018386 -0.064146 -0.066680 0.108604 -0.178281 0.064264 0.316386 -0.269592 
1.088642 0.026610 0.378595 0.375231 -0.020301 -0.124362 -0.116280 -0.191747 -0.054179 -0.136008 -0.001976 -0.234765 0.000273 0.161247 -0.249190 
0.509894 0.186062 0.394337 0.159424 -0.037229 -0.124573 -0.378065 -0.171658 0.041860 -0.117634 0.029975 -0.143297 0.042296 0.268329 -0.193926 
0.704357 0.264459 0.367072 0.155628 0.000183 0.004306 -0.214428 -0.073499 0.034193 -0.045727 0.167420 -0.161625 -0.012905 0.261155 -0.212425 
0.800842 0.357674 0.464715 0.348774 0.043344 -0.063509 -0.318550 -0.112873 0.085819 -0.141522 0.018706 -0.143052 0.035256 0.220063 -0.188593 
0.657401 0.257119 0.553085 0.380056 0.098145 -0.124465 -0.121855 -0.119752 -0.098366 -0.111438 0.004389 -0.260971 -0.061730 0.188616 -0.211418 
0.479899 0.292530 0.556800 0.443344 0.025397 -0.124211 -0.144861 -0.106783 -0.063481 -0.130958 -0.055335 -0.223450 -0.012414 0.149639 -0.243156 
0.382219 0.063178 0.437047 0.455874 0.019534 -0.071500 -0.148344 -0.105466 0.064560 -0.094645 -0.023323 -0.173281 -0.059094 0.292014 -0.307145 
0.148712 -0.034230 0.314237 0.256078 -0.001590 -0.121183 -0.178987 -0.119834 0.079353 0.012739 -0.040733 -0.164460 0.057719 0.249122 -0.294631 
