city012_061
BEPPU
71
0.024390 -0.263732 -0.098841 0.058829 0.132160 0.072715 -0.226151 -0.191850 0.005727 0.083215 0.136402 -0.102141 -0.129218 0.149081 -0.045379 
0.471414 -0.207797 -0.220557 -0.135005 -0.014652 -0.068310 -0.122642 0.014174 0.070668 -0.015589 0.075504 0.024795 -0.100840 0.097780 -0.075990 
1.197184 -0.762535 0.214076 -0.366775 -0.059477 -0.247125 0.029370 0.084489 -0.179398 -0.151129 -0.004557 0.200997 0.097805 0.046581 -0.157189 
1.234553 -0.618760 0.973517 0.029515 -0.150432 -0.177281 -0.091609 0.072993 -0.084672 -0.134435 0.027705 -0.012225 0.055941 -0.011793 -0.147511 
1.116508 -1.048468 1.415204 -0.167881 -0.104431 -0.281681 -0.244744 0.036694 -0.213363 -0.149253 -0.044803 0.001658 0.139640 -0.078610 -0.089583 
1.107559 -1.000276 1.329970 -0.263226 -0.222697 -0.286663 -0.299461 -0.001410 -0.175874 -0.103719 -0.040578 0.138255 0.140195 -0.062482 0.019529 
1.149623 -1.077914 1.289389 -0.309565 -0.268780 -0.282876 -0.302100 0.022994 -0.208602 -0.031376 -0.000319 0.141325 0.157457 -0.078614 0.093215 
1.163699 -1.169061 1.391684 -0.343309 -0.235308 -0.345101 -0.310038 0.008418 -0.199608 -0.049510 0.018362 0.155949 0.143040 -0.007966 0.037372 
0.913459 -1.066317 1.135165 -0.303166 -0.234961 -0.287462 -0.384822 0.043535 -0.216043 -0.046135 0.029962 0.147130 0.183701 -0.083910 0.144364 
1.088964 -1.195871 1.223509 -0.425087 -0.120483 -0.394044 -0.269536 -0.050918 -0.146434 -0.073815 0.021615 0.186067 0.154754 -0.076086 0.128579 
0.900956 -1.112569 1.092660 -0.275952 -0.251250 -0.294590 -0.354906 0.031098 -0.187923 -0.040873 0.023881 0.170470 0.182739 -0.105721 0.142254 
1.131020 -1.349433 1.254079 -0.371525 -0.168075 -0.369143 -0.324229 0.062043 -0.193406 -0.020027 0.008640 0.198800 0.151940 -0.085287 0.103475 
1.187823 -1.332402 1.255632 -0.367743 -0.189821 -0.361341 -0.290899 0.047068 -0.160891 -0.021833 0.022199 0.178819 0.150762 -0.068038 0.047588 
1.176844 -1.324659 1.243237 -0.354569 -0.169522 -0.370746 -0.299991 0.068871 -0.189677 0.005375 0.006884 0.156996 0.175593 -0.072174 0.031881 
1.230488 -1.298518 1.242741 -0.314450 -0.141849 -0.407484 -0.282741 0.053920 -0.187661 0.006215 0.002887 0.098396 0.214273 -0.020313 -0.076789 
1.253927 -1.230426 1.110679 -0.177901 -0.162361 -0.354153 -0.328236 0.054007 -0.196268 -0.100606 0.034908 0.043155 0.189681 0.062151 -0.165582 
1.461469 -0.524290 0.968667 0.313762 -0.078842 -0.160499 -0.106512 0.108578 -0.086032 -0.167746 -0.016581 -0.084707 0.053078 0.091129 -0.360348 
0.507448 0.016668 0.934757 0.446781 -0.090153 0.079935 0.117553 0.093479 0.062037 -0.078153 0.041676 0.106552 -0.043971 0.025674 -0.098518 
0.162316 -0.092546 0.588176 0.184646 -0.332846 -0.179998 0.021909 -0.075414 -0.015016 -0.064197 0.015636 0.052863 0.028351 -0.014985 -0.062589 
0.164013 -0.397886 0.380714 0.070772 -0.374956 -0.216841 -0.144642 -0.048804 0.031338 -0.058642 0.050339 0.139221 0.008396 0.059894 -0.096094 
0.175259 -0.277707 0.370352 0.091834 -0.384139 -0.300662 -0.136979 -0.124147 0.036524 -0.153471 0.109945 0.140066 0.086631 0.010530 -0.034553 
-0.140109 -0.313283 0.517445 0.177931 -0.493646 -0.326689 -0.178188 -0.093302 -0.035509 -0.097359 0.066270 0.197057 0.063330 0.072863 -0.049235 
-0.025402 -0.416270 0.452668 0.141980 -0.383615 -0.254504 -0.098818 -0.077443 0.028250 -0.079779 0.026394 0.154115 -0.009054 0.083955 -0.119013 
-0.049203 -0.433048 0.314431 0.080001 -0.272169 -0.109234 -0.096678 -0.073547 0.104413 -0.094652 0.002328 0.120716 -0.025542 0.058125 -0.133730 
-0.209239 -0.429783 0.310601 0.106113 -0.304322 -0.129843 -0.105044 -0.045110 0.178754 -0.090909 -0.044994 0.098484 0.077790 -0.002482 -0.174314 
-0.159509 -0.416676 0.373859 0.157050 -0.275669 -0.129788 -0.027129 0.005451 0.120338 -0.121955 -0.016520 0.076199 0.081116 -0.061195 -0.124613 
-0.205989 -0.417795 0.274308 0.141406 -0.189215 -0.024886 0.010893 0.076909 0.107130 -0.116715 -0.050553 0.106642 -0.001819 0.005100 -0.139615 
-0.180059 -0.379307 0.135654 0.158339 -0.274968 -0.007826 0.085058 0.087369 0.089261 -0.253716 0.110955 0.070057 -0.061233 0.008158 -0.086292 
-0.379163 -0.303783 0.245730 -0.017871 -0.177958 -0.069989 0.027392 0.151788 0.092631 -0.200663 0.057564 0.090586 -0.089934 0.023193 -0.067012 
-0.384007 -0.401750 0.161769 0.029769 -0.124539 -0.028336 0.011972 0.132289 0.093579 -0.118278 -0.077017 0.084176 0.051080 -0.033095 -0.122376 
-0.282461 -0.039786 0.251397 -0.028280 -0.114092 0.063819 -0.038037 -0.077366 0.144637 -0.108269 0.053503 -0.047784 0.056447 0.026293 -0.124664 
-0.358221 -0.313010 0.103310 -0.058732 -0.029061 -0.055863 -0.011888 0.042868 0.092816 -0.086100 0.010019 0.001704 -0.017603 0.106313 -0.180650 
-0.372691 -0.327993 0.265114 0.143118 0.053428 0.067395 -0.034737 0.040272 0.057148 -0.125179 0.098615 0.037586 -0.098397 0.116718 -0.135009 
-0.375849 -0.393746 0.136320 0.056399 -0.065613 0.038731 0.029090 -0.015660 0.132214 -0.141324 0.000009 0.051178 0.013452 0.017299 -0.120563 
-0.291266 -0.225370 0.183672 0.131699 -0.094372 -0.181922 -0.074422 0.093398 0.069656 -0.143610 0.041076 0.067621 -0.044459 0.078684 -0.151203 
-0.217701 -0.296764 0.011707 -0.009796 -0.040074 -0.004462 -0.148373 -0.081455 0.128176 -0.037535 0.050671 -0.038698 -0.020492 0.145688 -0.189472 
-0.250383 -0.086874 0.235098 -0.097173 -0.183300 -0.152439 -0.065828 -0.036517 0.060225 -0.078453 0.089933 0.056240 -0.094709 0.174928 -0.189900 
-0.097800 -0.410345 0.034581 0.151622 0.023448 -0.054448 -0.158963 -0.068924 0.103413 -0.082994 0.074558 -0.000870 -0.112730 0.194333 -0.178307 
-0.194354 -0.221622 0.230086 0.161854 -0.019266 -0.175644 -0.113136 0.089555 -0.017498 -0.117375 0.142869 -0.075643 -0.046144 0.180988 -0.184968 
-0.170698 -0.216365 0.138827 -0.080501 -0.038036 -0.003252 -0.041077 -0.004053 0.124797 -0.075999 0.026253 -0.019500 -0.034388 0.136982 -0.179453 
-0.255264 -0.292355 -0.130049 -0.128385 0.024188 0.000374 -0.151759 0.055905 0.123400 -0.117351 0.094542 -0.032477 -0.063720 0.151272 -0.172380 
-0.196763 -0.278604 0.059586 -0.097913 0.081081 0.014636 -0.078244 0.029721 0.064585 0.030233 -0.084803 0.025755 -0.045702 0.161167 -0.206268 
-0.222287 -0.155342 0.142025 -0.026871 -0.005187 0.095413 -0.106350 -0.189038 0.018705 0.048478 0.057407 -0.057219 -0.072889 0.169112 -0.163065 
-0.259015 -0.240895 -0.013355 -0.020272 0.059650 -0.007116 0.036906 0.022768 0.017349 -0.053726 0.036447 0.012095 -0.097334 0.184069 -0.171146 
-0.208454 -0.190936 0.025352 0.041435 0.060077 0.124219 0.051679 -0.073005 0.063176 -0.061746 0.085488 -0.033415 -0.056354 0.168265 -0.191942 
-0.267945 -0.016078 0.033610 0.074308 -0.054321 -0.157565 -0.016003 0.162545 0.099484 -0.141317 0.055595 0.022228 -0.079058 0.153776 -0.219865 
-0.225498 -0.150948 0.018195 0.069888 0.004985 0.017272 0.016167 0.181458 0.092392 -0.153598 0.017030 0.033851 -0.050794 0.168537 -0.223089 
0.235108 -0.874014 -0.163406 0.002428 -0.156713 0.020763 0.028785 -0.059298 0.170460 -0.118166 0.115629 -0.072387 -0.060902 0.110070 -0.117914 
1.344564 -1.319098 0.471679 -0.185858 -0.091407 -0.092413 -0.144980 0.022065 0.022516 -0.015347 0.030065 0.036502 0.005822 0.051060 -0.126203 
1.689935 -0.529917 0.347823 -0.061712 -0.061113 -0.074751 -0.015382 0.074369 0.003582 -0.043812 0.021146 -0.045408 -0.027902 0.170920 -0.248148 
1.616042 -0.646101 0.903366 0.122617 0.039059 0.017522 -0.027931 -0.059206 -0.089461 -0.102996 -0.045159 -0.082953 -0.087614 0.053287 -0.141921 
1.656845 -0.776284 1.007966 -0.151806 0.195255 -0.259526 -0.112317 0.117235 -0.236704 0.007149 0.011554 -0.178235 0.046771 0.141693 -0.234648 
1.651700 -1.145616 1.115041 -0.080200 0.004864 -0.220889 -0.311573 0.067851 -0.202759 -0.151489 0.080680 -0.202715 0.063280 0.225423 -0.270234 
1.485372 -1.157497 1.038994 -0.070078 -0.053388 -0.237037 -0.356120 0.072283 -0.227633 -0.143693 0.083713 -0.170993 0.100290 0.206335 -0.232626 
1.659428 -1.278977 1.167125 -0.104164 -0.006774 -0.267518 -0.343570 0.055871 -0.231709 -0.143511 0.071216 -0.169373 0.077817 0.229433 -0.273896 
1.395357 -1.050365 0.991991 -0.023054 -0.098090 -0.201751 -0.370858 0.072262 -0.282272 -0.138950 0.099080 -0.209455 0.129750 0.144033 -0.159988 
1.631860 -1.220344 1.126507 -0.144342 -0.034823 -0.229332 -0.324350 0.027203 -0.269149 -0.143009 0.103974 -0.178677 0.072055 0.183709 -0.176560 
1.432002 -1.039749 0.954309 -0.067354 -0.088048 -0.174831 -0.325931 0.009238 -0.291789 -0.147465 0.108756 -0.189419 0.067037 0.174176 -0.150228 
1.604187 -1.146855 0.997622 -0.130611 -0.051265 -0.170900 -0.290709 -0.025666 -0.299174 -0.148625 0.113691 -0.184223 0.026658 0.218399 -0.187320 
1.674473 -1.181290 0.980111 -0.129248 -0.036596 -0.147541 -0.282897 -0.051142 -0.311700 -0.133162 0.104035 -0.173846 -0.015178 0.259615 -0.225098 
1.659566 -1.136002 0.895562 -0.128422 -0.027663 -0.105435 -0.290438 -0.040659 -0.326949 -0.175311 0.124615 -0.178503 -0.027813 0.262280 -0.223860 
1.691125 -1.109115 0.856744 -0.165800 0.008291 -0.081877 -0.286907 -0.063539 -0.339048 -0.154519 0.119082 -0.186076 -0.026672 0.265852 -0.241403 
1.660788 -0.992010 0.765882 -0.135523 0.008217 -0.077999 -0.270029 -0.096319 -0.303635 -0.200557 0.158790 -0.230553 -0.020163 0.272162 -0.218102 
1.650916 -0.831006 0.776505 -0.160791 0.005210 -0.063346 -0.271997 -0.085455 -0.324985 -0.163734 0.148236 -0.241309 -0.054493 0.298185 -0.228665 
1.607252 -0.710484 0.767898 -0.230389 0.047526 -0.029552 -0.313041 -0.102826 -0.326934 -0.126811 0.167866 -0.276755 -0.049933 0.319521 -0.245536 
1.571968 -0.580254 0.691000 -0.225774 0.077613 -0.068094 -0.380733 -0.084081 -0.329341 -0.065939 0.158980 -0.304795 -0.009537 0.339653 -0.258567 
1.390643 -0.638297 0.656906 -0.121010 0.039456 -0.092480 -0.374607 -0.108826 -0.350205 -0.103014 0.203657 -0.300062 -0.043042 0.352540 -0.208132 
1.274212 -0.392675 0.645843 -0.152050 0.053184 -0.173133 -0.242714 -0.110585 -0.364461 0.020653 0.176133 -0.317259 0.033538 0.315733 -0.216835 
0.509257 0.116948 0.616685 0.049958 -0.087643 -0.231480 -0.273715 -0.148739 -0.332623 -0.072822 0.159747 -0.344291 0.089770 0.334899 -0.203409 
0.178463 -0.106217 0.399484 0.205424 -0.181519 -0.318962 -0.212076 -0.119661 -0.139297 -0.135772 0.123750 -0.108429 0.022993 0.282698 -0.177924 
0.526316 -0.694185 0.364207 -0.050992 0.036388 -0.314019 -0.170093 -0.093236 -0.296890 0.231502 0.105048 -0.171859 0.043363 0.283031 -0.154640 
