city012_024
NERIMA
71
0.107298 0.160667 0.448990 0.213336 0.047239 0.258273 -0.136589 -0.186213 0.190476 -0.172998 0.061671 -0.090134 -0.044526 0.013482 -0.053526 
0.547587 0.448201 0.584131 0.362928 0.103597 0.133341 -0.099310 -0.159540 0.058175 -0.029452 -0.130713 -0.123141 -0.017932 -0.027570 -0.070855 
1.050722 -0.191689 0.812124 0.484973 -0.240807 0.201866 -0.121052 -0.339498 -0.004153 -0.000302 -0.189822 -0.313948 0.157610 -0.095181 -0.184634 
1.256055 -0.252585 0.924019 0.471192 -0.269753 0.029674 -0.082865 -0.294463 -0.046953 -0.022717 -0.197053 -0.257580 0.226866 -0.127892 -0.175303 
1.107143 -0.544505 0.967859 -0.097223 -0.304462 -0.152082 0.037322 -0.029353 -0.273683 -0.141317 0.069038 -0.163761 0.090986 -0.115453 -0.000934 
1.074249 -0.706004 1.186532 -0.288319 -0.287675 -0.090800 -0.064599 -0.085386 -0.214945 -0.078743 0.074869 -0.119826 0.107405 -0.062531 0.026613 
1.030388 -0.835642 1.222930 -0.359447 -0.260979 -0.063518 -0.089647 -0.069459 -0.235950 -0.060418 0.111043 -0.143475 0.119946 -0.034726 0.005049 
1.068461 -0.975585 1.260026 -0.378476 -0.247966 -0.101856 -0.129849 0.002491 -0.243460 -0.054866 0.158807 -0.123363 0.102704 -0.025410 0.019124 
1.021110 -1.003240 1.270005 -0.413857 -0.229213 -0.105565 -0.158536 -0.001334 -0.221428 -0.044677 0.137400 -0.082759 0.097601 -0.024353 0.016417 
1.064785 -1.041963 1.279796 -0.423758 -0.203515 -0.116861 -0.197235 0.031106 -0.249896 -0.041701 0.177453 -0.118711 0.111298 -0.002551 0.000148 
1.029748 -1.100803 1.296678 -0.410706 -0.216992 -0.111086 -0.172206 -0.050456 -0.218635 -0.039136 0.152330 -0.116940 0.123549 0.003007 0.004051 
1.080654 -1.156141 1.343732 -0.345409 -0.236474 -0.142770 -0.175566 -0.038020 -0.221447 -0.033506 0.156238 -0.119149 0.119082 0.011948 0.005306 
1.011056 -1.127287 1.352750 -0.379302 -0.235377 -0.108929 -0.197186 -0.067613 -0.239692 -0.025399 0.105160 -0.083597 0.101102 0.018736 0.029168 
0.968507 -1.094990 1.380032 -0.373362 -0.267793 -0.076473 -0.219917 -0.102089 -0.235735 -0.066662 0.133317 -0.114818 0.105002 0.036215 0.026463 
0.947187 -1.044448 1.380034 -0.375255 -0.256042 -0.061759 -0.242970 -0.110238 -0.234226 -0.095957 0.113847 -0.100532 0.099229 0.001493 0.080967 
0.838197 -0.963599 1.411196 -0.374758 -0.226987 -0.054051 -0.266631 -0.091811 -0.233804 -0.089753 0.079551 -0.093365 0.081632 0.006968 0.068779 
0.858247 -0.968199 1.528046 -0.358575 -0.189049 -0.067869 -0.263893 -0.039148 -0.246856 -0.104336 0.069367 -0.099819 0.052897 -0.003600 0.063741 
0.751186 -0.858770 1.480247 -0.286120 -0.116080 -0.022532 -0.214359 -0.046437 -0.248253 -0.140917 0.041971 -0.121467 -0.012420 -0.049254 0.095462 
0.735258 -0.794867 1.398641 -0.140120 -0.151573 0.095207 -0.163415 -0.142427 -0.185329 -0.250470 0.050494 -0.144582 -0.121955 -0.020194 0.028721 
0.824447 -0.054170 0.787598 0.353932 -0.134323 0.009313 -0.058800 -0.104245 -0.204110 -0.164849 -0.041967 -0.265194 0.006199 -0.103336 -0.132396 
0.855992 0.077882 0.872697 0.297810 -0.079470 0.000200 -0.022491 -0.202256 -0.075066 -0.141164 -0.141566 -0.199708 0.039143 -0.163066 -0.072842 
0.630875 -0.221962 0.754366 0.137953 0.126503 0.287858 -0.011271 -0.242103 -0.187744 0.000826 -0.036516 -0.234312 -0.006976 -0.181534 -0.108900 
0.410169 -0.330548 1.089102 -0.079629 0.020972 0.083123 -0.045613 -0.076472 -0.170193 -0.153770 0.011911 -0.092764 -0.121361 -0.062952 0.022498 
0.565499 -0.552554 1.492496 -0.270017 0.014010 0.105737 -0.209143 -0.037531 -0.187198 -0.275688 0.069924 -0.175710 -0.161781 -0.009609 0.010425 
0.613936 -0.459803 1.539838 -0.297110 -0.067864 0.179053 -0.280341 0.039569 -0.235549 -0.276805 0.131453 -0.235477 -0.153319 0.070638 -0.039296 
0.736881 -0.559180 1.677862 -0.370133 -0.071336 0.192449 -0.291775 0.021661 -0.200916 -0.316743 0.171674 -0.262009 -0.156988 0.123079 -0.102582 
0.658404 -0.381247 1.566602 -0.321425 -0.142148 0.239629 -0.303338 0.036209 -0.248259 -0.293407 0.160888 -0.291951 -0.146020 0.123116 -0.107884 
0.770945 -0.548010 1.763210 -0.416270 -0.041442 0.168658 -0.302820 0.022259 -0.211213 -0.311903 0.186071 -0.308685 -0.121306 0.138681 -0.151392 
0.747911 -0.529212 1.902861 -0.445493 0.014443 0.078968 -0.300356 0.053774 -0.239884 -0.300166 0.200314 -0.311863 -0.093635 0.136986 -0.149429 
0.729405 -0.493531 1.774079 -0.455198 0.004104 0.121180 -0.310794 0.045244 -0.256685 -0.270307 0.163721 -0.309633 -0.099816 0.131910 -0.145565 
0.636670 -0.365788 1.707409 -0.436433 -0.043552 0.151537 -0.307058 0.042042 -0.259237 -0.258505 0.153107 -0.303322 -0.091075 0.106769 -0.107404 
0.731615 -0.459859 1.761070 -0.488648 0.011779 0.129461 -0.325966 0.058263 -0.276261 -0.250866 0.160409 -0.314608 -0.089548 0.132557 -0.134748 
0.622899 -0.375277 1.737361 -0.470165 -0.025250 0.138794 -0.314619 0.034708 -0.247335 -0.269303 0.159796 -0.295072 -0.100299 0.130216 -0.121654 
0.610376 -0.385748 1.694158 -0.479135 0.007309 0.111603 -0.321955 0.056869 -0.285413 -0.227380 0.126707 -0.278545 -0.084913 0.101895 -0.080565 
0.742459 -0.531560 1.727941 -0.537181 0.075691 0.088310 -0.304962 0.008247 -0.238371 -0.261235 0.146730 -0.305066 -0.065438 0.099016 -0.100575 
0.698495 -0.522996 1.631109 -0.479706 0.000534 0.191069 -0.363302 0.029007 -0.252009 -0.241419 0.107330 -0.276032 -0.071475 0.073633 -0.081648 
0.837043 -0.659547 1.705307 -0.520481 0.041135 0.175528 -0.370475 -0.009206 -0.185162 -0.262699 0.111262 -0.259439 -0.070858 0.092254 -0.126072 
0.791516 -0.689536 1.606111 -0.482429 0.016484 0.232451 -0.380096 -0.020303 -0.204042 -0.264943 0.100808 -0.259234 -0.066079 0.036832 -0.073728 
0.926362 -0.869295 1.618137 -0.323868 -0.075433 0.207413 -0.304973 -0.095650 -0.181725 -0.221860 0.066899 -0.272694 -0.033266 0.044350 -0.122856 
1.140190 -1.084644 1.323294 0.178366 -0.183641 -0.049921 -0.122690 -0.005696 -0.274275 -0.310843 0.216480 -0.329151 -0.085996 0.104973 -0.188568 
1.371641 -0.870258 0.908053 0.522045 -0.222421 0.031385 -0.164591 -0.163249 -0.110727 -0.209213 0.017591 -0.360318 0.002587 0.101888 -0.259720 
1.254035 -0.850814 0.925178 0.460444 -0.161551 0.048685 -0.077592 -0.254143 -0.133087 -0.142330 -0.026645 -0.373995 0.023842 -0.007050 -0.188074 
1.229541 -0.836247 0.927487 0.499532 -0.181082 0.021295 -0.064254 -0.257312 -0.151287 -0.076838 -0.063852 -0.382680 0.040467 0.030523 -0.207037 
1.193487 -0.891160 1.007642 0.438114 -0.189245 0.034642 -0.052330 -0.265602 -0.141938 -0.120342 -0.028237 -0.389035 0.049893 0.004613 -0.199159 
1.250758 -0.856423 1.010987 0.424950 -0.168249 0.030657 -0.040059 -0.300784 -0.122699 -0.037753 -0.109588 -0.371907 0.086182 -0.002254 -0.216257 
1.285111 -0.918315 0.973147 0.413488 -0.180711 0.079222 -0.050904 -0.324035 -0.107151 -0.020302 -0.142944 -0.331551 0.094360 -0.048084 -0.204528 
1.604685 -0.918244 0.698234 -0.295552 0.031574 0.182670 -0.062445 -0.357408 -0.308768 0.023105 0.145655 -0.148624 0.071738 -0.033746 -0.203800 
1.766110 -1.433845 0.514220 -0.396542 0.056010 0.046256 -0.161614 -0.039634 -0.086366 0.234911 0.191170 -0.350151 0.137411 0.058826 -0.192888 
1.539360 -1.455590 0.348969 -0.517195 0.144655 -0.034616 -0.125131 0.044576 -0.028301 0.277295 0.061281 -0.373518 0.161819 0.042541 -0.144407 
1.452661 -1.464087 0.318346 -0.623695 0.215526 -0.024588 -0.085712 0.012588 -0.005306 0.299464 0.019774 -0.351887 0.094511 0.069861 -0.090141 
1.421613 -1.445392 0.253289 -0.611350 0.189622 0.030445 -0.075865 0.000505 0.008193 0.244972 0.068729 -0.366723 0.080224 0.070236 -0.081827 
1.440850 -1.427762 0.228895 -0.598980 0.157503 0.092042 -0.090012 -0.013047 -0.007894 0.240045 0.043482 -0.308275 0.057157 0.081840 -0.080014 
1.492983 -1.452358 0.234916 -0.655360 0.173396 0.075272 -0.067358 -0.010565 0.015226 0.203092 0.091422 -0.355344 0.081006 0.051066 -0.073462 
1.498226 -1.359304 0.142780 -0.597880 0.149209 0.094478 -0.036853 -0.038234 0.000556 0.217699 0.084821 -0.349057 0.076696 0.048834 -0.079157 
1.511328 -1.367744 0.133376 -0.623868 0.169555 0.096552 -0.043361 -0.030963 -0.000304 0.207122 0.072477 -0.311982 0.051784 0.048221 -0.053574 
1.549006 -1.357689 0.096941 -0.590864 0.148483 0.113556 -0.070047 -0.000724 -0.029137 0.229772 0.056580 -0.299906 0.048094 0.044543 -0.042995 
1.670694 -1.477294 0.161966 -0.631926 0.197562 0.066299 -0.038145 0.022889 -0.044557 0.207943 0.090337 -0.337378 0.078388 0.025698 -0.060541 
1.519920 -1.344853 0.053266 -0.586641 0.119159 0.142253 -0.071022 -0.012930 -0.017344 0.201436 0.089828 -0.315928 0.058203 0.045584 -0.068305 
1.661934 -1.417677 0.125729 -0.623666 0.156057 0.133725 -0.054646 -0.013629 -0.008822 0.206852 0.066546 -0.314518 0.049683 0.038100 -0.032073 
1.711215 -1.409301 0.111408 -0.629614 0.182903 0.133851 -0.048991 -0.010415 -0.005422 0.193623 0.061925 -0.315353 0.058704 0.039155 -0.062710 
1.734341 -1.387869 0.069697 -0.629074 0.156143 0.112033 -0.032994 0.015547 -0.053976 0.215169 0.069234 -0.314944 0.078963 0.025484 -0.099987 
1.701444 -1.384639 0.076674 -0.619315 0.148496 0.120007 0.021538 -0.050939 -0.017486 0.193088 0.070002 -0.318400 0.091483 0.002952 -0.059911 
1.727910 -1.360325 0.024757 -0.596977 0.161007 0.109422 0.005736 -0.066701 -0.007538 0.190027 0.052913 -0.301784 0.109347 0.008677 -0.060944 
1.709459 -1.291347 -0.062351 -0.495038 0.134987 0.069680 0.007610 -0.069178 -0.000081 0.209706 0.035026 -0.254245 0.059577 0.020958 -0.070042 
1.666309 -1.201378 -0.143575 -0.504263 0.072654 0.100265 0.010391 -0.128160 0.029675 0.222870 0.079571 -0.310561 0.074936 0.015640 -0.046574 
1.606457 -1.046738 -0.231797 -0.523195 0.087181 0.093576 0.007172 -0.134465 0.043303 0.225693 0.082832 -0.315700 0.061985 0.011995 -0.012557 
1.495870 -0.829371 -0.261324 -0.556836 0.166008 0.097645 0.016520 -0.074860 -0.065462 0.259702 0.086511 -0.343593 0.055472 0.047899 -0.064693 
0.856299 -0.948349 -0.186932 -0.561492 0.102864 0.075120 -0.001181 -0.024429 0.051264 0.280016 -0.022530 -0.334906 0.050896 0.018195 -0.048177 
1.478365 -0.839144 -0.280131 -0.407896 -0.007994 0.147820 -0.058957 -0.060473 0.014311 0.202781 0.130473 -0.347105 0.036340 0.076405 -0.109687 
0.767338 -0.381251 -0.440086 -0.351566 -0.069484 0.194914 0.080987 -0.223214 0.265175 0.222060 0.024710 -0.233366 -0.182648 -0.058893 0.112369 
0.194062 -0.542209 -0.338935 -0.185384 -0.069770 0.245532 0.102030 -0.253240 0.048911 0.065528 0.138343 -0.150725 -0.054953 0.053681 -0.031129 
