city012_077
NYAKUSEI
87
0.011792 0.031236 0.146423 -0.019902 0.156411 0.044019 -0.151796 0.077177 0.159973 -0.082734 0.078737 -0.067403 -0.035775 0.184944 -0.188305 
0.269480 0.185241 0.248107 0.199923 0.015899 -0.024536 -0.030303 0.115514 0.087693 -0.087016 0.156145 -0.068439 -0.017694 0.160566 -0.181220 
0.878092 0.039896 0.611338 0.469609 0.095749 0.000516 -0.123995 0.009453 0.040435 -0.252775 -0.004398 -0.051869 -0.209382 0.153721 -0.234611 
1.303497 -0.316223 0.801877 0.473611 -0.050497 -0.027323 -0.168318 -0.118260 -0.020233 -0.268922 -0.052811 -0.078290 -0.193856 0.048324 -0.092708 
1.390887 -0.396586 0.813191 0.466592 0.001347 -0.064582 -0.219883 -0.117825 0.017409 -0.263848 -0.021374 -0.086968 -0.161582 0.089097 -0.095009 
1.333630 -0.334467 0.778354 0.087757 0.108819 -0.032973 -0.202982 -0.095008 -0.040233 -0.254696 -0.123463 -0.018743 -0.154954 0.010917 -0.097344 
1.213110 -0.119609 0.914495 -0.447175 0.269035 0.084074 -0.447691 -0.102737 0.072492 -0.275658 -0.150756 0.036122 -0.145886 0.031036 -0.018040 
1.074920 -0.435174 1.000109 -0.483096 0.223949 0.052774 -0.315951 -0.129776 -0.103160 -0.161862 -0.110237 0.053719 -0.130015 0.011830 0.011396 
1.200052 -0.924365 1.167047 -0.515725 0.197205 -0.015910 -0.305337 -0.071136 -0.119777 0.017528 -0.016651 0.001321 -0.067573 0.063981 0.025313 
1.260260 -1.219138 1.086348 -0.559545 0.091145 -0.047104 -0.233338 0.030142 0.020244 0.118710 -0.046833 0.031248 -0.009106 0.019962 -0.015116 
1.403041 -1.492941 0.881539 -0.476484 0.101455 -0.164753 -0.162765 0.224578 0.059955 0.089610 -0.072547 0.029494 -0.015429 -0.040550 -0.047253 
1.355534 -1.595438 0.626855 -0.365610 0.014477 -0.234674 -0.046806 0.298960 -0.050323 0.129979 -0.037018 -0.223282 0.180955 -0.001701 -0.195855 
1.287894 -1.524751 0.360186 -0.401772 0.121216 -0.280045 -0.002962 0.251893 0.004994 0.136257 -0.120666 -0.231294 0.213326 0.040601 -0.259004 
1.274401 -1.584607 0.285886 -0.472951 0.189217 -0.260148 -0.021892 0.245981 0.043554 0.136206 -0.136836 -0.239899 0.174313 0.064316 -0.203362 
1.287707 -1.532665 0.262542 -0.475069 0.270253 -0.289491 0.017430 0.281834 -0.010700 0.149294 -0.110738 -0.275462 0.084939 0.171133 -0.163901 
1.513161 -1.521363 0.231153 -0.409316 0.273300 -0.259793 0.024080 0.197250 -0.061611 0.261290 -0.136782 -0.278029 0.107680 0.164652 -0.143227 
1.671499 -1.421449 0.194899 -0.325438 0.204762 -0.218794 0.042498 0.103295 -0.020493 0.292173 -0.207579 -0.217565 0.134934 0.114202 -0.136122 
1.737932 -1.238787 0.190929 -0.195198 0.125987 -0.184618 0.149815 -0.086890 0.038974 0.393870 -0.203182 -0.205691 0.058410 0.118963 -0.103168 
1.667274 -0.780595 0.039529 -0.196068 0.271526 -0.205725 0.146039 -0.179020 0.055314 0.397937 -0.299254 -0.136989 0.045979 0.178632 -0.112215 
1.381732 -0.532978 0.214199 0.000047 0.367099 -0.193822 0.065585 -0.276637 0.037588 0.345923 -0.255757 -0.102841 0.035756 0.169023 -0.156878 
0.961859 -0.426790 0.468257 0.111020 0.294993 -0.004548 -0.096281 -0.225339 0.111420 0.154777 -0.218076 -0.084715 0.005238 0.169817 -0.246260 
0.688755 -0.565500 0.395434 0.287584 0.067082 0.116059 -0.071026 -0.251720 0.069986 0.049831 -0.105360 0.000596 -0.092169 0.113399 -0.190218 
0.976334 -0.448633 0.268607 0.400461 0.133958 0.078681 -0.250407 -0.501862 0.132342 -0.070416 -0.178285 -0.112856 -0.147100 0.059703 -0.053344 
0.775681 -0.536712 0.185521 0.334272 -0.058940 0.044963 -0.253790 -0.485743 0.089784 0.023260 0.011009 -0.211709 -0.034716 0.205701 -0.103571 
0.297129 -0.864899 -0.125407 0.163230 0.170994 0.277257 -0.099020 -0.253571 0.097154 0.183514 0.029899 -0.185777 0.001636 0.141124 -0.103051 
-0.004897 -0.926551 -0.174006 0.142586 0.102030 0.288280 -0.003271 -0.292013 0.007690 0.096859 0.080545 -0.044939 -0.038000 0.079329 -0.279293 
0.148140 -1.122385 -0.111516 0.441919 0.091629 0.259355 -0.056288 -0.271935 0.067843 0.078052 0.105832 -0.025030 -0.016512 -0.100893 -0.111522 
0.137685 -1.022984 -0.154308 0.261677 0.067709 0.152241 -0.198168 -0.253306 0.192518 0.023648 0.092130 -0.040086 -0.130174 0.057626 -0.011812 
0.955232 -0.838494 -0.056900 0.058194 -0.094338 -0.170473 0.029459 0.038934 0.043756 -0.043791 0.045983 0.034397 -0.140568 0.198690 -0.186979 
0.933244 -1.409458 0.196632 -0.099309 0.068518 -0.344456 0.077147 0.041975 0.014953 0.003509 -0.017256 0.102242 -0.057678 0.034429 -0.103292 
0.542242 -1.017340 0.552162 -0.198617 -0.057099 -0.318690 0.028478 0.016168 -0.087793 0.037220 0.045589 0.060564 -0.016291 0.012344 -0.045672 
0.045699 -1.334807 0.450933 -0.069583 0.089142 -0.350320 0.155522 0.191329 -0.149800 -0.019530 0.004412 0.080264 -0.057027 0.018444 -0.061863 
0.027039 -1.368129 0.359282 -0.075980 0.083445 -0.220824 0.121653 0.073766 -0.028971 -0.085841 0.036667 0.064168 -0.051551 -0.006008 0.028238 
-0.116284 -1.425680 0.295778 -0.226769 0.129587 -0.282086 0.239047 0.158892 -0.059110 -0.090697 -0.117772 0.118001 0.087318 -0.085060 -0.056405 
-0.221402 -1.390307 0.254771 -0.242765 -0.017800 -0.245644 0.046798 0.204837 0.172595 -0.041094 -0.206343 0.064057 0.029534 -0.057129 -0.063337 
-0.196308 -1.352864 0.400160 -0.100924 0.186078 -0.148509 -0.105487 0.099914 0.115667 -0.085000 -0.106232 0.112944 -0.001982 0.017015 -0.091469 
-0.306301 -1.269098 0.157255 -0.322085 0.180161 -0.092520 0.086492 0.170599 -0.010333 -0.143541 -0.123685 0.153149 0.019159 0.029849 -0.088328 
-0.152354 -1.303302 0.375052 -0.111103 -0.067656 -0.149298 0.009960 0.012602 0.057667 0.061549 -0.034256 -0.008638 -0.013435 0.008697 -0.030116 
-0.134317 -1.299968 0.417989 -0.293341 0.146920 -0.031898 -0.035917 -0.063556 -0.000031 0.143313 -0.044532 -0.026283 -0.064072 0.116366 -0.100131 
-0.286277 -1.192269 0.259953 -0.206290 0.278028 -0.152888 -0.081024 0.103862 -0.023785 -0.031583 0.075895 -0.020931 -0.066363 0.057503 -0.040690 
-0.218661 -1.104398 0.306295 -0.443383 0.136052 0.068111 0.082228 0.074305 -0.048832 -0.168205 0.053008 0.089310 -0.073557 0.105850 -0.094700 
-0.143287 -1.179877 0.478871 -0.249062 -0.026297 -0.109091 0.082487 0.056118 -0.030586 -0.008900 0.013939 0.029461 -0.085481 0.098877 -0.087023 
-0.200975 -1.191977 0.565868 -0.047298 -0.077594 -0.209673 -0.066962 0.156861 -0.027758 0.001414 -0.033800 0.081592 -0.070431 0.113535 -0.177835 
-0.109211 -1.147763 0.386923 -0.183886 0.066582 -0.176406 -0.101643 0.021149 0.084533 0.099756 -0.076559 -0.048393 0.048682 0.061550 -0.107315 
-0.270723 -1.096267 0.412678 -0.323547 -0.032352 -0.113411 0.005264 0.099434 0.037760 -0.021536 -0.017649 0.093359 -0.144522 0.063580 -0.022836 
-0.211505 -1.156594 0.292678 -0.304902 -0.025006 -0.155966 -0.081166 0.179309 0.127232 -0.081203 0.019621 0.066781 -0.158255 0.055279 -0.035796 
-0.023449 -0.891070 0.379014 -0.068340 0.051277 -0.164446 -0.039074 0.056037 0.117718 -0.081650 -0.086754 0.139896 -0.100774 0.126386 -0.144487 
-0.143014 -0.884262 0.426363 -0.288088 -0.177295 -0.152938 0.006878 -0.113575 0.092692 0.108006 0.013637 0.083986 -0.139116 0.089810 -0.021305 
0.424513 -0.592531 0.614170 -0.239270 0.145067 -0.122559 -0.028874 0.107469 0.023012 -0.125546 -0.103106 0.242360 -0.082429 -0.094060 0.051334 
0.217620 -0.859551 0.663451 -0.157648 0.164181 -0.144896 0.025294 0.162742 0.028792 -0.078330 -0.098108 0.177215 -0.031476 -0.032582 -0.047221 
0.547330 -0.756476 0.569308 -0.356620 0.192736 -0.210467 0.005229 0.064072 -0.013960 -0.065802 -0.095862 0.157334 0.043135 -0.151612 0.045608 
0.804183 -0.499772 0.696317 -0.031188 -0.045373 -0.215427 0.071567 0.082814 -0.025390 -0.092834 -0.148336 0.261817 -0.096463 -0.087278 0.021494 
1.501792 -0.960787 1.093587 -0.020670 -0.099069 -0.372621 -0.018253 -0.092548 -0.213466 -0.019721 -0.147698 0.089727 0.044955 -0.043936 -0.051479 
1.508352 -1.127895 1.096924 -0.104409 -0.167884 -0.337258 -0.079461 -0.072133 -0.236935 0.019752 -0.104263 0.101800 0.085001 -0.070286 0.037735 
1.426822 -1.182211 1.189136 -0.158467 -0.261554 -0.338897 -0.175007 -0.090241 -0.236203 -0.013561 -0.009730 0.123356 0.072481 0.002163 0.081506 
1.360461 -1.230999 1.314393 -0.258447 -0.264361 -0.352104 -0.215095 -0.058860 -0.260426 -0.015135 0.007554 0.126643 0.116939 -0.026701 0.124537 
1.304496 -1.167292 1.271402 -0.274678 -0.276311 -0.292288 -0.270178 -0.075482 -0.241723 -0.011569 0.005428 0.109595 0.137639 -0.010781 0.115463 
1.307070 -1.163019 1.272048 -0.322808 -0.247554 -0.287441 -0.257920 -0.110833 -0.241543 0.016454 -0.020500 0.141266 0.089833 0.032108 0.118120 
1.335481 -1.107602 1.324876 -0.321429 -0.286078 -0.249734 -0.246079 -0.132487 -0.246664 0.008141 0.009524 0.102962 0.077678 0.058094 0.113746 
1.277341 -1.079508 1.417967 -0.376814 -0.253706 -0.262649 -0.225113 -0.126696 -0.253147 0.003168 0.026300 0.085455 0.054242 0.084670 0.098023 
1.178382 -1.093143 1.430008 -0.408809 -0.260314 -0.213701 -0.210118 -0.133819 -0.261530 -0.042615 0.043725 0.063086 0.026445 0.054873 0.145795 
1.197763 -1.111752 1.545435 -0.403658 -0.252220 -0.182406 -0.247811 -0.082998 -0.268666 -0.012547 0.004035 0.081053 -0.009920 0.094689 0.085269 
1.202334 -1.053989 1.589488 -0.410071 -0.235420 -0.142987 -0.240446 -0.114358 -0.229608 -0.033429 -0.005360 0.055650 -0.014740 0.093588 0.076006 
0.907653 -0.847102 1.427629 -0.360066 -0.275872 -0.013436 -0.257716 -0.101009 -0.270631 -0.069803 0.012295 -0.036637 0.003312 0.031185 0.113196 
1.053280 -0.968761 1.653598 -0.415590 -0.130201 -0.062821 -0.255800 -0.022932 -0.282220 -0.081059 0.027596 -0.057062 -0.059878 0.082681 0.042427 
0.734083 -0.744914 1.502928 -0.343931 -0.129036 0.077005 -0.259490 -0.027875 -0.284704 -0.134062 0.028927 -0.111719 -0.107873 0.052616 0.062445 
0.865684 -0.853234 1.757744 -0.438503 -0.013891 -0.003962 -0.265608 0.046267 -0.280770 -0.126201 0.044316 -0.110402 -0.121048 0.111749 -0.006643 
0.831683 -0.780877 1.743986 -0.430662 0.024908 0.019010 -0.288657 0.034108 -0.271816 -0.157682 0.029593 -0.119224 -0.170540 0.166297 -0.083080 
0.720558 -0.736493 1.721949 -0.414418 0.008056 0.079235 -0.308389 0.072147 -0.313154 -0.165515 0.055366 -0.187763 -0.128175 0.086649 -0.023234 
0.718761 -0.723895 1.774023 -0.443700 0.089283 0.040089 -0.296810 0.077288 -0.320521 -0.157509 0.035317 -0.186656 -0.168464 0.150566 -0.108193 
0.635252 -0.632608 1.679667 -0.421332 0.080853 0.090913 -0.308154 0.084890 -0.346867 -0.160845 0.057411 -0.246902 -0.130210 0.091204 -0.053613 
0.705862 -0.680956 1.741431 -0.439040 0.139269 0.045810 -0.279248 0.064699 -0.308336 -0.185295 0.062992 -0.224009 -0.196667 0.185600 -0.161404 
0.682555 -0.635814 1.680036 -0.463606 0.125712 0.114752 -0.277875 0.056740 -0.335447 -0.194816 0.090123 -0.274938 -0.171180 0.121814 -0.100832 
0.602751 -0.551081 1.674123 -0.426482 0.132399 0.085279 -0.255450 0.052936 -0.327505 -0.189563 0.064376 -0.260027 -0.190856 0.142228 -0.146275 
0.589777 -0.550575 1.701021 -0.431506 0.132723 0.085272 -0.248348 0.052082 -0.329020 -0.193257 0.065957 -0.276244 -0.174802 0.115984 -0.135276 
0.552757 -0.452022 1.573736 -0.370594 0.092165 0.117184 -0.219179 0.016669 -0.323622 -0.192373 0.049541 -0.256099 -0.210622 0.137518 -0.157377 
0.617352 -0.407680 1.537637 -0.371439 0.032393 0.176949 -0.196565 -0.015726 -0.291970 -0.226307 0.061949 -0.265548 -0.199969 0.113004 -0.150265 
0.485396 -0.252325 1.532395 -0.454733 0.050124 0.217190 -0.225791 -0.010770 -0.298038 -0.227688 0.045919 -0.273232 -0.211306 0.147495 -0.206259 
0.416932 -0.039336 1.538974 -0.341699 -0.032826 0.166416 -0.220789 0.023962 -0.298471 -0.245157 0.073590 -0.283233 -0.221874 0.141068 -0.170078 
0.443381 -0.090645 1.461220 -0.186874 -0.048084 0.144473 -0.200231 0.027701 -0.289580 -0.241683 0.045650 -0.232667 -0.258087 0.135606 -0.174530 
0.425799 -0.206123 1.345879 -0.168532 -0.082878 0.110385 -0.162492 0.017625 -0.274644 -0.220489 0.114360 -0.214468 -0.234854 0.201726 -0.158295 
0.214990 0.139111 1.041769 -0.090748 0.068800 -0.035878 -0.053917 -0.003097 -0.358554 -0.122657 0.030750 -0.222738 -0.208704 0.139501 -0.138742 
0.472723 0.216291 0.999305 -0.023143 -0.026752 -0.018774 -0.124681 -0.044781 -0.291901 -0.253529 0.054963 -0.216904 -0.246978 0.154816 -0.137911 
-0.101483 -0.073145 1.217843 -0.047705 0.144065 -0.038281 -0.251308 0.068417 -0.210319 -0.264037 -0.041804 -0.109518 -0.222796 0.062220 -0.152988 
0.205691 0.393984 0.968631 0.055806 -0.140491 -0.037174 -0.292161 -0.037604 -0.189275 -0.228673 0.020064 -0.096381 -0.086168 0.131542 -0.115809 
-0.074999 -0.130255 1.148797 -0.265123 0.013216 -0.017407 -0.197616 -0.007984 -0.304381 -0.150052 0.071599 -0.132259 -0.182079 0.160121 -0.012891 
0.172988 0.076556 0.816000 0.116536 -0.070590 -0.023295 -0.197074 -0.101346 -0.140083 -0.254821 0.052268 -0.154944 -0.164932 0.179339 -0.151168 
