city012_092
JARI
43
0.000733 -0.765065 0.157118 -0.153508 -0.101508 0.062111 -0.034556 -0.068011 0.083307 -0.027454 0.074672 -0.022788 -0.097949 0.145295 -0.135440 
-0.123144 -0.478540 0.078973 -0.373043 0.058596 -0.151730 0.079195 -0.072357 0.094577 0.096866 -0.042736 -0.060737 0.014001 0.054590 -0.117539 
-0.485119 -0.420757 0.455023 -0.360147 0.227247 -0.141921 0.088316 -0.126497 0.109024 0.062027 -0.170543 0.107957 -0.017436 0.030026 -0.099159 
-0.148045 -0.422441 0.478913 -0.567251 0.171090 -0.273262 0.050780 -0.332549 0.264105 0.062810 -0.086981 0.061495 0.090673 -0.107166 0.065358 
0.028147 -0.597953 0.466825 -0.559613 0.113706 -0.158661 0.045458 -0.134814 0.182449 0.088355 -0.235811 0.213443 -0.054120 -0.089480 0.071846 
1.146577 -0.780013 0.789362 -0.151210 -0.050620 -0.256302 -0.149289 -0.133078 -0.004022 -0.087400 -0.153556 0.146586 0.094990 -0.094247 0.025730 
1.303189 -0.992676 1.141086 -0.366567 -0.074567 -0.351865 -0.336955 -0.063742 -0.048558 0.043322 -0.095385 0.138498 0.221316 0.002161 -0.042882 
1.479149 -1.197775 0.988536 -0.397059 -0.079366 -0.325552 -0.414751 -0.025393 0.068368 0.122798 -0.066547 0.056081 0.333714 -0.020662 -0.130490 
1.487095 -1.240211 0.712714 -0.414693 -0.084298 -0.329707 -0.298734 0.055667 0.165323 0.193169 -0.090020 0.036417 0.245939 -0.063218 -0.211740 
1.413603 -1.278929 0.478543 -0.542319 -0.041800 -0.320715 -0.313592 0.101369 0.247350 0.200735 -0.056955 -0.032337 0.273136 -0.109381 -0.270166 
1.439228 -1.395602 0.427416 -0.538393 0.042238 -0.349654 -0.231063 0.195407 0.196884 0.232141 -0.031369 -0.151325 0.137192 -0.032311 -0.254647 
1.492076 -1.318054 0.231647 -0.599408 0.045193 -0.293753 -0.126402 0.153138 0.109061 0.300008 0.006816 -0.298226 0.141713 0.073049 -0.314884 
1.546824 -1.304034 0.152726 -0.561087 0.027548 -0.251577 -0.072375 0.057689 0.171976 0.317092 -0.041132 -0.280700 0.110292 0.052921 -0.284259 
1.564364 -1.273275 0.077377 -0.608539 0.030796 -0.191818 -0.124790 0.100308 0.170662 0.282841 -0.070120 -0.279776 0.153353 0.068620 -0.303356 
1.482339 -1.239501 -0.028383 -0.504978 0.010153 -0.192800 -0.098349 0.094638 0.135751 0.297804 -0.070337 -0.243632 0.103894 0.060392 -0.230439 
1.450381 -1.452964 0.172729 -0.529790 0.009132 -0.164661 -0.097495 0.118826 0.145122 0.295330 -0.141998 -0.231481 0.129379 0.004888 -0.210294 
1.316137 -1.326660 0.151909 -0.461806 -0.033624 -0.184403 -0.121069 0.126016 0.145200 0.366597 -0.160982 -0.266862 0.165842 -0.035350 -0.200974 
1.282617 -1.443055 0.302971 -0.466473 -0.026810 -0.230972 -0.116828 0.113364 0.165290 0.312742 -0.157073 -0.196967 0.157616 -0.022015 -0.247361 
1.326451 -1.456165 0.337239 -0.406478 -0.024512 -0.302838 -0.106655 0.110022 0.159258 0.253376 -0.081446 -0.213744 0.185646 0.019377 -0.308069 
1.420531 -1.475410 0.497845 -0.352598 -0.026715 -0.361039 -0.147744 0.144047 0.112017 0.222006 -0.063345 -0.126266 0.155093 0.040232 -0.294228 
1.528884 -1.543682 0.768079 -0.396751 0.056388 -0.474039 -0.266757 0.176788 0.130138 0.100515 0.010732 -0.017900 0.186408 -0.042861 -0.163763 
1.401367 -1.430276 0.793743 -0.254374 0.083377 -0.453408 -0.305843 0.221002 0.005549 0.058851 -0.027021 0.068349 0.129686 -0.009637 -0.142798 
1.055224 -0.740916 0.639031 0.339230 0.119744 -0.321679 -0.195344 0.080667 -0.107487 -0.127370 -0.104622 -0.052877 0.044895 0.011334 -0.157466 
1.015490 -0.246459 0.560957 0.521986 0.168632 -0.152379 -0.130228 0.002604 0.050944 -0.121957 -0.194939 -0.071274 0.003432 0.068133 -0.309370 
1.070567 -0.289414 0.384107 0.517136 0.108725 -0.094936 -0.082914 0.019407 0.057982 -0.121738 -0.100494 -0.028854 -0.001253 0.078035 -0.276410 
0.991587 -0.959229 0.901764 -0.460438 0.056419 -0.049334 0.032633 -0.074641 -0.153797 -0.027974 -0.018728 0.090789 -0.023541 -0.030800 -0.009621 
0.859308 -0.978630 1.445223 -0.233448 -0.004881 -0.146186 -0.290176 -0.044667 -0.195763 -0.156134 -0.092575 0.016731 -0.075925 0.017320 0.027517 
0.926892 -1.013266 1.687975 -0.367462 0.000530 -0.131896 -0.312348 0.004493 -0.234092 -0.217295 0.003158 -0.030708 -0.114352 0.050226 0.056717 
0.781241 -0.867799 1.678640 -0.398784 -0.041999 -0.012075 -0.343672 0.021098 -0.248304 -0.217889 0.048859 -0.080685 -0.155345 0.140497 -0.024948 
0.841950 -0.936519 1.691489 -0.440049 0.058173 0.012954 -0.339889 0.042371 -0.241586 -0.246289 0.114540 -0.174226 -0.135774 0.123615 -0.031896 
0.808195 -0.900317 1.742356 -0.454533 0.106070 0.014090 -0.347031 0.084660 -0.237448 -0.203766 0.105121 -0.182976 -0.143914 0.211424 -0.163045 
0.807580 -0.883014 1.727610 -0.447949 0.125687 0.091952 -0.342651 0.073094 -0.252147 -0.221279 0.120959 -0.239260 -0.155421 0.174814 -0.145564 
0.805837 -0.806569 1.720483 -0.437258 0.113154 0.110400 -0.300428 0.055702 -0.255348 -0.225872 0.130512 -0.246802 -0.187169 0.198550 -0.170250 
0.784499 -0.736614 1.652159 -0.417926 0.106319 0.148527 -0.305634 0.082458 -0.271317 -0.214293 0.134489 -0.250248 -0.174679 0.163559 -0.145359 
0.812954 -0.704150 1.598934 -0.444086 0.144290 0.206563 -0.258117 0.026726 -0.272382 -0.275374 0.172424 -0.287018 -0.218149 0.152190 -0.150620 
0.669154 -0.490880 1.479065 -0.360149 0.151756 0.146652 -0.235488 0.047082 -0.326353 -0.253439 0.134837 -0.290528 -0.248346 0.177418 -0.201146 
0.454770 -0.375833 1.608662 -0.348415 0.087037 0.143503 -0.291372 0.099999 -0.298351 -0.329938 0.157888 -0.291216 -0.258091 0.136525 -0.137171 
0.470240 -0.349163 1.591248 -0.418045 0.034863 0.236939 -0.330792 0.073151 -0.293272 -0.359303 0.181066 -0.300263 -0.313365 0.275300 -0.257496 
0.411306 -0.266121 1.387420 -0.244059 0.044720 0.152365 -0.259507 0.074353 -0.332159 -0.318456 0.206746 -0.354592 -0.247761 0.210769 -0.207204 
0.173675 -0.198210 1.331543 -0.198687 0.096983 0.122916 -0.290870 0.136441 -0.374362 -0.290832 0.201360 -0.334305 -0.289135 0.255455 -0.250037 
0.297837 -0.133663 1.137990 -0.066301 0.080920 0.021803 -0.228517 0.070138 -0.388916 -0.270685 0.174776 -0.341592 -0.277385 0.260425 -0.246636 
0.211416 -0.126108 0.636836 0.451798 0.003992 -0.049454 -0.247504 -0.089147 -0.155229 -0.243541 0.046957 -0.287241 -0.234181 0.243798 -0.140318 
-0.119554 -0.180349 0.577569 0.191471 -0.174823 0.064751 -0.272522 -0.084856 0.072425 -0.199987 0.088683 -0.101124 -0.056579 0.214785 -0.189500 
