city012_072
SHUZENJI
95
0.012981 0.070962 0.531370 -0.034426 0.333752 0.045082 -0.190371 0.013663 0.161204 -0.003038 -0.059121 0.004048 -0.026205 0.133580 -0.123071 
-0.004770 -0.210911 0.511386 -0.079127 0.065196 -0.137365 -0.025686 -0.106894 -0.116785 0.084717 -0.091171 0.064367 -0.099760 0.102649 -0.049821 
-0.046373 -0.263335 0.726336 -0.356813 0.176596 -0.189601 0.179152 -0.091827 -0.202369 0.186986 -0.068198 -0.029150 -0.006413 0.089036 -0.113594 
-0.322480 -0.245630 0.733681 -0.273659 0.486663 -0.010650 0.184049 -0.152648 0.002120 0.282131 -0.134423 0.048875 -0.008524 0.082896 -0.087652 
-0.391897 -0.319077 0.664933 -0.320261 0.525014 0.048004 0.067056 -0.200770 0.099726 0.195896 -0.080210 -0.003966 0.014949 0.019372 -0.036408 
-0.481055 -0.401841 0.689189 -0.665044 0.160482 -0.151489 -0.018915 -0.181165 0.017667 0.174057 -0.093472 0.026784 0.066371 -0.026563 -0.022034 
-0.525458 -0.405027 0.678544 -0.543804 0.515575 -0.006142 -0.091115 -0.202275 0.058134 0.211317 -0.166143 0.029121 -0.016511 -0.011262 0.019127 
-0.800184 -0.763578 0.631502 -0.715195 0.423889 -0.127987 -0.041025 -0.033017 0.064907 0.097440 -0.190887 0.136384 -0.049999 -0.021322 0.011910 
-0.527275 -0.757712 0.649352 -0.843395 0.123538 -0.180988 0.124625 0.061837 -0.005493 0.201174 -0.217556 0.087516 -0.047971 -0.034908 -0.009046 
-0.649552 -0.723415 0.773232 -0.706444 0.272583 -0.046558 0.064790 0.095468 -0.097572 0.020108 -0.059495 0.057555 0.020779 -0.076332 0.054298 
-0.646407 -0.873175 0.718585 -0.668462 0.217731 -0.139728 0.232939 -0.058845 0.022713 0.038710 -0.189831 0.133581 0.029892 -0.078084 -0.001522 
-0.696300 -0.730178 0.912318 -0.562776 0.047858 -0.264501 0.283760 0.072037 -0.098741 0.054329 -0.053498 0.056022 -0.041248 -0.048053 -0.001509 
-0.649943 -0.719325 1.021019 -0.771965 0.050710 -0.138562 0.206859 -0.004835 -0.045071 0.127595 -0.145874 0.080137 -0.010044 -0.084626 0.056429 
-0.633063 -0.740161 1.083207 -0.639631 -0.004482 -0.110561 0.273792 0.060416 -0.142804 0.063902 0.023122 -0.037947 -0.023979 -0.023037 0.071060 
-0.358595 -0.726184 1.117615 -0.569253 0.009181 -0.187280 0.126184 -0.010378 -0.009235 0.025977 -0.019176 0.035306 0.011321 -0.047296 -0.036663 
0.087914 -0.538902 1.066990 -0.465367 -0.020329 -0.204722 0.307183 0.135843 -0.144578 0.191127 -0.033587 -0.022085 0.023334 -0.058623 -0.022074 
0.561732 -0.688839 1.329079 -0.078987 0.036594 -0.105416 0.044583 0.038843 -0.219189 -0.012620 0.033596 -0.090330 -0.071878 0.068649 -0.102504 
0.922003 -0.877052 1.545749 -0.034075 -0.139311 -0.146133 0.022128 -0.036388 -0.361933 -0.089120 0.052730 -0.253752 -0.025020 0.036279 -0.186585 
0.892138 -0.996397 1.598710 -0.086128 -0.163586 -0.303450 -0.049353 0.025357 -0.458182 -0.065551 0.056412 -0.177441 -0.007669 0.063813 -0.118917 
0.861482 -0.948342 1.396897 0.021991 -0.171226 -0.262892 -0.114904 0.074938 -0.453030 -0.087984 0.065179 -0.213729 0.050162 -0.001530 -0.077833 
1.053461 -1.096195 1.515982 -0.029160 -0.028648 -0.393423 -0.140983 0.122953 -0.415237 -0.092110 -0.038245 -0.114327 0.090597 -0.036696 -0.120281 
0.956832 -0.923452 1.242750 0.062369 -0.038753 -0.355099 -0.222177 0.131291 -0.361947 -0.180897 -0.014069 -0.135225 0.118955 -0.048092 -0.162443 
1.146450 -1.059599 1.318354 0.009346 0.090729 -0.447399 -0.177991 0.079777 -0.329384 -0.149451 -0.093354 -0.134748 0.145295 -0.038926 -0.220321 
1.156036 -0.997710 1.162660 0.063944 0.114299 -0.422270 -0.200127 0.066758 -0.293650 -0.140037 -0.131113 -0.127632 0.131001 -0.000849 -0.267853 
1.048431 -0.796829 1.079350 0.110930 0.179201 -0.457455 -0.117100 0.023397 -0.230458 -0.090801 -0.222989 -0.055347 0.089258 -0.016693 -0.220959 
0.966685 -0.742815 1.012575 0.099844 0.241158 -0.493887 -0.124087 0.007981 -0.177809 -0.080651 -0.236451 -0.070058 0.116080 0.017390 -0.250475 
0.901877 -0.560561 0.797208 0.053262 0.207464 -0.404067 -0.084163 0.013227 -0.036437 0.007812 -0.181734 0.035884 0.025504 0.144634 -0.254455 
0.921687 -0.472022 0.733900 0.254626 0.064128 -0.372390 -0.013947 -0.005248 0.058878 -0.033878 -0.117754 0.016179 0.113469 0.061015 -0.205271 
0.792519 -0.786929 0.595264 0.300049 0.126939 0.048122 -0.087397 -0.187302 0.076348 0.065061 -0.163705 -0.032835 0.033884 -0.020577 -0.103141 
0.703533 -0.294261 0.533375 0.355637 -0.039124 -0.097904 0.035883 -0.131525 0.072158 0.027051 -0.143312 0.018996 0.004638 0.082834 -0.178141 
0.889287 -0.488006 0.685814 0.301259 0.008736 -0.234517 -0.025137 0.041744 0.007913 -0.084508 -0.087485 0.019278 0.037554 0.046547 -0.192769 
1.096642 -0.656101 0.654312 0.363935 -0.008867 -0.274853 0.006631 -0.056971 -0.142568 -0.077428 -0.162385 -0.000571 0.028376 -0.074119 -0.091045 
1.352469 -0.952759 0.936580 0.165038 -0.003065 -0.297847 0.014508 -0.087606 -0.257099 -0.077137 -0.165692 -0.006404 -0.007022 -0.053879 -0.104081 
1.460923 -1.115945 1.166811 0.018864 -0.059129 -0.359169 -0.021675 -0.002478 -0.292348 0.006542 -0.086786 -0.021698 0.067253 -0.039987 -0.069317 
1.457723 -1.230395 1.236283 -0.136124 -0.137448 -0.355141 0.009566 0.001078 -0.221575 0.120003 -0.040259 0.040745 0.037705 0.056934 -0.113452 
1.530041 -1.329093 1.189099 -0.271995 -0.175733 -0.269083 0.005242 0.021692 -0.194015 0.170637 0.007692 -0.006565 0.065112 0.012186 -0.069654 
1.573533 -1.385161 1.143792 -0.356826 -0.204990 -0.234479 -0.020483 0.050517 -0.169895 0.209026 0.019158 -0.002586 0.051231 0.017996 -0.091731 
1.546375 -1.373199 1.030740 -0.355958 -0.214351 -0.198176 -0.031733 0.027323 -0.115400 0.222188 0.007928 -0.020446 0.065125 0.011551 -0.098188 
1.655050 -1.455863 1.012209 -0.338108 -0.141809 -0.212886 -0.056107 0.036092 -0.066207 0.229000 0.000972 -0.059911 0.097337 -0.007471 -0.085486 
1.429173 -1.298541 0.802750 -0.208067 -0.202636 -0.133570 -0.107631 0.052905 -0.084028 0.176102 -0.020335 -0.067949 0.140572 -0.043294 -0.058018 
1.587754 -1.464841 0.981345 -0.288400 -0.094212 -0.187808 -0.089990 0.076070 -0.018985 0.198781 0.000672 -0.091833 0.086604 0.038615 -0.149462 
1.447350 -1.311198 0.823071 -0.190810 -0.130250 -0.140024 -0.125752 0.072421 -0.070111 0.132525 -0.016155 -0.081519 0.145357 -0.040828 -0.051257 
1.608990 -1.441438 0.969826 -0.247531 -0.055885 -0.211136 -0.076401 0.074963 -0.055426 0.189690 -0.036936 -0.024658 0.038829 0.056019 -0.123043 
1.626842 -1.419474 0.980115 -0.188286 -0.052710 -0.212597 -0.095797 0.073178 -0.134070 0.174400 -0.052103 -0.001260 0.038334 0.050963 -0.098822 
1.632146 -1.370497 0.968760 -0.100849 -0.044752 -0.240922 -0.071478 0.012270 -0.169933 0.144043 -0.074082 0.013322 0.034876 0.044461 -0.082907 
1.635318 -1.254756 0.939036 -0.003536 -0.004964 -0.275706 -0.044288 -0.082426 -0.166113 0.103571 -0.081683 -0.052164 0.073962 0.044931 -0.106839 
1.666867 -1.161078 0.810822 0.270361 -0.083360 -0.226815 -0.001166 -0.229771 -0.139868 0.078635 -0.243262 -0.050033 0.100062 -0.023942 -0.132097 
1.529439 -1.154067 0.989236 0.257010 -0.160783 -0.039374 -0.073335 -0.310732 -0.014038 -0.044332 -0.274590 -0.056626 0.085801 -0.063187 -0.160248 
1.426558 -1.117984 1.117770 0.273832 -0.268895 0.191284 -0.172776 -0.321337 0.012672 -0.105622 -0.224281 -0.118906 0.003599 0.021194 -0.251237 
1.318276 -0.936556 1.191928 0.185900 -0.239223 0.179215 -0.239984 -0.328312 0.073972 -0.089647 -0.251147 -0.138066 0.069512 0.014351 -0.235734 
1.407638 -0.909032 1.199210 0.192278 -0.270540 0.197899 -0.268048 -0.341408 0.134812 -0.116156 -0.258182 -0.100686 0.048684 0.058671 -0.269373 
1.370081 -0.917196 1.213215 0.187467 -0.226204 0.144942 -0.268167 -0.305098 0.139236 -0.130049 -0.255583 -0.100459 0.078990 0.031766 -0.257591 
1.417565 -0.931770 1.204326 0.240256 -0.273312 0.156699 -0.280699 -0.260506 0.122858 -0.172090 -0.262920 -0.063876 0.042919 0.033393 -0.288043 
1.310318 -0.851335 1.208111 0.224844 -0.252543 0.159014 -0.273418 -0.278294 0.117260 -0.151224 -0.262442 -0.078988 0.044154 0.033828 -0.273809 
1.405549 -0.866521 1.239080 0.192541 -0.226924 0.170632 -0.295490 -0.283712 0.149447 -0.164658 -0.279236 -0.071877 0.051591 0.025353 -0.281935 
1.343714 -0.743066 1.209889 0.208557 -0.217178 0.170681 -0.302433 -0.290098 0.143799 -0.141616 -0.279385 -0.089151 0.072109 0.014648 -0.255947 
1.330976 -0.702637 1.198369 0.228381 -0.209044 0.134318 -0.276308 -0.281318 0.138849 -0.160701 -0.294955 -0.045057 0.042965 0.007437 -0.248458 
1.375128 -0.731598 1.219488 0.183611 -0.176037 0.104574 -0.229427 -0.278341 0.134378 -0.180046 -0.287650 -0.034165 0.051176 -0.063542 -0.183973 
1.355998 -0.631989 1.153559 0.252146 -0.207045 0.133154 -0.263884 -0.260654 0.135915 -0.183349 -0.306715 -0.008062 0.024833 -0.047260 -0.195659 
1.384368 -0.651710 1.109963 0.250222 -0.173038 0.170205 -0.265173 -0.309517 0.143250 -0.112856 -0.350376 -0.036849 0.021057 -0.011642 -0.225184 
1.394634 -0.569103 1.082576 0.288062 -0.170445 0.149869 -0.271313 -0.303387 0.135065 -0.103872 -0.344648 -0.082014 0.081220 -0.041840 -0.213737 
1.462640 -0.487418 0.995774 0.275257 -0.094549 0.184575 -0.287533 -0.356917 0.160861 -0.045418 -0.363716 -0.095847 0.040416 0.001962 -0.191783 
1.444737 -0.269589 0.851670 0.365612 -0.065831 0.187270 -0.251598 -0.429409 0.190559 -0.008991 -0.374163 -0.074469 -0.012636 0.035420 -0.134760 
1.339075 -0.204024 0.755753 0.213225 0.114736 0.103102 -0.148139 -0.401651 0.143391 -0.029944 -0.325651 -0.101855 -0.020995 -0.058505 -0.075363 
1.069179 -0.347745 0.662933 0.006694 0.245181 -0.018271 -0.009390 -0.297318 -0.122941 -0.056219 -0.145665 -0.028375 -0.183309 0.017793 -0.093393 
0.488545 -0.241154 0.887678 0.245899 0.152780 -0.182112 0.149342 -0.161671 -0.141940 -0.128749 -0.156316 0.017445 -0.232129 -0.066887 -0.052958 
0.170563 -0.265256 0.884544 0.068377 0.352344 -0.302393 0.079729 -0.138230 -0.164216 -0.042047 -0.151772 -0.042803 -0.122489 -0.100115 0.067470 
-0.017061 -0.035202 0.860464 -0.215783 0.320415 -0.349565 0.050603 -0.228857 -0.063604 -0.106212 -0.094768 -0.049710 -0.004919 -0.071945 0.040097 
0.003107 -0.402424 0.570704 -0.223863 0.311603 -0.162329 0.199046 -0.107016 0.009510 -0.004549 -0.073233 0.191485 -0.137099 -0.051130 0.106578 
-0.084503 -0.226841 0.880179 -0.414593 0.246917 -0.188101 0.194315 0.113965 -0.078708 0.011504 0.016547 0.120554 -0.183135 0.102273 0.014906 
0.118038 -0.324274 0.681412 -0.228781 0.272185 -0.182712 0.242969 -0.093948 -0.053230 0.057850 -0.078023 0.130685 -0.108307 -0.000136 0.051191 
0.165436 -0.349500 0.869869 -0.176037 0.213396 -0.232476 0.079833 -0.215839 -0.141913 -0.001047 -0.126446 0.082539 -0.149069 -0.042869 0.113383 
0.412051 -0.314289 1.000502 -0.203628 0.070218 -0.292233 0.106526 -0.129802 -0.135688 -0.047486 -0.091847 0.102656 -0.110778 -0.044455 0.100482 
0.400323 -0.447442 1.341126 -0.181354 0.086390 -0.232085 0.061285 -0.173536 -0.148913 -0.176638 -0.099536 0.052199 -0.209166 -0.063746 0.130527 
0.602114 -0.636097 1.330842 -0.207259 0.077194 -0.173527 0.015028 -0.151099 -0.212116 -0.055578 -0.161991 0.085579 -0.224151 -0.001721 0.101083 
0.597681 -0.592928 1.490203 -0.187926 -0.064374 -0.061485 -0.094368 -0.070407 -0.229051 -0.144952 -0.053365 -0.021695 -0.179727 -0.011046 0.097831 
0.656109 -0.605876 1.510139 -0.281307 0.011117 -0.108094 -0.057791 -0.095305 -0.203965 -0.134035 -0.060446 0.016101 -0.215827 0.036408 0.080748 
0.650904 -0.696575 1.597393 -0.284699 -0.019327 -0.007211 -0.163749 -0.044343 -0.227823 -0.145323 -0.056006 -0.026899 -0.208037 0.059033 0.010602 
0.759042 -0.673336 1.635825 -0.382833 0.013736 -0.006882 -0.146619 -0.080694 -0.214082 -0.116155 -0.065734 -0.032432 -0.186340 0.064686 0.030156 
0.734910 -0.613920 1.694929 -0.401240 -0.015423 0.008934 -0.141029 -0.050087 -0.236203 -0.091720 -0.052026 -0.049773 -0.155774 0.044984 0.058486 
0.677060 -0.582185 1.761332 -0.381091 -0.007819 0.014385 -0.153050 -0.009979 -0.283542 -0.100736 -0.017168 -0.104451 -0.176160 0.097241 -0.005913 
0.681768 -0.643730 1.779892 -0.397316 0.047759 0.053219 -0.180741 -0.008068 -0.276911 -0.129009 -0.018940 -0.144359 -0.186641 0.091314 -0.036276 
0.662387 -0.581217 1.870643 -0.417616 0.013774 0.011723 -0.170987 -0.004016 -0.280741 -0.118313 -0.008237 -0.123232 -0.165111 0.098622 -0.028168 
0.591246 -0.511148 1.781137 -0.411813 -0.031198 0.069193 -0.189529 -0.010499 -0.275844 -0.120067 -0.000541 -0.148439 -0.135823 0.063113 0.002403 
0.621118 -0.544910 1.839672 -0.453339 0.027572 0.041390 -0.178818 -0.015467 -0.266025 -0.114631 -0.004176 -0.151596 -0.139771 0.099723 -0.061917 
0.497157 -0.457431 1.751275 -0.421358 0.005735 0.089529 -0.173730 -0.038411 -0.261536 -0.132576 -0.013937 -0.167805 -0.159370 0.083466 -0.053371 
0.597097 -0.532498 1.750133 -0.415221 0.042262 0.081573 -0.173778 -0.014732 -0.277221 -0.138122 -0.001879 -0.176000 -0.179812 0.096176 -0.070114 
0.554231 -0.407598 1.660437 -0.375549 -0.003882 0.121982 -0.167904 -0.028900 -0.261163 -0.171576 0.012623 -0.188048 -0.188341 0.079778 -0.058920 
0.553998 -0.133580 1.553067 -0.332751 -0.070700 0.131890 -0.161000 -0.049517 -0.232673 -0.209509 0.007218 -0.176435 -0.213677 0.089933 -0.086013 
0.591826 -0.075345 1.496739 -0.332707 -0.039174 0.074908 -0.131722 -0.029673 -0.265743 -0.205100 0.017801 -0.183830 -0.227217 0.102805 -0.092796 
0.406777 -0.009777 1.388922 -0.293382 -0.037176 0.165617 -0.138491 -0.002243 -0.299275 -0.189846 0.006676 -0.195488 -0.272543 0.143968 -0.123998 
0.283229 -0.018522 1.145697 -0.119068 -0.038914 0.090565 -0.133979 -0.086676 -0.302938 -0.173335 -0.026575 -0.176837 -0.253702 0.143493 -0.120537 
0.591696 0.087100 1.061102 -0.154026 -0.126151 0.120659 -0.231107 -0.089192 -0.250546 -0.260243 0.018540 -0.188140 -0.217162 0.192265 -0.186570 
0.195990 0.152135 0.661649 0.278931 -0.019366 0.068000 -0.203696 -0.133338 -0.123863 -0.248543 -0.007213 -0.188162 -0.219999 0.148371 -0.184853 
-0.136873 0.003284 0.302834 0.186169 -0.115635 -0.045822 -0.161802 -0.025544 0.072534 -0.092290 0.035967 -0.021352 -0.060528 0.194481 -0.175376 
