city012_090
GYUUBA
61
0.082030 -0.684441 0.455903 -0.589526 -0.141268 0.083512 -0.152603 0.164994 0.096777 -0.096378 0.098461 -0.007935 -0.129212 0.130143 -0.130495 
0.257035 -0.789101 0.666656 -0.486341 -0.000810 0.116578 -0.218758 -0.014484 0.074159 -0.033293 0.043749 0.018269 -0.074561 0.117789 -0.091082 
-0.671537 -0.775013 0.792308 -0.690244 -0.169033 0.141075 -0.141558 -0.011258 0.254459 -0.097315 0.000485 0.058731 -0.077149 0.025229 -0.063395 
-0.548334 -0.834121 1.009481 -0.498951 0.056406 0.135327 -0.169303 -0.108971 0.143367 -0.046155 -0.009327 0.034826 -0.081584 0.110658 -0.093315 
0.035363 -0.655048 1.414705 -0.203794 0.015783 0.252945 0.037878 -0.126716 0.184314 -0.020168 -0.039301 0.062890 -0.014009 0.028218 -0.045206 
0.605316 -0.562504 1.655776 -0.064779 -0.143278 0.216706 -0.068725 -0.044430 -0.127123 -0.165254 0.018360 -0.151251 -0.138135 0.040991 -0.143907 
0.873648 -0.780642 1.621873 -0.042914 -0.181825 0.145535 -0.055718 -0.100504 -0.253432 -0.160028 -0.003024 -0.233236 -0.146038 0.064198 -0.204268 
0.919931 -0.956946 1.644934 -0.052616 -0.207798 0.128491 -0.087595 -0.112508 -0.316390 -0.147311 0.030344 -0.312935 -0.102529 0.081926 -0.210306 
0.997871 -1.106537 1.680979 -0.040226 -0.190787 0.058448 -0.081153 -0.110592 -0.352372 -0.126222 0.060939 -0.369150 -0.067624 0.120370 -0.244579 
0.963214 -1.153286 1.708376 0.016499 -0.206867 -0.023025 -0.081927 -0.047267 -0.417054 -0.086730 0.045911 -0.367770 -0.040635 0.115314 -0.245811 
0.904580 -1.087826 1.621971 0.063949 -0.221986 -0.068091 -0.032905 -0.067259 -0.413658 -0.112696 0.085964 -0.386247 -0.023233 0.079106 -0.171674 
0.897047 -1.125269 1.592139 0.053054 -0.138856 -0.210335 0.048890 -0.112581 -0.403203 -0.099840 0.051082 -0.328600 -0.053274 0.100133 -0.166399 
0.854795 -1.052464 1.479418 0.097817 -0.127696 -0.231517 0.033655 -0.087695 -0.427348 -0.067748 0.018351 -0.288626 -0.066426 0.094624 -0.122973 
1.019347 -1.137171 1.519496 0.045652 -0.066014 -0.298193 0.044576 -0.082906 -0.403107 -0.065439 -0.000426 -0.240066 -0.075865 0.120119 -0.146393 
0.969418 -1.099908 1.442766 0.062956 -0.057257 -0.331547 0.045939 -0.074213 -0.386347 -0.053898 -0.022020 -0.196147 -0.055630 0.087160 -0.105152 
0.985540 -1.106889 1.434130 0.065773 -0.030116 -0.370861 0.037934 -0.033062 -0.397197 -0.060275 -0.032603 -0.154842 -0.069285 0.065811 -0.085320 
1.068888 -1.128650 1.387419 0.078229 -0.024138 -0.362679 0.026551 -0.035297 -0.373458 -0.095620 0.009148 -0.194302 -0.028587 0.034007 -0.083534 
1.152523 -1.200868 1.396947 0.084616 0.003043 -0.331886 -0.046206 0.024501 -0.386514 -0.142718 0.037658 -0.227359 -0.025319 0.029781 -0.113858 
1.189534 -1.226119 1.373081 0.120710 0.032419 -0.324125 -0.095243 0.066439 -0.390590 -0.147115 0.019594 -0.242685 -0.008563 0.039439 -0.186047 
1.319500 -1.263285 1.343566 0.147474 0.033317 -0.255412 -0.197081 0.136950 -0.388450 -0.169350 0.028780 -0.280224 0.030909 0.036564 -0.229619 
1.411050 -1.282578 1.333911 0.154836 0.063799 -0.243963 -0.237640 0.126663 -0.298390 -0.207352 0.027254 -0.281716 0.036752 0.089076 -0.305553 
1.416453 -1.201760 1.192153 0.165267 0.097177 -0.214265 -0.262703 0.094574 -0.242830 -0.223512 0.005045 -0.275416 0.043361 0.105209 -0.333414 
1.450077 -1.194969 1.185635 0.159008 0.146506 -0.238458 -0.287391 0.105791 -0.230722 -0.169031 -0.040413 -0.288598 0.070061 0.138739 -0.374359 
1.430098 -1.135085 1.140058 0.122461 0.153568 -0.215669 -0.291369 0.069981 -0.212262 -0.119383 -0.058559 -0.293789 0.098555 0.121214 -0.333222 
1.499003 -1.180402 1.192592 0.056557 0.159939 -0.254792 -0.244391 0.075061 -0.250968 -0.110123 -0.014667 -0.292684 0.091656 0.141339 -0.361542 
1.383177 -1.030615 1.050178 0.058458 0.098548 -0.192592 -0.219357 0.073067 -0.298870 -0.142484 0.039951 -0.293270 0.074081 0.097819 -0.285311 
1.452747 -1.077377 1.009327 -0.006529 0.122461 -0.154259 -0.226765 0.004890 -0.312603 -0.091355 0.058043 -0.304699 0.051082 0.127785 -0.259848 
1.455200 -1.070881 1.021643 -0.063944 0.184308 -0.118263 -0.262204 -0.085516 -0.289884 -0.026713 0.045604 -0.353006 0.026143 0.186091 -0.251601 
1.453751 -1.082092 0.941390 -0.010190 0.198488 -0.106121 -0.319957 -0.095726 -0.286639 -0.025426 0.062399 -0.376990 -0.013058 0.246080 -0.240562 
1.469885 -1.039790 0.908608 -0.038562 0.212307 -0.089569 -0.320494 -0.141226 -0.268481 -0.012778 0.052328 -0.375562 -0.020909 0.266649 -0.260219 
1.530173 -1.008250 0.889761 -0.067935 0.225148 -0.073601 -0.306214 -0.158547 -0.248530 -0.010215 0.073675 -0.381806 -0.015596 0.258700 -0.252297 
1.556468 -0.959502 0.838291 -0.099478 0.241836 -0.036378 -0.312474 -0.149956 -0.249370 -0.000368 0.084902 -0.366381 -0.026881 0.252219 -0.257676 
1.534823 -0.933564 0.759140 -0.077338 0.200422 -0.005817 -0.299638 -0.147142 -0.263207 -0.029090 0.102307 -0.350096 -0.020007 0.239932 -0.273737 
1.627650 -0.903611 0.653941 -0.086876 0.211386 0.048810 -0.284183 -0.189799 -0.265629 -0.037169 0.131743 -0.384151 0.008799 0.196814 -0.247924 
1.624269 -0.768656 0.566560 -0.025479 0.138219 0.108425 -0.268867 -0.197070 -0.341794 -0.020715 0.149400 -0.332483 -0.086987 0.224342 -0.256569 
2.021689 -0.442968 0.407256 -0.207111 0.091037 0.025667 -0.221719 -0.205739 -0.322171 0.011742 0.249666 -0.289424 -0.041254 0.235766 -0.200358 
1.933951 -0.047722 0.391272 0.037242 0.114162 0.075453 -0.060841 -0.176153 -0.369663 -0.058587 0.173202 -0.249292 -0.107572 0.164282 -0.256628 
1.811816 0.088384 0.260190 0.104614 0.146952 0.247155 0.091364 -0.021153 -0.281021 -0.112178 0.126848 -0.104092 -0.129839 0.150350 -0.301176 
0.927934 -0.003439 0.454296 0.196647 0.032978 0.158831 0.256337 -0.137681 -0.277860 -0.143716 0.116275 -0.164646 -0.129557 0.119265 -0.272037 
0.166519 0.051128 0.719319 0.437852 -0.088896 -0.049647 -0.063013 0.031399 -0.153730 -0.179130 0.097724 -0.198251 -0.115693 0.166540 -0.221674 
0.556347 -0.009540 0.232198 0.015958 0.023669 -0.091220 -0.010679 0.045854 0.002355 -0.016689 0.173171 -0.119677 -0.038757 0.171095 -0.154034 
1.465060 -0.265375 -0.025062 -0.110001 0.175063 0.023725 -0.135350 -0.167458 -0.053062 -0.022987 0.043232 0.030187 -0.073774 0.055518 -0.083968 
1.711673 -0.337008 0.218613 -0.018908 0.136169 0.043518 -0.164276 -0.118969 -0.143624 0.042289 0.198417 -0.083541 -0.154951 0.192096 -0.155206 
1.957141 -0.843265 0.285309 -0.326315 0.094072 -0.126315 -0.279716 -0.135421 -0.214565 0.070964 0.355872 -0.203583 -0.070618 0.292543 -0.103987 
1.770653 -1.171191 0.266467 -0.471147 0.068448 -0.220907 -0.249648 -0.045240 -0.094426 0.278138 0.305249 -0.217194 -0.017448 0.258557 -0.189625 
1.588906 -1.336571 0.223852 -0.493790 0.067914 -0.198720 -0.158370 0.054790 -0.020206 0.318180 0.157562 -0.279463 -0.002305 0.197729 -0.250525 
1.488058 -1.371814 0.226866 -0.580791 0.054463 -0.207352 -0.173802 0.070306 -0.019189 0.392451 0.190478 -0.330914 0.034870 0.119044 -0.237249 
1.513938 -1.383397 0.180670 -0.665372 0.063606 -0.102110 -0.088039 0.059378 -0.034396 0.383116 0.125412 -0.318200 -0.006023 0.080647 -0.244630 
1.473655 -1.346922 0.144293 -0.692959 0.111559 -0.113002 -0.030209 0.041283 -0.070797 0.432415 0.082655 -0.306430 -0.011117 0.035082 -0.227507 
1.530860 -1.287911 0.120838 -0.698894 0.098703 -0.009726 -0.066241 -0.004405 -0.027476 0.403865 0.059058 -0.316020 0.012479 0.019874 -0.182629 
1.446078 -1.196842 0.097659 -0.696773 0.058111 -0.007932 -0.037492 -0.008124 -0.007796 0.392825 0.029842 -0.285676 -0.001570 0.027397 -0.204052 
1.471128 -1.025040 0.030897 -0.640967 0.043762 -0.002472 -0.029328 -0.030764 -0.004379 0.364691 0.033132 -0.281456 -0.000656 0.070895 -0.216632 
1.396580 -1.083539 -0.010434 -0.630482 0.047314 -0.016503 -0.043845 -0.008692 -0.001693 0.321145 0.062358 -0.304593 0.068089 0.019483 -0.166117 
1.386009 -1.168283 0.007321 -0.579456 0.026198 -0.065066 0.031045 0.008717 -0.039797 0.343219 0.012744 -0.282761 0.064115 0.039249 -0.196662 
1.379730 -0.947233 -0.239220 -0.613488 0.050852 0.046674 -0.004549 -0.000181 -0.041147 0.351179 -0.024431 -0.291306 0.054561 0.076161 -0.202108 
1.396647 -1.150713 -0.195240 -0.538516 0.047066 -0.012244 0.134428 -0.084577 -0.026590 0.324182 -0.015537 -0.243565 0.037576 0.005886 -0.176448 
1.363804 -1.103781 -0.343645 -0.476007 0.003800 0.039946 0.083316 -0.066631 0.004240 0.305093 0.008626 -0.297714 0.039665 0.062235 -0.184936 
1.173298 -0.727410 -0.284757 -0.375722 -0.068119 0.088997 0.136700 -0.104604 0.046210 0.359085 -0.020659 -0.314799 -0.065027 0.045982 -0.138688 
1.495753 -0.689867 -0.372191 -0.309477 -0.030382 0.077880 0.121025 -0.125936 0.011233 0.297454 -0.003372 -0.279403 -0.020457 0.112165 -0.179596 
0.576361 -0.370095 -0.368399 -0.394135 -0.115735 0.175750 0.049596 -0.090092 0.156972 0.257862 0.152134 -0.396945 -0.195709 0.124623 -0.132991 
0.053330 -0.298239 -0.148863 -0.176809 -0.219906 0.081445 -0.074943 0.000722 0.141015 0.052812 0.068805 -0.168549 -0.016219 0.124138 -0.177774 
