city012_034
MEJIRO
68
-0.091769 -0.046166 0.104991 -0.092044 0.031647 0.155837 0.064235 -0.053428 -0.078861 -0.079133 0.138386 0.009516 -0.101046 0.098114 -0.073461 
0.335313 0.284811 0.501491 0.358851 0.132236 0.061977 -0.077239 -0.074266 0.046155 -0.124373 -0.050296 -0.049845 -0.129002 0.039211 -0.069210 
0.968451 -0.191314 0.730430 0.568252 -0.220171 0.103100 0.067905 -0.332529 -0.059169 -0.001964 -0.179400 -0.227562 -0.015961 -0.009153 -0.188924 
1.136216 -0.378162 0.772886 0.507647 -0.197151 0.184051 -0.040149 -0.363474 -0.023786 -0.069919 -0.211787 -0.211918 -0.098770 0.013019 -0.203390 
1.203641 -0.487501 0.857405 0.543135 -0.291465 0.164695 -0.015350 -0.306403 -0.131434 -0.044709 -0.155989 -0.278273 -0.053613 0.026269 -0.223570 
1.299233 -0.468780 0.920760 0.432487 -0.279642 0.141322 0.023230 -0.340588 -0.112546 -0.068352 -0.144899 -0.266248 -0.025325 -0.011977 -0.201929 
1.317449 -0.604622 0.933836 0.432660 -0.235111 0.114794 -0.057920 -0.257002 -0.116909 -0.142579 -0.041143 -0.325533 -0.018306 0.036734 -0.232279 
1.562939 -1.092751 1.264634 0.030579 -0.164197 -0.122516 -0.182511 -0.072416 -0.199656 -0.228721 0.068831 -0.237852 0.049614 0.109855 -0.278708 
1.245538 -1.022110 1.146370 -0.116734 -0.241978 -0.094420 -0.156681 0.021500 -0.267109 -0.114979 0.070270 -0.116080 0.104036 -0.055163 -0.067518 
1.348072 -1.279044 1.334748 -0.321552 -0.162826 -0.125832 -0.156679 -0.003324 -0.202060 -0.014013 0.069017 -0.059422 0.075707 -0.010574 -0.020045 
1.072152 -1.228220 1.261154 -0.355220 -0.134712 -0.098279 -0.113186 -0.044253 -0.222044 0.001614 0.049875 -0.035946 0.051827 -0.044241 0.065703 
1.110715 -1.237080 1.308227 -0.438581 -0.062379 -0.148244 -0.078861 -0.044464 -0.179634 0.002292 0.052967 -0.010369 0.017964 -0.027683 0.074436 
1.193119 -1.275406 1.361605 -0.457220 -0.046399 -0.105653 -0.095767 -0.054929 -0.220853 -0.007271 0.068308 -0.043407 0.012388 -0.027273 0.098808 
1.143951 -1.237820 1.362831 -0.443245 -0.052859 -0.030713 -0.146134 -0.087712 -0.273570 0.017014 0.035966 -0.069406 0.028233 -0.042371 0.129729 
1.187740 -1.193923 1.454034 -0.481104 -0.053817 -0.055618 -0.138572 -0.123731 -0.230186 0.003825 -0.003769 -0.043030 0.013651 -0.021728 0.125781 
1.128028 -1.075132 1.432684 -0.388409 -0.156891 -0.007203 -0.193766 -0.075850 -0.229169 -0.032438 -0.012491 -0.006677 -0.033663 0.008896 0.099486 
1.254597 -1.103280 1.555238 -0.407721 -0.124361 -0.064728 -0.176407 -0.090219 -0.203206 -0.087320 0.003314 0.002371 -0.072853 0.036082 0.087824 
1.222000 -1.016982 1.426166 -0.279377 -0.121237 -0.009017 -0.178602 -0.143233 -0.218200 -0.150513 -0.010358 -0.046814 -0.091287 -0.002504 0.096177 
1.163886 -0.885080 1.382395 -0.209223 -0.083421 -0.013031 -0.120865 -0.182406 -0.199547 -0.189865 -0.042752 -0.052203 -0.140540 -0.015977 0.070298 
1.061649 -0.682363 1.341292 -0.115277 -0.147590 0.033088 -0.086382 -0.172650 -0.198051 -0.230779 -0.064886 -0.049661 -0.192907 -0.031662 0.045599 
0.895621 -0.411862 1.301621 -0.071105 -0.150754 0.010975 0.015194 -0.222472 -0.147442 -0.242322 -0.058743 -0.076351 -0.208442 -0.020959 0.026983 
0.826421 -0.446704 1.098440 0.052810 -0.136897 0.084575 0.011888 -0.207553 -0.143832 -0.280498 -0.024491 -0.068953 -0.232164 -0.055269 0.031172 
0.585938 -0.325416 1.283445 -0.027432 -0.087783 -0.017025 0.096205 -0.234677 -0.137238 -0.194560 -0.068054 -0.085765 -0.183109 -0.073569 0.071157 
0.370998 -0.285781 1.281145 0.228368 -0.190004 -0.020863 0.133518 -0.183330 -0.077048 -0.193845 -0.072896 0.005089 -0.204469 -0.115718 0.101988 
0.329541 -0.214731 0.772364 -0.147882 0.102927 -0.052756 0.245484 -0.135717 -0.050284 -0.030397 0.010587 0.033960 -0.067639 -0.052889 0.101013 
0.199438 -0.202129 0.840248 -0.142172 0.183559 -0.141263 0.132033 -0.059380 -0.071046 -0.050228 -0.023103 0.044703 -0.040031 -0.140370 0.154679 
0.264995 -0.293356 0.877783 -0.203003 0.221248 -0.153282 0.111086 -0.140421 -0.098838 -0.117585 0.041679 -0.002026 -0.129080 -0.036601 0.102694 
0.106604 -0.150108 0.979282 -0.233012 0.070305 -0.131826 0.171118 -0.136408 -0.092147 0.036371 -0.047444 -0.016150 -0.008101 -0.043368 0.060298 
0.253694 -0.367813 1.154132 -0.243406 0.068726 -0.024583 0.108527 -0.213465 -0.101247 -0.015886 -0.051462 -0.054142 -0.034499 -0.100833 0.184582 
0.281682 -0.314968 1.131828 -0.201806 0.069365 -0.054750 -0.054793 -0.084728 -0.170581 -0.123736 -0.019756 -0.022983 -0.155780 -0.008490 0.097513 
0.310312 -0.360927 1.346448 -0.216692 0.062581 -0.164961 0.070481 -0.191605 -0.117781 -0.114355 -0.091479 0.011824 -0.151110 -0.040654 0.129827 
0.454796 -0.356419 1.373832 -0.257582 -0.011242 -0.007045 -0.052203 -0.116792 -0.185959 -0.154833 -0.053107 -0.027933 -0.195443 -0.019814 0.124674 
0.546000 -0.475054 1.469418 -0.328459 0.048275 0.025188 -0.134650 -0.044109 -0.230126 -0.151934 0.005091 -0.112746 -0.159107 0.021299 0.074974 
0.613339 -0.595917 1.488839 -0.261389 0.006566 0.036067 -0.144546 -0.085721 -0.162175 -0.219537 0.014653 -0.078033 -0.229066 0.091364 -0.006090 
0.658498 -0.644900 1.635146 -0.294811 -0.017327 0.020687 -0.180385 -0.031065 -0.145437 -0.250304 0.065395 -0.097514 -0.176838 0.073191 0.006204 
0.583316 -0.660945 1.660445 -0.276063 0.007110 0.067030 -0.216651 0.053909 -0.194840 -0.241521 0.069015 -0.093269 -0.220757 0.064894 0.015847 
0.522291 -0.598000 1.636883 -0.251010 -0.065033 0.082694 -0.219470 0.032198 -0.148284 -0.266772 0.074695 -0.059800 -0.208604 0.044847 0.042283 
0.618572 -0.671590 1.687760 -0.259383 -0.009099 0.058063 -0.197366 0.038468 -0.186485 -0.262359 0.082022 -0.097446 -0.235749 0.071816 0.021383 
0.563722 -0.562328 1.579138 -0.209052 -0.101020 0.160915 -0.230811 0.021064 -0.174038 -0.297928 0.107842 -0.125964 -0.240924 0.069396 0.019692 
0.662138 -0.638293 1.605478 -0.231354 -0.089178 0.127866 -0.241549 -0.005108 -0.176702 -0.332133 0.096264 -0.124736 -0.248174 0.057269 0.009377 
0.765052 -0.678837 1.629306 -0.260722 -0.079301 0.083995 -0.232543 -0.030539 -0.164117 -0.336374 0.090783 -0.122324 -0.217485 0.033768 0.020074 
0.684710 -0.599157 1.524885 -0.230464 -0.112969 0.083720 -0.210132 -0.057208 -0.199905 -0.288475 0.036812 -0.108517 -0.191432 -0.014246 0.058036 
0.812207 -0.709312 1.552350 -0.222255 -0.093533 0.027796 -0.172760 -0.087553 -0.201256 -0.274014 0.027853 -0.109982 -0.180709 -0.013844 0.043517 
0.777748 -0.733257 1.420460 -0.138709 -0.151548 0.065640 -0.169707 -0.106632 -0.210702 -0.238918 -0.007781 -0.096482 -0.140740 -0.048014 0.039662 
0.807608 -0.699732 1.405405 -0.055684 -0.191847 -0.042190 -0.056908 -0.164324 -0.193758 -0.174781 -0.082436 -0.035911 -0.123264 -0.053947 0.039619 
0.718338 -0.774643 1.076428 0.187271 -0.150059 0.065467 -0.184610 -0.141282 -0.222082 -0.225451 -0.017552 -0.167384 -0.081913 -0.099462 -0.042914 
0.750166 -0.726638 0.868901 0.320256 0.174296 -0.093798 -0.248838 0.097099 -0.172563 -0.168854 0.022109 -0.327930 0.087378 -0.010298 -0.292341 
0.484773 -0.357583 0.895764 0.167368 0.048237 -0.035819 -0.128506 0.052512 -0.246112 -0.094114 0.015956 -0.234244 0.033028 -0.027283 -0.191077 
0.781836 -0.658708 0.809247 0.063344 -0.057658 -0.056306 -0.238547 -0.000047 -0.258467 -0.165058 0.083306 -0.214947 0.064428 0.026469 -0.206712 
1.015787 -0.833311 0.748910 -0.049496 0.080285 -0.162322 -0.402747 -0.085570 -0.113259 -0.109742 -0.026694 -0.212911 0.202285 0.085000 -0.245430 
1.297379 -1.000598 0.699169 -0.174782 0.176710 -0.202665 -0.482636 -0.150667 -0.040500 -0.072618 0.005240 -0.195555 0.184878 0.174814 -0.191266 
1.425373 -0.953578 0.523153 -0.238710 0.175577 -0.263268 -0.548944 -0.123818 -0.062970 -0.041267 0.264744 -0.201424 0.053360 0.336403 -0.056242 
1.637927 -0.828837 0.301031 -0.342878 0.059172 -0.125398 -0.406847 -0.220452 -0.249476 0.059424 0.447207 -0.190827 0.001553 0.304302 -0.093985 
1.723174 -0.822764 0.231877 -0.523465 -0.063301 0.152719 -0.379028 -0.228725 -0.317063 -0.047585 0.503635 -0.147908 0.099446 0.260363 -0.307238 
1.674127 -0.699712 0.275224 -0.647220 -0.129632 0.125436 -0.166289 -0.184987 -0.372074 -0.083051 0.359282 -0.044206 0.196124 0.245817 -0.337825 
1.650866 -0.573867 0.231723 -0.709659 -0.207511 0.170276 -0.130300 -0.132602 -0.305814 -0.133722 0.258230 -0.058389 0.281207 0.256854 -0.314968 
1.675275 -0.435384 0.297066 -0.764489 -0.273589 0.125465 -0.075426 -0.071353 -0.249790 -0.104485 0.173931 -0.116083 0.268200 0.263326 -0.253866 
1.649160 -0.316134 0.198142 -0.777365 -0.271822 0.073023 -0.047199 0.020538 -0.290828 -0.076592 0.121884 -0.153398 0.285049 0.288276 -0.224483 
1.709698 -0.343310 0.238099 -0.835516 -0.202166 -0.003058 0.029766 -0.007167 -0.268182 -0.081428 0.156190 -0.187809 0.310219 0.248815 -0.209611 
1.655701 -0.234802 0.158272 -0.774533 -0.326773 0.093890 -0.075203 0.037734 -0.243663 -0.067867 0.095242 -0.176793 0.281548 0.275159 -0.219181 
1.669661 -0.121112 0.187360 -0.874428 -0.314901 0.017386 -0.025732 0.020771 -0.180833 -0.036361 0.105154 -0.180208 0.281113 0.214362 -0.185105 
1.399864 0.025209 0.034416 -0.841971 -0.416258 -0.060572 0.031884 0.059083 -0.284618 0.046713 0.060519 -0.125779 0.335943 0.311245 -0.152577 
1.826993 -0.103351 0.014054 -0.655811 -0.450653 -0.000208 0.054195 -0.060199 -0.106752 -0.078704 0.068650 -0.133628 0.209674 0.237451 -0.088051 
1.251524 -0.030776 0.066130 -0.798467 -0.464417 -0.011106 0.039656 -0.032459 -0.186425 -0.050206 0.033384 -0.039311 0.323751 0.295618 -0.085057 
1.052629 0.125587 0.171106 -0.649499 -0.224765 0.172331 0.170305 -0.037283 -0.229393 -0.100446 -0.068381 -0.139542 0.203380 0.235561 -0.188285 
0.748183 0.375103 0.173724 -0.212623 -0.221956 -0.278419 -0.175925 -0.081546 0.004514 -0.164134 0.053638 0.181729 -0.093308 0.151355 -0.011007 
0.970059 -0.351893 0.170312 -0.773277 -0.338914 0.048420 0.074755 0.065474 -0.182839 -0.009174 0.037637 -0.074827 0.238906 0.157317 -0.140632 
1.128795 0.287818 -0.017979 -0.568823 -0.388982 0.047343 0.152449 -0.034997 -0.192363 -0.079015 0.025323 -0.103832 0.122757 0.309159 -0.160338 
