city012_013
SUGAMO
78
0.377181 0.059120 0.261213 0.242325 0.143600 0.139683 -0.101972 -0.210388 0.198407 -0.098006 -0.001460 -0.015337 -0.080662 0.011269 0.027480 
0.262418 -0.286677 0.196660 0.198270 -0.034835 0.034198 -0.123941 -0.228316 0.103092 -0.077406 0.070384 -0.064132 -0.057643 0.051797 0.029313 
0.272466 -0.505223 0.191460 0.004554 0.063166 0.113003 0.035693 0.003876 0.098760 -0.099404 0.039921 -0.067361 0.108510 0.014703 -0.150389 
0.273137 -0.670847 0.262630 0.191180 0.047418 0.016285 0.009074 -0.040305 0.124144 -0.087799 -0.045992 0.107158 -0.023457 -0.036214 -0.002248 
0.172857 -0.586876 0.254271 -0.008381 0.239961 0.056546 -0.074658 0.013236 0.133692 -0.115088 -0.041759 0.102306 0.025205 -0.067979 -0.024430 
0.088277 -0.711575 0.227207 -0.028532 0.288074 0.020588 -0.059731 -0.026416 0.058985 -0.127051 0.094976 0.052541 -0.025231 -0.091805 0.010849 
0.163874 -0.781508 0.283452 -0.181889 0.128029 0.058872 0.043966 -0.099945 0.072348 -0.051890 0.050416 -0.052965 0.029197 0.034094 -0.099497 
0.114897 -0.565269 0.192616 -0.221197 0.215667 -0.068135 -0.052931 -0.008788 -0.010140 -0.122991 0.090826 0.094305 -0.080213 -0.047744 0.035397 
-0.244283 -0.844326 0.259504 -0.363800 0.256575 -0.117456 0.004738 -0.052891 0.071922 -0.082447 0.069674 0.054620 -0.097810 0.012718 -0.009038 
-0.243599 -1.043755 0.299157 -0.254273 0.296511 -0.164732 -0.030961 0.004971 -0.063721 0.064957 0.071367 -0.020517 -0.088824 -0.016209 0.122756 
-0.221056 -1.201667 0.265498 -0.212661 0.140413 -0.162504 0.051302 -0.017361 0.069866 -0.045254 0.013709 0.049267 -0.056013 -0.051594 0.068046 
-0.186684 -1.139708 0.393395 -0.350413 0.190699 -0.178390 0.048680 -0.056949 0.196346 -0.078754 -0.046757 0.000492 0.023146 0.015151 -0.028916 
-0.173374 -1.164273 0.400470 -0.349705 0.122176 -0.273669 0.101423 0.043246 0.071294 -0.040698 0.000095 0.048246 -0.073835 -0.011287 0.031997 
-0.015915 -1.241503 0.388331 -0.279805 0.216613 -0.392987 0.088377 0.025096 0.142934 -0.031716 -0.092338 0.054718 0.072744 -0.133120 0.054489 
-0.126074 -1.247488 0.403705 -0.370482 0.263921 -0.328533 -0.031517 0.176808 0.098713 -0.034947 -0.068810 -0.049401 0.074961 0.038066 -0.124498 
-0.166767 -1.254083 0.500531 -0.308826 0.215322 -0.330788 0.014026 -0.004325 0.213547 -0.019105 -0.150950 0.038067 0.112345 -0.099982 0.000673 
0.012276 -1.092342 0.540655 -0.373924 0.084933 -0.292484 0.082863 0.007312 0.194912 -0.029288 -0.133866 0.055505 0.071370 -0.065992 -0.074825 
0.115454 -0.972508 0.631609 -0.085658 0.172326 -0.206300 0.169346 0.009031 0.068510 -0.066824 -0.009897 0.036278 -0.007030 0.031303 -0.072291 
1.232694 -0.911053 0.785193 -0.059322 0.206606 -0.183469 -0.199073 -0.154929 0.095262 0.079845 -0.136404 -0.145728 0.119771 0.117574 -0.138617 
1.368069 -1.042022 0.884027 -0.074086 0.227302 -0.202282 -0.342530 -0.135569 -0.019473 0.022674 -0.145510 -0.229910 0.155295 0.154773 -0.216953 
1.467911 -1.076435 0.857665 -0.047778 0.218392 -0.202923 -0.304190 -0.145859 -0.090571 -0.031837 -0.092471 -0.258596 0.144315 0.120603 -0.207127 
1.521031 -1.121232 0.900752 -0.007549 0.178494 -0.161544 -0.391087 -0.049403 -0.134067 -0.020219 -0.058222 -0.334820 0.208807 0.102798 -0.219066 
1.527707 -1.160405 1.010581 -0.047928 0.248607 -0.282003 -0.337260 -0.041589 -0.127668 -0.000458 -0.064062 -0.353626 0.253253 0.089978 -0.210242 
1.422791 -1.075242 0.928954 0.009503 0.206380 -0.247439 -0.331381 -0.018259 -0.193333 0.015301 -0.065295 -0.335703 0.219647 0.072862 -0.169958 
1.543025 -1.098091 0.995870 -0.004160 0.182355 -0.261548 -0.253316 -0.018747 -0.253020 -0.000358 -0.010322 -0.326082 0.172222 0.064981 -0.163881 
1.328203 -0.843018 0.832909 0.085347 0.142365 -0.225747 -0.137943 -0.015965 -0.336690 -0.082681 -0.012418 -0.278368 0.089134 0.005329 -0.160456 
1.227110 -0.757125 0.759599 0.135920 0.129725 -0.170285 -0.059996 -0.070444 -0.353060 -0.087131 0.029730 -0.290897 0.024657 0.018654 -0.166820 
1.146099 -0.683222 0.600223 0.194169 0.058427 -0.111764 -0.019863 -0.085641 -0.443235 -0.123568 0.084184 -0.295407 0.041685 -0.048546 -0.133447 
1.012357 -0.739964 0.665282 0.251855 0.069305 -0.109379 -0.047061 -0.184346 -0.369533 -0.063935 0.105590 -0.344892 -0.027366 0.012354 -0.078620 
0.987345 -0.832632 0.730997 0.214283 0.012848 -0.144014 -0.045273 -0.205393 -0.340964 -0.062615 0.126571 -0.340508 -0.006593 0.060339 -0.065199 
1.198206 -1.086464 0.840461 0.041140 0.038549 -0.189382 -0.201421 -0.186309 -0.242397 0.006963 0.093991 -0.339860 0.108758 0.137140 -0.072259 
1.321786 -1.152988 0.848069 -0.176447 -0.016607 -0.180319 -0.335650 -0.089479 -0.148533 0.160774 0.046496 -0.280134 0.269732 0.104339 -0.099767 
1.500800 -1.396755 0.858797 -0.320573 -0.011146 -0.246266 -0.443819 0.116304 -0.003580 0.149113 0.146483 -0.198130 0.195025 0.090244 -0.054841 
1.461909 -1.303045 0.446326 -0.435629 0.042294 -0.356815 -0.328448 0.199285 -0.059631 0.219983 0.258913 -0.249100 0.089577 0.166913 -0.125132 
1.473863 -1.317829 0.312617 -0.508976 0.108284 -0.389318 -0.155552 0.086372 0.063519 0.239479 0.279391 -0.286759 -0.034763 0.152593 -0.098850 
1.436829 -1.390364 0.187611 -0.557429 0.055427 -0.227132 -0.041719 -0.012198 0.150942 0.215034 0.247964 -0.310855 -0.130227 0.140834 -0.079320 
1.453292 -1.397495 0.196628 -0.701252 0.133551 -0.188587 0.008009 0.035058 0.064559 0.270018 0.148961 -0.353294 -0.041873 0.093323 -0.101839 
1.446641 -1.407609 0.232965 -0.753863 0.140271 -0.150557 0.011847 0.024592 0.047195 0.323383 0.095136 -0.333481 -0.059027 0.092839 -0.124002 
1.445407 -1.432233 0.253157 -0.775398 0.152815 -0.125755 0.004791 -0.012091 0.090371 0.285369 0.117802 -0.373661 -0.000584 0.058341 -0.122431 
1.390999 -1.451115 0.273908 -0.823860 0.187071 -0.113127 0.002636 0.002404 0.058937 0.305900 0.107665 -0.378040 0.010455 0.029458 -0.113706 
1.409411 -1.412616 0.293494 -0.771344 0.125546 -0.018178 -0.021801 0.017002 0.047694 0.320379 0.076755 -0.373117 -0.016038 0.034139 -0.128077 
1.442896 -1.440143 0.291072 -0.820841 0.162775 -0.040076 -0.009500 0.016191 0.021232 0.316629 0.104750 -0.380378 0.013580 -0.001133 -0.123251 
1.501577 -1.394640 0.287749 -0.816728 0.160558 -0.006176 -0.007189 -0.020000 0.002969 0.299885 0.136437 -0.371611 0.049919 -0.052931 -0.107540 
1.544131 -1.337467 0.276965 -0.779726 0.151254 -0.025045 0.012202 -0.014260 -0.090197 0.326835 0.138762 -0.313988 0.064990 -0.070839 -0.120820 
1.736787 -1.337925 0.272982 -0.699056 0.089974 -0.003542 -0.011273 -0.000286 -0.172050 0.293440 0.189009 -0.274390 0.122305 -0.086735 -0.198345 
1.731398 -1.101642 0.289590 -0.634231 0.001685 0.045984 -0.031754 -0.050143 -0.213864 0.182873 0.195494 -0.233046 0.238675 -0.042569 -0.250802 
1.550914 -0.934598 0.535772 -0.186413 -0.175069 0.218010 0.016709 -0.258162 -0.131439 -0.025056 0.101908 -0.203733 0.236072 -0.046368 -0.203365 
1.228082 -0.827811 0.929624 0.368181 -0.109659 0.156653 -0.032333 -0.404568 0.043588 -0.000536 -0.138795 -0.306920 0.108207 -0.072402 -0.132295 
1.197131 -0.826826 0.978980 0.357713 -0.146257 0.191200 -0.067874 -0.383381 0.069097 0.002034 -0.184036 -0.243329 0.080422 -0.043567 -0.160883 
1.211791 -0.838339 0.949244 0.316055 -0.122476 0.183773 -0.039780 -0.389936 0.042554 -0.002555 -0.120157 -0.257862 0.065692 -0.032518 -0.144415 
1.060663 -0.782192 1.028048 0.264933 -0.062341 0.131832 -0.049013 -0.371086 0.020002 0.025162 -0.161552 -0.271805 0.081550 -0.030088 -0.154431 
1.146930 -0.778012 0.976795 0.282956 -0.104821 0.122621 0.002532 -0.406944 0.039335 -0.024704 -0.107375 -0.284881 0.103009 -0.064027 -0.125941 
1.044387 -0.665192 0.918645 0.362728 -0.086900 0.098265 -0.025756 -0.367073 0.041288 -0.008476 -0.174594 -0.251754 0.078656 -0.046465 -0.152572 
1.433285 -0.626168 0.702149 0.005528 -0.264307 0.122446 0.090612 -0.249372 0.022262 0.057167 0.006279 -0.162999 0.171881 -0.036343 -0.137775 
1.832175 -0.736824 0.334503 -0.372540 -0.349553 0.152145 0.197419 -0.026620 -0.105768 -0.066107 -0.018248 -0.233278 0.268199 0.054491 -0.163899 
1.850829 -0.656615 0.220446 -0.404094 -0.357831 0.141273 0.213695 -0.042731 -0.148195 -0.061647 -0.017918 -0.253204 0.314703 0.066632 -0.145028 
1.763197 -0.603418 0.213866 -0.485829 -0.289921 0.103181 0.236482 -0.036262 -0.126805 -0.056644 -0.026789 -0.232851 0.305555 0.054680 -0.143412 
1.674393 -0.649861 0.205006 -0.576258 -0.205420 -0.008410 0.334172 0.014236 -0.123654 0.001803 -0.113925 -0.184390 0.282557 0.017528 -0.077598 
1.675030 -0.572912 0.220998 -0.557826 -0.294686 0.063514 0.260454 0.031524 -0.122487 -0.033186 -0.084628 -0.242403 0.296935 0.054418 -0.104154 
1.611149 -0.503243 0.253527 -0.538691 -0.316743 -0.023665 0.243971 0.051036 -0.082541 -0.023931 -0.088542 -0.284006 0.282783 0.016006 -0.084026 
1.643816 -0.493208 0.278901 -0.573971 -0.355573 -0.049846 0.222774 0.102680 -0.087099 -0.005220 -0.088821 -0.306212 0.255533 0.030025 -0.097480 
1.582839 -0.433856 0.256529 -0.588716 -0.344490 -0.107698 0.184018 0.135536 -0.101203 -0.001085 -0.082696 -0.331296 0.266125 0.038209 -0.103777 
1.512570 -0.336219 0.253958 -0.654632 -0.269406 -0.171216 0.176900 0.151029 -0.107057 0.052319 -0.101867 -0.347070 0.266177 0.016051 -0.118093 
1.500820 -0.260048 0.311806 -0.671747 -0.311962 -0.207427 0.186485 0.140853 -0.139548 0.065974 -0.082248 -0.368648 0.251825 0.023062 -0.105357 
1.447273 -0.260797 0.292443 -0.662477 -0.295066 -0.243699 0.180553 0.155906 -0.153387 0.061914 -0.085871 -0.377011 0.289018 -0.003747 -0.077331 
1.582538 -0.223972 0.196159 -0.670858 -0.263499 -0.249694 0.153748 0.135971 -0.122397 0.100230 -0.112113 -0.360204 0.242355 0.048931 -0.131191 
1.467735 -0.260668 0.244951 -0.704136 -0.307771 -0.252059 0.148785 0.175048 -0.132785 0.110192 -0.089184 -0.344951 0.259643 0.016106 -0.106224 
1.472489 -0.262015 0.245386 -0.738423 -0.344041 -0.190199 0.070847 0.174009 -0.090706 0.084206 -0.027398 -0.373044 0.289180 0.009233 -0.133248 
1.462685 -0.248031 0.263597 -0.775458 -0.359723 -0.187240 0.096674 0.161262 -0.132590 0.104175 -0.025913 -0.350995 0.285773 0.044409 -0.138822 
1.494798 -0.274591 0.216809 -0.714841 -0.405250 -0.156797 0.087999 0.139747 -0.105451 0.063920 -0.021578 -0.337867 0.284268 0.063096 -0.131899 
1.412424 -0.450471 0.205269 -0.688280 -0.401543 -0.207170 0.111269 0.189473 -0.096731 0.059946 0.041493 -0.336187 0.300487 0.042186 -0.152339 
1.413496 -0.325169 0.111485 -0.677351 -0.423348 -0.212551 0.098042 0.146689 -0.083557 0.060595 0.033029 -0.313381 0.305353 0.070758 -0.129721 
1.167134 0.037573 0.086911 -0.664412 -0.471041 -0.124451 0.173898 0.068276 -0.132100 0.084119 -0.074227 -0.263115 0.246834 0.108402 -0.103835 
1.330913 0.037500 0.081972 -0.595263 -0.478936 -0.046730 0.138507 0.063091 -0.044001 0.039972 0.056750 -0.332473 0.214937 0.052061 -0.142577 
1.228609 0.102923 0.002942 -0.717908 -0.529298 -0.037409 0.164130 0.076594 -0.087881 0.041569 -0.004030 -0.299493 0.261141 0.155021 -0.143609 
0.584722 -0.519548 0.121523 -0.610155 -0.307103 -0.033879 0.309532 0.185223 -0.163597 0.086388 -0.037482 -0.293913 0.236053 0.004129 -0.111637 
0.707923 0.052236 0.226085 -0.396883 -0.179088 0.042000 0.251109 0.106822 -0.048469 0.078866 -0.072207 -0.241832 0.172132 0.003278 -0.148538 
0.400830 0.042588 0.051822 -0.232415 -0.381346 0.091322 -0.091163 -0.107899 0.233005 0.024225 0.088824 -0.059808 0.047756 -0.085948 -0.026225 
