city012_053
ZENTSUUJI
100
0.055885 -0.582754 0.038025 -0.135456 -0.198374 0.097446 -0.016328 -0.043808 0.082480 0.004435 0.059593 -0.088641 -0.023618 0.080483 -0.082556 
0.088141 -0.824541 0.216408 -0.074882 -0.081039 -0.084653 0.023192 -0.071488 0.008578 0.012600 0.018888 0.078380 -0.099696 0.041329 -0.035983 
0.193957 -0.730431 0.473918 -0.178251 -0.124963 -0.099674 -0.104022 -0.104660 -0.042447 0.035377 0.008728 0.128764 -0.064098 -0.001313 0.042348 
1.072239 -0.592004 0.779631 0.038559 -0.001463 -0.208894 -0.046375 -0.121414 -0.046816 -0.119115 -0.149456 0.053432 -0.007413 -0.011858 -0.077050 
1.477444 -0.927506 0.983623 -0.042498 -0.021018 -0.331958 -0.122097 -0.134440 -0.094990 -0.057228 -0.142213 0.039891 0.097367 -0.017334 -0.073088 
1.560454 -1.078955 0.978299 -0.141046 -0.202181 -0.242695 -0.183754 -0.116893 -0.075184 -0.052122 -0.047502 0.050555 0.147653 -0.003973 -0.086259 
1.486464 -1.216464 0.918942 -0.154564 -0.122646 -0.246956 -0.158505 0.000788 -0.040419 0.003510 -0.065546 0.091091 0.113835 -0.073292 -0.018935 
1.657668 -1.341884 0.869294 -0.223713 -0.130087 -0.288854 -0.103367 0.010517 0.055131 0.095724 -0.043882 0.040670 0.141119 -0.068649 -0.090636 
1.667924 -1.351979 0.816109 -0.277279 -0.140206 -0.275464 -0.119686 0.042456 0.102360 0.092764 -0.057732 0.049010 0.143989 -0.092088 -0.101630 
1.719151 -1.350028 0.715330 -0.257663 -0.132397 -0.277204 -0.121460 0.060437 0.109117 0.089159 -0.084756 0.078249 0.110996 -0.067310 -0.128361 
1.683627 -1.381765 0.708621 -0.240412 -0.165323 -0.232105 -0.145965 0.095032 0.097414 0.026066 -0.045217 0.038052 0.136404 -0.061804 -0.154470 
1.576703 -1.284749 0.556552 -0.106884 -0.262822 -0.156833 -0.169798 0.093892 0.040519 -0.021143 -0.009114 0.013404 0.167206 -0.062660 -0.123675 
1.877138 -1.541877 0.754886 -0.176858 -0.145861 -0.212273 -0.128451 0.059673 0.077895 -0.015580 0.015679 0.006934 0.108339 -0.015206 -0.174935 
1.548595 -1.262534 0.564648 -0.027671 -0.230301 -0.141690 -0.166708 0.040530 -0.005771 -0.036532 -0.011514 0.006332 0.157422 -0.024158 -0.132182 
1.818558 -1.416482 0.705712 -0.050121 -0.153196 -0.169190 -0.159925 -0.018624 -0.004661 -0.063531 0.010555 -0.040160 0.163487 0.035079 -0.219190 
1.802374 -1.331977 0.651369 0.121329 -0.187459 -0.155620 -0.149998 -0.101731 -0.014076 -0.098564 -0.031645 -0.041064 0.177343 0.012996 -0.205564 
1.869368 -1.331838 0.620566 0.335857 -0.268905 -0.062819 -0.131892 -0.238970 -0.043859 -0.106653 -0.157381 -0.045148 0.174670 -0.012251 -0.227681 
1.810867 -1.348809 0.791804 0.343871 -0.268229 0.057826 -0.131556 -0.412860 0.032327 -0.101967 -0.228668 -0.118994 0.171212 -0.058500 -0.210427 
1.487757 -1.275874 1.021052 0.315518 -0.303732 0.222951 -0.296286 -0.367904 0.100717 -0.151083 -0.178247 -0.182733 0.082851 0.032625 -0.239161 
1.378486 -1.238277 1.141035 0.190477 -0.265103 0.222541 -0.314810 -0.409902 0.122736 -0.169856 -0.148335 -0.202172 0.063909 0.048508 -0.194157 
1.376343 -1.182656 1.141405 0.157041 -0.285444 0.247670 -0.308159 -0.416657 0.105277 -0.148377 -0.158503 -0.184104 0.058678 0.047289 -0.198806 
1.339016 -1.042599 1.140329 0.161302 -0.310631 0.251135 -0.290794 -0.401786 0.112526 -0.143427 -0.172880 -0.177496 0.081757 0.024989 -0.198713 
1.383695 -1.003175 1.122110 0.177966 -0.322761 0.288283 -0.327829 -0.403375 0.132435 -0.149389 -0.201435 -0.179600 0.091058 0.015844 -0.217311 
1.369686 -0.914127 1.150744 0.194865 -0.289997 0.229294 -0.326701 -0.397799 0.187060 -0.157751 -0.219081 -0.179794 0.127689 0.013591 -0.218320 
1.432009 -0.910346 1.100021 0.251204 -0.315080 0.247763 -0.361023 -0.374514 0.197012 -0.161125 -0.259429 -0.170325 0.148232 -0.004095 -0.244626 
1.473006 -0.918325 1.205941 0.224949 -0.231132 0.163273 -0.291422 -0.433528 0.223132 -0.148440 -0.270579 -0.210862 0.173123 0.003292 -0.263502 
1.386213 -0.719377 1.104477 0.299875 -0.233192 0.207348 -0.300038 -0.464695 0.199678 -0.077971 -0.299410 -0.247214 0.169474 0.011737 -0.239801 
1.457295 -0.570447 1.029241 0.364592 -0.256891 0.293651 -0.352710 -0.459908 0.175505 -0.032630 -0.319641 -0.260124 0.151665 0.011081 -0.218279 
1.387953 -0.475548 0.971297 0.407919 -0.199188 0.258162 -0.270424 -0.458653 0.148623 -0.013811 -0.345881 -0.266587 0.135518 -0.048241 -0.200974 
1.470417 -0.357733 0.878177 0.442624 -0.124203 0.158954 -0.103111 -0.612337 0.247452 -0.017190 -0.354567 -0.235100 0.117200 -0.085707 -0.107683 
1.370294 -0.263380 0.753913 0.470844 -0.078634 0.185372 -0.175657 -0.493115 0.183013 0.005475 -0.350708 -0.216816 0.054925 -0.039852 -0.136437 
1.173901 -0.017201 0.597580 0.320911 -0.082755 0.122939 -0.173750 -0.393691 0.120209 -0.087133 -0.287772 -0.080832 -0.026317 -0.016654 -0.130005 
0.768137 -0.442601 0.467889 0.446743 -0.117655 0.157136 -0.111298 -0.445385 0.057550 0.064156 -0.228153 -0.113271 -0.036575 0.017009 -0.088391 
0.539013 -0.288136 0.425872 0.259614 0.002274 0.104665 -0.153991 -0.267153 0.121529 -0.023841 -0.037659 -0.138752 -0.008124 0.082277 -0.083240 
0.364856 -0.499894 0.195427 0.304698 -0.027160 0.053051 -0.133876 -0.311884 0.183882 0.084829 -0.155484 -0.032643 -0.011492 0.128019 -0.138958 
0.017577 -0.306101 0.493645 0.268157 -0.153253 -0.110380 -0.312565 -0.264721 0.133755 -0.076395 -0.188388 -0.052055 0.133572 0.084223 -0.132028 
-0.133997 -0.357411 0.153726 0.138600 -0.149453 -0.125086 -0.167857 -0.046064 0.176727 0.008717 -0.060990 -0.073639 0.131893 0.078010 -0.218575 
-0.188895 -0.308932 0.361299 0.248268 -0.296757 -0.091295 -0.237232 -0.129977 0.185579 -0.062033 -0.094537 0.020600 0.104497 0.090817 -0.178036 
-0.309543 -0.517115 0.182994 0.159365 -0.122531 -0.005311 0.105962 0.074207 0.087846 -0.057725 -0.120030 0.059087 0.082463 -0.013247 -0.134520 
-0.511566 -0.530857 0.214519 0.255185 -0.124200 0.105792 0.033725 -0.088436 0.180923 -0.048779 -0.098156 0.046105 0.057679 0.006716 -0.126860 
-0.458027 -0.459230 0.150015 -0.302461 0.033154 0.004333 -0.057670 -0.085378 0.153134 0.044716 -0.089858 0.004013 0.026467 0.006022 -0.069044 
-0.464219 -0.737449 0.224039 -0.380018 0.134922 -0.048297 -0.021224 -0.084450 0.002188 0.146246 0.005629 -0.069871 -0.009525 0.023893 -0.017621 
-0.393069 -0.817368 0.275277 -0.276567 0.146381 -0.193191 0.003470 -0.045538 0.065470 0.040742 -0.005605 0.020652 -0.065069 0.027704 0.012714 
-0.171617 -0.462368 0.287758 -0.325025 -0.106074 -0.276370 -0.067655 -0.129364 0.043095 0.169180 0.004717 0.117891 -0.007611 -0.009011 0.023134 
-0.254213 -0.712833 0.362335 -0.342804 0.101538 -0.274626 0.068084 0.026341 -0.025163 0.030462 0.007827 0.088249 -0.102544 -0.005866 0.053232 
-0.311011 -1.078312 0.263443 -0.224996 0.082643 -0.199997 0.014925 0.078898 0.000543 -0.007202 0.044654 0.047694 -0.143087 0.039676 0.031093 
0.107372 -0.992408 0.196037 -0.289307 0.165778 -0.232430 0.043506 0.016101 0.076822 -0.009259 -0.062703 0.089324 -0.030911 -0.026768 -0.028982 
0.204612 -0.857283 0.424380 -0.359200 0.294249 -0.225815 0.322969 0.139488 0.004667 -0.101986 -0.085864 0.043515 0.009564 0.105447 -0.057721 
0.029919 -1.251069 0.349010 -0.603187 0.258057 -0.191803 0.219840 0.004661 0.038850 -0.056319 -0.061068 0.094508 -0.116556 0.047588 0.045162 
0.269596 -0.708877 0.315829 -0.481710 0.172426 -0.368556 0.007730 0.193651 0.169656 0.040068 -0.283194 0.156099 0.034131 -0.085615 -0.106429 
0.090324 -0.806486 0.458699 -0.590749 0.200273 -0.373722 -0.027512 0.121322 0.138003 0.103483 -0.146165 0.026472 0.050989 -0.044535 -0.098956 
0.196151 -0.743529 0.611303 -0.377488 0.240399 -0.412726 0.046665 0.157444 -0.052778 -0.003887 -0.050027 0.113867 -0.024178 -0.072385 0.050234 
1.046845 -0.899524 0.901187 0.030325 0.287473 -0.413202 -0.135176 -0.119453 -0.028785 0.004166 -0.277637 -0.054268 0.147672 -0.002150 -0.156489 
1.218488 -0.921470 0.900971 0.154272 0.271232 -0.267676 -0.230860 -0.050646 -0.078373 -0.099233 -0.212569 -0.162357 0.104576 -0.009242 -0.205468 
1.252482 -0.863266 0.831942 0.095152 0.167720 -0.203270 -0.316218 -0.079597 -0.133640 -0.045976 -0.176579 -0.253714 0.173724 0.051789 -0.245424 
1.317973 -0.864959 0.887085 0.045460 0.223313 -0.263813 -0.352155 -0.037962 -0.152746 -0.045693 -0.173412 -0.267169 0.176165 0.085252 -0.248301 
1.351020 -1.006033 0.939924 0.056442 0.228112 -0.264152 -0.355539 -0.073641 -0.132382 -0.074979 -0.150673 -0.306115 0.187025 0.088927 -0.274800 
1.345182 -1.013009 0.990040 0.018478 0.212386 -0.265331 -0.339331 -0.049085 -0.129912 -0.084567 -0.113398 -0.288721 0.185555 0.083689 -0.261729 
1.306439 -0.942562 0.886046 0.057356 0.215044 -0.229529 -0.377523 -0.024925 -0.141667 -0.092468 -0.133138 -0.294014 0.189128 0.085672 -0.310489 
1.298906 -1.006170 0.906491 0.080244 0.221164 -0.238702 -0.374849 -0.047749 -0.118809 -0.066484 -0.142607 -0.315620 0.196358 0.111946 -0.315889 
1.377862 -1.048307 0.975363 0.025000 0.284054 -0.273127 -0.349047 -0.034928 -0.109952 -0.075450 -0.082410 -0.380594 0.224385 0.119129 -0.325361 
1.342737 -1.042564 0.960272 0.002243 0.266028 -0.291223 -0.354612 -0.074421 -0.084379 -0.070125 -0.077375 -0.367021 0.228574 0.134011 -0.277678 
1.270272 -1.027689 0.840057 0.074602 0.207376 -0.223338 -0.420044 -0.042937 -0.116011 -0.055704 -0.094178 -0.338244 0.196154 0.171900 -0.312007 
1.237371 -1.035802 0.810150 0.106462 0.235082 -0.178832 -0.411279 -0.004158 -0.117293 -0.060160 -0.079592 -0.339071 0.180080 0.147100 -0.328091 
1.352233 -1.021169 0.891871 0.058342 0.204598 -0.245607 -0.329873 0.025212 -0.118609 -0.071217 -0.056674 -0.300404 0.200869 0.122806 -0.323330 
1.348082 -1.093612 0.916940 0.007944 0.239151 -0.310085 -0.308441 0.003464 -0.090479 -0.093096 -0.022396 -0.312546 0.233584 0.106574 -0.294994 
1.291570 -0.994506 0.947612 0.072484 0.210099 -0.274506 -0.315561 0.056486 -0.105354 -0.069665 -0.063834 -0.293636 0.212365 0.117245 -0.317468 
1.250984 -0.847469 0.934845 0.167880 0.263762 -0.243244 -0.264387 0.071745 -0.119065 -0.043715 -0.121656 -0.299076 0.184422 0.091565 -0.344203 
1.211700 -0.925767 0.967942 0.199166 0.165781 -0.196120 -0.258078 0.157153 -0.135728 -0.156634 -0.020770 -0.254773 0.158350 0.052457 -0.342808 
1.192451 -0.971273 1.003479 0.168834 0.121738 -0.312679 -0.214184 0.067522 -0.156473 -0.169064 -0.029258 -0.261928 0.204786 0.019017 -0.300030 
1.103597 -1.074038 1.075614 0.097234 0.121175 -0.384057 -0.211050 0.092503 -0.229911 -0.170827 -0.022395 -0.192003 0.181481 -0.021917 -0.247067 
0.833383 -0.902734 1.083706 0.157841 0.083010 -0.322013 -0.183068 0.074520 -0.279602 -0.138201 -0.064605 -0.192728 0.123464 -0.041610 -0.207728 
0.814214 -0.749778 1.023609 0.201065 0.054487 -0.293137 -0.077174 0.064013 -0.333566 -0.138898 -0.019142 -0.213542 0.079130 -0.085891 -0.193101 
0.793050 -0.631197 1.063905 0.152909 0.131754 -0.348978 0.003039 0.020464 -0.290166 -0.114781 -0.081845 -0.198890 0.127038 -0.168034 -0.166837 
0.565854 -0.414436 0.945840 0.079255 0.049269 -0.223639 -0.009320 -0.029620 -0.305671 -0.029653 -0.140041 -0.112455 0.097030 -0.200703 -0.048223 
0.310305 -0.228891 1.071831 0.035649 0.200806 -0.549273 0.230792 -0.035845 -0.362477 0.065135 -0.188081 -0.029274 0.041252 -0.194417 0.020365 
0.039960 -0.096627 1.017021 -0.011867 0.200184 -0.372531 0.079447 -0.004920 -0.355924 0.017248 -0.105957 -0.118229 -0.007936 -0.089733 0.005844 
0.065855 -0.006063 0.842937 -0.223025 0.257590 -0.274442 0.285276 -0.316117 -0.109592 0.140075 -0.232439 0.003366 0.043340 -0.101354 -0.029705 
-0.141047 -0.170036 0.847437 -0.180369 0.104896 -0.166733 0.196055 -0.109579 0.048297 0.071997 -0.134268 0.090780 0.043309 -0.069634 -0.022005 
-0.170805 -0.179748 0.918650 -0.192576 0.140009 -0.229993 0.072510 -0.213204 -0.070301 0.080847 -0.232370 0.079966 0.008684 -0.057979 -0.006664 
0.012858 -0.171750 0.863953 -0.131582 0.033053 -0.189026 0.075220 -0.161022 -0.099856 0.051296 -0.136896 0.010966 0.060980 -0.101040 0.023338 
0.087448 -0.221580 1.074154 -0.278312 -0.021515 -0.187324 0.093655 -0.126953 -0.140468 0.059220 -0.062812 -0.015859 0.034532 -0.057826 0.045129 
0.299065 -0.268964 1.112207 -0.216714 0.014090 -0.169914 0.119637 -0.112728 -0.170901 0.002855 -0.069153 -0.041426 0.054436 -0.139832 0.074448 
0.347524 -0.451232 1.283087 -0.136485 -0.023297 -0.075117 -0.034274 -0.100662 -0.262933 -0.071035 -0.079654 -0.096884 -0.041045 -0.117631 0.076742 
0.516455 -0.473884 1.244521 -0.160189 -0.093585 0.029770 -0.116031 -0.094688 -0.260355 -0.135738 -0.036471 -0.119705 -0.049732 -0.103588 0.053926 
0.606487 -0.572368 1.426986 -0.224033 -0.111705 0.026655 -0.115562 -0.131733 -0.198219 -0.171761 -0.013186 -0.101187 -0.120349 0.005519 0.015460 
0.588659 -0.584230 1.517220 -0.266287 -0.122439 0.052899 -0.106573 -0.120550 -0.154290 -0.189268 0.017709 -0.101776 -0.104237 -0.022975 0.035815 
0.575577 -0.519551 1.436016 -0.262774 -0.123983 0.148138 -0.161460 -0.078066 -0.161216 -0.236515 0.061856 -0.119563 -0.165131 0.035618 -0.001039 
0.445628 -0.460917 1.449823 -0.246773 -0.087737 0.166294 -0.198442 -0.049573 -0.172656 -0.263008 0.069588 -0.133822 -0.203043 0.051460 -0.020418 
0.413072 -0.436234 1.544576 -0.300371 -0.017319 0.117955 -0.156750 -0.072125 -0.171300 -0.248382 0.082026 -0.193255 -0.177929 0.081849 -0.057836 
0.390481 -0.350962 1.517424 -0.234195 -0.040945 0.130312 -0.149654 -0.074813 -0.153990 -0.301704 0.109393 -0.227362 -0.180894 0.054995 -0.059406 
0.374559 -0.286028 1.387416 -0.211698 -0.045297 0.194093 -0.212238 -0.011970 -0.209659 -0.304683 0.114026 -0.210966 -0.241572 0.096734 -0.083205 
0.387361 -0.195805 1.331460 -0.194778 -0.115392 0.198826 -0.225317 -0.000866 -0.231288 -0.292664 0.106846 -0.205388 -0.224663 0.092961 -0.064248 
0.430794 -0.209244 1.358001 -0.282427 -0.041305 0.144378 -0.182638 -0.024566 -0.222362 -0.322009 0.147785 -0.250498 -0.196309 0.079680 -0.053069 
0.285985 -0.170383 1.417778 -0.184628 -0.110174 0.173433 -0.252867 -0.006268 -0.202007 -0.337190 0.127556 -0.239060 -0.195870 0.066565 -0.071539 
0.268263 -0.127924 1.317664 -0.150941 -0.131136 0.235199 -0.298451 0.046031 -0.278300 -0.300823 0.102190 -0.221293 -0.263773 0.134308 -0.116634 
0.392723 0.159077 1.295646 -0.030725 -0.074262 0.120037 -0.185695 0.040759 -0.190857 -0.320028 0.117650 -0.199885 -0.244277 0.082522 -0.082832 
-0.039879 0.066641 0.956831 -0.043765 0.059109 0.002798 -0.223575 -0.017530 -0.241764 -0.268241 0.094582 -0.218856 -0.191615 0.120069 -0.100436 
0.092129 -0.051592 0.712066 0.149953 0.095414 0.205808 -0.193206 -0.106878 -0.085298 -0.148277 0.066996 -0.148990 -0.223755 0.126210 -0.106257 
0.462957 0.340956 0.755397 0.175016 -0.090150 -0.028962 -0.097488 -0.111969 -0.173130 -0.355042 0.110974 -0.252963 -0.158054 0.023635 -0.063633 
