city012_093
JUUMONJI
93
0.419757 -1.118773 0.013886 -0.336581 -0.016955 -0.048885 0.039240 -0.015806 0.036537 0.077444 0.015967 0.041866 -0.154782 0.082277 -0.104399 
0.166310 -0.999860 0.175541 -0.550925 0.246627 -0.212611 0.094800 0.011862 -0.074206 0.184207 -0.071877 0.058957 -0.081726 -0.029323 0.013804 
-0.778629 -0.583324 0.467404 -0.563844 0.387788 -0.175345 -0.004055 -0.040760 -0.055139 0.192002 -0.116450 0.015693 0.001655 -0.008381 0.009526 
-0.535235 -0.464541 0.592989 -0.676704 0.031594 -0.219339 0.069631 0.101608 -0.066703 0.195773 -0.096457 -0.012963 0.055409 -0.069209 -0.048165 
-0.556228 -0.420715 0.806876 -0.701528 0.178391 -0.190970 0.196828 0.106445 -0.096975 0.126015 -0.141992 0.064592 -0.011127 -0.058073 0.059143 
-0.148706 -0.559113 0.899906 -0.687139 0.064478 -0.178659 0.239397 0.135651 -0.083495 0.148613 -0.142212 0.008850 0.048697 -0.124619 0.055591 
0.171865 -0.449997 1.178625 -0.485394 0.175350 -0.224246 0.086303 0.110227 -0.067143 0.068726 -0.047505 0.064514 0.049663 -0.113410 0.038115 
0.461340 -0.632590 1.289123 -0.296842 0.074624 -0.297487 0.016756 -0.058224 -0.140202 0.002789 -0.093352 0.004250 0.103097 -0.103733 -0.033936 
0.739208 -0.796442 1.474185 -0.145031 0.050300 -0.261192 -0.075496 -0.028640 -0.235315 -0.089371 -0.155346 -0.002016 0.005777 -0.089400 -0.066701 
1.035594 -0.970724 1.487657 -0.163241 0.049443 -0.306699 -0.085397 -0.004286 -0.270413 -0.144308 -0.089293 -0.037645 0.010285 -0.085858 -0.068360 
1.063146 -1.023227 1.494922 -0.114823 -0.047214 -0.178344 -0.144889 0.046600 -0.268710 -0.148621 -0.016465 -0.094331 0.024221 -0.049058 -0.147795 
1.095615 -1.086726 1.593207 -0.118959 -0.090303 -0.135564 -0.148142 0.045302 -0.252424 -0.142271 -0.044739 -0.021003 -0.070500 0.012012 -0.129798 
1.078391 -1.152023 1.540416 -0.031674 -0.182886 -0.024372 -0.181497 0.044415 -0.265038 -0.198730 0.071551 -0.175498 -0.014071 0.004099 -0.150503 
1.163873 -1.249010 1.619750 -0.057926 -0.119278 -0.115313 -0.178313 0.076141 -0.287995 -0.162587 0.049600 -0.175917 0.018095 0.018660 -0.186310 
1.042341 -1.215413 1.508102 -0.004504 -0.119529 -0.112043 -0.201791 0.127579 -0.341164 -0.120761 0.005849 -0.133792 -0.005572 0.012918 -0.167342 
1.103616 -1.232588 1.495273 -0.046196 -0.067663 -0.207674 -0.121285 0.096079 -0.318357 -0.121271 0.030178 -0.140843 0.041437 -0.033424 -0.115817 
1.107887 -1.227211 1.508208 -0.099213 -0.011519 -0.320371 -0.031224 0.032274 -0.267144 -0.188575 0.110027 -0.163112 0.029473 -0.004087 -0.122444 
1.100448 -1.206888 1.449896 -0.045935 -0.072972 -0.231668 -0.137896 0.110323 -0.350522 -0.110481 0.067501 -0.160142 0.011640 0.047135 -0.133453 
1.151879 -1.253008 1.426538 -0.045367 -0.022218 -0.300182 -0.087783 0.036167 -0.251935 -0.150753 0.064519 -0.151248 0.026643 0.080079 -0.188665 
1.141926 -1.232963 1.365258 -0.041668 0.009497 -0.313381 -0.101708 0.081487 -0.267044 -0.161172 0.075088 -0.152527 0.061706 0.005510 -0.119651 
1.158666 -1.187463 1.334668 -0.002365 -0.011914 -0.324593 -0.143347 0.160850 -0.348578 -0.129441 0.043858 -0.104805 0.019832 0.022425 -0.126483 
1.207303 -1.205785 1.331425 0.021615 -0.010940 -0.319306 -0.130447 0.113176 -0.329402 -0.160121 0.061147 -0.151456 0.022595 0.039493 -0.142674 
1.172122 -1.124054 1.255680 0.048599 -0.003306 -0.316556 -0.125224 0.089819 -0.341257 -0.138632 0.049738 -0.180008 0.023944 0.071512 -0.179024 
1.364849 -1.269491 1.344525 0.000318 0.072812 -0.368863 -0.138669 0.089568 -0.319094 -0.109405 -0.014690 -0.148978 0.033408 0.092103 -0.216138 
1.281101 -1.167708 1.246307 0.046466 0.054166 -0.331942 -0.184487 0.095058 -0.290278 -0.163075 0.015176 -0.193514 0.083211 0.047301 -0.188536 
1.360041 -1.146819 1.259228 0.046444 0.093721 -0.405329 -0.154881 0.090189 -0.277887 -0.151852 -0.004361 -0.172503 0.074123 0.094981 -0.260355 
1.465826 -1.192430 1.206756 0.058123 0.099442 -0.325027 -0.235346 0.108745 -0.282929 -0.193798 0.011292 -0.233505 0.093069 0.081287 -0.266525 
1.590859 -1.231290 1.183039 0.048880 0.075394 -0.245112 -0.297558 0.091695 -0.252427 -0.218401 0.046757 -0.255023 0.052000 0.162399 -0.315576 
1.549168 -1.114476 1.059397 0.055405 0.057520 -0.206446 -0.319062 0.109536 -0.272306 -0.229535 0.063330 -0.272996 0.072887 0.138738 -0.294256 
1.726089 -1.172901 1.075639 -0.033633 0.120852 -0.224112 -0.288381 0.074049 -0.278332 -0.210252 0.062856 -0.269386 0.041097 0.188317 -0.336117 
1.593572 -0.916684 0.795915 0.046441 0.041648 -0.119074 -0.317583 0.084511 -0.307762 -0.201267 0.038763 -0.275811 0.043365 0.197780 -0.333582 
1.809607 -0.968924 0.756991 -0.075932 0.113498 -0.054120 -0.244872 -0.004048 -0.319215 -0.238915 0.076083 -0.310941 0.022148 0.209297 -0.317639 
1.764876 -0.809834 0.633870 -0.098292 0.094746 0.088485 -0.211610 -0.084725 -0.360489 -0.179253 0.055760 -0.308653 -0.002041 0.222956 -0.372254 
1.892769 -0.775849 0.524531 -0.013696 0.024452 0.144170 -0.084096 -0.179351 -0.364493 -0.146038 0.043768 -0.259999 -0.017093 0.196504 -0.379134 
1.794520 -0.730841 0.664405 0.215827 -0.126383 0.174308 0.063101 -0.319936 -0.280688 -0.093771 0.024306 -0.268266 -0.071172 0.116567 -0.347196 
1.554621 -0.670509 0.886954 0.504185 -0.252663 0.124102 -0.151997 -0.412743 -0.046177 -0.033256 -0.117949 -0.330189 -0.074751 0.261657 -0.316778 
1.597624 -0.811133 0.928781 0.436520 -0.263878 0.152198 -0.155886 -0.408736 -0.019127 -0.080008 -0.109996 -0.328087 -0.035452 0.181572 -0.279131 
1.633005 -0.950294 1.056267 0.328262 -0.276081 0.206768 -0.159997 -0.397118 -0.024165 -0.105274 -0.116514 -0.258968 -0.099124 0.201470 -0.311855 
1.463082 -0.888411 1.049010 0.281651 -0.276235 0.243971 -0.117216 -0.424139 -0.056015 -0.071367 -0.117832 -0.237193 -0.120662 0.188579 -0.308964 
1.409889 -0.918497 1.147495 0.190500 -0.318018 0.275942 -0.070260 -0.383308 -0.107346 -0.091758 -0.136440 -0.206633 -0.074736 0.082392 -0.298390 
1.868398 -0.946957 0.861979 -0.215164 -0.230320 0.164583 0.032680 -0.252073 -0.135805 -0.008909 -0.094066 -0.120507 0.114957 0.059038 -0.257004 
1.982196 -0.867007 0.721340 -0.683750 -0.080318 -0.011962 0.089879 0.110119 -0.202129 0.102134 -0.142074 -0.113891 0.144203 0.088121 -0.213449 
1.973518 -0.970605 0.624070 -0.815648 -0.115497 0.015435 0.054006 0.128287 -0.163749 0.072047 -0.069672 -0.149339 0.204943 0.064469 -0.191080 
1.984528 -1.038138 0.557696 -0.816983 -0.131724 0.006687 -0.000202 0.130773 -0.087086 -0.030622 -0.047964 -0.119369 0.197519 0.125946 -0.232523 
1.904245 -1.018616 0.508291 -0.828198 -0.166950 0.040841 -0.011992 0.146579 -0.113057 -0.037922 -0.029917 -0.113813 0.200529 0.141113 -0.212715 
1.982300 -0.997677 0.541634 -0.881466 -0.124287 0.037504 0.037581 0.109154 -0.112641 -0.052819 -0.031625 -0.139860 0.237409 0.096846 -0.141875 
1.923668 -0.887757 0.461792 -0.799554 -0.192483 0.056446 0.040903 0.095206 -0.106780 -0.041428 -0.044964 -0.131294 0.192081 0.140364 -0.166241 
1.988097 -0.909082 0.502416 -0.819549 -0.157904 0.063919 0.096868 0.104146 -0.148100 -0.000067 -0.060087 -0.106597 0.179632 0.113273 -0.173041 
1.881458 -0.846510 0.416287 -0.715368 -0.208827 0.136331 0.027059 0.074824 -0.093955 -0.065920 -0.047231 -0.135870 0.211651 0.083976 -0.099221 
1.965883 -0.967560 0.484337 -0.765011 -0.124364 0.138633 0.092695 0.068394 -0.151584 -0.053342 -0.057318 -0.053759 0.153202 0.143347 -0.175312 
1.909330 -0.930174 0.403315 -0.604228 -0.218268 0.234170 0.094020 -0.028342 -0.152512 -0.104092 -0.076829 -0.025639 0.184181 0.125034 -0.111309 
2.141052 -1.055092 0.500799 -0.599603 -0.157244 0.212131 0.106012 -0.090520 -0.175744 -0.101962 -0.134673 -0.008160 0.205497 0.098571 -0.088090 
2.045784 -0.958675 0.491487 -0.472542 -0.176029 0.202755 0.089411 -0.113713 -0.186480 -0.063821 -0.132757 0.006034 0.141368 0.111680 -0.147770 
2.003993 -0.961644 0.538130 -0.393801 -0.111841 0.193722 0.065275 -0.211043 -0.181173 -0.039081 -0.093970 0.058200 0.077870 0.034096 -0.103481 
1.998094 -1.086298 0.595799 -0.309627 -0.033453 0.224219 0.027019 -0.298760 -0.216732 -0.068693 -0.042372 0.050797 0.073662 -0.046592 -0.109219 
1.819804 -1.007139 0.672486 -0.239294 0.006722 0.218875 0.036809 -0.307619 -0.205896 -0.070183 -0.037665 0.059717 -0.006985 -0.033759 -0.153091 
1.616596 -0.990568 0.910891 0.072027 -0.140749 0.327189 -0.108654 -0.291593 -0.104664 -0.151915 -0.059577 -0.081130 -0.095093 0.012368 -0.206242 
1.437608 -1.004486 1.170434 0.119284 -0.091752 0.178616 -0.145697 -0.338837 -0.020261 -0.143469 -0.106593 -0.211047 -0.056252 0.016063 -0.155703 
1.230281 -0.884371 1.068393 0.234298 -0.123501 0.208624 -0.227547 -0.316578 -0.026428 -0.094188 -0.145511 -0.220856 -0.079613 0.072453 -0.168310 
1.316290 -1.051309 1.146812 0.205180 -0.170227 0.294427 -0.180088 -0.342705 -0.074141 -0.109067 -0.147816 -0.172466 -0.134554 0.040916 -0.213856 
1.082865 -0.961134 1.156340 0.191757 -0.086540 0.258007 -0.206118 -0.364456 -0.037582 -0.058966 -0.161384 -0.245531 -0.070439 -0.001177 -0.122750 
1.255163 -1.093596 1.287363 0.196748 -0.158837 0.251163 -0.129372 -0.335767 -0.043452 -0.126399 -0.152163 -0.207484 -0.078131 -0.006471 -0.218499 
1.121018 -1.004125 1.210750 0.230982 -0.109654 0.269775 -0.225345 -0.356583 -0.009422 -0.043487 -0.231479 -0.239413 -0.064586 0.055515 -0.257911 
1.175098 -0.958514 1.318467 0.143435 -0.026628 0.179410 -0.210040 -0.365812 0.053482 -0.011626 -0.332914 -0.202768 -0.002991 0.030953 -0.265351 
1.244824 -0.855571 1.204306 0.182040 -0.045919 0.214499 -0.217392 -0.421359 0.110305 -0.057150 -0.274450 -0.270788 0.044369 -0.003570 -0.228528 
1.204129 -0.738022 1.179151 0.212549 -0.038773 0.186199 -0.227574 -0.407172 0.133614 -0.044351 -0.344153 -0.219369 0.043984 0.003997 -0.260090 
1.176853 -0.690205 1.075635 0.337117 -0.084938 0.185627 -0.261438 -0.328751 0.102241 -0.059171 -0.370702 -0.188832 0.023971 0.019641 -0.311440 
1.192400 -0.625111 1.028971 0.399584 -0.086684 0.177917 -0.249075 -0.336032 0.110439 -0.058772 -0.375820 -0.212405 0.037418 0.002728 -0.299846 
1.236844 -0.491135 0.875681 0.294517 0.071911 0.206538 -0.219408 -0.428041 0.153448 -0.042242 -0.325367 -0.236965 0.004206 -0.061579 -0.133633 
0.976050 -0.311636 0.780120 0.081544 0.321618 -0.099721 -0.008469 -0.281220 -0.100754 -0.071744 -0.212742 -0.114109 -0.167342 0.011901 -0.168924 
0.889983 -0.326740 0.844556 0.011896 0.151220 -0.081943 0.121866 -0.134420 -0.167255 -0.152529 -0.226462 0.146787 -0.233282 -0.073222 -0.076442 
0.354711 -0.210129 1.033964 0.072380 0.141227 -0.131640 0.101644 -0.106656 -0.137412 -0.054131 -0.212063 0.084253 -0.177880 -0.066736 -0.042427 
0.107053 -0.170032 0.982385 -0.120612 0.286838 -0.323009 0.263433 -0.093373 0.016402 -0.059378 -0.085925 0.128719 -0.041352 -0.157582 0.130864 
0.031628 -0.226771 0.835899 -0.163200 0.321080 -0.168277 0.198507 -0.148848 0.019367 0.113021 -0.190051 0.101432 0.034157 -0.112260 0.046464 
0.153348 -0.275368 0.918194 -0.235996 0.083816 -0.184565 0.099840 -0.029320 -0.046090 -0.006787 -0.101465 0.155783 -0.097347 -0.040395 0.047242 
0.273099 -0.475252 1.316417 -0.129508 0.122457 -0.288232 0.037780 -0.102302 -0.193474 -0.123228 -0.136134 0.037800 -0.121436 -0.090623 0.062202 
0.593689 -0.733432 1.530908 -0.182284 0.036204 -0.227351 0.063455 -0.149685 -0.183782 -0.093970 -0.110585 0.017915 -0.153199 -0.004365 0.022869 
0.830787 -0.796596 1.598991 -0.204182 -0.071975 -0.059349 -0.106602 -0.055429 -0.248250 -0.106925 -0.075190 -0.043065 -0.112634 -0.034037 0.032184 
0.926095 -0.856996 1.675698 -0.251202 -0.069412 -0.000913 -0.134129 -0.040211 -0.229331 -0.141590 -0.017749 -0.066764 -0.156647 0.025375 0.001153 
0.925153 -0.812508 1.564204 -0.265207 -0.095275 0.098786 -0.157157 -0.038705 -0.211682 -0.171739 0.016562 -0.085604 -0.163843 0.030379 -0.008632 
0.798746 -0.710887 1.523815 -0.297882 -0.106575 0.132428 -0.203334 -0.017062 -0.265582 -0.178041 0.046373 -0.154359 -0.117755 -0.007741 0.043001 
0.888599 -0.824132 1.753742 -0.354042 -0.058922 0.038943 -0.210466 -0.019095 -0.248984 -0.178605 0.029359 -0.127589 -0.146777 0.056417 -0.013130 
0.633537 -0.557806 1.573131 -0.372065 -0.071461 0.146398 -0.242949 -0.020111 -0.264124 -0.204390 0.050016 -0.182220 -0.144682 0.052157 -0.026661 
0.878935 -0.655033 1.721890 -0.412791 -0.033817 0.083709 -0.220467 -0.019592 -0.254730 -0.177977 0.043074 -0.160245 -0.169202 0.127026 -0.100731 
0.856200 -0.563886 1.538675 -0.380643 -0.067302 0.177705 -0.178793 -0.045573 -0.235754 -0.213673 0.053767 -0.182605 -0.171354 0.087761 -0.076440 
0.909696 -0.560336 1.532333 -0.403874 -0.031403 0.189078 -0.162057 -0.042023 -0.231719 -0.252387 0.063044 -0.181708 -0.216658 0.119087 -0.117868 
0.775385 -0.547862 1.620079 -0.382129 0.060527 0.125916 -0.194410 -0.014537 -0.252551 -0.233785 0.041024 -0.189103 -0.235508 0.110259 -0.134987 
0.616594 -0.334285 1.549983 -0.387815 -0.051027 0.226576 -0.220560 -0.011706 -0.255058 -0.279703 0.056588 -0.205984 -0.270747 0.151152 -0.162011 
0.519632 -0.347386 1.556806 -0.325937 -0.053464 0.211993 -0.211837 0.017852 -0.263805 -0.289912 0.122717 -0.251802 -0.255711 0.160221 -0.168501 
0.414620 -0.375211 1.440210 -0.312708 -0.119729 0.172814 -0.273469 -0.036960 -0.288907 -0.309959 0.147175 -0.277021 -0.190435 0.176290 -0.142699 
0.190127 -0.032660 0.848809 0.217097 -0.085373 0.035465 -0.196490 -0.105029 -0.228900 -0.347187 0.173755 -0.321811 -0.248307 0.222588 -0.155969 
-0.029940 0.007449 0.650271 0.325114 -0.093182 0.020207 -0.205623 -0.076184 -0.134290 -0.234750 0.089188 -0.199721 -0.191320 0.229572 -0.184150 
-0.348935 -0.410937 0.294221 0.007261 0.021366 0.102402 -0.182572 -0.069788 0.122101 -0.067926 0.071837 -0.044908 -0.091794 0.190067 -0.163248 
